trade_date,open,close,high,low,volume,amount,amplitude,pct_change,change,turnover_rate
20210929,22.248,22.194,22.255,22.194,168876,4211771.0,0.27,-0.24,-0.054,0.0
20210930,22.212,22.181,22.212,22.181,161242,4010109.0,0.14,-0.06,-0.013,0.0
20211001,22.23,22.259,22.259,22.23,3920,97749.0,0.13,0.35,0.078,0.0
20211004,22.23,22.232,22.239,22.23,80641,2010376.0,0.04,-0.12,-0.027,0.0
20211005,22.203,22.168,22.203,22.168,2300,57217.0,0.16,-0.29,-0.064,0.0
20211006,22.185,22.19,22.194,22.168,3920,97503.0,0.12,0.1,0.022,0.0
20211007,22.159,22.114,22.159,22.114,21554,534975.0,0.2,-0.34,-0.076,0.0
20211008,22.105,22.057,22.105,22.057,2084,51563.0,0.22,-0.26,-0.057,0.0
20211011,22.047,22.02,22.047,22.02,1000,24715.0,0.12,-0.17,-0.037,0.0
20211012,22.115,22.115,22.115,22.115,2,49.0,0.0,0.43,0.095,0.0
20211013,22.221,22.209,22.221,22.203,20150,501535.0,0.08,0.43,0.094,0.0
20211014,22.248,22.268,22.268,22.248,518,12918.0,0.09,0.27,0.059,0.0
20211015,22.212,22.219,22.23,22.212,1700,42359.0,0.08,-0.22,-0.049,0.0
20211018,22.221,22.221,22.221,22.221,100,2491.0,0.0,0.01,0.002,0.0
20211020,22.105,22.105,22.105,22.105,209,5179.0,0.0,-0.52,-0.116,0.0
20211021,22.092,22.078,22.092,22.078,500,12382.0,0.06,-0.12,-0.027,0.0
20211022,22.125,22.137,22.137,22.114,3917,97105.0,0.1,0.27,0.059,0.0
20211025,22.162,22.158,22.162,22.158,752,18681.0,0.02,0.09,0.021,0.0
20211026,22.168,22.212,22.212,22.168,1001,24874.0,0.2,0.24,0.054,0.0
20211027,22.328,22.347,22.355,22.328,3142,78713.0,0.12,0.61,0.135,0.0
20211028,22.31,22.298,22.31,22.298,200,5001.0,0.05,-0.22,-0.049,0.0
20211029,22.248,22.296,22.296,22.248,250,6240.0,0.22,-0.01,-0.002,0.0
20211101,22.239,22.247,22.247,22.23,1143,28490.0,0.08,-0.22,-0.049,0.0
20211102,22.292,22.294,22.294,22.292,202,5047.0,0.01,0.21,0.047,0.0
20211103,22.318,22.244,22.318,22.244,1780,44423.0,0.33,-0.22,-0.05,0.0
20211104,22.337,22.337,22.364,22.337,1000,25058.0,0.12,0.42,0.093,0.0
20211105,22.444,22.44,22.453,22.44,599,15072.0,0.06,0.46,0.103,0.0
20211108,22.426,22.413,22.426,22.413,502,12620.0,0.06,-0.12,-0.027,0.0
20211109,22.48,22.462,22.48,22.462,350,8820.0,0.08,0.22,0.049,0.0
20211110,22.382,22.328,22.382,22.328,653,16383.0,0.24,-0.6,-0.134,0.0
20211111,22.363,22.309,22.363,22.309,100,2506.0,0.24,-0.09,-0.019,0.0
20211112,22.346,22.301,22.346,22.301,600,15024.0,0.2,-0.04,-0.008,0.0
20211115,22.309,22.248,22.309,22.248,272,6797.0,0.27,-0.24,-0.053,0.0
20211116,22.275,22.23,22.284,22.221,3583,89396.0,0.28,-0.08,-0.018,0.0
20211117,22.239,22.266,22.284,22.239,1102,27510.0,0.2,0.16,0.036,0.0
20211118,22.292,22.279,22.292,22.279,100,2498.0,0.06,0.06,0.013,0.0
20211119,22.328,22.319,22.328,22.319,501,12540.0,0.04,0.18,0.04,0.0
20211122,22.284,22.203,22.284,22.203,1772,44233.0,0.36,-0.52,-0.116,0.0
20211123,22.15,22.119,22.15,22.119,100,2482.0,0.14,-0.38,-0.084,0.0
20211126,22.212,22.217,22.217,22.203,500,12449.0,0.06,0.44,0.098,0.0
20211129,22.221,22.239,22.248,22.221,2100,52370.0,0.12,0.1,0.022,0.0
20211130,22.292,22.279,22.292,22.279,666,16643.0,0.06,0.18,0.04,0.0
20211201,22.292,22.298,22.319,22.292,1751,43799.0,0.12,0.09,0.019,0.0
20211202,22.336,22.34,22.34,22.336,522,13070.0,0.02,0.19,0.042,0.0
20211203,22.337,22.399,22.399,22.337,276012,6930647.0,0.28,0.26,0.059,0.0
20211206,22.425,22.364,22.425,22.36,250,6273.0,0.29,-0.16,-0.035,0.0
20211207,22.391,22.366,22.399,22.366,583,14637.0,0.15,0.01,0.002,0.0
20211208,22.346,22.315,22.346,22.315,854,21381.0,0.14,-0.23,-0.051,0.0
20211209,22.337,22.307,22.364,22.306,1852,46375.0,0.26,-0.04,-0.008,0.0
20211210,22.31,22.31,22.31,22.31,427,10679.0,0.0,0.01,0.003,0.0
20211213,22.337,22.373,22.373,22.337,200,5008.0,0.16,0.28,0.063,0.0
20211214,22.302,22.333,22.333,22.302,259,6475.0,0.14,-0.18,-0.04,0.0
20211215,22.284,22.31,22.319,22.284,780,19500.0,0.16,-0.1,-0.023,0.0
20211216,22.319,22.324,22.324,22.319,200,5004.0,0.02,0.06,0.014,0.0
20211217,22.337,22.346,22.373,22.337,1968,49319.0,0.16,0.1,0.022,0.0
20211220,22.355,22.301,22.355,22.301,100,2505.0,0.24,-0.2,-0.045,0.0
20211221,22.284,22.292,22.292,22.27,2000,49956.0,0.1,-0.04,-0.009,0.0
20211222,22.322,22.324,22.324,22.322,251,6280.0,0.01,0.14,0.032,0.0
20211223,22.311,22.319,22.337,22.292,46993,1175759.0,0.2,-0.02,-0.005,0.0
20211227,22.284,22.32,22.32,22.284,205,5120.0,0.16,0.0,0.001,0.0
20211228,22.343,22.348,22.348,22.343,406,10097.0,0.02,0.13,0.028,0.0
20211229,22.29,22.294,22.316,22.29,629,15618.0,0.12,-0.24,-0.054,0.0
20211231,22.365,22.361,22.365,22.361,394,9807.0,0.02,0.3,0.067,0.0
20220103,22.271,22.214,22.272,22.214,284,7040.0,0.26,-0.66,-0.147,0.0
20220104,22.209,22.183,22.209,22.182,352,8697.0,0.12,-0.14,-0.031,0.0
20220106,22.047,22.06,22.06,22.047,120,2944.0,0.06,-0.55,-0.123,0.0
20220107,22.073,22.024,22.073,22.02,120521,2954052.0,0.24,-0.16,-0.036,0.0
20220110,21.975,21.989,22.002,21.975,3730,91266.0,0.12,-0.16,-0.035,0.0
20220111,22.02,22.056,22.056,22.02,225,5514.0,0.16,0.3,0.067,0.0
20220112,22.092,22.051,22.092,22.051,100,2458.0,0.19,-0.02,-0.005,0.0
20220113,22.02,22.051,22.056,22.02,413,10134.0,0.16,0.0,0.0,0.0
20220114,21.991,21.988,21.991,21.988,3002,73482.0,0.01,-0.29,-0.063,0.0
20220118,21.921,21.847,21.921,21.847,200,4874.0,0.34,-0.64,-0.141,0.0
20220119,21.912,21.903,21.912,21.903,343,8364.0,0.04,0.26,0.056,0.0
20220120,21.939,21.908,21.939,21.894,749,18264.0,0.21,0.02,0.005,0.0
20220121,21.993,21.97,21.993,21.97,100,2447.0,0.1,0.28,0.062,0.0
20220124,21.957,21.942,21.957,21.942,200,4887.0,0.07,-0.13,-0.028,0.0
20220125,21.939,21.917,21.939,21.917,375,9157.0,0.1,-0.11,-0.025,0.0
20220126,21.921,21.822,21.921,21.822,157,3830.0,0.45,-0.43,-0.095,0.0
20220127,21.89,21.858,21.894,21.858,864,21054.0,0.16,0.16,0.036,0.0
20220128,21.84,21.896,21.896,21.84,359,8727.0,0.26,0.17,0.038,0.0
20220131,21.867,21.885,21.903,21.867,2676,65189.0,0.16,-0.05,-0.011,0.0
20220201,21.867,21.887,21.903,21.867,350,8523.0,0.16,0.01,0.002,0.0
20220202,21.926,21.916,21.966,21.916,2036,49745.0,0.23,0.13,0.029,0.0
20220203,21.813,21.836,21.84,21.813,25691,624525.0,0.12,-0.37,-0.08,0.0
20220204,21.768,21.741,21.768,21.741,18235,441786.0,0.12,-0.44,-0.095,0.0
20220207,21.741,21.741,21.741,21.741,102,2468.0,0.0,0.0,0.0,0.0
20220208,21.714,21.696,21.714,21.688,248,5990.0,0.12,-0.21,-0.045,0.0
20220209,21.741,21.714,21.741,21.714,300,7257.0,0.12,0.08,0.018,0.0
20220210,21.661,21.588,21.661,21.588,55374,1335037.0,0.34,-0.58,-0.126,0.0
20220211,21.634,21.66,21.66,21.634,1488,35831.0,0.12,0.33,0.072,0.0
20220214,21.571,21.607,21.607,21.571,1249,29992.0,0.17,-0.24,-0.053,0.0
20220215,21.589,21.571,21.589,21.571,482,11577.0,0.08,-0.17,-0.036,0.0
20220216,21.562,21.589,21.607,21.562,3337,80200.0,0.21,0.08,0.018,0.0
20220217,21.625,21.621,21.625,21.621,165,3971.0,0.02,0.15,0.032,0.0
20220218,21.678,21.666,21.678,21.666,105,2533.0,0.06,0.21,0.045,0.0
20220222,21.616,21.641,21.641,21.616,1601,38520.0,0.12,-0.12,-0.025,0.0
20220223,21.611,21.598,21.611,21.598,249,5987.0,0.06,-0.2,-0.043,0.0
20220224,21.58,21.58,21.598,21.571,3844,92320.0,0.13,-0.08,-0.018,0.0
20220225,21.603,21.607,21.616,21.603,1174,28234.0,0.06,0.13,0.027,0.0
20220228,21.654,21.731,21.732,21.654,674,16271.0,0.36,0.57,0.124,0.0
20220301,21.777,21.79,21.831,21.777,1186,28775.0,0.25,0.27,0.059,0.0
20220302,21.715,21.67,21.73,21.67,6051,146318.0,0.28,-0.55,-0.12,0.0
20220303,21.643,21.652,21.67,21.642,531,12799.0,0.13,-0.08,-0.018,0.0
20220304,21.715,21.715,21.715,21.715,500,12085.0,0.0,0.29,0.063,0.0
20220307,21.68,21.668,21.68,21.668,1341,32354.0,0.06,-0.22,-0.047,0.0
20220308,21.602,21.602,21.602,21.598,825,19836.0,0.02,-0.3,-0.066,0.0
20220309,21.586,21.553,21.586,21.553,466,11190.0,0.15,-0.23,-0.049,0.0
20220310,21.481,21.49,21.49,21.481,1442,34489.0,0.04,-0.29,-0.063,0.0
20220311,21.499,21.481,21.499,21.481,600,14358.0,0.08,-0.04,-0.009,0.0
20220314,21.409,21.351,21.409,21.351,18677,444736.0,0.27,-0.61,-0.13,0.0
20220315,21.372,21.351,21.373,21.351,1276,30350.0,0.1,0.0,0.0,0.0
20220316,21.364,21.382,21.382,21.337,927,22025.0,0.21,0.15,0.031,0.0
20220317,21.436,21.4,21.436,21.4,455,10852.0,0.17,0.08,0.018,0.0
20220318,21.44,21.44,21.44,21.44,32,763.0,0.0,0.19,0.04,0.0
20220321,21.337,21.306,21.337,21.306,279,6626.0,0.14,-0.63,-0.134,0.0
20220322,21.265,21.247,21.265,21.247,200,4733.0,0.08,-0.28,-0.059,0.0
20220324,21.274,21.305,21.31,21.274,6801,161219.0,0.17,0.27,0.058,0.0
20220325,21.211,21.211,21.211,21.211,9,212.0,0.0,-0.44,-0.094,0.0
20220328,21.247,21.238,21.247,21.238,100,2364.0,0.04,0.13,0.027,0.0
20220329,21.259,21.291,21.291,21.259,429,10137.0,0.15,0.25,0.053,0.0
20220330,21.313,21.322,21.322,21.313,1332,31555.0,0.04,0.15,0.031,0.0
20220331,21.385,21.351,21.394,21.349,5825,138495.0,0.21,0.14,0.029,0.0
20220401,21.215,21.348,21.376,21.215,5457,129180.0,0.75,-0.01,-0.003,0.0
20220404,21.35,21.366,21.366,21.349,270,6407.0,0.08,0.08,0.018,0.0
20220405,21.259,21.188,21.259,21.188,2474,58369.0,0.33,-0.83,-0.178,0.0
20220406,21.107,21.125,21.125,21.107,300,7038.0,0.08,-0.3,-0.063,0.0
20220408,20.999,20.986,21.017,20.986,355,8289.0,0.15,-0.66,-0.139,0.0
20220411,20.908,20.869,20.908,20.869,555,12897.0,0.19,-0.56,-0.117,0.0
20220412,20.936,20.915,20.954,20.915,6704,156025.0,0.19,0.22,0.046,0.0
20220413,20.963,20.958,20.972,20.958,1390,32398.0,0.07,0.21,0.043,0.0
20220414,20.855,20.839,20.855,20.839,100,2318.0,0.08,-0.57,-0.119,0.0
20220418,20.81,20.81,20.81,20.81,222,5134.0,0.0,-0.14,-0.029,0.0
20220419,20.774,20.739,20.774,20.739,200,4617.0,0.17,-0.34,-0.071,0.0
20220420,20.792,20.826,20.855,20.792,661,15300.0,0.3,0.42,0.087,0.0
20220422,20.72,20.687,20.72,20.684,3267,75130.0,0.17,-0.67,-0.139,0.0
20220425,20.756,20.81,20.81,20.756,4944,114215.0,0.26,0.59,0.123,0.0
20220426,20.828,20.796,20.828,20.796,400,9259.0,0.15,-0.07,-0.014,0.0
20220427,20.748,20.723,20.748,20.723,508,11714.0,0.12,-0.35,-0.073,0.0
20220429,20.702,20.6,20.702,20.6,678,15579.0,0.49,-0.59,-0.123,0.0
20220502,20.558,20.526,20.567,20.521,3824,87329.0,0.22,-0.36,-0.074,0.0
20220503,20.621,20.574,20.621,20.574,2022,46274.0,0.23,0.23,0.048,0.0
20220504,20.54,20.671,20.671,20.531,4353,99467.0,0.68,0.47,0.097,0.0
20220505,20.454,20.483,20.483,20.454,2099,47719.0,0.14,-0.91,-0.188,0.0
20220506,20.405,20.391,20.405,20.391,100,2268.0,0.07,-0.45,-0.092,0.0
20220509,20.369,20.373,20.378,20.369,22180,502280.0,0.04,-0.09,-0.018,0.0
20220510,20.486,20.434,20.486,20.434,250,5692.0,0.26,0.3,0.061,0.0
20220512,20.531,20.504,20.54,20.504,8722,198935.0,0.18,0.34,0.07,0.0
20220513,20.486,20.454,20.504,20.454,1199,27295.0,0.24,-0.24,-0.05,0.0
20220516,20.495,20.472,20.495,20.472,2200,50095.0,0.11,0.09,0.018,0.0
20220517,20.396,20.409,20.432,20.396,15552,352820.0,0.18,-0.31,-0.063,0.0
20220518,20.405,20.423,20.423,20.405,100,2268.0,0.09,0.07,0.014,0.0
20220519,20.468,20.463,20.522,20.463,6800,155053.0,0.29,0.2,0.04,0.0
20220520,19.163,20.517,20.522,19.163,2391,53344.0,6.64,0.26,0.054,0.0
20220523,20.522,20.481,20.522,20.481,6199,141325.0,0.2,-0.18,-0.036,0.0
20220524,20.586,20.585,20.586,20.585,834,19083.0,0.0,0.51,0.104,0.0
20220525,20.648,20.666,20.675,20.648,7814,179517.0,0.13,0.39,0.081,0.0
20220526,20.711,20.712,20.729,20.68,26592,611993.0,0.24,0.22,0.046,0.0
20220527,20.774,20.751,20.783,20.747,900,20772.0,0.17,0.19,0.039,0.0
20220531,20.614,20.598,20.621,20.598,350,8020.0,0.11,-0.74,-0.153,0.0
20220601,20.589,20.585,20.589,20.585,150,3432.0,0.02,-0.06,-0.013,0.0
20220602,20.612,20.603,20.612,20.585,4500,103023.0,0.13,0.09,0.018,0.0
20220603,20.553,20.554,20.554,20.553,322,7356.0,0.0,-0.24,-0.049,0.0
20220606,20.468,20.459,20.468,20.432,16228,368569.0,0.18,-0.46,-0.095,0.0
20220607,20.531,20.517,20.531,20.508,874,19940.0,0.11,0.28,0.058,0.0
20220608,20.47,20.436,20.477,20.436,2232,50761.0,0.2,-0.39,-0.081,0.0
20220609,20.432,20.418,20.432,20.418,1245,28273.0,0.07,-0.09,-0.018,0.0
20220610,20.36,20.292,20.378,20.292,1208,27342.0,0.42,-0.62,-0.126,0.0
20220613,20.063,20.01,20.063,20.01,120,2676.0,0.26,-1.39,-0.282,0.0
20220614,19.973,19.923,19.973,19.923,200,4437.0,0.25,-0.43,-0.087,0.0
20220615,20.027,20.098,20.098,20.022,2061,45880.0,0.38,0.88,0.175,0.0
20220616,19.982,20.067,20.067,19.982,799,17745.0,0.42,-0.15,-0.031,0.0
20220617,20.103,20.103,20.103,20.103,5,111.0,0.0,0.18,0.036,0.0
20220621,20.043,20.014,20.043,20.009,721,16041.0,0.17,-0.44,-0.089,0.0
20220622,20.162,20.139,20.162,20.139,400,8963.0,0.11,0.62,0.125,0.0
20220623,20.27,20.211,20.27,20.211,500,11260.0,0.29,0.36,0.072,0.0
20220624,20.216,20.202,20.216,20.202,200,4493.0,0.07,-0.04,-0.009,0.0
20220627,20.108,20.105,20.108,20.099,1568,35031.0,0.04,-0.48,-0.097,0.0
20220628,20.096,20.091,20.096,20.083,435,9693.0,0.06,-0.07,-0.014,0.0
20220629,20.159,20.168,20.168,20.15,2455,54891.0,0.09,0.38,0.077,0.0
20220630,20.234,20.234,20.234,20.234,2,44.0,0.0,0.33,0.066,0.0
20220701,20.362,20.353,20.362,20.33,22900,516407.0,0.16,0.59,0.119,0.0
20220705,20.348,20.357,20.411,20.348,206783,4671059.0,0.31,0.02,0.004,0.0
20220706,20.267,20.259,20.267,20.249,651,14628.0,0.09,-0.48,-0.098,0.0
20220707,20.244,20.244,20.244,20.244,175,3929.0,0.0,-0.07,-0.015,0.0
20220708,20.204,20.195,20.204,20.195,4760,106671.0,0.04,-0.24,-0.049,0.0
20220711,20.276,20.242,20.276,20.231,5209,116987.0,0.22,0.23,0.047,0.0
20220712,20.312,20.267,20.312,20.267,209,4708.0,0.22,0.12,0.025,0.0
20220713,20.168,20.312,20.312,20.168,275,6151.0,0.71,0.22,0.045,0.0
20220714,20.24,20.267,20.267,20.231,1228,27566.0,0.18,-0.22,-0.045,0.0
20220715,20.348,20.326,20.348,20.326,148,3340.0,0.11,0.29,0.059,0.0
20220718,20.276,20.276,20.276,20.276,35,787.0,0.0,-0.25,-0.05,0.0
20220719,20.298,20.298,20.298,20.298,84,1891.0,0.0,0.11,0.022,0.0
20220720,20.294,20.309,20.309,20.294,378,8508.0,0.07,0.05,0.011,0.0
20220721,20.375,20.398,20.398,20.357,553,12495.0,0.2,0.44,0.089,0.0
20220722,20.537,20.513,20.555,20.513,19315,440298.0,0.21,0.56,0.115,0.0
20220725,20.481,20.488,20.51,20.465,7753,176167.0,0.22,-0.12,-0.025,0.0
20220726,20.492,20.474,20.492,20.474,138,3136.0,0.09,-0.07,-0.014,0.0
20220727,20.546,20.528,20.582,20.519,1609,36671.0,0.31,0.26,0.054,0.0
20220728,20.664,20.65,20.673,20.646,4117,94376.0,0.13,0.59,0.122,0.0
20220729,20.709,20.683,20.709,20.673,775,17779.0,0.17,0.16,0.033,0.0
20220801,20.761,20.749,20.772,20.736,12354,284331.0,0.17,0.32,0.066,0.0
20220802,20.781,20.564,20.781,20.564,11190,256716.0,1.05,-0.89,-0.185,0.0
20220803,20.564,20.677,20.677,20.564,3889,89057.0,0.55,0.55,0.113,0.0
20220804,20.709,20.704,20.735,20.689,6786,155802.0,0.22,0.13,0.027,0.0
20220805,20.501,20.537,20.555,20.501,586,13349.0,0.26,-0.81,-0.167,0.0
20220808,20.655,20.623,20.655,20.623,5082,116340.0,0.16,0.42,0.086,0.0
20220809,20.799,20.546,20.799,20.546,4357,99589.0,1.23,-0.37,-0.077,0.0
20220810,20.7,20.643,20.7,20.643,1118,25620.0,0.28,0.47,0.097,0.0
20220811,20.745,20.537,20.745,20.537,6497,148295.0,1.01,-0.51,-0.106,0.0
20220812,20.555,20.623,20.623,20.555,207,4719.0,0.33,0.42,0.086,0.0
20220815,20.682,20.659,20.682,20.648,406,9302.0,0.16,0.17,0.036,0.0
20220816,20.555,20.596,20.609,20.537,2244,51229.0,0.35,-0.3,-0.063,0.0
20220817,20.491,20.47,20.492,20.46,2155,48955.0,0.16,-0.61,-0.126,0.0
20220818,20.546,20.488,20.546,20.488,461,10487.0,0.28,0.09,0.018,0.0
20220819,20.321,20.337,20.337,20.321,672,15146.0,0.08,-0.74,-0.151,0.0
20220822,20.245,20.226,20.245,20.226,1849,41493.0,0.09,-0.55,-0.111,0.0
20220823,20.253,20.253,20.253,20.253,238,5346.0,0.0,0.13,0.027,0.0
20220824,20.222,20.199,20.24,20.199,991,22231.0,0.2,-0.27,-0.054,0.0
20220825,20.339,20.33,20.339,20.33,263,5933.0,0.04,0.65,0.131,0.0
20220826,20.235,20.235,20.235,20.235,128,2872.0,0.0,-0.47,-0.095,0.0
20220829,20.132,20.145,20.145,20.132,15793,352657.0,0.06,-0.44,-0.09,0.0
20220830,20.204,20.127,20.204,20.127,201,4504.0,0.38,-0.09,-0.018,0.0
20220831,20.033,20.019,20.087,20.019,7767,172770.0,0.34,-0.54,-0.108,0.0
20220901,19.87,19.938,19.938,19.87,5308,117045.0,0.34,-0.4,-0.081,0.0
20220902,20.023,19.992,20.023,19.987,5526,122674.0,0.18,0.27,0.054,0.0
20220906,19.83,19.828,19.83,19.828,218,4794.0,0.01,-0.82,-0.164,0.0
20220907,19.914,19.974,19.974,19.914,471,10409.0,0.3,0.74,0.146,0.0
20220908,19.98,19.93,19.98,19.93,745,16510.0,0.25,-0.22,-0.044,0.0
20220909,19.969,19.96,19.978,19.96,2012,44582.0,0.09,0.15,0.03,0.0
20220912,20.013,19.956,20.013,19.956,8616,191191.0,0.29,-0.02,-0.004,0.0
20220913,19.942,19.812,19.942,19.812,731,16140.0,0.65,-0.72,-0.144,0.0
20220914,19.843,19.843,19.843,19.843,2,44.0,0.0,0.16,0.031,0.0
20220915,19.78,19.785,19.789,19.78,10517,230744.0,0.05,-0.29,-0.058,0.0
20220916,19.726,19.735,19.735,19.708,1006,22007.0,0.14,-0.25,-0.05,0.0
20220919,19.699,19.726,19.751,19.699,2944,64407.0,0.26,-0.05,-0.009,0.0
20220920,19.635,19.628,19.654,19.582,10932,237568.0,0.37,-0.5,-0.098,0.0
20220921,19.673,19.673,19.673,19.673,167,3644.0,0.0,0.23,0.045,0.0
20220922,19.474,19.492,19.537,19.465,1470,31760.0,0.37,-0.92,-0.181,0.0
20220923,19.465,19.451,19.465,19.451,141,3044.0,0.07,-0.21,-0.041,0.0
20220926,19.365,19.262,19.365,19.262,6601,141521.0,0.53,-0.97,-0.189,0.0
20220927,19.221,19.163,19.221,19.163,1049,22345.0,0.3,-0.51,-0.099,0.0
20220928,19.276,19.384,19.384,19.239,12346,263230.0,0.76,1.15,0.221,0.0
20220929,19.298,19.298,19.298,19.298,43,917.0,0.0,-0.44,-0.086,0.0
20220930,19.276,19.289,19.289,19.276,168,3580.0,0.07,-0.05,-0.009,0.0
20221003,19.371,19.366,19.42,19.366,4547,97426.0,0.28,0.4,0.077,0.0
20221004,19.484,19.466,19.484,19.466,291,6268.0,0.09,0.52,0.1,0.0
20221005,19.357,19.38,19.38,19.303,3158,67534.0,0.4,-0.44,-0.086,0.0
20221006,19.339,19.334,19.339,19.334,482,10305.0,0.03,-0.24,-0.046,0.0
20221007,19.23,19.262,19.262,19.23,111,2359.0,0.17,-0.37,-0.072,0.0
20221010,19.185,19.14,19.185,19.122,3337,70595.0,0.33,-0.63,-0.122,0.0
20221011,19.203,19.152,19.203,19.149,1783,37821.0,0.28,0.06,0.012,0.0
20221012,19.176,19.181,19.181,19.176,106,2247.0,0.03,0.15,0.029,0.0
20221013,19.095,19.131,19.167,18.882,3870,81819.0,1.49,-0.26,-0.05,0.0
20221014,19.221,19.07,19.221,19.059,2083,44053.0,0.85,-0.32,-0.061,0.0
20221017,19.197,19.118,19.197,19.118,804,17063.0,0.41,0.25,0.048,0.0
20221018,19.149,19.132,19.149,19.087,3458,73071.0,0.32,0.07,0.014,0.0
20221019,19.04,19.027,19.04,19.004,862,18119.0,0.19,-0.55,-0.105,0.0
20221020,18.941,18.923,18.941,18.923,5229,109478.0,0.09,-0.55,-0.104,0.0
20221021,18.86,18.923,18.968,18.86,3228,67593.0,0.57,0.0,0.0,0.0
20221024,18.887,18.889,18.959,18.887,2135,44723.0,0.38,-0.18,-0.034,0.0
20221025,19.031,19.059,19.068,19.022,2216,46640.0,0.24,0.9,0.17,0.0
20221026,19.14,19.127,19.14,19.104,3622,76615.0,0.19,0.36,0.068,0.0
20221027,19.203,19.225,19.239,19.203,3849,81752.0,0.19,0.51,0.098,0.0
20221028,19.192,19.198,19.203,19.192,485,10292.0,0.06,-0.14,-0.027,0.0
20221031,19.131,19.104,19.144,19.077,3197,67467.0,0.35,-0.49,-0.094,0.0
20221101,19.176,19.182,19.182,19.176,735,15582.0,0.03,0.41,0.078,0.0
20221102,19.194,19.131,19.258,19.122,9163,194824.0,0.71,-0.27,-0.051,0.0
20221103,19.077,19.082,19.086,19.077,1169,24659.0,0.05,-0.26,-0.049,0.0
20221104,19.081,19.079,19.086,19.068,852,17969.0,0.09,-0.02,-0.003,0.0
20221107,19.059,19.024,19.059,19.022,4213,88725.0,0.19,-0.29,-0.055,0.0
20221108,19.108,19.103,19.13,19.103,944,19960.0,0.14,0.42,0.079,0.0
20221109,19.131,19.045,19.131,19.045,278,5879.0,0.45,-0.3,-0.058,0.0
20221110,19.185,19.429,19.429,19.185,1407,30119.0,1.28,2.02,0.384,0.0
20221111,19.384,19.434,19.434,19.384,1924,41254.0,0.26,0.03,0.005,0.0
20221114,19.384,19.358,19.384,19.357,6823,146187.0,0.14,-0.39,-0.076,0.0
20221115,19.457,19.493,19.493,19.447,2759,59359.0,0.24,0.7,0.135,0.0
20221116,19.71,19.588,19.71,19.564,6624,143410.0,0.75,0.49,0.095,0.0
20221117,19.475,19.519,19.519,19.475,2628,56596.0,0.22,-0.35,-0.069,0.0
20221118,19.502,19.488,19.502,19.488,1004,21634.0,0.07,-0.16,-0.031,0.0
20221121,19.493,19.506,19.529,19.493,2323,50115.0,0.18,0.09,0.018,0.0
20221122,19.601,19.606,19.606,19.601,364,7887.0,0.03,0.51,0.1,0.0
20221123,19.719,19.714,19.728,19.665,7399,161189.0,0.32,0.55,0.108,0.0
20221125,19.719,19.705,19.728,19.705,950,20713.0,0.12,-0.05,-0.009,0.0
20221128,19.692,19.674,19.719,19.665,8085,175909.0,0.27,-0.16,-0.031,0.0
20221129,19.633,19.642,19.653,19.633,931,20224.0,0.1,-0.16,-0.032,0.0
20221130,19.772,19.772,19.772,19.772,39,852.0,0.0,0.66,0.13,0.0
20221201,19.856,19.944,19.944,19.856,1903,41851.0,0.45,0.87,0.172,0.0
20221202,19.837,19.983,19.983,19.837,3357,73757.0,0.73,0.2,0.039,0.0
20221205,19.85,19.832,19.85,19.832,1825,40042.0,0.09,-0.76,-0.151,0.0
20221206,19.877,19.859,19.877,19.859,3227,70896.0,0.09,0.14,0.027,0.0
20221207,20.006,20.026,20.026,20.006,962,21290.0,0.1,0.84,0.167,0.0
20221208,19.99,19.995,20.026,19.972,8786,194107.0,0.27,-0.15,-0.031,0.0
20221209,19.882,19.882,19.882,19.882,9,197.0,0.0,-0.57,-0.113,0.0
20221212,19.9,19.905,19.909,19.9,379,8340.0,0.05,0.12,0.023,0.0
20221213,20.153,20.015,20.153,20.015,550,12228.0,0.69,0.55,0.11,0.0
20221214,20.061,20.03,20.061,19.963,999,22141.0,0.49,0.07,0.015,0.0
20221215,20.026,20.004,20.035,20.004,3264,72254.0,0.15,-0.13,-0.026,0.0
20221216,19.945,19.935,19.954,19.935,3182,70172.0,0.09,-0.34,-0.069,0.0
20221219,19.891,19.823,19.891,19.818,9134,200240.0,0.37,-0.56,-0.112,0.0
20221220,19.674,19.696,19.719,19.674,2666,58031.0,0.23,-0.64,-0.127,0.0
20221221,19.784,19.782,19.809,19.782,1772,38779.0,0.14,0.44,0.086,0.0
20221222,19.755,19.743,19.755,19.743,220,4804.0,0.06,-0.2,-0.039,0.0
20221223,19.674,19.682,19.692,19.665,3289,71532.0,0.14,-0.31,-0.061,0.0
20221227,19.583,19.542,19.583,19.542,1132,24500.0,0.21,-0.71,-0.14,0.0
20221228,19.583,19.473,19.583,19.464,2903,61842.0,0.61,-0.35,-0.069,0.0
20221229,19.574,19.574,19.574,19.574,302,6459.0,0.0,0.52,0.101,0.0
20221230,19.482,19.496,19.496,19.482,32280,687247.0,0.07,-0.4,-0.078,0.0
20230103,19.684,19.619,19.684,19.611,47024,1008306.0,0.37,0.63,0.123,0.0
20230104,19.72,19.734,19.748,19.707,5104,110046.0,0.21,0.59,0.115,0.0
20230105,19.729,19.716,19.739,19.716,8052,173628.0,0.12,-0.09,-0.018,0.0
20230106,19.821,19.945,19.945,19.821,162,3508.0,0.63,1.16,0.229,0.0
20230109,19.931,19.981,20.013,19.922,4863,105964.0,0.46,0.18,0.036,0.0
20230110,19.867,19.89,19.89,19.867,364,7902.0,0.12,-0.46,-0.091,0.0
20230111,19.99,20.018,20.018,19.958,1630,35573.0,0.3,0.64,0.128,0.0
20230112,20.121,20.19,20.19,20.121,434,9542.0,0.34,0.86,0.172,0.0
20230113,20.187,20.128,20.192,20.128,4983,109910.0,0.32,-0.31,-0.062,0.0
20230117,20.077,20.1,20.118,20.077,5622,123469.0,0.2,-0.14,-0.028,0.0
20230118,20.315,20.283,20.324,20.249,7110,157737.0,0.37,0.91,0.183,0.0
20230119,20.224,20.237,20.26,20.224,2408,53293.0,0.18,-0.23,-0.046,0.0
20230120,20.169,20.146,20.169,20.121,608,13379.0,0.24,-0.45,-0.091,0.0
20230123,20.132,20.109,20.132,20.086,53362,1171949.0,0.23,-0.18,-0.037,0.0
20230124,20.187,20.21,20.233,20.187,44328,978289.0,0.23,0.5,0.101,0.0
20230125,20.233,20.224,20.233,20.205,3963,87512.0,0.14,0.07,0.014,0.0
20230126,20.205,20.21,20.233,20.205,9100,200934.0,0.14,-0.07,-0.014,0.0
20230127,20.178,20.187,20.196,20.141,2828,62299.0,0.27,-0.11,-0.023,0.0
20230130,20.119,20.096,20.123,20.096,1738,38200.0,0.13,-0.45,-0.091,0.0
20230131,20.031,20.191,20.196,20.031,3872,85124.0,0.82,0.47,0.095,0.0
20230201,20.215,20.375,20.379,20.16,13260,294381.0,1.08,0.91,0.184,0.0
20230202,20.388,20.393,20.462,19.702,160865,3561153.0,3.73,0.09,0.018,0.0
20230203,20.215,20.219,20.251,20.215,8106,179242.0,0.18,-0.85,-0.174,0.0
20230206,20.096,20.082,20.114,20.077,3563,78298.0,0.18,-0.68,-0.137,0.0
20230207,20.066,20.073,20.089,20.05,2597,56954.0,0.19,-0.04,-0.009,0.0
20230208,20.041,20.064,20.064,19.775,2175,47527.0,1.44,-0.04,-0.009,0.0
20230209,19.981,19.981,19.981,19.981,116,2532.0,0.0,-0.41,-0.083,0.0
20230210,19.967,19.882,19.967,19.882,649,14152.0,0.43,-0.5,-0.099,0.0
20230213,19.927,19.927,19.927,19.927,1,21.0,0.0,0.23,0.045,0.0
20230214,19.931,19.907,19.94,19.839,121122,2631951.0,0.51,-0.1,-0.02,0.0
20230215,19.848,19.842,19.858,19.821,5852,126813.0,0.19,-0.33,-0.065,0.0
20230216,19.784,19.752,19.784,19.752,398,8604.0,0.16,-0.45,-0.09,0.0
20230217,19.752,19.798,19.802,19.752,659,14249.0,0.25,0.23,0.046,0.0
20230221,19.702,19.591,19.702,19.583,101218,2166276.0,0.6,-1.05,-0.207,0.0
20230223,19.702,19.78,19.78,19.693,320729,6923744.0,0.44,0.96,0.189,0.0
20230224,19.684,19.676,19.684,19.638,707,15182.0,0.23,-0.53,-0.104,0.0
20230227,19.711,19.711,19.711,19.711,185,3984.0,0.0,0.18,0.035,0.0
20230228,19.711,19.707,19.728,19.707,568,12241.0,0.11,-0.02,-0.004,0.0
20230301,19.656,19.611,19.656,19.592,13030,279393.0,0.32,-0.49,-0.096,0.0
20230302,19.556,19.565,19.565,19.537,17299,369359.0,0.14,-0.23,-0.046,0.0
20230303,19.684,19.728,19.728,19.684,3583,77086.0,0.22,0.83,0.163,0.0
20230306,19.748,19.684,19.748,19.684,2171,46849.0,0.32,-0.22,-0.044,0.0
20230307,18.101,19.652,19.707,18.101,500,10320.0,8.16,-0.16,-0.032,0.0
20230308,19.692,19.629,19.692,19.629,697,14998.0,0.32,-0.12,-0.023,0.0
20230309,19.693,19.633,19.693,19.633,315,6778.0,0.31,0.02,0.004,0.0
20230310,19.786,19.807,19.848,19.786,3491,75586.0,0.32,0.89,0.174,0.0
20230313,19.94,19.835,19.94,19.835,1155,25102.0,0.53,0.14,0.028,0.0
20230314,19.811,19.784,19.826,19.784,4366,94530.0,0.21,-0.26,-0.051,0.0
20230315,19.876,19.873,19.894,19.873,605,13144.0,0.11,0.45,0.089,0.0
20230316,19.903,19.847,19.903,19.784,1241,26876.0,0.6,-0.13,-0.026,0.0
20230317,19.894,19.922,19.922,19.894,386,8397.0,0.14,0.38,0.075,0.0
20230320,19.891,19.857,19.899,19.857,1079,23458.0,0.21,-0.33,-0.065,0.0
20230321,19.83,19.869,19.876,19.83,464,10071.0,0.23,0.06,0.012,0.0
20230322,19.885,19.97,19.995,19.885,1720,37414.0,0.55,0.51,0.101,0.0
20230323,20.004,19.989,20.022,19.989,11884,259895.0,0.17,0.1,0.019,0.0
20230324,19.986,20.004,20.004,19.986,434,9478.0,0.09,0.08,0.015,0.0
20230327,19.958,19.867,19.958,19.867,100,2180.0,0.45,-0.68,-0.137,0.0
20230328,19.813,19.851,19.867,19.813,387,8386.0,0.27,-0.08,-0.016,0.0
20230329,19.854,19.905,19.936,19.854,3665,79405.0,0.41,0.27,0.054,0.0
20230330,20.01,19.954,20.01,19.946,5594,121424.0,0.32,0.25,0.049,0.0
20230331,19.973,20.071,20.074,19.973,3715,81109.0,0.51,0.59,0.117,0.0
20230403,20.129,20.114,20.157,20.093,17422,381221.0,0.32,0.21,0.043,0.0
20230404,20.093,20.148,20.175,20.093,137139,2999047.0,0.41,0.17,0.034,0.0
20230405,20.203,20.171,20.203,20.171,1819,39981.0,0.16,0.11,0.023,0.0
20230406,20.166,20.189,20.197,20.166,590,12957.0,0.15,0.09,0.018,0.0
20230410,20.038,20.083,20.083,20.038,1102,24054.0,0.22,-0.53,-0.106,0.0
20230411,20.088,20.102,20.102,20.083,1953,42676.0,0.09,0.09,0.019,0.0
20230412,20.074,20.102,20.129,20.074,4154,90909.0,0.27,0.0,0.0,0.0
20230413,20.148,20.102,20.148,20.102,825,18058.0,0.23,0.0,0.0,0.0
20230414,20.019,20.033,20.033,20.002,441,9600.0,0.15,-0.34,-0.069,0.0
20230417,19.982,19.959,19.982,19.927,18796,408571.0,0.27,-0.37,-0.074,0.0
20230418,19.973,19.982,19.982,19.955,1663,36121.0,0.14,0.12,0.023,0.0
20230419,19.973,19.955,19.973,19.955,7253,157466.0,0.09,-0.14,-0.027,0.0
20230420,20.019,20.005,20.019,20.005,873,19013.0,0.07,0.25,0.05,0.0
20230421,20.065,19.995,20.065,19.973,4236,92224.0,0.46,-0.05,-0.01,0.0
20230424,20.047,20.047,20.047,20.047,1298,28310.0,0.0,0.26,0.052,0.0
20230425,20.148,20.12,20.148,20.111,9062,198459.0,0.18,0.36,0.073,0.0
20230426,20.111,20.057,20.12,20.047,8878,194143.0,0.36,-0.31,-0.063,0.0
20230427,20.019,20.024,20.038,20.019,670,14597.0,0.09,-0.16,-0.033,0.0
20230428,20.12,20.143,20.148,20.111,106881,2340864.0,0.18,0.59,0.119,0.0
20230501,20.024,19.976,20.024,19.976,6593,143469.0,0.24,-0.83,-0.167,0.0
20230502,20.083,20.111,20.129,20.074,15409,336947.0,0.28,0.68,0.135,0.0
20230503,20.157,20.152,20.175,20.132,2149,47159.0,0.21,0.2,0.041,0.0
20230504,20.106,20.112,20.156,20.106,1066,23365.0,0.25,-0.2,-0.04,0.0
20230505,20.065,20.083,20.085,20.047,2940,64133.0,0.19,-0.14,-0.029,0.0
20230508,20.007,20.01,20.01,20.007,272,5920.0,0.01,-0.36,-0.073,0.0
20230509,19.982,19.987,20.019,19.982,20207,439368.0,0.18,-0.11,-0.023,0.0
20230510,20.053,20.074,20.074,20.053,796,17378.0,0.11,0.44,0.087,0.0
20230511,20.139,20.134,20.146,20.134,1361,29817.0,0.06,0.3,0.06,0.0
20230512,20.061,20.058,20.061,20.058,482,10519.0,0.01,-0.38,-0.076,0.0
20230515,20.013,20.001,20.013,20.001,8964,195174.0,0.06,-0.28,-0.057,0.0
20230516,19.964,19.95,19.964,19.918,11142,241659.0,0.23,-0.25,-0.051,0.0
20230517,19.964,19.947,19.964,19.946,1222,26532.0,0.09,-0.02,-0.003,0.0
20230518,19.882,19.881,19.882,19.872,1599,34580.0,0.05,-0.33,-0.066,0.0
20230519,19.858,19.858,19.858,19.858,252,5444.0,0.0,-0.12,-0.023,0.0
20230522,19.866,19.854,19.866,19.854,3360,72621.0,0.06,-0.02,-0.004,0.0
20230523,19.854,19.854,19.854,19.854,126,2721.0,0.0,0.0,0.0,0.0
20230524,19.835,19.82,19.835,19.82,1153,24870.0,0.08,-0.17,-0.034,0.0
20230525,19.764,19.764,19.764,19.764,72,1548.0,0.0,-0.28,-0.056,0.0
20230526,19.725,19.783,19.799,19.725,282147,6063365.0,0.37,0.1,0.019,0.0
20230530,19.789,19.887,19.887,19.789,10002,216196.0,0.5,0.53,0.104,0.0
20230531,19.909,19.945,19.945,19.909,274,5934.0,0.18,0.29,0.058,0.0
20230601,19.992,20.01,20.01,19.966,85514,1860766.0,0.22,0.33,0.065,0.0
20230602,19.982,19.982,19.992,19.964,71868,1562284.0,0.14,-0.14,-0.028,0.0
20230605,19.946,19.968,20.001,19.946,2224,48336.0,0.28,-0.07,-0.014,0.0
20230606,19.939,19.982,19.982,19.927,2634,57187.0,0.28,0.07,0.014,0.0
20230607,19.973,19.89,19.973,19.89,676,14649.0,0.42,-0.46,-0.092,0.0
20230608,19.935,19.973,19.991,19.932,12314,267196.0,0.3,0.42,0.083,0.0
20230609,19.973,19.973,20.001,19.955,17743,385841.0,0.23,0.0,0.0,0.0
20230612,19.973,19.996,19.996,19.943,740,16062.0,0.27,0.12,0.023,0.0
20230613,19.98,19.924,19.98,19.909,1589,34499.0,0.36,-0.36,-0.072,0.0
20230614,20.074,19.971,20.074,19.956,7627,166013.0,0.59,0.24,0.047,0.0
20230615,20.047,20.05,20.05,20.013,4789,104285.0,0.19,0.4,0.079,0.0
20230616,19.992,20.01,20.028,19.992,10516,228960.0,0.18,-0.2,-0.04,0.0
20230620,20.056,20.051,20.07,20.051,116627,2544810.0,0.09,0.2,0.041,0.0
20230621,19.909,20.07,20.07,19.909,10038,218591.0,0.8,0.09,0.019,0.0
20230622,20.0,19.987,20.009,19.982,4177,90847.0,0.13,-0.41,-0.083,0.0
20230623,20.038,20.051,20.051,20.038,2069,45104.0,0.07,0.32,0.064,0.0
20230626,20.102,20.083,20.102,20.083,204,4459.0,0.09,0.16,0.032,0.0
20230627,20.083,20.051,20.083,20.049,1524,33287.0,0.17,-0.16,-0.032,0.0
20230628,20.102,20.103,20.113,20.102,3277,71289.0,0.05,0.26,0.052,0.0
20230629,19.882,19.979,19.979,19.882,1290,27795.0,0.48,-0.62,-0.124,0.0
20230630,20.057,20.069,20.069,20.048,5866,127285.0,0.11,0.45,0.09,0.0
20230703,20.029,20.016,20.076,20.016,15357,332822.0,0.3,-0.26,-0.053,0.0
20230705,19.992,19.946,20.02,19.942,3626,78427.0,0.39,-0.35,-0.07,0.0
20230706,19.845,19.817,19.845,19.78,144724,3104025.0,0.33,-0.65,-0.129,0.0
20230707,19.821,19.812,19.844,19.799,78155,1677008.0,0.23,-0.03,-0.005,0.0
20230710,19.835,19.845,19.845,19.821,3794,81414.0,0.12,0.17,0.033,0.0
20230711,19.868,19.898,19.918,19.845,9262,199361.0,0.37,0.27,0.053,0.0
20230712,19.969,20.034,20.057,19.955,513,11091.0,0.51,0.68,0.136,0.0
20230713,20.131,20.154,20.157,20.123,2728,59427.0,0.17,0.6,0.12,0.0
20230714,20.131,20.093,20.131,20.085,1299,28248.0,0.23,-0.3,-0.061,0.0
20230717,20.085,20.103,20.113,20.076,10833,235454.0,0.18,0.05,0.01,0.0
20230718,20.159,20.166,20.196,20.159,28780,627713.0,0.18,0.31,0.063,0.0
20230719,20.18,20.21,20.21,20.18,374,8165.0,0.15,0.22,0.044,0.0
20230720,20.108,20.094,20.108,20.094,408,8875.0,0.07,-0.57,-0.116,0.0
20230721,20.113,20.117,20.126,20.002,45777,991691.0,0.62,0.11,0.023,0.0
20230724,20.123,20.108,20.123,20.094,4448,96771.0,0.14,-0.04,-0.009,0.0
20230725,20.066,20.081,20.094,20.057,7502,162883.0,0.18,-0.13,-0.027,0.0
20230726,20.122,20.122,20.131,20.122,1308,28483.0,0.04,0.2,0.041,0.0
20230727,20.039,19.951,20.039,19.937,1851,39993.0,0.51,-0.85,-0.171,0.0
20230728,20.034,20.04,20.057,20.034,1587,34421.0,0.12,0.45,0.089,0.0
20230731,20.066,20.057,20.067,20.04,4834,104828.0,0.13,0.08,0.017,0.0
20230801,19.983,19.933,19.983,19.91,39521,851890.0,0.36,-0.62,-0.124,0.0
20230802,19.872,19.849,19.872,19.78,47255,1013771.0,0.46,-0.42,-0.084,0.0
20230803,19.706,19.706,19.706,19.688,2803,59756.0,0.09,-0.72,-0.143,0.0
20230804,19.78,19.861,19.861,19.78,1799,38519.0,0.41,0.79,0.155,0.0
20230807,19.816,19.821,19.821,19.816,530,11364.0,0.03,-0.2,-0.04,0.0
20230808,19.937,19.893,19.937,19.882,1222,26315.0,0.28,0.36,0.072,0.0
20230809,19.928,19.914,19.928,19.914,999,21529.0,0.07,0.11,0.021,0.0
20230810,19.965,19.828,19.965,19.828,2154,46305.0,0.69,-0.43,-0.086,0.0
20230811,19.761,19.78,19.796,19.761,477,10210.0,0.18,-0.24,-0.048,0.0
20230814,19.741,19.738,19.752,19.738,7642,163224.0,0.07,-0.21,-0.042,0.0
20230815,19.715,19.675,19.715,19.675,1071,22840.0,0.2,-0.32,-0.063,0.0
20230816,19.65,19.619,19.65,19.619,162,3444.0,0.16,-0.28,-0.056,0.0
20230817,19.558,19.563,19.563,19.558,370,7829.0,0.03,-0.29,-0.056,0.0
20230818,19.573,19.612,19.623,19.573,1545,32745.0,0.26,0.25,0.049,0.0
20230821,19.503,19.521,19.521,19.503,423,8925.0,0.09,-0.46,-0.091,0.0
20230822,19.549,19.553,19.566,19.531,1720,36369.0,0.18,0.16,0.032,0.0
20230823,19.734,19.768,19.77,19.734,1050,22454.0,0.18,1.1,0.215,0.0
20230824,19.734,19.716,19.734,19.716,271,5785.0,0.09,-0.26,-0.052,0.0
20230825,19.72,19.72,19.72,19.72,19,405.0,0.0,0.02,0.004,0.0
20230828,19.78,19.757,19.78,19.752,2998,64108.0,0.14,0.19,0.037,0.0
20230829,19.848,19.875,19.875,19.848,3025,64987.0,0.14,0.6,0.118,0.0
20230830,19.877,19.868,19.899,19.868,666,14332.0,0.16,-0.04,-0.007,0.0
20230831,19.918,19.909,19.918,19.909,334,7196.0,0.05,0.21,0.041,0.0
20230901,19.826,19.789,19.826,19.789,1564,33493.0,0.19,-0.6,-0.12,0.0
20230905,19.743,19.687,19.743,19.687,131294,2800837.0,0.28,-0.52,-0.102,0.0
20230906,19.706,19.674,19.724,19.664,22110,470853.0,0.3,-0.07,-0.013,0.0
20230907,19.691,19.72,19.733,19.691,662,14122.0,0.21,0.23,0.046,0.0
20230908,19.78,19.747,19.808,19.743,6242,133516.0,0.33,0.14,0.027,0.0
20230911,19.706,19.706,19.724,19.687,19115,407353.0,0.19,-0.21,-0.041,0.0
20230912,19.715,19.738,19.743,19.715,6796,144992.0,0.14,0.16,0.032,0.0
20230913,19.734,19.743,19.743,19.734,1879,40116.0,0.05,0.03,0.005,0.0
20230914,19.758,19.72,19.8,19.72,73631,1572730.0,0.41,-0.12,-0.023,0.0
20230915,19.669,19.674,19.688,19.669,2396,51006.0,0.1,-0.23,-0.046,0.0
20230918,19.66,19.692,19.734,19.659,22161,472290.0,0.38,0.09,0.018,0.0
20230919,19.66,19.646,19.669,19.646,5725,121780.0,0.12,-0.23,-0.046,0.0
20230920,19.706,19.657,19.706,19.657,1312,27963.0,0.25,0.06,0.011,0.0
20230921,19.502,19.489,19.503,19.489,735,15505.0,0.07,-0.85,-0.168,0.0
20230922,19.54,19.545,19.549,19.54,4614,97565.0,0.05,0.29,0.056,0.0
20230925,19.429,19.387,19.438,19.387,2095,44003.0,0.26,-0.81,-0.158,0.0
20230926,19.401,19.336,19.401,19.332,749,15689.0,0.36,-0.26,-0.051,0.0
20230927,19.362,19.27,19.362,19.25,6998,144563.0,0.58,-0.34,-0.066,0.0
20230928,19.194,19.311,19.311,19.194,7630,157698.0,0.61,0.21,0.041,0.0
20230929,19.39,19.305,19.39,19.296,5057,104997.0,0.49,-0.03,-0.006,0.0
20231002,19.222,19.157,19.241,19.147,29196,600511.0,0.49,-0.77,-0.148,0.0
20231003,19.101,18.972,19.11,18.961,20027,408708.0,0.78,-0.97,-0.185,0.0
20231004,19.007,19.073,19.073,18.998,7964,162606.0,0.4,0.53,0.101,0.0
20231005,19.073,19.082,19.082,19.073,993,20320.0,0.05,0.05,0.009,0.0
20231006,18.952,19.034,19.062,18.952,9371,191338.0,0.58,-0.25,-0.048,0.0
20231009,19.082,19.179,19.179,19.082,10579,217445.0,0.51,0.76,0.145,0.0
20231010,19.017,19.175,19.175,19.017,3582,73480.0,0.82,-0.02,-0.004,0.0
20231011,19.268,19.281,19.281,19.259,570,11778.0,0.11,0.55,0.106,0.0
20231012,19.24,19.119,19.24,19.119,2611,53619.0,0.63,-0.84,-0.162,0.0
20231013,19.221,19.208,19.221,19.194,7054,145262.0,0.14,0.47,0.089,0.0
20231016,19.147,19.129,19.147,19.11,8138,167019.0,0.19,-0.41,-0.079,0.0
20231017,19.017,19.017,19.017,19.017,75,1530.0,0.0,-0.59,-0.112,0.0
20231018,18.989,18.933,18.989,18.914,1285,26137.0,0.39,-0.44,-0.084,0.0
20231019,18.924,18.852,18.924,18.852,971,19687.0,0.38,-0.43,-0.081,0.0
20231020,18.904,18.9,18.904,18.886,1407,28517.0,0.1,0.25,0.048,0.0
20231023,18.821,18.975,18.975,18.821,8121,163962.0,0.81,0.4,0.075,0.0
20231024,19.034,19.054,19.054,19.034,1004,20501.0,0.11,0.42,0.079,0.0
20231025,18.924,18.919,18.924,18.919,279,5663.0,0.03,-0.71,-0.135,0.0
20231026,18.959,19.007,19.014,18.952,7181,146344.0,0.33,0.47,0.088,0.0
20231027,19.017,19.017,19.017,19.017,102,2080.0,0.0,0.05,0.01,0.0
20231030,18.998,18.998,18.998,18.97,4982,101521.0,0.15,-0.1,-0.019,0.0
20231031,19.035,19.005,19.035,19.005,1094,22335.0,0.16,0.04,0.007,0.0
20231101,19.091,19.133,19.133,19.073,79873,1634971.0,0.32,0.67,0.128,0.0
20231102,19.269,19.252,19.269,19.252,273,5642.0,0.09,0.62,0.119,0.0
20231103,19.38,19.347,19.38,19.347,209,4345.0,0.17,0.49,0.095,0.0
20231106,19.296,19.264,19.296,19.264,4014,83062.0,0.17,-0.43,-0.083,0.0
20231107,19.306,19.349,19.352,19.306,1379,28612.0,0.24,0.44,0.085,0.0
20231108,19.414,19.414,19.414,19.414,170,3540.0,0.0,0.34,0.065,0.0
20231109,19.39,19.286,19.399,19.286,7249,150183.0,0.58,-0.66,-0.128,0.0
20231110,19.315,19.32,19.32,19.315,2024,41937.0,0.03,0.18,0.034,0.0
20231113,19.3,19.306,19.306,19.3,105,2173.0,0.03,-0.07,-0.014,0.0
20231114,19.455,19.488,19.502,19.455,1073,22417.0,0.24,0.94,0.182,0.0
20231115,19.399,19.414,19.427,19.39,11284,234892.0,0.19,-0.38,-0.074,0.0
20231116,19.506,19.488,19.506,19.488,4215,88156.0,0.09,0.38,0.074,0.0
20231117,19.502,19.516,19.516,19.502,551,11526.0,0.07,0.14,0.028,0.0
20231120,19.539,19.553,19.553,19.539,769,16118.0,0.07,0.19,0.037,0.0
20231121,19.557,19.555,19.563,19.548,593,12441.0,0.08,0.01,0.002,0.0
20231122,19.604,19.581,19.604,19.557,2693,56561.0,0.24,0.13,0.026,0.0
20231127,19.604,19.604,19.613,19.576,3190,67012.0,0.19,0.12,0.023,0.0
20231128,19.589,19.666,19.666,19.589,748,15742.0,0.39,0.32,0.062,0.0
20231129,19.753,19.758,19.758,19.743,559,11843.0,0.08,0.47,0.092,0.0
20231130,19.688,19.684,19.695,19.684,1001,21142.0,0.06,-0.37,-0.074,0.0
20231201,19.772,19.837,19.856,19.772,167429,3562868.0,0.43,0.78,0.153,0.0
20231204,19.8,19.8,19.8,19.8,67,1423.0,0.0,-0.19,-0.037,0.0
20231205,19.902,19.907,19.907,19.902,634,13535.0,0.03,0.54,0.107,0.0
20231206,19.94,19.956,19.959,19.94,21990,470395.0,0.1,0.25,0.049,0.0
20231207,19.957,19.957,19.957,19.957,45,963.0,0.0,0.01,0.001,0.0
20231208,19.874,19.888,19.888,19.874,1316,28061.0,0.07,-0.35,-0.069,0.0
20231211,19.847,19.879,19.879,19.847,218,4641.0,0.16,-0.05,-0.009,0.0
20231212,18.29,19.916,19.921,18.29,7210,152515.0,8.2,0.19,0.037,0.0
20231213,19.949,20.12,20.12,19.949,365,7811.0,0.86,1.02,0.204,0.0
20231214,20.238,20.231,20.238,20.231,402,8727.0,0.03,0.55,0.111,0.0
20231215,20.233,20.233,20.233,20.229,1075,23328.0,0.02,0.01,0.002,0.0
20231218,20.182,20.201,20.21,20.182,5684,123127.0,0.14,-0.16,-0.032,0.0
20231219,20.219,20.233,20.233,20.219,2362,51237.0,0.07,0.16,0.032,0.0
20231220,20.247,20.289,20.295,20.247,1529,33255.0,0.24,0.28,0.056,0.0
20231221,20.313,20.289,20.313,20.289,237,5164.0,0.12,0.0,0.0,0.0
20231222,20.294,20.28,20.294,20.266,862,18756.0,0.14,-0.04,-0.009,0.0
20231226,20.275,20.299,20.299,20.275,686,14920.0,0.12,0.09,0.019,0.0
20231227,20.354,20.397,20.401,20.354,15194,325279.0,0.23,0.48,0.098,0.0
20231228,20.363,20.358,20.373,20.358,976,20880.0,0.07,-0.19,-0.039,0.0
20231229,20.354,20.326,20.363,20.326,5652,120818.0,0.18,-0.16,-0.032,0.0
20240102,18.754,20.239,20.297,18.754,21543,457548.0,7.59,-0.43,-0.087,0.0
20240103,20.173,20.268,20.268,20.163,8813,186752.0,0.52,0.14,0.029,0.0
20240104,20.175,20.175,20.175,20.175,294,6230.0,0.0,-0.46,-0.093,0.0
20240105,20.206,20.14,20.206,20.116,1986,42013.0,0.45,-0.17,-0.035,0.0
20240108,20.144,20.182,20.216,20.144,51383,1087470.0,0.36,0.21,0.042,0.0
20240109,20.188,20.173,20.201,20.173,915,19406.0,0.14,-0.04,-0.009,0.0
20240110,20.182,20.178,20.197,20.178,3314,70261.0,0.09,0.02,0.005,0.0
20240111,20.192,20.263,20.268,20.192,39740,843193.0,0.38,0.42,0.085,0.0
20240112,20.307,20.292,20.307,20.292,478,10194.0,0.07,0.14,0.029,0.0
20240116,20.23,20.173,20.244,20.154,13792,292409.0,0.44,-0.59,-0.119,0.0
20240117,20.131,20.13,20.138,20.106,2825,59720.0,0.16,-0.21,-0.043,0.0
20240118,20.097,20.12,20.12,20.097,289,6102.0,0.11,-0.05,-0.01,0.0
20240119,20.097,20.106,20.109,20.097,1157,24429.0,0.06,-0.07,-0.014,0.0
20240122,20.149,20.149,20.149,20.149,187,3957.0,0.0,0.21,0.043,0.0
20240123,20.087,20.111,20.111,20.087,634,13377.0,0.12,-0.19,-0.038,0.0
20240124,20.144,20.068,20.144,20.068,3303,69681.0,0.38,-0.21,-0.043,0.0
20240125,20.144,20.159,20.163,20.144,652,13802.0,0.09,0.45,0.091,0.0
20240126,20.154,20.144,20.154,20.135,9967,210804.0,0.09,-0.07,-0.015,0.0
20240129,20.173,20.206,20.206,20.173,3297,69886.0,0.16,0.31,0.062,0.0
20240130,20.201,20.216,20.216,20.201,355,7533.0,0.07,0.05,0.01,0.0
20240131,20.268,20.268,20.268,20.268,312,6642.0,0.0,0.26,0.052,0.0
20240201,20.373,20.36,20.373,20.352,21544,461014.0,0.1,0.45,0.092,0.0
20240202,20.239,20.235,20.239,20.235,184,3911.0,0.02,-0.61,-0.125,0.0
20240205,20.118,20.112,20.118,20.112,555,11728.0,0.03,-0.61,-0.123,0.0
20240206,20.182,20.197,20.201,20.154,120328,2550136.0,0.23,0.42,0.085,0.0
20240207,20.201,20.167,20.201,20.167,10737,227808.0,0.17,-0.15,-0.03,0.0
20240208,20.111,20.12,20.125,20.111,919,19424.0,0.07,-0.23,-0.047,0.0
20240209,20.092,20.116,20.116,20.092,209,4410.0,0.12,-0.02,-0.004,0.0
20240212,20.101,20.125,20.125,20.101,2060,43496.0,0.12,0.04,0.009,0.0
20240213,19.965,19.97,19.97,19.963,2034,42662.0,0.03,-0.77,-0.155,0.0
20240214,19.992,20.036,20.04,19.992,1432,30112.0,0.24,0.33,0.066,0.0
20240215,20.125,20.097,20.125,20.068,5594,118052.0,0.28,0.3,0.061,0.0
20240216,20.031,20.03,20.031,20.021,256,5385.0,0.05,-0.33,-0.067,0.0
20240220,20.078,20.059,20.078,20.04,1248,26306.0,0.19,0.14,0.029,0.0
20240221,20.001,20.001,20.003,20.001,443,9307.0,0.01,-0.29,-0.058,0.0
20240222,20.011,20.023,20.023,20.011,2074,43599.0,0.06,0.11,0.022,0.0
20240223,20.078,20.097,20.097,20.078,264,5567.0,0.09,0.37,0.074,0.0
20240226,20.106,20.059,20.106,20.04,4735,99718.0,0.33,-0.19,-0.038,0.0
20240227,20.049,20.03,20.049,20.021,714,15024.0,0.14,-0.14,-0.029,0.0
20240228,20.049,20.078,20.078,20.049,2579,54317.0,0.14,0.24,0.048,0.0
20240229,20.087,20.102,20.102,20.087,1169,24665.0,0.07,0.12,0.024,0.0
20240301,20.144,20.174,20.174,20.144,5986,126746.0,0.15,0.36,0.072,0.0
20240304,20.154,20.151,20.154,20.151,1036,21932.0,0.01,-0.11,-0.023,0.0
20240305,20.23,20.23,20.239,20.23,1503,31939.0,0.04,0.39,0.079,0.0
20240306,20.287,20.294,20.303,20.268,1312,27960.0,0.17,0.32,0.064,0.0
20240307,20.297,20.334,20.335,20.268,3427,73071.0,0.33,0.2,0.04,0.0
20240308,20.363,20.33,20.373,20.325,63414,1353948.0,0.24,-0.02,-0.004,0.0
20240311,20.316,20.32,20.32,20.306,1497,31939.0,0.07,-0.05,-0.01,0.0
20240312,20.078,20.252,20.282,20.078,11882,252938.0,1.0,-0.33,-0.068,0.0
20240313,20.239,20.22,20.239,20.22,1533,32581.0,0.09,-0.16,-0.032,0.0
20240314,20.144,20.132,20.144,20.106,1158,24480.0,0.19,-0.44,-0.088,0.0
20240315,20.125,20.111,20.125,20.097,1422,30056.0,0.14,-0.1,-0.021,0.0
20240318,20.087,20.08,20.087,20.068,1464,30882.0,0.09,-0.15,-0.031,0.0
20240319,20.154,20.135,20.154,20.125,1196,25296.0,0.14,0.27,0.055,0.0
20240320,20.163,20.187,20.187,20.142,4167,88184.0,0.22,0.26,0.052,0.0
20240321,20.211,20.197,20.211,20.182,3092,65594.0,0.14,0.05,0.01,0.0
20240322,20.278,20.259,20.278,20.239,975,20749.0,0.19,0.31,0.062,0.0
20240325,20.23,20.225,20.239,20.203,1468,31190.0,0.18,-0.17,-0.034,0.0
20240326,20.216,20.244,20.259,20.216,841,17883.0,0.21,0.09,0.019,0.0
20240327,20.278,20.308,20.308,20.278,360,7634.0,0.15,0.32,0.064,0.0
20240328,20.312,20.278,20.312,20.278,323,6851.0,0.17,-0.15,-0.03,0.0
20240401,20.173,20.163,20.173,20.135,13122,276201.0,0.19,-0.57,-0.115,0.0
20240402,20.077,20.143,20.144,20.077,3283,68921.0,0.33,-0.1,-0.02,0.0
20240403,20.096,20.139,20.154,20.096,289,6077.0,0.29,-0.02,-0.004,0.0
20240404,20.221,20.184,20.221,20.154,1091,23007.0,0.33,0.22,0.045,0.0
20240405,20.23,20.101,20.23,20.101,1768,37193.0,0.64,-0.41,-0.083,0.0
20240408,20.135,20.092,20.135,20.068,2171,45625.0,0.33,-0.04,-0.009,0.0
20240409,20.202,20.154,20.202,20.135,1177,24799.0,0.33,0.31,0.062,0.0
20240410,20.001,19.939,20.02,19.939,1674,34997.0,0.4,-1.07,-0.215,0.0
20240411,19.915,19.943,19.943,19.915,329,6851.0,0.14,0.02,0.004,0.0
20240412,19.934,19.98,19.991,19.934,1545,32191.0,0.29,0.19,0.037,0.0
20240415,19.953,19.85,19.953,19.85,638,13302.0,0.52,-0.65,-0.13,0.0
20240416,19.79,19.789,19.79,19.752,2522,52061.0,0.19,-0.31,-0.061,0.0
20240417,19.874,19.874,19.874,19.874,115,2388.0,0.0,0.43,0.085,0.0
20240418,19.867,19.84,19.867,19.809,655,13584.0,0.29,-0.17,-0.034,0.0
20240419,19.876,19.855,19.876,19.855,796,16522.0,0.11,0.08,0.015,0.0
20240422,19.876,19.857,19.886,19.857,47994,997258.0,0.15,0.01,0.002,0.0
20240423,19.896,19.886,19.917,19.886,959,19942.0,0.16,0.15,0.029,0.0
20240424,19.833,19.852,19.852,19.833,3973,82359.0,0.1,-0.17,-0.034,0.0
20240425,19.819,19.805,19.819,19.805,1377,28517.0,0.07,-0.24,-0.047,0.0
20240426,19.867,19.829,19.867,19.829,3744,77625.0,0.19,0.12,0.024,0.0
20240429,19.886,19.902,19.902,19.886,241,5007.0,0.08,0.37,0.073,0.0
20240430,19.857,19.824,19.857,19.824,2583,53508.0,0.17,-0.39,-0.078,0.0
20240501,19.867,19.904,19.904,19.838,15639,324614.0,0.33,0.4,0.08,0.0
20240502,19.905,19.97,19.97,19.905,12867,267641.0,0.33,0.33,0.066,0.0
20240503,20.068,20.077,20.087,20.068,1671,35066.0,0.1,0.54,0.107,0.0
20240506,20.077,20.101,20.103,20.068,4996,104816.0,0.17,0.12,0.024,0.0
20240507,20.144,20.135,20.202,20.135,47660,1005285.0,0.33,0.17,0.034,0.0
20240508,20.096,20.106,20.106,20.096,452,9492.0,0.05,-0.14,-0.029,0.0
20240509,20.106,20.149,20.154,20.101,3397,71518.0,0.26,0.21,0.043,0.0
20240510,20.087,20.089,20.096,20.068,2032,42651.0,0.14,-0.3,-0.06,0.0
20240513,20.113,20.101,20.113,20.087,539,11325.0,0.13,0.06,0.012,0.0
20240514,20.125,20.159,20.159,20.125,645,13564.0,0.17,0.29,0.058,0.0
20240515,20.28,20.302,20.302,20.28,693,14689.0,0.11,0.71,0.143,0.0
20240516,20.278,20.267,20.288,20.267,3776,80050.0,0.1,-0.17,-0.035,0.0
20240517,20.202,20.216,20.216,20.202,135,2849.0,0.07,-0.25,-0.051,0.0
20240520,20.144,20.187,20.221,20.144,17793,375738.0,0.38,-0.14,-0.029,0.0
20240521,20.183,20.25,20.25,20.183,2807,59352.0,0.33,0.31,0.063,0.0
20240522,20.173,20.207,20.207,20.173,1075,22684.0,0.17,-0.21,-0.043,0.0
20240523,20.163,20.143,20.163,20.143,1169,24630.0,0.1,-0.32,-0.064,0.0
20240524,20.116,20.168,20.192,20.116,3835,80737.0,0.38,0.12,0.025,0.0
20240528,20.125,20.077,20.125,20.068,1720,36088.0,0.28,-0.45,-0.091,0.0
20240529,19.977,19.982,19.982,19.943,32671,681046.0,0.19,-0.47,-0.095,0.0
20240530,20.029,20.061,20.077,20.029,1612,33795.0,0.24,0.4,0.079,0.0
20240531,20.135,20.148,20.154,20.135,591,12438.0,0.09,0.43,0.087,0.0
20240603,20.211,20.262,20.269,20.211,187782,3974685.0,0.29,0.57,0.114,0.0
20240604,20.317,20.36,20.36,20.317,717,15226.0,0.21,0.48,0.098,0.0
20240605,20.384,20.419,20.419,20.384,650,13845.0,0.17,0.29,0.059,0.0
20240606,20.412,20.42,20.42,20.412,609,12990.0,0.04,0.0,0.001,0.0
20240607,20.245,20.245,20.245,20.245,61,1290.0,0.0,-0.86,-0.175,0.0
20240610,20.144,20.202,20.202,20.144,1416,29826.0,0.29,-0.21,-0.043,0.0
20240611,20.288,20.296,20.307,20.285,1735,36801.0,0.11,0.47,0.094,0.0
20240612,20.431,20.387,20.441,20.387,866,18486.0,0.27,0.45,0.091,0.0
20240613,20.503,20.503,20.503,20.503,308,6598.0,0.0,0.57,0.116,0.0
20240614,20.516,20.532,20.532,20.516,2728,58485.0,0.08,0.14,0.029,0.0
20240617,20.428,20.47,20.479,20.428,23970,512707.0,0.25,-0.3,-0.062,0.0
20240618,20.479,20.539,20.539,20.479,1040,22279.0,0.29,0.34,0.069,0.0
20240620,20.436,20.479,20.479,20.436,1873,40025.0,0.21,-0.29,-0.06,0.0
20240621,20.46,20.479,20.494,20.46,1159,24796.0,0.17,0.0,0.0,0.0
20240624,20.47,20.503,20.517,20.47,811,17379.0,0.23,0.12,0.024,0.0
20240625,20.489,20.517,20.517,20.489,412,8820.0,0.14,0.07,0.014,0.0
20240626,20.412,20.403,20.412,20.403,1165,24849.0,0.04,-0.56,-0.114,0.0
20240627,20.43,20.43,20.43,20.43,309,6535.0,0.0,0.13,0.027,0.0
20240628,20.469,20.337,20.478,20.337,4279,90666.0,0.69,-0.46,-0.093,0.0
20240701,20.232,20.194,20.232,20.189,51517,1076881.0,0.21,-0.7,-0.143,0.0
20240702,20.266,20.266,20.266,20.254,1991,41764.0,0.06,0.36,0.072,0.0
20240703,20.371,20.371,20.371,20.371,40,843.0,0.0,0.52,0.105,0.0
20240705,20.45,20.45,20.45,20.45,237,5017.0,0.0,0.39,0.079,0.0
20240708,20.449,20.462,20.462,20.449,521,11029.0,0.06,0.06,0.012,0.0
20240709,20.43,20.43,20.449,20.391,25434,538119.0,0.28,-0.16,-0.032,0.0
20240710,20.459,20.469,20.469,20.459,1606,34022.0,0.05,0.19,0.039,0.0
20240711,20.778,20.561,20.778,20.556,702,14999.0,1.08,0.45,0.092,0.0
20240712,20.594,20.604,20.604,20.594,698,14884.0,0.05,0.21,0.043,0.0
20240715,20.561,20.565,20.565,20.551,593,12619.0,0.07,-0.19,-0.039,0.0
20240716,20.594,20.624,20.624,20.594,419,8933.0,0.15,0.29,0.059,0.0
20240717,20.604,20.644,20.644,20.604,945,20183.0,0.19,0.1,0.02,0.0
20240718,20.614,20.587,20.623,20.587,544,11611.0,0.17,-0.28,-0.057,0.0
20240719,20.527,20.536,20.565,20.527,1291,27458.0,0.18,-0.25,-0.051,0.0
20240722,20.567,20.528,20.567,20.527,1542,32785.0,0.19,-0.04,-0.008,0.0
20240723,20.517,20.527,20.527,20.517,3888,82587.0,0.05,0.0,-0.001,0.0
20240724,20.556,20.469,20.556,20.469,996,21152.0,0.42,-0.28,-0.058,0.0
20240725,20.507,20.507,20.507,20.498,676,14350.0,0.04,0.19,0.038,0.0
20240726,20.614,20.594,20.614,20.585,1864,39749.0,0.14,0.42,0.087,0.0
20240729,20.614,20.623,20.628,20.614,647,13813.0,0.07,0.14,0.029,0.0
20240730,20.643,20.643,20.667,20.623,21631,462044.0,0.21,0.1,0.02,0.0
20240731,20.706,20.749,20.749,20.706,829,17793.0,0.21,0.51,0.106,0.0
20240801,20.826,20.836,20.865,20.826,45209,975486.0,0.19,0.42,0.087,0.0
20240802,20.991,21.068,21.087,20.991,15224,331377.0,0.46,1.11,0.232,0.0
20240805,21.135,21.073,21.135,21.048,4320,94158.0,0.41,0.02,0.005,0.0
20240806,21.0,20.943,21.0,20.943,666,14478.0,0.27,-0.62,-0.13,0.0
20240807,20.894,20.865,20.894,20.865,1969,42546.0,0.14,-0.37,-0.078,0.0
20240808,20.855,20.854,20.855,20.85,484,10448.0,0.02,-0.05,-0.011,0.0
20240809,20.952,20.923,20.952,20.903,1487,32189.0,0.23,0.33,0.069,0.0
20240812,20.942,20.957,20.957,20.942,543,11772.0,0.07,0.16,0.034,0.0
20240813,20.99,21.019,21.029,20.99,1539,33476.0,0.19,0.3,0.062,0.0
20240814,21.058,21.072,21.072,21.058,286,6234.0,0.07,0.25,0.053,0.0
20240815,20.976,20.989,20.989,20.976,277,6015.0,0.06,-0.39,-0.083,0.0
20240816,21.029,21.029,21.029,21.029,372,8098.0,0.0,0.19,0.04,0.0
20240819,21.034,21.051,21.068,21.034,1232,26851.0,0.16,0.1,0.022,0.0
20240820,21.116,21.116,21.139,21.106,26450,578448.0,0.16,0.31,0.065,0.0
20240821,21.164,21.164,21.179,21.156,1600,35054.0,0.11,0.23,0.048,0.0
20240822,21.097,21.079,21.097,21.074,573,12505.0,0.11,-0.4,-0.085,0.0
20240823,21.174,21.168,21.174,21.168,250,5479.0,0.03,0.42,0.089,0.0
20240826,21.164,21.142,21.164,21.14,640,14012.0,0.11,-0.12,-0.026,0.0
20240827,21.087,21.145,21.145,21.087,1383,30229.0,0.27,0.01,0.003,0.0
20240828,21.01,21.13,21.145,21.01,2011,43837.0,0.64,-0.07,-0.015,0.0
20240829,21.077,21.101,21.126,21.077,1089,23787.0,0.23,-0.14,-0.029,0.0
20240830,21.097,21.057,21.098,21.057,676,14763.0,0.19,-0.21,-0.044,0.0
20240903,20.952,21.213,21.213,20.952,178807,3900487.0,1.24,0.74,0.156,0.0
20240904,21.087,21.204,21.242,21.087,26663,584825.0,0.73,-0.04,-0.009,0.0
20240905,21.251,21.261,21.271,21.251,2013,44313.0,0.09,0.27,0.057,0.0
20240906,21.29,21.312,21.338,21.261,1015,22384.0,0.36,0.24,0.051,0.0
20240909,21.333,21.333,21.333,21.333,70,1545.0,0.0,0.1,0.021,0.0
20240910,21.415,21.401,21.415,21.401,506,11215.0,0.07,0.32,0.068,0.0
20240911,21.406,21.404,21.406,21.377,1908,42265.0,0.14,0.01,0.003,0.0
20240912,21.372,21.372,21.372,21.372,305,6748.0,0.0,-0.15,-0.032,0.0
20240913,21.406,21.411,21.435,21.396,12410,275028.0,0.18,0.18,0.039,0.0
20240916,21.415,21.469,21.469,21.415,62294,1383082.0,0.25,0.27,0.058,0.0
20240917,21.464,21.44,21.464,21.415,2461,54657.0,0.23,-0.14,-0.029,0.0
20240918,21.367,21.37,21.415,21.367,732,16207.0,0.22,-0.33,-0.07,0.0
20240919,21.367,21.367,21.367,21.367,159,3517.0,0.0,-0.01,-0.003,0.0
20240920,21.395,21.371,21.395,21.371,986,21829.0,0.11,0.02,0.004,0.0
20240923,21.329,21.348,21.348,21.329,861,19016.0,0.09,-0.11,-0.023,0.0
20240924,21.379,21.372,21.396,21.372,958,21216.0,0.11,0.11,0.024,0.0
20240925,21.304,21.304,21.304,21.304,271,5976.0,0.0,-0.32,-0.068,0.0
20240926,21.271,21.295,21.295,21.271,181,3985.0,0.11,-0.04,-0.009,0.0
20240927,21.34,21.349,21.349,21.34,1678,36781.0,0.04,0.25,0.054,0.0
20240930,21.369,21.305,21.369,21.272,3871,84899.0,0.45,-0.21,-0.044,0.0
20241001,21.379,21.374,21.418,21.35,14084,309509.0,0.32,0.32,0.069,0.0
20241002,21.282,21.325,21.34,21.282,4307,94239.0,0.27,-0.23,-0.049,0.0
20241003,21.267,21.246,21.272,21.243,1931,42162.0,0.14,-0.37,-0.079,0.0
20241004,21.087,21.1,21.116,21.087,1388,30076.0,0.14,-0.69,-0.146,0.0
20241007,21.019,21.009,21.058,21.009,1206,26056.0,0.23,-0.43,-0.091,0.0
20241008,21.048,21.055,21.055,21.048,3673,79410.0,0.03,0.22,0.046,0.0
20241009,21.014,21.014,21.014,21.014,168,3626.0,0.0,-0.19,-0.041,0.0
20241010,20.987,21.004,21.009,20.97,935,20162.0,0.19,-0.05,-0.01,0.0
20241011,20.96,21.012,21.038,20.96,738,15925.0,0.37,0.04,0.008,0.0
20241014,20.981,20.993,20.993,20.981,168,3620.0,0.06,-0.09,-0.019,0.0
20241015,21.063,21.067,21.072,21.063,463,10019.0,0.04,0.35,0.074,0.0
20241016,21.092,21.092,21.092,21.092,158,3423.0,0.0,0.12,0.025,0.0
20241017,20.999,20.999,20.999,20.999,685,14775.0,0.0,-0.44,-0.093,0.0
20241018,20.999,21.003,21.029,20.999,2264,48880.0,0.14,0.02,0.004,0.0
20241021,20.873,20.889,20.912,20.873,1640,35171.0,0.19,-0.54,-0.114,0.0
20241022,20.882,20.878,20.883,20.878,939,20141.0,0.02,-0.05,-0.011,0.0
20241023,20.824,20.821,20.824,20.821,3846,82265.0,0.01,-0.27,-0.057,0.0
20241024,20.863,20.858,20.863,20.858,401,8593.0,0.02,0.18,0.037,0.0
20241025,20.892,20.819,20.892,20.814,463,9909.0,0.37,-0.19,-0.039,0.0
20241028,20.746,20.791,20.791,20.746,1276,27191.0,0.22,-0.13,-0.028,0.0
20241029,20.707,20.814,20.814,20.707,5814,123957.0,0.51,0.11,0.023,0.0
20241030,20.785,20.79,20.799,20.785,1044,22294.0,0.07,-0.12,-0.024,0.0
20241031,20.775,20.769,20.793,20.766,1944,41489.0,0.13,-0.1,-0.021,0.0
20241101,20.834,20.693,20.834,20.693,4352,92840.0,0.68,-0.37,-0.076,0.0
20241104,20.795,20.793,20.805,20.756,23680,505566.0,0.24,0.48,0.1,0.0
20241105,20.766,20.829,20.829,20.707,996,21205.0,0.59,0.17,0.036,0.0
20241106,20.61,20.654,20.726,20.61,1579,33498.0,0.56,-0.84,-0.175,0.0
20241107,20.736,20.808,20.814,20.736,576,12294.0,0.38,0.75,0.154,0.0
20241108,20.853,20.853,20.853,20.853,202,4326.0,0.0,0.22,0.045,0.0
20241111,20.727,20.829,20.829,20.727,480,10219.0,0.49,-0.12,-0.024,0.0
20241112,20.717,20.693,20.717,20.693,571,12143.0,0.12,-0.65,-0.136,0.0
20241113,20.668,20.673,20.673,20.668,1264,26834.0,0.02,-0.1,-0.02,0.0
20241114,20.697,20.67,20.697,20.67,535,11369.0,0.13,-0.01,-0.003,0.0
20241115,20.6,20.669,20.688,20.6,2217,46988.0,0.43,0.0,-0.001,0.0
20241118,20.688,20.683,20.707,20.678,1611,34232.0,0.14,0.07,0.014,0.0
20241119,20.727,20.722,20.727,20.717,17971,382599.0,0.05,0.19,0.039,0.0
20241120,20.678,20.694,20.707,20.678,1908,40536.0,0.14,-0.14,-0.028,0.0
20241121,20.683,20.684,20.684,20.683,497,10558.0,0.0,-0.05,-0.01,0.0
20241122,20.698,20.702,20.702,20.698,215,4570.0,0.02,0.09,0.018,0.0
20241125,20.882,20.904,20.904,20.882,1158,24860.0,0.11,0.98,0.202,0.0
20241126,20.835,20.869,20.869,20.835,578,12382.0,0.16,-0.17,-0.035,0.0
20241127,20.941,20.926,20.941,20.926,5131,110364.0,0.07,0.27,0.057,0.0
20241129,21.025,21.025,21.025,21.025,158,3412.0,0.0,0.47,0.099,0.0
20241202,21.038,21.037,21.048,21.037,30341,655967.0,0.05,0.06,0.012,0.0
20241203,21.063,20.985,21.063,20.985,1078,23281.0,0.37,-0.25,-0.052,0.0
20241204,21.067,21.068,21.068,21.067,487,10538.0,0.0,0.4,0.083,0.0
20241205,21.019,21.072,21.087,21.019,3013,65185.0,0.32,0.02,0.004,0.0
20241206,21.117,21.117,21.117,21.117,88,1908.0,0.0,0.21,0.045,0.0
20241209,21.077,21.05,21.077,21.05,2838,61426.0,0.13,-0.32,-0.067,0.0
20241210,21.019,21.019,21.019,21.019,207,4469.0,0.0,-0.15,-0.031,0.0
20241211,21.02,20.956,21.02,20.951,2180,46986.0,0.33,-0.3,-0.063,0.0
20241212,20.844,20.834,20.853,20.834,750,16057.0,0.09,-0.58,-0.122,0.0
20241213,20.761,20.761,20.761,20.761,52,1108.0,0.0,-0.35,-0.073,0.0
20241216,20.746,20.776,20.776,20.746,1389,29633.0,0.14,0.07,0.015,0.0
20241217,20.793,20.777,20.795,20.777,8330,177882.0,0.09,0.0,0.001,0.0
20241218,20.799,20.617,20.799,20.617,9272,196847.0,0.88,-0.77,-0.16,0.0
20241219,20.547,20.526,20.547,20.517,1330,28048.0,0.15,-0.44,-0.091,0.0
20241220,20.626,20.59,20.626,20.59,368,7796.0,0.18,0.31,0.064,0.0
20241223,20.537,20.508,20.537,20.503,1244,26214.0,0.17,-0.4,-0.082,0.0
20241224,20.483,20.527,20.532,20.483,1411,29730.0,0.24,0.09,0.019,0.0
20241226,20.503,20.551,20.551,20.503,1157,24401.0,0.23,0.12,0.024,0.0
20241227,20.509,20.505,20.514,20.505,558,11601.0,0.04,-0.22,-0.046,0.0
20241230,20.588,20.589,20.608,20.578,6538,136549.0,0.15,0.41,0.084,0.0
20241231,20.618,20.549,20.618,20.549,1957,40815.0,0.34,-0.19,-0.04,0.0
20250102,20.588,20.578,20.618,20.536,13760,286824.0,0.4,0.14,0.029,0.0
20250103,20.578,20.539,20.588,20.539,75416,1571821.0,0.24,-0.19,-0.039,0.0
20250106,20.48,20.48,20.5,20.48,3818,79310.0,0.1,-0.29,-0.059,0.0
20250107,20.401,20.401,20.421,20.401,1979,40933.0,0.1,-0.39,-0.079,0.0
20250108,20.401,20.416,20.416,20.362,3579,73923.0,0.26,0.07,0.015,0.0
20250110,20.322,20.292,20.322,20.292,415,8542.0,0.15,-0.61,-0.124,0.0
20250113,20.283,20.267,20.283,20.253,4142,85050.0,0.15,-0.12,-0.025,0.0
20250114,20.248,20.248,20.253,20.248,679,13939.0,0.02,-0.09,-0.019,0.0
20250115,20.445,20.47,20.47,20.445,1115,23113.0,0.12,1.1,0.222,0.0
20250116,20.401,20.361,20.539,20.361,5714,118811.0,0.87,-0.53,-0.109,0.0
20250117,20.549,20.519,20.559,20.519,8126,169257.0,0.2,0.78,0.158,0.0
20250121,20.598,20.598,20.598,20.578,4477,93422.0,0.1,0.39,0.079,0.0
20250122,20.588,20.568,20.588,20.568,1064,22197.0,0.1,-0.15,-0.03,0.0
20250123,20.488,20.5,20.509,20.488,1902,39527.0,0.1,-0.33,-0.068,0.0
20250124,20.529,20.544,20.549,20.529,1967,40946.0,0.1,0.21,0.044,0.0
20250127,20.677,20.687,20.687,20.677,981,20563.0,0.05,0.7,0.143,0.0
20250128,20.657,20.677,20.677,20.657,896,18768.0,0.1,-0.05,-0.01,0.0
20250129,20.677,20.677,20.677,20.648,1156,24211.0,0.14,0.0,0.0,0.0
20250130,20.697,20.756,20.766,20.687,2231,46857.0,0.38,0.38,0.079,0.0
20250131,20.638,20.667,20.667,20.618,2725,57011.0,0.24,-0.43,-0.089,0.0
20250203,20.726,20.687,20.736,20.657,63050,1322288.0,0.38,0.1,0.02,0.0
20250204,20.657,20.729,20.729,20.657,3155,66121.0,0.35,0.2,0.042,0.0
20250205,20.865,20.874,20.904,20.855,7768,164332.0,0.24,0.7,0.145,0.0
20250206,20.845,20.845,20.865,20.835,12525,264750.0,0.14,-0.14,-0.029,0.0
20250207,20.796,20.776,20.796,20.776,2161,45528.0,0.1,-0.33,-0.069,0.0
20250210,20.815,20.775,20.815,20.775,1455,30660.0,0.19,0.0,-0.001,0.0
20250211,20.707,20.707,20.723,20.707,852,17891.0,0.08,-0.33,-0.068,0.0
20250212,20.559,20.583,20.608,20.559,8678,181249.0,0.24,-0.6,-0.124,0.0
20250213,20.707,20.738,20.738,20.707,739,15511.0,0.15,0.75,0.155,0.0
20250214,20.808,20.808,20.808,20.808,901,19004.0,0.0,0.34,0.07,0.0
20250218,20.766,20.697,20.766,20.697,344121,7227746.0,0.33,-0.53,-0.111,0.0
20250219,20.69,20.717,20.717,20.687,8753,183699.0,0.14,0.1,0.02,0.0
20250220,20.795,20.766,20.795,20.766,516,10874.0,0.14,0.24,0.049,0.0
20250221,20.805,20.874,20.884,20.805,7289,154250.0,0.38,0.52,0.108,0.0
20250224,20.904,20.909,20.921,20.904,34286,726523.0,0.08,0.17,0.035,0.0
20250225,21.052,21.076,21.076,21.047,2933,62630.0,0.14,0.8,0.167,0.0
20250226,21.062,21.127,21.136,21.062,1027,21971.0,0.35,0.24,0.051,0.0
20250227,21.082,21.022,21.082,21.022,8156,174185.0,0.28,-0.5,-0.105,0.0
20250228,21.141,21.19,21.19,21.141,11788,252644.0,0.23,0.8,0.168,0.0
20250303,21.21,21.259,21.269,21.18,67618,1452056.0,0.42,0.33,0.069,0.0
20250304,21.249,21.131,21.249,21.131,15552,334853.0,0.56,-0.6,-0.128,0.0
20250305,21.091,21.032,21.111,21.032,4841,103354.0,0.37,-0.47,-0.099,0.0
20250306,21.003,21.003,21.032,21.003,1594,33955.0,0.14,-0.14,-0.029,0.0
20250307,21.053,20.98,21.053,20.98,1248,26632.0,0.35,-0.11,-0.023,0.0
20250310,21.101,21.105,21.105,21.091,1755,37535.0,0.07,0.6,0.125,0.0
20250311,21.022,21.017,21.022,21.017,914,19477.0,0.02,-0.42,-0.088,0.0
20250312,20.953,20.949,20.989,20.949,3817,81109.0,0.19,-0.32,-0.068,0.0
20250313,20.963,21.028,21.032,20.963,1534,32678.0,0.33,0.38,0.079,0.0
20250314,20.998,20.973,20.998,20.973,838,17832.0,0.12,-0.26,-0.055,0.0
20250317,21.032,21.008,21.052,21.008,2524,53813.0,0.21,0.17,0.035,0.0
20250318,21.032,21.013,21.042,21.013,2184,46560.0,0.14,0.02,0.005,0.0
20250319,21.104,21.104,21.104,21.104,432,9241.0,0.0,0.43,0.091,0.0
20250320,21.119,21.119,21.119,21.119,159,3403.0,0.0,0.07,0.015,0.0
20250321,21.121,21.072,21.121,21.072,2098,44856.0,0.23,-0.22,-0.047,0.0
20250324,20.972,20.972,20.972,20.972,310,6590.0,0.0,-0.47,-0.1,0.0
20250325,20.994,20.994,20.994,20.994,404,8597.0,0.0,0.1,0.022,0.0
20250326,20.944,20.934,20.963,20.934,33737,716875.0,0.14,-0.29,-0.06,0.0
20250327,20.904,20.912,20.914,20.904,1185,25112.0,0.05,-0.11,-0.022,0.0
20250328,21.033,21.053,21.068,21.033,1055,22380.0,0.17,0.67,0.141,0.0
20250331,21.023,21.122,21.142,21.023,8775,186371.0,0.57,0.33,0.069,0.0
20250401,21.225,21.202,21.241,21.202,190733,4081560.0,0.18,0.38,0.08,0.0
20250402,21.241,21.182,21.241,21.142,14030,299912.0,0.47,-0.09,-0.02,0.0
20250403,21.37,21.321,21.37,21.301,4552,97977.0,0.33,0.66,0.139,0.0
20250404,21.425,21.36,21.425,21.36,775,16710.0,0.3,0.18,0.039,0.0
20250407,21.202,21.059,21.206,21.059,2310,49297.0,0.69,-1.41,-0.301,0.0
20250408,21.06,20.937,21.06,20.937,4154,87939.0,0.58,-0.58,-0.122,0.0
20250409,20.904,21.013,21.013,20.874,3135,66171.0,0.66,0.36,0.076,0.0
20250410,20.963,20.826,20.963,20.826,6273,132180.0,0.65,-0.89,-0.187,0.0
20250411,20.805,20.802,20.805,20.755,4037,84638.0,0.24,-0.12,-0.024,0.0
20250414,20.934,20.932,20.958,20.904,1056,22293.0,0.26,0.62,0.13,0.0
20250415,20.974,20.973,20.974,20.963,6503,137419.0,0.05,0.2,0.041,0.0
20250416,20.993,21.033,21.082,20.993,1407,29849.0,0.42,0.29,0.06,0.0
20250417,20.993,20.983,20.993,20.973,2155,45581.0,0.1,-0.24,-0.05,0.0
20250421,20.914,20.849,20.914,20.849,1803,37989.0,0.31,-0.64,-0.134,0.0
20250422,20.914,20.874,20.924,20.874,2426,51107.0,0.24,0.12,0.025,0.0
20250423,21.023,20.934,21.023,20.934,3675,77833.0,0.43,0.29,0.06,0.0
20250424,21.028,21.092,21.092,21.028,3624,76866.0,0.31,0.75,0.158,0.0
20250425,21.147,21.147,21.147,21.147,87,1854.0,0.0,0.26,0.055,0.0
20250428,21.202,21.202,21.211,21.202,3401,72681.0,0.04,0.26,0.055,0.0
20250429,21.251,21.275,21.275,21.241,1301,27865.0,0.16,0.34,0.073,0.0
20250430,21.231,21.271,21.271,21.231,899,19238.0,0.19,-0.02,-0.004,0.0
20250501,21.192,21.192,21.192,21.162,20283,433155.0,0.14,-0.37,-0.079,0.0
20250502,21.102,21.082,21.122,21.053,40066,852638.0,0.33,-0.52,-0.11,0.0
20250505,21.053,21.042,21.053,21.018,1488,31558.0,0.17,-0.19,-0.04,0.0
20250506,21.083,21.083,21.083,21.083,604,12835.0,0.0,0.19,0.041,0.0
20250507,21.117,21.125,21.142,21.117,686,14615.0,0.12,0.2,0.042,0.0
20250508,21.033,21.003,21.043,21.003,1130,23954.0,0.19,-0.58,-0.122,0.0
20250509,21.063,21.041,21.073,21.041,1882,39958.0,0.15,0.18,0.038,0.0
20250512,20.973,20.962,20.973,20.962,1012,21392.0,0.05,-0.38,-0.079,0.0
20250513,20.923,20.945,20.945,20.923,465,9806.0,0.1,-0.08,-0.017,0.0
20250514,20.929,20.864,20.929,20.864,1537,32360.0,0.31,-0.39,-0.081,0.0
20250515,20.954,20.973,20.973,20.954,552,11665.0,0.09,0.52,0.109,0.0
20250516,20.993,21.001,21.003,20.993,2706,57262.0,0.05,0.13,0.028,0.0
20250519,20.894,20.989,20.989,20.894,1008,21252.0,0.45,-0.06,-0.012,0.0
20250520,20.947,20.947,20.947,20.947,170,3589.0,0.0,-0.2,-0.042,0.0
20250521,20.884,20.815,20.884,20.815,1566,32934.0,0.33,-0.63,-0.132,0.0
20250522,20.854,20.869,20.874,20.854,1175,24713.0,0.1,0.26,0.054,0.0
20250523,20.914,20.909,20.914,20.909,308,6492.0,0.02,0.19,0.04,0.0
20250527,20.968,21.0,21.013,20.968,681,14415.0,0.22,0.44,0.091,0.0
20250528,20.954,20.954,20.973,20.954,3151,66569.0,0.09,-0.22,-0.046,0.0
20250529,21.023,21.034,21.034,21.023,9708,205712.0,0.05,0.38,0.08,0.0
20250530,21.053,21.063,21.063,21.043,4022,85367.0,0.1,0.14,0.029,0.0
20250602,21.022,21.003,21.053,20.993,90977,1926360.0,0.28,-0.28,-0.06,0.0
20250603,21.063,21.003,21.063,21.003,36985,783345.0,0.29,0.0,0.0,0.0
20250604,21.092,21.112,21.132,21.092,4102,87310.0,0.19,0.52,0.109,0.0
20250605,21.132,21.073,21.132,21.073,2357,50129.0,0.28,-0.18,-0.039,0.0
20250606,21.013,20.979,21.013,20.973,1438,30437.0,0.19,-0.45,-0.094,0.0
20250609,20.993,21.003,21.023,20.993,2419,51227.0,0.14,0.11,0.024,0.0
20250610,21.043,21.043,21.043,21.043,695,14740.0,0.0,0.19,0.04,0.0
20250611,21.082,21.115,21.132,21.073,1343,28569.0,0.28,0.34,0.072,0.0
20250612,21.092,21.19,21.19,21.092,1419,30260.0,0.46,0.36,0.075,0.0
20250613,21.147,21.102,21.147,21.073,8163,173724.0,0.35,-0.42,-0.088,0.0
20250616,21.092,21.063,21.122,21.063,1586,33705.0,0.28,-0.18,-0.039,0.0
20250617,21.134,21.134,21.134,21.134,292,6219.0,0.0,0.34,0.071,0.0
20250618,21.163,21.162,21.182,21.142,12495,266486.0,0.19,0.13,0.028,0.0
20250620,21.167,21.162,21.192,21.162,1044,22286.0,0.14,0.0,0.0,0.0
20250623,21.202,21.221,21.251,21.202,2990,63962.0,0.23,0.28,0.059,0.0
20250624,21.291,21.291,21.291,21.291,516,11068.0,0.0,0.33,0.07,0.0
20250625,21.261,21.284,21.284,21.231,672,14402.0,0.25,-0.03,-0.007,0.0
20250626,21.35,21.344,21.35,21.344,840,18075.0,0.03,0.28,0.06,0.0
20250627,21.31,21.3,21.32,21.29,1624,34606.0,0.14,-0.21,-0.044,0.0
20250630,21.35,21.375,21.375,21.35,1201,25652.0,0.12,0.35,0.075,0.0
20250701,21.37,21.37,21.37,21.33,195864,4178144.0,0.19,-0.02,-0.005,0.0
20250702,21.31,21.34,21.34,21.31,7428,158305.0,0.14,-0.14,-0.03,0.0
20250703,21.293,21.285,21.3,21.28,3536,75300.0,0.09,-0.26,-0.055,0.0
20250707,21.26,21.22,21.26,21.215,1016,21565.0,0.21,-0.31,-0.065,0.0
20250708,21.189,21.2,21.2,21.189,2409,51042.0,0.05,-0.09,-0.02,0.0
20250709,21.25,21.289,21.289,21.23,731,15533.0,0.28,0.42,0.089,0.0
20250710,21.25,21.285,21.29,21.25,753,16019.0,0.19,-0.02,-0.004,0.0
20250711,21.197,21.201,21.201,21.19,2910,61670.0,0.05,-0.39,-0.084,0.0
20250714,21.2,21.21,21.21,21.2,1171,24835.0,0.05,0.04,0.009,0.0
20250715,21.138,21.138,21.138,21.138,103,2177.0,0.0,-0.34,-0.072,0.0
20250716,21.16,21.17,21.19,21.16,6259,132538.0,0.14,0.15,0.032,0.0
20250717,21.17,21.17,21.17,21.17,209,4425.0,0.0,0.0,0.0,0.0
20250718,21.2,21.204,21.204,21.2,397,8417.0,0.02,0.16,0.034,0.0
20250721,21.29,21.269,21.29,21.269,384,8175.0,0.1,0.31,0.065,0.0
20250722,21.301,21.305,21.305,21.301,594,12653.0,0.02,0.17,0.036,0.0
20250723,21.27,21.255,21.27,21.253,1640,34876.0,0.08,-0.23,-0.05,0.0
20250724,21.25,21.23,21.25,21.23,169,3591.0,0.09,-0.12,-0.025,0.0
20250725,21.25,21.275,21.29,21.25,2298,48857.0,0.19,0.21,0.045,0.0
20250728,21.23,21.24,21.25,21.23,1158,24594.0,0.09,-0.16,-0.035,0.0
20250729,21.3,21.34,21.34,21.3,583,12418.0,0.19,0.47,0.1,0.0
20250730,21.284,21.284,21.284,21.284,29,618.0,0.0,-0.26,-0.056,0.0
20250731,21.32,21.26,21.32,21.26,2434,51845.0,0.28,-0.11,-0.024,0.0
20250801,21.43,21.461,21.461,21.42,15359,329162.0,0.19,0.95,0.201,0.0
20250804,21.44,21.48,21.49,21.44,3328,71402.0,0.23,0.09,0.019,0.0
20250805,21.45,21.49,21.49,21.45,952,20446.0,0.19,0.05,0.01,0.0
20250806,21.47,21.49,21.5,21.46,1346,28915.0,0.19,0.0,0.0,0.0
20250807,21.43,21.46,21.46,21.43,451,9671.0,0.14,-0.14,-0.03,0.0
20250808,21.423,21.425,21.43,21.42,653,13991.0,0.05,-0.16,-0.035,0.0
20250811,21.45,21.431,21.45,21.431,612,13122.0,0.09,0.03,0.006,0.0
20250812,21.41,21.425,21.425,21.4,1145,24511.0,0.12,-0.03,-0.006,0.0
20250813,21.5,21.495,21.5,21.495,306,6579.0,0.02,0.33,0.07,0.0
20250814,21.47,21.46,21.47,21.43,1688,36216.0,0.19,-0.16,-0.035,0.0
20250815,21.41,21.41,21.41,21.41,361,7729.0,0.0,-0.23,-0.05,0.0
20250818,21.37,21.35,21.4,21.35,1733,37054.0,0.23,-0.28,-0.06,0.0
20250819,21.4,21.428,21.43,21.4,3372,72247.0,0.14,0.37,0.078,0.0
20250820,21.41,21.445,21.445,21.41,1143,24497.0,0.16,0.08,0.017,0.0
20250821,21.4,21.395,21.4,21.395,599,12818.0,0.02,-0.23,-0.05,0.0
20250822,21.5,21.5,21.5,21.5,29,623.0,0.0,0.49,0.105,0.0
20250825,21.49,21.472,21.5,21.472,1243,26701.0,0.13,-0.13,-0.028,0.0
20250826,21.48,21.46,21.48,21.46,401,8610.0,0.09,-0.06,-0.012,0.0
