code,name,industry,region,list_date,ts_code,trade_date,open,high,low,close,pre_close,change,pct_change,volume,amount,turnover_rate,turnover_rate_free,volume_ratio,pe,pe_ttm,pb,ps,ps_ttm,dividend_yield,dividend_yield_ttm,total_share,float_share,free_share,total_mv,circ_mv,limit_up,limit_down,adj_factor
000881,中广核技,化工原料,辽宁,19980902,000881.SZ,20250908,7.83,8.03,7.81,8.02,7.79,0.23,2.9525,175725.06,139377.25,2.1077,3.3671,1.19,,,1.4769,1.2292,1.2778,0.0,,94542.5815,83373.484,52189.25,758231.5036,668655.3417,8.57,7.01,5.007
000881,中广核技,化工原料,辽宁,19980902,000881.SZ,20250905,7.71,7.79,7.68,7.79,7.7,0.09,1.1688,88165.06,68183.737,1.0575,1.6893,0.57,,,1.4346,1.194,1.2411,0.0,,94542.5815,83373.484,52189.25,736486.7099,649479.4404,8.47,6.93,5.007
000881,中广核技,化工原料,辽宁,19980902,000881.SZ,20250904,7.7,7.81,7.59,7.7,7.7,0.0,0.0,116420.0,89946.258,1.3964,2.2307,0.69,,,1.418,1.1802,1.2268,0.0,,94542.5815,83373.484,52189.25,727977.8776,641975.8268,8.47,6.93,5.007
000881,中广核技,化工原料,辽宁,19980902,000881.SZ,20250903,7.98,7.98,7.68,7.7,7.94,-0.24,-3.0227,114511.48,89404.233,1.3735,2.1942,0.62,,,1.418,1.1802,1.2268,0.0,,94542.5815,83373.484,52189.25,727977.8776,641975.8268,8.73,7.15,5.007
000881,中广核技,化工原料,辽宁,19980902,000881.SZ,20250902,8.04,8.04,7.88,7.94,8.08,-0.14,-1.7327,144285.86,114592.06,1.7306,2.7647,0.78,,,1.4622,1.217,1.265,0.0,,94542.5815,83373.484,52189.25,750668.0971,661985.463,8.89,7.27,5.007
000881,中广核技,化工原料,辽宁,19980902,000881.SZ,20250901,7.83,8.11,7.75,8.08,7.82,0.26,3.3248,271886.97,218292.983,3.2611,5.2096,1.55,,,1.488,1.2384,1.2873,0.0,,94542.5815,83373.484,52189.25,763904.0585,673657.7507,8.6,7.04,5.007
000881,中广核技,化工原料,辽宁,19980902,000881.SZ,20250829,7.85,7.92,7.78,7.82,7.91,-0.09,-1.1378,123069.07,96469.515,1.4761,2.3581,0.71,,,1.4401,1.1986,1.2459,0.0,,94542.5815,83373.484,52189.25,739322.9873,651980.6449,8.7,7.12,5.007
000881,中广核技,化工原料,辽宁,19980902,000881.SZ,20250828,7.85,7.93,7.6,7.91,7.84,0.07,0.8929,193144.66,150236.553,2.3166,3.7009,1.19,,,1.4475,1.2124,1.2633,0.0,,94542.5815,83373.484,52189.25,747831.8197,659484.2584,8.62,7.06,5.007
000881,中广核技,化工原料,辽宁,19980902,000881.SZ,20250827,8.09,8.11,7.83,7.84,8.08,-0.24,-2.9703,188247.0,150240.2,2.2579,3.607,1.28,,,1.4347,1.2016,1.2521,0.0,,94542.5815,83373.484,52189.25,741213.839,653648.1146,8.89,7.27,5.007
000881,中广核技,化工原料,辽宁,19980902,000881.SZ,20250826,8.08,8.1,8.01,8.08,8.09,-0.01,-0.1236,147447.0,118851.613,1.7685,2.8252,0.98,,,1.4786,1.2384,1.2904,0.0,,94542.5815,83373.484,52189.25,763904.0585,673657.7507,8.9,7.28,5.007
000881,中广核技,化工原料,辽宁,19980902,000881.SZ,20250825,8.02,8.1,7.97,8.09,7.97,0.12,1.5056,224411.81,180564.651,2.6916,4.3,1.68,,,1.4805,1.2399,1.292,0.0,,94542.5815,83373.484,52189.25,764849.4843,674491.4856,8.77,7.17,5.007
000881,中广核技,化工原料,辽宁,19980902,000881.SZ,20250822,7.97,7.99,7.88,7.97,7.97,0.0,0.0,112177.55,88920.223,1.3455,2.1494,0.83,,,1.4585,1.2216,1.2729,0.0,,94542.5815,83373.484,52189.25,753504.3746,664486.6675,8.77,7.17,5.0074
000881,中广核技,化工原料,辽宁,19980902,000881.SZ,20250821,7.95,8.02,7.94,7.97,7.94,0.03,0.3778,136071.08,108528.515,1.6321,2.6073,1.0,,,1.4585,1.2216,1.2729,0.0,,94542.5815,83373.484,52189.25,753504.3746,664486.6675,8.73,7.15,5.0074
000881,中广核技,化工原料,辽宁,19980902,000881.SZ,20250820,7.89,7.95,7.88,7.94,7.92,0.02,0.2525,112397.5,88901.043,1.3481,2.1537,0.83,,,1.453,1.217,1.2681,0.0,,94542.5815,83373.484,52189.25,750668.0971,661985.463,8.71,7.13,5.0074
000881,中广核技,化工原料,辽宁,19980902,000881.SZ,20250819,8.0,8.03,7.85,7.92,8.02,-0.1,-1.2469,170151.7,134801.954,2.0408,3.2603,1.36,,,1.4493,1.2139,1.2649,0.0,,94542.5815,83373.484,52189.25,748777.2455,660317.9933,8.82,7.22,5.0074
000881,中广核技,化工原料,辽宁,19980902,000881.SZ,20250818,7.98,8.07,7.98,8.02,7.98,0.04,0.5013,137955.33,110723.132,1.6547,2.6434,1.02,,,1.4676,1.2292,1.2808,0.0,,94542.5815,83373.484,52189.25,758231.5036,668655.3417,8.78,7.18,5.0074
000881,中广核技,化工原料,辽宁,19980902,000881.SZ,20250815,7.86,7.98,7.85,7.98,7.87,0.11,1.3977,118697.0,94263.168,1.4237,2.2744,0.83,,,1.4603,1.2231,1.2745,0.0,,94542.5815,83373.484,52189.25,754449.8004,665320.4023,8.66,7.08,5.0074
000881,中广核技,化工原料,辽宁,19980902,000881.SZ,20250814,8.03,8.1,7.86,7.87,8.03,-0.16,-1.9925,138122.19,109914.322,1.6567,2.6466,1.02,,,1.4402,1.2062,1.2569,0.0,,94542.5815,83373.484,52189.25,744050.1164,656149.3191,8.83,7.23,5.007
000881,中广核技,化工原料,辽宁,19980902,000881.SZ,20250813,8.07,8.11,8.01,8.03,8.07,-0.04,-0.4957,108883.81,87595.784,1.306,2.0863,0.81,,,1.4695,1.2308,1.2824,0.0,,94542.5815,83373.484,52189.25,759176.9294,669489.0765,8.88,7.26,5.007
000881,中广核技,化工原料,辽宁,19980902,000881.SZ,20250812,8.12,8.17,8.04,8.07,8.17,-0.1,-1.224,121890.54,98512.57,1.462,2.3355,0.96,,,1.4768,1.2369,1.2888,0.0,,94542.5815,83373.484,52189.25,762958.6327,672824.0159,8.99,7.35,5.007
000881,中广核技,化工原料,辽宁,19980902,000881.SZ,20250811,8.08,8.25,8.0,8.17,8.08,0.09,1.1139,187047.09,151968.065,2.2435,3.584,1.74,,,1.4951,1.2522,1.3048,0.0,,94542.5815,83373.484,52189.25,772412.8909,681161.3643,8.89,7.27,5.007
000881,中广核技,化工原料,辽宁,19980902,000881.SZ,20250808,7.96,8.1,7.95,8.08,7.99,0.09,1.1264,155808.0,125509.375,1.8688,2.9854,1.68,,,1.4786,1.2384,1.2904,0.0,,94542.5815,83373.484,52189.25,763904.0585,673657.7507,8.79,7.19,5.007
000881,中广核技,化工原料,辽宁,19980902,000881.SZ,20250807,8.03,8.05,7.95,7.99,8.03,-0.04,-0.4981,101370.09,80985.042,1.2159,1.9424,0.98,,,1.4622,1.2246,1.2761,0.0,,94542.5815,83373.484,52189.25,755395.2262,666154.1372,8.83,7.23,5.007
000881,中广核技,化工原料,辽宁,19980902,000881.SZ,20250806,7.98,8.04,7.93,8.03,7.96,0.07,0.8794,105391.0,84336.771,1.2641,2.0194,0.92,,,1.4695,1.2308,1.2824,0.0,,94542.5815,83373.484,52189.25,759176.9294,669489.0765,8.76,7.16,5.007
000881,中广核技,化工原料,辽宁,19980902,000881.SZ,20250805,7.92,7.96,7.9,7.96,7.92,0.04,0.5051,82587.09,65554.714,0.9906,1.5825,0.66,,,1.4567,1.22,1.2713,0.0,,94542.5815,83373.484,52189.25,752558.9487,663652.9326,8.71,7.13,5.007
000881,中广核技,化工原料,辽宁,19980902,000881.SZ,20250804,7.78,7.92,7.74,7.92,7.81,0.11,1.4085,92129.08,72383.116,1.105,1.7653,0.68,,,1.4493,1.2139,1.2649,0.0,,94542.5815,83373.484,52189.25,748777.2455,660317.9933,8.59,7.03,5.007
000881,中广核技,化工原料,辽宁,19980902,000881.SZ,20250801,7.78,7.85,7.78,7.81,7.81,0.0,0.0,81750.88,63933.181,0.9805,1.5664,0.55,,,1.4292,1.197,1.2473,0.0,,94542.5815,83373.484,52189.25,738377.5615,651146.91,8.59,7.03,5.007
000881,中广核技,化工原料,辽宁,19980902,000881.SZ,20250731,8.02,8.02,7.8,7.81,8.03,-0.22,-2.7397,155216.93,122240.123,1.8617,2.9741,1.0,,,1.4292,1.197,1.2473,0.0,,94542.5815,83373.484,52189.25,738377.5615,651146.91,8.83,7.23,5.007
000881,中广核技,化工原料,辽宁,19980902,000881.SZ,20250730,7.95,8.06,7.91,8.03,7.95,0.08,1.0063,158302.27,126442.673,1.8987,3.0332,0.93,,,1.4695,1.2308,1.2824,0.0,,94542.5815,83373.484,52189.25,759176.9294,669489.0765,8.75,7.16,5.007
000881,中广核技,化工原料,辽宁,19980902,000881.SZ,20250729,8.0,8.03,7.86,7.95,8.03,-0.08,-0.9963,142393.17,112760.616,1.7079,2.7284,0.83,,,1.4548,1.2185,1.2697,0.0,,94542.5815,83373.484,52189.25,751613.5229,662819.1978,8.83,7.23,5.007
000881,中广核技,化工原料,辽宁,19980902,000881.SZ,20250728,8.05,8.07,7.95,8.03,8.07,-0.04,-0.4957,142611.41,114055.703,1.7105,2.7326,0.82,,,1.4695,1.2308,1.2824,0.0,,94542.5815,83373.484,52189.25,759176.9294,669489.0765,8.88,7.26,5.007
000881,中广核技,化工原料,辽宁,19980902,000881.SZ,20250725,8.17,8.18,8.06,8.07,8.18,-0.11,-1.3447,150053.4,121380.92,1.7998,2.8752,0.87,,,1.4768,1.2369,1.2888,0.0,,94542.5815,83373.484,52189.25,762958.6327,672824.0159,9.0,7.36,5.007
000881,中广核技,化工原料,辽宁,19980902,000881.SZ,20250724,8.16,8.19,8.06,8.18,8.16,0.02,0.2451,180042.0,146375.416,2.1595,3.4498,1.11,,,1.4969,1.2537,1.3064,0.0,,94542.5815,83373.484,52189.25,773358.3167,681995.0991,8.98,7.34,5.007
000881,中广核技,化工原料,辽宁,19980902,000881.SZ,20250723,8.39,8.45,8.13,8.16,8.21,-0.05,-0.609,232254.0,192024.156,2.7857,4.4502,1.62,,,1.4933,1.2507,1.3032,0.0,,94542.5815,83373.484,52189.25,771467.465,680327.6294,9.03,7.39,5.007
000881,中广核技,化工原料,辽宁,19980902,000881.SZ,20250722,8.23,8.32,8.13,8.21,8.22,-0.01,-0.1217,156241.28,127933.051,1.874,2.9937,0.87,,,1.5024,1.2583,1.3112,0.0,,94542.5815,83373.484,52189.25,776194.5941,684496.3036,9.04,7.4,5.007
000881,中广核技,化工原料,辽宁,19980902,000881.SZ,20250721,8.17,8.26,8.16,8.22,8.15,0.07,0.8589,147946.28,121473.2,1.7745,2.8348,0.72,,,1.5042,1.2599,1.3128,0.0,,94542.5815,83373.484,52189.25,777140.0199,685330.0385,8.97,7.34,5.007
000881,中广核技,化工原料,辽宁,19980902,000881.SZ,20250718,8.12,8.19,8.06,8.15,8.14,0.01,0.1229,144826.0,117823.068,1.7371,2.775,0.66,,,1.4914,1.2491,1.3016,0.0,,94542.5815,83373.484,52189.25,770522.0392,679493.8946,8.95,7.33,5.007
000881,中广核技,化工原料,辽宁,19980902,000881.SZ,20250717,8.12,8.15,8.06,8.14,8.13,0.01,0.123,132050.0,106980.125,1.5838,2.5302,0.49,,,1.4896,1.2476,1.3,0.0,,94542.5815,83373.484,52189.25,769576.6134,678660.1598,8.94,7.32,5.007
000881,中广核技,化工原料,辽宁,19980902,000881.SZ,20250716,8.07,8.15,7.99,8.13,8.07,0.06,0.7435,135355.44,109362.466,1.6235,2.5936,0.45,,,1.4878,1.2461,1.2984,0.0,,94542.5815,83373.484,52189.25,768631.1876,677826.4249,8.88,7.26,5.007
000881,中广核技,化工原料,辽宁,19980902,000881.SZ,20250715,8.34,8.37,8.04,8.07,8.49,-0.42,-4.947,342817.0,279158.816,4.1118,6.5687,1.12,,,1.4768,1.2369,1.2888,0.0,,94542.5815,83373.484,52189.25,762958.6327,672824.0159,9.34,7.64,5.007
000881,中广核技,化工原料,辽宁,19980902,000881.SZ,20250714,8.58,8.77,8.46,8.49,8.38,0.11,1.3126,279050.69,239808.023,3.347,5.3469,0.81,,,1.5537,1.3013,1.3559,0.0,,94542.5815,83373.484,52189.25,802666.5169,707840.8792,9.22,7.54,5.007
000881,中广核技,化工原料,辽宁,19980902,000881.SZ,20250711,8.36,8.44,8.25,8.38,8.38,0.0,0.0,209501.0,175270.72,2.5128,4.0143,0.56,,,1.5335,1.2844,1.3383,0.0,,94542.5815,83373.484,52189.25,792266.833,698669.7959,9.22,7.54,5.007
000881,中广核技,化工原料,辽宁,19980902,000881.SZ,20250710,8.76,8.76,8.38,8.38,8.72,-0.34,-3.8991,378073.69,320041.953,4.5347,7.2443,1.01,,,1.5335,1.2844,1.3383,0.0,,94542.5815,83373.484,52189.25,792266.833,698669.7959,9.59,7.85,5.007
000881,中广核技,化工原料,辽宁,19980902,000881.SZ,20250709,8.82,8.9,8.68,8.72,8.86,-0.14,-1.5801,290887.25,254765.397,3.489,5.5737,0.63,,,1.5957,1.3365,1.3926,0.0,,94542.5815,83373.484,52189.25,824411.3107,727016.7805,9.75,7.97,5.007
000881,中广核技,化工原料,辽宁,19980902,000881.SZ,20250708,8.89,8.9,8.74,8.86,8.99,-0.13,-1.4461,366202.0,322716.149,4.3923,7.0168,0.79,,,1.6214,1.358,1.415,0.0,,94542.5815,83373.484,52189.25,837647.2721,738689.0682,9.89,8.09,5.007
000881,中广核技,化工原料,辽宁,19980902,000881.SZ,20250707,8.71,9.07,8.6,8.99,8.68,0.31,3.5714,486578.65,431459.434,5.8361,9.3234,1.08,,,1.6452,1.3779,1.4358,0.0,,94542.5815,83373.484,52189.25,849937.8077,749527.6212,9.55,7.81,5.007
000881,中广核技,化工原料,辽宁,19980902,000881.SZ,20250704,8.58,8.87,8.5,8.68,8.7,-0.02,-0.2299,351208.17,304691.305,4.2125,6.7295,0.76,,,1.5884,1.3304,1.3863,0.0,,94542.5815,83373.484,52189.25,820629.6074,723681.8411,9.57,7.83,5.007
000881,中广核技,化工原料,辽宁,19980902,000881.SZ,20250703,8.76,8.76,8.48,8.7,8.85,-0.15,-1.6949,382919.01,329105.015,4.5928,7.3371,0.8,,,1.5921,1.3334,1.3894,0.0,,94542.5815,83373.484,52189.25,822520.4591,725349.3108,9.74,7.97,5.007
000881,中广核技,化工原料,辽宁,19980902,000881.SZ,20250702,8.52,9.0,8.51,8.85,8.59,0.26,3.0268,707869.14,624160.559,8.4903,13.5635,1.57,,,1.6195,1.3564,1.4134,0.0,,94542.5815,83373.484,52189.25,836701.8463,737855.3334,9.45,7.73,5.007
000881,中广核技,化工原料,辽宁,19980902,000881.SZ,20250701,8.49,8.71,8.46,8.59,8.58,0.01,0.1166,375434.91,322450.083,4.503,7.1937,0.7,,,1.572,1.3166,1.3719,0.0,,94542.5815,83373.484,52189.25,812120.7751,716178.2276,9.44,7.72,5.007
000881,中广核技,化工原料,辽宁,19980902,000881.SZ,20250630,8.37,8.68,8.33,8.58,8.32,0.26,3.125,444073.76,378732.957,5.6188,9.2805,0.8,,,1.5701,1.315,1.3703,0.0,,94542.5815,79034.1781,47849.9441,811175.3493,678113.2481,9.15,7.49,5.007
000881,中广核技,化工原料,辽宁,19980902,000881.SZ,20250627,8.33,8.4,8.26,8.32,8.48,-0.16,-1.8868,394236.59,327953.976,4.9882,8.239,0.7,,,1.5225,1.2752,1.3288,0.0,,94542.5815,79034.1781,47849.9441,786594.2781,657564.3618,9.33,7.63,5.007
000881,中广核技,化工原料,辽宁,19980902,000881.SZ,20250626,8.65,8.75,8.48,8.48,8.7,-0.22,-2.5287,459099.19,393669.842,5.8089,9.5945,0.71,,,1.5518,1.2997,1.3543,0.0,,94542.5815,79034.4031,47850.1691,801721.0911,670211.7383,9.57,7.83,5.007
000881,中广核技,化工原料,辽宁,19980902,000881.SZ,20250625,8.89,8.97,8.61,8.7,8.76,-0.06,-0.6849,582691.54,510210.802,7.3726,12.1774,0.8,,,1.5921,1.3334,1.3894,0.0,,94542.5815,79034.4031,47850.1691,822520.4591,687599.307,9.64,7.88,5.007
000881,中广核技,化工原料,辽宁,19980902,000881.SZ,20250624,8.68,9.05,8.45,8.76,9.06,-0.3,-3.3113,820211.11,721707.848,10.3779,17.1412,1.03,,,1.6031,1.3426,1.399,0.0,,94542.5815,79034.4031,47850.1691,828193.0139,692341.3712,9.97,8.15,5.007
000881,中广核技,化工原料,辽宁,19980902,000881.SZ,20250623,8.45,9.06,8.32,9.06,8.24,0.82,9.9515,522131.18,455156.16,6.6064,10.9118,0.56,,,1.658,1.3886,1.4469,0.0,,94542.5815,79034.4031,47850.1691,856555.7884,716051.6921,9.06,7.42,5.007
000881,中广核技,化工原料,辽宁,19980902,000881.SZ,20250620,8.36,8.45,8.17,8.24,8.48,-0.24,-2.8302,448892.75,371199.422,5.6797,9.3812,0.46,,,1.5079,1.2629,1.316,0.0,,94542.5815,79034.4031,47850.1691,779030.8716,651243.4815,9.33,7.63,5.007
000881,中广核技,化工原料,辽宁,19980902,000881.SZ,20250619,8.78,8.8,8.16,8.48,9.06,-0.58,-6.4018,842445.27,712178.87,10.6592,17.6059,0.97,,,1.5518,1.2997,1.3543,0.0,,94542.5815,79034.4031,47850.1691,801721.0911,670211.7383,9.97,8.15,5.007
000881,中广核技,化工原料,辽宁,19980902,000881.SZ,20250618,9.02,9.66,8.75,9.06,9.26,-0.2,-2.1598,1008692.45,919968.647,12.7627,21.0802,1.41,,,1.658,1.3886,1.4469,0.0,,94542.5815,79034.4031,47850.1691,856555.7884,716051.6921,10.19,8.33,5.007
000881,中广核技,化工原料,辽宁,19980902,000881.SZ,20250617,8.71,9.5,8.58,9.26,8.81,0.45,5.1078,1161186.93,1060273.098,14.6922,24.2671,2.03,,,1.6946,1.4193,1.4789,0.0,,94542.5815,79034.4031,47850.1691,875464.3047,731858.5727,9.69,7.93,5.007
000881,中广核技,化工原料,辽宁,19980902,000881.SZ,20250616,8.95,9.27,8.7,8.81,8.58,0.23,2.6807,1214499.34,1087966.647,15.3667,25.3813,3.3,,,1.6122,1.3503,1.407,0.0,,94542.5815,79034.4031,47850.1691,832920.143,696293.0913,9.44,7.72,5.007
000881,中广核技,化工原料,辽宁,19980902,000881.SZ,20250613,7.81,8.58,7.81,8.58,7.8,0.78,10.0,696626.09,576631.414,8.8142,14.5585,2.64,,,1.5701,1.315,1.3703,0.0,,94542.5815,79034.4031,47850.1691,811175.3493,678115.1786,8.58,7.02,5.007
000881,中广核技,化工原料,辽宁,19980902,000881.SZ,20250612,7.77,7.93,7.67,7.8,7.76,0.04,0.5155,257697.51,201432.224,3.2606,5.3855,1.02,,,1.4274,1.1955,1.2457,0.0,,94542.5815,79034.4031,47850.1691,737432.1357,616468.3442,8.54,6.98,5.007
000881,中广核技,化工原料,辽宁,19980902,000881.SZ,20250611,7.86,7.88,7.71,7.76,7.9,-0.14,-1.7722,244847.19,190253.592,3.098,5.117,0.97,,,1.4201,1.1894,1.2393,0.0,,94542.5815,79034.4031,47850.1691,733650.4324,613306.9681,8.69,7.11,5.007
000881,中广核技,化工原料,辽宁,19980902,000881.SZ,20250610,7.73,8.12,7.63,7.9,7.68,0.22,2.8646,449884.37,353651.995,5.6923,9.4019,2.11,,,1.4457,1.2108,1.2617,0.0,,94542.5815,79034.4031,47850.1691,746886.3939,624371.7845,8.45,6.91,5.007
000881,中广核技,化工原料,辽宁,19980902,000881.SZ,20250609,7.63,7.69,7.62,7.68,7.58,0.1,1.3193,193226.19,147999.605,2.4448,4.0382,0.72,,,1.4054,1.1771,1.2265,0.0,,94542.5815,79034.4031,47850.1691,726087.0259,606984.2158,8.34,6.82,5.007
000881,中广核技,化工原料,辽宁,19980902,000881.SZ,20250606,7.59,7.7,7.56,7.58,7.62,-0.04,-0.5249,173883.98,132340.319,2.2001,3.6339,0.46,,,1.3871,1.1618,1.2106,0.0,,94542.5815,79034.4031,47850.1691,716632.7678,599080.7755,8.38,6.86,5.007
000881,中广核技,化工原料,辽宁,19980902,000881.SZ,20250605,7.69,7.7,7.58,7.62,7.69,-0.07,-0.9103,196539.08,149794.343,2.4868,4.1074,0.36,,,1.3944,1.1679,1.217,0.0,,94542.5815,79034.4031,47850.1691,720414.471,602242.1516,8.46,6.92,5.007
000881,中广核技,化工原料,辽宁,19980902,000881.SZ,20250604,7.84,8.01,7.67,7.69,7.74,-0.05,-0.646,249867.21,194185.363,3.1615,5.2219,0.39,,,1.4073,1.1786,1.2281,0.0,,94542.5815,79034.4031,47850.1691,727032.4517,607774.5598,8.51,6.97,5.007
000881,中广核技,化工原料,辽宁,19980902,000881.SZ,20250603,7.66,7.82,7.59,7.74,7.76,-0.02,-0.2577,250616.0,193213.807,3.171,5.2375,0.34,,,1.4164,1.1863,1.2361,0.0,,94542.5815,79034.4031,47850.1691,731759.5808,611726.28,8.54,6.98,5.007
000881,中广核技,化工原料,辽宁,19980902,000881.SZ,20250530,8.06,8.06,7.71,7.76,8.19,-0.43,-5.2503,462983.32,361701.971,5.858,9.6757,0.67,,,1.4201,1.1894,1.2393,0.0,,94542.5815,79034.4031,47850.1691,733650.4324,613306.9681,9.01,7.37,5.007
000881,中广核技,化工原料,辽宁,19980902,000881.SZ,20250529,8.12,8.36,8.03,8.19,8.47,-0.28,-3.3058,749552.12,614181.185,9.4839,15.6646,1.34,,,1.4988,1.2553,1.308,0.0,,94542.5815,79034.4031,47850.1691,774303.7425,647291.7614,9.32,7.62,5.007
000881,中广核技,化工原料,辽宁,19980902,000881.SZ,20250528,7.89,8.7,7.73,8.47,7.91,0.56,7.0796,1016819.4,839248.142,12.8655,21.2501,2.71,,,1.55,1.2982,1.3527,0.0,,94542.5815,79034.4031,47850.1691,800775.6653,669421.3943,8.7,7.12,5.007
000881,中广核技,化工原料,辽宁,19980902,000881.SZ,20250527,7.96,8.37,7.76,7.91,8.04,-0.13,-1.6169,752406.73,598799.717,9.52,15.7242,3.0,,,1.4475,1.2124,1.2633,0.0,,94542.5815,79034.4031,47850.1691,747831.8197,625162.1285,8.84,7.24,5.007
000881,中广核技,化工原料,辽宁,19980902,000881.SZ,20250526,7.58,8.04,7.55,8.04,7.31,0.73,9.9863,688067.13,537879.049,8.7059,14.3796,4.84,,,1.4713,1.2323,1.284,0.0,,94542.5815,79034.4031,47850.1691,760122.3553,635436.6009,8.04,6.58,5.007
000881,中广核技,化工原料,辽宁,19980902,000881.SZ,20250523,7.23,7.47,7.22,7.31,7.19,0.12,1.669,232016.2,171144.515,2.9356,4.8488,1.86,,,1.3377,1.1204,1.1675,0.0,,94542.5815,79034.4031,47850.1691,691106.2708,577741.4867,7.91,6.47,5.007
000881,中广核技,化工原料,辽宁,19980902,000881.SZ,20250522,7.26,7.33,7.18,7.19,7.29,-0.1,-1.3717,112387.0,81543.789,1.422,2.3487,0.92,,,1.3158,1.102,1.1483,0.0,,94542.5815,79034.4031,47850.1691,679761.161,568257.3583,8.02,6.56,5.007
000881,中广核技,化工原料,辽宁,19980902,000881.SZ,20250521,7.38,7.4,7.25,7.29,7.38,-0.09,-1.2195,94556.59,69147.9,1.1964,1.9761,0.76,,,1.3341,1.1173,1.1643,0.0,,94542.5815,79034.4031,47850.1691,689215.4191,576160.7986,8.12,6.64,5.007
000881,中广核技,化工原料,辽宁,19980902,000881.SZ,20250520,7.38,7.47,7.3,7.38,7.39,-0.01,-0.1353,126157.0,92922.033,1.5962,2.6365,1.02,,,1.3505,1.1311,1.1786,0.0,,94542.5815,79034.4031,47850.1691,697724.2515,583273.8949,8.13,6.65,5.007
000881,中广核技,化工原料,辽宁,19980902,000881.SZ,20250519,7.31,7.39,7.2,7.39,7.29,0.1,1.3717,146224.01,107323.163,1.8501,3.0559,1.12,,,1.3524,1.1327,1.1802,0.0,,94542.5815,79034.4031,47850.1691,698669.6773,584064.2389,8.02,6.56,5.007
000881,中广核技,化工原料,辽宁,19980902,000881.SZ,20250516,7.16,7.35,7.12,7.29,7.16,0.13,1.8156,145842.54,106128.693,1.8453,3.0479,1.1,,,1.3341,1.1173,1.1643,0.0,,94542.5815,79034.4031,47850.1691,689215.4191,576160.7986,7.88,6.44,5.007
000881,中广核技,化工原料,辽宁,19980902,000881.SZ,20250515,7.2,7.24,7.14,7.16,7.2,-0.04,-0.5556,95371.0,68423.759,1.2067,1.9931,0.64,,,1.3103,1.0974,1.1435,0.0,,94542.5815,79034.4031,47850.1691,676924.8835,565886.3262,7.92,6.48,5.007
000881,中广核技,化工原料,辽宁,19980902,000881.SZ,20250514,7.2,7.24,7.14,7.2,7.19,0.01,0.1391,106922.01,76823.454,1.3529,2.2345,0.57,,,1.3176,1.1035,1.1499,0.0,,94542.5815,79034.4031,47850.1691,680706.5868,569047.7023,7.91,6.47,5.007
000881,中广核技,化工原料,辽宁,19980902,000881.SZ,20250513,7.34,7.36,7.18,7.19,7.32,-0.13,-1.776,124898.0,90277.327,1.5803,2.6102,0.59,,,1.3158,1.102,1.1483,0.0,,94542.5815,79034.4031,47850.1691,679761.161,568257.3583,8.05,6.59,5.007
000881,中广核技,化工原料,辽宁,19980902,000881.SZ,20250512,7.27,7.37,7.18,7.32,7.27,0.05,0.6878,180874.01,131404.927,2.2885,3.78,0.77,,,1.3395,1.1219,1.1691,0.0,,94542.5815,79034.4031,47850.1691,692051.6966,578531.8307,8.0,6.54,5.007
000881,中广核技,化工原料,辽宁,19980902,000881.SZ,20250509,7.28,7.4,7.22,7.27,7.29,-0.02,-0.2743,157622.0,115159.181,1.9943,3.2941,0.55,,,1.3304,1.1143,1.1611,0.0,,94542.5815,79034.4031,47850.1691,687324.5675,574580.1105,8.02,6.56,5.007
000881,中广核技,化工原料,辽宁,19980902,000881.SZ,20250508,7.31,7.41,7.23,7.29,7.37,-0.08,-1.0855,176206.15,128757.229,2.2295,3.6825,0.49,,,1.3341,1.1173,1.1643,0.0,,94542.5815,79034.4031,47850.1691,689215.4191,576160.7986,8.11,6.63,5.007
000881,中广核技,化工原料,辽宁,19980902,000881.SZ,20250507,7.22,7.38,7.16,7.37,7.18,0.19,2.6462,298815.65,217192.66,3.7808,6.2448,0.69,,,1.3487,1.1296,1.177,0.0,,94542.5815,79034.4031,47850.1691,696778.8257,582483.5508,7.9,6.46,5.007
000881,中广核技,化工原料,辽宁,19980902,000881.SZ,20250506,7.0,7.31,7.0,7.18,6.99,0.19,2.7182,249357.12,177953.97,3.155,5.2112,0.57,,,1.3139,1.1005,1.1467,0.0,,94542.5815,79034.4031,47850.1691,678815.7352,567467.0143,7.69,6.29,5.007
000881,中广核技,化工原料,辽宁,19980902,000881.SZ,20250430,7.22,7.22,6.96,6.99,7.22,-0.23,-3.1856,299839.11,210380.509,3.7938,6.2662,0.78,,,1.2792,1.0714,1.1163,0.0,,94542.5815,79034.4031,47850.1691,660852.6447,552450.4777,7.94,6.5,5.007
000881,中广核技,化工原料,辽宁,19980902,000881.SZ,20250429,7.26,7.53,7.07,7.22,7.44,-0.22,-2.957,406350.8,295342.527,5.1414,8.4921,1.29,,,1.3212,1.1066,1.1531,0.0,,94542.5815,79034.4031,47850.1691,682597.4384,570628.3904,8.18,6.7,5.007
000881,中广核技,化工原料,辽宁,19980902,000881.SZ,20250428,8.07,8.08,7.37,7.44,7.37,0.07,0.9498,559742.31,427832.562,7.0823,11.6978,2.65,,,1.2915,1.1073,1.1227,0.0,,94542.5815,79034.4031,47850.1691,703396.8064,588015.9591,8.11,6.63,5.007
000881,中广核技,化工原料,辽宁,19980902,000881.SZ,20250425,7.5,7.86,7.32,7.37,7.32,0.05,0.6831,649909.09,488638.863,8.2231,13.5822,7.2,,,1.2793,1.0969,1.1121,0.0,,94542.5815,79034.4031,47850.1691,696778.8257,582483.5508,8.05,6.59,5.007
000881,中广核技,化工原料,辽宁,19980902,000881.SZ,20250424,6.71,7.32,6.67,7.32,6.65,0.67,10.0752,258782.01,184642.232,3.2743,5.4082,5.28,,,1.2706,1.0894,1.1046,0.0,,94542.5815,79034.4031,47850.1691,692051.6966,578531.8307,7.32,5.99,5.007
000881,中广核技,化工原料,辽宁,19980902,000881.SZ,20250423,6.64,6.69,6.59,6.65,6.61,0.04,0.6051,50792.84,33708.536,0.6427,1.0615,0.99,,,1.1543,0.9897,1.0035,0.0,,94542.5815,79034.4031,47850.1691,628708.167,525578.7806,7.27,5.95,5.007
000881,中广核技,化工原料,辽宁,19980902,000881.SZ,20250422,6.56,6.62,6.53,6.61,6.57,0.04,0.6088,50179.66,33008.579,0.6349,1.0487,0.94,,,1.1474,0.9837,0.9975,0.0,,94542.5815,79034.4031,47850.1691,624926.4637,522417.4045,7.23,5.91,5.007
000881,中广核技,化工原料,辽宁,19980902,000881.SZ,20250421,6.53,6.59,6.49,6.57,6.52,0.05,0.7669,45116.0,29568.59,0.5708,0.9429,0.75,,,1.1404,0.9778,0.9914,0.0,,94542.5815,79034.4031,47850.1691,621144.7605,519256.0284,7.17,5.87,5.007
000881,中广核技,化工原料,辽宁,19980902,000881.SZ,20250418,6.58,6.58,6.46,6.52,6.55,-0.03,-0.458,46221.01,30103.349,0.5848,0.966,0.72,,,1.1318,0.9704,0.9839,0.0,,94542.5815,79034.4031,47850.1691,616417.6314,515304.3082,7.21,5.9,5.007
000881,中广核技,化工原料,辽宁,19980902,000881.SZ,20250417,6.5,6.61,6.47,6.55,6.52,0.03,0.4601,52601.02,34521.085,0.6655,1.0993,0.7,,,1.137,0.9748,0.9884,0.0,,94542.5815,79034.4031,47850.1691,619253.9088,517675.3403,7.17,5.87,5.007
000881,中广核技,化工原料,辽宁,19980902,000881.SZ,20250416,6.61,6.61,6.4,6.52,6.62,-0.1,-1.5106,62632.11,40690.167,0.7925,1.3089,0.67,,,1.1318,0.9704,0.9839,0.0,,94542.5815,79034.4031,47850.1691,616417.6314,515304.3082,7.28,5.96,5.007
000881,中广核技,化工原料,辽宁,19980902,000881.SZ,20250415,6.6,6.63,6.55,6.62,6.63,-0.01,-0.1508,60957.8,40153.43,0.7713,1.2739,0.55,,,1.1491,0.9852,0.999,0.0,,94542.5815,79034.4031,47850.1691,625871.8895,523207.7485,7.29,5.97,5.007
000881,中广核技,化工原料,辽宁,19980902,000881.SZ,20250414,6.59,6.64,6.57,6.63,6.52,0.11,1.6871,76935.0,50839.733,0.9734,1.6078,0.61,,,1.1509,0.9867,1.0005,0.0,,94542.5815,79034.4031,47850.1691,626817.3153,523998.0926,7.17,5.87,5.007
000881,中广核技,化工原料,辽宁,19980902,000881.SZ,20250411,6.47,6.58,6.46,6.52,6.51,0.01,0.1536,68678.0,44820.785,0.869,1.4353,0.52,,,1.1318,0.9704,0.9839,0.0,,94542.5815,79034.4031,47850.1691,616417.6314,515304.3082,7.16,5.86,5.007
000881,中广核技,化工原料,辽宁,19980902,000881.SZ,20250410,6.52,6.64,6.48,6.51,6.45,0.06,0.9302,107560.77,70607.509,1.3609,2.2479,0.83,,,1.13,0.9689,0.9824,0.0,,94542.5815,79034.4031,47850.1691,615472.2056,514513.9642,7.1,5.81,5.007
000881,中广核技,化工原料,辽宁,19980902,000881.SZ,20250409,6.16,6.48,5.98,6.45,6.31,0.14,2.2187,151913.66,94952.327,1.9221,3.1748,1.16,,,1.1196,0.9599,0.9733,0.0,,94542.5815,79034.4031,47850.1691,609799.6507,509771.9,6.94,5.68,5.007
000881,中广核技,化工原料,辽宁,19980902,000881.SZ,20250408,6.3,6.46,6.24,6.31,6.38,-0.07,-1.0972,145751.66,92247.246,1.8442,3.046,1.13,,,1.0953,0.9391,0.9522,0.0,,94542.5815,79034.4031,47850.1691,596563.6893,498707.0836,7.02,5.74,5.007
000881,中广核技,化工原料,辽宁,19980902,000881.SZ,20250407,6.81,6.91,6.38,6.38,7.09,-0.71,-10.0141,159274.44,104500.082,2.0153,3.3286,1.24,,,1.1075,0.9495,0.9628,0.0,,94542.5815,79034.4031,47850.1691,603181.67,504239.4918,7.8,6.38,5.007
000881,中广核技,化工原料,辽宁,19980902,000881.SZ,20250403,7.0,7.24,6.97,7.09,7.03,0.06,0.8535,99114.0,70415.96,1.2541,2.0713,0.75,,,1.2307,1.0552,1.0699,0.0,,94542.5815,79034.4031,47850.1691,670306.9028,560353.918,7.73,6.33,5.007
000881,中广核技,化工原料,辽宁,19980902,000881.SZ,20250402,7.1,7.15,7.02,7.03,7.13,-0.1,-1.4025,90580.46,64052.764,1.1461,1.893,0.62,,,1.2203,1.0463,1.0608,0.0,,94542.5815,79034.4031,47850.1691,664634.3479,555611.8538,7.84,6.42,5.007
000881,中广核技,化工原料,辽宁,19980902,000881.SZ,20250401,6.9,7.19,6.87,7.13,6.88,0.25,3.6337,160519.16,113419.768,2.031,3.3546,0.94,,,1.2376,1.0611,1.0759,0.0,,94542.5815,79034.4031,47850.1691,674088.6061,563515.2941,7.57,6.19,5.007
000881,中广核技,化工原料,辽宁,19980902,000881.SZ,20250331,7.0,7.02,6.82,6.88,7.05,-0.17,-2.4113,132824.0,91742.354,1.6806,2.7758,0.78,,,1.1942,1.0239,1.0382,0.0,,94542.5815,79034.4031,47850.1691,650452.9607,543756.6933,7.76,6.35,5.007
000881,中广核技,化工原料,辽宁,19980902,000881.SZ,20250328,7.18,7.35,7.0,7.05,7.15,-0.1,-1.3986,157321.95,111883.6,1.9906,3.2878,0.93,,,1.2238,1.0492,1.0639,0.0,,94542.5815,79034.4031,47850.1691,666525.1996,557192.5419,7.87,6.44,5.007
000881,中广核技,化工原料,辽宁,19980902,000881.SZ,20250327,7.31,7.33,7.14,7.15,7.31,-0.16,-2.1888,123801.0,89185.444,1.5664,2.5873,0.75,,,1.2411,1.0641,1.0789,0.0,,94542.5815,79034.4031,47850.1691,675979.4577,565095.9822,8.04,6.58,5.007
000881,中广核技,化工原料,辽宁,19980902,000881.SZ,20250326,7.31,7.37,7.24,7.31,7.35,-0.04,-0.5442,159290.4,116150.253,2.0155,3.3289,1.0,,,1.2689,1.0879,1.1031,0.0,,94542.5815,79034.4031,47850.1691,691106.2708,577741.4867,8.09,6.62,5.007
000881,中广核技,化工原料,辽宁,19980902,000881.SZ,20250325,7.1,7.54,7.04,7.35,7.06,0.29,4.1076,282029.37,207519.383,3.5684,5.894,1.96,,,1.2758,1.0939,1.1091,0.0,,94542.5815,79034.4031,47850.1691,694887.974,580902.8628,7.77,6.35,5.007
000881,中广核技,化工原料,辽宁,19980902,000881.SZ,20250324,7.26,7.34,6.96,7.06,7.26,-0.2,-2.7548,127108.55,90362.267,1.6083,2.6564,0.89,,,1.2255,1.0507,1.0654,0.0,,94542.5815,79034.4031,47850.1691,667470.6254,557982.8859,7.99,6.53,5.007
000881,中广核技,化工原料,辽宁,19980902,000881.SZ,20250321,7.17,7.41,7.16,7.26,7.24,0.02,0.2762,157528.15,114867.639,1.9932,3.2921,1.16,,,1.2602,1.0805,1.0955,0.0,,94542.5815,79034.4031,47850.1691,686379.1417,573789.7665,7.96,6.52,5.007
000881,中广核技,化工原料,辽宁,19980902,000881.SZ,20250320,7.21,7.3,7.14,7.24,7.19,0.05,0.6954,102880.47,74237.059,1.3017,2.1501,0.75,,,1.2567,1.0775,1.0925,0.0,,94542.5815,79034.4031,47850.1691,684488.2901,572209.0784,7.91,6.47,5.007
000881,中广核技,化工原料,辽宁,19980902,000881.SZ,20250319,7.24,7.27,7.17,7.19,7.28,-0.09,-1.2363,127947.0,92405.045,1.6189,2.6739,0.99,,,1.2481,1.0701,1.085,0.0,,94542.5815,79034.4031,47850.1691,679761.161,568257.3583,8.01,6.55,5.007
000881,中广核技,化工原料,辽宁,19980902,000881.SZ,20250318,7.14,7.35,7.08,7.28,7.12,0.16,2.2472,202620.14,146441.134,2.5637,4.2345,1.91,,,1.2637,1.0835,1.0986,0.0,,94542.5815,79034.4031,47850.1691,688269.9933,575370.4546,7.83,6.41,5.007
000881,中广核技,化工原料,辽宁,19980902,000881.SZ,20250317,7.1,7.16,7.06,7.12,7.05,0.07,0.9929,121398.52,86309.65,1.536,2.5371,1.24,,,1.2359,1.0596,1.0744,0.0,,94542.5815,79034.4031,47850.1691,673143.1803,562724.9501,7.76,6.35,5.007
000881,中广核技,化工原料,辽宁,19980902,000881.SZ,20250314,6.94,7.05,6.89,7.05,6.95,0.1,1.4388,121421.84,84861.556,1.5363,2.5375,1.34,,,1.2238,1.0492,1.0639,0.0,,94542.5815,79034.4031,47850.1691,666525.1996,557192.5419,7.65,6.26,5.007
000881,中广核技,化工原料,辽宁,19980902,000881.SZ,20250313,7.04,7.08,6.89,6.95,7.0,-0.05,-0.7143,112847.1,78510.822,1.4278,2.3583,1.31,,,1.2064,1.0343,1.0488,0.0,,94542.5815,79034.4031,47850.1691,657070.9414,549289.1015,7.7,6.3,5.007
000881,中广核技,化工原料,辽宁,19980902,000881.SZ,20250312,7.02,7.05,6.96,7.0,7.01,-0.01,-0.1427,87463.3,61117.532,1.1066,1.8279,0.94,,,1.2151,1.0418,1.0563,0.0,,94542.5815,79034.4031,47850.1691,661798.0705,553240.8217,7.71,6.31,5.007
000881,中广核技,化工原料,辽宁,19980902,000881.SZ,20250311,6.9,7.01,6.88,7.01,6.96,0.05,0.7184,87843.0,61039.949,1.1115,1.8358,0.95,,,1.2168,1.0433,1.0578,0.0,,94542.5815,79034.4031,47850.1691,662743.4963,554031.1657,7.66,6.26,5.007
000881,中广核技,化工原料,辽宁,19980902,000881.SZ,20250310,6.93,7.0,6.9,6.96,6.93,0.03,0.4329,78665.21,54683.921,0.9953,1.644,0.75,,,1.2081,1.0358,1.0503,0.0,,94542.5815,79034.4031,47850.1691,658016.3672,550079.4456,7.62,6.24,5.007
000881,中广核技,化工原料,辽宁,19980902,000881.SZ,20250307,6.92,6.99,6.89,6.93,6.97,-0.04,-0.5739,85242.12,59078.944,1.0785,1.7814,0.69,,,1.2029,1.0314,1.0457,0.0,,94542.5815,79034.4031,47850.1691,655180.0898,547708.4135,7.67,6.27,5.007
000881,中广核技,化工原料,辽宁,19980902,000881.SZ,20250306,6.93,6.99,6.91,6.97,6.93,0.04,0.5772,93140.01,64726.259,1.1785,1.9465,0.56,,,1.2099,1.0373,1.0518,0.0,,94542.5815,79034.4031,47850.1691,658961.7931,550869.7896,7.62,6.24,5.007
000881,中广核技,化工原料,辽宁,19980902,000881.SZ,20250305,7.01,7.02,6.84,6.93,7.0,-0.07,-1.0,118043.01,81479.413,1.4936,2.4669,0.51,,,1.2029,1.0314,1.0457,0.0,,94542.5815,79034.4031,47850.1691,655180.0898,547708.4135,7.7,6.3,5.007
000881,中广核技,化工原料,辽宁,19980902,000881.SZ,20250304,6.93,7.02,6.92,7.0,6.99,0.01,0.1431,88382.17,61762.965,1.1183,1.8471,0.38,,,1.2151,1.0418,1.0563,0.0,,94542.5815,79034.4031,47850.1691,661798.0705,553240.8217,7.69,6.29,5.007
000881,中广核技,化工原料,辽宁,19980902,000881.SZ,20250303,6.94,7.2,6.91,6.99,6.96,0.03,0.431,137795.01,97088.416,1.7435,2.8797,0.62,,,1.2133,1.0403,1.0548,0.0,,94542.5815,79034.4031,47850.1691,660852.6447,552450.4777,7.66,6.26,5.007
000881,中广核技,化工原料,辽宁,19980902,000881.SZ,20250228,7.14,7.17,6.92,6.96,7.2,-0.24,-3.3333,176052.12,123839.94,2.2275,3.6792,0.87,,,1.2081,1.0358,1.0503,0.0,,94542.5815,79034.4031,47850.1691,658016.3672,550079.4456,7.92,6.48,5.007
000881,中广核技,化工原料,辽宁,19980902,000881.SZ,20250227,7.32,7.41,7.1,7.2,7.41,-0.21,-2.834,312290.02,225682.015,3.9513,6.5264,2.02,,,1.2498,1.0716,1.0865,0.0,,94542.5815,79034.4031,47850.1691,680706.5868,569047.7023,8.15,6.67,5.007
000881,中广核技,化工原料,辽宁,19980902,000881.SZ,20250226,7.14,7.87,7.11,7.41,7.15,0.26,3.6364,444612.1,335578.602,5.6256,9.2918,5.45,,,1.2862,1.1028,1.1182,0.0,,94542.5815,79034.4031,47850.1691,700560.5289,585644.927,7.87,6.44,5.007
000881,中广核技,化工原料,辽宁,19980902,000881.SZ,20250225,7.06,7.15,7.01,7.15,7.11,0.04,0.5626,82898.65,58755.433,1.0489,1.7325,0.98,,,1.2411,1.0641,1.0789,0.0,,94542.5815,79034.4031,47850.1691,675979.4577,565095.9822,7.82,6.4,5.007
000881,中广核技,化工原料,辽宁,19980902,000881.SZ,20250224,7.11,7.2,7.06,7.11,7.11,0.0,0.0,93698.0,66720.853,1.1855,1.9582,1.13,,,1.2342,1.0582,1.0729,0.0,,94542.5815,79034.4031,47850.1691,672197.7545,561934.606,7.82,6.4,5.007
000881,中广核技,化工原料,辽宁,19980902,000881.SZ,20250221,7.13,7.15,7.05,7.11,7.13,-0.02,-0.2805,74442.0,52886.242,0.9419,1.5557,0.92,,,1.2342,1.0582,1.0729,0.0,,94542.5815,79034.4031,47850.1691,672197.7545,561934.606,7.84,6.42,5.007
000881,中广核技,化工原料,辽宁,19980902,000881.SZ,20250220,7.1,7.14,7.03,7.13,7.1,0.03,0.4225,78094.52,55365.68,0.9881,1.6321,0.98,,,1.2376,1.0611,1.0759,0.0,,94542.5815,79034.4031,47850.1691,674088.6061,563515.2941,7.81,6.39,5.007
000881,中广核技,化工原料,辽宁,19980902,000881.SZ,20250219,7.03,7.13,7.01,7.1,7.04,0.06,0.8523,78479.0,55411.59,0.993,1.6401,0.92,,,1.2324,1.0567,1.0714,0.0,,94542.5815,79034.4031,47850.1691,671252.3287,561144.262,7.74,6.34,5.007
000881,中广核技,化工原料,辽宁,19980902,000881.SZ,20250218,7.13,7.21,7.01,7.04,7.13,-0.09,-1.2623,97167.0,68915.386,1.2294,2.0307,1.1,,,1.222,1.0477,1.0623,0.0,,94542.5815,79034.4031,47850.1691,665579.7738,556402.1978,7.84,6.42,5.007
000881,中广核技,化工原料,辽宁,19980902,000881.SZ,20250217,7.08,7.18,7.07,7.13,7.09,0.04,0.5642,87323.01,62119.601,1.1049,1.8249,1.02,,,1.2376,1.0611,1.0759,0.0,,94542.5815,79034.4031,47850.1691,674088.6061,563515.2941,7.8,6.38,5.007
000881,中广核技,化工原料,辽宁,19980902,000881.SZ,20250214,7.08,7.14,7.03,7.09,7.08,0.01,0.1412,63130.0,44670.945,0.7988,1.3193,0.7,,,1.2307,1.0552,1.0699,0.0,,94542.5815,79034.4031,47850.1691,670306.9028,560353.918,7.79,6.37,5.007
000881,中广核技,化工原料,辽宁,19980902,000881.SZ,20250213,7.18,7.19,7.07,7.08,7.19,-0.11,-1.5299,73470.55,52294.134,0.9296,1.5354,0.82,,,1.229,1.0537,1.0684,0.0,,94542.5815,79034.4031,47850.1691,669361.477,559563.5739,7.91,6.47,5.007
000881,中广核技,化工原料,辽宁,19980902,000881.SZ,20250212,7.19,7.3,7.1,7.19,7.21,-0.02,-0.2774,103858.0,74750.96,1.3141,2.1705,1.21,,,1.2481,1.0701,1.085,0.0,,94542.5815,79034.4031,47850.1691,679761.161,568257.3583,7.93,6.49,5.007
000881,中广核技,化工原料,辽宁,19980902,000881.SZ,20250211,7.15,7.25,7.06,7.21,7.11,0.1,1.4065,111890.61,80065.015,1.4157,2.3384,1.45,,,1.2515,1.073,1.088,0.0,,94542.5815,79034.4031,47850.1691,681652.0126,569838.0464,7.82,6.4,5.007
000881,中广核技,化工原料,辽宁,19980902,000881.SZ,20250210,7.06,7.14,7.06,7.11,7.06,0.05,0.7082,75705.01,53854.078,0.9579,1.5821,0.91,,,1.2342,1.0582,1.0729,0.0,,94542.5815,79034.4031,47850.1691,672197.7545,561934.606,7.77,6.35,5.007
000881,中广核技,化工原料,辽宁,19980902,000881.SZ,20250207,7.02,7.15,6.95,7.06,7.0,0.06,0.8571,88377.3,62434.385,1.1182,1.847,0.84,,,1.2255,1.0507,1.0654,0.0,,94542.5815,79034.4031,47850.1691,667470.6254,557982.8859,7.7,6.3,5.007
000881,中广核技,化工原料,辽宁,19980902,000881.SZ,20250206,6.9,7.01,6.83,7.0,6.89,0.11,1.5965,69730.29,48293.99,0.8823,1.4573,0.66,,,1.2151,1.0418,1.0563,0.0,,94542.5815,79034.4031,47850.1691,661798.0705,553240.8217,7.58,6.2,5.007
000881,中广核技,化工原料,辽宁,19980902,000881.SZ,20250205,6.97,7.02,6.85,6.89,6.88,0.01,0.1453,81771.0,56810.907,1.0346,1.7089,0.77,,,1.196,1.0254,1.0397,0.0,,94542.5815,79034.4031,47850.1691,651398.3865,544547.0374,7.57,6.19,5.007
000881,中广核技,化工原料,辽宁,19980902,000881.SZ,20250127,6.97,7.07,6.87,6.88,6.9,-0.02,-0.2899,71483.0,49854.698,0.9045,1.4939,0.62,,,1.1942,1.0239,1.0382,0.0,,94542.5815,79034.4031,47850.1691,650452.9607,543756.6933,7.59,6.21,5.007
000881,中广核技,化工原料,辽宁,19980902,000881.SZ,20250124,6.92,6.99,6.84,6.9,6.95,-0.05,-0.7194,106671.68,73524.055,1.3497,2.2293,0.86,,,1.1977,1.0269,1.0412,0.0,,94542.5815,79034.4031,47850.1691,652343.8124,545337.3814,7.65,6.26,5.007
000881,中广核技,化工原料,辽宁,19980902,000881.SZ,20250123,7.34,7.5,6.95,6.95,7.18,-0.23,-3.2033,198759.67,143457.068,2.5149,4.1538,2.04,,,1.2064,1.0343,1.0488,0.0,,94542.5815,79034.4031,47850.1691,657070.9414,549289.1015,7.9,6.46,5.007
000881,中广核技,化工原料,辽宁,19980902,000881.SZ,20250122,7.15,7.23,7.1,7.18,7.19,-0.01,-0.1391,69909.0,50176.3,0.8845,1.461,0.72,,,1.2463,1.0686,1.0835,0.0,,94542.5815,79034.4031,47850.1691,678815.7352,567467.0143,7.91,6.47,5.007
000881,中广核技,化工原料,辽宁,19980902,000881.SZ,20250121,7.17,7.26,7.07,7.19,7.13,0.06,0.8415,81046.28,58036.633,1.0255,1.6938,0.81,,,1.2481,1.0701,1.085,0.0,,94542.5815,79034.4031,47850.1691,679761.161,568257.3583,7.84,6.42,5.007
000881,中广核技,化工原料,辽宁,19980902,000881.SZ,20250120,6.93,7.16,6.91,7.13,6.96,0.17,2.4425,120930.0,85394.882,1.5301,2.5273,1.32,,,1.2376,1.0611,1.0759,0.0,,94542.5815,79034.4031,47850.1691,674088.6061,563515.2941,7.66,6.26,5.007
000881,中广核技,化工原料,辽宁,19980902,000881.SZ,20250117,6.81,7.15,6.78,6.96,6.84,0.12,1.7544,148326.1,104065.313,1.8767,3.0998,1.96,,,1.2081,1.0358,1.0503,0.0,,94542.5815,79034.4031,47850.1691,658016.3672,550079.4456,7.52,6.16,5.007
000881,中广核技,化工原料,辽宁,19980902,000881.SZ,20250116,6.9,7.0,6.78,6.84,6.87,-0.03,-0.4367,65754.0,45268.626,0.832,1.3742,0.86,,,1.1873,1.018,1.0322,0.0,,94542.5815,79034.4031,47850.1691,646671.2575,540595.3172,7.56,6.18,5.007
000881,中广核技,化工原料,辽宁,19980902,000881.SZ,20250115,6.95,6.97,6.82,6.87,6.96,-0.09,-1.2931,71475.26,49103.703,0.9044,1.4937,0.87,,,1.1925,1.0224,1.0367,0.0,,94542.5815,79034.4031,47850.1691,649507.5349,542966.3493,7.66,6.26,5.007
000881,中广核技,化工原料,辽宁,19980902,000881.SZ,20250114,6.76,6.96,6.72,6.96,6.75,0.21,3.1111,93279.97,63931.19,1.1802,1.9494,1.15,,,1.2081,1.0358,1.0503,0.0,,94542.5815,79034.4031,47850.1691,658016.3672,550079.4456,7.43,6.08,5.007
000881,中广核技,化工原料,辽宁,19980902,000881.SZ,20250113,6.7,6.76,6.5,6.75,6.65,0.1,1.5038,78127.02,52192.876,0.9885,1.6327,0.92,,,1.1717,1.0046,1.0186,0.0,,94542.5815,79034.4031,47850.1691,638162.4251,533482.2209,7.32,5.99,5.007
000881,中广核技,化工原料,辽宁,19980902,000881.SZ,20250110,6.88,6.92,6.64,6.65,6.88,-0.23,-3.343,70675.0,47885.935,0.8942,1.477,0.76,,,1.1543,0.9897,1.0035,0.0,,94542.5815,79034.4031,47850.1691,628708.167,525578.7806,7.57,6.19,5.007
000881,中广核技,化工原料,辽宁,19980902,000881.SZ,20250109,6.8,6.94,6.8,6.88,6.88,0.0,0.0,69567.01,47917.219,0.8802,1.4539,0.71,,,1.1942,1.0239,1.0382,0.0,,94542.5815,79034.4031,47850.1691,650452.9607,543756.6933,7.57,6.19,5.007
000881,中广核技,化工原料,辽宁,19980902,000881.SZ,20250108,7.08,7.08,6.75,6.88,7.08,-0.2,-2.8249,99371.02,68499.69,1.2573,2.0767,1.04,,,1.1942,1.0239,1.0382,0.0,,94542.5815,79034.4031,47850.1691,650452.9607,543756.6933,7.79,6.37,5.007
000881,中广核技,化工原料,辽宁,19980902,000881.SZ,20250107,6.95,7.09,6.84,7.08,6.94,0.14,2.0173,88944.54,62014.879,1.1254,1.8588,0.95,,,1.229,1.0537,1.0684,0.0,,94542.5815,79034.4031,47850.1691,669361.477,559563.5739,7.63,6.25,5.007
000881,中广核技,化工原料,辽宁,19980902,000881.SZ,20250106,6.86,6.96,6.71,6.94,6.87,0.07,1.0189,95763.01,65771.111,1.2117,2.0013,1.03,,,1.2047,1.0329,1.0473,0.0,,94542.5815,79034.4031,47850.1691,656125.5156,548498.7575,7.56,6.18,5.007
000881,中广核技,化工原料,辽宁,19980902,000881.SZ,20250103,7.13,7.17,6.83,6.87,7.09,-0.22,-3.103,111632.93,77695.537,1.4125,2.333,1.32,,,1.1925,1.0224,1.0367,0.0,,94542.5815,79034.4031,47850.1691,649507.5349,542966.3493,7.8,6.38,5.007
000881,中广核技,化工原料,辽宁,19980902,000881.SZ,20250102,7.32,7.39,7.03,7.09,7.33,-0.24,-3.2742,95792.0,69162.2,1.212,2.0019,1.16,,,1.2307,1.0552,1.0699,0.0,,94542.5815,79034.4031,47850.1691,670306.9028,560353.918,8.06,6.6,5.007
000881,中广核技,化工原料,辽宁,19980902,000881.SZ,20241231,7.5,7.53,7.32,7.33,7.51,-0.18,-2.3968,84142.65,62368.774,1.0646,1.7585,1.05,,,1.2724,1.0909,1.1061,0.5457,,94542.5815,79034.4031,47850.1691,692997.1224,579322.1747,8.26,6.76,5.007
000881,中广核技,化工原料,辽宁,19980902,000881.SZ,20241230,7.67,7.68,7.48,7.51,7.57,-0.06,-0.7926,81177.0,61430.692,1.0271,1.6965,0.97,,,1.3036,1.1177,1.1333,0.5326,,94542.5815,79034.4031,47850.1691,710014.7871,593548.3673,8.33,6.81,5.007
000881,中广核技,化工原料,辽宁,19980902,000881.SZ,20241227,7.43,7.62,7.42,7.57,7.43,0.14,1.8843,91517.99,69146.922,1.158,1.9126,1.16,,,1.314,1.1266,1.1423,0.5284,,94542.5815,79034.4031,47850.1691,715687.342,598290.4315,8.17,6.69,5.007
000881,中广核技,化工原料,辽宁,19980902,000881.SZ,20241226,7.47,7.52,7.39,7.43,7.47,-0.04,-0.5355,71115.0,52961.583,0.8998,1.4862,0.87,,,1.2897,1.1058,1.1212,0.5384,,94542.5815,79034.4031,47850.1691,702451.3805,587225.615,8.22,6.72,5.007
000881,中广核技,化工原料,辽宁,19980902,000881.SZ,20241225,7.65,7.65,7.41,7.47,7.62,-0.15,-1.9685,84349.01,63089.616,1.0672,1.7628,1.02,,,1.2967,1.1117,1.1272,0.5355,,94542.5815,79034.4031,47850.1691,706233.0838,590386.9912,8.38,6.86,5.007
000881,中广核技,化工原料,辽宁,19980902,000881.SZ,20241224,7.6,7.72,7.54,7.62,7.6,0.02,0.2632,73207.85,55807.025,0.9263,1.5299,0.71,,,1.3227,1.1341,1.1499,0.5249,,94542.5815,79034.4031,47850.1691,720414.471,602242.1516,8.36,6.84,5.007
000881,中广核技,化工原料,辽宁,19980902,000881.SZ,20241223,7.78,7.81,7.57,7.6,7.79,-0.19,-2.439,97292.18,74565.361,1.231,2.0333,0.82,,,1.3192,1.1311,1.1469,0.5263,,94542.5815,79034.4031,47850.1691,718523.6194,600661.4636,8.57,7.01,5.007
000881,中广核技,化工原料,辽宁,19980902,000881.SZ,20241220,7.82,7.85,7.75,7.79,7.79,0.0,0.0,67082.03,52323.246,0.8488,1.4019,0.51,,,1.3522,1.1594,1.1755,0.5135,,94542.5815,79034.4031,47850.1691,736486.7099,615678.0001,8.57,7.01,5.007
000881,中广核技,化工原料,辽宁,19980902,000881.SZ,20241219,7.79,7.82,7.68,7.79,7.84,-0.05,-0.6378,86050.02,66692.35,1.0888,1.7983,0.64,,,1.3522,1.1594,1.1755,0.5135,,94542.5815,79034.4031,47850.1691,736486.7099,615678.0001,8.62,7.06,5.007
000881,中广核技,化工原料,辽宁,19980902,000881.SZ,20241218,7.88,7.9,7.77,7.84,7.79,0.05,0.6418,91700.1,71971.291,1.1603,1.9164,0.68,,,1.3609,1.1668,1.1831,0.5102,,94542.5815,79034.4031,47850.1691,741213.839,619629.7203,8.57,7.01,5.007
000881,中广核技,化工原料,辽宁,19980902,000881.SZ,20241217,8.05,8.18,7.78,7.79,8.0,-0.21,-2.625,171821.2,136056.975,2.174,3.5908,1.34,,,1.3522,1.1594,1.1755,0.5135,,94542.5815,79034.4031,47850.1691,736486.7099,615678.0001,8.8,7.2,5.007
000881,中广核技,化工原料,辽宁,19980902,000881.SZ,20241216,7.95,8.15,7.9,8.0,7.85,0.15,1.9108,174022.0,140044.504,2.2019,3.6368,1.47,,,1.3887,1.1906,1.2072,0.5,,94542.5815,79034.4031,47850.1691,756340.652,632275.2248,8.64,7.07,5.007
000881,中广核技,化工原料,辽宁,19980902,000881.SZ,20241213,8.1,8.1,7.84,7.85,8.12,-0.27,-3.3251,139913.0,111049.418,1.7703,2.924,1.26,,,1.3626,1.1683,1.1846,0.5096,,94542.5815,79034.4031,47850.1691,742159.2648,620420.0643,8.93,7.31,5.007
000881,中广核技,化工原料,辽宁,19980902,000881.SZ,20241212,8.1,8.17,8.02,8.12,8.1,0.02,0.2469,93248.0,75461.934,1.1798,1.9487,0.81,,,1.4095,1.2085,1.2253,0.4926,,94542.5815,79034.4031,47850.1691,767685.7618,641759.3532,8.91,7.29,5.007
000881,中广核技,化工原料,辽宁,19980902,000881.SZ,20241211,8.05,8.12,8.01,8.1,8.03,0.07,0.8717,93622.12,75634.312,1.1846,1.9566,0.79,,,1.406,1.2055,1.2223,0.4938,,94542.5815,79034.4031,47850.1691,765794.9102,640178.6651,8.83,7.23,5.007
000881,中广核技,化工原料,辽宁,19980902,000881.SZ,20241210,8.23,8.3,8.02,8.03,8.09,-0.06,-0.7417,140578.06,114357.008,1.7787,2.9379,1.27,,,1.3939,1.1951,1.2117,0.4981,,94542.5815,79034.4031,47850.1691,759176.9294,634646.2569,8.9,7.28,5.007
000881,中广核技,化工原料,辽宁,19980902,000881.SZ,20241209,8.17,8.28,8.01,8.09,8.11,-0.02,-0.2466,125500.0,102071.126,1.5879,2.6228,1.14,,,1.4043,1.204,1.2208,0.4944,,94542.5815,79034.4031,47850.1691,764849.4843,639388.3211,8.92,7.3,5.007
000881,中广核技,化工原料,辽宁,19980902,000881.SZ,20241206,8.1,8.15,8.02,8.11,8.03,0.08,0.9963,104443.1,84432.253,1.3215,2.1827,0.89,,,1.4078,1.207,1.2238,0.4932,,94542.5815,79034.4031,47850.1691,766740.336,640969.0091,8.83,7.23,5.007
000881,中广核技,化工原料,辽宁,19980902,000881.SZ,20241205,7.9,8.07,7.88,8.03,7.91,0.12,1.5171,110113.0,87967.813,1.3932,2.3012,0.96,,,1.3939,1.1951,1.2117,0.4981,,94542.5815,79034.4031,47850.1691,759176.9294,634646.2569,8.7,7.12,5.007
000881,中广核技,化工原料,辽宁,19980902,000881.SZ,20241204,7.98,8.1,7.85,7.91,8.01,-0.1,-1.2484,111608.0,88710.533,1.4121,2.3324,0.95,,,1.373,1.1772,1.1936,0.5057,,94542.5815,79034.4031,47850.1691,747831.8197,625162.1285,8.81,7.21,5.007
000881,中广核技,化工原料,辽宁,19980902,000881.SZ,20241203,8.09,8.11,7.92,8.01,8.09,-0.08,-0.9889,102202.0,81684.527,1.2931,2.1359,0.86,,,1.3904,1.1921,1.2087,0.4994,,94542.5815,79034.4031,47850.1691,757286.0778,633065.5688,8.9,7.28,5.007
000881,中广核技,化工原料,辽宁,19980902,000881.SZ,20241202,7.89,8.12,7.89,8.09,7.95,0.14,1.761,120424.1,96721.208,1.5237,2.5167,1.0,,,1.4043,1.204,1.2208,0.4944,,94542.5815,79034.4031,47850.1691,764849.4843,639388.3211,8.75,7.16,5.007
000881,中广核技,化工原料,辽宁,19980902,000881.SZ,20241129,7.87,7.97,7.75,7.95,7.87,0.08,1.0165,141243.53,111471.97,1.7871,2.9518,1.12,,,1.38,1.1832,1.1997,0.5031,,94542.5815,79034.4031,47850.1691,751613.5229,628323.5046,8.66,7.08,5.007
000881,中广核技,化工原料,辽宁,19980902,000881.SZ,20241128,7.9,7.96,7.85,7.87,7.92,-0.05,-0.6313,98519.1,77945.335,1.2465,2.0589,0.67,,,1.3661,1.1713,1.1876,0.5083,,94542.5815,79034.4031,47850.1691,744050.1164,622000.7524,8.71,7.13,5.007
000881,中广核技,化工原料,辽宁,19980902,000881.SZ,20241127,7.8,7.92,7.66,7.92,7.85,0.07,0.8917,122849.0,95415.265,1.5544,2.5674,0.82,,,1.3748,1.1787,1.1951,0.5051,,94542.5815,79034.4031,47850.1691,748777.2455,625952.4726,8.64,7.07,5.007
000881,中广核技,化工原料,辽宁,19980902,000881.SZ,20241126,7.9,8.1,7.79,7.85,7.9,-0.05,-0.6329,112579.2,89214.162,1.4244,2.3527,0.71,,,1.3626,1.1683,1.1846,0.5096,,94542.5815,79034.4031,47850.1691,742159.2648,620420.0643,8.69,7.11,5.007
000881,中广核技,化工原料,辽宁,19980902,000881.SZ,20241125,7.86,7.95,7.73,7.9,7.92,-0.02,-0.2525,126380.61,98865.52,1.5991,2.6412,0.77,,,1.3713,1.1757,1.1921,0.5063,,94542.5815,79034.4031,47850.1691,746886.3939,624371.7845,8.71,7.13,5.007
000881,中广核技,化工原料,辽宁,19980902,000881.SZ,20241122,8.06,8.24,7.87,7.92,8.12,-0.2,-2.4631,169105.98,136941.034,2.1397,3.5341,1.03,,,1.3748,1.1787,1.1951,0.5051,,94542.5815,79034.4031,47850.1691,748777.2455,625952.4726,8.93,7.31,5.007
000881,中广核技,化工原料,辽宁,19980902,000881.SZ,20241121,7.96,8.33,7.96,8.12,7.99,0.13,1.627,199582.05,162613.16,2.5253,4.171,1.19,,,1.4095,1.2085,1.2253,0.4926,,94542.5815,79034.4031,47850.1691,767685.7618,641759.3532,8.79,7.19,5.007
000881,中广核技,化工原料,辽宁,19980902,000881.SZ,20241120,7.88,8.01,7.85,7.99,7.94,0.05,0.6297,137960.0,109676.315,1.7456,2.8832,0.7,,,1.3869,1.1891,1.2057,0.5006,,94542.5815,79034.4031,47850.1691,755395.2262,631484.8808,8.73,7.15,5.007
000881,中广核技,化工原料,辽宁,19980902,000881.SZ,20241119,7.79,7.94,7.72,7.94,7.73,0.21,2.7167,155118.25,121345.055,1.9627,3.2417,0.56,,,1.3782,1.1817,1.1982,0.5038,,94542.5815,79034.4031,47850.1691,750668.0971,627533.1606,8.5,6.96,5.007
000881,中广核技,化工原料,辽宁,19980902,000881.SZ,20241118,7.85,7.99,7.69,7.73,7.77,-0.04,-0.5148,162811.22,127389.783,2.06,3.4025,0.53,,,1.3418,1.1504,1.1665,0.5175,,94542.5815,79034.4031,47850.1691,730814.155,610935.936,8.55,6.99,5.007
000881,中广核技,化工原料,辽宁,19980902,000881.SZ,20241115,8.0,8.09,7.76,7.77,8.03,-0.26,-3.2379,167950.0,133322.493,2.125,3.5099,0.43,,,1.3487,1.1564,1.1725,0.5148,,94542.5815,79034.4031,47850.1691,734595.8583,614097.3121,8.83,7.23,5.007
000881,中广核技,化工原料,辽宁,19980902,000881.SZ,20241114,8.37,8.38,8.02,8.03,8.4,-0.37,-4.4048,215430.73,175907.548,2.7258,4.5022,0.41,,,1.3939,1.1951,1.2117,0.4981,,94542.5815,79034.4031,47850.1691,759176.9294,634646.2569,9.24,7.56,5.007
000881,中广核技,化工原料,辽宁,19980902,000881.SZ,20241113,8.46,8.59,8.28,8.4,8.54,-0.14,-1.6393,282084.86,237123.864,3.5691,5.8952,0.57,,,1.4581,1.2501,1.2676,0.4762,,94542.5815,79034.4031,47850.1691,794157.6846,663888.986,9.39,7.69,5.007
000881,中广核技,化工原料,辽宁,19980902,000881.SZ,20241112,8.38,8.91,8.37,8.54,8.37,0.17,2.0311,556166.61,480837.684,7.037,11.6231,1.32,,,1.4824,1.271,1.2887,0.4684,,94542.5815,79034.4031,47850.1691,807393.646,674953.8025,9.21,7.53,5.007
000881,中广核技,化工原料,辽宁,19980902,000881.SZ,20241111,8.2,8.45,8.16,8.37,8.3,0.07,0.8434,312183.21,260789.541,3.95,6.5242,0.81,,,1.4529,1.2457,1.263,0.4779,,94542.5815,79034.4031,47850.1691,791321.4072,661517.9539,9.13,7.47,5.007
000881,中广核技,化工原料,辽宁,19980902,000881.SZ,20241108,8.32,8.72,8.09,8.3,8.32,-0.02,-0.2404,590334.66,494396.011,7.4693,12.3371,1.93,,,1.4407,1.2353,1.2525,0.4819,,94542.5815,79034.4031,47850.1691,784703.4265,655985.5457,9.15,7.49,5.007
000881,中广核技,化工原料,辽宁,19980902,000881.SZ,20241107,8.6,8.8,8.14,8.32,8.17,0.15,1.836,873443.43,734826.875,11.0514,18.2537,5.45,,,1.4442,1.2382,1.2555,0.4808,,94542.5815,79034.4031,47850.1691,786594.2781,657566.2338,8.99,7.35,5.007
000881,中广核技,化工原料,辽宁,19980902,000881.SZ,20241106,7.59,8.17,7.59,8.17,7.43,0.74,9.9596,162171.35,130785.906,2.0519,3.3891,1.11,,,1.4182,1.2159,1.2329,0.4896,,94542.5815,79034.4031,47850.1691,772412.8909,645711.0733,8.17,6.69,5.007
000881,中广核技,化工原料,辽宁,19980902,000881.SZ,20241105,7.21,7.44,7.17,7.43,7.22,0.21,2.9086,167352.37,122917.0,2.1175,3.4974,1.2,,,1.2897,1.1058,1.1212,0.5384,,94542.5815,79034.4031,47850.1691,702451.3805,587225.615,7.94,6.5,5.007
000881,中广核技,化工原料,辽宁,19980902,000881.SZ,20241104,7.14,7.35,7.01,7.22,7.13,0.09,1.2623,140408.0,100911.982,1.7765,2.9343,0.99,,,1.2533,1.0745,1.0895,0.554,,94542.5815,79034.4031,47850.1691,682597.4384,570628.3904,7.84,6.42,5.007
000881,中广核技,化工原料,辽宁,19980902,000881.SZ,20241101,7.22,7.33,7.01,7.13,7.25,-0.12,-1.6552,187471.08,134126.449,2.372,3.9179,1.51,,,1.2376,1.0611,1.0759,0.561,,94542.5815,79034.4031,47850.1691,674088.6061,563515.2941,7.98,6.53,5.007
000881,中广核技,化工原料,辽宁,19980902,000881.SZ,20241031,7.28,7.33,7.15,7.25,7.31,-0.06,-0.8208,144613.67,104641.233,1.8298,3.0222,1.27,,,1.2585,1.079,1.094,0.5517,,94542.5815,79034.4031,47850.1691,685433.7159,572999.4225,8.04,6.58,5.007
000881,中广核技,化工原料,辽宁,19980902,000881.SZ,20241030,7.25,7.36,7.2,7.31,7.26,0.05,0.6887,92135.08,67140.001,1.1658,1.9255,0.72,,,1.2561,1.0879,1.0941,0.5472,,94542.5815,79034.4031,47850.1691,691106.2708,577741.4867,7.99,6.53,5.007
000881,中广核技,化工原料,辽宁,19980902,000881.SZ,20241029,7.5,7.5,7.22,7.26,7.47,-0.21,-2.8112,132250.01,96891.91,1.6733,2.7638,0.97,,,1.2476,1.0805,1.0867,0.551,,94542.5815,79034.4031,47850.1691,686379.1417,573789.7665,8.22,6.72,5.007
000881,中广核技,化工原料,辽宁,19980902,000881.SZ,20241028,7.25,7.47,7.25,7.47,7.26,0.21,2.8926,149176.41,110299.913,1.8875,3.1176,1.12,,,1.2836,1.1117,1.1181,0.5355,,94542.5815,79034.4031,47850.1691,706233.0838,590386.9912,7.99,6.53,5.007
000881,中广核技,化工原料,辽宁,19980902,000881.SZ,20241025,7.13,7.26,7.13,7.26,7.13,0.13,1.8233,103196.36,74419.648,1.3057,2.1567,0.74,,,1.2476,1.0805,1.0867,0.551,,94542.5815,79034.4031,47850.1691,686379.1417,573789.7665,7.84,6.42,5.007
000881,中广核技,化工原料,辽宁,19980902,000881.SZ,20241024,7.21,7.22,7.08,7.13,7.21,-0.08,-1.1096,91841.81,65430.303,1.162,1.9194,0.62,,,1.2252,1.0611,1.0672,0.561,,94542.5815,79034.4031,47850.1691,674088.6061,563515.2941,7.93,6.49,5.007
000881,中广核技,化工原料,辽宁,19980902,000881.SZ,20241023,7.07,7.25,7.03,7.21,7.13,0.08,1.122,159842.8,114694.564,2.0224,3.3405,1.19,,,1.239,1.073,1.0792,0.5548,,94542.5815,79034.4031,47850.1691,681652.0126,569838.0464,7.84,6.42,5.007
000881,中广核技,化工原料,辽宁,19980902,000881.SZ,20241022,6.92,7.22,6.91,7.13,6.95,0.18,2.5899,179285.52,127467.976,2.2684,3.7468,1.52,,,1.2252,1.0611,1.0672,0.561,,94542.5815,79034.4031,47850.1691,674088.6061,563515.2941,7.65,6.26,5.007
000881,中广核技,化工原料,辽宁,19980902,000881.SZ,20241021,6.97,7.02,6.88,6.95,6.96,-0.01,-0.1437,129552.15,90048.249,1.6392,2.7075,1.14,,,1.1943,1.0343,1.0403,0.5755,,94542.5815,79034.4031,47850.1691,657070.9414,549289.1015,7.66,6.26,5.007
000881,中广核技,化工原料,辽宁,19980902,000881.SZ,20241018,6.78,7.05,6.75,6.96,6.8,0.16,2.3529,138245.0,95496.232,1.7492,2.8891,1.22,,,1.196,1.0358,1.0417,0.5747,,94542.5815,79034.4031,47850.1691,658016.3672,550079.4456,7.48,6.12,5.007
000881,中广核技,化工原料,辽宁,19980902,000881.SZ,20241017,6.9,7.13,6.8,6.8,6.85,-0.05,-0.7299,137518.0,95667.496,1.74,2.8739,1.1,,,1.1685,1.012,1.0178,0.5882,,94542.5815,79034.4031,47850.1691,642889.5542,537433.9411,7.54,6.17,5.007
000881,中广核技,化工原料,辽宁,19980902,000881.SZ,20241016,6.73,6.92,6.73,6.85,6.81,0.04,0.5874,84345.12,57632.9,1.0672,1.7627,0.55,,,1.1771,1.0195,1.0253,0.5839,,94542.5815,79034.4031,47850.1691,647616.6833,541385.6612,7.49,6.13,5.007
000881,中广核技,化工原料,辽宁,19980902,000881.SZ,20241015,6.93,7.0,6.81,6.81,6.94,-0.13,-1.8732,101886.0,70330.807,1.2891,2.1293,0.51,,,1.1702,1.0135,1.0193,0.5874,,94542.5815,79034.4031,47850.1691,643834.98,538224.2851,7.63,6.25,5.007
000881,中广核技,化工原料,辽宁,19980902,000881.SZ,20241014,6.76,6.98,6.74,6.94,6.76,0.18,2.6627,105228.01,72324.75,1.3314,2.1991,0.46,,,1.1926,1.0329,1.0388,0.5764,,94542.5815,79034.4031,47850.1691,656125.5156,548498.7575,7.44,6.08,5.007
000881,中广核技,化工原料,辽宁,19980902,000881.SZ,20241011,7.09,7.09,6.71,6.76,7.1,-0.34,-4.7887,138247.58,95247.085,1.7492,2.8892,0.62,,,1.1616,1.0061,1.0118,0.5917,,94542.5815,79034.4031,47850.1691,639107.8509,534272.565,7.81,6.39,5.007
000881,中广核技,化工原料,辽宁,19980902,000881.SZ,20241010,6.97,7.33,6.85,7.1,6.95,0.15,2.1583,194935.94,139161.643,2.4665,4.0739,0.98,,,1.2201,1.0567,1.0627,0.5634,,94542.5815,79034.4031,47850.1691,671252.3287,561144.262,7.65,6.26,5.007
000881,中广核技,化工原料,辽宁,19980902,000881.SZ,20241009,7.26,7.34,6.95,6.95,7.44,-0.49,-6.586,231353.1,165105.682,2.9272,4.8349,1.38,,,1.1943,1.0343,1.0403,0.5755,,94542.5815,79034.4031,47850.1691,657070.9414,549289.1015,8.18,6.7,5.007
000881,中广核技,化工原料,辽宁,19980902,000881.SZ,20241008,7.77,7.78,7.1,7.44,7.09,0.35,4.9365,326513.43,242306.004,4.1313,6.8237,2.71,,,1.2785,1.1073,1.1136,0.5376,,94542.5815,79034.4031,47850.1691,703396.8064,588015.9591,7.8,6.38,5.007
000881,中广核技,化工原料,辽宁,19980902,000881.SZ,20240930,6.8,7.16,6.75,7.09,6.6,0.49,7.4242,245389.11,171441.463,3.1048,5.1283,3.13,,,1.2183,1.0552,1.0612,0.5642,,94542.5815,79034.4031,47850.1691,670306.9028,560353.918,7.26,5.94,5.007
000881,中广核技,化工原料,辽宁,19980902,000881.SZ,20240927,6.51,6.69,6.46,6.6,6.41,0.19,2.9641,119964.0,78652.775,1.5179,2.5071,1.86,,,1.1341,0.9823,0.9879,0.6061,,94542.5815,79034.4031,47850.1691,623981.0379,521627.0605,7.05,5.77,5.007
000881,中广核技,化工原料,辽宁,19980902,000881.SZ,20240926,6.23,6.42,6.22,6.41,6.24,0.17,2.7244,72985.0,46199.097,0.9235,1.5253,1.2,,,1.1015,0.954,0.9594,0.624,,94542.5815,79034.4031,47850.1691,606017.9474,506610.5239,6.86,5.62,5.007
000881,中广核技,化工原料,辽宁,19980902,000881.SZ,20240925,6.2,6.32,6.18,6.24,6.14,0.1,1.6287,73380.0,45971.823,0.9285,1.5335,1.38,,,1.0723,0.9287,0.934,0.641,,94542.5815,79034.4031,47850.1691,589945.7086,493174.6753,6.75,5.53,5.007
000881,中广核技,化工原料,辽宁,19980902,000881.SZ,20240924,5.93,6.14,5.93,6.14,5.88,0.26,4.4218,89717.71,54329.891,1.1352,1.875,2.17,,,1.0551,0.9138,0.919,0.6515,,94542.5815,79034.4031,47850.1691,580491.4504,485271.235,6.47,5.29,5.007
000881,中广核技,化工原料,辽宁,19980902,000881.SZ,20240923,5.81,5.91,5.8,5.88,5.84,0.04,0.6849,36118.6,21196.369,0.457,0.7548,0.85,,,1.0104,0.8751,0.8801,0.6803,,94542.5815,79034.4031,47850.1691,555910.3792,464722.2902,6.42,5.26,5.007
000881,中广核技,化工原料,辽宁,19980902,000881.SZ,20240920,5.97,5.98,5.8,5.84,5.95,-0.11,-1.8487,50821.0,29727.068,0.643,1.0621,1.16,,,1.0035,0.8691,0.8741,0.6849,,94542.5815,79034.4031,47850.1691,552128.676,461560.9141,6.55,5.36,5.007
000881,中广核技,化工原料,辽宁,19980902,000881.SZ,20240919,5.81,6.04,5.78,5.95,5.78,0.17,2.9412,54193.0,32109.825,0.6857,1.1326,1.29,,,1.0224,0.8855,0.8906,0.6723,,94542.5815,79034.4031,47850.1691,562528.3599,470254.6984,6.36,5.2,5.007
000881,中广核技,化工原料,辽宁,19980902,000881.SZ,20240918,5.85,5.89,5.72,5.78,5.85,-0.07,-1.1966,34785.0,20144.417,0.4401,0.727,0.85,,,0.9932,0.8602,0.8651,0.692,,94542.5815,79034.4031,47850.1691,546456.1211,456818.8499,6.44,5.27,5.007
000881,中广核技,化工原料,辽宁,19980902,000881.SZ,20240913,5.88,5.93,5.83,5.85,5.87,-0.02,-0.3407,31016.1,18226.445,0.3924,0.6482,0.71,,,1.0053,0.8706,0.8756,0.6838,,94542.5815,79034.4031,47850.1691,553074.1018,462351.2581,6.46,5.28,5.007
000881,中广核技,化工原料,辽宁,19980902,000881.SZ,20240912,5.83,5.93,5.82,5.87,5.84,0.03,0.5137,42407.22,25010.948,0.5366,0.8863,0.99,,,1.0087,0.8736,0.8786,0.6814,,94542.5815,79034.4031,47850.1691,554964.9534,463931.9462,6.42,5.26,5.007
000881,中广核技,化工原料,辽宁,19980902,000881.SZ,20240911,6.01,6.01,5.81,5.84,5.91,-0.07,-1.1844,56638.0,33317.427,0.7166,1.1837,1.43,,,1.0035,0.8691,0.8741,0.6849,,94542.5815,79034.4031,47850.1691,552128.676,461560.9141,6.5,5.32,5.007
000881,中广核技,化工原料,辽宁,19980902,000881.SZ,20240910,5.95,5.98,5.8,5.91,5.94,-0.03,-0.5051,45389.01,26705.06,0.5743,0.9486,1.18,,,1.0156,0.8796,0.8846,0.6768,,94542.5815,79034.4031,47850.1691,558746.6567,467093.3223,6.53,5.35,5.007
000881,中广核技,化工原料,辽宁,19980902,000881.SZ,20240909,5.94,6.01,5.89,5.94,5.96,-0.02,-0.3356,30068.0,17857.124,0.3804,0.6284,0.7,,,1.0207,0.884,0.8891,0.6734,,94542.5815,79034.4031,47850.1691,561582.9341,469464.3544,6.56,5.36,5.007
000881,中广核技,化工原料,辽宁,19980902,000881.SZ,20240906,6.05,6.1,5.93,5.96,6.04,-0.08,-1.3245,44105.34,26480.65,0.5581,0.9217,0.92,,,1.0242,0.887,0.8921,0.6711,,94542.5815,79034.4031,47850.1691,563473.7857,471045.0425,6.64,5.44,5.007
000881,中广核技,化工原料,辽宁,19980902,000881.SZ,20240905,6.05,6.1,6.0,6.04,6.04,0.0,0.0,38018.21,23004.298,0.481,0.7945,0.8,,,1.0379,0.8989,0.904,0.6623,,94542.5815,79034.4031,47850.1691,571037.1923,477367.7947,6.64,5.44,5.007
000881,中广核技,化工原料,辽宁,19980902,000881.SZ,20240904,6.05,6.1,6.02,6.04,6.09,-0.05,-0.821,39947.0,24220.958,0.5054,0.8348,0.87,,,1.0379,0.8989,0.904,0.6623,,94542.5815,79034.4031,47850.1691,571037.1923,477367.7947,6.7,5.48,5.007
000881,中广核技,化工原料,辽宁,19980902,000881.SZ,20240903,6.11,6.16,6.06,6.09,6.08,0.01,0.1645,39961.0,24387.823,0.5056,0.8351,0.86,,,1.0465,0.9064,0.9115,0.6568,,94542.5815,79034.4031,47850.1691,575764.3213,481319.5149,6.69,5.47,5.007
000881,中广核技,化工原料,辽宁,19980902,000881.SZ,20240902,6.15,6.21,6.07,6.08,6.16,-0.08,-1.2987,52080.0,31912.515,0.659,1.0884,1.14,,,1.0448,0.9049,0.91,0.6579,,94542.5815,79034.4031,47850.1691,574818.8955,480529.1708,6.78,5.54,5.007
000881,中广核技,化工原料,辽宁,19980902,000881.SZ,20240830,6.14,6.24,6.07,6.16,6.09,0.07,1.1494,69337.0,42856.391,0.8773,1.449,1.73,,,1.0585,0.9168,0.922,0.6494,,94542.5815,79034.4031,47850.1691,582382.302,486851.9231,6.7,5.48,5.007
000881,中广核技,化工原料,辽宁,19980902,000881.SZ,20240829,6.0,6.1,5.94,6.09,5.99,0.1,1.6694,36429.0,22003.168,0.4609,0.7613,0.83,,,1.0431,0.9064,0.8946,0.6568,,94542.5815,79034.4031,47850.1691,575764.3213,481319.5149,6.59,5.39,5.007
000881,中广核技,化工原料,辽宁,19980902,000881.SZ,20240828,5.95,6.05,5.91,5.99,5.95,0.04,0.6723,32270.0,19345.691,0.4083,0.6744,0.59,,,1.026,0.8915,0.8799,0.6678,,94542.5815,79034.4031,47850.1691,566310.0632,473416.0746,6.55,5.36,5.007
000881,中广核技,化工原料,辽宁,19980902,000881.SZ,20240827,6.13,6.13,5.94,5.95,6.13,-0.18,-2.9364,40932.0,24556.234,0.5179,0.8554,0.5,,,1.0191,0.8855,0.874,0.6723,,94542.5815,79034.4031,47850.1691,562528.3599,470254.6984,6.74,5.52,5.007
000881,中广核技,化工原料,辽宁,19980902,000881.SZ,20240826,5.97,6.15,5.95,6.13,5.95,0.18,3.0252,49531.0,30059.31,0.6267,1.0351,0.58,,,1.0499,0.9123,0.9005,0.6525,,94542.5815,79034.4031,47850.1691,579546.0246,484480.891,6.55,5.36,5.007
000881,中广核技,化工原料,辽宁,19980902,000881.SZ,20240823,6.01,6.03,5.91,5.95,6.0,-0.05,-0.8333,40918.0,24388.312,0.5177,0.8551,0.48,,,1.0191,0.8855,0.874,0.6723,,94542.5815,79034.4031,47850.1691,562528.3599,470254.6984,6.6,5.4,5.007
000881,中广核技,化工原料,辽宁,19980902,000881.SZ,20240822,6.06,6.09,5.98,6.0,6.06,-0.06,-0.9901,56847.0,34249.746,0.7193,1.188,0.64,,,1.0277,0.893,0.8814,0.6667,,94542.5815,79034.4031,47850.1691,567255.489,474206.4186,6.67,5.45,5.007
000881,中广核技,化工原料,辽宁,19980902,000881.SZ,20240821,6.11,6.16,6.04,6.06,6.12,-0.06,-0.9804,86104.0,52431.308,1.0894,1.7995,1.09,,,1.0379,0.9019,0.8902,0.6601,,94542.5815,79034.4031,47850.1691,572928.0439,478948.4828,6.73,5.51,5.007
000881,中广核技,化工原料,辽宁,19980902,000881.SZ,20240820,6.53,6.6,6.06,6.12,6.37,-0.25,-3.9246,172618.64,107613.587,2.1841,3.6075,3.0,,,1.0482,0.9108,0.899,0.6536,,94542.5815,79034.4031,47850.1691,578600.5988,483690.547,7.01,5.73,5.007
000881,中广核技,化工原料,辽宁,19980902,000881.SZ,20240819,6.29,6.39,6.22,6.37,6.29,0.08,1.2719,71801.02,45338.094,0.9085,1.5005,1.31,,,1.091,0.948,0.9357,0.6279,,94542.5815,79034.4031,47850.1691,602236.2442,503449.1477,6.92,5.66,5.007
000881,中广核技,化工原料,辽宁,19980902,000881.SZ,20240816,6.33,6.36,6.25,6.29,6.31,-0.02,-0.317,40505.0,25464.602,0.5125,0.8465,0.73,,,1.0773,0.9361,0.924,0.6359,,94542.5815,79034.4031,47850.1691,594672.8376,497126.3955,6.94,5.68,5.007
000881,中广核技,化工原料,辽宁,19980902,000881.SZ,20240815,6.15,6.42,6.14,6.31,6.19,0.12,1.9386,75367.02,47518.652,0.9536,1.5751,1.56,,,1.0808,0.9391,0.9269,0.6339,,94542.5815,79034.4031,47850.1691,596563.6893,498707.0836,6.81,5.57,5.007
000881,中广核技,化工原料,辽宁,19980902,000881.SZ,20240814,6.26,6.3,6.19,6.19,6.24,-0.05,-0.8013,35999.4,22448.086,0.4555,0.7523,0.75,,,1.0602,0.9212,0.9093,0.6462,,94542.5815,79034.4031,47850.1691,585218.5795,489222.9552,6.86,5.62,5.007
000881,中广核技,化工原料,辽宁,19980902,000881.SZ,20240813,6.23,6.25,6.1,6.24,6.25,-0.01,-0.16,64092.81,39581.472,0.8109,1.3394,1.44,,,1.0688,0.9287,0.9166,0.641,,94542.5815,79034.4031,47850.1691,589945.7086,493174.6753,6.88,5.63,5.007
000881,中广核技,化工原料,辽宁,19980902,000881.SZ,20240812,6.31,6.34,6.2,6.25,6.26,-0.01,-0.1597,58325.0,36537.025,0.738,1.2189,1.33,,,1.0705,0.9302,0.9181,0.64,,94542.5815,79034.4031,47850.1691,590891.1344,493965.0194,6.89,5.63,5.007
000881,中广核技,化工原料,辽宁,19980902,000881.SZ,20240809,6.3,6.37,6.25,6.26,6.28,-0.02,-0.3185,44575.0,28124.311,0.564,0.9316,0.96,,,1.0722,0.9317,0.9196,0.639,,94542.5815,79034.4031,47850.1691,591836.5602,494755.3634,6.91,5.65,5.007
000881,中广核技,化工原料,辽宁,19980902,000881.SZ,20240808,6.22,6.3,6.2,6.28,6.23,0.05,0.8026,38220.0,23920.965,0.4836,0.7987,0.78,,,1.0756,0.9346,0.9225,0.6369,,94542.5815,79034.4031,47850.1691,593727.4118,496336.0515,6.85,5.61,5.007
000881,中广核技,化工原料,辽宁,19980902,000881.SZ,20240807,6.24,6.27,6.18,6.23,6.24,-0.01,-0.1603,34815.0,21701.574,0.4405,0.7276,0.62,,,1.0671,0.9272,0.9152,0.6421,,94542.5815,79034.4031,47850.1691,589000.2827,492384.3313,6.86,5.62,5.007
000881,中广核技,化工原料,辽宁,19980902,000881.SZ,20240806,6.19,6.26,6.17,6.24,6.13,0.11,1.7945,46300.0,28807.821,0.5858,0.9676,0.86,,,1.0688,0.9287,0.9166,0.641,,94542.5815,79034.4031,47850.1691,589945.7086,493174.6753,6.74,5.52,5.007
000881,中广核技,化工原料,辽宁,19980902,000881.SZ,20240805,6.23,6.33,6.12,6.13,6.26,-0.13,-2.0767,55280.0,34423.318,0.6994,1.1553,1.08,,,1.0499,0.9123,0.9005,0.6525,,94542.5815,79034.4031,47850.1691,579546.0246,484480.891,6.89,5.63,5.007
000881,中广核技,化工原料,辽宁,19980902,000881.SZ,20240802,6.2,6.35,6.19,6.26,6.26,0.0,0.0,57191.03,36031.621,0.7236,1.1952,1.16,,,1.0722,0.9317,0.9196,0.639,,94542.5815,79034.4031,47850.1691,591836.5602,494755.3634,6.89,5.63,5.007
000881,中广核技,化工原料,辽宁,19980902,000881.SZ,20240801,6.23,6.32,6.21,6.26,6.24,0.02,0.3205,51365.0,32234.781,0.6499,1.0735,1.08,,,1.0722,0.9317,0.9196,0.639,,94542.5815,79034.4031,47850.1691,591836.5602,494755.3634,6.86,5.62,5.007
000881,中广核技,化工原料,辽宁,19980902,000881.SZ,20240731,6.06,6.25,6.03,6.24,6.04,0.2,3.3113,70418.0,43539.783,0.891,1.4716,1.54,,,1.0688,0.9287,0.9166,0.641,,94542.5815,79034.4031,47850.1691,589945.7086,493174.6753,6.64,5.44,5.007
000881,中广核技,化工原料,辽宁,19980902,000881.SZ,20240730,6.0,6.07,5.98,6.04,6.02,0.02,0.3322,33468.0,20178.503,0.4235,0.6994,0.69,,,1.0345,0.8989,0.8872,0.6623,,94542.5815,79034.4031,47850.1691,571037.1923,477367.7947,6.62,5.42,5.007
000881,中广核技,化工原料,辽宁,19980902,000881.SZ,20240729,6.07,6.07,5.96,6.02,5.96,0.06,1.0067,42976.48,25811.253,0.5438,0.8981,0.92,,,1.0311,0.8959,0.8843,0.6645,,94542.5815,79034.4031,47850.1691,569146.3406,475787.1067,6.56,5.36,5.007
000881,中广核技,化工原料,辽宁,19980902,000881.SZ,20240726,5.81,5.97,5.81,5.96,5.8,0.16,2.7586,48120.78,28490.873,0.6089,1.0057,1.02,,,1.0208,0.887,0.8755,0.6711,,94542.5815,79034.4031,47850.1691,563473.7857,471045.0425,6.38,5.22,5.007
000881,中广核技,化工原料,辽宁,19980902,000881.SZ,20240725,5.68,5.83,5.65,5.8,5.74,0.06,1.0453,41773.01,24079.4,0.5285,0.873,0.85,,,0.9934,0.8632,0.852,0.6897,,94542.5815,79034.4031,47850.1691,548346.9727,458399.538,6.31,5.17,5.007
000881,中广核技,化工原料,辽宁,19980902,000881.SZ,20240724,5.82,5.88,5.7,5.74,5.83,-0.09,-1.5437,61915.0,35696.529,0.7834,1.2939,1.25,,,0.9831,0.8543,0.8432,0.6969,,94542.5815,79034.4031,47850.1691,542674.4178,453657.4738,6.41,5.25,5.007
000881,中广核技,化工原料,辽宁,19980902,000881.SZ,20240723,5.97,6.02,5.81,5.83,5.96,-0.13,-2.1812,47190.0,27917.276,0.5971,0.9862,1.0,,,0.9985,0.8677,0.8564,0.6861,,94542.5815,79034.4031,47850.1691,551183.2501,460770.5701,6.56,5.36,5.007
000881,中广核技,化工原料,辽宁,19980902,000881.SZ,20240722,5.96,6.01,5.92,5.96,5.97,-0.01,-0.1675,35780.24,21327.751,0.4527,0.7478,0.75,,,1.0208,0.887,0.8755,0.6711,,94542.5815,79034.4031,47850.1691,563473.7857,471045.0425,6.57,5.37,5.007
000881,中广核技,化工原料,辽宁,19980902,000881.SZ,20240719,5.95,6.06,5.92,5.97,6.0,-0.03,-0.5,48484.0,29104.356,0.6135,1.0132,1.04,,,1.0225,0.8885,0.877,0.67,,94542.5815,79034.4031,47850.1691,564419.2116,471835.3865,6.6,5.4,5.007
000881,中广核技,化工原料,辽宁,19980902,000881.SZ,20240718,5.96,6.03,5.86,6.0,5.99,0.01,0.1669,53175.82,31580.734,0.6728,1.1113,1.17,,,1.0277,0.893,0.8814,0.6667,,94542.5815,79034.4031,47850.1691,567255.489,474206.4186,6.59,5.39,5.007
000881,中广核技,化工原料,辽宁,19980902,000881.SZ,20240717,6.13,6.16,5.97,5.99,6.13,-0.14,-2.2838,63132.04,37996.558,0.7988,1.3194,1.46,,,1.026,0.8915,0.8799,0.6678,,94542.5815,79034.4031,47850.1691,566310.0632,473416.0746,6.74,5.52,5.007
000881,中广核技,化工原料,辽宁,19980902,000881.SZ,20240716,6.22,6.22,6.11,6.13,6.19,-0.06,-0.9693,36139.0,22192.879,0.4573,0.7553,0.79,,,1.0499,0.9123,0.9005,0.6525,,94542.5815,79034.4031,47850.1691,579546.0246,484480.891,6.81,5.57,5.007
000881,中广核技,化工原料,辽宁,19980902,000881.SZ,20240715,6.26,6.27,6.15,6.19,6.27,-0.08,-1.2759,38057.78,23602.742,0.4815,0.7954,0.8,,,1.0602,0.9212,0.9093,0.6462,,94542.5815,79034.4031,47850.1691,585218.5795,489222.9552,6.9,5.64,5.007
000881,中广核技,化工原料,辽宁,19980902,000881.SZ,20240712,6.3,6.35,6.22,6.27,6.26,0.01,0.1597,43696.0,27484.456,0.5529,0.9132,0.87,,,1.0739,0.9331,0.921,0.638,,94542.5815,79034.4031,47850.1691,592781.986,495545.7074,6.89,5.63,5.007
000881,中广核技,化工原料,辽宁,19980902,000881.SZ,20240711,6.19,6.27,6.16,6.26,6.12,0.14,2.2876,47065.0,29343.286,0.5955,0.9836,0.78,,,1.0722,0.9317,0.9196,0.639,,94542.5815,79034.4031,47850.1691,591836.5602,494755.3634,6.73,5.51,5.007
000881,中广核技,化工原料,辽宁,19980902,000881.SZ,20240710,6.18,6.26,6.11,6.12,6.26,-0.14,-2.2364,51504.0,31789.538,0.6517,1.0764,0.84,,,1.0482,0.9108,0.899,0.6536,,94542.5815,79034.4031,47850.1691,578600.5988,483690.547,6.89,5.63,5.007
000881,中广核技,化工原料,辽宁,19980902,000881.SZ,20240709,6.16,6.3,6.11,6.26,6.19,0.07,1.1309,48494.37,30142.576,0.6136,1.0135,0.71,,,1.0722,0.9317,0.9196,0.639,,94542.5815,79034.4031,47850.1691,591836.5602,494755.3634,6.81,5.57,5.007
000881,中广核技,化工原料,辽宁,19980902,000881.SZ,20240708,6.31,6.35,6.17,6.19,6.35,-0.16,-2.5197,48290.0,30038.141,0.611,1.0021,0.59,,,1.0602,0.9212,0.9093,0.6462,,94542.5815,79034.4031,48187.9491,585218.5795,489222.9552,6.99,5.72,5.007
000881,中广核技,化工原料,辽宁,19980902,000881.SZ,20240705,6.24,6.44,6.22,6.35,6.28,0.07,1.1146,55847.12,35377.174,0.7066,1.1589,0.67,,,1.0876,0.9451,0.9328,0.6299,,94542.5815,79034.4031,48187.9491,600345.3925,501868.4597,6.91,5.65,5.007
000881,中广核技,化工原料,辽宁,19980902,000881.SZ,20240704,6.41,6.43,6.16,6.28,6.41,-0.13,-2.0281,97338.09,60958.683,1.2316,2.02,1.34,,,1.0756,0.9346,0.9225,0.6369,,94542.5815,79034.4031,48187.9491,593727.4118,496336.0515,7.05,5.77,5.007
000881,中广核技,化工原料,辽宁,19980902,000881.SZ,20240703,6.51,6.55,6.41,6.41,6.55,-0.14,-2.1374,58354.0,37701.923,0.7383,1.211,0.77,,,1.0979,0.954,0.9416,0.624,,94542.5815,79034.4031,48187.9491,606017.9474,506610.5239,7.21,5.9,5.007
000881,中广核技,化工原料,辽宁,19980902,000881.SZ,20240702,6.63,6.67,6.52,6.55,6.66,-0.11,-1.6517,81075.12,53333.798,1.0258,1.6825,1.15,,,1.1219,0.9748,0.9622,0.6107,,94542.5815,79034.4031,48187.9491,619253.9088,517675.3403,7.33,5.99,5.007
000881,中广核技,化工原料,辽宁,19980902,000881.SZ,20240701,6.47,6.85,6.47,6.66,6.44,0.22,3.4161,116013.45,77111.189,1.4679,2.4075,1.78,,,1.1407,0.9912,0.9783,0.6006,,94542.5815,79034.4031,48187.9491,629653.5928,526369.1246,7.08,5.8,5.007
000881,中广核技,化工原料,辽宁,19980902,000881.SZ,20240628,6.48,6.57,6.41,6.44,6.46,-0.02,-0.3096,61288.28,39872.119,0.7755,1.2719,0.98,,,1.103,0.9584,0.946,0.6211,,94542.5815,79034.4031,48187.9491,608854.2249,508981.556,7.11,5.81,5.007
000881,中广核技,化工原料,辽宁,19980902,000881.SZ,20240627,6.52,6.57,6.44,6.46,6.59,-0.13,-1.9727,47660.2,30960.879,0.603,0.989,0.7,,,1.1065,0.9614,0.9489,0.6192,,94542.5815,79034.4031,48187.9491,610745.0765,510562.244,7.25,5.93,5.007
000881,中广核技,化工原料,辽宁,19980902,000881.SZ,20240626,6.45,6.59,6.36,6.59,6.48,0.11,1.6975,71004.67,45951.093,0.8984,1.4735,0.95,,,1.1287,0.9808,0.968,0.607,,94542.5815,79034.4031,48187.9491,623035.6121,520836.7164,7.13,5.83,5.007
000881,中广核技,化工原料,辽宁,19980902,000881.SZ,20240625,6.5,6.6,6.47,6.48,6.53,-0.05,-0.7657,56043.0,36654.546,0.7091,1.163,0.74,,,1.1099,0.9644,0.9519,0.6173,,94542.5815,79034.4031,48187.9491,612635.9281,512142.9321,7.18,5.88,5.0074
000881,中广核技,化工原料,辽宁,19980902,000881.SZ,20240624,6.55,6.7,6.41,6.53,6.66,-0.13,-1.952,90498.0,59126.085,1.145,1.878,1.27,,,1.1184,0.9718,0.9592,0.6126,,94542.5815,79034.4031,48187.9491,617363.0572,516094.6522,7.33,5.99,5.007
000881,中广核技,化工原料,辽宁,19980902,000881.SZ,20240621,6.6,6.7,6.6,6.66,6.6,0.06,0.9091,46319.0,30867.372,0.5861,0.9612,0.56,,,1.1407,0.9912,0.9783,0.6006,,94542.5815,79034.4031,48187.9491,629653.5928,526369.1246,7.26,5.94,5.007
000881,中广核技,化工原料,辽宁,19980902,000881.SZ,20240620,6.77,6.82,6.6,6.6,6.84,-0.24,-3.5088,78857.79,52728.483,0.9978,1.6365,0.79,,,1.1304,0.9823,0.9695,0.6061,,94542.5815,79034.4031,48187.9491,623981.0379,521627.0605,7.52,6.16,5.007
000881,中广核技,化工原料,辽宁,19980902,000881.SZ,20240619,6.72,6.95,6.61,6.84,6.76,0.08,1.1834,101515.0,68773.778,1.2844,2.1066,1.01,,,1.1715,1.018,1.0048,0.5848,,94542.5815,79034.4031,48187.9491,646671.2575,540595.3172,7.44,6.08,5.007
000881,中广核技,化工原料,辽宁,19980902,000881.SZ,20240618,6.71,6.79,6.67,6.76,6.72,0.04,0.5952,63996.0,43181.314,0.8097,1.328,0.61,,,1.1578,1.0061,0.993,0.5917,,94542.5815,79034.4031,48187.9491,639107.8509,534272.565,7.39,6.05,5.007
000881,中广核技,化工原料,辽宁,19980902,000881.SZ,20240617,6.62,6.75,6.55,6.72,6.69,0.03,0.4484,65187.0,43407.197,0.8248,1.3528,0.53,,,1.151,1.0001,0.9871,0.5952,,94542.5815,79034.4031,48187.9491,635326.1477,531111.1888,7.36,6.02,5.007
000881,中广核技,化工原料,辽宁,19980902,000881.SZ,20240614,6.76,6.86,6.6,6.69,6.73,-0.04,-0.5944,106300.12,71047.665,1.345,2.2059,0.64,,,1.1458,0.9957,0.9827,0.5979,,94542.5815,79034.4031,48187.9491,632489.8702,528740.1567,7.4,6.06,5.007
000881,中广核技,化工原料,辽宁,19980902,000881.SZ,20240613,6.78,7.1,6.71,6.73,6.68,0.05,0.7485,163705.28,112821.325,2.0713,3.3972,0.96,,,1.1527,1.0016,0.9886,0.5944,,94542.5815,79034.4031,48187.9491,636271.5735,531901.5329,7.35,6.01,5.007
000881,中广核技,化工原料,辽宁,19980902,000881.SZ,20240612,6.49,6.81,6.47,6.68,6.53,0.15,2.2971,104998.0,70105.418,1.3285,2.1789,0.5,,,1.1441,0.9942,0.9813,0.5988,,94542.5815,79034.4031,48187.9491,631544.4444,527949.8127,7.18,5.88,5.007
000881,中广核技,化工原料,辽宁,19980902,000881.SZ,20240611,6.46,6.55,6.35,6.53,6.52,0.01,0.1534,86080.12,55467.508,1.0891,1.7786,0.37,,,1.1184,0.9718,0.9592,0.6126,,94542.5815,79034.4031,48398.1791,617363.0572,516094.6522,7.17,5.87,5.007
000881,中广核技,化工原料,辽宁,19980902,000881.SZ,20240607,6.59,6.66,6.39,6.52,6.54,-0.02,-0.3058,153610.01,100119.243,1.9436,3.1739,0.65,,,1.1167,0.9704,0.9578,0.6135,,94542.5815,79034.4031,48398.1791,616417.6314,515304.3082,7.19,5.89,5.007
000881,中广核技,化工原料,辽宁,19980902,000881.SZ,20240606,7.06,7.08,6.44,6.54,7.05,-0.51,-7.234,317453.02,212510.473,4.0166,6.5592,1.52,,,1.1202,0.9733,0.9607,0.6116,0.6116,94542.5815,79034.4031,48398.1791,618308.483,516884.9963,7.76,6.35,5.007
000881,中广核技,化工原料,辽宁,19980902,000881.SZ,20240605,7.27,7.44,7.03,7.05,7.28,-0.23,-3.1593,187132.85,134206.584,2.3677,3.8665,0.8,,,1.2075,1.0492,1.0356,0.5674,0.5674,94542.5815,79034.4031,48398.1791,666525.1996,557192.5419,8.01,6.55,5.007
000881,中广核技,化工原料,辽宁,19980902,000881.SZ,20240604,7.0,7.52,6.97,7.28,7.07,0.21,2.9703,296061.28,215101.645,3.8152,6.3041,1.1,,,1.2469,1.0835,1.0694,0.5495,0.5495,94542.5815,77599.4673,46963.2433,688269.9933,564924.1219,7.78,6.36,5.007
000881,中广核技,化工原料,辽宁,19980902,000881.SZ,20240603,6.92,7.22,6.81,7.07,7.02,0.05,0.7123,204916.0,144293.056,2.6407,4.3532,0.84,,,1.2109,1.0522,1.0385,0.5658,0.5658,94542.5815,77599.4673,47072.8433,668416.0512,548628.2338,7.72,6.32,5.007
000881,中广核技,化工原料,辽宁,19980902,000881.SZ,20240531,7.17,7.26,6.99,7.02,7.12,-0.1,-1.4045,172317.0,121923.741,2.2206,3.6606,0.77,,,1.2024,1.0448,1.0312,0.5698,0.5698,94542.5815,77599.4673,47072.8433,663688.9221,544748.2604,7.83,6.41,5.007
000881,中广核技,化工原料,辽宁,19980902,000881.SZ,20240530,7.1,7.27,7.06,7.12,7.16,-0.04,-0.5587,181425.0,129829.297,2.338,3.8541,0.86,,,1.2195,1.0596,1.0459,0.5618,0.5618,94542.5815,77599.4673,47072.8433,673143.1803,552508.2072,7.88,6.44,5.007
000881,中广核技,化工原料,辽宁,19980902,000881.SZ,20240529,7.23,7.27,7.09,7.16,7.31,-0.15,-2.052,319916.01,229015.187,4.1227,6.7962,1.91,,,1.2263,1.0656,1.0518,0.5587,0.5587,94542.5815,77599.4673,47072.8433,676924.8835,555612.1859,8.04,6.58,5.007
000881,中广核技,化工原料,辽宁,19980902,000881.SZ,20240528,6.84,7.57,6.76,7.31,6.88,0.43,6.25,463965.72,341235.299,5.979,9.8563,4.83,,,1.252,1.0879,1.0738,0.5472,0.5472,94542.5815,77599.4673,47072.8433,691106.2708,567252.106,7.57,6.19,5.007
000881,中广核技,化工原料,辽宁,19980902,000881.SZ,20240527,6.79,6.89,6.68,6.88,6.79,0.09,1.3255,76605.0,51787.098,0.9872,1.6274,0.73,,,1.1784,1.0239,1.0106,0.5814,0.5814,94542.5815,77599.4673,47072.8433,650452.9607,533884.335,7.47,6.11,5.007
000881,中广核技,化工原料,辽宁,19980902,000881.SZ,20240524,6.82,6.94,6.75,6.79,6.8,-0.01,-0.1471,75627.0,51730.333,0.9746,1.6066,0.65,,,1.163,1.0105,0.9974,0.5891,0.5891,94542.5815,77599.4673,47072.8433,641944.1284,526900.383,7.48,6.12,5.007
000881,中广核技,化工原料,辽宁,19980902,000881.SZ,20240523,7.0,7.0,6.75,6.8,7.04,-0.24,-3.4091,117662.0,80251.913,1.5163,2.4996,0.88,,,1.1647,1.012,0.9989,0.5882,0.5882,94542.5815,77599.4673,47072.8433,642889.5542,527676.3776,7.74,6.34,5.007
000881,中广核技,化工原料,辽宁,19980902,000881.SZ,20240522,6.92,7.08,6.88,7.04,6.96,0.08,1.1494,102688.0,71805.944,1.3233,2.1815,0.6,,,1.2058,1.0477,1.0341,0.5682,0.5682,94542.5815,77599.4673,47072.8433,665579.7738,546300.2498,7.66,6.26,5.007
000881,中广核技,化工原料,辽宁,19980902,000881.SZ,20240521,7.08,7.13,6.94,6.96,7.16,-0.2,-2.7933,107276.01,75057.377,1.3824,2.2789,0.62,,,1.1921,1.0358,1.0224,0.5747,0.5747,94542.5815,77599.4673,47072.8433,658016.3672,540092.2924,7.88,6.44,5.007
000881,中广核技,化工原料,辽宁,19980902,000881.SZ,20240520,7.07,7.19,7.04,7.16,7.11,0.05,0.7032,122579.0,87278.466,1.5796,2.604,0.7,,,1.2263,1.0656,1.0518,0.5587,0.5587,94542.5815,77599.4673,47072.8433,676924.8835,555612.1859,7.82,6.4,5.007
000881,中广核技,化工原料,辽宁,19980902,000881.SZ,20240517,7.07,7.18,6.97,7.11,7.11,0.0,0.0,131590.0,92916.889,1.6958,2.7955,0.74,,,1.2178,1.0582,1.0444,0.5626,0.5626,94542.5815,77599.4673,47072.8433,672197.7545,551732.2125,7.82,6.4,5.007
000881,中广核技,化工原料,辽宁,19980902,000881.SZ,20240516,7.13,7.21,7.06,7.11,7.2,-0.09,-1.25,200664.0,142904.279,2.5859,4.2628,1.14,,,1.2178,1.0582,1.0444,0.5626,0.5626,94542.5815,77599.4673,47072.8433,672197.7545,551732.2125,7.92,6.48,5.007
000881,中广核技,化工原料,辽宁,19980902,000881.SZ,20240515,6.85,7.36,6.83,7.2,6.82,0.38,5.5718,295209.01,210925.917,3.8043,6.2713,1.92,,,1.2332,1.0716,1.0576,0.5556,0.5556,94542.5815,77599.4673,47072.8433,680706.5868,558716.1646,7.5,6.14,5.007
000881,中广核技,化工原料,辽宁,19980902,000881.SZ,20240514,6.9,6.96,6.81,6.82,6.9,-0.08,-1.1594,110596.58,75853.847,1.4252,2.3495,0.54,,,1.1681,1.015,1.0018,0.5865,0.5865,94542.5815,77599.4673,47072.8433,644780.4058,529228.367,7.59,6.21,5.007
000881,中广核技,化工原料,辽宁,19980902,000881.SZ,20240513,7.12,7.12,6.85,6.9,7.12,-0.22,-3.0899,141459.0,98348.662,1.8229,3.0051,0.62,,,1.1818,1.0269,1.0136,0.5797,0.5797,94542.5815,77599.4673,47072.8433,652343.8124,535436.3244,7.83,6.41,5.007
000881,中广核技,化工原料,辽宁,19980902,000881.SZ,20240510,7.26,7.39,7.11,7.12,7.23,-0.11,-1.5214,142262.0,102264.735,1.8333,3.0222,0.63,,,1.2195,1.0596,1.0459,0.5618,0.5618,94542.5815,77599.4673,47072.8433,673143.1803,552508.2072,7.95,6.51,5.007
000881,中广核技,化工原料,辽宁,19980902,000881.SZ,20240509,7.07,7.32,7.06,7.23,7.1,0.13,1.831,189569.0,137353.543,2.4429,4.0271,0.82,,,1.2383,1.076,1.0621,0.5533,0.5533,94542.5815,77599.4673,47072.8433,683542.8642,561044.1486,7.81,6.39,5.007
000881,中广核技,化工原料,辽宁,19980902,000881.SZ,20240508,7.22,7.26,7.07,7.1,7.28,-0.18,-2.4725,183320.0,131056.307,2.3624,3.8944,0.8,,,1.2161,1.0567,1.043,0.5634,0.5634,94542.5815,77599.4673,47072.8433,671252.3287,550956.2178,8.01,6.55,5.007
000881,中广核技,化工原料,辽宁,19980902,000881.SZ,20240507,7.2,7.3,7.07,7.28,7.13,0.15,2.1038,363627.93,262453.647,4.686,7.7248,1.9,,,1.2469,1.0835,1.0694,0.5495,0.5495,94542.5815,77599.4673,47072.8433,688269.9933,564924.1219,7.84,6.42,5.007
000881,中广核技,化工原料,辽宁,19980902,000881.SZ,20240506,6.65,7.13,6.65,7.13,6.48,0.65,10.0309,267918.41,184633.213,3.4526,5.6916,1.57,,,1.2212,1.0611,1.0474,0.561,0.561,94542.5815,77599.4673,47072.8433,674088.6061,553284.2018,7.13,5.83,5.007
000881,中广核技,化工原料,辽宁,19980902,000881.SZ,20240430,6.64,6.66,6.43,6.48,6.64,-0.16,-2.4096,131882.0,85878.093,1.6995,2.8017,0.63,,,1.1099,0.9644,0.9519,0.6173,0.6173,94542.5815,77599.4673,47072.8433,612635.9281,502844.5481,7.3,5.98,5.007
000881,中广核技,化工原料,辽宁,19980902,000881.SZ,20240429,6.39,6.74,6.35,6.64,6.59,0.05,0.7587,203618.98,133050.358,2.624,4.3256,0.8,,,1.1373,0.9882,0.9754,0.6024,0.6024,94542.5815,77599.4673,47072.8433,627762.7412,515260.4629,7.25,5.93,5.007
000881,中广核技,化工原料,辽宁,19980902,000881.SZ,20240426,6.57,6.63,6.48,6.59,6.61,-0.02,-0.3026,173314.87,113826.464,2.2335,3.6311,0.57,31.3475,,1.005,0.8971,1.2445,0.607,0.607,94542.5815,77599.4673,47731.0859,623035.6121,511380.4895,7.27,5.95,5.007
000881,中广核技,化工原料,辽宁,19980902,000881.SZ,20240425,6.88,6.88,6.58,6.61,6.88,-0.27,-3.9244,178515.01,118776.125,2.3005,3.74,0.54,31.4426,,1.008,0.8998,1.2483,0.6051,0.6051,94542.5815,77599.4673,47731.0859,624926.4637,512932.4789,7.57,6.19,5.007
000881,中广核技,化工原料,辽宁,19980902,000881.SZ,20240424,6.8,6.94,6.7,6.88,6.87,0.01,0.1456,166066.0,113628.516,2.14,3.4792,0.44,32.727,,1.0492,0.9366,1.2993,0.5814,0.5814,94542.5815,77599.4673,47731.0859,650452.9607,533884.335,7.56,6.18,5.007
000881,中广核技,化工原料,辽宁,19980902,000881.SZ,20240423,7.08,7.16,6.85,6.87,7.18,-0.31,-4.3175,325757.3,227948.349,4.1979,6.8248,0.78,32.6794,,1.0477,0.9352,1.2974,0.5822,0.5822,94542.5815,77599.4673,47731.0859,649507.5349,533108.3404,7.9,6.46,5.007
000881,中广核技,化工原料,辽宁,19980902,000881.SZ,20240422,7.34,7.86,7.15,7.18,7.34,-0.16,-2.1798,435385.53,326366.381,5.6107,9.1216,1.12,34.154,,1.0949,0.9774,1.3559,0.5571,0.5571,94542.5815,77599.4673,47731.0859,678815.7352,557164.1752,8.07,6.61,5.007
000881,中广核技,化工原料,辽宁,19980902,000881.SZ,20240419,6.94,7.62,6.91,7.34,7.05,0.29,4.1135,403879.63,293960.841,5.2047,8.4616,1.05,34.9151,,1.1193,0.9992,1.3861,0.545,0.545,94542.5815,77599.4673,47731.0859,693942.5482,569580.09,7.76,6.35,5.007
000881,中广核技,化工原料,辽宁,19980902,000881.SZ,20240418,7.2,7.28,7.0,7.05,7.36,-0.31,-4.212,316088.75,224875.497,4.0733,6.6223,0.86,33.5357,,1.0751,0.9597,1.3314,0.5674,0.5674,94542.5815,77599.4673,47731.0859,666525.1996,547076.2445,8.1,6.62,5.007
000881,中广核技,化工原料,辽宁,19980902,000881.SZ,20240417,6.99,7.36,6.89,7.36,7.24,0.12,1.6575,420825.03,301622.281,5.423,8.8166,1.39,35.0103,,1.1224,1.0019,1.3899,0.5435,0.5435,94542.5815,77599.4673,47731.0859,695833.3998,571132.0793,7.96,6.52,5.007
000881,中广核技,化工原料,辽宁,19980902,000881.SZ,20240416,6.7,7.37,6.55,7.24,6.83,0.41,6.0029,516794.73,364667.608,6.6598,10.8272,2.35,34.4394,,1.1041,0.9856,1.3672,0.5525,0.5525,94542.5815,77599.4673,47731.0859,684488.2901,561820.1433,7.51,6.15,5.007
000881,中广核技,化工原料,辽宁,19980902,000881.SZ,20240415,6.85,7.09,6.5,6.83,6.95,-0.12,-1.7266,286672.51,194834.182,3.6943,6.006,1.51,32.4891,,1.0416,0.9298,1.2898,0.5857,0.5857,94542.5815,77599.4673,47731.0859,645725.8316,530004.3617,7.65,6.26,5.007
000881,中广核技,化工原料,辽宁,19980902,000881.SZ,20240412,7.07,7.1,6.85,6.95,7.14,-0.19,-2.6611,379673.98,263601.255,4.8927,7.9544,2.72,33.06,,1.0599,0.9461,1.3125,0.5755,0.5755,94542.5815,77599.4673,47731.0859,657070.9414,539316.2977,7.85,6.43,5.007
000881,中广核技,化工原料,辽宁,19980902,000881.SZ,20240411,6.5,7.14,6.43,7.14,6.49,0.65,10.0154,226363.76,156709.655,2.9171,4.7425,1.76,33.9638,,1.0888,0.972,1.3484,0.5602,0.5602,94542.5815,77599.4673,47731.0859,675034.0319,554060.1965,7.14,5.84,5.007
000881,中广核技,化工原料,辽宁,19980902,000881.SZ,20240410,6.68,6.7,6.41,6.49,6.64,-0.15,-2.259,108514.16,70632.16,1.3984,2.2734,0.74,30.8718,,0.9897,0.8835,1.2256,0.6163,0.6163,94542.5815,77599.4673,47731.0859,613581.3539,503620.5428,7.3,5.98,5.007
000881,中广核技,化工原料,辽宁,19980902,000881.SZ,20240409,6.71,6.72,6.6,6.64,6.66,-0.02,-0.3003,96055.12,63942.882,1.2378,2.0124,0.56,31.5854,,1.0126,0.9039,1.2539,0.6024,0.6024,94542.5815,77599.4673,47731.0859,627762.7412,515260.4629,7.33,5.99,5.007
000881,中广核技,化工原料,辽宁,19980902,000881.SZ,20240408,6.81,6.86,6.65,6.66,6.9,-0.24,-3.4783,135819.22,91700.454,1.7503,2.8455,0.73,31.6805,,1.0156,0.9066,1.2577,0.6006,0.6006,94542.5815,77599.4673,47731.0859,629653.5928,516812.4522,7.59,6.21,5.007
000881,中广核技,化工原料,辽宁,19980902,000881.SZ,20240403,6.9,6.99,6.77,6.9,6.91,-0.01,-0.1447,130249.67,89270.017,1.6785,2.7288,0.63,32.8221,,1.0522,0.9393,1.303,0.5797,0.5797,94542.5815,77599.4673,47731.0859,652343.8124,535436.3244,7.6,6.22,5.007
000881,中广核技,化工原料,辽宁,19980902,000881.SZ,20240402,6.87,7.1,6.83,6.91,6.93,-0.02,-0.2886,174210.47,121260.674,2.245,3.6498,0.75,32.8697,,1.0538,0.9407,1.3049,0.5789,0.5789,94542.5815,77599.4673,47731.0859,653289.2382,536212.319,7.62,6.24,5.007
000881,中广核技,化工原料,辽宁,19980902,000881.SZ,20240401,6.89,6.98,6.79,6.93,6.89,0.04,0.5806,197704.03,136192.204,2.5477,4.142,0.72,32.9648,,1.0568,0.9434,1.3087,0.5772,0.5772,94542.5815,77599.4673,47731.0859,655180.0898,537764.3084,7.58,6.2,5.007
000881,中广核技,化工原料,辽宁,19980902,000881.SZ,20240329,6.6,6.93,6.57,6.89,6.62,0.27,4.0785,219509.16,150066.714,2.8287,4.5989,0.63,32.7746,,1.0507,0.938,1.3011,0.5806,0.5806,94542.5815,77599.4673,47731.0859,651398.3865,534660.3297,7.28,5.96,5.007
000881,中广核技,化工原料,辽宁,19980902,000881.SZ,20240328,6.46,6.73,6.38,6.62,6.48,0.14,2.1605,207797.02,137416.406,2.6778,4.3535,0.57,31.4902,,1.0095,0.9012,1.2502,0.6042,0.6042,94542.5815,77599.4673,47731.0859,625871.8895,513708.4735,7.13,5.83,5.007
000881,中广核技,化工原料,辽宁,19980902,000881.SZ,20240327,6.66,6.92,6.48,6.48,6.72,-0.24,-3.5714,242084.43,161869.355,3.1197,5.0718,0.71,30.8243,,0.9882,0.8821,1.2237,0.6173,0.6173,94542.5815,77599.4673,47731.0859,612635.9281,502844.5481,7.39,6.05,5.007
000881,中广核技,化工原料,辽宁,19980902,000881.SZ,20240326,6.69,6.85,6.51,6.72,6.72,0.0,0.0,300797.29,200640.428,3.8763,6.3019,1.03,31.9659,,1.0248,0.9148,1.269,0.5952,0.5952,94542.5815,77599.4673,47731.0859,635326.1477,521468.4203,7.39,6.05,5.007
000881,中广核技,化工原料,辽宁,19980902,000881.SZ,20240325,7.24,7.28,6.72,6.72,7.24,-0.52,-7.1823,394231.94,274057.697,5.0803,8.2594,1.75,31.9659,,1.0248,0.9148,1.269,0.5952,0.5952,94542.5815,77599.4673,47731.0859,635326.1477,521468.4203,7.96,6.52,5.007
000881,中广核技,化工原料,辽宁,19980902,000881.SZ,20240322,7.23,7.65,7.17,7.24,7.1,0.14,1.9718,607027.51,447546.769,7.8226,12.7177,5.08,34.4394,,1.1041,0.9856,1.3672,0.5525,0.5525,94542.5815,77599.4673,47731.0859,684488.2901,561820.1433,7.81,6.39,5.007
000881,中广核技,化工原料,辽宁,19980902,000881.SZ,20240321,6.42,7.1,6.4,7.1,6.45,0.65,10.0775,263403.31,177819.939,3.3944,5.5185,3.25,33.7735,,1.0827,0.9665,1.3408,0.5634,0.5634,94542.5815,77599.4673,47731.0859,671252.3287,550956.2178,7.1,5.81,5.007
000881,中广核技,化工原料,辽宁,19980902,000881.SZ,20240320,6.26,6.51,6.22,6.45,6.28,0.17,2.707,127868.67,81858.566,1.6478,2.6789,1.81,30.6816,,0.9836,0.8781,1.2181,0.6202,0.6202,94542.5815,77599.4673,47731.0859,609799.6507,500516.5641,6.91,5.65,5.007
000881,中广核技,化工原料,辽宁,19980902,000881.SZ,20240319,6.36,6.4,6.27,6.28,6.36,-0.08,-1.2579,63010.0,39793.385,0.812,1.3201,0.85,29.8729,,0.9577,0.8549,1.186,0.6369,0.6369,94542.5815,77599.4673,47731.0859,593727.4118,487324.6546,7.0,5.72,5.007
000881,中广核技,化工原料,辽宁,19980902,000881.SZ,20240318,6.34,6.43,6.29,6.36,6.28,0.08,1.2739,66347.44,42091.556,0.855,1.39,0.86,30.2534,,0.9699,0.8658,1.2011,0.6289,0.6289,94542.5815,77599.4673,47731.0859,601290.8183,493532.612,6.91,5.65,5.007
000881,中广核技,化工原料,辽宁,19980902,000881.SZ,20240315,6.11,6.29,6.08,6.28,6.13,0.15,2.447,77344.0,47932.301,0.9967,1.6204,1.03,29.8729,,0.9577,0.8549,1.186,0.6369,0.6369,94542.5815,77599.4673,47731.0859,593727.4118,487324.6546,6.74,5.52,5.007
000881,中广核技,化工原料,辽宁,19980902,000881.SZ,20240314,6.12,6.21,6.07,6.13,6.15,-0.02,-0.3252,70939.5,43569.447,0.9142,1.4862,0.85,29.1594,,0.9348,0.8345,1.1576,0.6525,0.6525,94542.5815,77599.4673,47731.0859,579546.0246,475684.7345,6.77,5.54,5.007
000881,中广核技,化工原料,辽宁,19980902,000881.SZ,20240313,6.13,6.18,6.08,6.15,6.14,0.01,0.1629,74738.06,45749.702,0.9631,1.5658,0.81,29.2545,,0.9379,0.8372,1.1614,0.6504,0.6504,94542.5815,77599.4673,47731.0859,581436.8762,477236.7239,6.75,5.53,5.007
000881,中广核技,化工原料,辽宁,19980902,000881.SZ,20240312,6.08,6.15,6.02,6.14,6.06,0.08,1.3201,79164.21,48164.506,1.0202,1.6585,0.86,29.2069,,0.9363,0.8359,1.1595,0.6515,0.6515,94542.5815,77599.4673,47731.0859,580491.4504,476460.7292,6.67,5.45,5.007
000881,中广核技,化工原料,辽宁,19980902,000881.SZ,20240311,5.96,6.06,5.95,6.06,5.96,0.1,1.6779,83161.47,50021.906,1.0717,1.7423,0.9,28.8264,,0.9241,0.825,1.1444,0.6601,0.6601,94542.5815,77599.4673,47731.0859,572928.0439,470252.7718,6.56,5.36,5.007
000881,中广核技,化工原料,辽宁,19980902,000881.SZ,20240308,5.92,5.99,5.85,5.96,5.94,0.02,0.3367,67343.5,39900.693,0.8678,1.4109,0.7,28.3507,,0.9089,0.8113,1.1255,0.6711,0.6711,94542.5815,77599.4673,47731.0859,563473.7857,462492.8251,6.53,5.35,5.007
000881,中广核技,化工原料,辽宁,19980902,000881.SZ,20240307,5.96,6.1,5.93,5.94,5.96,-0.02,-0.3356,113547.28,68367.533,1.4632,2.3789,1.25,28.2556,,0.9058,0.8086,1.1217,0.6734,0.6734,94542.5815,77599.4673,47731.0859,561582.9341,460940.8358,6.56,5.36,5.007
000881,中广核技,化工原料,辽宁,19980902,000881.SZ,20240306,5.88,6.1,5.86,5.96,5.92,0.04,0.6757,118882.85,70985.409,1.532,2.4907,1.21,28.3507,,0.9089,0.8113,1.1255,0.6711,0.6711,94542.5815,77599.4673,47731.0859,563473.7857,462492.8251,6.51,5.33,5.007
000881,中广核技,化工原料,辽宁,19980902,000881.SZ,20240305,6.0,6.02,5.87,5.92,6.04,-0.12,-1.9868,76241.0,45197.833,0.9825,1.5973,0.74,28.1604,,0.9028,0.8059,1.118,0.6757,0.6757,94542.5815,77599.4673,47731.0859,559692.0825,459388.8464,6.64,5.44,5.007
000881,中广核技,化工原料,辽宁,19980902,000881.SZ,20240304,6.2,6.24,5.98,6.04,6.08,-0.04,-0.6579,87161.28,52831.004,1.1232,1.8261,0.86,28.7313,,0.9211,0.8222,1.1406,0.6623,0.6623,94542.5815,77599.4673,47731.0859,571037.1923,468700.7825,6.69,5.47,5.007
000881,中广核技,化工原料,辽宁,19980902,000881.SZ,20240301,5.98,6.08,5.94,6.08,5.99,0.09,1.5025,83315.28,50078.529,1.0737,1.7455,0.83,28.9215,,0.9272,0.8277,1.1482,0.6579,0.6579,94542.5815,77599.4673,47731.0859,574818.8955,471804.7612,6.59,5.39,5.007
000881,中广核技,化工原料,辽宁,19980902,000881.SZ,20240229,5.79,6.0,5.75,5.99,5.79,0.2,3.4542,87304.0,51579.661,1.1251,1.8291,0.88,28.4934,,0.9135,0.8154,1.1312,0.6678,0.6678,94542.5815,77599.4673,47731.0859,566310.0632,464820.8091,6.37,5.21,5.007
000881,中广核技,化工原料,辽宁,19980902,000881.SZ,20240228,6.15,6.3,5.79,5.79,6.15,-0.36,-5.8537,155596.0,94344.032,2.0051,3.2598,1.66,27.542,,0.883,0.7882,1.0934,0.6908,0.6908,94542.5815,77599.4673,47731.0859,547401.5469,449300.9157,6.77,5.54,5.007
000881,中广核技,化工原料,辽宁,19980902,000881.SZ,20240227,5.97,6.15,5.91,6.15,5.95,0.2,3.3613,99712.0,60456.194,1.285,2.089,1.09,29.2545,,0.9379,0.8372,1.1614,0.6504,0.6504,94542.5815,77599.4673,47731.0859,581436.8762,477236.7239,6.55,5.36,5.007
000881,中广核技,化工原料,辽宁,19980902,000881.SZ,20240226,5.96,6.08,5.92,5.95,5.97,-0.02,-0.335,80653.84,48364.963,1.0394,1.6898,0.74,28.3031,,0.9074,0.81,1.1236,0.6723,0.6723,94542.5815,77599.4673,47731.0859,562528.3599,461716.8304,6.57,5.37,5.007
000881,中广核技,化工原料,辽宁,19980902,000881.SZ,20240223,5.86,5.98,5.81,5.97,5.86,0.11,1.8771,80204.5,47229.875,1.0336,1.6803,0.68,28.3983,,0.9104,0.8127,1.1274,0.67,0.67,94542.5815,77599.4673,47731.0859,564419.2116,463268.8198,6.45,5.27,5.007
000881,中广核技,化工原料,辽宁,19980902,000881.SZ,20240222,5.74,5.9,5.71,5.86,5.73,0.13,2.2688,82125.5,47602.524,1.0583,1.7206,0.62,27.875,,0.8936,0.7977,1.1066,0.6826,0.6826,94542.5815,77599.4673,47731.0859,554019.5276,454732.8784,6.3,5.16,5.007
000881,中广核技,化工原料,辽宁,19980902,000881.SZ,20240221,5.64,5.89,5.63,5.73,5.67,0.06,1.0582,125289.0,72421.313,1.6146,2.6249,0.88,27.2566,,0.8738,0.78,1.0821,0.6981,0.6981,94542.5815,77599.4673,47731.0859,541728.992,444644.9476,6.24,5.1,5.007
000881,中广核技,化工原料,辽宁,19980902,000881.SZ,20240220,5.68,5.7,5.56,5.67,5.73,-0.06,-1.0471,88219.0,49746.781,1.1369,1.8483,0.55,26.9712,,0.8647,0.7719,1.0708,0.7055,0.7055,94542.5815,77599.4673,47731.0859,536056.4371,439988.9796,6.3,5.16,5.007
000881,中广核技,化工原料,辽宁,19980902,000881.SZ,20240219,5.71,5.85,5.6,5.73,5.7,0.03,0.5263,172184.34,98382.631,2.2189,3.6074,1.12,27.2566,,0.8738,0.78,1.0821,0.6981,0.6981,94542.5815,77599.4673,47731.0859,541728.992,444644.9476,6.27,5.13,5.007
000881,中广核技,化工原料,辽宁,19980902,000881.SZ,20240208,5.22,5.7,5.2,5.7,5.18,0.52,10.0386,122419.0,67939.772,1.5776,2.5648,0.78,27.1139,,0.8692,0.776,1.0764,0.7018,0.7018,94542.5815,77599.4673,47731.0859,538892.7146,442316.9636,5.7,4.66,5.007
000881,中广核技,化工原料,辽宁,19980902,000881.SZ,20240207,5.04,5.27,4.93,5.18,5.02,0.16,3.1873,159265.41,81913.996,2.0524,3.3367,1.05,24.6404,,0.7899,0.7052,0.9782,0.7722,0.7722,94542.5815,77599.4673,47731.0859,489730.5722,401965.2406,5.52,4.52,5.007
000881,中广核技,化工原料,辽宁,19980902,000881.SZ,20240206,5.0,5.2,4.61,5.02,5.0,0.02,0.4,170105.52,83193.089,2.1921,3.5638,1.26,23.8793,,0.7655,0.6834,0.948,0.7968,0.7968,94542.5815,77599.4673,47731.0859,474603.7591,389549.3258,5.5,4.5,5.007
000881,中广核技,化工原料,辽宁,19980902,000881.SZ,20240205,5.52,5.52,5.0,5.0,5.55,-0.55,-9.9099,174956.2,89143.228,2.2546,3.6655,1.4,23.7842,,0.7625,0.6807,0.9442,0.8,0.8,94542.5815,77599.4673,47731.0859,472712.9075,387997.3365,6.11,5.0,5.007
000881,中广核技,化工原料,辽宁,19980902,000881.SZ,20240202,5.87,5.96,5.34,5.55,5.86,-0.31,-5.2901,141376.1,80126.541,1.8219,2.9619,1.22,26.4004,,0.8464,0.7555,1.0481,0.7207,0.7207,94542.5815,77599.4673,47731.0859,524711.3273,430677.0435,6.45,5.27,5.007
000881,中广核技,化工原料,辽宁,19980902,000881.SZ,20240201,6.11,6.18,5.82,5.86,6.22,-0.36,-5.7878,143356.0,85222.864,1.8474,3.0034,1.32,27.875,,0.8936,0.7977,1.1066,0.6826,0.6826,94542.5815,77599.4673,47731.0859,554019.5276,454732.8784,6.84,5.6,5.007
000881,中广核技,化工原料,辽宁,19980902,000881.SZ,20240131,6.17,6.39,6.02,6.22,6.39,-0.17,-2.6604,129882.12,80649.637,1.6738,2.7211,1.27,29.5875,,0.9485,0.8467,1.1746,0.6431,0.6431,94542.5815,77599.4673,47731.0859,588054.8569,482668.6866,7.03,5.75,5.007
000881,中广核技,化工原料,辽宁,19980902,000881.SZ,20240130,6.54,6.6,6.37,6.39,6.61,-0.22,-3.3283,83989.0,54588.761,1.0823,1.7596,0.84,30.3961,,0.9745,0.8699,1.2067,0.626,0.626,94542.5815,77599.4673,47731.0859,604127.0958,495860.596,7.27,5.95,5.007
000881,中广核技,化工原料,辽宁,19980902,000881.SZ,20240129,6.68,6.79,6.49,6.61,6.65,-0.04,-0.6015,125007.01,82736.521,1.6109,2.619,1.35,31.4426,,1.008,0.8998,1.2483,0.6051,0.6051,94542.5815,77599.4673,47731.0859,624926.4637,512932.4789,7.32,5.99,5.007
000881,中广核技,化工原料,辽宁,19980902,000881.SZ,20240126,6.69,6.75,6.61,6.65,6.74,-0.09,-1.3353,95128.58,63483.484,1.2259,1.993,1.12,31.6329,,1.0141,0.9053,1.2558,0.6015,0.6015,94542.5815,77599.4673,47731.0859,628708.167,516036.4575,7.41,6.07,5.007
000881,中广核技,化工原料,辽宁,19980902,000881.SZ,20240125,6.48,6.74,6.34,6.74,6.4,0.34,5.3125,107901.01,71093.663,1.3905,2.2606,1.32,32.061,,1.0278,0.9175,1.2728,0.5935,0.5935,94542.5815,77599.4673,47731.0859,637216.9993,523020.4096,7.04,5.76,5.007
000881,中广核技,化工原料,辽宁,19980902,000881.SZ,20240124,6.12,6.4,6.06,6.4,6.1,0.3,4.918,100358.0,62456.15,1.2933,2.1026,1.29,30.4437,,0.976,0.8712,1.2086,0.625,0.625,94542.5815,77599.4673,47731.0859,605072.5216,496636.5907,6.71,5.49,5.007
000881,中广核技,化工原料,辽宁,19980902,000881.SZ,20240123,6.01,6.12,5.93,6.1,6.01,0.09,1.4975,71149.02,42983.649,0.9169,1.4906,0.9,29.0167,,0.9302,0.8304,1.152,0.6557,0.6557,94542.5815,77599.4673,47731.0859,576709.7472,473356.7505,6.61,5.41,5.007
000881,中广核技,化工原料,辽宁,19980902,000881.SZ,20240122,6.38,6.44,5.98,6.01,6.43,-0.42,-6.5319,88106.55,54582.943,1.1354,1.8459,1.24,28.5885,,0.9165,0.8182,1.135,0.6656,0.6656,94542.5815,77599.4673,47731.0859,568200.9148,466372.7985,7.07,5.79,5.007
000881,中广核技,化工原料,辽宁,19980902,000881.SZ,20240119,6.54,6.54,6.41,6.43,6.47,-0.04,-0.6182,57065.63,36883.033,0.7354,1.1956,0.82,30.5864,,0.9806,0.8753,1.2143,0.6221,0.6221,94542.5815,77599.4673,47731.0859,607908.799,498964.5747,7.12,5.82,5.007
000881,中广核技,化工原料,辽宁,19980902,000881.SZ,20240118,6.59,6.59,6.29,6.47,6.6,-0.13,-1.9697,90535.02,58102.601,1.1667,1.8968,1.45,30.7767,,0.9867,0.8808,1.2218,0.6182,0.6182,94542.5815,77599.4673,47731.0859,611690.5023,502068.5534,7.26,5.94,5.007
000881,中广核技,化工原料,辽宁,19980902,000881.SZ,20240117,6.85,6.85,6.6,6.6,6.87,-0.27,-3.9301,80929.68,54300.502,1.0429,1.6955,1.41,31.3951,,1.0065,0.8985,1.2464,0.6061,0.6061,94542.5815,77599.4673,47731.0859,623981.0379,512156.4842,7.56,6.18,5.007
000881,中广核技,化工原料,辽宁,19980902,000881.SZ,20240116,7.01,7.01,6.79,6.87,7.01,-0.14,-1.9971,80350.82,55257.65,1.0355,1.6834,1.47,32.6794,,1.0477,0.9352,1.2974,0.5822,0.5822,94542.5815,77599.4673,47731.0859,649507.5349,533108.3404,7.71,6.31,5.007
000881,中广核技,化工原料,辽宁,19980902,000881.SZ,20240115,6.97,7.04,6.91,7.01,7.03,-0.02,-0.2845,46965.0,32805.715,0.6052,0.9839,0.77,33.3454,,1.069,0.9543,1.3238,0.5706,0.5706,94542.5815,77599.4673,47731.0859,662743.4963,543972.2658,7.73,6.33,5.007
000881,中广核技,化工原料,辽宁,19980902,000881.SZ,20240112,6.98,7.13,6.98,7.03,7.02,0.01,0.1425,47463.45,33574.035,0.6116,0.9944,0.7,33.4405,,1.0721,0.957,1.3276,0.569,0.569,94542.5815,77599.4673,47731.0859,664634.3479,545524.2551,7.72,6.32,5.007
000881,中广核技,化工原料,辽宁,19980902,000881.SZ,20240111,6.96,7.05,6.89,7.02,6.98,0.04,0.5731,56058.01,39070.637,0.7224,1.1745,0.75,33.3929,,1.0705,0.9556,1.3257,0.5698,0.5698,94542.5815,77599.4673,47731.0859,663688.9221,544748.2604,7.68,6.28,5.007
000881,中广核技,化工原料,辽宁,19980902,000881.SZ,20240110,6.98,7.03,6.87,6.98,6.95,0.03,0.4317,56086.01,39064.785,0.7228,1.175,0.62,33.2027,,1.0644,0.9502,1.3181,0.5731,0.5731,94542.5815,77599.4673,47731.0859,659907.2189,541644.2818,7.65,6.26,5.007
000881,中广核技,化工原料,辽宁,19980902,000881.SZ,20240109,6.91,7.04,6.86,6.95,6.92,0.03,0.4335,66043.19,45823.324,0.8511,1.3837,0.54,33.06,,1.0599,0.9461,1.3125,0.5755,0.5755,94542.5815,77599.4673,47731.0859,657070.9414,539316.2977,7.61,6.23,5.007
000881,中广核技,化工原料,辽宁,19980902,000881.SZ,20240108,7.12,7.14,6.91,6.92,7.14,-0.22,-3.0812,77450.01,54084.523,0.9981,1.6226,0.67,32.9173,,1.0553,0.942,1.3068,0.578,0.578,94542.5815,77599.4673,47731.0859,654234.664,536988.3137,7.85,6.43,5.007
000881,中广核技,化工原料,辽宁,19980902,000881.SZ,20240105,7.28,7.29,7.09,7.14,7.27,-0.13,-1.7882,85746.0,61621.792,1.105,1.7964,0.8,33.9638,,1.0888,0.972,1.3484,0.5602,0.5602,94542.5815,77599.4673,47731.0859,675034.0319,554060.1965,8.0,6.54,5.007
000881,中广核技,化工原料,辽宁,19980902,000881.SZ,20240104,7.34,7.36,7.22,7.27,7.35,-0.08,-1.0884,87036.33,63306.36,1.1216,1.8235,0.9,34.5822,,1.1087,0.9897,1.3729,0.5502,0.5502,94542.5815,77599.4673,47731.0859,687324.5675,564148.1273,8.09,6.62,5.007
000881,中广核技,化工原料,辽宁,19980902,000881.SZ,20240103,7.43,7.5,7.29,7.35,7.54,-0.19,-2.5199,134436.15,98991.714,1.7324,2.8165,1.77,34.9627,,1.1209,1.0006,1.388,0.5442,0.5442,94542.5815,77599.4673,47731.0859,694887.974,570356.0847,8.29,6.79,5.007
000881,中广核技,化工原料,辽宁,19980902,000881.SZ,20240102,7.41,7.67,7.37,7.54,7.25,0.29,4.0,227934.17,171788.627,2.9373,4.7754,5.96,35.8665,,1.1498,1.0264,1.4239,0.5305,0.5305,94542.5815,77599.4673,47731.0859,712851.0645,585099.9834,7.98,6.53,5.007
000881,中广核技,化工原料,辽宁,19980902,000881.SZ,20231229,7.15,7.26,7.15,7.25,7.17,0.08,1.1158,40297.28,29056.062,0.5193,0.8443,1.05,34.487,,1.1056,0.987,1.3691,0.4828,0.5517,94542.5815,77599.4673,47731.0859,685433.7159,562596.1379,7.89,6.45,5.007
000881,中广核技,化工原料,辽宁,19980902,000881.SZ,20231228,6.95,7.18,6.93,7.17,6.96,0.21,3.0172,49116.98,34825.917,0.633,1.029,1.29,34.1065,,1.0934,0.9761,1.354,0.4881,0.5579,94542.5815,77599.4673,47731.0859,677870.3094,556388.1805,7.66,6.26,5.007
000881,中广核技,化工原料,辽宁,19980902,000881.SZ,20231227,6.95,6.99,6.89,6.96,6.95,0.01,0.1439,29716.0,20632.595,0.3829,0.6226,0.75,33.1075,,1.0614,0.9475,1.3144,0.5029,0.5747,94542.5815,77599.4673,47731.0859,658016.3672,540092.2924,7.65,6.26,5.007
000881,中广核技,化工原料,辽宁,19980902,000881.SZ,20231226,7.04,7.05,6.94,6.95,7.03,-0.08,-1.138,31815.0,22219.915,0.41,0.6665,0.79,33.06,,1.0599,0.9461,1.3125,0.5036,0.5755,94542.5815,77599.4673,47731.0859,657070.9414,539316.2977,7.73,6.33,5.007
000881,中广核技,化工原料,辽宁,19980902,000881.SZ,20231225,7.05,7.06,6.96,7.03,7.08,-0.05,-0.7062,40367.0,28275.188,0.5202,0.8457,0.98,33.4405,,1.0721,0.957,1.3276,0.4979,0.569,94542.5815,77599.4673,47731.0859,664634.3479,545524.2551,7.79,6.37,5.007
000881,中广核技,化工原料,辽宁,19980902,000881.SZ,20231222,7.09,7.17,7.02,7.08,7.09,-0.01,-0.141,41105.17,29130.205,0.5297,0.8612,1.01,33.6784,,1.0797,0.9638,1.337,0.4944,0.565,94542.5815,77599.4673,47731.0859,669361.477,549404.2285,7.8,6.38,5.007
000881,中广核技,化工原料,辽宁,19980902,000881.SZ,20231221,7.06,7.13,6.95,7.09,7.07,0.02,0.2829,47983.0,33787.894,0.6183,1.0053,1.27,33.7259,,1.0812,0.9652,1.3389,0.4937,0.5642,94542.5815,77599.4673,47731.0859,670306.9028,550180.2232,7.78,6.36,5.007
000881,中广核技,化工原料,辽宁,19980902,000881.SZ,20231220,7.17,7.24,7.07,7.07,7.14,-0.07,-0.9804,37377.0,26702.614,0.4817,0.7831,0.9,33.6308,,1.0782,0.9625,1.3351,0.495,0.5658,94542.5815,77599.4673,47731.0859,668416.0512,548628.2338,7.85,6.43,5.007
000881,中广核技,化工原料,辽宁,19980902,000881.SZ,20231219,7.19,7.2,7.11,7.14,7.19,-0.05,-0.6954,33593.0,24030.583,0.4329,0.7038,0.79,33.9638,,1.0888,0.972,1.3484,0.4902,0.5602,94542.5815,77599.4673,47731.0859,675034.0319,554060.1965,7.91,6.47,5.007
000881,中广核技,化工原料,辽宁,19980902,000881.SZ,20231218,7.35,7.35,7.17,7.19,7.35,-0.16,-2.1769,45906.0,33250.084,0.5916,0.9618,0.98,34.2016,,1.0965,0.9788,1.3578,0.4868,0.5563,94542.5815,77599.4673,47731.0859,679761.161,557940.1699,8.09,6.62,5.007
000881,中广核技,化工原料,辽宁,19980902,000881.SZ,20231215,7.37,7.42,7.33,7.35,7.36,-0.01,-0.1359,37770.52,27858.542,0.4867,0.7913,0.72,34.9627,,1.1209,1.0006,1.388,0.4762,0.5442,94542.5815,77599.4673,47731.0859,694887.974,570356.0847,8.1,6.62,5.007
000881,中广核技,化工原料,辽宁,19980902,000881.SZ,20231214,7.41,7.42,7.35,7.36,7.36,0.0,0.0,33816.0,24986.434,0.4358,0.7085,0.61,35.0103,,1.1224,1.0019,1.3899,0.4755,0.5435,94542.5815,77599.4673,47731.0859,695833.3998,571132.0793,8.1,6.62,5.007
000881,中广核技,化工原料,辽宁,19980902,000881.SZ,20231213,7.31,7.46,7.26,7.36,7.33,0.03,0.4093,56293.11,41536.645,0.7254,1.1794,1.03,35.0103,,1.1224,1.0019,1.3899,0.4755,0.5435,94542.5815,77599.4673,47731.0859,695833.3998,571132.0793,8.06,6.6,5.007
000881,中广核技,化工原料,辽宁,19980902,000881.SZ,20231212,7.26,7.33,7.23,7.33,7.26,0.07,0.9642,38471.01,28002.923,0.4958,0.806,0.67,34.8676,,1.1178,0.9978,1.3842,0.4775,0.5457,94542.5815,77599.4673,47731.0859,692997.1224,568804.0953,7.99,6.53,5.007
000881,中广核技,化工原料,辽宁,19980902,000881.SZ,20231211,7.14,7.26,7.08,7.26,7.18,0.08,1.1142,68954.0,49474.625,0.8886,1.4446,1.23,34.5346,,1.1071,0.9883,1.371,0.4821,0.551,94542.5815,77599.4673,47731.0859,686379.1417,563372.1326,7.9,6.46,5.007
000881,中广核技,化工原料,辽宁,19980902,000881.SZ,20231208,7.32,7.33,7.18,7.18,7.3,-0.12,-1.6438,64488.0,46705.237,0.831,1.3511,1.22,34.154,,1.0949,0.9774,1.3559,0.4875,0.5571,94542.5815,77599.4673,47731.0859,678815.7352,557164.1752,8.03,6.57,5.007
000881,中广核技,化工原料,辽宁,19980902,000881.SZ,20231207,7.33,7.34,7.23,7.3,7.33,-0.03,-0.4093,47824.0,34802.715,0.6163,1.0019,0.92,34.7249,,1.1132,0.9938,1.3786,0.4795,0.5479,94542.5815,77599.4673,47731.0859,690160.845,566476.1113,8.06,6.6,5.007
000881,中广核技,化工原料,辽宁,19980902,000881.SZ,20231206,7.3,7.39,7.23,7.33,7.3,0.03,0.411,54719.56,40109.919,0.7052,1.1464,1.1,34.8676,,1.1178,0.9978,1.3842,0.4775,0.5457,94542.5815,77599.4673,47731.0859,692997.1224,568804.0953,8.03,6.57,5.007
000881,中广核技,化工原料,辽宁,19980902,000881.SZ,20231205,7.45,7.47,7.3,7.3,7.48,-0.18,-2.4064,52795.0,38936.78,0.6804,1.1061,1.08,34.7249,,1.1132,0.9938,1.3786,0.4795,0.5479,94542.5815,77599.4673,47731.0859,690160.845,566476.1113,8.23,6.73,5.007
000881,中广核技,化工原料,辽宁,19980902,000881.SZ,20231204,7.4,7.5,7.39,7.48,7.4,0.08,1.0811,60781.11,45322.782,0.7833,1.2734,1.24,35.5811,,1.1407,1.0183,1.4126,0.4679,0.5348,94542.5815,77599.4673,47731.0859,707178.5096,580444.0154,8.14,6.66,5.007
000881,中广核技,化工原料,辽宁,19980902,000881.SZ,20231201,7.35,7.43,7.33,7.4,7.36,0.04,0.5435,48016.15,35423.322,0.6188,1.006,0.95,35.2005,,1.1285,1.0074,1.3975,0.473,0.5405,94542.5815,77599.4673,47731.0859,699615.1031,574236.058,8.1,6.62,5.007
000881,中广核技,化工原料,辽宁,19980902,000881.SZ,20231130,7.4,7.43,7.31,7.36,7.41,-0.05,-0.6748,44680.61,32928.257,0.5758,0.9361,0.85,35.0103,,1.1224,1.0019,1.3899,0.4755,0.5435,94542.5815,77599.4673,47731.0859,695833.3998,571132.0793,8.15,6.67,5.007
000881,中广核技,化工原料,辽宁,19980902,000881.SZ,20231129,7.44,7.47,7.39,7.41,7.45,-0.04,-0.5369,42424.33,31527.509,0.5467,0.8888,0.77,35.2481,,1.13,1.0087,1.3993,0.4723,0.5398,94542.5815,77599.4673,47731.0859,700560.5289,575012.0527,8.2,6.71,5.007
000881,中广核技,化工原料,辽宁,19980902,000881.SZ,20231128,7.4,7.46,7.33,7.45,7.39,0.06,0.8119,47494.37,35201.029,0.612,0.995,0.82,35.4384,,1.1361,1.0142,1.4069,0.4698,0.5369,94542.5815,77599.4673,47731.0859,704342.2322,578116.0314,8.13,6.65,5.007
000881,中广核技,化工原料,辽宁,19980902,000881.SZ,20231127,7.43,7.46,7.36,7.39,7.44,-0.05,-0.672,63066.07,46635.698,0.8127,1.3213,1.07,35.153,,1.127,1.006,1.3956,0.4736,0.5413,94542.5815,77599.4673,47731.0859,698669.6773,573460.0633,8.18,6.7,5.007
000881,中广核技,化工原料,辽宁,19980902,000881.SZ,20231124,7.47,7.51,7.41,7.44,7.49,-0.05,-0.6676,54724.01,40798.079,0.7052,1.1465,0.97,35.3908,,1.1346,1.0128,1.405,0.4704,0.5376,94542.5815,77599.4673,47731.0859,703396.8064,577340.0367,8.24,6.74,5.007
000881,中广核技,化工原料,辽宁,19980902,000881.SZ,20231123,7.38,7.5,7.38,7.49,7.39,0.1,1.3532,55220.0,41205.816,0.7116,1.1569,0.98,35.6287,,1.1422,1.0196,1.4145,0.4673,0.534,94542.5815,77599.4673,47731.0859,708123.9354,581220.0101,8.13,6.65,5.007
000881,中广核技,化工原料,辽宁,19980902,000881.SZ,20231122,7.43,7.49,7.39,7.39,7.46,-0.07,-0.9383,53911.01,40039.136,0.6947,1.1295,0.95,35.153,,1.127,1.006,1.3956,0.4736,0.5413,94542.5815,77599.4673,47731.0859,698669.6773,573460.0633,8.21,6.71,5.007
000881,中广核技,化工原料,辽宁,19980902,000881.SZ,20231121,7.51,7.53,7.44,7.46,7.5,-0.04,-0.5333,63340.0,47446.903,0.8162,1.327,1.1,35.486,,1.1376,1.0155,1.4088,0.4692,0.5362,94542.5815,77599.4673,47731.0859,705287.658,578892.0261,8.25,6.75,5.007
000881,中广核技,化工原料,辽宁,19980902,000881.SZ,20231120,7.44,7.53,7.42,7.5,7.41,0.09,1.2146,67288.05,50350.97,0.8671,1.4097,1.19,35.6762,,1.1437,1.021,1.4163,0.4667,0.5333,94542.5815,77599.4673,47731.0859,709069.3613,581996.0048,8.15,6.67,5.007
000881,中广核技,化工原料,辽宁,19980902,000881.SZ,20231117,7.38,7.43,7.36,7.41,7.39,0.02,0.2706,43045.0,31834.244,0.5547,0.9018,0.76,35.2481,,1.13,1.0087,1.3993,0.4723,0.5398,94542.5815,77599.4673,47731.0859,700560.5289,575012.0527,8.13,6.65,5.007
000881,中广核技,化工原料,辽宁,19980902,000881.SZ,20231116,7.45,7.46,7.39,7.39,7.44,-0.05,-0.672,54798.0,40696.449,0.7062,1.1481,0.98,35.153,,1.127,1.006,1.3956,0.4736,0.5413,94542.5815,77599.4673,47731.0859,698669.6773,573460.0633,8.18,6.7,5.007
000881,中广核技,化工原料,辽宁,19980902,000881.SZ,20231115,7.43,7.49,7.41,7.44,7.4,0.04,0.5405,56055.0,41753.424,0.7224,1.1744,0.96,35.3908,,1.1346,1.0128,1.405,0.4704,0.5376,94542.5815,77599.4673,47731.0859,703396.8064,577340.0367,8.14,6.66,5.007
000881,中广核技,化工原料,辽宁,19980902,000881.SZ,20231114,7.37,7.41,7.34,7.4,7.39,0.01,0.1353,67304.0,49688.147,0.8673,1.4101,1.18,35.2005,,1.1285,1.0074,1.3975,0.473,0.5405,94542.5815,77599.4673,47731.0859,699615.1031,574236.058,8.13,6.65,5.007
000881,中广核技,化工原料,辽宁,19980902,000881.SZ,20231113,7.32,7.39,7.31,7.39,7.3,0.09,1.2329,62003.0,45630.761,0.799,1.299,1.07,35.153,,1.127,1.006,1.3956,0.4736,0.5413,94542.5815,77599.4673,47731.0859,698669.6773,573460.0633,8.03,6.57,5.007
000881,中广核技,化工原料,辽宁,19980902,000881.SZ,20231110,7.3,7.33,7.23,7.3,7.31,-0.01,-0.1368,44490.0,32417.817,0.5733,0.9321,0.76,34.7249,,1.1132,0.9938,1.3786,0.4795,0.5479,94542.5815,77599.4673,47731.0859,690160.845,566476.1113,8.04,6.58,5.007
000881,中广核技,化工原料,辽宁,19980902,000881.SZ,20231109,7.34,7.38,7.28,7.31,7.34,-0.03,-0.4087,50683.91,37114.171,0.6531,1.0619,0.85,34.7724,,1.1148,0.9951,1.3805,0.4788,0.5472,94542.5815,77599.4673,47731.0859,691106.2708,567252.106,8.07,6.61,5.007
000881,中广核技,化工原料,辽宁,19980902,000881.SZ,20231108,7.33,7.36,7.28,7.34,7.36,-0.02,-0.2717,67575.0,49495.856,0.8708,1.4157,1.16,34.9151,,1.1193,0.9992,1.3861,0.4768,0.545,94542.5815,77599.4673,47731.0859,693942.5482,569580.09,8.1,6.62,5.007
000881,中广核技,化工原料,辽宁,19980902,000881.SZ,20231107,7.38,7.38,7.3,7.36,7.37,-0.01,-0.1357,59747.07,43806.687,0.7699,1.2517,1.01,35.0103,,1.1224,1.0019,1.3899,0.4755,0.5435,94542.5815,77599.4673,47731.0859,695833.3998,571132.0793,8.11,6.63,5.007
000881,中广核技,化工原料,辽宁,19980902,000881.SZ,20231106,7.35,7.4,7.33,7.37,7.31,0.06,0.8208,68444.38,50398.154,0.882,1.434,1.03,35.0578,,1.1239,1.0033,1.3918,0.4749,0.5427,94542.5815,77599.4673,47731.0859,696778.8257,571908.074,8.04,6.58,5.007
000881,中广核技,化工原料,辽宁,19980902,000881.SZ,20231103,7.26,7.36,7.26,7.31,7.26,0.05,0.6887,47860.28,35028.791,0.6168,1.0027,0.68,34.7724,,1.1148,0.9951,1.3805,0.4788,0.5472,94542.5815,77599.4673,47731.0859,691106.2708,567252.106,7.99,6.53,5.007
000881,中广核技,化工原料,辽宁,19980902,000881.SZ,20231102,7.31,7.35,7.26,7.26,7.33,-0.07,-0.955,54837.27,40009.214,0.7067,1.1489,0.72,34.5346,,1.1071,0.9883,1.371,0.4821,0.551,94542.5815,77599.4673,47731.0859,686379.1417,563372.1326,8.06,6.6,5.007
000881,中广核技,化工原料,辽宁,19980902,000881.SZ,20231101,7.28,7.4,7.24,7.33,7.26,0.07,0.9642,61146.84,44719.376,0.788,1.2811,0.75,34.8676,,1.1178,0.9978,1.3842,0.4775,0.5457,94542.5815,77599.4673,47731.0859,692997.1224,568804.0953,7.99,6.53,5.007
000881,中广核技,化工原料,辽宁,19980902,000881.SZ,20231031,7.28,7.36,7.24,7.26,7.28,-0.02,-0.2747,62537.3,45551.864,0.8059,1.3102,0.77,34.5346,,1.1071,0.9883,1.371,0.4821,0.551,94542.5815,77599.4673,47731.0859,686379.1417,563372.1326,8.01,6.55,5.007
000881,中广核技,化工原料,辽宁,19980902,000881.SZ,20231030,7.1,7.4,7.1,7.28,7.14,0.14,1.9608,105077.0,76728.878,1.3541,2.2014,1.34,34.6297,,1.1102,0.991,1.3748,0.4808,0.5495,94542.5815,77599.4673,47731.0859,688269.9933,564924.1219,7.85,6.43,5.007
000881,中广核技,化工原料,辽宁,19980902,000881.SZ,20231027,7.0,7.17,6.99,7.14,7.06,0.08,1.1331,69354.0,49295.18,0.8937,1.453,0.89,33.9638,,1.0882,0.972,1.2287,0.4902,0.5602,94542.5815,77599.4673,47731.0859,675034.0319,554060.1965,7.77,6.35,5.007
000881,中广核技,化工原料,辽宁,19980902,000881.SZ,20231026,7.0,7.07,6.93,7.06,7.09,-0.03,-0.4231,81852.8,57309.543,1.0548,1.7149,1.1,33.5832,,1.0761,0.9611,1.215,0.4958,0.5666,94542.5815,77599.4673,47731.0859,667470.6254,547852.2391,7.8,6.38,5.007
000881,中广核技,化工原料,辽宁,19980902,000881.SZ,20231025,7.06,7.19,7.06,7.09,7.04,0.05,0.7102,86276.9,61482.091,1.1118,1.8076,1.17,33.7259,,1.0806,0.9652,1.2201,0.4937,0.5642,94542.5815,77599.4673,47731.0859,670306.9028,550180.2232,7.74,6.34,5.007
000881,中广核技,化工原料,辽宁,19980902,000881.SZ,20231024,6.98,7.1,6.94,7.04,6.94,0.1,1.4409,65068.0,45736.645,0.8385,1.3632,0.9,33.4881,,1.073,0.9584,1.2115,0.4972,0.5682,94542.5815,77599.4673,47731.0859,665579.7738,546300.2498,7.63,6.25,5.007
000881,中广核技,化工原料,辽宁,19980902,000881.SZ,20231023,7.15,7.16,6.91,6.94,7.18,-0.24,-3.3426,90788.0,63722.793,1.17,1.9021,1.29,33.0124,,1.0578,0.9448,1.1943,0.5043,0.5764,94542.5815,77599.4673,47731.0859,656125.5156,538540.3031,7.9,6.46,5.007
000881,中广核技,化工原料,辽宁,19980902,000881.SZ,20231020,7.21,7.28,7.16,7.18,7.26,-0.08,-1.1019,67572.01,48701.0,0.8708,1.4157,0.88,34.154,,1.0943,0.9774,1.2356,0.4875,0.5571,94542.5815,77599.4673,47731.0859,678815.7352,557164.1752,7.99,6.53,5.007
000881,中广核技,化工原料,辽宁,19980902,000881.SZ,20231019,7.34,7.41,7.23,7.26,7.37,-0.11,-1.4925,62141.84,45453.005,0.8008,1.3019,0.75,34.5346,,1.1065,0.9883,1.2494,0.4821,0.551,94542.5815,77599.4673,47731.0859,686379.1417,563372.1326,8.11,6.63,5.007
000881,中广核技,化工原料,辽宁,19980902,000881.SZ,20231018,7.53,7.54,7.36,7.37,7.55,-0.18,-2.3841,83676.68,62107.984,1.0783,1.7531,0.97,35.0578,,1.1233,1.0033,1.2683,0.4749,0.5427,94542.5815,77599.4673,47731.0859,696778.8257,571908.074,8.31,6.8,5.007
000881,中广核技,化工原料,辽宁,19980902,000881.SZ,20231017,7.63,7.65,7.53,7.55,7.6,-0.05,-0.6579,55769.0,42244.799,0.7187,1.1684,0.59,35.9141,,1.1507,1.0278,1.2993,0.4636,0.5298,94542.5815,77599.4673,47731.0859,713796.4903,585875.9781,8.36,6.84,5.007
000881,中广核技,化工原料,辽宁,19980902,000881.SZ,20231016,7.69,7.69,7.54,7.6,7.65,-0.05,-0.6536,83304.0,63239.461,1.0735,1.7453,0.8,36.1519,,1.1584,1.0346,1.3079,0.4605,0.5263,94542.5815,77599.4673,47731.0859,718523.6194,589755.9515,8.42,6.89,5.007
000881,中广核技,化工原料,辽宁,19980902,000881.SZ,20231013,7.74,7.74,7.62,7.65,7.78,-0.13,-1.671,97598.0,74767.61,1.2577,2.0447,0.91,36.3897,,1.166,1.0414,1.3165,0.4575,0.5229,94542.5815,77599.4673,47731.0859,723250.7485,593635.9248,8.56,7.0,5.007
000881,中广核技,化工原料,辽宁,19980902,000881.SZ,20231012,7.75,7.82,7.72,7.78,7.75,0.03,0.3871,92797.0,72086.007,1.1958,1.9442,0.76,37.0081,,1.1858,1.0591,1.3389,0.4499,0.5141,94542.5815,77599.4673,47731.0859,735541.2841,603723.8556,8.53,6.98,5.007
000881,中广核技,化工原料,辽宁,19980902,000881.SZ,20231011,7.75,7.82,7.71,7.75,7.72,0.03,0.3886,100116.1,77745.981,1.2902,2.0975,0.7,36.8654,,1.1812,1.055,1.3337,0.4516,0.5161,94542.5815,77599.4673,47731.0859,732705.0066,601395.8716,8.49,6.95,5.007
000881,中广核技,化工原料,辽宁,19980902,000881.SZ,20231010,7.71,7.77,7.7,7.72,7.71,0.01,0.1297,95360.1,73701.098,1.2289,1.9979,0.52,36.7227,,1.1766,1.0509,1.3285,0.4534,0.5181,94542.5815,77599.4673,47731.0859,729868.7292,599067.8876,8.48,6.94,5.007
000881,中广核技,化工原料,辽宁,19980902,000881.SZ,20231009,7.8,7.86,7.69,7.71,7.87,-0.16,-2.033,134631.1,104384.653,1.7349,2.8206,0.65,36.6752,,1.1751,1.0496,1.3268,0.454,0.5188,94542.5815,77599.4673,47731.0859,728923.3034,598291.8929,8.66,7.08,5.007
000881,中广核技,化工原料,辽宁,19980902,000881.SZ,20230928,7.81,7.88,7.78,7.87,7.76,0.11,1.4175,112871.0,88405.624,1.4545,2.3647,0.49,37.4363,,1.1995,1.0714,1.3544,0.4447,0.5083,94542.5815,77599.4673,47731.0859,744050.1164,610707.8077,8.54,6.98,5.007
000881,中广核技,化工原料,辽宁,19980902,000881.SZ,20230927,7.8,7.9,7.76,7.76,7.85,-0.09,-1.1465,166599.64,130174.404,2.1469,3.4904,0.6,36.913,,1.1827,1.0564,1.3354,0.451,0.5155,94542.5815,77599.4673,47731.0859,733650.4324,602171.8662,8.64,7.07,5.007
000881,中广核技,化工原料,辽宁,19980902,000881.SZ,20230926,8.05,8.07,7.85,7.85,8.19,-0.34,-4.1514,202744.01,160809.064,2.6127,4.2476,0.56,37.3411,,1.1965,1.0686,1.3509,0.4459,0.5096,94542.5815,77599.4673,47731.0859,742159.2648,609155.8183,9.01,7.37,5.007
000881,中广核技,化工原料,辽宁,19980902,000881.SZ,20230925,8.0,8.3,7.84,8.19,8.0,0.19,2.375,308406.82,249257.22,3.9743,6.4613,0.7,38.9584,,1.2483,1.1149,1.4094,0.4274,0.4884,94542.5815,77599.4673,47731.0859,774303.7425,635539.6372,8.8,7.2,5.007
000881,中广核技,化工原料,辽宁,19980902,000881.SZ,20230922,8.06,8.24,7.9,8.0,8.11,-0.11,-1.3564,240110.36,191846.559,3.0942,5.0305,0.52,38.0546,,1.2193,1.0891,1.3767,0.4375,0.5,94542.5815,77599.4673,47731.0859,756340.652,620795.7384,8.92,7.3,5.007
000881,中广核技,化工原料,辽宁,19980902,000881.SZ,20230921,8.26,8.33,8.05,8.11,8.25,-0.14,-1.697,230642.9,187695.324,2.9722,4.8321,0.52,38.5779,,1.2361,1.104,1.3957,0.4316,0.4932,94542.5815,77599.4673,47731.0859,766740.336,629331.6798,9.08,7.43,5.007
000881,中广核技,化工原料,辽宁,19980902,000881.SZ,20230920,8.48,8.56,8.19,8.25,8.69,-0.44,-5.0633,411024.93,341999.27,5.2967,8.6113,1.0,39.2438,,1.2574,1.1231,1.4197,0.4242,0.4848,94542.5815,77599.4673,47731.0859,779976.2974,640195.6052,9.56,7.82,5.007
000881,中广核技,化工原料,辽宁,19980902,000881.SZ,20230919,8.01,8.92,8.01,8.69,8.39,0.3,3.5757,610919.59,523108.921,7.8727,12.7992,2.04,41.3369,,1.3245,1.183,1.4955,0.4028,0.4603,94542.5815,77599.4673,47731.0859,821575.0332,674339.3708,9.23,7.55,5.007
000881,中广核技,化工原料,辽宁,19980902,000881.SZ,20230918,9.1,9.1,8.36,8.39,8.32,0.07,0.8413,696432.57,607078.762,8.9747,14.5908,3.99,39.9098,,1.2788,1.1421,1.4438,0.4172,0.4768,94542.5815,77599.4673,47731.0859,793212.2588,651059.5306,9.15,7.49,5.007
000881,中广核技,化工原料,辽宁,19980902,000881.SZ,20230915,7.66,8.32,7.65,8.32,7.56,0.76,10.0529,359744.69,289890.578,4.6359,7.5369,2.82,39.5768,,1.2681,1.1326,1.4318,0.4207,0.4808,94542.5815,77599.4673,47731.0859,786594.2781,645627.5679,8.32,6.8,5.007
000881,中广核技,化工原料,辽宁,19980902,000881.SZ,20230914,7.65,7.74,7.5,7.56,7.77,-0.21,-2.7027,145731.02,110857.861,1.878,3.0532,1.26,35.9616,,1.1523,1.0292,1.301,0.463,0.5291,94542.5815,77599.4673,47731.0859,714741.9161,586651.9728,8.55,6.99,5.007
000881,中广核技,化工原料,辽宁,19980902,000881.SZ,20230913,7.62,8.05,7.59,7.77,7.51,0.26,3.4621,244902.03,191222.017,3.156,5.1309,2.88,36.9606,,1.1843,1.0577,1.3371,0.4505,0.5148,94542.5815,77599.4673,47731.0859,734595.8583,602947.8609,8.26,6.76,5.007
000881,中广核技,化工原料,辽宁,19980902,000881.SZ,20230912,7.5,7.58,7.47,7.51,7.53,-0.02,-0.2656,52217.02,39286.971,0.6729,1.094,0.51,35.7238,,1.1446,1.0224,1.2924,0.466,0.5326,94542.5815,77599.4673,47731.0859,710014.7871,582771.9994,8.28,6.78,5.007
000881,中广核技,化工原料,辽宁,19980902,000881.SZ,20230911,7.46,7.54,7.39,7.53,7.47,0.06,0.8032,70476.02,52643.01,0.9082,1.4765,0.58,35.8189,,1.1477,1.0251,1.2958,0.4648,0.5312,94542.5815,77599.4673,47731.0859,711905.6387,584323.9888,8.22,6.72,5.007
000881,中广核技,化工原料,辽宁,19980902,000881.SZ,20230908,7.62,7.62,7.46,7.47,7.68,-0.21,-2.7344,124834.12,93903.954,1.6087,2.6154,0.96,35.5335,,1.1385,1.0169,1.2855,0.4685,0.5355,94542.5815,77599.4673,47731.0859,706233.0838,579668.0207,8.45,6.91,5.007
000881,中广核技,化工原料,辽宁,19980902,000881.SZ,20230907,7.72,7.79,7.68,7.68,7.75,-0.07,-0.9032,84075.13,64966.555,1.0834,1.7614,0.47,36.5325,,1.1706,1.0455,1.3217,0.4557,0.5208,94542.5815,77599.4673,47731.0859,726087.0259,595963.9089,8.53,6.98,5.007
000881,中广核技,化工原料,辽宁,19980902,000881.SZ,20230906,7.84,7.84,7.7,7.75,7.82,-0.07,-0.8951,94247.69,72916.599,1.2145,1.9746,0.39,36.8654,,1.1812,1.055,1.3337,0.4516,0.5161,94542.5815,77599.4673,47731.0859,732705.0066,601395.8716,8.6,7.04,5.007
000881,中广核技,化工原料,辽宁,19980902,000881.SZ,20230905,7.8,7.84,7.72,7.82,7.86,-0.04,-0.5089,143177.57,111237.339,1.8451,2.9997,0.41,37.1984,,1.1919,1.0646,1.3457,0.4476,0.5115,94542.5815,77599.4673,47731.0859,739322.9873,606827.8343,8.65,7.07,5.007
000881,中广核技,化工原料,辽宁,19980902,000881.SZ,20230904,7.78,7.97,7.78,7.86,7.78,0.08,1.0283,162889.75,128281.814,2.0991,3.4127,0.36,37.3887,,1.198,1.07,1.3526,0.4453,0.5089,94542.5815,77599.4673,47731.0859,743104.6906,609931.813,8.56,7.0,5.007
000881,中广核技,化工原料,辽宁,19980902,000881.SZ,20230901,7.86,7.88,7.74,7.78,7.9,-0.12,-1.519,169159.74,131602.746,2.1799,3.544,0.4,37.0081,,1.1858,1.0591,1.3389,0.4499,0.5141,94542.5815,77599.4673,47731.0859,735541.2841,603723.8556,8.69,7.11,5.007
000881,中广核技,化工原料,辽宁,19980902,000881.SZ,20230831,8.12,8.19,7.85,7.9,8.23,-0.33,-4.0097,317058.7,252514.455,4.0858,6.6426,0.87,37.579,,1.2041,1.0754,1.3595,0.443,0.5063,94542.5815,77599.4673,47731.0859,746886.3939,613035.7917,9.05,7.41,5.007
000881,中广核技,化工原料,辽宁,19980902,000881.SZ,20230830,8.4,8.48,8.2,8.23,8.56,-0.33,-3.8551,407719.62,338516.562,5.2542,8.542,1.42,39.1487,,1.2544,1.1204,1.4163,0.4253,0.486,94542.5815,77599.4673,47731.0859,778085.4457,638643.6159,9.42,7.7,5.007
000881,中广核技,化工原料,辽宁,19980902,000881.SZ,20230829,8.5,8.95,8.36,8.56,8.45,0.11,1.3018,705229.39,608406.468,9.0881,14.7751,4.61,40.7185,,1.3047,1.1653,1.4731,0.4089,0.4673,94542.5815,77599.4673,47731.0859,809284.4976,664251.4401,9.3,7.61,5.007
000881,中广核技,化工原料,辽宁,19980902,000881.SZ,20230828,8.43,8.45,8.06,8.45,7.68,0.77,10.026,637791.51,535283.623,8.219,13.3622,19.11,40.1952,,1.2879,1.1503,1.4542,0.4142,0.4734,94542.5815,77599.4673,47731.0859,798884.8137,655715.4987,8.45,6.91,5.007
000881,中广核技,化工原料,辽宁,19980902,000881.SZ,20230818,7.77,7.79,7.67,7.68,7.78,-0.1,-1.2853,32205.28,24905.987,0.415,0.6747,0.93,36.5325,53.8177,1.1594,1.0455,1.1699,0.4557,0.5208,94542.5815,77599.4673,47731.0859,726087.0259,595963.9089,,,5.007
000881,中广核技,化工原料,辽宁,19980902,000881.SZ,20230817,7.64,7.78,7.63,7.78,7.7,0.08,1.039,32301.0,24917.514,0.4163,0.6767,0.99,37.0081,54.5184,1.1745,1.0591,1.1851,0.4499,0.5141,94542.5815,77599.4673,47731.0859,735541.2841,603723.8556,8.45,6.91,5.007
000881,中广核技,化工原料,辽宁,19980902,000881.SZ,20230816,7.77,7.77,7.67,7.7,7.78,-0.08,-1.0283,30452.74,23451.771,0.3924,0.638,0.91,36.6276,53.9578,1.1625,1.0482,1.1729,0.4545,0.5195,94542.5815,77599.4673,47731.0859,727977.8776,597515.8982,,,5.007
000881,中广核技,化工原料,辽宁,19980902,000881.SZ,20230815,7.84,7.87,7.7,7.78,7.83,-0.05,-0.6386,31974.0,24827.665,0.412,0.6699,0.95,37.0081,54.5184,1.1745,1.0591,1.1851,0.4499,0.5141,94542.5815,77599.4673,47731.0859,735541.2841,603723.8556,,,5.007
000881,中广核技,化工原料,辽宁,19980902,000881.SZ,20230814,7.78,7.85,7.71,7.83,7.81,0.02,0.2561,39925.75,31073.721,0.5145,0.8365,0.97,37.246,54.8688,1.1821,1.0659,1.1927,0.447,0.5109,94542.5815,77599.4673,47731.0859,740268.4131,607603.829,,,5.007
000881,中广核技,化工原料,辽宁,19980902,000881.SZ,20230811,7.92,7.95,7.8,7.81,7.92,-0.11,-1.3889,38667.0,30428.148,0.4983,0.8101,0.9,37.1508,54.7287,1.1791,1.0632,1.1897,0.4481,0.5122,94542.5815,77599.4673,47731.0859,738377.5615,606051.8396,,,5.007
000881,中广核技,化工原料,辽宁,19980902,000881.SZ,20230810,7.92,7.97,7.9,7.92,7.92,0.0,0.0,21634.0,17153.228,0.2788,0.4532,0.47,37.6741,55.4995,1.1957,1.0782,1.2064,0.4419,0.5051,94542.5815,77599.4673,47731.0859,748777.2455,614587.781,,,5.007
000881,中广核技,化工原料,辽宁,19980902,000881.SZ,20230809,7.96,7.99,7.88,7.92,7.99,-0.07,-0.8761,35763.0,28352.313,0.4609,0.7493,0.73,37.6741,55.4995,1.1957,1.0782,1.2064,0.4419,0.5051,94542.5815,77599.4673,47731.0859,748777.2455,614587.781,,,5.007
000881,中广核技,化工原料,辽宁,19980902,000881.SZ,20230808,8.02,8.07,7.97,7.99,8.03,-0.04,-0.4981,31680.0,25350.988,0.4083,0.6637,0.55,38.0071,55.99,1.2062,1.0877,1.2171,0.438,0.5006,94542.5815,77599.4673,47731.0859,755395.2262,620019.7437,,,5.007
000881,中广核技,化工原料,辽宁,19980902,000881.SZ,20230807,8.19,8.2,8.0,8.03,8.18,-0.15,-1.8337,77128.2,62213.234,0.9939,1.6159,1.46,38.1973,56.2703,1.2123,1.0931,1.2232,0.4359,0.4981,94542.5815,77599.4673,47731.0859,759176.9294,623123.7224,8.59,7.03,5.007
000881,中广核技,化工原料,辽宁,19980902,000881.SZ,20230804,8.24,8.27,8.16,8.18,8.23,-0.05,-0.6075,49632.37,40689.903,0.6396,1.0398,0.99,38.9109,57.3214,1.2349,1.1136,1.246,0.4279,0.489,94542.5815,77599.4673,47731.0859,773358.3167,634763.6425,,,5.007
000881,中广核技,化工原料,辽宁,19980902,000881.SZ,20230803,8.22,8.24,8.13,8.23,8.21,0.02,0.2436,34429.96,28232.005,0.4437,0.7213,0.69,39.1487,57.6718,1.2425,1.1204,1.2537,0.4253,0.486,94542.5815,77599.4673,47731.0859,778085.4457,638643.6159,,,5.007
000881,中广核技,化工原料,辽宁,19980902,000881.SZ,20230802,8.21,8.27,8.17,8.21,8.23,-0.02,-0.243,52911.0,43392.203,0.6818,1.1085,1.19,39.0536,57.5317,1.2394,1.1176,1.2506,0.4263,0.4872,94542.5815,77599.4673,47731.0859,776194.5941,637091.6265,,,5.007
000881,中广核技,化工原料,辽宁,19980902,000881.SZ,20230801,8.27,8.28,8.15,8.23,8.19,0.04,0.4884,73038.0,59894.64,0.9412,1.5302,2.05,39.1487,57.6718,1.2425,1.1204,1.2537,0.4253,0.486,94542.5815,77599.4673,47731.0859,778085.4457,638643.6159,,,5.007
000881,中广核技,化工原料,辽宁,19980902,000881.SZ,20230731,8.07,8.23,8.06,8.19,8.07,0.12,1.487,53887.81,43925.319,0.6944,1.129,1.75,38.9584,57.3915,1.2364,1.1149,1.2476,0.4274,0.4884,94542.5815,77599.4673,47731.0859,774303.7425,635539.6372,,,5.007
000881,中广核技,化工原料,辽宁,19980902,000881.SZ,20230728,8.03,8.09,7.95,8.07,8.03,0.04,0.4981,35472.0,28523.205,0.4571,0.7432,1.18,38.3876,56.5506,1.2183,1.0986,1.2293,0.4337,0.4957,94542.5815,77599.4673,47731.0859,762958.6327,626227.7011,,,5.007
000881,中广核技,化工原料,辽宁,19980902,000881.SZ,20230727,8.07,8.11,8.01,8.03,8.02,0.01,0.1247,35421.35,28522.132,0.4565,0.7421,1.12,38.1973,56.2703,1.2123,1.0931,1.2232,0.4359,0.4981,94542.5815,77599.4673,47731.0859,759176.9294,623123.7224,,,5.007
000881,中广核技,化工原料,辽宁,19980902,000881.SZ,20230726,8.01,8.04,7.97,8.02,7.99,0.03,0.3755,24068.08,19268.323,0.3102,0.5042,0.7,38.1498,56.2002,1.2108,1.0918,1.2217,0.4364,0.4988,94542.5815,77599.4673,47731.0859,758231.5036,622347.7277,,,5.007
000881,中广核技,化工原料,辽宁,19980902,000881.SZ,20230725,7.95,8.03,7.93,7.99,7.94,0.05,0.6297,29393.83,23440.843,0.3788,0.6158,0.81,38.0071,55.99,1.2062,1.0877,1.2171,0.438,0.5006,94542.5815,77599.4673,47731.0859,755395.2262,620019.7437,,,5.007
000881,中广核技,化工原料,辽宁,19980902,000881.SZ,20230724,7.94,7.98,7.83,7.94,7.94,0.0,0.0,29741.0,23558.501,0.3833,0.6231,0.62,37.7692,55.6396,1.1987,1.0809,1.2095,0.4408,0.5038,94542.5815,77599.4673,47731.0859,750668.0971,616139.7704,,,5.007
000881,中广核技,化工原料,辽宁,19980902,000881.SZ,20230721,7.97,8.03,7.85,7.94,7.99,-0.05,-0.6258,31064.46,24654.565,0.4003,0.6508,0.63,37.7692,55.6396,1.1987,1.0809,1.2095,0.4408,0.5038,94542.5815,77599.4673,47731.0859,750668.0971,616139.7704,8.83,7.23,5.007
000881,中广核技,化工原料,辽宁,19980902,000881.SZ,20230720,8.01,8.08,7.98,7.99,8.01,-0.02,-0.2497,43680.0,35072.915,0.5629,0.9151,0.92,38.0071,55.99,1.2062,1.0877,1.2171,0.438,0.5006,94542.5815,77599.4673,47731.0859,755395.2262,620019.7437,8.82,7.22,5.007
000881,中广核技,化工原料,辽宁,19980902,000881.SZ,20230719,7.92,8.02,7.89,8.01,7.9,0.11,1.3924,37231.0,29640.217,0.4798,0.78,0.75,38.1022,56.1302,1.2093,1.0904,1.2201,0.437,0.4994,94542.5815,77599.4673,47731.0859,757286.0778,621571.7331,,,5.007
000881,中广核技,化工原料,辽宁,19980902,000881.SZ,20230718,7.92,7.96,7.86,7.9,7.93,-0.03,-0.3783,38933.0,30779.358,0.5017,0.8157,0.77,37.579,55.3593,1.1926,1.0754,1.2034,0.443,0.5063,94542.5815,77599.4673,47731.0859,746886.3939,613035.7917,8.73,7.15,5.007
000881,中广核技,化工原料,辽宁,19980902,000881.SZ,20230717,7.9,7.97,7.77,7.93,8.19,-0.26,-3.1746,90120.5,71051.458,1.1614,1.8881,1.97,37.7217,55.5696,1.1972,1.0795,1.208,0.4414,0.5044,94542.5815,77599.4673,47731.0859,749722.6713,615363.7757,,,5.007
000881,中广核技,化工原料,辽宁,19980902,000881.SZ,20230714,8.22,8.27,8.17,8.19,8.21,-0.02,-0.2436,36690.5,30130.033,0.4728,0.7687,0.71,38.9584,57.3915,1.2364,1.1149,1.2476,0.4274,0.4884,94542.5815,77599.4673,47731.0859,774303.7425,635539.6372,,,5.007
000881,中广核技,化工原料,辽宁,19980902,000881.SZ,20230713,8.19,8.26,8.16,8.21,8.2,0.01,0.122,35240.0,28916.306,0.4541,0.7383,0.7,39.0536,57.5317,1.2394,1.1176,1.2506,0.4263,0.4872,94542.5815,77599.4673,47731.0859,776194.5941,637091.6265,,,5.007
000881,中广核技,化工原料,辽宁,19980902,000881.SZ,20230712,8.3,8.35,8.18,8.2,8.35,-0.15,-1.7964,47205.01,38895.124,0.6083,0.989,0.94,39.006,57.4616,1.2379,1.1163,1.2491,0.4268,0.4878,94542.5815,77599.4673,47731.0859,775249.1683,636315.6319,,,5.007
000881,中广核技,化工原料,辽宁,19980902,000881.SZ,20230711,8.34,8.39,8.31,8.35,8.33,0.02,0.2401,43910.84,36667.806,0.5659,0.92,0.85,39.7195,58.5127,1.2606,1.1367,1.2719,0.4192,0.479,94542.5815,77599.4673,47731.0859,789430.5555,647955.552,8.72,7.14,5.007
000881,中广核技,化工原料,辽宁,19980902,000881.SZ,20230710,8.34,8.38,8.28,8.33,8.34,-0.01,-0.1199,65574.24,54595.432,0.845,1.3738,1.4,39.6244,58.3726,1.2576,1.134,1.2689,0.4202,0.4802,94542.5815,77599.4673,47731.0859,787539.7039,646403.5626,,,5.007
000881,中广核技,化工原料,辽宁,19980902,000881.SZ,20230707,8.2,8.42,8.13,8.34,8.22,0.12,1.4599,65800.09,54581.659,0.8479,1.3786,1.56,39.672,58.4426,1.2591,1.1353,1.2704,0.4197,0.4796,94542.5815,77599.4673,47731.0859,788485.1297,647179.5573,9.03,7.39,5.007
000881,中广核技,化工原料,辽宁,19980902,000881.SZ,20230706,8.23,8.27,8.19,8.22,8.23,-0.01,-0.1215,28667.0,23579.209,0.3694,0.6006,0.65,39.1011,57.6017,1.241,1.119,1.2521,0.4258,0.4866,94542.5815,77599.4673,47731.0859,777140.0199,637867.6212,9.02,7.38,5.007
000881,中广核技,化工原料,辽宁,19980902,000881.SZ,20230705,8.23,8.28,8.19,8.23,8.23,0.0,0.0,45826.69,37690.107,0.5906,0.9601,0.97,39.1487,57.6718,1.2425,1.1204,1.2537,0.4253,0.486,94542.5815,77599.4673,47731.0859,778085.4457,638643.6159,,,5.007
000881,中广核技,化工原料,辽宁,19980902,000881.SZ,20230704,8.2,8.3,8.19,8.23,8.21,0.02,0.2436,52424.37,43242.485,0.6756,1.0983,1.05,39.1487,57.6718,1.2425,1.1204,1.2537,0.4253,0.486,94542.5815,77599.4673,47731.0859,778085.4457,638643.6159,,,5.007
000881,中广核技,化工原料,辽宁,19980902,000881.SZ,20230703,8.21,8.29,8.18,8.21,8.23,-0.02,-0.243,41704.86,34253.099,0.5374,0.8737,0.8,39.0536,57.5317,1.2394,1.1176,1.2506,0.4263,0.4872,94542.5815,77599.4673,47731.0859,776194.5941,637091.6265,,,5.007
000881,中广核技,化工原料,辽宁,19980902,000881.SZ,20230630,8.21,8.27,8.17,8.23,8.17,0.06,0.7344,42323.18,34822.961,0.5454,0.8867,0.83,39.1487,57.6718,1.2425,1.1204,1.2537,0.4253,0.486,94542.5815,77599.4673,47731.0859,778085.4457,638643.6159,9.04,7.4,5.007
000881,中广核技,化工原料,辽宁,19980902,000881.SZ,20230629,8.19,8.24,8.16,8.17,8.2,-0.03,-0.3659,38487.45,31531.285,0.496,0.8063,0.74,38.8633,57.2514,1.2334,1.1122,1.2445,0.4284,0.4896,94542.5815,77599.4673,47731.0859,772412.8909,633987.6478,9.05,7.41,5.007
000881,中广核技,化工原料,辽宁,19980902,000881.SZ,20230628,8.12,8.25,8.04,8.2,8.15,0.05,0.6135,61003.09,49743.468,0.7861,1.2781,1.25,39.006,57.4616,1.2379,1.1163,1.2491,0.4268,0.9146,94542.5815,77599.4673,47731.0859,775249.1683,636315.6319,,,5.007
000881,中广核技,化工原料,辽宁,19980902,000881.SZ,20230627,8.01,8.16,8.0,8.15,8.03,0.12,1.4944,65247.8,52839.922,0.8408,1.367,1.45,38.7682,57.1112,1.2304,1.1095,1.2415,0.4294,0.9202,94542.5815,77599.4673,47731.0859,770522.0392,632435.6585,,,5.007
000881,中广核技,化工原料,辽宁,19980902,000881.SZ,20230626,8.04,8.16,8.0,8.03,8.04,-0.01,-0.1244,52554.0,42425.234,0.6772,1.101,1.13,38.1973,56.2703,1.2123,1.0931,1.2232,0.4359,0.934,94542.5815,77599.4673,47731.0859,759176.9294,623123.7224,,,5.007
000881,中广核技,化工原料,辽宁,19980902,000881.SZ,20230621,8.05,8.16,8.02,8.04,8.04,0.0,0.0,38317.46,30986.728,0.4938,0.8028,0.62,38.2449,56.3404,1.2138,1.0945,1.2247,0.4353,0.9328,94542.5815,77599.4673,47731.0859,760122.3553,623899.7171,,,5.007
000881,中广核技,化工原料,辽宁,19980902,000881.SZ,20230620,8.15,8.19,8.04,8.04,8.18,-0.14,-1.7115,43449.88,35140.186,0.5599,0.9103,0.71,38.2449,56.3404,1.2138,1.0945,1.2247,0.4353,0.9328,94542.5815,77599.4673,47731.0859,760122.3553,623899.7171,9.02,7.38,5.007
000881,中广核技,化工原料,辽宁,19980902,000881.SZ,20230619,8.13,8.22,8.1,8.18,8.16,0.02,0.2451,44380.48,36219.476,0.5719,0.9298,0.74,38.9109,57.3214,1.2349,1.1136,1.246,0.4279,0.9169,94542.5815,77599.4673,47731.0859,773358.3167,634763.6425,8.97,7.34,5.007
000881,中广核技,化工原料,辽宁,19980902,000881.SZ,20230616,8.05,8.18,8.05,8.16,8.08,0.08,0.9901,45640.0,37108.355,0.5881,0.9562,0.8,38.8157,57.1813,1.2319,1.1108,1.243,0.4289,0.9191,94542.5815,77599.4673,47731.0859,771467.465,633211.6532,,,5.007
000881,中广核技,化工原料,辽宁,19980902,000881.SZ,20230615,8.14,8.2,8.05,8.08,8.2,-0.12,-1.4634,61543.83,49883.07,0.7931,1.2894,1.13,38.4352,56.6207,1.2198,1.0999,1.2308,0.4332,0.9282,94542.5815,77599.4673,47731.0859,763904.0585,627003.6958,,,5.007
000881,中广核技,化工原料,辽宁,19980902,000881.SZ,20230614,8.03,8.32,8.0,8.2,8.03,0.17,2.1171,116449.36,95519.426,1.5006,2.4397,3.19,39.006,57.4616,1.2379,1.1163,1.2491,0.4268,0.9146,94542.5815,77599.4673,47731.0859,775249.1683,636315.6319,8.84,7.24,5.007
000881,中广核技,化工原料,辽宁,19980902,000881.SZ,20230613,7.98,8.03,7.92,8.03,8.0,0.03,0.375,36132.46,28855.29,0.4656,0.757,0.98,38.1973,56.2703,1.2123,1.0931,1.2232,0.4359,0.934,94542.5815,77599.4673,47731.0859,759176.9294,623123.7224,,,5.007
000881,中广核技,化工原料,辽宁,19980902,000881.SZ,20230612,7.93,8.05,7.88,8.0,7.94,0.06,0.7557,38496.0,30686.906,0.4961,0.8065,1.14,38.0546,56.0601,1.2077,1.0891,1.2186,0.4375,0.9375,94542.5815,77599.4673,47731.0859,756340.652,620795.7384,,,5.007
000881,中广核技,化工原料,辽宁,19980902,000881.SZ,20230609,7.91,7.97,7.87,7.94,7.91,0.03,0.3793,32950.46,26119.775,0.4246,0.6903,1.02,37.7692,55.6396,1.1987,1.0809,1.2095,0.4408,0.9446,94542.5815,77599.4673,47731.0859,750668.0971,616139.7704,,,5.007
000881,中广核技,化工原料,辽宁,19980902,000881.SZ,20230608,7.8,7.98,7.74,7.91,7.78,0.13,1.671,48224.01,37969.955,0.6214,1.0103,1.72,37.6265,55.4294,1.1942,1.0768,1.2049,0.4425,0.9482,94542.5815,77599.4673,47731.0859,747831.8197,613811.7863,,,5.007
000881,中广核技,化工原料,辽宁,19980902,000881.SZ,20230607,7.8,7.86,7.75,7.78,7.77,0.01,0.1287,26533.0,20683.492,0.3419,0.5559,0.9,37.0081,54.5184,1.1745,1.0591,1.1851,0.4499,0.964,94542.5815,77599.4673,47731.0859,735541.2841,603723.8556,,,5.007
000881,中广核技,化工原料,辽宁,19980902,000881.SZ,20230606,7.98,7.99,7.81,7.81,7.93,-0.12,-1.5132,38043.0,30059.825,0.4902,0.797,1.19,37.1508,54.7287,1.172,1.0632,1.1897,0.4481,0.4481,94542.5815,77599.4673,47731.0859,738377.5615,606051.8396,,,5.007
000881,中广核技,化工原料,辽宁,19980902,000881.SZ,20230605,7.98,8.0,7.9,7.93,7.94,-0.01,-0.1259,23576.41,18721.636,0.3038,0.4939,0.69,37.7217,55.5696,1.19,1.0795,1.208,0.4414,0.4414,94542.5815,77599.4673,47731.0859,749722.6713,615363.7757,8.73,7.15,5.007
000881,中广核技,化工原料,辽宁,19980902,000881.SZ,20230602,7.93,7.97,7.9,7.94,7.94,0.0,0.0,25894.73,20562.715,0.3337,0.5425,0.71,37.7692,55.6396,1.1915,1.0809,1.2095,0.4408,0.4408,94542.5815,77599.4673,47731.0859,750668.0971,616139.7704,8.7,7.12,5.007
000881,中广核技,化工原料,辽宁,19980902,000881.SZ,20230601,7.91,7.96,7.86,7.94,7.94,0.0,0.0,26200.46,20763.233,0.3376,0.5489,0.67,37.7692,55.6396,1.1915,1.0809,1.2095,0.4408,0.4408,94542.5815,77599.4673,47731.0859,750668.0971,616139.7704,,,5.007
000881,中广核技,化工原料,辽宁,19980902,000881.SZ,20230531,7.99,7.99,7.89,7.94,8.01,-0.07,-0.8739,32944.0,26121.387,0.4245,0.6902,0.84,37.7692,55.6396,1.1915,1.0809,1.2095,0.4408,0.4408,94542.5815,77599.4673,47731.0859,750668.0971,616139.7704,,,5.007
000881,中广核技,化工原料,辽宁,19980902,000881.SZ,20230530,7.93,8.02,7.9,8.01,7.93,0.08,1.0088,51063.02,40608.814,0.658,1.0698,1.46,38.1022,56.1302,1.202,1.0904,1.2201,0.437,0.437,94542.5815,77599.4673,47731.0859,757286.0778,621571.7331,8.72,7.14,4.982
000881,中广核技,化工原料,辽宁,19980902,000881.SZ,20230529,7.93,8.04,7.88,7.93,7.88,0.05,0.6345,35703.57,28365.964,0.4601,0.748,0.95,37.7217,55.5696,1.19,1.0795,1.208,0.4414,0.4414,94542.5815,77599.4673,47731.0859,749722.6713,615363.7757,,,4.982
000881,中广核技,化工原料,辽宁,19980902,000881.SZ,20230526,7.9,7.9,7.75,7.88,7.87,0.01,0.1271,36611.55,28634.636,0.4718,0.767,1.04,37.4838,55.2192,1.1825,1.0727,1.2003,0.4442,0.4442,94542.5815,77599.4673,47731.0859,744995.5422,611483.8023,,,4.982
000881,中广核技,化工原料,辽宁,19980902,000881.SZ,20230525,7.82,7.96,7.77,7.87,7.82,0.05,0.6394,39199.0,30795.872,0.5051,0.8212,1.2,37.4363,55.1491,1.181,1.0714,1.1988,0.4447,0.4447,94542.5815,77599.4673,47731.0859,744050.1164,610707.8077,,,4.982
000881,中广核技,化工原料,辽宁,19980902,000881.SZ,20230524,7.74,7.85,7.71,7.82,7.79,0.03,0.3851,33442.2,26110.663,0.431,0.7006,1.02,37.1984,54.7987,1.1735,1.0646,1.1912,0.4476,0.4476,94542.5815,77599.4673,47731.0859,739322.9873,606827.8343,,,4.9815
000881,中广核技,化工原料,辽宁,19980902,000881.SZ,20230523,7.84,7.96,7.79,7.79,7.91,-0.12,-1.5171,30505.0,23961.57,0.3931,0.6391,0.91,37.0557,54.5885,1.169,1.0605,1.1866,0.4493,0.4493,94542.5815,77599.4673,47731.0859,736486.7099,604499.8503,8.72,7.14,4.9815
000881,中广核技,化工原料,辽宁,19980902,000881.SZ,20230522,7.83,8.06,7.8,7.91,7.83,0.08,1.0217,47574.77,37615.027,0.6131,0.9967,1.41,37.6265,55.4294,1.187,1.0768,1.2049,0.4425,0.4425,94542.5815,77599.4673,47731.0859,747831.8197,613811.7863,,,4.9815
000881,中广核技,化工原料,辽宁,19980902,000881.SZ,20230519,7.88,7.88,7.82,7.83,7.88,-0.05,-0.6345,25041.0,19657.15,0.3227,0.5246,0.68,37.246,54.8688,1.175,1.0659,1.1927,0.447,0.447,94542.5815,77599.4673,47731.0859,740268.4131,607603.829,8.66,7.08,4.9815
000881,中广核技,化工原料,辽宁,19980902,000881.SZ,20230518,7.92,7.96,7.85,7.88,7.93,-0.05,-0.6305,26685.01,21040.625,0.3439,0.5591,0.66,37.4838,55.2192,1.1825,1.0727,1.2003,0.4442,0.4442,94542.5815,77599.4673,47731.0859,744995.5422,611483.8023,,,4.9815
000881,中广核技,化工原料,辽宁,19980902,000881.SZ,20230517,7.88,7.93,7.83,7.93,7.87,0.06,0.7624,33931.53,26750.89,0.4373,0.7109,0.85,37.7217,55.5696,1.19,1.0795,1.208,0.4414,0.4414,94542.5815,77599.4673,47731.0859,749722.6713,615363.7757,,,4.9815
000881,中广核技,化工原料,辽宁,19980902,000881.SZ,20230516,7.98,8.0,7.84,7.87,7.96,-0.09,-1.1307,34753.08,27494.887,0.4479,0.7281,0.71,37.4363,55.1491,1.181,1.0714,1.1988,0.4447,0.4447,94542.5815,77599.4673,47731.0859,744050.1164,610707.8077,,,4.9815
000881,中广核技,化工原料,辽宁,19980902,000881.SZ,20230515,7.89,7.97,7.77,7.96,7.8,0.16,2.0513,48544.59,38270.538,0.6256,1.017,0.93,37.8644,55.7798,1.1945,1.0836,1.2125,0.4397,0.4397,94542.5815,77599.4673,47731.0859,752558.9487,617691.7597,8.61,7.05,4.9815
000881,中广核技,化工原料,辽宁,19980902,000881.SZ,20230512,7.91,7.95,7.79,7.8,7.94,-0.14,-1.7632,40700.0,31958.872,0.5245,0.8527,0.8,37.1033,54.6586,1.1705,1.0618,1.1882,0.4487,0.4487,94542.5815,77599.4673,47731.0859,737432.1357,605275.8449,,,4.9815
000881,中广核技,化工原料,辽宁,19980902,000881.SZ,20230511,7.89,8.05,7.83,7.94,7.86,0.08,1.0178,43752.0,34653.57,0.5638,0.9166,0.86,37.7692,55.6396,1.1915,1.0809,1.2095,0.4408,0.4408,94542.5815,77599.4673,47731.0859,750668.0971,616139.7704,,,4.9815
000881,中广核技,化工原料,辽宁,19980902,000881.SZ,20230510,7.91,7.92,7.82,7.86,7.9,-0.04,-0.5063,32060.2,25215.109,0.4131,0.6717,0.61,37.3887,55.079,1.1795,1.07,1.1973,0.4453,0.4453,94542.5815,77599.4673,47731.0859,743104.6906,609931.813,8.66,7.08,4.9815
000881,中广核技,化工原料,辽宁,19980902,000881.SZ,20230509,7.8,8.01,7.77,7.9,7.82,0.08,1.023,79949.18,63230.735,1.0303,1.675,1.49,37.579,55.3593,1.1855,1.0754,1.2034,0.443,0.443,94542.5815,77599.4673,47731.0859,746886.3939,613035.7917,,,4.9815
000881,中广核技,化工原料,辽宁,19980902,000881.SZ,20230508,7.65,7.85,7.64,7.82,7.66,0.16,2.0888,63367.31,49356.378,0.8166,1.3276,1.31,37.1984,54.7987,1.1735,1.0646,1.1912,0.4476,0.4476,94542.5815,77599.4673,47731.0859,739322.9873,606827.8343,,,4.9815
000881,中广核技,化工原料,辽宁,19980902,000881.SZ,20230505,7.71,7.78,7.62,7.66,7.73,-0.07,-0.9056,34274.01,26324.641,0.4417,0.7181,0.65,36.4373,53.6775,1.1495,1.0428,1.1668,0.4569,0.4569,94542.5815,77599.4673,47731.0859,724196.1743,594411.9195,,,4.9815
000881,中广核技,化工原料,辽宁,19980902,000881.SZ,20230504,7.64,7.76,7.57,7.73,7.62,0.11,1.4436,43748.11,33651.706,0.5638,0.9166,0.82,36.7703,54.1681,1.16,1.0523,1.1775,0.4528,0.4528,94542.5815,77599.4673,47731.0859,730814.155,599843.8822,,,4.9815
000881,中广核技,化工原料,辽宁,19980902,000881.SZ,20230428,7.51,7.66,7.5,7.62,7.53,0.09,1.1952,40588.8,30756.901,0.5231,0.8504,0.67,36.247,53.3972,1.1435,1.0373,1.1607,0.4593,0.4593,94542.5815,77599.4673,47731.0859,720414.471,591307.9408,,,4.9815
000881,中广核技,化工原料,辽宁,19980902,000881.SZ,20230427,7.58,7.61,7.38,7.53,7.81,-0.28,-3.5851,86011.92,64388.692,1.1084,1.802,1.42,35.8189,52.7666,1.13,1.0251,1.147,0.4648,0.4648,94542.5815,77599.4673,47731.0859,711905.6387,584323.9888,8.6,7.04,4.9815
000881,中广核技,化工原料,辽宁,19980902,000881.SZ,20230426,7.92,7.92,7.72,7.81,7.82,-0.01,-0.1279,37323.0,29169.647,0.481,0.7819,0.57,41.7816,40.1613,1.164,0.9231,0.8199,0.4481,0.4481,94542.5815,77599.4673,47731.0859,738377.5615,606051.8396,,,4.9815
000881,中广核技,化工原料,辽宁,19980902,000881.SZ,20230425,7.97,8.0,7.68,7.82,7.97,-0.15,-1.8821,54646.77,42757.487,0.7042,1.1449,0.89,41.8351,40.2127,1.1655,0.9243,0.821,0.4476,0.4476,94542.5815,77599.4673,47731.0859,739322.9873,606827.8343,,,4.9815
000881,中广核技,化工原料,辽宁,19980902,000881.SZ,20230424,7.92,8.03,7.82,7.97,7.91,0.06,0.7585,47138.62,37378.306,0.6075,0.9876,0.77,42.6375,40.9841,1.1879,0.942,0.8367,0.4391,0.4391,94542.5815,77599.4673,47731.0859,753504.3746,618467.7544,,,4.9815
000881,中广核技,化工原料,辽宁,19980902,000881.SZ,20230421,8.19,8.19,7.9,7.91,8.13,-0.22,-2.706,78608.1,62989.434,1.013,1.6469,1.43,42.3166,40.6755,1.1789,0.9349,0.8304,0.4425,0.4425,94542.5815,77599.4673,47731.0859,747831.8197,613811.7863,,,4.9815
000881,中广核技,化工原料,辽宁,19980902,000881.SZ,20230420,8.38,8.38,8.05,8.13,8.27,-0.14,-1.6929,85660.37,69691.398,1.1039,1.7946,1.76,43.4935,41.8068,1.2117,0.9609,0.8535,0.4305,0.4305,94542.5815,77599.4673,47731.0859,768631.1876,630883.6691,,,4.9815
000881,中广核技,化工原料,辽宁,19980902,000881.SZ,20230419,8.2,8.37,8.18,8.27,8.19,0.08,0.9768,61077.95,50538.874,0.7871,1.2796,1.32,44.2425,42.5268,1.2326,0.9775,0.8682,0.4232,0.4232,94542.5815,77599.4673,47731.0859,781867.149,641747.5946,8.6,7.04,4.9815
000881,中广核技,化工原料,辽宁,19980902,000881.SZ,20230418,8.19,8.22,8.15,8.19,8.19,0.0,0.0,34435.92,28175.073,0.4438,0.7215,0.76,43.8145,42.1154,1.2207,0.968,0.8598,0.4274,0.4274,94542.5815,77599.4673,47731.0859,774303.7425,635539.6372,,,4.9815
000881,中广核技,化工原料,辽宁,19980902,000881.SZ,20230417,8.14,8.2,8.08,8.19,8.14,0.05,0.6143,44835.0,36610.135,0.5778,0.9393,0.93,43.8145,42.1154,1.2207,0.968,0.8598,0.4274,0.4274,94542.5815,77599.4673,47731.0859,774303.7425,635539.6372,,,4.9815
000881,中广核技,化工原料,辽宁,19980902,000881.SZ,20230414,8.19,8.19,8.09,8.14,8.12,0.02,0.2463,48561.0,39517.163,0.6258,1.0174,0.93,43.547,41.8583,1.2132,0.9621,0.8546,0.43,0.43,94542.5815,77599.4673,47731.0859,769576.6134,631659.6638,8.94,7.32,4.9815
000881,中广核技,化工原料,辽宁,19980902,000881.SZ,20230413,8.09,8.18,8.05,8.12,8.09,0.03,0.3708,54408.0,44195.956,0.7011,1.1399,1.0,43.44,41.7554,1.2102,0.9597,0.8525,0.431,0.431,94542.5815,77599.4673,47731.0859,767685.7618,630107.6745,,,4.9815
000881,中广核技,化工原料,辽宁,19980902,000881.SZ,20230412,8.13,8.15,8.08,8.09,8.12,-0.03,-0.3695,48376.52,39203.235,0.6234,1.0135,0.89,43.2795,41.6012,1.2058,0.9562,0.8493,0.4326,0.4326,94542.5815,77599.4673,47731.0859,764849.4843,627779.6905,,,4.9815
000881,中广核技,化工原料,辽宁,19980902,000881.SZ,20230411,8.1,8.13,8.03,8.12,8.08,0.04,0.495,29124.0,23524.289,0.3753,0.6102,0.51,43.44,41.7554,1.2102,0.9597,0.8525,0.431,0.431,94542.5815,77599.4673,47731.0859,767685.7618,630107.6745,,,4.9815
000881,中广核技,化工原料,辽宁,19980902,000881.SZ,20230410,8.17,8.19,8.05,8.08,8.17,-0.09,-1.1016,61460.0,49813.911,0.792,1.2876,1.21,43.226,41.5497,1.2043,0.955,0.8483,0.4332,0.4332,94542.5815,77599.4673,47731.0859,763904.0585,627003.6958,8.95,7.33,4.9815
000881,中广核技,化工原料,辽宁,19980902,000881.SZ,20230407,8.27,8.27,8.15,8.17,8.2,-0.03,-0.3659,68126.95,55923.371,0.8779,1.4273,1.48,43.7075,42.0125,1.2177,0.9657,0.8577,0.4284,0.4284,94542.5815,77599.4673,47731.0859,772412.8909,633987.6478,,,4.9815
000881,中广核技,化工原料,辽宁,19980902,000881.SZ,20230406,8.26,8.29,8.12,8.2,8.26,-0.06,-0.7264,65836.01,53873.839,0.8484,1.3793,1.59,43.868,42.1668,1.2222,0.9692,0.8609,0.4268,0.4268,94542.5815,77599.4673,47731.0859,775249.1683,636315.6319,,,4.9815
000881,中广核技,化工原料,辽宁,19980902,000881.SZ,20230404,8.22,8.28,8.19,8.26,8.25,0.01,0.1212,47343.01,39010.364,0.6101,0.9919,1.17,44.189,42.4753,1.2311,0.9763,0.8672,0.4237,0.4237,94542.5815,77599.4673,47731.0859,780921.7232,640971.5999,,,4.9815
000881,中广核技,化工原料,辽宁,19980902,000881.SZ,20230403,8.1,8.32,8.1,8.25,8.13,0.12,1.476,45581.0,37469.721,0.5874,0.955,1.01,44.1355,42.4239,1.2296,0.9751,0.8661,0.4242,0.4242,94542.5815,77599.4673,47731.0859,779976.2974,640195.6052,8.89,7.27,4.9815
000881,中广核技,化工原料,辽宁,19980902,000881.SZ,20230331,8.08,8.16,8.07,8.13,8.08,0.05,0.6188,27916.0,22688.409,0.3597,0.5849,0.54,43.4935,41.8068,1.2117,0.9609,0.8535,0.4305,0.4305,94542.5815,77599.4673,47731.0859,768631.1876,630883.6691,,,4.9815
000881,中广核技,化工原料,辽宁,19980902,000881.SZ,20230330,8.15,8.16,8.04,8.08,8.16,-0.08,-0.9804,43015.05,34775.724,0.5543,0.9012,0.8,43.226,41.5497,1.2043,0.955,0.8483,0.4332,0.4332,94542.5815,77599.4673,47731.0859,763904.0585,627003.6958,9.02,7.38,4.9815
000881,中广核技,化工原料,辽宁,19980902,000881.SZ,20230329,8.17,8.23,8.11,8.16,8.17,-0.01,-0.1224,42914.05,34963.865,0.553,0.8991,0.77,43.654,41.9611,1.2162,0.9645,0.8567,0.4289,0.4289,94542.5815,77599.4673,47731.0859,771467.465,633211.6532,,,4.9815
000881,中广核技,化工原料,辽宁,19980902,000881.SZ,20230328,8.25,8.28,8.16,8.17,8.21,-0.04,-0.4872,42747.38,35085.599,0.5509,0.8956,0.73,43.7075,42.0125,1.2177,0.9657,0.8577,0.4284,0.4284,94542.5815,77599.4673,47731.0859,772412.8909,633987.6478,,,4.9815
000881,中广核技,化工原料,辽宁,19980902,000881.SZ,20230327,8.37,8.37,8.18,8.21,8.31,-0.1,-1.2034,69080.0,56894.382,0.8902,1.4473,1.09,43.9215,42.2182,1.2236,0.9704,0.8619,0.4263,0.4263,94542.5815,77599.4673,47731.0859,776194.5941,637091.6265,,,4.9815
000881,中广核技,化工原料,辽宁,19980902,000881.SZ,20230324,8.44,8.44,8.28,8.31,8.42,-0.11,-1.3064,61664.92,51383.101,0.7947,1.2919,0.96,44.4565,42.7325,1.2385,0.9822,0.8724,0.4212,0.4212,94542.5815,77599.4673,47731.0859,785648.8523,644851.5733,8.89,7.27,4.9815
000881,中广核技,化工原料,辽宁,19980902,000881.SZ,20230323,8.45,8.45,8.36,8.42,8.45,-0.03,-0.355,51903.06,43598.642,0.6689,1.0874,0.73,45.0449,43.2981,1.2549,0.9952,0.884,0.4157,0.4157,94542.5815,77599.4673,47731.0859,796048.5362,653387.5147,,,4.9815
000881,中广核技,化工原料,辽宁,19980902,000881.SZ,20230322,8.46,8.49,8.42,8.45,8.44,0.01,0.1185,53978.0,45623.709,0.6956,1.1309,0.62,45.2054,43.4524,1.2594,0.9987,0.8871,0.4142,0.4142,94542.5815,77599.4673,47731.0859,798884.8137,655715.4987,,,4.9815
000881,中广核技,化工原料,辽宁,19980902,000881.SZ,20230321,8.45,8.48,8.37,8.44,8.44,0.0,0.0,57253.79,48245.561,0.7378,1.1995,0.65,45.1519,43.401,1.2579,0.9976,0.8861,0.4147,0.4147,94542.5815,77599.4673,47731.0859,797939.3879,654939.504,,,4.9815
000881,中广核技,化工原料,辽宁,19980902,000881.SZ,20230320,8.5,8.57,8.42,8.44,8.48,-0.04,-0.4717,91318.23,77481.035,1.1768,1.9132,1.15,45.1519,43.401,1.2579,0.9976,0.8861,0.4147,0.4147,94542.5815,77599.4673,47731.0859,797939.3879,654939.504,,,4.9815
000881,中广核技,化工原料,辽宁,19980902,000881.SZ,20230317,8.47,8.54,8.4,8.48,8.39,0.09,1.0727,66157.0,56169.745,0.8525,1.386,0.84,45.3659,43.6066,1.2639,1.0023,0.8903,0.4127,0.4127,94542.5815,77599.4673,47731.0859,801721.0911,658043.4827,9.26,7.58,4.9815
000881,中广核技,化工原料,辽宁,19980902,000881.SZ,20230316,8.49,8.62,8.38,8.39,8.56,-0.17,-1.986,85502.82,72328.833,1.1018,1.7913,1.19,44.8844,43.1438,1.2505,0.9917,0.8808,0.4172,0.4172,94542.5815,77599.4673,47731.0859,793212.2588,651059.5306,,,4.9815
000881,中广核技,化工原料,辽宁,19980902,000881.SZ,20230315,8.29,8.68,8.29,8.56,8.29,0.27,3.2569,137820.43,117503.659,1.776,2.8874,2.44,45.7939,44.018,1.2758,1.0118,0.8987,0.4089,0.4089,94542.5815,77599.4673,47731.0859,809284.4976,664251.4401,,,4.9815
000881,中广核技,化工原料,辽宁,19980902,000881.SZ,20230314,8.3,8.38,8.22,8.29,8.33,-0.04,-0.4802,57969.79,48060.909,0.747,1.2145,0.83,44.3495,42.6296,1.2356,0.9798,0.8703,0.4222,0.4222,94542.5815,77599.4673,47731.0859,783758.0006,643299.5839,,,4.9815
000881,中广核技,化工原料,辽宁,19980902,000881.SZ,20230313,8.27,8.42,8.23,8.33,8.32,0.01,0.1202,48737.0,40475.174,0.6281,1.0211,0.59,44.5634,42.8353,1.2415,0.9846,0.8745,0.4202,0.4202,94542.5815,77599.4673,47731.0859,787539.7039,646403.5626,,,4.9815
000881,中广核技,化工原料,辽宁,19980902,000881.SZ,20230310,8.47,8.47,8.3,8.32,8.47,-0.15,-1.771,65781.05,54968.807,0.8477,1.3782,0.65,44.51,42.7839,1.24,0.9834,0.8735,0.4207,0.4207,94542.5815,77599.4673,47731.0859,786594.2781,645627.5679,,,4.9815
000881,中广核技,化工原料,辽宁,19980902,000881.SZ,20230309,8.5,8.54,8.41,8.47,8.53,-0.06,-0.7034,50392.35,42603.38,0.6494,1.0558,0.48,45.3124,43.5552,1.2624,1.0011,0.8892,0.4132,0.4132,94542.5815,77599.4673,47731.0859,800775.6653,657267.488,9.42,7.7,4.9815
000881,中广核技,化工原料,辽宁,19980902,000881.SZ,20230308,8.48,8.54,8.39,8.53,8.46,0.07,0.8274,60102.0,50868.441,0.7745,1.2592,0.56,45.6334,43.8638,1.2713,1.0082,0.8955,0.4103,0.4103,94542.5815,77599.4673,47731.0859,806448.2202,661923.4561,,,4.9815
000881,中广核技,化工原料,辽宁,19980902,000881.SZ,20230307,8.57,8.69,8.45,8.46,8.59,-0.13,-1.5134,122581.21,104957.198,1.5797,2.5682,1.2,45.2589,43.5038,1.2609,0.9999,0.8882,0.4137,0.4137,94542.5815,77599.4673,47731.0859,799830.2395,656491.4934,,,4.9815
000881,中广核技,化工原料,辽宁,19980902,000881.SZ,20230306,8.68,8.68,8.55,8.59,8.69,-0.1,-1.1507,114940.98,98855.105,1.4812,2.4081,1.26,45.9544,44.1723,1.2803,1.0153,0.9018,0.4075,0.4075,94542.5815,77599.4673,47731.0859,812120.7751,666579.4241,9.15,7.49,4.9815
000881,中广核技,化工原料,辽宁,19980902,000881.SZ,20230303,8.52,8.74,8.47,8.69,8.51,0.18,2.1152,157141.51,135422.281,2.025,3.2922,2.22,46.4894,44.6865,1.2952,1.0271,0.9123,0.4028,0.4028,94542.5815,77599.4673,47731.0859,821575.0332,674339.3708,9.32,7.62,4.9815
000881,中广核技,化工原料,辽宁,19980902,000881.SZ,20230302,8.47,8.55,8.45,8.51,8.47,0.04,0.4723,72389.56,61573.364,0.9329,1.5166,1.05,45.5264,43.7609,1.2684,1.0058,0.8934,0.4113,0.4113,94542.5815,77599.4673,47731.0859,804557.3686,660371.4667,,,4.9815
000881,中广核技,化工原料,辽宁,19980902,000881.SZ,20230301,8.47,8.49,8.42,8.47,8.5,-0.03,-0.3529,70919.22,59979.85,0.9139,1.4858,1.1,45.3124,43.5552,1.2624,1.0011,0.8892,0.4132,0.4132,94542.5815,77599.4673,47731.0859,800775.6653,657267.488,9.31,7.61,4.9815
000881,中广核技,化工原料,辽宁,19980902,000881.SZ,20230228,8.36,8.5,8.36,8.5,8.36,0.14,1.6746,94676.87,80029.785,1.2201,1.9835,1.68,45.4729,43.7095,1.2669,1.0047,0.8924,0.4118,0.4118,94542.5815,77599.4673,47731.0859,803611.9428,659595.4721,,,4.9815
000881,中广核技,化工原料,辽宁,19980902,000881.SZ,20230227,8.33,8.47,8.32,8.36,8.37,-0.01,-0.1195,59753.0,50125.507,0.77,1.2519,1.05,44.7239,42.9896,1.246,0.9881,0.8777,0.4187,0.4187,94542.5815,77599.4673,47731.0859,790375.9813,648731.5466,,,4.9815
000881,中广核技,化工原料,辽宁,19980902,000881.SZ,20230224,8.3,8.4,8.27,8.37,8.32,0.05,0.601,56080.08,46782.652,0.7227,1.1749,0.97,44.7774,43.041,1.2475,0.9893,0.8787,0.4182,0.4182,94542.5815,77599.4673,47731.0859,791321.4072,649507.5413,,,4.9815
000881,中广核技,化工原料,辽宁,19980902,000881.SZ,20230223,8.29,8.42,8.27,8.32,8.31,0.01,0.1203,63423.41,52824.912,0.8173,1.3288,0.88,44.51,42.7839,1.24,0.9834,0.8735,0.4207,0.4207,94542.5815,77599.4673,47731.0859,786594.2781,645627.5679,,,4.9815
000881,中广核技,化工原料,辽宁,19980902,000881.SZ,20230222,8.29,8.33,8.24,8.31,8.3,0.01,0.1205,47148.0,39098.213,0.6076,0.9878,0.67,44.4565,42.7325,1.2385,0.9822,0.8724,0.4212,0.4212,94542.5815,77599.4673,47731.0859,785648.8523,644851.5733,,,4.9815
000881,中广核技,化工原料,辽宁,19980902,000881.SZ,20230221,8.25,8.36,8.23,8.3,8.24,0.06,0.7282,56084.0,46513.447,0.7227,1.175,0.82,44.403,42.681,1.2371,0.981,0.8714,0.4217,0.4217,94542.5815,77599.4673,47731.0859,784703.4265,644075.5786,,,4.9815
000881,中广核技,化工原料,辽宁,19980902,000881.SZ,20230220,8.18,8.25,8.1,8.24,8.17,0.07,0.8568,60913.55,49820.607,0.785,1.2762,0.89,44.082,42.3725,1.2281,0.9739,0.8651,0.4248,0.4248,94542.5815,77599.4673,47731.0859,779030.8716,639419.6106,,,4.9815
000881,中广核技,化工原料,辽宁,19980902,000881.SZ,20230217,8.14,8.24,8.14,8.17,8.18,-0.01,-0.1222,60447.4,49480.352,0.779,1.2664,0.92,43.7075,42.0125,1.2177,0.9657,0.8577,0.4284,0.4284,94542.5815,77599.4673,47731.0859,772412.8909,633987.6478,,,4.9815
000881,中广核技,化工原料,辽宁,19980902,000881.SZ,20230216,8.46,8.56,8.08,8.18,8.29,-0.11,-1.3269,134605.87,112242.473,1.7346,2.8201,2.57,43.761,42.064,1.2192,0.9668,0.8588,0.4279,0.4279,94542.5815,77599.4673,47731.0859,773358.3167,634763.6425,9.14,7.48,4.9815
000881,中广核技,化工原料,辽宁,19980902,000881.SZ,20230215,8.34,8.34,8.25,8.29,8.31,-0.02,-0.2407,38857.44,32190.444,0.5007,0.8141,0.73,44.3495,42.6296,1.2356,0.9798,0.8703,0.4222,0.4222,94542.5815,77599.4673,47731.0859,783758.0006,643299.5839,9.13,7.47,4.9815
000881,中广核技,化工原料,辽宁,19980902,000881.SZ,20230214,8.31,8.34,8.25,8.31,8.3,0.01,0.1205,48831.44,40536.457,0.6293,1.0231,0.87,44.4565,42.7325,1.2385,0.9822,0.8724,0.4212,0.4212,94542.5815,77599.4673,47731.0859,785648.8523,644851.5733,,,4.9815
000881,中广核技,化工原料,辽宁,19980902,000881.SZ,20230213,8.24,8.31,8.23,8.3,8.23,0.07,0.8505,57801.48,47875.998,0.7449,1.211,1.11,44.403,42.681,1.2371,0.981,0.8714,0.4217,0.4217,94542.5815,77599.4673,47731.0859,784703.4265,644075.5786,,,4.9815
000881,中广核技,化工原料,辽宁,19980902,000881.SZ,20230210,8.23,8.27,8.16,8.23,8.22,0.01,0.1217,46920.08,38545.852,0.6046,0.983,0.85,44.0285,42.3211,1.2266,0.9727,0.864,0.4253,0.4253,94542.5815,77599.4673,47731.0859,778085.4457,638643.6159,9.0,7.36,4.9815
000881,中广核技,化工原料,辽宁,19980902,000881.SZ,20230209,8.13,8.23,8.1,8.22,8.16,0.06,0.7353,69377.16,56818.759,0.894,1.4535,1.34,43.975,42.2697,1.2251,0.9716,0.863,0.4258,0.4258,94542.5815,77599.4673,47731.0859,777140.0199,637867.6212,,,4.9815
000881,中广核技,化工原料,辽宁,19980902,000881.SZ,20230208,8.24,8.25,8.14,8.16,8.23,-0.07,-0.8505,42228.35,34554.77,0.5442,0.8847,0.75,43.654,41.9611,1.2162,0.9645,0.8567,0.4289,0.4289,94542.5815,77599.4673,47731.0859,771467.465,633211.6532,,,4.9815
000881,中广核技,化工原料,辽宁,19980902,000881.SZ,20230207,8.13,8.23,8.08,8.23,8.12,0.11,1.3547,63770.68,52096.398,0.8218,1.336,1.21,44.0285,42.3211,1.2266,0.9727,0.864,0.4253,0.4253,94542.5815,77599.4673,47731.0859,778085.4457,638643.6159,,,4.9815
000881,中广核技,化工原料,辽宁,19980902,000881.SZ,20230206,8.18,8.19,8.1,8.12,8.19,-0.07,-0.8547,37060.0,30148.298,0.4776,0.7764,0.64,43.44,41.7554,1.2102,0.9597,0.8525,0.431,0.431,94542.5815,77599.4673,47731.0859,767685.7618,630107.6745,9.05,7.41,4.9815
000881,中广核技,化工原料,辽宁,19980902,000881.SZ,20230203,8.2,8.22,8.04,8.19,8.19,0.0,0.0,62300.0,50643.193,0.8028,1.3052,1.13,43.8145,42.1154,1.2207,0.968,0.8598,0.4274,0.4274,94542.5815,77599.4673,47731.0859,774303.7425,635539.6372,9.04,7.4,4.9815
000881,中广核技,化工原料,辽宁,19980902,000881.SZ,20230202,8.19,8.22,8.13,8.19,8.18,0.01,0.1222,53273.0,43579.05,0.6865,1.1161,1.03,43.8145,42.1154,1.2207,0.968,0.8598,0.4274,0.4274,94542.5815,77599.4673,47731.0859,774303.7425,635539.6372,8.98,7.34,4.9815
000881,中广核技,化工原料,辽宁,19980902,000881.SZ,20230201,8.13,8.19,8.09,8.18,8.13,0.05,0.615,65546.99,53391.571,0.8447,1.3733,1.47,43.761,42.064,1.2192,0.9668,0.8588,0.4279,0.4279,94542.5815,77599.4673,47731.0859,773358.3167,634763.6425,,,4.9815
000881,中广核技,化工原料,辽宁,19980902,000881.SZ,20230131,8.05,8.15,8.03,8.13,8.09,0.04,0.4944,45581.69,36886.484,0.5874,0.955,1.1,43.4935,41.8068,1.2117,0.9609,0.8535,0.4305,0.4305,94542.5815,77599.4673,47731.0859,768631.1876,630883.6691,8.93,7.31,4.9815
000881,中广核技,化工原料,辽宁,19980902,000881.SZ,20230130,8.15,8.15,8.05,8.09,8.0,0.09,1.125,63391.2,51302.646,0.8169,1.3281,1.72,43.2795,41.6012,1.2058,0.9562,0.8493,0.4326,0.4326,94542.5815,77599.4673,47731.0859,764849.4843,627779.6905,,,4.9815
000881,中广核技,化工原料,辽宁,19980902,000881.SZ,20230120,7.96,8.01,7.93,8.0,7.91,0.09,1.1378,48222.62,38463.223,0.6214,1.0103,1.36,42.798,41.1383,1.1923,0.9456,0.8399,0.4375,0.4375,94542.5815,77599.4673,47731.0859,756340.652,620795.7384,,,4.9815
000881,中广核技,化工原料,辽宁,19980902,000881.SZ,20230119,7.89,7.92,7.84,7.91,7.89,0.02,0.2535,34687.91,27373.007,0.447,0.7267,0.94,42.3166,40.6755,1.1789,0.9349,0.8304,0.4425,0.4425,94542.5815,77599.4673,47731.0859,747831.8197,613811.7863,,,4.9815
000881,中广核技,化工原料,辽宁,19980902,000881.SZ,20230118,7.88,7.91,7.84,7.89,7.86,0.03,0.3817,30905.3,24369.581,0.3983,0.6475,0.81,42.2096,40.5727,1.1759,0.9326,0.8283,0.4436,0.4436,94542.5815,77599.4673,47731.0859,745940.968,612259.797,,,4.9815
000881,中广核技,化工原料,辽宁,19980902,000881.SZ,20230117,7.82,7.87,7.8,7.86,7.83,0.03,0.3831,30714.0,24075.132,0.3958,0.6435,0.78,42.0491,40.4184,1.1715,0.929,0.8252,0.4453,0.4453,94542.5815,77599.4673,47731.0859,743104.6906,609931.813,,,4.9815
000881,中广核技,化工原料,辽宁,19980902,000881.SZ,20230116,7.78,7.86,7.77,7.83,7.79,0.04,0.5135,39428.01,30839.124,0.5081,0.826,0.95,41.8886,40.2642,1.167,0.9255,0.822,0.447,0.447,94542.5815,77599.4673,47731.0859,740268.4131,607603.829,,,4.9815
000881,中广核技,化工原料,辽宁,19980902,000881.SZ,20230113,7.74,7.79,7.68,7.79,7.72,0.07,0.9067,41103.0,31830.546,0.5297,0.8611,0.98,41.6746,40.0585,1.161,0.9207,0.8178,0.4493,0.4493,94542.5815,77599.4673,47731.0859,736486.7099,604499.8503,,,4.9815
000881,中广核技,化工原料,辽宁,19980902,000881.SZ,20230112,7.78,7.78,7.66,7.72,7.77,-0.05,-0.6435,41562.87,32039.837,0.5356,0.8708,0.95,41.3001,39.6985,1.1506,0.9125,0.8105,0.4534,0.4534,94542.5815,77599.4673,47731.0859,729868.7292,599067.8876,,,4.9815
000881,中广核技,化工原料,辽宁,19980902,000881.SZ,20230111,7.85,7.88,7.72,7.77,7.87,-0.1,-1.2706,37451.01,29210.586,0.4826,0.7846,0.81,41.5676,39.9556,1.1581,0.9184,0.8157,0.4505,0.4505,94542.5815,77599.4673,47731.0859,734595.8583,602947.8609,8.65,7.07,4.9815
000881,中广核技,化工原料,辽宁,19980902,000881.SZ,20230110,7.87,7.92,7.8,7.87,7.89,-0.02,-0.2535,36309.01,28535.294,0.4679,0.7607,0.72,42.1026,40.4699,1.173,0.9302,0.8262,0.4447,0.4447,94542.5815,77599.4673,47731.0859,744050.1164,610707.8077,,,4.9815
000881,中广核技,化工原料,辽宁,19980902,000881.SZ,20230109,7.91,7.92,7.81,7.89,7.89,0.0,0.0,51374.61,40374.394,0.662,1.0763,1.1,42.2096,40.5727,1.1759,0.9326,0.8283,0.4436,0.4436,94542.5815,77599.4673,47731.0859,745940.968,612259.797,,,4.9815
000881,中广核技,化工原料,辽宁,19980902,000881.SZ,20230106,7.9,7.93,7.84,7.89,7.91,-0.02,-0.2528,43814.0,34574.935,0.5646,0.9179,0.84,42.2096,40.5727,1.1759,0.9326,0.8283,0.4436,0.4436,94542.5815,77599.4673,47731.0859,745940.968,612259.797,,,4.9815
000881,中广核技,化工原料,辽宁,19980902,000881.SZ,20230105,7.97,7.97,7.86,7.91,7.94,-0.03,-0.3778,50291.02,39716.795,0.6481,1.0536,1.04,42.3166,40.6755,1.1789,0.9349,0.8304,0.4425,0.4425,94542.5815,77599.4673,47731.0859,747831.8197,613811.7863,,,4.9815
000881,中广核技,化工原料,辽宁,19980902,000881.SZ,20230104,7.87,7.95,7.86,7.94,7.9,0.04,0.5063,50373.82,39790.336,0.6492,1.0554,1.13,42.477,40.8298,1.1834,0.9385,0.8336,0.4408,0.4408,94542.5815,77599.4673,47731.0859,750668.0971,616139.7704,8.66,7.08,4.9815
000881,中广核技,化工原料,辽宁,19980902,000881.SZ,20230103,7.73,7.91,7.73,7.9,7.73,0.17,2.1992,55314.22,43302.581,0.7128,1.1589,1.4,42.2631,40.6241,1.1774,0.9337,0.8294,0.443,0.443,94542.5815,77599.4673,47731.0859,746886.3939,613035.7917,,,4.9815
000881,中广核技,化工原料,辽宁,19980902,000881.SZ,20221230,7.75,7.8,7.7,7.73,7.75,-0.02,-0.2581,34146.32,26451.423,0.44,0.7154,0.76,41.3536,39.7499,1.1521,0.9136,0.8115,0.4269,0.4528,94542.5815,77599.4673,47731.0859,730814.155,599843.8822,,,4.9815
000881,中广核技,化工原料,辽宁,19980902,000881.SZ,20221229,7.82,7.9,7.69,7.75,7.87,-0.12,-1.5248,69613.0,54091.482,0.8971,1.4584,1.59,41.4606,39.8528,1.1551,0.916,0.8136,0.4258,0.4516,94542.5815,77599.4673,47731.0859,732705.0066,601395.8716,8.7,7.12,4.9815
000881,中广核技,化工原料,辽宁,19980902,000881.SZ,20221228,7.91,8.01,7.85,7.87,7.96,-0.09,-1.1307,33275.46,26326.229,0.4288,0.6971,0.73,42.1026,40.4699,1.173,0.9302,0.8262,0.4193,0.4447,94542.5815,77599.4673,47731.0859,744050.1164,610707.8077,8.73,7.15,4.9815
000881,中广核技,化工原料,辽宁,19980902,000881.SZ,20221227,8.01,8.03,7.9,7.96,7.98,-0.02,-0.2506,31121.0,24778.743,0.401,0.652,0.62,42.584,40.9327,1.1864,0.9408,0.8357,0.4146,0.4397,94542.5815,77599.4673,47731.0859,752558.9487,617691.7597,,,4.9815
000881,中广核技,化工原料,辽宁,19980902,000881.SZ,20221226,7.9,8.02,7.87,7.98,7.97,0.01,0.1255,29219.41,23235.842,0.3765,0.6122,0.51,42.691,41.0355,1.1894,0.9432,0.8378,0.4135,0.4386,94542.5815,77599.4673,47731.0859,754449.8004,619243.7491,,,4.9815
000881,中广核技,化工原料,辽宁,19980902,000881.SZ,20221223,7.89,8.04,7.75,7.97,7.95,0.02,0.2516,60971.0,48079.105,0.7857,1.2774,1.04,42.6375,40.9841,1.1879,0.942,0.8367,0.4141,0.4391,94542.5815,77599.4673,47731.0859,753504.3746,618467.7544,,,4.9815
000881,中广核技,化工原料,辽宁,19980902,000881.SZ,20221222,7.92,8.13,7.92,7.95,7.94,0.01,0.1259,63922.88,51262.207,0.8238,1.3392,1.11,42.5305,40.8812,1.1849,0.9397,0.8346,0.4151,0.4403,94542.5815,77599.4673,47731.0859,751613.5229,616915.765,,,4.9815
000881,中广核技,化工原料,辽宁,19980902,000881.SZ,20221221,7.96,8.03,7.86,7.94,7.91,0.03,0.3793,42055.0,33340.895,0.5419,0.8811,0.63,42.477,40.8298,1.1834,0.9385,0.8336,0.4156,0.4408,94542.5815,77599.4673,47731.0859,750668.0971,616139.7704,,,4.9815
000881,中广核技,化工原料,辽宁,19980902,000881.SZ,20221220,8.09,8.11,7.84,7.91,8.11,-0.2,-2.4661,54381.0,43124.225,0.7008,1.1393,0.69,42.3166,40.6755,1.1789,0.9349,0.8304,0.4172,0.4425,94542.5815,77599.4673,47731.0859,747831.8197,613811.7863,,,4.9815
000881,中广核技,化工原料,辽宁,19980902,000881.SZ,20221219,8.2,8.22,8.02,8.11,8.23,-0.12,-1.4581,64241.27,52086.863,0.8279,1.3459,0.79,43.3865,41.704,1.2087,0.9586,0.8514,0.4069,0.4316,94542.5815,77599.4673,47731.0859,766740.336,629331.6798,,,4.9815
000881,中广核技,化工原料,辽宁,19980902,000881.SZ,20221216,8.17,8.26,8.08,8.23,8.25,-0.02,-0.2424,69279.6,56589.678,0.8928,1.4515,0.77,44.0285,42.3211,1.2266,0.9727,0.864,0.401,0.4253,94542.5815,77599.4673,47731.0859,778085.4457,638643.6159,,,4.9815
000881,中广核技,化工原料,辽宁,19980902,000881.SZ,20221215,8.26,8.31,8.15,8.25,8.3,-0.05,-0.6024,58970.99,48398.818,0.7599,1.2355,0.54,44.1355,42.4239,1.2296,0.9751,0.8661,0.4,0.4242,94542.5815,77599.4673,47731.0859,779976.2974,640195.6052,8.73,7.15,4.9815
000881,中广核技,化工原料,辽宁,19980902,000881.SZ,20221214,8.35,8.38,8.18,8.3,8.42,-0.12,-1.4252,89280.0,73755.692,1.1505,1.8705,0.61,44.403,42.681,1.2371,0.981,0.8714,0.3976,0.4217,94542.5815,77599.4673,47731.0859,784703.4265,644075.5786,,,4.9815
000881,中广核技,化工原料,辽宁,19980902,000881.SZ,20221213,8.33,8.51,8.27,8.42,8.32,0.1,1.2019,111154.93,93449.767,1.4324,2.3288,0.72,45.0449,43.2981,1.2549,0.9952,0.884,0.3919,0.4157,94542.5815,77599.4673,47731.0859,796048.5362,653387.5147,,,4.9815
000881,中广核技,化工原料,辽宁,19980902,000881.SZ,20221212,8.48,8.5,8.25,8.32,8.45,-0.13,-1.5385,80317.61,66821.135,1.035,1.6827,0.42,44.51,42.7839,1.24,0.9834,0.8735,0.3966,0.4207,94542.5815,77599.4673,47731.0859,786594.2781,645627.5679,,,4.9815
000881,中广核技,化工原料,辽宁,19980902,000881.SZ,20221209,8.53,8.54,8.36,8.45,8.51,-0.06,-0.7051,112005.29,94247.511,1.4434,2.3466,0.5,45.2054,43.4524,1.2594,0.9987,0.8871,0.3905,0.4142,94542.5815,77599.4673,47731.0859,798884.8137,655715.4987,,,4.9815
000881,中广核技,化工原料,辽宁,19980902,000881.SZ,20221208,8.5,8.55,8.36,8.51,8.63,-0.12,-1.3905,155210.01,130995.554,2.0001,3.2518,0.7,45.5264,43.7609,1.2684,1.0058,0.8934,0.3878,0.4113,94542.5815,77599.4673,47731.0859,804557.3686,660371.4667,,,4.9815
000881,中广核技,化工原料,辽宁,19980902,000881.SZ,20221207,8.23,8.88,8.2,8.63,8.24,0.39,4.733,267727.22,230322.629,3.4501,5.6091,1.33,46.1684,44.378,1.2862,1.02,0.906,0.3824,0.4056,94542.5815,77599.4673,47731.0859,815902.4783,669683.4028,,,4.9815
000881,中广核技,化工原料,辽宁,19980902,000881.SZ,20221206,8.45,8.45,8.2,8.24,8.5,-0.26,-3.0588,151911.17,126218.427,1.9576,3.1826,0.72,44.082,42.3725,1.2281,0.9739,0.8651,0.4005,0.4248,94542.5815,77599.4673,47731.0859,779030.8716,639419.6106,,,4.9815
000881,中广核技,化工原料,辽宁,19980902,000881.SZ,20221205,8.41,8.68,8.3,8.5,8.35,0.15,1.7964,274467.48,233349.11,3.537,5.7503,1.29,45.4729,43.7095,1.2669,1.0047,0.8924,0.3882,0.4118,94542.5815,77599.4673,47731.0859,803611.9428,659595.4721,,,4.9815
000881,中广核技,化工原料,辽宁,19980902,000881.SZ,20221202,7.94,8.75,7.94,8.35,7.99,0.36,4.5056,278408.53,232457.234,3.5878,5.8329,1.34,44.6704,42.9382,1.2445,0.9869,0.8766,0.3952,0.4192,94542.5815,77599.4673,47731.0859,789430.5555,647955.552,,,4.9815
000881,中广核技,化工原料,辽宁,19980902,000881.SZ,20221201,8.1,8.2,7.99,7.99,8.15,-0.16,-1.9632,130041.13,104840.245,1.6758,2.7245,0.59,42.7445,41.0869,1.1909,0.9444,0.8388,0.413,0.438,94542.5815,77599.4673,47731.0859,755395.2262,620019.7437,,,4.9815
000881,中广核技,化工原料,辽宁,19980902,000881.SZ,20221130,8.1,8.29,8.01,8.15,8.18,-0.03,-0.3667,168807.03,137187.726,2.1754,3.5366,0.81,43.6005,41.9097,1.2147,0.9633,0.8556,0.4049,0.4294,94542.5815,77599.4673,47731.0859,770522.0392,632435.6585,,,4.9815
000881,中广核技,化工原料,辽宁,19980902,000881.SZ,20221129,8.36,8.36,8.13,8.18,8.36,-0.18,-2.1531,200276.0,164451.307,2.5809,4.1959,1.09,43.761,42.064,1.2192,0.9668,0.8588,0.4034,0.4279,94542.5815,77599.4673,47731.0859,773358.3167,634763.6425,,,4.9815
000881,中广核技,化工原料,辽宁,19980902,000881.SZ,20221128,8.1,8.46,7.96,8.36,8.1,0.26,3.2099,284726.31,234080.705,3.6692,5.9652,2.08,44.7239,42.9896,1.246,0.9881,0.8777,0.3947,0.4187,94542.5815,77599.4673,47731.0859,790375.9813,648731.5466,,,4.9815
000881,中广核技,化工原料,辽宁,19980902,000881.SZ,20221125,8.16,8.37,7.95,8.1,8.16,-0.06,-0.7353,252244.92,204763.595,3.2506,5.2847,2.53,43.333,41.6526,1.2072,0.9574,0.8504,0.4074,0.4321,94542.5815,77599.4673,47731.0859,765794.9102,628555.6851,,,4.9815
000881,中广核技,化工原料,辽宁,19980902,000881.SZ,20221124,7.7,8.19,7.64,8.16,7.78,0.38,4.8843,199856.91,158383.683,2.5755,4.1871,2.96,43.654,41.9611,1.2162,0.9645,0.8567,0.4044,0.4289,94542.5815,77599.4673,47731.0859,771467.465,633211.6532,,,4.9815
000881,中广核技,化工原料,辽宁,19980902,000881.SZ,20221123,7.59,7.86,7.55,7.78,7.57,0.21,2.7741,106778.0,82373.426,1.376,2.2371,2.03,41.6211,40.007,1.1596,0.9196,0.8168,0.4242,0.4499,94542.5815,77599.4673,47731.0859,735541.2841,603723.8556,,,4.9815
000881,中广核技,化工原料,辽宁,19980902,000881.SZ,20221122,7.62,7.74,7.53,7.57,7.61,-0.04,-0.5256,75570.0,57499.453,0.9738,1.5832,1.6,40.4976,38.9272,1.1283,0.8947,0.7947,0.4359,0.4624,94542.5815,77599.4673,47731.0859,715687.342,587427.9675,,,4.9815
000881,中广核技,化工原料,辽宁,19980902,000881.SZ,20221121,7.72,7.72,7.53,7.61,7.72,-0.11,-1.4249,50080.0,37979.524,0.6454,1.0492,1.08,40.7116,39.1329,1.1342,0.8995,0.7989,0.4336,0.4599,94542.5815,77599.4673,47731.0859,719469.0452,590531.9462,,,4.9815
000881,中广核技,化工原料,辽宁,19980902,000881.SZ,20221118,7.7,7.83,7.69,7.72,7.65,0.07,0.915,66680.43,51671.412,0.8593,1.397,1.53,41.3001,39.6985,1.1506,0.9125,0.8105,0.4275,0.4534,94542.5815,77599.4673,47731.0859,729868.7292,599067.8876,,,4.9815
000881,中广核技,化工原料,辽宁,19980902,000881.SZ,20221117,7.68,7.7,7.58,7.65,7.68,-0.03,-0.3906,38216.62,29159.493,0.4925,0.8007,0.88,40.9256,39.3385,1.1402,0.9042,0.8031,0.4314,0.4575,94542.5815,77599.4673,47731.0859,723250.7485,593635.9248,,,4.9815
000881,中广核技,化工原料,辽宁,19980902,000881.SZ,20221116,7.74,7.74,7.66,7.68,7.75,-0.07,-0.9032,33019.0,25419.834,0.4255,0.6918,0.77,41.0861,39.4928,1.1446,0.9077,0.8063,0.4297,0.4557,94542.5815,77599.4673,47731.0859,726087.0259,595963.9089,,,4.9815
000881,中广核技,化工原料,辽宁,19980902,000881.SZ,20221115,7.61,7.75,7.56,7.75,7.59,0.16,2.108,47837.21,36703.564,0.6165,1.0022,1.16,41.4606,39.8528,1.1551,0.916,0.8136,0.4258,0.4516,94542.5815,77599.4673,47731.0859,732705.0066,601395.8716,8.37,6.85,4.9815
000881,中广核技,化工原料,辽宁,19980902,000881.SZ,20221114,7.66,7.72,7.56,7.59,7.68,-0.09,-1.1719,46637.6,35638.206,0.601,0.9771,1.15,40.6046,39.03,1.1312,0.8971,0.7968,0.4348,0.4611,94542.5815,77599.4673,47731.0859,717578.1936,588979.9568,8.49,6.95,4.9815
000881,中广核技,化工原料,辽宁,19980902,000881.SZ,20221111,7.71,7.78,7.66,7.68,7.64,0.04,0.5236,52555.31,40474.267,0.6773,1.1011,1.34,41.0861,39.4928,1.1446,0.9077,0.8063,0.4297,0.4557,94542.5815,77599.4673,47731.0859,726087.0259,595963.9089,8.42,6.89,4.9815
000881,中广核技,化工原料,辽宁,19980902,000881.SZ,20221110,7.57,7.65,7.53,7.64,7.61,0.03,0.3942,37622.7,28614.457,0.4848,0.7882,0.99,40.8721,39.2871,1.1387,0.903,0.8021,0.4319,0.4581,94542.5815,77599.4673,47731.0859,722305.3227,592859.9302,,,4.9815
000881,中广核技,化工原料,辽宁,19980902,000881.SZ,20221109,7.71,7.71,7.6,7.61,7.65,-0.04,-0.5229,30813.43,23522.547,0.3971,0.6456,0.76,40.7116,39.1329,1.1342,0.8995,0.7989,0.4336,0.4599,94542.5815,77599.4673,47731.0859,719469.0452,590531.9462,,,4.9815
000881,中广核技,化工原料,辽宁,19980902,000881.SZ,20221108,7.71,7.73,7.6,7.65,7.65,0.0,0.0,38343.12,29321.483,0.4941,0.8033,0.94,40.9256,39.3385,1.1402,0.9042,0.8031,0.4314,0.4575,94542.5815,77599.4673,47731.0859,723250.7485,593635.9248,,,4.9815
000881,中广核技,化工原料,辽宁,19980902,000881.SZ,20221107,7.63,7.69,7.6,7.65,7.63,0.02,0.2621,42793.21,32700.003,0.5515,0.8965,1.02,40.9256,39.3385,1.1402,0.9042,0.8031,0.4314,0.4575,94542.5815,77599.4673,47731.0859,723250.7485,593635.9248,,,4.9815
000881,中广核技,化工原料,辽宁,19980902,000881.SZ,20221104,7.55,7.65,7.54,7.63,7.53,0.1,1.328,45821.9,34875.035,0.5905,0.96,1.06,40.8186,39.2357,1.1372,0.9018,0.801,0.4325,0.4587,94542.5815,77599.4673,47731.0859,721359.8968,592083.9355,,,4.9815
000881,中广核技,化工原料,辽宁,19980902,000881.SZ,20221103,7.55,7.6,7.51,7.53,7.58,-0.05,-0.6596,32061.65,24177.31,0.4132,0.6717,0.74,40.2836,38.7215,1.1223,0.89,0.7905,0.4382,0.4648,94542.5815,77599.4673,47731.0859,711905.6387,584323.9888,8.37,6.85,4.9815
000881,中广核技,化工原料,辽宁,19980902,000881.SZ,20221102,7.51,7.64,7.49,7.58,7.53,0.05,0.664,43280.16,32787.483,0.5577,0.9067,0.96,40.5511,38.9786,1.1297,0.8959,0.7958,0.4354,0.4617,94542.5815,77599.4673,47731.0859,716632.7678,588203.9621,,,4.9815
000881,中广核技,化工原料,辽宁,19980902,000881.SZ,20221101,7.38,7.55,7.36,7.53,7.34,0.19,2.5886,41055.3,30642.815,0.5291,0.8601,0.94,40.2836,38.7215,1.1223,0.89,0.7905,0.4382,0.4648,94542.5815,77599.4673,47731.0859,711905.6387,584323.9888,,,4.9815
000881,中广核技,化工原料,辽宁,19980902,000881.SZ,20221031,7.16,7.44,7.15,7.34,7.14,0.2,2.8011,47963.0,35119.534,0.6181,1.0049,1.13,39.2672,37.7444,1.094,0.8676,0.7706,0.4496,0.4768,94542.5815,77599.4673,47731.0859,693942.5482,569580.09,,,4.9815
000881,中广核技,化工原料,辽宁,19980902,000881.SZ,20221028,7.47,7.47,7.12,7.14,7.48,-0.34,-4.5455,52578.0,38223.661,0.6776,1.1015,1.42,38.1972,39.4416,1.085,0.8439,0.7517,0.4622,0.4902,94542.5815,77599.4673,47731.0859,675034.0319,554060.1965,8.28,6.78,4.9815
000881,中广核技,化工原料,辽宁,19980902,000881.SZ,20221027,7.48,7.54,7.44,7.48,7.46,0.02,0.2681,31599.0,23677.97,0.4072,0.662,0.79,40.0162,41.3197,1.1367,0.8841,0.7875,0.4412,0.4679,94542.5815,77599.4673,47731.0859,707178.5096,580444.0154,,,4.9815
000881,中广核技,化工原料,辽宁,19980902,000881.SZ,20221026,7.35,7.54,7.31,7.46,7.31,0.15,2.052,52332.96,39046.362,0.6744,1.0964,1.4,39.9092,41.2093,1.1336,0.8817,0.7854,0.4424,0.4692,94542.5815,77599.4673,47731.0859,705287.658,578892.0261,,,4.9815
000881,中广核技,化工原料,辽宁,19980902,000881.SZ,20221025,7.3,7.37,7.15,7.31,7.34,-0.03,-0.4087,34120.17,24828.101,0.4397,0.7148,0.91,39.1067,40.3807,1.1108,0.864,0.7696,0.4514,0.4788,94542.5815,77599.4673,47731.0859,691106.2708,567252.106,8.07,6.61,4.9815
000881,中广核技,化工原料,辽宁,19980902,000881.SZ,20221024,7.42,7.53,7.27,7.34,7.42,-0.08,-1.0782,41180.27,30455.605,0.5307,0.8628,1.06,39.2672,40.5464,1.1154,0.8676,0.7728,0.4496,0.4768,94542.5815,77599.4673,47731.0859,693942.5482,569580.09,,,4.9815
000881,中广核技,化工原料,辽宁,19980902,000881.SZ,20221021,7.43,7.5,7.4,7.42,7.42,0.0,0.0,26443.52,19686.875,0.3408,0.554,0.61,39.6952,40.9883,1.1276,0.877,0.7812,0.4447,0.4717,94542.5815,77599.4673,47731.0859,701505.9547,575788.0474,,,4.9815
000881,中广核技,化工原料,辽宁,19980902,000881.SZ,20221020,7.39,7.51,7.3,7.42,7.45,-0.03,-0.4027,45494.71,33676.223,0.5863,0.9531,1.05,39.6952,40.9883,1.1276,0.877,0.7812,0.4447,0.4717,94542.5815,77599.4673,47731.0859,701505.9547,575788.0474,8.21,6.71,4.9815
000881,中广核技,化工原料,辽宁,19980902,000881.SZ,20221019,7.54,7.56,7.44,7.45,7.55,-0.1,-1.3245,39331.0,29460.459,0.5068,0.824,0.9,39.8557,41.154,1.1321,0.8806,0.7844,0.443,0.4698,94542.5815,77599.4673,47731.0859,704342.2322,578116.0314,,,4.9815
000881,中广核技,化工原料,辽宁,19980902,000881.SZ,20221018,7.54,7.58,7.5,7.55,7.54,0.01,0.1326,35902.17,27073.829,0.4627,0.7522,0.82,40.3906,41.7064,1.1473,0.8924,0.7949,0.4371,0.4636,94542.5815,77599.4673,47731.0859,713796.4903,585875.9781,,,4.9815
000881,中广核技,化工原料,辽宁,19980902,000881.SZ,20221017,7.36,7.54,7.36,7.54,7.41,0.13,1.7544,47161.6,35235.024,0.6078,0.9881,1.1,40.3371,41.6512,1.1458,0.8912,0.7939,0.4377,0.4642,94542.5815,77599.4673,47731.0859,712851.0645,585099.9834,8.16,6.68,4.9815
000881,中广核技,化工原料,辽宁,19980902,000881.SZ,20221014,7.38,7.44,7.34,7.41,7.31,0.1,1.368,48974.63,36237.049,0.6311,1.0261,1.27,39.6417,40.9331,1.126,0.8758,0.7802,0.4453,0.4723,94542.5815,77599.4673,47731.0859,700560.5289,575012.0527,,,4.9815
000881,中广核技,化工原料,辽宁,19980902,000881.SZ,20221013,7.23,7.37,7.23,7.31,7.29,0.02,0.2743,45738.91,33481.241,0.5894,0.9583,1.23,39.1067,40.3807,1.1108,0.864,0.7696,0.4514,0.4788,94542.5815,77599.4673,47731.0859,691106.2708,567252.106,,,4.9815
000881,中广核技,化工原料,辽宁,19980902,000881.SZ,20221012,7.13,7.31,7.08,7.29,7.15,0.14,1.958,41568.93,29922.398,0.5357,0.8709,1.14,38.9997,40.2702,1.1078,0.8616,0.7675,0.4527,0.4801,94542.5815,77599.4673,47731.0859,689215.4191,565700.1166,,,4.9815
000881,中广核技,化工原料,辽宁,19980902,000881.SZ,20221011,7.07,7.2,6.97,7.15,7.09,0.06,0.8463,35450.6,25114.615,0.4568,0.7427,0.91,38.2507,39.4968,1.0865,0.8451,0.7528,0.4615,0.4895,94542.5815,77599.4673,47731.0859,675979.4577,554836.1912,,,4.9815
000881,中广核技,化工原料,辽宁,19980902,000881.SZ,20221010,7.01,7.25,7.01,7.09,7.1,-0.01,-0.1408,42776.36,30528.434,0.5512,0.8962,1.05,37.9298,39.1654,1.0774,0.838,0.7465,0.4654,0.4937,94542.5815,77599.4673,47731.0859,670306.9028,550180.2232,,,4.9815
000881,中广核技,化工原料,辽宁,19980902,000881.SZ,20220930,7.11,7.2,7.08,7.1,7.14,-0.04,-0.5602,26801.98,19113.807,0.3454,0.5615,0.6,37.9833,39.2206,1.0789,0.8392,0.7475,0.4648,0.493,94542.5815,77599.4673,47731.0859,671252.3287,550956.2178,,,4.9815
000881,中广核技,化工原料,辽宁,19980902,000881.SZ,20220929,7.26,7.3,7.07,7.14,7.18,-0.04,-0.5571,39946.39,28659.636,0.5148,0.8369,0.92,38.1972,39.4416,1.085,0.8439,0.7517,0.4622,0.4902,94542.5815,77599.4673,47731.0859,675034.0319,554060.1965,,,4.9815
000881,中广核技,化工原料,辽宁,19980902,000881.SZ,20220928,7.3,7.34,7.18,7.18,7.34,-0.16,-2.1798,37805.81,27401.863,0.4872,0.7921,0.84,38.4112,39.6625,1.0911,0.8486,0.756,0.4596,0.4875,94542.5815,77599.4673,47731.0859,678815.7352,557164.1752,,,4.9815
000881,中广核技,化工原料,辽宁,19980902,000881.SZ,20220927,7.28,7.37,7.19,7.34,7.2,0.14,1.9444,47834.36,34801.217,0.6164,1.0022,1.05,39.2672,40.5464,1.1154,0.8676,0.7728,0.4496,0.4768,94542.5815,77599.4673,47731.0859,693942.5482,569580.09,,,4.9815
000881,中广核技,化工原料,辽宁,19980902,000881.SZ,20220926,7.43,7.43,7.2,7.2,7.46,-0.26,-3.4853,51420.08,37524.08,0.6626,1.0773,1.02,38.5182,39.773,1.0941,0.851,0.7581,0.4583,0.4861,94542.5815,77599.4673,47731.0859,680706.5868,558716.1646,7.81,6.39,4.9815
000881,中广核技,化工原料,辽宁,19980902,000881.SZ,20220923,7.53,7.68,7.4,7.46,7.56,-0.1,-1.3228,44608.0,33665.213,0.5748,0.9346,0.64,39.9092,41.2093,1.1336,0.8817,0.7854,0.4424,0.4692,94542.5815,77599.4673,47731.0859,705287.658,578892.0261,,,4.9815
000881,中广核技,化工原料,辽宁,19980902,000881.SZ,20220922,7.47,7.62,7.47,7.56,7.54,0.02,0.2653,34309.69,25930.925,0.4421,0.7188,0.35,40.4441,41.7617,1.1488,0.8936,0.796,0.4365,0.463,94542.5815,77599.4673,47731.0859,714741.9161,586651.9728,7.9,6.46,4.9815
000881,中广核技,化工原料,辽宁,19980902,000881.SZ,20220921,7.45,7.6,7.3,7.54,7.48,0.06,0.8021,47986.9,35812.927,0.6184,1.0054,0.47,40.3371,41.6512,1.1458,0.8912,0.7939,0.4377,0.4642,94542.5815,77599.4673,47731.0859,712851.0645,585099.9834,,,4.9815
000881,中广核技,化工原料,辽宁,19980902,000881.SZ,20220920,7.48,7.56,7.46,7.48,7.44,0.04,0.5376,49209.0,36966.813,0.6341,1.031,0.47,40.0162,41.3197,1.1367,0.8841,0.7875,0.4412,0.4679,94542.5815,77599.4673,47731.0859,707178.5096,580444.0154,,,4.9815
000881,中广核技,化工原料,辽宁,19980902,000881.SZ,20220919,7.59,7.65,7.39,7.44,7.62,-0.18,-2.3622,75412.52,56565.862,0.9718,1.5799,0.74,39.8022,41.0988,1.1306,0.8794,0.7833,0.4435,0.4704,94542.5815,77599.4673,47731.0859,703396.8064,577340.0367,,,4.9815
000881,中广核技,化工原料,辽宁,19980902,000881.SZ,20220916,8.03,8.2,7.61,7.62,8.17,-0.55,-6.7319,143807.02,112988.155,1.8532,3.0129,1.62,40.7651,42.0931,1.158,0.9006,0.8023,0.4331,0.4593,94542.5815,77599.4673,47731.0859,720414.471,591307.9408,,,4.9815
000881,中广核技,化工原料,辽宁,19980902,000881.SZ,20220915,8.37,8.76,8.05,8.17,8.07,0.1,1.2392,178445.89,147770.844,2.2996,3.7386,2.93,43.7075,45.1313,1.2415,0.9657,0.8602,0.4039,0.4284,94542.5815,77599.4673,47731.0859,772412.8909,633987.6478,,,4.9815
000881,中广核技,化工原料,辽宁,19980902,000881.SZ,20220914,8.09,8.19,8.0,8.07,8.25,-0.18,-2.1818,68668.99,55330.973,0.8849,1.4387,1.17,43.1725,44.5789,1.2263,0.9538,0.8497,0.4089,0.4337,94542.5815,77599.4673,47731.0859,762958.6327,626227.7011,,,4.9815
000881,中广核技,化工原料,辽宁,19980902,000881.SZ,20220913,8.22,8.33,8.18,8.25,8.2,0.05,0.6098,56930.01,46930.602,0.7336,1.1927,0.99,44.1355,45.5732,1.2537,0.9751,0.8686,0.4,0.4242,94542.5815,77599.4673,47731.0859,779976.2974,640195.6052,,,4.9815
000881,中广核技,化工原料,辽宁,19980902,000881.SZ,20220909,8.3,8.35,8.17,8.2,8.33,-0.13,-1.5606,59749.0,49120.191,0.77,1.2518,1.09,43.868,45.297,1.2461,0.9692,0.8633,0.4024,0.4268,94542.5815,77599.4673,47731.0859,775249.1683,636315.6319,,,4.9815
000881,中广核技,化工原料,辽宁,19980902,000881.SZ,20220908,8.25,8.45,8.21,8.33,8.21,0.12,1.4616,80801.84,67450.837,1.0413,1.6929,1.63,44.5634,46.0152,1.2659,0.9846,0.877,0.3962,0.4202,94542.5815,77599.4673,47731.0859,787539.7039,646403.5626,8.99,7.35,4.9815
000881,中广核技,化工原料,辽宁,19980902,000881.SZ,20220907,8.26,8.27,8.17,8.21,8.27,-0.06,-0.7255,38601.75,31672.625,0.4974,0.8087,0.68,43.9215,45.3523,1.2476,0.9704,0.8644,0.4019,0.4263,94542.5815,77599.4673,47731.0859,776194.5941,637091.6265,,,4.9815
000881,中广核技,化工原料,辽宁,19980902,000881.SZ,20220906,8.22,8.28,8.15,8.27,8.24,0.03,0.3641,56253.67,46300.31,0.7249,1.1786,1.01,44.2425,45.6837,1.2567,0.9775,0.8707,0.399,0.4232,94542.5815,77599.4673,47731.0859,781867.149,641747.5946,9.08,7.43,4.9815
000881,中广核技,化工原料,辽宁,19980902,000881.SZ,20220905,8.11,8.33,8.07,8.24,8.11,0.13,1.603,51100.05,41907.98,0.6585,1.0706,0.88,44.082,45.518,1.2522,0.9739,0.8676,0.4005,0.4248,94542.5815,77599.4673,47731.0859,779030.8716,639419.6106,,,4.9815
000881,中广核技,化工原料,辽宁,19980902,000881.SZ,20220902,8.1,8.13,8.05,8.11,8.09,0.02,0.2472,46297.8,37441.09,0.5966,0.97,0.79,43.3865,44.7999,1.2324,0.9586,0.8539,0.4069,0.4316,94542.5815,77599.4673,47731.0859,766740.336,629331.6798,,,4.9815
000881,中广核技,化工原料,辽宁,19980902,000881.SZ,20220901,8.15,8.23,8.04,8.09,8.17,-0.08,-0.9792,55436.02,45059.343,0.7144,1.1614,0.93,43.2795,44.6894,1.2294,0.9562,0.8518,0.4079,0.4326,94542.5815,77599.4673,47731.0859,764849.4843,627779.6905,9.03,7.39,4.9815
000881,中广核技,化工原料,辽宁,19980902,000881.SZ,20220831,8.38,8.42,8.14,8.17,8.37,-0.2,-2.3895,73726.6,60556.71,0.9501,1.5446,1.23,43.7075,45.1313,1.2415,0.9657,0.8602,0.4039,0.4284,94542.5815,77599.4673,47731.0859,772412.8909,633987.6478,,,4.9815
000881,中广核技,化工原料,辽宁,19980902,000881.SZ,20220830,8.38,8.49,8.33,8.37,8.4,-0.03,-0.3571,51742.6,43462.244,0.6668,1.084,0.87,44.7774,46.2361,1.2719,0.9893,0.8812,0.3943,0.4182,94542.5815,77599.4673,47731.0859,791321.4072,649507.5413,,,4.9815
000881,中广核技,化工原料,辽宁,19980902,000881.SZ,20220829,8.25,8.4,8.12,8.4,8.35,0.05,0.5988,64200.14,53116.623,0.8273,1.345,1.09,44.9379,46.4019,1.2765,0.9928,0.8844,0.3929,0.4167,94542.5815,77599.4673,47731.0859,794157.6846,651835.5253,,,4.9815
000881,中广核技,化工原料,辽宁,19980902,000881.SZ,20220826,8.3,8.5,8.27,8.35,8.3,0.05,0.6024,47081.15,39389.933,0.6067,0.9864,0.81,44.6704,41.2389,1.2932,0.9869,0.9253,0.3952,0.4192,94542.5815,77599.4673,47731.0859,789430.5555,647955.552,,,4.9815
000881,中广核技,化工原料,辽宁,19980902,000881.SZ,20220825,8.4,8.44,8.22,8.3,8.36,-0.06,-0.7177,61580.92,51087.91,0.7936,1.2902,1.12,44.403,40.992,1.2855,0.981,0.9198,0.3976,0.4217,94542.5815,77599.4673,47731.0859,784703.4265,644075.5786,,,4.9815
000881,中广核技,化工原料,辽宁,19980902,000881.SZ,20220824,8.66,8.7,8.34,8.36,8.66,-0.3,-3.4642,73906.74,62600.401,0.9524,1.5484,1.55,44.7239,41.2883,1.2947,0.9881,0.9264,0.3947,0.4187,94542.5815,77599.4673,47731.0859,790375.9813,648731.5466,,,4.9815
000881,中广核技,化工原料,辽宁,19980902,000881.SZ,20220823,8.68,8.77,8.61,8.66,8.74,-0.08,-0.9153,51766.0,44915.913,0.6671,1.0845,1.13,46.3289,42.7699,1.3412,1.0236,0.9597,0.3811,0.4042,94542.5815,77599.4673,47731.0859,818738.7558,672011.3868,,,4.9815
000881,中广核技,化工原料,辽宁,19980902,000881.SZ,20220822,8.53,8.75,8.5,8.74,8.58,0.16,1.8648,60911.0,52851.071,0.7849,1.2761,1.47,46.7568,43.165,1.3536,1.033,0.9685,0.3776,0.4005,94542.5815,77599.4673,47731.0859,826302.1623,678219.3442,,,4.9815
000881,中广核技,化工原料,辽宁,19980902,000881.SZ,20220819,8.65,8.68,8.57,8.58,8.65,-0.07,-0.8092,41766.0,36020.9,0.5382,0.875,1.02,45.9009,42.3748,1.3288,1.0141,0.9508,0.3846,0.4079,94542.5815,77599.4673,47731.0859,811175.3493,665803.4294,9.13,7.47,4.9815
000881,中广核技,化工原料,辽宁,19980902,000881.SZ,20220818,8.67,8.76,8.61,8.65,8.68,-0.03,-0.3456,47020.0,40805.448,0.6059,0.9851,1.11,46.2754,42.7206,1.3397,1.0224,0.9586,0.3815,0.4046,94542.5815,77599.4673,47731.0859,817793.33,671235.3921,,,4.9815
000881,中广核技,化工原料,辽宁,19980902,000881.SZ,20220817,8.66,8.68,8.57,8.68,8.66,0.02,0.2309,37126.0,32077.823,0.4784,0.7778,0.86,46.4359,42.8687,1.3443,1.0259,0.9619,0.3802,0.4032,94542.5815,77599.4673,47731.0859,820629.6074,673563.3762,9.53,7.79,4.9815
000881,中广核技,化工原料,辽宁,19980902,000881.SZ,20220816,8.64,8.67,8.58,8.66,8.58,0.08,0.9324,42124.0,36357.267,0.5428,0.8825,1.01,46.3289,42.7699,1.3412,1.0236,0.9597,0.3811,0.4042,94542.5815,77599.4673,47731.0859,818738.7558,672011.3868,,,4.9815
000881,中广核技,化工原料,辽宁,19980902,000881.SZ,20220815,8.49,8.59,8.44,8.58,8.55,0.03,0.3509,38770.28,33025.217,0.4996,0.8123,0.94,45.9009,42.3748,1.3288,1.0141,0.9508,0.3846,0.4079,94542.5815,77599.4673,47731.0859,811175.3493,665803.4294,9.44,7.72,4.9815
000881,中广核技,化工原料,辽宁,19980902,000881.SZ,20220812,8.5,8.61,8.49,8.55,8.55,0.0,0.0,39685.01,33974.067,0.5114,0.8314,0.96,45.7404,42.2267,1.3242,1.0106,0.9475,0.386,0.4094,94542.5815,77599.4673,47731.0859,808339.0718,663475.4454,,,4.9815
000881,中广核技,化工原料,辽宁,19980902,000881.SZ,20220811,8.4,8.57,8.4,8.55,8.39,0.16,1.907,54908.9,46661.763,0.7076,1.1504,1.39,45.7404,42.2267,1.3242,1.0106,0.9475,0.386,0.4094,94542.5815,77599.4673,47731.0859,808339.0718,663475.4454,,,4.9815
000881,中广核技,化工原料,辽宁,19980902,000881.SZ,20220810,8.39,8.42,8.34,8.39,8.4,-0.01,-0.119,40873.55,34243.589,0.5267,0.8563,0.94,44.8844,41.4365,1.2994,0.9917,0.9297,0.3933,0.4172,94542.5815,77599.4673,47731.0859,793212.2588,651059.5306,,,4.9815
000881,中广核技,化工原料,辽宁,19980902,000881.SZ,20220809,8.38,8.42,8.34,8.4,8.42,-0.02,-0.2375,33874.0,28377.407,0.4365,0.7097,0.59,44.9379,41.4859,1.3009,0.9928,0.9308,0.3929,0.4167,94542.5815,77599.4673,47731.0859,794157.6846,651835.5253,,,4.9815
000881,中广核技,化工原料,辽宁,19980902,000881.SZ,20220808,8.4,8.44,8.29,8.42,8.4,0.02,0.2381,37310.0,31285.883,0.4808,0.7817,0.64,45.0449,41.5846,1.304,0.9952,0.9331,0.3919,0.4157,94542.5815,77599.4673,47731.0859,796048.5362,653387.5147,,,4.9815
000881,中广核技,化工原料,辽宁,19980902,000881.SZ,20220805,8.32,8.42,8.23,8.4,8.28,0.12,1.4493,40123.83,33403.861,0.5171,0.8406,0.67,44.9379,41.4859,1.3009,0.9928,0.9308,0.3929,0.4167,94542.5815,77599.4673,47731.0859,794157.6846,651835.5253,,,4.9815
000881,中广核技,化工原料,辽宁,19980902,000881.SZ,20220804,8.24,8.35,8.16,8.28,8.14,0.14,1.7199,44800.26,36938.697,0.5773,0.9386,0.75,44.296,40.8932,1.2824,0.9787,0.9176,0.3986,0.4227,94542.5815,77599.4673,47731.0859,782812.5748,642523.5892,,,4.9815
000881,中广核技,化工原料,辽宁,19980902,000881.SZ,20220803,8.3,8.48,8.13,8.14,8.26,-0.12,-1.4528,61304.06,51048.237,0.79,1.2844,1.12,43.547,40.2018,1.2607,0.9621,0.902,0.4054,0.43,94542.5815,77599.4673,47731.0859,769576.6134,631659.6638,,,4.9815
000881,中广核技,化工原料,辽宁,19980902,000881.SZ,20220802,8.6,8.68,8.13,8.26,8.66,-0.4,-4.6189,102681.84,85317.477,1.3232,2.1513,2.45,44.189,40.7944,1.2793,0.9763,0.9153,0.3995,0.4237,94542.5815,77599.4673,47731.0859,780921.7232,640971.5999,,,4.9815
000881,中广核技,化工原料,辽宁,19980902,000881.SZ,20220801,8.61,8.69,8.59,8.66,8.64,0.02,0.2315,40649.87,35109.691,0.5238,0.8516,0.87,46.3289,42.7699,1.3412,1.0236,0.9597,0.3811,0.4042,94542.5815,77599.4673,47731.0859,818738.7558,672011.3868,,,4.9815
000881,中广核技,化工原料,辽宁,19980902,000881.SZ,20220729,8.77,8.8,8.61,8.64,8.71,-0.07,-0.8037,49125.06,42692.586,0.6331,1.0292,0.96,46.2219,42.6712,1.3381,1.0212,0.9574,0.3819,0.4051,94542.5815,77599.4673,47731.0859,816847.9042,670459.3975,9.11,7.45,4.9815
000881,中广核技,化工原料,辽宁,19980902,000881.SZ,20220728,8.67,8.77,8.66,8.71,8.67,0.04,0.4614,43311.0,37779.959,0.5581,0.9074,0.82,46.5964,43.0169,1.349,1.0295,0.9652,0.3789,0.4018,94542.5815,77599.4673,47731.0859,823465.8849,675891.3602,,,4.9815
000881,中广核技,化工原料,辽宁,19980902,000881.SZ,20220727,8.67,8.77,8.62,8.67,8.7,-0.03,-0.3448,38879.0,33711.854,0.501,0.8145,0.66,46.3824,42.8193,1.3428,1.0248,0.9608,0.3806,0.4037,94542.5815,77599.4673,47731.0859,819684.1816,672787.3815,9.09,7.43,4.9815
000881,中广核技,化工原料,辽宁,19980902,000881.SZ,20220726,8.66,8.74,8.6,8.7,8.67,0.03,0.346,37982.01,32962.645,0.4895,0.7957,0.6,46.5429,42.9675,1.3474,1.0283,0.9641,0.3793,0.4023,94542.5815,77599.4673,47731.0859,822520.4591,675115.3655,9.53,7.79,4.9815
000881,中广核技,化工原料,辽宁,19980902,000881.SZ,20220725,8.8,8.93,8.62,8.67,8.86,-0.19,-2.1445,65475.36,57418.347,0.8438,1.3718,1.01,46.3824,42.8193,1.3428,1.0248,0.9608,0.3806,0.4037,94542.5815,77599.4673,47731.0859,819684.1816,672787.3815,,,4.9815
000881,中广核技,化工原料,辽宁,19980902,000881.SZ,20220722,8.84,8.97,8.77,8.86,8.83,0.03,0.3398,69353.2,61508.241,0.8937,1.453,1.01,47.3988,43.7577,1.3722,1.0472,0.9818,0.3725,0.395,94542.5815,77599.4673,47731.0859,837647.2721,687531.2803,,,4.9815
000881,中广核技,化工原料,辽宁,19980902,000881.SZ,20220721,8.86,8.93,8.79,8.83,8.91,-0.08,-0.8979,52955.28,46854.225,0.6867,1.1207,0.77,47.2383,43.6095,1.3675,1.0437,0.9785,0.3737,0.3964,94542.5815,77118.7609,47250.3795,834810.9946,680958.6587,,,4.9815
000881,中广核技,化工原料,辽宁,19980902,000881.SZ,20220720,8.87,8.91,8.75,8.91,8.87,0.04,0.451,67985.93,60092.377,0.8816,1.4388,0.94,47.6663,44.0046,1.3799,1.0531,0.9874,0.3704,0.3928,94542.5815,77118.7609,47250.3795,842374.4012,687128.1596,,,4.9815
000881,中广核技,化工原料,辽宁,19980902,000881.SZ,20220719,8.8,8.9,8.72,8.87,8.79,0.08,0.9101,62154.4,54825.187,0.806,1.3154,0.82,47.4523,43.8071,1.3737,1.0484,0.9829,0.372,0.3946,94542.5815,77118.7609,47250.3795,838592.6979,684043.4092,,,4.9815
000881,中广核技,化工原料,辽宁,19980902,000881.SZ,20220718,8.5,8.79,8.5,8.79,8.55,0.24,2.807,72203.13,62850.526,0.9363,1.5281,0.97,47.0243,43.412,1.3613,1.0389,0.9741,0.3754,0.3982,94542.5815,77118.7609,47250.3795,831029.2914,677873.9083,,,4.9815
000881,中广核技,化工原料,辽宁,19980902,000881.SZ,20220715,8.78,8.81,8.55,8.55,8.85,-0.3,-3.3898,89338.09,77182.169,1.1584,1.8907,1.31,45.7404,42.2267,1.3242,1.0106,0.9475,0.386,0.4094,94542.5815,77118.7609,47250.3795,808339.0718,659365.4057,9.71,7.95,4.9815
000881,中广核技,化工原料,辽宁,19980902,000881.SZ,20220714,8.84,8.92,8.82,8.85,8.88,-0.03,-0.3378,51783.53,45893.129,0.6715,1.0959,0.73,47.3453,43.7083,1.3706,1.046,0.9807,0.3729,0.3955,94542.5815,77118.7609,47250.3795,836701.8463,682501.034,9.8,8.02,4.9815
000881,中广核技,化工原料,辽宁,19980902,000881.SZ,20220713,8.62,8.89,8.62,8.88,8.6,0.28,3.2558,87928.46,77433.29,1.1402,1.8609,1.29,47.5058,43.8565,1.3753,1.0496,0.984,0.3716,0.3941,94542.5815,77118.7609,47250.3795,839538.1237,684814.5968,,,4.9815
000881,中广核技,化工原料,辽宁,19980902,000881.SZ,20220712,8.79,8.85,8.57,8.6,8.84,-0.24,-2.7149,76033.0,66200.147,0.9859,1.6092,0.93,46.0079,42.4736,1.3319,1.0165,0.953,0.3837,0.407,94542.5815,77118.7609,47250.3795,813066.2009,663221.3437,,,4.9815
000881,中广核技,化工原料,辽宁,19980902,000881.SZ,20220711,8.74,8.94,8.69,8.84,8.79,0.05,0.5688,68511.0,60407.231,0.8884,1.45,0.66,47.2918,43.6589,1.3691,1.0448,0.9796,0.3733,0.3959,94542.5815,77118.7609,47250.3795,835756.4205,681729.8464,,,4.9815
000881,中广核技,化工原料,辽宁,19980902,000881.SZ,20220708,8.88,8.91,8.77,8.79,8.84,-0.05,-0.5656,57283.13,50581.061,0.7428,1.2123,0.4,47.0243,43.412,1.3613,1.0389,0.9741,0.3754,0.3982,94542.5815,77118.7609,47250.3795,831029.2914,677873.9083,9.74,7.97,4.9815
000881,中广核技,化工原料,辽宁,19980902,000881.SZ,20220707,8.69,8.92,8.68,8.84,8.73,0.11,1.26,64423.93,56755.726,0.8354,1.3635,0.4,47.2918,43.6589,1.3691,1.0448,0.9796,0.3733,0.3959,94542.5815,77118.7609,47250.3795,835756.4205,681729.8464,,,4.9815
000881,中广核技,化工原料,辽宁,19980902,000881.SZ,20220706,8.91,8.95,8.65,8.73,8.9,-0.17,-1.9101,75149.21,65927.9,0.9745,1.5904,0.47,46.7034,43.1157,1.3521,1.0318,0.9674,0.378,0.4009,94542.5815,77118.7609,47250.3795,825356.7365,673246.7827,,,4.9815
000881,中广核技,化工原料,辽宁,19980902,000881.SZ,20220705,9.11,9.18,8.78,8.9,9.14,-0.24,-2.6258,141855.9,126594.143,1.8394,3.0022,0.97,47.6128,43.9553,1.3784,1.0519,0.9863,0.3708,0.3933,94542.5815,77118.7609,47250.3795,841428.9754,686356.972,,,4.9815
000881,中广核技,化工原料,辽宁,19980902,000881.SZ,20220704,9.24,9.39,9.0,9.14,9.13,0.01,0.1095,179724.92,165153.138,2.3305,3.8037,1.45,48.8967,45.1406,1.4155,1.0803,1.0129,0.3611,0.3829,94542.5815,77118.7609,47250.3795,864119.1949,704865.4746,,,4.9815
000881,中广核技,化工原料,辽宁,19980902,000881.SZ,20220701,9.56,9.75,9.08,9.13,9.02,0.11,1.2195,250761.62,235051.362,3.2516,5.3071,2.76,48.8433,45.0912,1.414,1.0791,1.0117,0.3614,0.3834,94542.5815,77118.7609,47250.3795,863173.7691,704094.287,,,4.9815
000881,中广核技,化工原料,辽宁,19980902,000881.SZ,20220627,8.76,9.26,8.75,9.05,8.8,0.25,2.8409,159218.57,143503.431,2.0646,3.3697,2.27,48.4153,44.6961,1.3941,1.0697,1.0029,0.3646,0.3646,94542.5815,77118.7609,47250.3795,855610.3626,697924.7861,,,4.9815
000881,中广核技,化工原料,辽宁,19980902,000881.SZ,20220624,8.77,8.85,8.73,8.8,8.77,0.03,0.3421,63220.97,55486.89,0.8198,1.338,0.88,47.0778,43.4614,1.3555,1.0401,0.9752,0.375,0.375,94542.5815,77118.7609,47250.3795,831974.7172,678645.0959,,,4.9815
000881,中广核技,化工原料,辽宁,19980902,000881.SZ,20220623,8.66,8.77,8.53,8.77,8.66,0.11,1.2702,75782.64,65543.309,0.9827,1.6039,0.96,46.9173,43.3132,1.3509,1.0366,0.9719,0.3763,0.3763,94542.5815,77118.7609,47250.3795,829138.4398,676331.5331,,,4.9815
000881,中广核技,化工原料,辽宁,19980902,000881.SZ,20220622,8.75,8.84,8.66,8.66,8.75,-0.09,-1.0286,70835.73,62046.307,0.9185,1.4992,0.86,46.3289,42.7699,1.334,1.0236,0.9597,0.3811,0.3811,94542.5815,77118.7609,47250.3795,818738.7558,667848.4694,,,4.9815
000881,中广核技,化工原料,辽宁,19980902,000881.SZ,20220621,8.79,8.94,8.68,8.75,8.79,-0.04,-0.4551,84892.01,74730.567,1.1008,1.7966,1.04,46.8103,43.2144,1.3478,1.0342,0.9696,0.3771,0.3771,94542.5815,77118.7609,47250.3795,827247.5881,674789.1579,,,4.9815
000881,中广核技,化工原料,辽宁,19980902,000881.SZ,20220620,8.69,8.84,8.67,8.79,8.72,0.07,0.8028,55886.3,49007.753,0.7247,1.1828,0.67,47.0243,43.412,1.354,1.0389,0.9741,0.3754,0.3754,94542.5815,77118.7609,47250.3795,831029.2914,677873.9083,,,4.9815
000881,中广核技,化工原料,辽宁,19980902,000881.SZ,20220617,8.77,8.77,8.58,8.72,8.77,-0.05,-0.5701,70199.64,60976.87,0.9103,1.4857,0.85,46.6499,43.0663,1.3432,1.0307,0.9663,0.3784,0.3784,94542.5815,77118.7609,47250.3795,824411.3107,672475.595,,,4.9815
000881,中广核技,化工原料,辽宁,19980902,000881.SZ,20220616,8.8,8.99,8.65,8.77,8.68,0.09,1.0369,113575.02,100619.989,1.4727,2.4037,1.55,46.9173,43.3132,1.3509,1.0366,0.9719,0.3763,0.3763,94542.5815,77118.7609,47250.3795,829138.4398,676331.5331,,,4.965
000881,中广核技,化工原料,辽宁,19980902,000881.SZ,20220615,8.69,8.81,8.6,8.68,8.72,-0.04,-0.4587,87763.0,76423.139,1.138,1.8574,1.2,46.4359,42.8687,1.3371,1.0259,0.9619,0.3802,0.3802,94542.5815,77118.7609,47250.3795,820629.6074,669390.8446,,,4.965
000881,中广核技,化工原料,辽宁,19980902,000881.SZ,20220614,8.6,8.73,8.36,8.72,8.65,0.07,0.8092,80236.66,68441.579,1.0404,1.6981,1.11,46.6499,43.0663,1.3432,1.0307,0.9663,0.3784,0.3784,94542.5815,77118.7609,47250.3795,824411.3107,672475.595,,,4.965
000881,中广核技,化工原料,辽宁,19980902,000881.SZ,20220613,8.59,8.72,8.56,8.65,8.73,-0.08,-0.9164,64374.0,55688.003,0.8347,1.3624,0.82,46.2754,42.7206,1.3324,1.0224,0.9586,0.3815,0.3815,94542.5815,77118.7609,47250.3795,817793.33,667077.2818,,,4.965
000881,中广核技,化工原料,辽宁,19980902,000881.SZ,20220610,8.55,8.73,8.49,8.73,8.6,0.13,1.5116,68435.73,59165.522,0.8874,1.4484,0.86,46.7034,43.1157,1.3448,1.0318,0.9674,0.378,0.378,94542.5815,77118.7609,47250.3795,825356.7365,673246.7827,,,4.965
000881,中广核技,化工原料,辽宁,19980902,000881.SZ,20220609,8.85,8.85,8.54,8.6,8.76,-0.16,-1.8265,65752.8,56926.185,0.8526,1.3916,0.81,46.0079,42.4736,1.3247,1.0165,0.953,0.3837,0.3837,94542.5815,77118.7609,47250.3795,813066.2009,663221.3437,9.67,7.91,4.965
000881,中广核技,化工原料,辽宁,19980902,000881.SZ,20220608,8.79,9.02,8.62,8.76,8.77,-0.01,-0.114,87507.7,76917.209,1.1347,1.852,1.0,46.8638,43.2638,1.3494,1.0354,0.9707,0.3767,0.3767,94542.5815,77118.7609,47250.3795,828193.0139,675560.3455,,,4.965
000881,中广核技,化工原料,辽宁,19980902,000881.SZ,20220607,8.88,8.91,8.64,8.77,8.85,-0.08,-0.904,74146.01,64870.602,0.9615,1.5692,0.65,46.9173,43.3132,1.3509,1.0366,0.9719,0.3763,0.3763,94542.5815,77118.7609,47250.3795,829138.4398,676331.5331,,,4.965
000881,中广核技,化工原料,辽宁,19980902,000881.SZ,20220606,8.74,8.99,8.71,8.85,8.75,0.1,1.1429,95865.89,84694.873,1.2431,2.0289,0.88,47.3453,43.7083,1.3632,1.046,0.9807,0.3729,0.3729,94542.5815,77118.7609,47250.3795,836701.8463,682501.034,,,4.965
000881,中广核技,化工原料,辽宁,19980902,000881.SZ,20220602,8.65,8.76,8.64,8.75,8.69,0.06,0.6904,74701.92,65071.023,0.9687,1.581,0.7,46.8103,43.2144,1.3478,1.0342,0.9696,0.3771,0.3771,94542.5815,77118.7609,47250.3795,827247.5881,674789.1579,9.59,7.85,4.965
000881,中广核技,化工原料,辽宁,19980902,000881.SZ,20220601,8.67,8.77,8.6,8.69,8.69,0.0,0.0,73828.73,64073.781,0.9573,1.5625,0.72,46.4894,42.9181,1.3386,1.0271,0.963,0.3797,0.3797,94542.5815,77118.7609,47250.3795,821575.0332,670162.0322,9.52,7.79,4.965
000881,中广核技,化工原料,辽宁,19980902,000881.SZ,20220531,8.74,8.8,8.6,8.69,8.84,-0.15,-1.6968,116832.54,101383.047,1.515,2.4726,1.2,46.4894,42.9181,1.3386,1.0271,0.963,0.3797,0.3797,94542.5815,77118.7609,47250.3795,821575.0332,670162.0322,,,4.965
000881,中广核技,化工原料,辽宁,19980902,000881.SZ,20220530,8.43,9.14,8.43,8.84,8.32,0.52,6.25,207055.26,182764.673,2.6849,4.3821,2.96,47.2918,43.6589,1.3617,1.0448,0.9796,0.3733,0.3733,94542.5815,77118.7609,47250.3795,835756.4205,681729.8464,,,4.965
000881,中广核技,化工原料,辽宁,19980902,000881.SZ,20220527,8.23,8.37,8.18,8.32,8.25,0.07,0.8485,73224.98,60706.993,0.9495,1.5497,0.95,44.51,41.0908,1.2816,0.9834,0.922,0.3966,0.3966,94542.5815,77118.7609,47250.3795,786594.2781,641628.0907,,,4.965
000881,中广核技,化工原料,辽宁,19980902,000881.SZ,20220526,8.23,8.31,8.04,8.25,8.23,0.02,0.243,64745.02,52998.517,0.8395,1.3703,0.8,44.1355,40.745,1.2708,0.9751,0.9142,0.4,0.4,94542.5815,77118.7609,47250.3795,779976.2974,636229.7774,,,4.965
000881,中广核技,化工原料,辽宁,19980902,000881.SZ,20220525,8.11,8.23,8.11,8.23,8.08,0.15,1.8564,49989.04,40877.297,0.6482,1.058,0.57,44.0285,40.6463,1.2677,0.9727,0.912,0.401,0.401,94542.5815,77118.7609,47250.3795,778085.4457,634687.4022,9.74,7.97,4.965
000881,中广核技,化工原料,辽宁,19980902,000881.SZ,20220524,8.52,8.55,8.04,8.08,8.51,-0.43,-5.0529,90638.84,75121.596,1.1753,1.9183,1.08,43.226,39.9054,1.2446,0.955,0.8954,0.4084,0.4084,94542.5815,77118.7609,47250.3795,763904.0585,623119.5881,,,4.965
000881,中广核技,化工原料,辽宁,19980902,000881.SZ,20220523,8.37,8.51,8.35,8.51,8.41,0.1,1.1891,70707.27,59716.058,0.9169,1.4964,0.83,45.5264,42.0291,1.3109,1.0058,0.943,0.3878,0.3878,94542.5815,77118.7609,47250.3795,804557.3686,656280.6553,,,4.965
000881,中广核技,化工原料,辽宁,19980902,000881.SZ,20220520,8.23,8.46,8.23,8.41,8.22,0.19,2.3114,107495.9,89947.514,1.3939,2.275,1.41,44.9914,41.5352,1.2955,0.994,0.932,0.3924,0.3924,94542.5815,77118.7609,47250.3795,795103.1104,648568.7792,,,4.965
000881,中广核技,化工原料,辽宁,19980902,000881.SZ,20220519,8.01,8.3,7.95,8.22,8.12,0.1,1.2315,85271.68,69496.072,1.1057,1.8047,1.1,43.975,40.5969,1.2662,0.9716,0.9109,0.4015,0.4015,94542.5815,77118.7609,47250.3795,777140.0199,633916.2146,9.72,7.96,4.965
000881,中广核技,化工原料,辽宁,19980902,000881.SZ,20220518,8.06,8.23,8.02,8.12,8.0,0.12,1.5,85448.15,69631.24,1.108,1.8084,1.05,43.44,40.103,1.2508,0.9597,0.8998,0.4064,0.4064,94542.5815,77118.7609,47250.3795,767685.7618,626204.3385,,,4.965
000881,中广核技,化工原料,辽宁,19980902,000881.SZ,20220517,8.05,8.06,7.87,8.0,8.05,-0.05,-0.6211,72457.18,57581.342,0.9396,1.5335,0.84,42.798,39.5103,1.2323,0.9456,0.8865,0.4125,0.4125,94542.5815,77118.7609,47250.3795,756340.652,616950.0872,,,4.965
000881,中广核技,化工原料,辽宁,19980902,000881.SZ,20220516,8.09,8.18,8.02,8.05,8.05,0.0,0.0,74072.06,59943.168,0.9605,1.5677,0.86,43.0655,39.7573,1.24,0.9515,0.8921,0.4099,0.4099,94542.5815,77118.7609,47250.3795,761067.7811,620806.0252,,,4.965
000881,中广核技,化工原料,辽宁,19980902,000881.SZ,20220513,8.13,8.13,7.96,8.05,8.1,-0.05,-0.6173,64607.0,51884.09,0.8378,1.3673,0.72,43.0655,39.7573,1.24,0.9515,0.8921,0.4099,0.4099,94542.5815,77118.7609,47250.3795,761067.7811,620806.0252,8.89,7.27,4.965
000881,中广核技,化工原料,辽宁,19980902,000881.SZ,20220512,8.03,8.2,7.87,8.1,8.03,0.07,0.8717,91033.65,72968.614,1.1804,1.9266,1.0,43.333,40.0042,1.2477,0.9574,0.8976,0.4074,0.4074,94542.5815,77118.7609,47250.3795,765794.9102,624661.9633,,,4.965
000881,中广核技,化工原料,辽宁,19980902,000881.SZ,20220511,8.09,8.29,8.02,8.03,8.09,-0.06,-0.7417,102813.43,84088.909,1.3332,2.1759,1.15,42.9585,39.6585,1.2369,0.9491,0.8898,0.411,0.411,94542.5815,77118.7609,47250.3795,759176.9294,619263.65,,,4.965
000881,中广核技,化工原料,辽宁,19980902,000881.SZ,20220510,7.96,8.18,7.9,8.09,8.13,-0.04,-0.492,97434.58,78357.017,1.2634,2.0621,0.97,43.2795,39.9548,1.2462,0.9562,0.8965,0.4079,0.4079,94542.5815,77118.7609,47250.3795,764849.4843,623890.7757,,,4.965
000881,中广核技,化工原料,辽宁,19980902,000881.SZ,20220509,8.15,8.18,8.02,8.13,8.22,-0.09,-1.0949,75297.14,61007.642,0.9764,1.5936,0.65,43.4935,40.1524,1.2523,0.9609,0.9009,0.4059,0.4059,94542.5815,77118.7609,47250.3795,768631.1876,626975.5261,,,4.965
000881,中广核技,化工原料,辽宁,19980902,000881.SZ,20220506,8.01,8.24,7.93,8.22,8.21,0.01,0.1218,82343.48,66271.779,1.0677,1.7427,0.56,43.975,40.5969,1.2662,0.9716,0.9109,0.4015,0.4015,94542.5815,77118.7609,47250.3795,777140.0199,633916.2146,,,4.965
000881,中广核技,化工原料,辽宁,19980902,000881.SZ,20220505,8.27,8.35,8.18,8.21,8.3,-0.09,-1.0843,97062.0,80021.901,1.2586,2.0542,0.53,43.9215,40.5475,1.2647,0.9704,0.9098,0.4019,0.4019,94542.5815,77118.7609,47250.3795,776194.5941,633145.027,,,4.965
000881,中广核技,化工原料,辽宁,19980902,000881.SZ,20220429,8.28,8.34,8.1,8.3,8.13,0.17,2.091,96608.1,79634.774,1.2527,2.0446,0.47,28.9427,35.4001,1.2785,1.1797,1.0619,0.3976,0.3976,94542.5815,77118.7609,47250.3795,784703.4265,640085.7155,,,4.965
000881,中广核技,化工原料,辽宁,19980902,000881.SZ,20220428,8.04,8.27,7.85,8.13,7.95,0.18,2.2642,150020.31,122130.605,1.9453,3.175,0.64,28.3499,34.675,1.2523,1.1555,1.0402,0.4059,0.4059,94542.5815,77118.7609,47250.3795,768631.1876,626975.5261,,,4.965
000881,中广核技,化工原料,辽宁,19980902,000881.SZ,20220427,7.56,7.99,7.29,7.95,7.66,0.29,3.7859,151627.77,116182.235,1.9662,3.209,0.62,27.7222,33.9073,1.2246,1.13,1.0172,0.4151,0.4151,94542.5815,77118.7609,47250.3795,751613.5229,613094.1492,,,4.965
000881,中广核技,化工原料,辽宁,19980902,000881.SZ,20220426,8.51,8.55,7.66,7.66,8.51,-0.85,-9.9882,245502.32,194876.641,3.1834,5.1958,0.94,26.711,32.6704,1.1799,1.0887,0.9801,0.4308,0.4308,94542.5815,77118.7609,47250.3795,724196.1743,590729.7085,8.9,7.28,4.965
000881,中广核技,化工原料,辽宁,19980902,000881.SZ,20220425,9.28,9.28,8.51,8.51,9.45,-0.94,-9.9471,272639.96,239091.661,3.5353,5.7701,0.99,29.675,36.2957,1.3108,1.2096,1.0888,0.3878,0.3878,94542.5815,77118.7609,47250.3795,804557.3686,656280.6553,,,4.965
000881,中广核技,化工原料,辽宁,19980902,000881.SZ,20220422,9.74,9.9,9.36,9.45,9.76,-0.31,-3.1762,204493.23,194486.769,2.6517,4.3279,0.73,32.9528,40.3049,1.4556,1.3432,1.2091,0.3492,0.3492,94542.5815,77118.7609,47250.3795,893427.3952,728772.2905,,,4.965
000881,中广核技,化工原料,辽宁,19980902,000881.SZ,20220421,10.5,10.55,9.71,9.76,10.29,-0.53,-5.1506,294794.3,297810.514,3.8226,6.239,1.25,34.0338,41.6271,1.5034,1.3872,1.2487,0.3381,0.3381,94542.5815,77118.7609,47250.3795,922735.5954,752679.1064,,,4.965
000881,中广核技,化工原料,辽宁,19980902,000881.SZ,20220420,10.53,10.56,10.25,10.29,10.52,-0.23,-2.1863,209179.69,216942.359,2.7124,4.427,0.95,35.882,43.8876,1.585,1.4626,1.3166,0.3207,0.3207,94542.5815,77118.7609,47250.3795,972843.1636,793552.0497,,,4.965
000881,中广核技,化工原料,辽宁,19980902,000881.SZ,20220419,10.36,10.62,10.31,10.52,10.33,0.19,1.8393,323963.3,339825.277,4.2008,6.8563,1.84,36.684,44.8685,1.6204,1.4952,1.346,0.3137,0.3137,94542.5815,77118.7609,47250.3795,994587.9574,811289.3647,,,4.965
000881,中广核技,化工原料,辽宁,19980902,000881.SZ,20220418,9.67,10.56,9.58,10.33,9.65,0.68,7.0466,351117.26,359368.597,4.5529,7.431,2.55,36.0214,44.0582,1.5912,1.4682,1.3217,0.3195,0.3195,94542.5815,77118.7609,47250.3795,976624.8669,796636.8001,,,4.965
000881,中广核技,化工原料,辽宁,19980902,000881.SZ,20220415,9.25,9.88,9.21,9.65,9.29,0.36,3.8751,212213.85,204548.81,2.7518,4.4913,1.72,33.6502,41.1579,1.4864,1.3716,1.2347,0.342,0.342,94542.5815,77118.7609,47250.3795,912335.9115,744196.0427,,,4.965
000881,中广核技,化工原料,辽宁,19980902,000881.SZ,20220414,9.25,9.45,9.24,9.29,9.22,0.07,0.7592,87367.78,81687.976,1.1329,1.849,0.59,32.3949,39.6225,1.431,1.3204,1.1886,0.3552,0.3552,94542.5815,77118.7609,47250.3795,878300.5821,716433.2888,,,4.965
000881,中广核技,化工原料,辽宁,19980902,000881.SZ,20220413,9.6,9.6,9.21,9.22,9.62,-0.4,-4.158,130092.09,121701.845,1.6869,2.7532,0.79,32.1508,39.3239,1.4202,1.3105,1.1797,0.3579,0.3579,94542.5815,77118.7609,47250.3795,871682.6014,711034.9755,,,4.965
000881,中广核技,化工原料,辽宁,19980902,000881.SZ,20220412,9.62,9.64,9.36,9.62,9.49,0.13,1.3699,101548.44,96672.837,1.3168,2.1492,0.55,33.5456,41.03,1.4818,1.3673,1.2308,0.343,0.343,94542.5815,77118.7609,47250.3795,909499.634,741882.4799,,,4.965
000881,中广核技,化工原料,辽宁,19980902,000881.SZ,20220411,9.82,9.85,9.46,9.49,9.91,-0.42,-4.2381,158271.55,152172.074,2.0523,3.3496,0.7,33.0923,40.4755,1.4618,1.3488,1.2142,0.3477,0.3477,94542.5815,77118.7609,47250.3795,897209.0984,731857.0409,,,4.965
000881,中广核技,化工原料,辽宁,19980902,000881.SZ,20220408,9.86,10.02,9.71,9.91,9.88,0.03,0.3036,139627.09,137761.863,1.8105,2.955,0.57,34.5569,42.2668,1.5265,1.4085,1.2679,0.333,0.333,94542.5815,77118.7609,47250.3795,936916.9827,764246.9205,,,4.965
000881,中广核技,化工原料,辽宁,19980902,000881.SZ,20220407,10.31,10.38,9.86,9.88,10.41,-0.53,-5.0913,209749.19,211307.516,2.7198,4.4391,0.8,34.4523,42.1389,1.5219,1.4043,1.2641,0.334,0.334,94542.5815,77118.7609,47250.3795,934080.7052,761933.3577,,,4.965
000881,中广核技,化工原料,辽宁,19980902,000881.SZ,20220406,10.3,10.56,10.23,10.41,10.24,0.17,1.6602,215409.3,223326.741,2.7932,4.5589,0.85,36.3004,44.3994,1.6035,1.4796,1.3319,0.317,0.317,94542.5815,77118.7609,47250.3795,984188.2734,802806.301,,,4.965
000881,中广核技,化工原料,辽宁,19980902,000881.SZ,20220401,10.33,10.47,10.18,10.24,10.47,-0.23,-2.1968,196630.47,202479.367,2.5497,4.1615,0.74,35.7076,43.6743,1.5773,1.4554,1.3102,0.3223,0.3223,94542.5815,77118.7609,47250.3795,968116.0346,789696.1116,,,4.965
000881,中广核技,化工原料,辽宁,19980902,000881.SZ,20220331,10.06,10.78,9.88,10.47,10.06,0.41,4.0755,362493.43,371316.319,4.7005,7.6718,1.48,36.5096,44.6553,1.6127,1.4881,1.3396,0.3152,0.3152,94542.5815,77118.7609,47250.3795,989860.8283,807433.4266,,,4.965
000881,中广核技,化工原料,辽宁,19980902,000881.SZ,20220330,10.0,10.36,10.0,10.06,10.09,-0.03,-0.2973,235033.63,238621.069,3.0477,4.9742,1.0,35.0799,42.9066,1.5496,1.4299,1.2871,0.328,0.328,94542.5815,77118.7609,47250.3795,951098.3699,775814.7347,10.58,8.66,4.965
000881,中广核技,化工原料,辽宁,19980902,000881.SZ,20220329,9.78,10.35,9.72,10.09,9.8,0.29,2.9592,302134.89,304823.254,3.9178,6.3943,1.47,35.1845,43.0346,1.5542,1.4341,1.291,0.3271,0.3271,94542.5815,77118.7609,47250.3795,953934.6473,778128.2975,,,4.965
000881,中广核技,化工原料,辽宁,19980902,000881.SZ,20220328,9.78,10.04,9.66,9.8,9.87,-0.07,-0.7092,171035.01,168652.346,2.2178,3.6198,0.8,34.1733,41.7977,1.5095,1.3929,1.2539,0.3367,0.3367,94542.5815,77118.7609,47250.3795,926517.2987,755763.8568,10.9,8.92,4.965
000881,中广核技,化工原料,辽宁,19980902,000881.SZ,20220325,9.91,10.36,9.86,9.87,10.0,-0.13,-1.3,251627.68,252891.433,3.2629,5.3254,1.21,34.4174,42.0962,1.5203,1.4029,1.2628,0.3343,0.3343,94542.5815,77118.7609,47250.3795,933135.2794,761162.1701,,,4.965
000881,中广核技,化工原料,辽宁,19980902,000881.SZ,20220324,9.75,10.14,9.55,10.0,9.83,0.17,1.7294,266091.42,263745.358,3.4504,5.6315,1.14,34.8707,42.6507,1.5403,1.4213,1.2795,0.33,0.33,94542.5815,77118.7609,47250.3795,945425.815,771187.609,,,4.965
000881,中广核技,化工原料,辽宁,19980902,000881.SZ,20220323,9.78,10.19,9.69,9.83,9.74,0.09,0.924,182694.93,181273.781,2.369,3.8665,0.7,34.2779,41.9256,1.5142,1.3972,1.2577,0.3357,0.3357,94542.5815,77118.7609,47250.3795,929353.5761,758077.4196,,,4.965
000881,中广核技,化工原料,辽宁,19980902,000881.SZ,20220322,9.9,9.95,9.7,9.74,10.0,-0.26,-2.6,153055.15,150152.652,1.9847,3.2392,0.51,33.9641,41.5418,1.5003,1.3844,1.2462,0.3388,0.3388,94542.5815,77118.7609,47250.3795,920844.7438,751136.7312,,,4.965
000881,中广核技,化工原料,辽宁,19980902,000881.SZ,20220321,9.66,10.1,9.61,10.0,9.76,0.24,2.459,220878.6,217031.631,2.8641,4.6746,0.75,34.8707,42.6507,1.5403,1.4213,1.2795,0.33,0.33,94542.5815,77118.7609,47250.3795,945425.815,771187.609,,,4.965
000881,中广核技,化工原料,辽宁,19980902,000881.SZ,20220318,9.83,9.9,9.62,9.76,9.98,-0.22,-2.2044,219802.9,214404.919,2.8502,4.6519,0.77,34.0338,41.6271,1.5034,1.3872,1.2487,0.3381,0.3381,94542.5815,77118.7609,47250.3795,922735.5954,752679.1064,,,4.965
000881,中广核技,化工原料,辽宁,19980902,000881.SZ,20220317,10.04,10.39,9.65,9.98,9.83,0.15,1.5259,391303.13,389400.016,5.074,8.2815,1.5,34.801,42.5654,1.5373,1.4185,1.2769,0.3307,0.3307,94542.5815,77118.7609,47250.3795,943534.9634,769645.2338,10.78,8.82,4.965
000881,中广核技,化工原料,辽宁,19980902,000881.SZ,20220316,9.64,9.94,9.42,9.83,9.54,0.29,3.0398,324077.89,314021.733,4.2023,6.8587,1.3,34.2779,41.9256,1.5142,1.3972,1.2577,0.3357,0.3357,94542.5815,77118.7609,47250.3795,929353.5761,758077.4196,,,4.965
000881,中广核技,化工原料,辽宁,19980902,000881.SZ,20220315,9.04,10.08,8.85,9.54,9.16,0.38,4.1485,357519.56,339212.642,4.636,7.5665,1.57,33.2667,40.6888,1.4695,1.356,1.2206,0.3459,0.3459,94542.5815,77118.7609,47250.3795,901936.2275,735712.979,11.0,9.0,4.965
000881,中广核技,化工原料,辽宁,19980902,000881.SZ,20220314,9.21,9.57,9.15,9.16,9.26,-0.1,-1.0799,173430.16,162171.797,2.2489,3.6705,0.57,31.9416,39.068,1.411,1.3019,1.172,0.3603,0.3603,94542.5815,77118.7609,47250.3795,866010.0465,706407.8498,,,4.965
000881,中广核技,化工原料,辽宁,19980902,000881.SZ,20220311,9.28,9.35,9.05,9.26,9.53,-0.27,-2.8332,179586.55,165423.758,2.3287,3.8007,0.48,32.2903,39.4945,1.4264,1.3162,1.1848,0.3564,0.3564,94542.5815,77118.7609,47250.3795,875464.3047,714119.7259,,,4.965
000881,中广核技,化工原料,辽宁,19980902,000881.SZ,20220310,9.3,9.71,9.15,9.53,9.3,0.23,2.4731,272262.12,256619.414,3.5304,5.7621,0.79,33.2318,40.6461,1.468,1.3545,1.2193,0.3463,0.3463,94542.5815,77118.7609,47250.3795,900990.8017,734941.7914,,,4.965
000881,中广核技,化工原料,辽宁,19980902,000881.SZ,20220309,9.16,9.51,8.9,9.3,9.08,0.22,2.4229,267931.79,248152.053,3.4743,5.6705,0.87,32.4298,39.6652,1.4325,1.3218,1.1899,0.3548,0.3548,94542.5815,77118.7609,47250.3795,879246.008,717204.4764,,,4.965
000881,中广核技,化工原料,辽宁,19980902,000881.SZ,20220308,9.48,9.61,9.05,9.08,9.6,-0.52,-5.4167,245852.24,227646.369,3.188,5.2032,0.91,31.6626,38.7268,1.3986,1.2906,1.1617,0.3634,0.3634,94542.5815,77118.7609,47250.3795,858446.64,700238.349,,,4.965
000881,中广核技,化工原料,辽宁,19980902,000881.SZ,20220307,10.01,10.04,9.36,9.6,10.24,-0.64,-6.25,545567.77,529729.727,7.0744,11.5463,3.17,33.4759,40.9447,1.4787,1.3645,1.2283,0.3438,0.3438,94542.5815,77118.7609,47250.3795,907608.7824,740340.1046,,,4.965
000881,中广核技,化工原料,辽宁,19980902,000881.SZ,20220304,9.7,10.24,9.7,10.24,9.31,0.93,9.9893,539990.02,551088.171,7.0021,11.4283,7.39,35.7076,43.6743,1.5773,1.4554,1.3102,0.3223,0.3223,94542.5815,77118.7609,47250.3795,968116.0346,789696.1116,,,4.965
000881,中广核技,化工原料,辽宁,19980902,000881.SZ,20220303,9.19,9.58,9.14,9.31,9.18,0.13,1.4161,126821.74,118871.75,1.6445,2.684,1.98,32.4646,39.7078,1.4341,1.3233,1.1912,0.3545,0.3545,94542.5815,77118.7609,47250.3795,880191.4338,717975.664,10.08,8.24,4.965
000881,中广核技,化工原料,辽宁,19980902,000881.SZ,20220302,9.03,9.36,8.95,9.18,9.05,0.13,1.4365,85475.0,78514.862,1.1084,1.809,1.59,32.0113,39.1533,1.414,1.3048,1.1745,0.3595,0.3595,94542.5815,77118.7609,47250.3795,867900.8982,707950.2251,,,4.965
000881,中广核技,化工原料,辽宁,19980902,000881.SZ,20220301,8.92,9.07,8.9,9.05,8.89,0.16,1.7998,56092.76,50546.306,0.7274,1.1871,1.13,31.558,38.5989,1.394,1.2863,1.1579,0.3646,0.3646,94542.5815,77118.7609,47250.3795,855610.3626,697924.7861,,,4.965
000881,中广核技,化工原料,辽宁,19980902,000881.SZ,20220228,8.81,8.91,8.7,8.89,8.84,0.05,0.5656,52358.0,46194.074,0.6789,1.1081,1.1,31.0001,37.9165,1.3694,1.2636,1.1374,0.3712,0.3712,94542.5815,77118.7609,47250.3795,840483.5495,685585.7844,,,4.965
000881,中广核技,化工原料,辽宁,19980902,000881.SZ,20220225,8.7,8.91,8.7,8.84,8.68,0.16,1.8433,44812.0,39492.792,0.5811,0.9484,0.98,30.8257,37.7032,1.3617,1.2565,1.131,0.3733,0.3733,94542.5815,77118.7609,47250.3795,835756.4205,681729.8464,,,4.965
000881,中广核技,化工原料,辽宁,19980902,000881.SZ,20220224,8.98,9.04,8.57,8.68,8.98,-0.3,-3.3408,81205.43,71285.418,1.053,1.7186,2.19,30.2678,37.0208,1.337,1.2337,1.1106,0.3802,0.3802,94542.5815,77118.7609,47250.3795,820629.6074,669390.8446,,,4.965
000881,中广核技,化工原料,辽宁,19980902,000881.SZ,20220223,8.88,8.99,8.86,8.98,8.87,0.11,1.2401,34778.65,31082.562,0.451,0.7361,0.99,31.3139,38.3003,1.3832,1.2764,1.1489,0.3675,0.3675,94542.5815,77118.7609,47250.3795,848992.3819,692526.4729,,,4.965
000881,中广核技,化工原料,辽宁,19980902,000881.SZ,20220222,8.91,8.96,8.85,8.87,9.0,-0.13,-1.4444,35165.65,31274.868,0.456,0.7442,1.07,30.9303,37.8312,1.3663,1.2607,1.1349,0.372,0.372,94542.5815,77118.7609,47250.3795,838592.6979,684043.4092,,,4.965
000881,中广核技,化工原料,辽宁,19980902,000881.SZ,20220221,8.98,9.0,8.87,9.0,8.97,0.03,0.3344,42876.0,38301.277,0.556,0.9074,1.47,31.3836,38.3856,1.3863,1.2792,1.1515,0.3667,0.3667,94542.5815,77118.7609,47250.3795,850883.2335,694068.8481,,,4.965
000881,中广核技,化工原料,辽宁,19980902,000881.SZ,20220218,8.86,9.0,8.82,8.97,8.94,0.03,0.3356,35148.7,31316.671,0.4558,0.7439,1.17,31.279,38.2577,1.3817,1.2749,1.1477,0.3679,0.3679,94542.5815,77118.7609,47250.3795,848046.9561,691755.2853,,,4.965
000881,中广核技,化工原料,辽宁,19980902,000881.SZ,20220217,9.05,9.08,8.92,8.94,9.06,-0.12,-1.3245,37265.2,33532.329,0.4832,0.7887,1.25,31.1744,38.1297,1.3771,1.2707,1.1438,0.3691,0.3691,94542.5815,77118.7609,47250.3795,845210.6786,689441.7224,,,4.965
000881,中广核技,化工原料,辽宁,19980902,000881.SZ,20220216,9.0,9.09,9.0,9.06,8.94,0.12,1.3423,24935.0,22531.905,0.3233,0.5277,0.72,31.5929,38.6415,1.3956,1.2877,1.1592,0.3642,0.3642,94542.5815,77118.7609,47250.3795,856555.7884,698695.9738,,,4.965
000881,中广核技,化工原料,辽宁,19980902,000881.SZ,20220215,8.97,9.0,8.91,8.94,8.97,-0.03,-0.3344,23864.0,21347.344,0.3094,0.5051,0.63,31.1744,38.1297,1.3771,1.2707,1.1438,0.3691,0.3691,94542.5815,77118.7609,47250.3795,845210.6786,689441.7224,,,4.965
000881,中广核技,化工原料,辽宁,19980902,000881.SZ,20220214,8.95,9.04,8.91,8.97,8.98,-0.01,-0.1114,25083.0,22516.339,0.3253,0.5309,0.62,31.279,38.2577,1.3817,1.2749,1.1477,0.3679,0.3679,94542.5815,77118.7609,47250.3795,848046.9561,691755.2853,9.88,8.08,4.965
000881,中广核技,化工原料,辽宁,19980902,000881.SZ,20220211,9.1,9.12,8.95,8.98,9.14,-0.16,-1.7505,38754.66,34940.839,0.5025,0.8202,0.96,31.3139,38.3003,1.3832,1.2764,1.1489,0.3675,0.3675,94542.5815,77118.7609,47250.3795,848992.3819,692526.4729,,,4.965
000881,中广核技,化工原料,辽宁,19980902,000881.SZ,20220210,9.16,9.19,9.08,9.14,9.17,-0.03,-0.3272,36952.08,33721.236,0.4792,0.782,0.82,31.8718,38.9827,1.4079,1.2991,1.1694,0.3611,0.3611,94542.5815,77118.7609,47250.3795,864119.1949,704865.4746,,,4.965
000881,中广核技,化工原料,辽宁,19980902,000881.SZ,20220209,9.08,9.22,9.03,9.17,9.11,0.06,0.6586,49631.07,45359.273,0.6436,1.0504,1.14,31.9764,39.1107,1.4125,1.3034,1.1733,0.3599,0.3599,94542.5815,77118.7609,47250.3795,866955.4724,707179.0375,,,4.965
000881,中广核技,化工原料,辽宁,19980902,000881.SZ,20220208,9.0,9.11,8.93,9.11,8.99,0.12,1.3348,38044.8,34426.754,0.4933,0.8052,0.65,31.7672,38.8548,1.4033,1.2948,1.1656,0.3622,0.3622,94542.5815,77118.7609,47250.3795,861282.9175,702551.9118,,,4.965
000881,中广核技,化工原料,辽宁,19980902,000881.SZ,20220207,8.94,9.07,8.91,8.99,8.82,0.17,1.9274,39858.54,35814.128,0.5168,0.8436,0.57,31.3488,38.343,1.3848,1.2778,1.1502,0.3671,0.3671,94542.5815,77118.7609,47250.3795,849937.8077,693297.6605,,,4.965
000881,中广核技,化工原料,辽宁,19980902,000881.SZ,20220128,8.76,8.88,8.6,8.82,8.7,0.12,1.3793,37908.39,33331.899,0.4916,0.8023,0.45,30.756,37.6179,1.3586,1.2536,1.1285,0.3741,0.3741,94542.5815,77118.7609,47250.3795,833865.5688,680187.4711,,,4.965
000881,中广核技,化工原料,辽宁,19980902,000881.SZ,20220127,9.0,9.01,8.7,8.7,9.0,-0.3,-3.3333,59805.31,52859.819,0.7755,1.2657,0.64,30.3375,37.1061,1.3401,1.2366,1.1131,0.3793,0.3793,94542.5815,77118.7609,47250.3795,822520.4591,670933.2198,9.87,8.07,4.965
000881,中广核技,化工原料,辽宁,19980902,000881.SZ,20220126,8.93,9.05,8.87,9.0,8.93,0.07,0.7839,42039.49,37734.527,0.5451,0.8897,0.41,31.3836,38.3856,1.3863,1.2792,1.1515,0.3667,0.3667,94542.5815,77118.7609,47250.3795,850883.2335,694068.8481,,,4.965
000881,中广核技,化工原料,辽宁,19980902,000881.SZ,20220125,9.27,9.35,8.91,8.93,9.39,-0.46,-4.8988,113244.1,102823.578,1.4684,2.3967,0.99,31.1395,38.0871,1.3755,1.2693,1.1426,0.3695,0.3695,94542.5815,77118.7609,47250.3795,844265.2528,688670.5348,,,4.965
000881,中广核技,化工原料,辽宁,19980902,000881.SZ,20220124,9.4,9.71,9.3,9.39,9.32,0.07,0.7511,98770.0,93491.979,1.2808,2.0904,0.74,32.7436,40.049,1.4464,1.3346,1.2014,0.3514,0.3514,94542.5815,77118.7609,47250.3795,887754.8403,724145.1649,,,4.965
000881,中广核技,化工原料,辽宁,19980902,000881.SZ,20220121,9.73,9.73,9.32,9.32,9.74,-0.42,-4.3121,103523.37,98256.044,1.3424,2.191,0.73,32.4995,39.7505,1.4356,1.3247,1.1925,0.3541,0.3541,94542.5815,77118.7609,47250.3795,881136.8596,718746.8516,,,4.965
000881,中广核技,化工原料,辽宁,19980902,000881.SZ,20220120,9.91,10.08,9.7,9.74,9.85,-0.11,-1.1168,110790.6,109418.495,1.4366,2.3448,0.77,33.9641,41.5418,1.5003,1.3844,1.2462,0.3388,0.3388,94542.5815,77118.7609,47250.3795,920844.7438,751136.7312,,,4.965
000881,中广核技,化工原料,辽宁,19980902,000881.SZ,20220119,9.88,9.99,9.77,9.85,9.96,-0.11,-1.1044,92476.33,91157.059,1.1991,1.9572,0.57,34.3477,42.0109,1.5172,1.4,1.2603,0.335,0.335,94542.5815,77118.7609,47250.3795,931244.4278,759619.7949,,,4.965
000881,中广核技,化工原料,辽宁,19980902,000881.SZ,20220118,10.1,10.4,9.9,9.96,10.15,-0.19,-1.8719,164161.96,165652.035,2.1287,3.4743,1.13,34.7312,42.4801,1.5342,1.4156,1.2743,0.3313,0.3313,94542.5815,77118.7609,47250.3795,941644.1117,768102.8586,,,4.965
000881,中广核技,化工原料,辽宁,19980902,000881.SZ,20220117,10.1,10.27,9.87,10.15,9.95,0.2,2.0101,194790.35,196419.236,2.5258,4.1225,1.55,35.3938,43.2905,1.5635,1.4427,1.2986,0.3251,0.3251,94542.5815,77118.7609,47250.3795,959607.2022,782755.4231,,,4.965
000881,中广核技,化工原料,辽宁,19980902,000881.SZ,20220114,9.71,10.05,9.71,9.95,9.83,0.12,1.2208,150259.26,148812.356,1.9484,3.1801,1.15,34.6964,42.4374,1.5326,1.4142,1.2731,0.3317,0.3317,94542.5815,77118.7609,47250.3795,940698.6859,767331.671,,,4.965
000881,中广核技,化工原料,辽宁,19980902,000881.SZ,20220113,10.03,10.23,9.83,9.83,10.02,-0.19,-1.8962,118448.6,117909.444,1.5359,2.5068,0.86,34.2779,41.9256,1.5142,1.3972,1.2577,0.3357,0.3357,94542.5815,77118.7609,47250.3795,929353.5761,758077.4196,,,4.965
000881,中广核技,化工原料,辽宁,19980902,000881.SZ,20220112,9.98,10.1,9.78,10.02,9.66,0.36,3.7267,189099.54,189151.531,2.4521,4.0021,1.47,34.9405,42.736,1.5434,1.4242,1.282,0.3293,0.3293,94542.5815,77118.7609,47250.3795,947316.6666,772729.9842,,,4.965
000881,中广核技,化工原料,辽宁,19980902,000881.SZ,20220111,9.74,9.82,9.64,9.66,9.73,-0.07,-0.7194,73014.84,70984.411,0.9468,1.5453,0.54,33.6851,41.2006,1.488,1.373,1.236,0.3416,0.3416,94542.5815,77118.7609,47250.3795,913281.3373,744967.2303,10.71,8.77,4.965
000881,中广核技,化工原料,辽宁,19980902,000881.SZ,20220110,9.8,9.85,9.6,9.73,9.85,-0.12,-1.2183,96700.26,93891.307,1.2539,2.0465,0.77,33.9292,41.4991,1.4988,1.383,1.2449,0.3392,0.3392,94542.5815,77118.7609,47250.3795,919899.318,750365.5436,10.84,8.87,4.965
000881,中广核技,化工原料,辽宁,19980902,000881.SZ,20220107,10.12,10.15,9.81,9.85,9.87,-0.02,-0.2026,176739.79,176689.24,2.2918,3.7405,1.76,34.3477,42.0109,1.5172,1.4,1.2603,0.335,0.335,94542.5815,77118.7609,47250.3795,931244.4278,759619.7949,,,4.965
000881,中广核技,化工原料,辽宁,19980902,000881.SZ,20220106,9.92,10.13,9.82,9.87,9.91,-0.04,-0.4036,154654.9,154253.647,2.0054,3.2731,2.01,34.4174,42.0962,1.5203,1.4029,1.2628,0.3343,0.3343,94542.5815,77118.7609,47250.3795,933135.2794,761162.1701,,,4.965
000881,中广核技,化工原料,辽宁,19980902,000881.SZ,20220105,9.76,9.99,9.71,9.91,9.79,0.12,1.2257,143258.57,141386.355,1.8576,3.0319,2.59,34.5569,42.2668,1.5265,1.4085,1.2679,0.333,0.333,94542.5815,77118.7609,47250.3795,936916.9827,764246.9205,,,4.965
000881,中广核技,化工原料,辽宁,19980902,000881.SZ,20220104,9.69,9.9,9.59,9.79,9.63,0.16,1.6615,99336.75,96859.567,1.2881,2.1023,2.15,34.1384,41.755,1.508,1.3915,1.2526,0.3371,0.3371,94542.5815,77118.7609,47250.3795,925571.8729,754992.6692,,,4.965
000881,中广核技,化工原料,辽宁,19980902,000881.SZ,20211231,9.53,9.68,9.51,9.63,9.5,0.13,1.3684,50151.13,48178.526,0.6503,1.0614,0.97,33.5805,41.0726,1.4834,1.3687,1.2321,0.2285,0.3427,94542.5815,77118.7609,47250.3795,910445.0598,742653.6675,,,4.965
000881,中广核技,化工原料,辽宁,19980902,000881.SZ,20211230,9.51,9.63,9.47,9.5,9.56,-0.06,-0.6276,55198.0,52756.52,0.7158,1.1682,0.98,33.1272,40.5182,1.4633,1.3503,1.2155,0.2316,0.3474,94542.5815,77118.7609,47250.3795,898154.5243,732628.2286,,,4.965
000881,中广核技,化工原料,辽宁,19980902,000881.SZ,20211229,9.51,9.63,9.47,9.56,9.54,0.02,0.2096,35838.84,34245.376,0.4647,0.7585,0.57,33.3364,40.7741,1.4726,1.3588,1.2232,0.2301,0.3452,94542.5815,77118.7609,47250.3795,903827.0791,737255.3542,,,4.965
000881,中广核技,化工原料,辽宁,19980902,000881.SZ,20211228,9.63,9.64,9.48,9.54,9.57,-0.03,-0.3135,36062.0,34328.41,0.4676,0.7632,0.47,33.2667,40.6888,1.4695,1.356,1.2206,0.2306,0.3459,94542.5815,77118.7609,47250.3795,901936.2275,735712.979,,,4.965
000881,中广核技,化工原料,辽宁,19980902,000881.SZ,20211227,9.48,9.72,9.38,9.57,9.49,0.08,0.843,54260.18,51964.615,0.7036,1.1484,0.67,33.3713,40.8167,1.4741,1.3602,1.2244,0.2299,0.3448,94542.5815,77118.7609,47250.3795,904772.505,738026.5418,,,4.965
000881,中广核技,化工原料,辽宁,19980902,000881.SZ,20211224,9.71,9.76,9.48,9.49,9.73,-0.24,-2.4666,77654.0,74361.846,1.0069,1.6435,0.97,33.0923,40.4755,1.4618,1.3488,1.2142,0.2318,0.3477,94542.5815,77118.7609,47250.3795,897209.0984,731857.0409,,,4.965
000881,中广核技,化工原料,辽宁,19980902,000881.SZ,20211223,9.76,9.97,9.72,9.73,9.77,-0.04,-0.4094,78792.29,77458.681,1.0217,1.6675,1.06,33.9292,41.4991,1.4988,1.383,1.2449,0.2261,0.3392,94542.5815,77118.7609,47250.3795,919899.318,750365.5436,10.77,8.81,4.965
000881,中广核技,化工原料,辽宁,19980902,000881.SZ,20211222,9.82,9.9,9.73,9.77,9.91,-0.14,-1.4127,70260.48,68734.279,0.9111,1.487,0.97,34.0687,41.6697,1.5049,1.3886,1.25,0.2252,0.3378,94542.5815,77118.7609,47250.3795,923681.0213,753450.294,,,4.965
000881,中广核技,化工原料,辽宁,19980902,000881.SZ,20211221,9.71,9.92,9.61,9.91,9.71,0.2,2.0597,99577.05,97084.955,1.2912,2.1074,1.56,34.5569,42.2668,1.5265,1.4085,1.2679,0.222,0.333,94542.5815,77118.7609,47250.3795,936916.9827,764246.9205,,,4.965
000881,中广核技,化工原料,辽宁,19980902,000881.SZ,20211220,9.6,9.76,9.55,9.71,9.63,0.08,0.8307,78882.25,76415.393,1.0229,1.6695,1.33,33.8595,41.4138,1.4957,1.3801,1.2423,0.2266,0.3399,94542.5815,77118.7609,47250.3795,918008.4664,748823.1683,,,4.965
000881,中广核技,化工原料,辽宁,19980902,000881.SZ,20211217,9.56,9.76,9.5,9.63,9.56,0.07,0.7322,71868.09,69317.267,0.9319,1.521,1.27,33.5805,41.0726,1.4834,1.3687,1.2321,0.2285,0.3427,94542.5815,77118.7609,47250.3795,910445.0598,742653.6675,10.49,8.59,4.965
000881,中广核技,化工原料,辽宁,19980902,000881.SZ,20211216,9.47,9.64,9.47,9.56,9.47,0.09,0.9504,51312.2,49041.058,0.6654,1.086,0.87,33.3364,40.7741,1.4726,1.3588,1.2232,0.2301,0.3452,94542.5815,77118.7609,47250.3795,903827.0791,737255.3542,,,4.965
000881,中广核技,化工原料,辽宁,19980902,000881.SZ,20211215,9.48,9.66,9.46,9.47,9.53,-0.06,-0.6296,60598.7,57769.314,0.7858,1.2825,1.04,33.0226,40.3902,1.4587,1.346,1.2116,0.2323,0.3485,94542.5815,77118.7609,47250.3795,895318.2468,730314.6657,10.44,8.54,4.965
000881,中广核技,化工原料,辽宁,19980902,000881.SZ,20211214,9.69,9.73,9.51,9.53,9.66,-0.13,-1.3458,56898.33,54485.248,0.7378,1.2042,0.86,33.2318,40.6461,1.468,1.3545,1.2193,0.2308,0.3463,94542.5815,77118.7609,47250.3795,900990.8017,734941.7914,,,4.965
000881,中广核技,化工原料,辽宁,19980902,000881.SZ,20211213,9.7,9.83,9.63,9.66,9.67,-0.01,-0.1034,56880.72,55218.72,0.7376,1.2038,0.78,33.6851,41.2006,1.488,1.373,1.236,0.2277,0.3416,94542.5815,77118.7609,47250.3795,913281.3373,744967.2303,,,4.965
000881,中广核技,化工原料,辽宁,19980902,000881.SZ,20211210,9.57,9.7,9.48,9.67,9.6,0.07,0.7292,58165.37,56098.941,0.7542,1.231,0.68,33.72,41.2432,1.4895,1.3744,1.2372,0.2275,0.3413,94542.5815,77118.7609,47250.3795,914226.7631,745738.4179,,,4.965
000881,中广核技,化工原料,辽宁,19980902,000881.SZ,20211209,9.62,9.69,9.55,9.6,9.62,-0.02,-0.2079,61128.46,58704.501,0.7927,1.2937,0.62,33.4759,40.9447,1.4787,1.3645,1.2283,0.2292,0.3438,94542.5815,77118.7609,47250.3795,907608.7824,740340.1046,,,4.965
000881,中广核技,化工原料,辽宁,19980902,000881.SZ,20211208,9.56,9.65,9.4,9.62,9.47,0.15,1.5839,58719.7,56187.513,0.7614,1.2427,0.5,33.5456,41.03,1.4818,1.3673,1.2308,0.2287,0.343,94542.5815,77118.7609,47250.3795,909499.634,741882.4799,,,4.965
000881,中广核技,化工原料,辽宁,19980902,000881.SZ,20211207,9.73,9.76,9.39,9.47,9.67,-0.2,-2.0683,95246.42,90606.828,1.2351,2.0158,0.82,33.0226,40.3902,1.4587,1.346,1.2116,0.2323,0.3485,94542.5815,77118.7609,47250.3795,895318.2468,730314.6657,,,4.965
000881,中广核技,化工原料,辽宁,19980902,000881.SZ,20211206,9.85,9.98,9.65,9.67,9.88,-0.21,-2.1255,90774.36,88862.786,1.1771,1.9211,0.85,33.72,41.2432,1.4895,1.3744,1.2372,0.2275,0.3413,94542.5815,77118.7609,47250.3795,914226.7631,745738.4179,10.42,8.52,4.965
000881,中广核技,化工原料,辽宁,19980902,000881.SZ,20211203,9.77,10.1,9.76,9.88,9.71,0.17,1.7508,121175.38,120582.023,1.5713,2.5645,1.31,34.4523,42.1389,1.5219,1.4043,1.2641,0.2227,0.334,94542.5815,77118.7609,47250.3795,934080.7052,761933.3577,,,4.965
000881,中广核技,化工原料,辽宁,19980902,000881.SZ,20211202,9.79,9.95,9.71,9.71,9.79,-0.08,-0.8172,129820.89,127570.297,1.6834,2.7475,1.69,33.8595,41.4138,1.4957,1.3801,1.2423,0.2266,0.3399,94542.5815,77118.7609,47250.3795,918008.4664,748823.1683,,,4.965
000881,中广核技,化工原料,辽宁,19980902,000881.SZ,20211201,9.5,9.82,9.43,9.79,9.42,0.37,3.9278,153623.76,148867.418,1.992,3.2513,2.71,34.1384,41.755,1.508,1.3915,1.2526,0.2247,0.3371,94542.5815,77118.7609,47250.3795,925571.8729,754992.6692,,,4.965
000881,中广核技,化工原料,辽宁,19980902,000881.SZ,20211130,9.26,9.52,9.23,9.42,9.29,0.13,1.3994,86405.71,81359.487,1.1204,1.8287,1.59,32.8482,40.177,1.451,1.3389,1.2052,0.2335,0.3503,94542.5815,77118.7609,47250.3795,890591.1177,726458.7277,,,4.965
000881,中广核技,化工原料,辽宁,19980902,000881.SZ,20211129,9.24,9.34,9.18,9.29,9.33,-0.04,-0.4287,44086.01,40892.099,0.5717,0.933,0.74,32.3949,39.6225,1.431,1.3204,1.1886,0.2368,0.3552,94542.5815,77118.7609,47250.3795,878300.5821,716433.2888,,,4.965
000881,中广核技,化工原料,辽宁,19980902,000881.SZ,20211126,9.37,9.37,9.21,9.33,9.38,-0.05,-0.533,48406.85,44996.353,0.6277,1.0245,0.82,32.5344,39.7931,1.4371,1.3261,1.1937,0.2358,0.3537,94542.5815,77118.7609,47250.3795,882082.2854,719518.0392,,,4.965
000881,中广核技,化工原料,辽宁,19980902,000881.SZ,20211125,9.34,9.41,9.21,9.38,9.29,0.09,0.9688,52539.8,48923.884,0.6813,1.1119,0.88,32.7087,40.0064,1.4448,1.3332,1.2001,0.2345,0.3518,94542.5815,77118.7609,47250.3795,886809.4145,723373.9772,,,4.965
000881,中广核技,化工原料,辽宁,19980902,000881.SZ,20211124,9.42,9.44,9.24,9.29,9.42,-0.13,-1.38,52374.53,48660.067,0.6791,1.1084,0.93,32.3949,39.6225,1.431,1.3204,1.1886,0.2368,0.3552,94542.5815,77118.7609,47250.3795,878300.5821,716433.2888,,,4.965
000881,中广核技,化工原料,辽宁,19980902,000881.SZ,20211123,9.28,9.5,9.24,9.42,9.3,0.12,1.2903,74337.45,70034.014,0.9639,1.5733,1.42,32.8482,40.177,1.451,1.3389,1.2052,0.2335,0.3503,94542.5815,77118.7609,47250.3795,890591.1177,726458.7277,,,4.965
000881,中广核技,化工原料,辽宁,19980902,000881.SZ,20211122,9.22,9.35,9.22,9.3,9.2,0.1,1.087,68569.01,63761.035,0.8891,1.4512,1.47,32.4298,39.6652,1.4325,1.3218,1.1899,0.2366,0.3548,94542.5815,77118.7609,47250.3795,879246.008,717204.4764,,,4.965
000881,中广核技,化工原料,辽宁,19980902,000881.SZ,20211119,9.22,9.24,9.1,9.2,9.2,0.0,0.0,46121.39,42282.294,0.5981,0.9761,0.96,32.0811,39.2386,1.4171,1.3076,1.1771,0.2391,0.3587,94542.5815,77118.7609,47250.3795,869791.7498,709492.6003,,,4.965
000881,中广核技,化工原料,辽宁,19980902,000881.SZ,20211118,9.15,9.24,9.11,9.2,9.16,0.04,0.4367,57300.41,52653.296,0.743,1.2127,1.29,32.0811,39.2386,1.4171,1.3076,1.1771,0.2391,0.3587,94542.5815,77118.7609,47250.3795,869791.7498,709492.6003,,,4.965
000881,中广核技,化工原料,辽宁,19980902,000881.SZ,20211117,9.09,9.16,9.06,9.16,9.11,0.05,0.5488,34930.76,31833.869,0.4529,0.7393,0.79,31.9416,39.068,1.411,1.3019,1.172,0.2402,0.3603,94542.5815,77118.7609,47250.3795,866010.0465,706407.8498,,,4.965
000881,中广核技,化工原料,辽宁,19980902,000881.SZ,20211116,9.18,9.31,9.09,9.11,9.19,-0.08,-0.8705,54130.42,49836.077,0.7019,1.1456,1.25,31.7672,38.8548,1.4033,1.2948,1.1656,0.2415,0.3622,94542.5815,77118.7609,47250.3795,861282.9175,702551.9118,,,4.965
000881,中广核技,化工原料,辽宁,19980902,000881.SZ,20211115,9.2,9.2,9.06,9.19,9.13,0.06,0.6572,40150.48,36721.914,0.5206,0.8497,0.97,32.0462,39.196,1.4156,1.3062,1.1758,0.2394,0.3591,94542.5815,77118.7609,47250.3795,868846.324,708721.4127,,,4.965
000881,中广核技,化工原料,辽宁,19980902,000881.SZ,20211112,9.04,9.17,9.0,9.13,9.04,0.09,0.9956,53756.77,48916.586,0.6971,1.1377,1.43,31.837,38.9401,1.4063,1.2977,1.1681,0.241,0.3614,94542.5815,77118.7609,47250.3795,863173.7691,704094.287,,,4.965
000881,中广核技,化工原料,辽宁,19980902,000881.SZ,20211111,8.99,9.06,8.93,9.04,9.0,0.04,0.4444,39369.08,35523.621,0.5105,0.8332,1.0,31.5231,38.5562,1.3925,1.2849,1.1566,0.2434,0.365,94542.5815,77118.7609,47250.3795,854664.9368,697153.5985,,,4.965
000881,中广核技,化工原料,辽宁,19980902,000881.SZ,20211110,8.9,9.01,8.87,9.0,8.98,0.02,0.2227,34948.06,31190.771,0.4532,0.7396,0.84,31.3836,38.3856,1.3863,1.2792,1.1515,0.2444,0.3667,94542.5815,77118.7609,47250.3795,850883.2335,694068.8481,,,4.965
000881,中广核技,化工原料,辽宁,19980902,000881.SZ,20211109,8.96,9.05,8.89,8.98,8.95,0.03,0.3352,48888.49,43828.141,0.6339,1.0347,1.16,31.3139,38.3003,1.3832,1.2764,1.1489,0.245,0.3675,94542.5815,77118.7609,47250.3795,848992.3819,692526.4729,,,4.965
000881,中广核技,化工原料,辽宁,19980902,000881.SZ,20211108,9.08,9.08,8.91,8.95,9.0,-0.05,-0.5556,30913.13,27753.033,0.4009,0.6542,0.68,31.2093,38.1724,1.3786,1.2721,1.1451,0.2458,0.3687,94542.5815,77118.7609,47250.3795,846156.1044,690212.9101,,,4.965
000881,中广核技,化工原料,辽宁,19980902,000881.SZ,20211105,9.08,9.13,8.98,9.0,9.1,-0.1,-1.0989,33966.24,30724.689,0.4404,0.7189,0.75,31.3836,38.3856,1.3863,1.2792,1.1515,0.2444,0.3667,94542.5815,77118.7609,47250.3795,850883.2335,694068.8481,10.02,8.2,4.965
000881,中广核技,化工原料,辽宁,19980902,000881.SZ,20211104,9.0,9.13,8.94,9.1,9.11,-0.01,-0.1098,47349.48,42873.87,0.614,1.0021,1.07,31.7323,38.8121,1.4017,1.2934,1.1643,0.2418,0.3626,94542.5815,77118.7609,47250.3795,860337.4917,701780.7242,,,4.965
000881,中广核技,化工原料,辽宁,19980902,000881.SZ,20211103,8.9,9.17,8.78,9.11,8.89,0.22,2.4747,47242.88,42072.347,0.6126,0.9998,1.09,31.7672,38.8548,1.4033,1.2948,1.1656,0.2415,0.3622,94542.5815,77118.7609,47250.3795,861282.9175,702551.9118,,,4.965
000881,中广核技,化工原料,辽宁,19980902,000881.SZ,20211102,9.04,9.12,8.76,8.89,9.05,-0.16,-1.768,50586.18,45102.454,0.656,1.0706,1.28,31.0001,37.9165,1.3694,1.2636,1.1374,0.2475,0.3712,94542.5815,77118.7609,47250.3795,840483.5495,685585.7844,9.94,8.14,4.965
000881,中广核技,化工原料,辽宁,19980902,000881.SZ,20211101,8.86,9.15,8.83,9.05,8.9,0.15,1.6854,46677.52,42076.986,0.6053,0.9879,1.22,31.558,38.5989,1.394,1.2863,1.1579,0.2431,0.3646,94542.5815,77118.7609,47250.3795,855610.3626,697924.7861,,,4.965
000881,中广核技,化工原料,辽宁,19980902,000881.SZ,20211029,8.88,8.94,8.72,8.9,8.79,0.11,1.2514,34351.6,30417.368,0.4454,0.727,0.79,31.0349,37.9591,1.3709,1.265,1.1387,0.2472,0.3708,94542.5815,77118.7609,47250.3795,841428.9754,686356.972,,,4.965
000881,中广核技,化工原料,辽宁,19980902,000881.SZ,20211028,8.88,9.11,8.77,8.79,8.92,-0.13,-1.4574,41772.38,37289.427,0.5417,1.0115,0.93,30.6514,37.49,1.354,1.2494,1.1246,0.2503,0.3754,94542.5815,77118.7609,41299.1068,831029.2914,677873.9083,9.85,8.06,4.965
000881,中广核技,化工原料,辽宁,19980902,000881.SZ,20211027,9.1,9.11,8.9,8.92,9.15,-0.23,-2.5137,43457.4,39042.783,0.5635,1.0523,0.87,31.1047,41.8552,1.3957,1.2678,1.2014,0.2466,0.37,94542.5815,77118.7609,41299.1068,843319.827,687899.3472,,,4.965
000881,中广核技,化工原料,辽宁,19980902,000881.SZ,20211026,9.11,9.15,9.02,9.15,9.1,0.05,0.5495,31160.08,28333.553,0.4041,0.7545,0.59,31.9067,42.9344,1.4317,1.3005,1.2324,0.2404,0.3607,94542.5815,77118.7609,41299.1068,865064.6207,705636.6622,10.01,8.19,4.965
000881,中广核技,化工原料,辽宁,19980902,000881.SZ,20211025,9.06,9.12,8.97,9.1,9.09,0.01,0.11,40996.8,37019.99,0.5316,0.9927,0.8,31.7323,42.6998,1.4239,1.2934,1.2256,0.2418,0.3626,94542.5815,77118.7609,41299.1068,860337.4917,701780.7242,10.02,8.2,4.965
000881,中广核技,化工原料,辽宁,19980902,000881.SZ,20211022,9.14,9.14,8.96,9.09,9.12,-0.03,-0.3289,59848.59,54055.371,0.7761,1.4491,1.21,31.6975,42.6528,1.4223,1.292,1.2243,0.242,0.363,94542.5815,77118.7609,41299.1068,859392.0658,701009.5366,,,4.965
000881,中广核技,化工原料,辽宁,19980902,000881.SZ,20211021,9.31,9.31,9.06,9.12,9.26,-0.14,-1.5119,48984.3,44776.395,0.6352,1.1861,1.0,31.8021,42.7936,1.427,1.2963,1.2283,0.2412,0.3618,94542.5815,77118.7609,41299.1068,862228.3433,703323.0994,,,4.965
000881,中广核技,化工原料,辽宁,19980902,000881.SZ,20211020,9.19,9.44,9.05,9.26,9.25,0.01,0.1081,68189.26,62915.213,0.8842,1.6511,1.44,32.2903,43.4505,1.4489,1.3162,1.2472,0.2376,0.3564,94542.5815,77118.7609,41299.1068,875464.3047,714119.7259,,,4.965
000881,中广核技,化工原料,辽宁,19980902,000881.SZ,20211019,9.31,9.35,9.22,9.25,9.31,-0.06,-0.6445,44412.04,41123.169,0.5759,1.0754,0.76,32.2554,43.4036,1.4474,1.3147,1.2458,0.2378,0.3568,94542.5815,77118.7609,41299.1068,874518.8789,713348.5383,,,4.965
000881,中广核技,化工原料,辽宁,19980902,000881.SZ,20211018,9.25,9.37,9.21,9.31,9.3,0.01,0.1075,36068.4,33543.882,0.4677,0.8733,0.49,32.4646,43.6851,1.4568,1.3233,1.2539,0.2363,0.3545,94542.5815,77118.7609,41299.1068,880191.4338,717975.664,9.81,8.03,4.965
000881,中广核技,化工原料,辽宁,19980902,000881.SZ,20211015,9.44,9.46,9.26,9.3,9.44,-0.14,-1.4831,50361.73,47016.746,0.653,1.2194,0.61,32.4298,43.6382,1.4552,1.3218,1.2526,0.2366,0.3548,94542.5815,77118.7609,41299.1068,879246.008,717204.4764,,,4.965
000881,中广核技,化工原料,辽宁,19980902,000881.SZ,20211014,9.42,9.57,9.32,9.44,9.42,0.02,0.2123,45379.43,42909.364,0.5884,1.0988,0.42,32.918,44.2951,1.4771,1.3417,1.2714,0.2331,0.3496,94542.5815,77118.7609,41299.1068,892481.9694,728001.1029,,,4.965
000881,中广核技,化工原料,辽宁,19980902,000881.SZ,20211013,9.37,9.43,9.2,9.42,9.39,0.03,0.3195,59975.07,55889.435,0.7777,1.4522,0.49,32.8482,44.2013,1.474,1.3389,1.2687,0.2335,0.3503,94542.5815,77118.7609,41299.1068,890591.1177,726458.7277,,,4.965
000881,中广核技,化工原料,辽宁,19980902,000881.SZ,20211012,9.67,9.77,9.22,9.39,9.67,-0.28,-2.8956,98685.45,92946.368,1.2797,2.3895,0.79,32.7436,44.0605,1.4693,1.3346,1.2647,0.2343,0.3514,94542.5815,77118.7609,41299.1068,887754.8403,724145.1649,,,4.965
000881,中广核技,化工原料,辽宁,19980902,000881.SZ,20211011,10.06,10.15,9.65,9.67,10.15,-0.48,-4.7291,110993.61,108855.226,1.4393,2.6876,0.77,33.72,45.3744,1.5131,1.3744,1.3024,0.2275,0.3413,94542.5815,77118.7609,41299.1068,914226.7631,745738.4179,,,4.965
000881,中广核技,化工原料,辽宁,19980902,000881.SZ,20211008,10.2,10.43,9.98,10.15,10.12,0.03,0.2964,99236.0,100931.09,1.2868,2.4029,0.6,35.3938,47.6267,1.5882,1.4427,1.367,0.2167,0.3251,94542.5815,77118.7609,41299.1068,959607.2022,782755.4231,,,4.965
000881,中广核技,化工原料,辽宁,19980902,000881.SZ,20210930,9.54,10.28,9.48,10.12,9.55,0.57,5.9686,169071.18,167139.09,2.1923,4.0938,0.86,35.2892,47.4859,1.5835,1.4384,1.363,0.2174,0.3261,94542.5815,77118.7609,41299.1068,956770.9248,780441.8603,,,4.965
000881,中广核技,化工原料,辽宁,19980902,000881.SZ,20210929,9.86,9.88,9.4,9.55,9.95,-0.4,-4.0201,137940.72,131983.397,1.7887,3.34,0.56,33.3015,44.8113,1.4943,1.3574,1.2862,0.2304,0.3455,94542.5815,77118.7609,41299.1068,902881.6533,736484.1666,,,4.965
000881,中广核技,化工原料,辽宁,19980902,000881.SZ,20210928,9.91,10.07,9.87,9.95,9.94,0.01,0.1006,103901.78,103697.249,1.3473,2.5158,0.4,34.6964,46.6882,1.5569,1.4142,1.3401,0.2211,0.3317,94542.5815,77118.7609,41299.1068,940698.6859,767331.671,,,4.965
000881,中广核技,化工原料,辽宁,19980902,000881.SZ,20210927,10.45,10.66,9.9,9.94,10.47,-0.53,-5.0621,209770.95,212990.84,2.7201,5.0793,0.76,34.6615,46.6413,1.5553,1.4128,1.3388,0.2213,0.332,94542.5815,77118.7609,41299.1068,939753.2601,766560.4833,,,4.965
000881,中广核技,化工原料,辽宁,19980902,000881.SZ,20210924,10.82,10.96,10.37,10.47,10.78,-0.31,-2.8757,207706.32,220684.903,2.6933,5.0293,0.76,36.5096,49.1282,1.6383,1.4881,1.4101,0.2101,0.3152,94542.5815,77118.7609,41299.1068,989860.8283,807433.4266,,,4.965
000881,中广核技,化工原料,辽宁,19980902,000881.SZ,20210923,11.05,11.07,10.63,10.78,10.99,-0.21,-1.9108,318767.32,343885.326,4.1335,7.7185,1.31,37.5906,50.5828,1.6868,1.5322,1.4519,0.2041,0.3061,94542.5815,77118.7609,41299.1068,1019169.0286,831340.2425,,,4.965
000881,中广核技,化工原料,辽宁,19980902,000881.SZ,20210922,10.4,10.99,10.25,10.99,10.43,0.56,5.3691,393099.54,424554.895,5.3959,10.6151,1.9,38.3229,51.5682,1.7196,1.562,1.4802,0.2002,0.3003,94542.5815,72851.6517,37031.9976,1039022.9707,800639.6522,,,4.965
000881,中广核技,化工原料,辽宁,19980902,000881.SZ,20210917,10.55,10.84,10.32,10.43,10.57,-0.14,-1.3245,182957.75,192731.954,2.5114,4.9405,0.9,36.3702,48.9405,1.632,1.4825,1.4048,0.2109,0.3164,94542.5815,72851.6517,37031.9976,986079.125,759842.7272,11.13,9.11,4.965
000881,中广核技,化工原料,辽宁,19980902,000881.SZ,20210916,10.5,10.9,10.41,10.57,10.57,0.0,0.0,280564.08,298620.709,3.8512,7.5763,1.63,36.8583,49.5974,1.6539,1.5024,1.4236,0.2081,0.3122,94542.5815,72851.6517,37031.9976,999315.0865,770041.9585,,,4.965
000881,中广核技,化工原料,辽宁,19980902,000881.SZ,20210915,10.34,10.68,10.15,10.57,10.22,0.35,3.4247,191490.25,201256.775,2.6285,5.1709,1.08,36.8583,49.5974,1.6539,1.5024,1.4236,0.2081,0.3122,94542.5815,72851.6517,37031.9976,999315.0865,770041.9585,,,4.965
000881,中广核技,化工原料,辽宁,19980902,000881.SZ,20210914,10.5,10.59,10.15,10.22,10.63,-0.41,-3.857,172766.01,178508.838,2.3715,4.6653,1.02,35.6379,47.9551,1.5992,1.4526,1.3765,0.2153,0.3229,94542.5815,72851.6517,37031.9976,966225.1829,744543.8804,,,4.965
000881,中广核技,化工原料,辽宁,19980902,000881.SZ,20210913,10.56,10.72,10.44,10.63,10.41,0.22,2.1134,206925.39,219274.967,2.8404,5.5877,1.37,37.0676,49.879,1.6633,1.5109,1.4317,0.207,0.3104,94542.5815,72851.6517,37031.9976,1004987.6413,774413.0576,,,4.965
000881,中广核技,化工原料,辽宁,19980902,000881.SZ,20210910,10.49,10.54,10.25,10.41,10.36,0.05,0.4826,163605.52,170152.386,2.2457,4.418,1.14,36.3004,48.8467,1.6289,1.4796,1.4021,0.2113,0.317,94542.5815,72851.6517,37031.9976,984188.2734,758385.6942,,,4.965
000881,中广核技,化工原料,辽宁,19980902,000881.SZ,20210909,10.29,10.44,10.19,10.36,10.36,0.0,0.0,126799.58,130873.361,1.7405,3.4241,0.9,36.1261,48.612,1.6211,1.4725,1.3953,0.2124,0.3185,94542.5815,72851.6517,37031.9976,979461.1443,754743.1116,,,4.965
000881,中广核技,化工原料,辽宁,19980902,000881.SZ,20210908,10.08,10.48,10.08,10.36,10.1,0.26,2.5743,213057.43,220264.267,2.9245,5.7533,1.78,36.1261,48.612,1.6211,1.4725,1.3953,0.2124,0.3185,94542.5815,72851.6517,37031.9976,979461.1443,754743.1116,,,4.965
000881,中广核技,化工原料,辽宁,19980902,000881.SZ,20210907,10.04,10.2,10.0,10.1,10.0,0.1,1.0,140056.98,141710.583,1.9225,3.7821,1.28,35.2194,47.3921,1.5804,1.4355,1.3603,0.2178,0.3267,94542.5815,72851.6517,37031.9976,954880.0732,735801.6822,,,4.965
000881,中广核技,化工原料,辽宁,19980902,000881.SZ,20210906,9.82,10.07,9.74,10.0,9.82,0.18,1.833,111240.89,110342.027,1.527,3.0039,0.97,34.8707,46.9228,1.5647,1.4213,1.3468,0.22,0.33,94542.5815,72851.6517,37031.9976,945425.815,728516.517,,,4.965
000881,中广核技,化工原料,辽宁,19980902,000881.SZ,20210903,9.79,10.28,9.77,9.82,9.8,0.02,0.2041,124901.72,124545.944,1.7145,3.3728,1.06,34.243,46.0782,1.5366,1.3957,1.3226,0.224,0.336,94542.5815,72851.6517,37031.9976,928408.1503,715403.2197,,,4.965
000881,中广核技,化工原料,辽宁,19980902,000881.SZ,20210902,9.35,9.83,9.32,9.8,9.37,0.43,4.5891,115650.87,110959.556,1.5875,3.123,0.8,34.1733,45.9844,1.5334,1.3929,1.3199,0.2245,0.3367,94542.5815,72851.6517,37031.9976,926517.2987,713946.1867,,,4.965
000881,中广核技,化工原料,辽宁,19980902,000881.SZ,20210901,9.24,9.64,9.22,9.37,9.24,0.13,1.4069,107479.32,101395.979,1.4753,2.9023,0.76,32.6739,43.9667,1.4662,1.3318,1.262,0.2348,0.3522,94542.5815,72851.6517,37031.9976,885863.9887,682619.9764,,,4.965
000881,中广核技,化工原料,辽宁,19980902,000881.SZ,20210831,9.28,9.41,9.15,9.24,9.32,-0.08,-0.8584,88586.73,81913.962,1.216,2.3922,0.66,32.2205,43.3567,1.4458,1.3133,1.2445,0.2381,0.3571,94542.5815,72851.6517,37031.9976,873573.4531,673149.2617,,,4.965
000881,中广核技,化工原料,辽宁,19980902,000881.SZ,20210830,9.69,9.69,9.24,9.32,9.85,-0.53,-5.3807,138797.51,130818.997,1.9052,3.9113,1.19,32.4995,43.7321,1.4583,1.3247,1.2553,0.2361,0.3541,94542.5815,72851.6517,35485.836,881136.8596,678977.3938,,,4.965
000881,中广核技,化工原料,辽宁,19980902,000881.SZ,20210827,10.24,10.27,9.83,9.85,10.23,-0.38,-3.7146,137313.43,137438.154,1.8848,3.8695,1.4,34.3477,26.1068,1.5624,1.4,1.3029,0.2234,0.335,94542.5815,72851.6517,35485.836,931244.4278,717588.7692,,,4.965
000881,中广核技,化工原料,辽宁,19980902,000881.SZ,20210826,10.0,10.55,9.96,10.23,10.0,0.23,2.3,254908.69,263565.256,3.499,7.1834,4.35,35.6727,27.114,1.6227,1.454,1.3531,0.2151,0.3226,94542.5815,72851.6517,35485.836,967170.6087,745272.3969,11.0,9.0,4.965
000881,中广核技,化工原料,辽宁,19980902,000881.SZ,20210825,9.79,10.02,9.69,10.0,9.78,0.22,2.2495,85167.29,84216.231,1.1691,2.4,1.42,34.8707,26.5044,1.5862,1.4213,1.3227,0.22,0.33,94542.5815,72851.6517,35485.836,945425.815,728516.517,10.8,8.84,4.965
000881,中广核技,化工原料,辽宁,19980902,000881.SZ,20210824,9.81,9.89,9.72,9.78,9.8,-0.02,-0.2041,59628.88,58434.42,0.8185,1.6804,0.94,34.1036,25.9213,1.5513,1.3901,1.2936,0.2249,0.3374,94542.5815,72851.6517,35485.836,924626.4471,712489.1536,10.78,8.82,4.965
000881,中广核技,化工原料,辽宁,19980902,000881.SZ,20210823,9.79,9.88,9.72,9.8,9.72,0.08,0.823,43917.99,43072.719,0.6028,1.2376,0.67,34.1733,25.9743,1.5545,1.3929,1.2963,0.2245,0.3367,94542.5815,72851.6517,35485.836,926517.2987,713946.1867,,,4.965
000881,中广核技,化工原料,辽宁,19980902,000881.SZ,20210820,9.64,9.85,9.54,9.72,9.71,0.01,0.103,47388.77,45714.374,0.6505,1.3354,0.7,33.8943,25.7623,1.5418,1.3815,1.2857,0.2263,0.3395,94542.5815,72851.6517,35485.836,918953.8922,708118.0545,10.16,8.32,4.965
000881,中广核技,化工原料,辽宁,19980902,000881.SZ,20210819,9.83,9.88,9.61,9.71,9.83,-0.12,-1.2208,56606.4,54988.191,0.777,1.5952,0.81,33.8595,25.7358,1.5402,1.3801,1.2843,0.2266,0.3399,94542.5815,72851.6517,35485.836,918008.4664,707389.538,,,4.965
000881,中广核技,化工原料,辽宁,19980902,000881.SZ,20210818,9.74,10.14,9.68,9.83,9.78,0.05,0.5112,92283.05,91621.305,1.2667,2.6006,1.51,34.2779,26.0538,1.5592,1.3972,1.3002,0.2238,0.3357,94542.5815,72851.6517,35485.836,929353.5761,716131.7362,,,4.965
000881,中广核技,化工原料,辽宁,19980902,000881.SZ,20210817,9.97,10.06,9.77,9.78,10.0,-0.22,-2.2,76263.47,75722.153,1.0468,2.1491,1.29,34.1036,25.9213,1.5513,1.3901,1.2936,0.2249,0.3374,94542.5815,72851.6517,35485.836,924626.4471,712489.1536,,,4.965
000881,中广核技,化工原料,辽宁,19980902,000881.SZ,20210816,10.06,10.15,9.95,10.0,10.07,-0.07,-0.6951,53516.12,53747.77,0.7346,1.5081,0.87,34.8707,26.5044,1.5862,1.4213,1.3227,0.22,0.33,94542.5815,72851.6517,35485.836,945425.815,728516.517,,,4.965
000881,中广核技,化工原料,辽宁,19980902,000881.SZ,20210813,10.0,10.21,9.97,10.07,10.06,0.01,0.0994,59367.01,59885.874,0.8149,1.673,1.02,35.1148,26.6899,1.5973,1.4313,1.332,0.2185,0.3277,94542.5815,72851.6517,35485.836,952043.7957,733616.1326,,,4.965
000881,中广核技,化工原料,辽宁,19980902,000881.SZ,20210812,10.14,10.24,10.0,10.06,10.07,-0.01,-0.0993,67572.1,68300.608,0.9275,1.9042,1.3,35.0799,26.6634,1.5957,1.4299,1.3306,0.2187,0.328,94542.5815,72851.6517,35485.836,951098.3699,732887.6161,,,4.965
000881,中广核技,化工原料,辽宁,19980902,000881.SZ,20210811,10.1,10.19,10.0,10.07,10.14,-0.07,-0.6903,48943.41,49329.387,0.6718,1.3792,0.94,35.1148,26.6899,1.5973,1.4313,1.332,0.2185,0.3277,94542.5815,72851.6517,35485.836,952043.7957,733616.1326,10.69,8.75,4.965
000881,中广核技,化工原料,辽宁,19980902,000881.SZ,20210810,10.08,10.16,9.97,10.14,10.08,0.06,0.5952,65171.0,65565.252,0.8946,1.8365,1.3,35.3589,26.8755,1.6084,1.4412,1.3412,0.217,0.3254,94542.5815,72851.6517,35485.836,958661.7764,738715.7482,,,4.965
000881,中广核技,化工原料,辽宁,19980902,000881.SZ,20210809,9.78,10.15,9.71,10.08,9.8,0.28,2.8571,65612.19,65659.332,0.9006,1.849,1.38,35.1497,26.7164,1.5989,1.4327,1.3333,0.2183,0.3274,94542.5815,72851.6517,35485.836,952989.2215,734344.6491,10.81,8.85,4.965
000881,中广核技,化工原料,辽宁,19980902,000881.SZ,20210806,9.72,9.84,9.66,9.8,9.74,0.06,0.616,44030.0,42985.758,0.6044,1.2408,0.91,34.1733,25.9743,1.5545,1.3929,1.2963,0.2245,0.3367,94542.5815,72851.6517,35485.836,926517.2987,713946.1867,10.76,8.8,4.965
000881,中广核技,化工原料,辽宁,19980902,000881.SZ,20210805,9.72,9.81,9.65,9.74,9.76,-0.02,-0.2049,35506.78,34514.785,0.4874,1.0006,0.69,33.9641,25.8153,1.545,1.3844,1.2883,0.2259,0.3388,94542.5815,72851.6517,35485.836,920844.7438,709575.0876,,,4.965
000881,中广核技,化工原料,辽宁,19980902,000881.SZ,20210804,9.55,9.79,9.55,9.76,9.59,0.17,1.7727,49297.1,47802.099,0.6767,1.3892,0.85,34.0338,25.8683,1.5481,1.3872,1.291,0.2254,0.3381,94542.5815,72851.6517,35485.836,922735.5954,711032.1206,,,4.965
000881,中广核技,化工原料,辽宁,19980902,000881.SZ,20210803,9.58,9.72,9.53,9.59,9.58,0.01,0.1044,56641.59,54432.011,0.7775,1.5962,0.93,33.441,25.4177,1.5212,1.3631,1.2685,0.2294,0.3441,94542.5815,72851.6517,35485.836,906663.3566,698647.3398,,,4.965
000881,中广核技,化工原料,辽宁,19980902,000881.SZ,20210802,9.25,9.59,9.25,9.58,9.35,0.23,2.4599,52807.19,50095.085,0.7249,1.4881,0.81,33.4061,25.3912,1.5196,1.3616,1.2672,0.2296,0.3445,94542.5815,72851.6517,35485.836,905717.9308,697918.8233,,,4.965
000881,中广核技,化工原料,辽宁,19980902,000881.SZ,20210730,9.16,9.35,9.09,9.35,9.13,0.22,2.4096,46601.25,43020.906,0.6397,1.3132,0.71,32.6041,24.7816,1.4831,1.3289,1.2367,0.2353,0.3529,94542.5815,72851.6517,35485.836,883973.137,681162.9434,,,4.965
000881,中广核技,化工原料,辽宁,19980902,000881.SZ,20210729,9.0,9.27,8.99,9.13,8.9,0.23,2.5843,51886.29,47320.944,0.7122,1.4622,0.81,31.837,24.1985,1.4482,1.2977,1.2076,0.241,0.3614,94542.5815,72851.6517,35485.836,863173.7691,665135.58,,,4.965
000881,中广核技,化工原料,辽宁,19980902,000881.SZ,20210728,9.31,9.31,8.88,8.9,9.34,-0.44,-4.7109,81747.04,73499.022,1.1221,2.3037,1.4,31.0349,23.5889,1.4117,1.265,1.1772,0.2472,0.3708,94542.5815,72851.6517,35485.836,841428.9754,648379.7001,,,4.965
000881,中广核技,化工原料,辽宁,19980902,000881.SZ,20210727,9.72,9.79,9.31,9.34,9.73,-0.39,-4.0082,71409.99,68083.647,0.9802,2.0124,1.28,32.5692,24.7551,1.4815,1.3275,1.2354,0.2355,0.3533,94542.5815,72851.6517,35485.836,883027.7112,680434.4269,10.71,8.77,4.965
000881,中广核技,化工原料,辽宁,19980902,000881.SZ,20210726,9.96,10.03,9.6,9.73,9.92,-0.19,-1.9153,74506.11,72942.772,1.0227,2.0996,1.5,33.9292,25.7888,1.5434,1.383,1.287,0.2261,0.3392,94542.5815,72851.6517,35485.836,919899.318,708846.571,,,4.965
000881,中广核技,化工原料,辽宁,19980902,000881.SZ,20210723,10.1,10.15,9.9,9.92,10.14,-0.22,-2.1696,50586.37,50509.945,0.6944,1.4255,1.07,34.5917,26.2924,1.5735,1.41,1.3121,0.2218,0.3327,94542.5815,72851.6517,35485.836,937862.4085,722688.3849,,,4.965
000881,中广核技,化工原料,辽宁,19980902,000881.SZ,20210722,10.1,10.25,10.09,10.14,10.13,0.01,0.0987,41044.9,41652.481,0.5634,1.1567,0.87,35.3589,26.8755,1.6084,1.4412,1.3412,0.217,0.3254,94542.5815,72851.6517,35485.836,958661.7764,738715.7482,,,4.965
000881,中广核技,化工原料,辽宁,19980902,000881.SZ,20210721,9.95,10.24,9.91,10.13,9.89,0.24,2.4267,55004.5,55464.379,0.755,1.55,1.17,35.324,26.849,1.6068,1.4398,1.3399,0.2172,0.3258,94542.5815,72851.6517,35485.836,957716.3506,737987.2317,,,4.965
000881,中广核技,化工原料,辽宁,19980902,000881.SZ,20210720,9.92,9.97,9.78,9.89,10.01,-0.12,-1.1988,57257.41,56387.573,0.7859,1.6135,1.17,34.4871,26.2129,1.5688,1.4057,1.3082,0.2224,0.3337,94542.5815,72851.6517,35485.836,935026.131,720502.8353,,,4.965
000881,中广核技,化工原料,辽宁,19980902,000881.SZ,20210719,10.03,10.19,9.97,10.01,10.08,-0.07,-0.6944,44378.54,44685.713,0.6092,1.2506,0.87,34.9056,26.5309,1.5878,1.4228,1.324,0.2198,0.3297,94542.5815,72851.6517,35485.836,946371.2408,729245.0335,,,4.965
000881,中广核技,化工原料,辽宁,19980902,000881.SZ,20210716,10.15,10.24,10.07,10.08,10.08,0.0,0.0,37619.2,38129.649,0.5164,1.0601,0.66,35.1497,26.7164,1.5989,1.4327,1.3333,0.2183,0.3274,94542.5815,72851.6517,35485.836,952989.2215,734344.6491,,,4.965
000881,中广核技,化工原料,辽宁,19980902,000881.SZ,20210715,10.28,10.28,10.04,10.08,10.18,-0.1,-0.9823,41433.49,41937.818,0.5687,1.1676,0.68,35.1497,26.7164,1.5989,1.4327,1.3333,0.2183,0.3274,94542.5815,72851.6517,35485.836,952989.2215,734344.6491,10.7,8.76,4.965
000881,中广核技,化工原料,辽宁,19980902,000881.SZ,20210714,10.47,10.5,10.18,10.18,10.46,-0.28,-2.6769,54630.3,56262.47,0.7499,1.5395,0.95,35.4984,26.9815,1.6148,1.4469,1.3465,0.2161,0.3242,94542.5815,72851.6517,35485.836,962443.4797,741629.8143,,,4.965
000881,中广核技,化工原料,辽宁,19980902,000881.SZ,20210713,10.38,10.46,10.21,10.46,10.37,0.09,0.8679,65588.1,68061.457,0.9003,1.8483,1.28,36.4748,27.7236,1.6592,1.4867,1.3836,0.2103,0.3155,94542.5815,72851.6517,35485.836,988915.4025,762028.2768,,,4.965
000881,中广核技,化工原料,辽宁,19980902,000881.SZ,20210712,10.43,10.49,10.35,10.37,10.42,-0.05,-0.4798,55826.8,58178.059,0.7663,1.5732,1.22,36.1609,27.4851,1.6449,1.4739,1.3716,0.2122,0.3182,94542.5815,72851.6517,35485.836,980406.5702,755471.6281,,,4.965
000881,中广核技,化工原料,辽宁,19980902,000881.SZ,20210709,10.3,10.49,10.2,10.42,10.36,0.06,0.5792,66397.41,68942.456,0.9114,1.8711,1.64,36.3353,27.6176,1.6528,1.481,1.3783,0.2111,0.3167,94542.5815,72851.6517,35485.836,985133.6992,759114.2107,10.88,8.9,4.965
000881,中广核技,化工原料,辽宁,19980902,000881.SZ,20210708,10.18,10.47,10.12,10.36,10.19,0.17,1.6683,62386.88,64263.826,0.8564,1.7581,1.7,36.1261,27.4586,1.6433,1.4725,1.3703,0.2124,0.3185,94542.5815,72851.6517,35485.836,979461.1443,754743.1116,,,4.965
000881,中广核技,化工原料,辽宁,19980902,000881.SZ,20210707,10.16,10.22,10.02,10.19,10.14,0.05,0.4931,37129.52,37567.635,0.5097,1.0463,1.07,35.5333,27.008,1.6163,1.4483,1.3478,0.2159,0.3238,94542.5815,72851.6517,35485.836,963388.9055,742358.3308,,,4.965
000881,中广核技,化工原料,辽宁,19980902,000881.SZ,20210706,9.99,10.18,9.94,10.14,9.94,0.2,2.0121,35215.13,35510.37,0.4834,0.9924,1.01,35.3589,26.8755,1.6084,1.4412,1.3412,0.217,0.3254,94542.5815,72851.6517,35485.836,958661.7764,738715.7482,,,4.965
000881,中广核技,化工原料,辽宁,19980902,000881.SZ,20210705,9.93,9.98,9.86,9.94,9.93,0.01,0.1007,27621.21,27375.954,0.3791,0.7784,0.68,34.6615,26.3454,1.5767,1.4128,1.3148,0.2213,0.332,94542.5815,72851.6517,35485.836,939753.2601,724145.4179,,,4.965
000881,中广核技,化工原料,辽宁,19980902,000881.SZ,20210702,10.0,10.08,9.88,9.93,9.99,-0.06,-0.6006,40007.78,39720.464,0.5492,1.1274,0.67,34.6266,26.3189,1.5751,1.4114,1.3134,0.2216,0.3323,94542.5815,72851.6517,35485.836,938807.8343,723416.9014,,,4.965
000881,中广核技,化工原料,辽宁,19980902,000881.SZ,20210701,10.34,10.37,9.93,9.99,10.29,-0.3,-2.9155,43163.02,43810.905,0.5925,1.2163,0.54,34.8358,26.4779,1.5846,1.4199,1.3214,0.2202,0.3303,94542.5815,72851.6517,35485.836,944480.3892,727788.0005,,,4.965
000881,中广核技,化工原料,辽宁,19980902,000881.SZ,20210630,10.29,10.37,10.23,10.32,10.28,0.04,0.3891,26798.3,27567.15,0.3678,0.7552,0.33,35.9866,27.3525,1.6284,1.4668,1.365,0.2132,,94542.5815,72851.6517,35485.836,975679.4411,751829.0455,,,4.965
000881,中广核技,化工原料,辽宁,19980902,000881.SZ,20210629,10.47,10.51,10.28,10.28,10.46,-0.18,-1.7208,37302.16,38631.605,0.512,1.0512,0.45,35.8471,27.2465,1.6221,1.4611,1.3597,0.214,,94542.5815,72851.6517,35485.836,971897.7378,748914.9795,,,4.965
000881,中广核技,化工原料,辽宁,19980902,000881.SZ,20210628,10.44,10.58,10.3,10.46,10.44,0.02,0.1916,54556.69,56922.58,0.7489,1.5374,0.69,36.4748,27.7236,1.6505,1.4867,1.3836,0.2103,,94542.5815,72851.6517,35485.836,988915.4025,762028.2768,,,4.965
000881,中广核技,化工原料,辽宁,19980902,000881.SZ,20210625,10.69,10.78,10.41,10.44,10.85,-0.41,-3.7788,135676.91,143103.303,1.9369,3.8234,2.13,36.405,27.6706,1.6474,1.4839,1.3809,0.2107,,94542.5815,70049.7817,35485.836,987024.5509,731319.7209,,,4.965
000881,中广核技,化工原料,辽宁,19980902,000881.SZ,20210624,10.2,10.89,9.99,10.85,10.26,0.59,5.7505,144334.47,150632.847,2.0605,4.0674,3.43,37.8347,28.7573,1.7121,1.5421,1.4351,0.2028,,94542.5815,70049.7817,35485.836,1025787.0093,760040.1314,,,4.965
000881,中广核技,化工原料,辽宁,19980902,000881.SZ,20210623,10.32,10.34,10.21,10.26,10.3,-0.04,-0.3883,33837.83,34680.661,0.4831,0.9536,0.73,35.7774,27.1935,1.619,1.4583,1.3571,0.2144,0.2144,94542.5815,70049.7817,35485.836,970006.8862,718710.7602,,,4.965
000881,中广核技,化工原料,辽宁,19980902,000881.SZ,20210622,10.22,10.36,10.22,10.3,10.27,0.03,0.2921,42298.89,43481.165,0.6038,1.192,0.9,35.9168,27.2995,1.6253,1.464,1.3624,0.2136,0.2136,94542.5815,70049.7817,35485.836,973788.5895,721512.7515,,,4.965
000881,中广核技,化工原料,辽宁,19980902,000881.SZ,20210621,10.18,10.38,10.12,10.27,10.17,0.1,0.9833,41877.9,42949.384,0.5978,1.1801,0.84,35.8122,27.22,1.6206,1.4597,1.3584,0.2142,0.2142,94542.5815,70049.7817,35485.836,970952.312,719411.2581,,,4.965
000881,中广核技,化工原料,辽宁,19980902,000881.SZ,20210618,9.99,10.24,9.85,10.17,9.96,0.21,2.1084,55675.87,56224.727,0.7948,1.569,1.18,35.4635,26.955,1.6048,1.4455,1.3452,0.2163,0.2163,94542.5815,70049.7817,35485.836,961498.0539,712406.2799,,,4.951
000881,中广核技,化工原料,辽宁,19980902,000881.SZ,20210617,9.88,9.99,9.83,9.96,9.88,0.08,0.8097,36670.48,36329.171,0.5235,1.0334,0.69,34.7312,26.3984,1.5716,1.4156,1.3174,0.2209,0.2209,94542.5815,70049.7817,35485.836,941644.1117,697695.8257,,,4.951
000881,中广核技,化工原料,辽宁,19980902,000881.SZ,20210616,10.07,10.13,9.75,9.88,10.04,-0.16,-1.5936,54558.73,54104.12,0.7789,1.5375,1.0,34.4523,26.1863,1.559,1.4043,1.3068,0.2227,0.2227,94542.5815,70049.7817,35485.836,934080.7052,692091.8432,,,4.951
000881,中广核技,化工原料,辽宁,19980902,000881.SZ,20210615,10.28,10.36,10.0,10.04,10.21,-0.17,-1.665,47458.43,47987.011,0.6775,1.3374,0.89,35.0102,26.6104,1.5843,1.427,1.328,0.2191,0.2191,94542.5815,70049.7817,35485.836,949207.5183,703299.8083,,,4.951
000881,中广核技,化工原料,辽宁,19980902,000881.SZ,20210611,10.44,10.46,10.2,10.21,10.44,-0.23,-2.2031,56140.41,57697.766,0.8014,1.5821,1.09,35.603,27.061,1.6111,1.4512,1.3505,0.2155,0.2155,94542.5815,70049.7817,35485.836,965279.7571,715208.2712,,,4.951
000881,中广核技,化工原料,辽宁,19980902,000881.SZ,20210610,10.41,10.5,10.37,10.44,10.52,-0.08,-0.7605,40521.4,42233.232,0.5785,1.1419,0.69,36.405,27.6706,1.6474,1.4839,1.3809,0.2107,0.2107,94542.5815,70049.7817,35485.836,987024.5509,731319.7209,,,4.951
000881,中广核技,化工原料,辽宁,19980902,000881.SZ,20210609,10.32,10.62,10.19,10.52,10.33,0.19,1.8393,68461.64,71425.745,0.9773,1.9293,1.11,36.684,27.8826,1.66,1.4952,1.3915,0.2091,0.2091,94542.5815,70049.7817,35485.836,994587.9574,736923.7035,,,4.951
000881,中广核技,化工原料,辽宁,19980902,000881.SZ,20210608,10.65,10.65,10.32,10.33,10.63,-0.3,-2.8222,60477.54,63074.13,0.8634,1.7043,0.97,36.0214,27.379,1.63,1.4682,1.3664,0.213,0.213,94542.5815,70049.7817,35485.836,976624.8669,723614.245,11.19,9.15,4.951
000881,中广核技,化工原料,辽宁,19980902,000881.SZ,20210607,10.55,10.65,10.49,10.63,10.56,0.07,0.6629,40626.39,42997.52,0.58,1.1449,0.62,37.0676,28.1742,1.6774,1.5109,1.406,0.207,0.207,94542.5815,70049.7817,35485.836,1004987.6413,744629.1795,,,4.951
000881,中广核技,化工原料,辽宁,19980902,000881.SZ,20210604,10.6,10.6,10.49,10.56,10.61,-0.05,-0.4713,47791.6,50355.812,0.6823,1.3468,0.67,36.8235,27.9886,1.6663,1.5009,1.3968,0.2083,0.2083,94542.5815,70049.7817,35485.836,998369.6606,739725.6948,,,4.951
000881,中广核技,化工原料,辽宁,19980902,000881.SZ,20210603,10.52,10.74,10.38,10.61,10.51,0.1,0.9515,74441.89,78705.528,1.0627,2.0978,1.03,36.9978,28.1212,1.6742,1.508,1.4034,0.2074,0.2074,94542.5815,70049.7817,35485.836,1003096.7897,743228.1838,11.04,9.04,4.951
000881,中广核技,化工原料,辽宁,19980902,000881.SZ,20210602,10.86,10.98,10.51,10.51,10.85,-0.34,-3.1336,86285.0,92210.784,1.2318,2.4315,1.2,36.6491,27.8561,1.6584,1.4938,1.3902,0.2093,0.2093,94542.5815,70049.7817,35485.836,993642.5316,736223.2057,,,4.951
000881,中广核技,化工原料,辽宁,19980902,000881.SZ,20210601,10.98,10.99,10.84,10.85,10.96,-0.11,-1.0036,61696.12,67148.391,0.8807,1.7386,0.83,37.8347,28.7573,1.7121,1.5421,1.4351,0.2028,0.2028,94542.5815,70049.7817,35485.836,1025787.0093,760040.1314,11.48,9.4,4.951
000881,中广核技,化工原料,辽宁,19980902,000881.SZ,20210531,10.9,11.05,10.81,10.96,10.93,0.03,0.2745,56657.43,61929.013,0.8088,1.5966,0.76,38.2183,29.0488,1.7294,1.5578,1.4497,0.2007,0.2007,94542.5815,70049.7817,35485.836,1036186.6932,767745.6074,,,4.951
000881,中广核技,化工原料,辽宁,19980902,000881.SZ,20210528,11.08,11.12,10.89,10.93,11.14,-0.21,-1.8851,80182.8,87927.791,1.1447,2.2596,1.02,38.1137,28.9693,1.7247,1.5535,1.4457,0.2013,0.2013,94542.5815,70049.7817,35485.836,1033350.4158,765644.114,,,4.951
000881,中广核技,化工原料,辽宁,19980902,000881.SZ,20210527,11.26,11.38,11.1,11.14,11.24,-0.1,-0.8897,75519.6,84603.923,1.0781,2.1282,0.84,38.846,29.5259,1.7578,1.5834,1.4735,0.1975,0.1975,94542.5815,70049.7817,35485.836,1053204.3579,780354.5681,,,4.951
000881,中广核技,化工原料,辽宁,19980902,000881.SZ,20210526,11.09,11.28,10.93,11.24,11.02,0.22,1.9964,85549.61,95019.967,1.2213,2.4108,0.95,39.1947,29.7909,1.7736,1.5976,1.4867,0.1957,0.1957,94542.5815,70049.7817,35485.836,1062658.6161,787359.5463,11.62,9.5,4.951
000881,中广核技,化工原料,辽宁,19980902,000881.SZ,20210525,11.07,11.1,10.8,11.02,11.05,-0.03,-0.2715,72537.74,79332.665,1.0355,2.0441,0.75,38.4275,29.2078,1.7389,1.5663,1.4576,0.1996,0.1996,94542.5815,70049.7817,35485.836,1041859.2481,771948.5943,,,4.951
000881,中广核技,化工原料,辽宁,19980902,000881.SZ,20210524,11.14,11.29,10.99,11.05,11.15,-0.1,-0.8969,60944.63,67730.753,0.87,1.7174,0.62,38.5321,29.2874,1.7436,1.5706,1.4616,0.1991,0.1991,94542.5815,70049.7817,35485.836,1044695.5256,774050.0878,,,4.951
000881,中广核技,化工原料,辽宁,19980902,000881.SZ,20210521,11.42,11.43,11.11,11.15,11.52,-0.37,-3.2118,98841.75,111193.433,1.411,2.7854,1.04,38.8808,29.5524,1.7594,1.5848,1.4748,0.1973,0.1973,94542.5815,70049.7817,35485.836,1054149.7837,781055.066,,,4.951
000881,中广核技,化工原料,辽宁,19980902,000881.SZ,20210520,11.55,11.94,11.5,11.52,11.46,0.06,0.5236,131004.29,153281.838,1.8702,3.6917,1.61,40.1711,30.5331,1.8178,1.6374,1.5238,0.191,0.191,94542.5815,70049.7817,35485.836,1089130.5389,806973.4852,12.06,9.86,4.951
000881,中广核技,化工原料,辽宁,19980902,000881.SZ,20210519,11.39,11.48,11.28,11.46,11.38,0.08,0.703,84997.78,96659.778,1.2134,2.3953,1.08,39.9618,30.374,1.8083,1.6288,1.5158,0.192,0.192,94542.5815,70049.7817,35485.836,1083457.984,802770.4983,,,4.951
000881,中广核技,化工原料,辽宁,19980902,000881.SZ,20210518,11.03,11.38,10.99,11.38,11.04,0.34,3.0797,110152.36,123477.364,1.5725,3.1041,1.63,39.6829,30.162,1.7957,1.6175,1.5052,0.1933,0.1933,94542.5815,70049.7817,35485.836,1075894.5775,797166.5157,,,4.951
000881,中广核技,化工原料,辽宁,19980902,000881.SZ,20210517,11.2,11.24,11.0,11.04,11.16,-0.12,-1.0753,69966.0,77660.389,0.9988,1.9717,1.03,38.4973,29.2609,1.7421,1.5692,1.4603,0.1993,0.1993,94542.5815,70049.7817,35485.836,1043750.0998,773349.59,,,4.951
000881,中广核技,化工原料,辽宁,19980902,000881.SZ,20210514,10.96,11.25,10.95,11.16,10.92,0.24,2.1978,76983.49,85592.804,1.099,2.1694,1.14,38.9157,29.5789,1.761,1.5862,1.4761,0.1971,0.1971,94542.5815,70049.7817,35485.836,1055095.2095,781755.5638,,,4.951
000881,中广核技,化工原料,辽宁,19980902,000881.SZ,20210513,10.96,11.11,10.9,10.92,11.05,-0.13,-1.1765,63490.69,69770.519,0.9064,1.7892,0.95,38.0788,28.9428,1.7231,1.5521,1.4444,0.2015,0.2015,94542.5815,70049.7817,35485.836,1032404.99,764943.6162,12.16,9.95,4.951
000881,中广核技,化工原料,辽宁,19980902,000881.SZ,20210512,10.99,11.19,10.85,11.05,11.0,0.05,0.4545,71268.07,78807.933,1.0174,2.0084,0.96,38.5321,29.2874,1.7436,1.5706,1.4616,0.1991,0.1991,94542.5815,70049.7817,35485.836,1044695.5256,774050.0878,,,4.951
000881,中广核技,化工原料,辽宁,19980902,000881.SZ,20210511,11.0,11.05,10.79,11.0,11.01,-0.01,-0.0908,57220.37,62539.408,0.8169,1.6125,0.74,38.3578,29.1548,1.7357,1.5635,1.455,0.2,0.2,94542.5815,70049.7817,35485.836,1039968.3965,770547.5987,,,4.951
000881,中广核技,化工原料,辽宁,19980902,000881.SZ,20210510,11.13,11.2,10.95,11.01,11.21,-0.2,-1.7841,70882.12,78192.476,1.0119,1.9975,0.81,38.3927,29.1813,1.7373,1.5649,1.4563,0.1998,0.1998,94542.5815,70049.7817,35485.836,1040913.8223,771248.0965,,,4.951
000881,中广核技,化工原料,辽宁,19980902,000881.SZ,20210507,11.18,11.33,10.93,11.21,11.15,0.06,0.5381,73799.86,82325.174,1.0535,2.0797,0.84,39.0901,29.7114,1.7689,1.5933,1.4828,0.1963,0.1963,94542.5815,70049.7817,35485.836,1059822.3386,785258.0529,,,4.951
000881,中广核技,化工原料,辽宁,19980902,000881.SZ,20210506,11.15,11.37,11.13,11.15,11.15,0.0,0.0,61833.38,69526.341,0.8827,1.7425,0.59,38.8808,29.5524,1.7594,1.5848,1.4748,0.1973,0.1973,94542.5815,70049.7817,35485.836,1054149.7837,781055.066,,,4.951
000881,中广核技,化工原料,辽宁,19980902,000881.SZ,20210430,11.55,11.55,11.09,11.15,11.56,-0.41,-3.5467,106960.55,120167.275,1.5269,3.0142,1.05,38.8808,29.5524,1.7594,1.5848,1.4748,0.1973,0.1973,94542.5815,70049.7817,35485.836,1054149.7837,781055.066,,,4.951
000881,中广核技,化工原料,辽宁,19980902,000881.SZ,20210429,11.42,11.86,11.42,11.56,11.41,0.15,1.3146,73304.25,85181.022,1.0465,2.1412,0.7,106.4368,40.3105,1.8307,1.5565,1.6431,0.1903,0.1903,94542.5815,70049.7817,34234.9376,1092912.2421,809775.4765,12.01,9.83,4.951
000881,中广核技,化工原料,辽宁,19980902,000881.SZ,20210428,11.89,11.89,11.3,11.41,11.87,-0.46,-3.8753,118976.28,137030.19,1.6985,3.4753,1.15,105.0557,39.7875,1.807,1.5363,1.6217,0.1928,0.1928,94542.5815,70049.7817,34234.9376,1078730.8549,799268.0092,,,4.951
000881,中广核技,化工原料,辽宁,19980902,000881.SZ,20210427,12.1,12.13,11.8,11.87,12.18,-0.31,-2.5452,77719.8,92431.526,1.1095,2.2702,0.68,109.2911,41.3915,1.8798,1.5982,1.6871,0.1853,0.1853,94542.5815,70049.7817,34234.9376,1122220.4424,831490.9088,,,4.951
000881,中广核技,化工原料,辽宁,19980902,000881.SZ,20210426,11.92,12.33,11.81,12.18,11.95,0.23,1.9247,150338.79,181765.39,2.1462,4.3914,1.37,112.1454,42.4725,1.9289,1.64,1.7312,0.1806,0.1806,94542.5815,70049.7817,34234.9376,1151528.6427,853206.3411,,,4.951
000881,中广核技,化工原料,辽宁,19980902,000881.SZ,20210423,11.93,12.07,11.7,11.95,11.88,0.07,0.5892,89123.02,105613.427,1.2723,2.6033,0.7,110.0277,41.6705,1.8925,1.609,1.6985,0.1841,0.1841,94542.5815,70049.7817,34234.9376,1129783.8489,837094.8913,,,4.951
000881,中广核技,化工原料,辽宁,19980902,000881.SZ,20210422,11.82,12.1,11.82,11.88,11.81,0.07,0.5927,87384.0,104433.071,1.2475,2.5525,0.49,109.3832,41.4264,1.8814,1.5996,1.6885,0.1852,0.1852,94542.5815,70049.7817,34234.9376,1123165.8682,832191.4066,,,4.951
000881,中广核技,化工原料,辽宁,19980902,000881.SZ,20210421,11.78,12.02,11.52,11.81,11.77,0.04,0.3398,114110.36,134330.511,1.629,3.3332,0.58,108.7387,41.1823,1.8703,1.5902,1.6786,0.1863,0.1863,94542.5815,70049.7817,34234.9376,1116547.8875,827287.9219,,,4.951
000881,中广核技,化工原料,辽宁,19980902,000881.SZ,20210420,11.94,12.06,11.76,11.77,12.01,-0.24,-1.9983,126717.43,150529.562,1.809,3.7014,0.57,108.3704,41.0428,1.864,1.5848,1.6729,0.1869,0.1869,94542.5815,70049.7817,34234.9376,1112766.1843,824485.9306,,,4.951
000881,中广核技,化工原料,辽宁,19980902,000881.SZ,20210419,11.86,12.11,11.74,12.01,12.01,0.0,0.0,131147.43,157167.049,1.8722,3.8308,0.48,110.5801,41.8797,1.902,1.6171,1.707,0.1832,0.1832,94542.5815,70049.7817,34234.9376,1135456.4038,841297.8782,,,4.951
000881,中广核技,化工原料,辽宁,19980902,000881.SZ,20210416,11.78,12.22,11.65,12.01,12.05,-0.04,-0.332,175056.35,209737.577,2.499,5.1134,0.61,110.5801,41.8797,1.902,1.6171,1.707,0.1832,0.1832,94542.5815,70049.7817,34234.9376,1135456.4038,841297.8782,,,4.951
000881,中广核技,化工原料,辽宁,19980902,000881.SZ,20210415,13.0,13.1,12.05,12.05,13.39,-1.34,-10.0075,338324.09,416945.424,4.8298,9.8824,1.26,110.9484,42.0192,1.9083,1.6225,1.7127,0.1826,0.1826,94542.5815,70049.7817,34234.9376,1139238.1071,844099.8695,,,4.951
000881,中广核技,化工原料,辽宁,19980902,000881.SZ,20210414,13.24,13.45,12.81,13.39,13.13,0.26,1.9802,216456.78,285404.329,3.09,6.3227,0.69,123.2863,45.1025,2.1254,1.8029,1.7826,0.1643,0.1643,94542.5815,70049.7817,34234.9376,1265925.1663,937966.577,,,4.951
000881,中广核技,化工原料,辽宁,19980902,000881.SZ,20210413,13.4,13.64,12.89,13.13,13.66,-0.53,-3.8799,247635.64,327622.2,3.5351,7.2334,0.79,120.8923,44.2267,2.0841,1.7679,1.748,0.1676,0.1676,94542.5815,70049.7817,34234.9376,1241344.0951,919753.6337,,,4.951
000881,中广核技,化工原料,辽宁,19980902,000881.SZ,20210412,14.52,14.89,13.2,13.66,13.98,-0.32,-2.289,394130.1,556084.718,5.6264,11.5125,1.39,125.7722,46.0119,2.1683,1.8392,1.8186,0.1611,0.1611,94542.5815,70049.7817,34234.9376,1291451.6633,956880.018,,,4.951
000881,中广核技,化工原料,辽宁,19980902,000881.SZ,20210409,13.46,14.14,13.39,13.98,13.56,0.42,3.0973,238501.82,328849.804,3.4047,6.9666,0.8,128.7186,47.0898,2.2191,1.8823,1.8612,0.1574,0.1574,94542.5815,70049.7817,34234.9376,1321705.2894,979295.9482,,,4.951
000881,中广核技,化工原料,辽宁,19980902,000881.SZ,20210408,13.83,14.18,13.45,13.56,14.04,-0.48,-3.4188,244111.82,334949.278,3.4848,7.1305,0.8,124.8515,45.6751,2.1524,1.8258,1.8053,0.1622,0.1622,94542.5815,70049.7817,34234.9376,1281997.4051,949875.0399,,,4.951
000881,中广核技,化工原料,辽宁,19980902,000881.SZ,20210407,13.95,14.58,13.56,14.04,13.89,0.15,1.0799,433768.64,612142.092,6.1923,12.6703,1.76,129.271,47.2919,2.2286,1.8904,1.8692,0.1567,0.1567,94542.5815,70049.7817,34234.9376,1327377.8443,983498.9351,,,4.951
000881,中广核技,化工原料,辽宁,19980902,000881.SZ,20210406,12.67,13.89,12.5,13.89,12.63,1.26,9.9762,263905.78,352437.184,3.7674,7.7087,1.15,127.8899,46.7867,2.2048,1.8702,1.8492,0.1584,0.1584,94542.5815,70049.7817,34234.9376,1313196.457,972991.4678,13.26,10.85,4.951
000881,中广核技,化工原料,辽宁,19980902,000881.SZ,20210402,12.81,12.81,12.14,12.63,12.83,-0.2,-1.5588,239959.45,299269.231,3.4256,7.0092,1.05,116.2887,42.5425,2.0048,1.7006,1.6814,0.1742,0.1742,94542.5815,70049.7817,34234.9376,1194072.8043,884728.7429,,,4.951
000881,中广核技,化工原料,辽宁,19980902,000881.SZ,20210401,12.22,12.83,11.95,12.83,12.31,0.52,4.2242,301648.55,376076.871,4.3062,8.8111,1.44,118.1301,43.2162,2.0365,1.7275,1.7081,0.1715,0.1715,94542.5815,70049.7817,34234.9376,1212981.3206,898738.6992,,,4.951
000881,中广核技,化工原料,辽宁,19980902,000881.SZ,20210331,11.79,12.67,11.61,12.31,11.71,0.6,5.1238,280532.21,343777.598,4.0048,8.1943,1.43,113.3423,41.4646,1.954,1.6575,1.6388,0.1787,0.1787,94542.5815,70049.7817,34234.9376,1163819.1783,862312.8127,,,4.951
000881,中广核技,化工原料,辽宁,19980902,000881.SZ,20210330,12.0,12.11,11.42,11.71,11.96,-0.25,-2.0903,148534.02,173052.52,2.1204,4.3387,0.67,107.8179,39.4436,1.8588,1.5767,1.559,0.1879,0.1879,94542.5815,70049.7817,34234.9376,1107093.6294,820282.9437,,,4.951
000881,中广核技,化工原料,辽宁,19980902,000881.SZ,20210329,12.09,12.4,11.88,11.96,11.95,0.01,0.0837,180589.95,218690.47,2.578,5.275,0.74,110.1198,40.2857,1.8984,1.6104,1.5922,0.1839,0.1839,94542.5815,70049.7817,34234.9376,1130729.2747,837795.3891,,,4.951
000881,中广核技,化工原料,辽宁,19980902,000881.SZ,20210326,11.36,12.13,11.26,11.95,11.15,0.8,7.1749,232846.47,272391.005,3.324,6.8014,0.99,110.0277,40.252,1.8968,1.609,1.5909,0.1841,0.1841,94542.5815,70049.7817,34234.9376,1129783.8489,837094.8913,,,4.951
000881,中广核技,化工原料,辽宁,19980902,000881.SZ,20210325,11.81,12.03,10.99,11.15,12.03,-0.88,-7.315,208149.33,236335.429,2.9714,6.08,0.92,102.6618,37.5573,1.7699,1.5013,1.4844,0.1973,0.1973,94542.5815,70049.7817,34234.9376,1054149.7837,781055.066,,,4.951
000881,中广核技,化工原料,辽宁,19980902,000881.SZ,20210324,11.37,12.18,11.29,12.03,11.68,0.35,2.9966,213707.69,252129.259,3.0508,6.2424,0.9,110.7643,40.5215,1.9095,1.6198,1.6016,0.1829,0.1829,94542.5815,70049.7817,34234.9376,1137347.2554,842698.8739,,,4.951
000881,中广核技,化工原料,辽宁,19980902,000881.SZ,20210323,12.57,12.57,11.57,11.68,12.58,-0.9,-7.1542,268661.09,321745.122,3.8353,7.8476,1.04,107.5417,39.3426,1.854,1.5727,1.555,0.1884,0.1884,94542.5815,70049.7817,34234.9376,1104257.3519,818181.4503,,,4.951
000881,中广核技,化工原料,辽宁,19980902,000881.SZ,20210322,11.88,12.84,11.83,12.58,11.9,0.68,5.7143,294135.64,364234.516,4.199,8.5917,1.11,115.8283,42.3741,1.9968,1.6938,1.6748,0.1749,0.1749,94542.5815,70049.7817,34234.9376,1189345.6753,881226.2538,,,4.951
000881,中广核技,化工原料,辽宁,19980902,000881.SZ,20210319,11.49,12.07,11.36,11.9,11.76,0.14,1.1905,192110.44,226717.775,2.7425,5.6115,0.69,109.5673,40.0836,1.8889,1.6023,1.5843,0.1849,0.1849,94542.5815,70049.7817,34234.9376,1125056.7199,833592.4022,,,4.951
000881,中广核技,化工原料,辽宁,19980902,000881.SZ,20210318,11.82,11.94,11.59,11.76,11.75,0.01,0.0851,157016.31,184532.782,2.2415,4.5864,0.56,108.2783,39.612,1.8667,1.5834,1.5656,0.1871,0.1871,94542.5815,70049.7817,34234.9376,1111820.7584,823785.4328,,,4.951
000881,中广核技,化工原料,辽宁,19980902,000881.SZ,20210317,12.38,12.38,11.72,11.75,12.6,-0.85,-6.746,273357.89,327981.885,3.9023,7.9848,1.06,108.1862,39.5783,1.8651,1.5821,1.5643,0.1872,0.1872,94542.5815,70049.7817,34234.9376,1110875.3326,823084.935,,,4.951
000881,中广核技,化工原料,辽宁,19980902,000881.SZ,20210316,12.08,12.87,11.72,12.6,12.08,0.52,4.3046,373768.67,461429.9,5.3358,10.9178,1.64,116.0125,42.4415,2.0,1.6965,1.6775,0.1746,0.1746,94542.5815,70049.7817,34234.9376,1191236.5269,882627.2494,,,4.951
000881,中广核技,化工原料,辽宁,19980902,000881.SZ,20210315,12.01,12.9,12.01,12.08,11.77,0.31,2.6338,330084.2,407939.027,4.7121,9.6417,1.58,111.2246,40.6899,1.9175,1.6265,1.6082,0.1821,0.1821,94542.5815,70049.7817,34234.9376,1142074.3845,846201.3629,,,4.951
000881,中广核技,化工原料,辽宁,19980902,000881.SZ,20210312,11.1,12.2,10.98,11.77,11.21,0.56,4.9955,259772.01,304021.817,3.7084,7.5879,1.41,108.3704,39.6457,1.8683,1.5848,1.567,0.1869,0.1869,94542.5815,70049.7817,34234.9376,1112766.1843,824485.9306,,,4.951
000881,中广核技,化工原料,辽宁,19980902,000881.SZ,20210311,11.0,11.38,10.77,11.21,11.01,0.2,1.8165,175373.84,195444.957,2.5036,5.1227,1.07,103.2143,37.7594,1.7794,1.5094,1.4924,0.1963,0.1963,94542.5815,70049.7817,34234.9376,1059822.3386,785258.0529,,,4.951
000881,中广核技,化工原料,辽宁,19980902,000881.SZ,20210310,10.7,11.04,10.3,11.01,10.78,0.23,2.1336,150649.33,161717.21,2.1506,4.4005,0.98,101.3728,37.0858,1.7476,1.4824,1.4658,0.1998,0.1998,94542.5815,70049.7817,34234.9376,1040913.8223,771248.0965,,,4.951
000881,中广核技,化工原料,辽宁,19980902,000881.SZ,20210309,10.71,11.25,10.66,10.78,10.75,0.03,0.2791,221408.77,242457.862,3.1607,6.4673,1.65,99.2551,36.311,1.7111,1.4515,1.4352,0.2041,0.2041,94542.5815,70049.7817,34234.9376,1019169.0286,755136.6467,12.94,10.58,4.951
000881,中广核技,化工原料,辽宁,19980902,000881.SZ,20210308,11.27,11.5,10.72,10.75,10.54,0.21,1.9924,235319.71,260239.699,3.3593,6.8737,2.31,98.9789,36.21,1.7064,1.4474,1.4312,0.2047,0.2047,94542.5815,70049.7817,34234.9376,1016332.7511,753035.1533,,,4.951
000881,中广核技,化工原料,辽宁,19980902,000881.SZ,20210305,10.09,10.58,10.02,10.54,10.14,0.4,3.9448,138561.7,144407.265,1.978,4.0474,1.6,97.0453,35.5026,1.673,1.4192,1.4032,0.2087,0.2087,94542.5815,70049.7817,34234.9376,996478.809,738324.6991,,,4.951
000881,中广核技,化工原料,辽宁,19980902,000881.SZ,20210304,10.21,10.31,10.08,10.14,10.37,-0.23,-2.2179,76455.31,77772.378,1.0914,2.2333,0.85,93.3624,34.1553,1.6095,1.3653,1.35,0.217,0.217,94542.5815,70049.7817,34234.9376,958661.7764,710304.7864,,,4.951
000881,中广核技,化工原料,辽宁,19980902,000881.SZ,20210303,10.24,10.4,10.16,10.37,10.22,0.15,1.4677,98014.48,100924.013,1.3992,2.863,1.1,95.4801,34.93,1.646,1.3963,1.3806,0.2122,0.2122,94542.5815,70049.7817,34234.9376,980406.5702,726416.2362,,,4.951
000881,中广核技,化工原料,辽宁,19980902,000881.SZ,20210302,10.17,10.42,9.99,10.22,10.06,0.16,1.5905,121435.93,123999.841,1.7336,3.5471,1.43,94.099,34.4247,1.6222,1.3761,1.3606,0.2153,0.2153,94542.5815,70049.7817,34234.9376,966225.1829,715908.769,,,4.951
000881,中广核技,化工原料,辽宁,19980902,000881.SZ,20210301,9.67,10.1,9.67,10.06,9.62,0.44,4.5738,75609.06,75068.813,1.0794,2.2085,0.78,92.6258,33.8858,1.5968,1.3545,1.3393,0.2187,0.2187,94542.5815,70049.7817,34234.9376,951098.3699,704700.8039,,,4.951
000881,中广核技,化工原料,辽宁,19980902,000881.SZ,20210226,9.61,9.75,9.48,9.62,9.8,-0.18,-1.8367,62241.37,59802.562,0.8885,1.8181,0.6,88.5746,32.4037,1.527,1.2953,1.2807,0.2287,0.2287,94542.5815,70049.7817,34234.9376,909499.634,673878.9,,,4.951
000881,中广核技,化工原料,辽宁,19980902,000881.SZ,20210225,10.03,10.19,9.7,9.8,10.05,-0.25,-2.4876,90517.25,89446.309,1.2922,2.644,0.86,90.2319,33.01,1.5556,1.3195,1.3047,0.2245,0.2245,94542.5815,70049.7817,34234.9376,926517.2987,686487.8607,,,4.951
000881,中广核技,化工原料,辽宁,19980902,000881.SZ,20210224,10.01,10.3,9.91,10.05,10.01,0.04,0.3996,96233.1,97025.93,1.3738,2.811,0.98,92.5337,33.8521,1.5953,1.3532,1.338,0.2189,0.2189,94542.5815,70049.7817,34234.9376,950152.9441,704000.3061,,,4.951
000881,中广核技,化工原料,辽宁,19980902,000881.SZ,20210223,10.22,10.25,9.91,10.01,10.1,-0.09,-0.8911,99845.97,100611.239,1.4254,2.9165,1.03,92.1655,33.7174,1.5889,1.3478,1.3326,0.2198,0.2198,94542.5815,70049.7817,34234.9376,946371.2408,701198.3148,11.15,9.13,4.951
000881,中广核技,化工原料,辽宁,19980902,000881.SZ,20210222,10.24,10.54,10.08,10.1,10.15,-0.05,-0.4926,137156.37,141234.236,1.958,4.0063,1.28,92.9941,34.0205,1.6032,1.3599,1.3446,0.2178,0.2178,94542.5815,70049.7817,34234.9376,954880.0732,707502.7952,,,4.951
000881,中广核技,化工原料,辽宁,19980902,000881.SZ,20210219,9.8,10.25,9.71,10.15,9.85,0.3,3.0457,92404.32,92612.67,1.3191,2.6991,0.66,93.4545,34.189,1.6111,1.3666,1.3513,0.2167,0.2167,94542.5815,70049.7817,34234.9376,959607.2022,711005.2843,,,4.951
000881,中广核技,化工原料,辽宁,19980902,000881.SZ,20210218,9.52,9.87,9.49,9.85,9.35,0.5,5.3476,102149.1,99402.467,1.4582,2.9838,0.63,90.6923,33.1784,1.5635,1.3263,1.3113,0.2234,0.2234,94542.5815,70049.7817,34234.9376,931244.4278,689990.3497,,,4.951
000881,中广核技,化工原料,辽宁,19980902,000881.SZ,20210210,9.35,9.45,9.22,9.35,9.32,0.03,0.3219,60431.85,56360.068,0.8627,1.7652,0.33,86.0886,31.4943,1.4841,1.2589,1.2448,0.2353,0.2353,94542.5815,70049.7817,34234.9376,883973.137,654965.4589,,,4.951
000881,中广核技,化工原料,辽宁,19980902,000881.SZ,20210209,9.17,9.55,9.17,9.32,9.15,0.17,1.8579,93550.35,87423.83,1.3355,2.7326,0.44,85.8124,31.3932,1.4794,1.2549,1.2408,0.2361,0.2361,94542.5815,70049.7817,34234.9376,881136.8596,652863.9654,,,4.951
000881,中广核技,化工原料,辽宁,19980902,000881.SZ,20210208,9.58,9.68,9.14,9.15,10.15,-1.0,-9.8522,188767.68,174495.018,2.6948,5.5139,0.91,84.2471,30.8206,1.4524,1.232,1.2182,0.2404,0.2404,94542.5815,70049.7817,34234.9376,865064.6207,640955.5026,,,4.951
000881,中广核技,化工原料,辽宁,19980902,000881.SZ,20210205,11.16,11.2,10.15,10.15,11.28,-1.13,-10.0177,253352.32,262643.0,3.6167,7.4004,1.39,93.4545,34.189,1.6111,1.3666,1.3513,0.2167,0.2167,94542.5815,70049.7817,34234.9376,959607.2022,711005.2843,,,4.951
000881,中广核技,化工原料,辽宁,19980902,000881.SZ,20210204,10.84,11.38,10.69,11.28,11.0,0.28,2.5455,215516.94,239635.573,3.0766,6.2952,1.32,103.8588,37.9952,1.7905,1.5188,1.5017,0.195,0.195,94542.5815,70049.7817,34234.9376,1066440.3193,790161.5376,,,4.951
000881,中广核技,化工原料,辽宁,19980902,000881.SZ,20210203,11.08,11.25,10.84,11.0,11.05,-0.05,-0.4525,175282.13,193242.867,2.5023,5.12,1.08,101.2807,37.0521,1.7461,1.4811,1.4644,0.2,0.2,94542.5815,70049.7817,34234.9376,1039968.3965,770547.5987,,,4.951
000881,中广核技,化工原料,辽宁,19980902,000881.SZ,20210202,10.63,11.5,10.45,11.05,10.64,0.41,3.8534,232827.04,256490.256,3.3237,6.8009,1.6,101.7411,37.2205,1.754,1.4878,1.4711,0.1991,0.1991,94542.5815,70049.7817,34234.9376,1044695.5256,774050.0878,,,4.951
000881,中广核技,化工原料,辽宁,19980902,000881.SZ,20210201,10.15,10.81,10.06,10.64,10.05,0.59,5.8706,160689.93,168981.195,2.2939,4.6937,1.0,97.9661,35.8395,1.6889,1.4326,1.4165,0.2068,0.2068,94542.5815,70049.7817,34234.9376,1005933.0672,745329.6773,,,4.951
000881,中广核技,化工原料,辽宁,19980902,000881.SZ,20210129,10.36,10.5,9.92,10.05,10.32,-0.27,-2.6163,127334.84,129109.724,1.8178,3.7194,0.65,92.5337,33.8521,1.5953,1.3532,1.338,0.2189,0.2189,94542.5815,70049.7817,34234.9376,950152.9441,704000.3061,,,4.951
000881,中广核技,化工原料,辽宁,19980902,000881.SZ,20210128,10.56,10.74,10.32,10.32,10.85,-0.53,-4.8848,117582.18,123999.336,1.6786,3.4346,0.44,95.0197,34.7616,1.6381,1.3895,1.3739,0.2132,0.2132,94542.5815,70049.7817,34234.9376,975679.4411,722913.7471,,,4.951
000881,中广核技,化工原料,辽宁,19980902,000881.SZ,20210127,10.38,11.07,10.24,10.85,10.54,0.31,2.9412,175448.36,186314.341,2.5046,5.1248,0.67,99.8996,36.5468,1.7222,1.4609,1.4445,0.2028,0.2028,94542.5815,70049.7817,34234.9376,1025787.0093,760040.1314,,,4.951
000881,中广核技,化工原料,辽宁,19980902,000881.SZ,20210126,10.31,10.72,10.12,10.54,10.44,0.1,0.9579,146721.95,153658.385,2.1211,4.3983,0.53,97.0453,35.5026,1.673,1.4192,1.4032,0.2087,0.2087,94542.5815,69173.3536,33358.5095,996478.809,729087.1469,,,4.951
000881,中广核技,化工原料,辽宁,19980902,000881.SZ,20210125,10.8,11.06,10.43,10.44,11.04,-0.6,-5.4348,239424.46,255670.869,3.4612,7.1773,0.87,96.1246,35.1658,1.6572,1.4057,1.3899,0.2107,0.2107,94542.5815,69173.3536,33358.5095,987024.5509,722169.8116,12.1,9.9,4.951
000881,中广核技,化工原料,辽宁,19980902,000881.SZ,20210122,11.6,11.74,10.71,11.04,11.9,-0.86,-7.2269,302958.21,336795.478,4.3797,9.0819,1.1,101.649,37.1868,1.7524,1.4865,1.4698,0.1993,0.1993,94542.5815,69173.3536,33358.5095,1043750.0998,763673.8237,,,4.951
000881,中广核技,化工原料,辽宁,19980902,000881.SZ,20210121,12.3,12.8,11.58,11.9,11.9,0.0,0.0,458985.7,556382.371,6.6353,13.7592,1.93,109.5673,40.0836,1.8889,1.6023,1.5843,0.1849,0.1849,94542.5815,69173.3536,33358.5095,1125056.7199,823162.9078,,,4.951
000881,中广核技,化工原料,辽宁,19980902,000881.SZ,20210120,10.83,11.9,10.7,11.9,10.82,1.08,9.9815,152149.57,176866.076,2.1995,4.561,0.55,109.5673,40.0836,1.8889,1.6023,1.5843,0.1849,0.1849,94542.5815,69173.3536,33358.5095,1125056.7199,823162.9078,,,4.951
000881,中广核技,化工原料,辽宁,19980902,000881.SZ,20210119,11.07,11.27,10.61,10.82,11.22,-0.4,-3.5651,220834.78,239517.357,3.1925,6.62,0.83,99.6234,36.4458,1.7175,1.4569,1.4405,0.2033,0.2033,94542.5815,69173.3536,33358.5095,1022950.7318,748455.686,,,4.951
000881,中广核技,化工原料,辽宁,19980902,000881.SZ,20210118,11.15,11.46,11.0,11.22,11.22,0.0,0.0,242059.61,272153.923,3.4993,7.2563,0.93,103.3063,37.7931,1.781,1.5107,1.4937,0.1961,0.1961,94542.5815,69173.3536,33358.5095,1060767.7644,776125.0274,,,4.951
000881,中广核技,化工原料,辽宁,19980902,000881.SZ,20210115,10.62,11.55,10.45,11.22,10.72,0.5,4.6642,298881.74,331109.058,4.3208,8.9597,1.25,103.3063,37.7931,1.781,1.5107,1.4937,0.1961,0.1961,94542.5815,69173.3536,33358.5095,1060767.7644,776125.0274,,,4.951
000881,中广核技,化工原料,辽宁,19980902,000881.SZ,20210114,10.65,11.36,10.6,10.72,10.87,-0.15,-1.3799,272444.06,298103.468,3.9386,8.1672,1.15,98.7027,36.1089,1.7016,1.4434,1.4272,0.2052,0.2052,94542.5815,69173.3536,33358.5095,1013496.4737,741538.3506,,,4.951
000881,中广核技,化工原料,辽宁,19980902,000881.SZ,20210113,10.1,11.08,9.8,10.87,10.25,0.62,6.0488,360195.18,379369.109,5.2071,10.7977,1.65,100.0838,36.6142,1.7254,1.4636,1.4471,0.2024,0.2024,94542.5815,69173.3536,33358.5095,1027677.8609,751914.3536,,,4.951
000881,中广核技,化工原料,辽宁,19980902,000881.SZ,20210112,10.05,10.54,10.01,10.25,10.29,-0.04,-0.3887,162738.35,166921.209,2.3526,4.8785,0.6,94.3752,34.5258,1.627,1.3801,1.3646,0.2146,0.2146,94542.5815,69173.3536,33358.5095,969061.4604,709026.8744,,,4.951
000881,中广核技,化工原料,辽宁,19980902,000881.SZ,20210111,10.11,10.48,10.03,10.29,10.02,0.27,2.6946,207063.44,211840.541,2.9934,6.2072,0.61,94.7435,34.6605,1.6334,1.3855,1.3699,0.2138,0.2138,94542.5815,69173.3536,33358.5095,972843.1636,711793.8085,,,4.951
000881,中广核技,化工原料,辽宁,19980902,000881.SZ,20210108,10.0,10.35,9.78,10.02,10.03,-0.01,-0.0997,197294.97,198628.094,2.8522,5.9144,0.46,92.2575,33.7511,1.5905,1.3491,1.334,0.2196,0.2196,94542.5815,69173.3536,33358.5095,947316.6666,693117.0031,,,4.951
000881,中广核技,化工原料,辽宁,19980902,000881.SZ,20210107,10.43,10.5,9.89,10.03,10.52,-0.49,-4.6578,252478.97,256411.555,3.6499,7.5687,0.5,92.3496,33.7848,1.5921,1.3505,1.3353,0.2193,0.2193,94542.5815,69173.3536,33358.5095,948262.0924,693808.7366,,,4.951
000881,中广核技,化工原料,辽宁,19980902,000881.SZ,20210106,10.8,11.0,10.2,10.52,10.89,-0.37,-3.3976,274354.69,287581.538,3.9662,8.2244,0.5,96.8612,35.4353,1.6699,1.4165,1.4005,0.2091,0.2091,94542.5815,69173.3536,33358.5095,994587.9574,727703.6799,,,4.951
000881,中广核技,化工原料,辽宁,19980902,000881.SZ,20210105,10.8,11.4,10.44,10.89,11.15,-0.26,-2.3318,421911.45,456670.038,6.0993,12.6478,0.85,100.2679,36.6816,1.7286,1.4663,1.4498,0.202,0.202,94542.5815,69173.3536,33358.5095,1029568.7125,753297.8207,,,4.951
000881,中广核技,化工原料,辽宁,19980902,000881.SZ,20210104,10.34,11.36,10.02,11.15,11.0,0.15,1.3636,548910.15,588463.594,7.9353,16.4549,1.38,102.6618,37.5573,1.7699,1.5013,1.4844,0.1973,0.1973,94542.5815,69173.3536,33358.5095,1054149.7837,771282.8926,,,4.951
000881,中广核技,化工原料,辽宁,19980902,000881.SZ,20201231,10.99,11.5,10.81,11.0,10.45,0.55,5.2632,660427.87,745863.009,9.5474,19.7979,2.4,101.2807,37.0521,1.7461,1.4811,1.4644,0.3154,0.2,94542.5815,69173.3536,33358.5095,1039968.3965,760906.8896,,,4.951
000881,中广核技,化工原料,辽宁,19980902,000881.SZ,20201230,11.13,11.8,10.39,10.45,10.73,-0.28,-2.6095,642926.22,724052.355,9.2944,19.2732,4.09,96.2167,35.1995,1.6587,1.407,1.3912,0.332,0.2105,94542.5815,69173.3536,33358.5095,987969.9767,722861.5451,,,4.951
000881,中广核技,化工原料,辽宁,19980902,000881.SZ,20201229,10.01,10.73,9.9,10.73,9.75,0.98,10.0513,445697.95,462146.321,6.4432,13.3608,5.67,98.7947,36.1426,1.7032,1.4447,1.4285,0.3233,0.205,94542.5815,69173.3536,33358.5095,1014441.8995,742230.0841,,,4.951
000881,中广核技,化工原料,辽宁,19980902,000881.SZ,20201228,8.89,9.75,8.89,9.75,8.86,0.89,10.0451,189901.73,181106.628,2.7453,5.6928,3.73,89.7715,32.8416,1.5476,1.3128,1.298,0.3558,0.2256,94542.5815,69173.3536,33358.5095,921790.1696,674440.1976,,,4.951
000881,中广核技,化工原料,辽宁,19980902,000881.SZ,20201225,8.58,8.89,8.48,8.86,8.51,0.35,4.1128,44143.41,38529.18,0.6382,1.3233,0.77,81.577,29.8438,1.4064,1.193,1.1795,0.3916,0.2483,94542.5815,69173.3536,33358.5095,837647.2721,612875.9129,,,4.951
000881,中广核技,化工原料,辽宁,19980902,000881.SZ,20201224,8.85,8.85,8.49,8.51,8.85,-0.34,-3.8418,53753.92,46406.586,0.7771,1.6114,0.96,78.3544,28.6648,1.3508,1.1458,1.1329,0.4077,0.2585,94542.5815,69173.3536,33358.5095,804557.3686,588665.2391,,,4.9508
000881,中广核技,化工原料,辽宁,19980902,000881.SZ,20201223,8.8,8.94,8.7,8.85,8.79,0.06,0.6826,53018.28,46783.659,0.7665,1.5893,1.01,81.4849,29.8101,1.4048,1.1916,1.1782,0.392,0.2486,94542.5815,69173.3536,33358.5095,836701.8463,612184.1794,,,4.9508
000881,中广核技,化工原料,辽宁,19980902,000881.SZ,20201222,8.88,9.15,8.78,8.79,8.94,-0.15,-1.6779,52419.4,46932.488,0.7578,1.5714,1.04,80.9325,29.608,1.3953,1.1835,1.1702,0.3947,0.2503,94542.5815,69173.3536,33358.5095,831029.2914,608033.7781,,,4.9508
000881,中广核技,化工原料,辽宁,19980902,000881.SZ,20201221,8.87,9.1,8.87,8.94,8.91,0.03,0.3367,51246.12,45905.888,0.7408,1.5362,1.07,82.3136,30.1132,1.4191,1.2037,1.1902,0.3881,0.2461,94542.5815,69173.3536,33358.5095,845210.6786,618409.7812,,,4.9508
000881,中广核技,化工原料,辽宁,19980902,000881.SZ,20201218,8.73,9.17,8.65,8.91,8.7,0.21,2.4138,75530.67,67620.762,1.0919,2.2642,1.79,82.0374,30.0122,1.4143,1.1997,1.1862,0.3894,0.2469,94542.5815,69173.3536,33358.5095,842374.4012,616334.5806,,,4.9508
000881,中广核技,化工原料,辽宁,19980902,000881.SZ,20201217,8.53,8.74,8.33,8.7,8.56,0.14,1.6355,47282.41,40415.84,0.6835,1.4174,1.21,80.1038,29.3048,1.381,1.1714,1.1582,0.3988,0.2529,94542.5815,69173.3536,33358.5095,822520.4591,601808.1763,,,4.9508
000881,中广核技,化工原料,辽宁,19980902,000881.SZ,20201216,8.69,8.7,8.55,8.56,8.73,-0.17,-1.9473,36016.21,31036.53,0.5207,1.0797,0.84,78.8148,28.8332,1.3587,1.1526,1.1396,0.4053,0.257,94542.5815,69173.3536,33358.5095,809284.4976,592123.9068,,,4.9508
000881,中广核技,化工原料,辽宁,19980902,000881.SZ,20201215,8.87,8.88,8.61,8.73,8.88,-0.15,-1.6892,41433.0,36149.167,0.599,1.2421,0.75,80.3801,29.4059,1.3857,1.1755,1.1622,0.3974,0.252,94542.5815,69173.3536,33358.5095,825356.7365,603883.3769,9.36,7.66,4.9508
000881,中广核技,化工原料,辽宁,19980902,000881.SZ,20201214,9.05,9.1,8.84,8.88,9.04,-0.16,-1.7699,38101.04,33978.927,0.5508,1.1422,0.57,81.7612,29.9111,1.4095,1.1956,1.1822,0.3907,0.2477,94542.5815,69173.3536,33358.5095,839538.1237,614259.38,,,4.9508
000881,中广核技,化工原料,辽宁,19980902,000881.SZ,20201211,8.93,9.09,8.8,9.04,8.99,0.05,0.5562,47595.55,42550.662,0.6881,1.4268,0.76,83.2343,30.4501,1.4349,1.2172,1.2035,0.3838,0.2434,94542.5815,69173.3536,33358.5095,854664.9368,625327.1165,,,4.9508
000881,中广核技,化工原料,辽宁,19980902,000881.SZ,20201210,9.02,9.06,8.93,8.99,9.06,-0.07,-0.7726,31871.64,28638.595,0.4608,0.9554,0.49,82.774,30.2816,1.427,1.2105,1.1968,0.3859,0.2447,94542.5815,69173.3536,33358.5095,849937.8077,621868.4489,,,4.9508
000881,中广核技,化工原料,辽宁,19980902,000881.SZ,20201209,9.33,9.36,9.03,9.06,9.33,-0.27,-2.8939,55197.9,50728.262,0.798,1.6547,0.91,83.4185,30.5174,1.4381,1.2199,1.2062,0.3829,0.2428,94542.5815,69173.3536,33358.5095,856555.7884,626710.5836,9.8,8.02,4.9508
000881,中广核技,化工原料,辽宁,19980902,000881.SZ,20201208,9.12,9.43,9.01,9.33,9.19,0.14,1.5234,104209.65,96566.845,1.5065,3.1239,2.16,85.9045,31.4269,1.481,1.2562,1.2421,0.3718,0.2358,94542.5815,69173.3536,33358.5095,882082.2854,645387.3891,,,4.9508
000881,中广核技,化工原料,辽宁,19980902,000881.SZ,20201207,8.99,9.39,8.88,9.19,8.99,0.2,2.2247,92974.01,85556.618,1.3441,2.7871,2.27,84.6154,30.9553,1.4587,1.2374,1.2235,0.3775,0.2394,94542.5815,69173.3536,33358.5095,868846.324,635703.1196,9.42,7.7,4.9508
000881,中广核技,化工原料,辽宁,19980902,000881.SZ,20201204,8.94,9.02,8.83,8.99,8.91,0.08,0.8979,29448.0,26295.942,0.4257,0.8828,0.54,82.774,30.2816,1.427,1.2105,1.1968,0.3859,0.2447,94542.5815,69173.3536,33358.5095,849937.8077,621868.4489,,,4.9508
000881,中广核技,化工原料,辽宁,19980902,000881.SZ,20201203,9.08,9.08,8.91,8.91,9.08,-0.17,-1.8722,44920.51,40244.191,0.6494,1.3466,0.82,82.0374,30.0122,1.4143,1.1997,1.1862,0.3894,0.2469,94542.5815,69173.3536,33358.5095,842374.4012,616334.5806,,,4.9508
000881,中广核技,化工原料,辽宁,19980902,000881.SZ,20201202,9.09,9.14,9.01,9.08,9.1,-0.02,-0.2198,30131.78,27278.542,0.4356,0.9033,0.51,83.6026,30.5848,1.4413,1.2226,1.2088,0.3821,0.2423,94542.5815,69173.3536,33358.5095,858446.64,628094.0507,,,4.9508
000881,中广核技,化工原料,辽宁,19980902,000881.SZ,20201201,8.97,9.12,8.95,9.1,8.99,0.11,1.2236,43837.0,39629.081,0.6337,1.3141,0.76,83.7868,30.6522,1.4445,1.2253,1.2115,0.3812,0.2418,94542.5815,69173.3536,33358.5095,860337.4917,629477.5178,9.89,8.09,4.9508
000881,中广核技,化工原料,辽宁,19980902,000881.SZ,20201130,9.1,9.17,8.97,8.99,9.19,-0.2,-2.1763,56011.0,50806.337,0.8097,1.6791,1.02,82.774,30.2816,1.427,1.2105,1.1968,0.3859,0.2447,94542.5815,69173.3536,33358.5095,849937.8077,621868.4489,,,4.9508
000881,中广核技,化工原料,辽宁,19980902,000881.SZ,20201127,9.2,9.49,9.06,9.19,8.86,0.33,3.7246,96024.05,88301.702,1.3882,2.8785,2.34,84.6154,30.9553,1.4587,1.2374,1.2235,0.3775,0.2394,94542.5815,69173.3536,33358.5095,868846.324,635703.1196,,,4.9508
000881,中广核技,化工原料,辽宁,19980902,000881.SZ,20201126,8.97,9.01,8.8,8.86,8.97,-0.11,-1.2263,47066.92,41764.743,0.6804,1.4109,1.22,81.577,29.8438,1.4064,1.193,1.1795,0.3916,0.2483,94542.5815,69173.3536,33358.5095,837647.2721,612875.9129,,,4.9508
000881,中广核技,化工原料,辽宁,19980902,000881.SZ,20201125,9.15,9.29,8.95,8.97,9.07,-0.1,-1.1025,53707.57,48921.91,0.7764,1.61,1.45,82.5898,30.2143,1.4238,1.2078,1.1942,0.3868,0.2453,94542.5815,69173.3536,33358.5095,848046.9561,620484.9818,,,4.9508
000881,中广核技,化工原料,辽宁,19980902,000881.SZ,20201124,9.16,9.18,9.01,9.07,9.16,-0.09,-0.9825,34119.25,31053.68,0.4932,1.0228,0.81,83.5106,30.5511,1.4397,1.2212,1.2075,0.3825,0.2426,94542.5815,69173.3536,33358.5095,857501.2142,627402.3172,,,4.9508
000881,中广核技,化工原料,辽宁,19980902,000881.SZ,20201123,9.14,9.28,9.09,9.16,9.1,0.06,0.6593,43762.0,40149.516,0.6326,1.3119,0.83,84.3392,30.8543,1.454,1.2333,1.2195,0.3787,0.2402,94542.5815,69173.3536,33358.5095,866010.0465,633627.919,9.99,8.17,4.9508
000881,中广核技,化工原料,辽宁,19980902,000881.SZ,20201120,9.06,9.13,8.99,9.1,9.06,0.04,0.4415,26804.72,24315.294,0.3875,0.8035,0.51,83.7868,30.6522,1.4445,1.2253,1.2115,0.3812,0.2418,94542.5815,69173.3536,33358.5095,860337.4917,629477.5178,10.01,8.19,4.9508
000881,中广核技,化工原料,辽宁,19980902,000881.SZ,20201119,9.08,9.09,8.91,9.06,9.04,0.02,0.2212,34934.0,31413.139,0.505,1.0472,0.64,83.4185,30.5174,1.4381,1.2199,1.2062,0.3829,0.2428,94542.5815,69173.3536,33358.5095,856555.7884,626710.5836,9.89,8.09,4.9508
000881,中广核技,化工原料,辽宁,19980902,000881.SZ,20201118,9.05,9.19,9.02,9.04,9.12,-0.08,-0.8772,45141.63,41023.513,0.6526,1.3532,0.83,83.2343,30.4501,1.4349,1.2172,1.2035,0.3838,0.2434,94542.5815,69173.3536,33358.5095,854664.9368,625327.1165,,,4.9508
000881,中广核技,化工原料,辽宁,19980902,000881.SZ,20201117,9.2,9.25,9.04,9.12,9.16,-0.04,-0.4367,59696.88,54420.706,0.863,1.7896,1.1,83.9709,30.7195,1.4476,1.228,1.2142,0.3804,0.2412,94542.5815,69173.3536,33358.5095,862228.3433,630860.9848,,,4.9508
000881,中广核技,化工原料,辽宁,19980902,000881.SZ,20201116,8.88,9.26,8.76,9.16,8.73,0.43,4.9255,96050.53,86982.873,1.3885,2.8793,2.0,84.3392,30.8543,1.454,1.2333,1.2195,0.3787,0.2402,94542.5815,69173.3536,33358.5095,866010.0465,633627.919,,,4.9508
000881,中广核技,化工原料,辽宁,19980902,000881.SZ,20201113,8.72,8.74,8.61,8.73,8.75,-0.02,-0.2286,28968.26,25116.247,0.4188,0.8684,0.56,80.3801,29.4059,1.3857,1.1755,1.1622,0.3974,0.252,94542.5815,69173.3536,33358.5095,825356.7365,603883.3769,,,4.9508
000881,中广核技,化工原料,辽宁,19980902,000881.SZ,20201112,8.63,8.75,8.59,8.75,8.67,0.08,0.9227,42070.41,36451.052,0.6082,1.2612,0.81,80.5642,29.4732,1.3889,1.1781,1.1649,0.3965,0.2514,94542.5815,69173.3536,33358.5095,827247.5881,605266.844,,,4.9508
000881,中广核技,化工原料,辽宁,19980902,000881.SZ,20201111,8.72,8.79,8.62,8.67,8.8,-0.13,-1.4773,44231.24,38492.793,0.6394,1.3259,0.8,79.8276,29.2038,1.3762,1.1674,1.1542,0.4002,0.2537,94542.5815,69173.3536,33358.5095,819684.1816,599732.9757,,,4.9508
000881,中广核技,化工原料,辽宁,19980902,000881.SZ,20201110,8.91,8.95,8.75,8.8,8.9,-0.1,-1.1236,61064.34,53908.95,0.8828,1.8305,0.99,81.0246,29.6417,1.3968,1.1849,1.1716,0.3942,0.25,94542.5815,69173.3536,33358.5095,831974.7172,608725.5117,,,4.9508
000881,中广核技,化工原料,辽宁,19980902,000881.SZ,20201109,8.8,8.95,8.77,8.9,8.75,0.15,1.7143,63595.69,56524.555,0.9194,1.9064,0.94,81.9453,29.9785,1.4127,1.1983,1.1849,0.3898,0.2472,94542.5815,69173.3536,33358.5095,841428.9754,615642.847,,,4.9508
000881,中广核技,化工原料,辽宁,19980902,000881.SZ,20201106,8.88,8.93,8.65,8.75,8.86,-0.11,-1.2415,46941.89,41099.751,0.6786,1.4072,0.6,80.5642,29.4732,1.3889,1.1781,1.1649,0.3965,0.2514,94542.5815,69173.3536,33358.5095,827247.5881,605266.844,,,4.9508
000881,中广核技,化工原料,辽宁,19980902,000881.SZ,20201105,8.91,8.95,8.8,8.86,8.82,0.04,0.4535,44753.08,39617.51,0.647,1.3416,0.55,81.577,29.8438,1.4064,1.193,1.1795,0.3916,0.2483,94542.5815,69173.3536,33358.5095,837647.2721,612875.9129,,,4.9508
000881,中广核技,化工原料,辽宁,19980902,000881.SZ,20201104,9.0,9.05,8.72,8.82,8.92,-0.1,-1.1211,59230.22,52443.835,0.8563,1.7756,0.75,81.2087,29.709,1.4,1.1876,1.1742,0.3933,0.2494,94542.5815,69173.3536,33358.5095,833865.5688,610108.9788,,,4.9508
000881,中广核技,化工原料,辽宁,19980902,000881.SZ,20201103,8.56,9.04,8.4,8.92,8.44,0.48,5.6872,94752.23,82891.512,1.3698,2.8404,1.4,82.1295,30.0459,1.4159,1.201,1.1875,0.3889,0.2466,94542.5815,69173.3536,33358.5095,843319.827,617026.3141,,,4.9508
000881,中广核技,化工原料,辽宁,19980902,000881.SZ,20201102,8.8,8.8,8.39,8.44,8.81,-0.37,-4.1998,94251.35,80582.006,1.3625,2.8254,1.73,77.7099,28.429,1.3397,1.1364,1.1236,0.4111,0.2607,94542.5815,69173.3536,33358.5095,797939.3879,583823.1044,,,4.9508
000881,中广核技,化工原料,辽宁,19980902,000881.SZ,20201030,9.31,9.31,8.74,8.81,9.32,-0.51,-5.4721,98012.63,87598.679,1.4169,3.021,2.35,81.1166,29.6753,1.3984,1.1862,1.1729,0.3938,0.2497,94542.5815,69173.3536,32443.6022,832920.143,609417.2452,,,4.9508
000881,中广核技,化工原料,辽宁,19980902,000881.SZ,20201029,9.4,9.41,9.23,9.32,9.51,-0.19,-1.9979,57381.28,53510.736,0.8295,1.7686,1.52,85.8124,34.6315,1.4921,1.2549,1.2421,0.3722,0.2361,94542.5815,69173.3536,32443.6022,881136.8596,644695.6556,,,4.9508
000881,中广核技,化工原料,辽宁,19980902,000881.SZ,20201028,9.35,9.55,9.28,9.51,9.37,0.14,1.4941,48825.85,46087.982,0.7058,1.5049,1.34,87.5618,35.3376,1.5225,1.2805,1.2674,0.3648,0.5961,94542.5815,69173.3536,32443.6022,899099.9501,657838.5927,,,4.9508
000881,中广核技,化工原料,辽宁,19980902,000881.SZ,20201027,9.35,9.45,9.25,9.37,9.35,0.02,0.2139,39022.88,36383.058,0.5641,1.2028,1.01,86.2728,34.8173,1.5001,1.2616,1.2488,0.3703,0.6051,94542.5815,69173.3536,32443.6022,885863.9887,648154.3232,,,4.9508
000881,中广核技,化工原料,辽宁,19980902,000881.SZ,20201026,9.38,9.48,9.27,9.35,9.48,-0.13,-1.3713,28917.84,27100.479,0.418,0.8913,0.68,86.0886,34.743,1.4969,1.2589,1.2461,0.3711,0.6063,94542.5815,69173.3536,32443.6022,883973.137,646770.8562,,,4.9508
000881,中广核技,化工原料,辽宁,19980902,000881.SZ,20201023,9.51,9.58,9.3,9.48,9.49,-0.01,-0.1054,34780.48,32902.763,0.5028,1.072,0.66,87.2856,35.2261,1.5177,1.2764,1.2634,0.366,0.598,94542.5815,69173.3536,32443.6022,896263.6726,655763.3921,,,4.9508
000881,中广核技,化工原料,辽宁,19980902,000881.SZ,20201022,9.46,9.63,9.35,9.49,9.46,0.03,0.3171,37011.76,35175.319,0.5351,1.1408,0.56,87.3776,35.2632,1.5193,1.2778,1.2648,0.3656,0.5974,94542.5815,69173.3536,32443.6022,897209.0984,656455.1257,,,4.9508
000881,中广核技,化工原料,辽宁,19980902,000881.SZ,20201021,9.75,9.82,9.46,9.46,9.78,-0.32,-3.272,41993.83,40204.815,0.6071,1.2944,0.45,87.1014,35.1518,1.5145,1.2737,1.2608,0.3667,0.5993,94542.5815,69173.3536,32443.6022,894372.821,654379.9251,,,4.9508
000881,中广核技,化工原料,辽宁,19980902,000881.SZ,20201020,9.65,9.83,9.46,9.78,9.66,0.12,1.2422,50666.29,48808.48,0.7325,1.5617,0.46,90.0478,36.3408,1.5657,1.3168,1.3034,0.3547,0.5797,94542.5815,69173.3536,32443.6022,924626.4471,676515.3982,,,4.9508
000881,中广核技,化工原料,辽宁,19980902,000881.SZ,20201019,9.86,9.87,9.62,9.66,9.8,-0.14,-1.4286,48308.65,46997.106,0.6984,1.489,0.41,88.9429,35.8949,1.5465,1.3007,1.2874,0.3591,0.5869,94542.5815,69173.3536,32443.6022,913281.3373,668214.5958,,,4.9508
000881,中广核技,化工原料,辽宁,19980902,000881.SZ,20201016,10.09,10.1,9.69,9.8,10.01,-0.21,-2.0979,85181.53,83470.917,1.2314,2.6255,0.77,90.2319,36.4151,1.5689,1.3195,1.3061,0.354,0.5785,94542.5815,69173.3536,32443.6022,926517.2987,677898.8653,,,4.9508
000881,中广核技,化工原料,辽宁,19980902,000881.SZ,20201015,10.2,10.26,9.93,10.01,10.27,-0.26,-2.5316,101720.23,102506.088,1.4705,3.1353,1.01,92.1655,37.1955,1.6026,1.3478,1.3341,0.3466,0.5664,94542.5815,69173.3536,32443.6022,946371.2408,692425.2695,,,4.9508
000881,中广核技,化工原料,辽宁,19980902,000881.SZ,20201014,9.83,10.33,9.67,10.27,9.88,0.39,3.9474,180760.27,182417.999,2.6131,5.5715,2.29,94.5594,38.1616,1.6442,1.3828,1.3687,0.3378,0.552,94542.5815,69173.3536,32443.6022,970952.312,710410.3415,,,4.9508
000881,中广核技,化工原料,辽宁,19980902,000881.SZ,20201013,10.04,10.04,9.61,9.88,10.06,-0.18,-1.7893,131616.41,128907.36,1.9027,4.0568,1.93,90.9685,36.7124,1.5818,1.3303,1.3168,0.3511,0.5738,94542.5815,69173.3536,32443.6022,934080.7052,683432.7336,,,4.9508
000881,中广核技,化工原料,辽宁,19980902,000881.SZ,20201012,9.65,10.08,9.65,10.06,9.63,0.43,4.4652,84408.22,83708.325,1.2202,2.6017,1.41,92.6258,37.3813,1.6106,1.3545,1.3407,0.3449,0.5636,94542.5815,69173.3536,32443.6022,951098.3699,695883.9372,,,4.9508
000881,中广核技,化工原料,辽宁,19980902,000881.SZ,20201009,9.61,9.73,9.56,9.63,9.5,0.13,1.3684,55902.46,53963.078,0.8082,1.7231,0.93,88.6667,35.7835,1.5417,1.2966,1.2834,0.3603,0.5887,94542.5815,69173.3536,32443.6022,910445.0598,666139.3952,,,4.9508
000881,中广核技,化工原料,辽宁,19980902,000881.SZ,20200930,9.4,9.67,9.33,9.5,9.37,0.13,1.3874,51730.56,49072.482,0.7478,1.5945,0.89,87.4697,35.3004,1.5209,1.2791,1.2661,0.3652,0.5968,94542.5815,69173.3536,32443.6022,898154.5243,657146.8592,,,4.9508
000881,中广核技,化工原料,辽宁,19980902,000881.SZ,20200929,9.58,9.64,9.33,9.37,9.58,-0.21,-2.1921,70840.42,66549.245,1.0241,2.1835,1.34,86.2728,34.8173,1.5001,1.2616,1.2488,0.3703,0.6051,94542.5815,69173.3536,32443.6022,885863.9887,648154.3232,,,4.9508
000881,中广核技,化工原料,辽宁,19980902,000881.SZ,20200928,9.37,9.67,9.32,9.58,9.3,0.28,3.0108,78018.85,74361.859,1.1279,2.4048,1.66,88.2063,35.5977,1.5337,1.2899,1.2768,0.3621,0.5918,94542.5815,69173.3536,32443.6022,905717.9308,662680.7275,,,4.9508
000881,中广核技,化工原料,辽宁,19980902,000881.SZ,20200925,9.39,9.39,9.09,9.3,9.22,0.08,0.8677,42830.14,39601.36,0.6192,1.3201,0.84,85.6282,34.5572,1.4889,1.2522,1.2395,0.373,0.6096,94542.5815,69173.3536,32443.6022,879246.008,643312.1885,,,4.9508
000881,中广核技,化工原料,辽宁,19980902,000881.SZ,20200924,9.47,9.5,9.15,9.22,9.53,-0.31,-3.2529,56908.32,52818.721,0.8227,1.7541,1.15,84.8917,34.26,1.4761,1.2414,1.2288,0.3763,0.6149,94542.5815,69173.3536,32443.6022,871682.6014,637778.3202,,,4.9508
000881,中广核技,化工原料,辽宁,19980902,000881.SZ,20200923,9.47,9.56,9.4,9.53,9.41,0.12,1.2752,40717.01,38666.146,0.5886,1.255,0.83,87.7459,35.4119,1.5257,1.2832,1.2701,0.364,0.5949,94542.5815,69173.3536,32443.6022,900990.8017,659222.0598,,,4.9508
000881,中广核技,化工原料,辽宁,19980902,000881.SZ,20200922,9.48,9.57,9.38,9.41,9.52,-0.11,-1.1555,45444.15,42973.677,0.657,1.4007,0.83,86.6411,34.966,1.5065,1.267,1.2541,0.3687,0.6025,94542.5815,69173.3536,32443.6022,889645.6919,650921.2574,,,4.9508
000881,中广核技,化工原料,辽宁,19980902,000881.SZ,20200921,9.56,9.68,9.43,9.52,9.54,-0.02,-0.2096,48413.15,46145.517,0.6999,1.4922,0.87,87.6539,35.3747,1.5241,1.2818,1.2688,0.3644,0.5955,94542.5815,69173.3536,32443.6022,900045.3759,658530.3263,10.45,8.55,4.9508
000881,中广核技,化工原料,辽宁,19980902,000881.SZ,20200918,9.34,9.57,9.23,9.54,9.32,0.22,2.3605,63209.7,59530.064,0.8971,1.9128,1.14,87.838,35.449,1.5273,1.2845,1.2714,0.3637,0.5943,94542.5815,69173.3536,32443.6022,901936.2275,659913.7933,,,4.9508
000881,中广核技,化工原料,辽宁,19980902,000881.SZ,20200917,9.26,9.44,9.22,9.32,9.29,0.03,0.3229,49452.0,46169.098,0.7149,1.5242,0.84,85.8124,34.6315,1.4921,1.2549,1.2421,0.3722,0.6083,94542.5815,69173.3536,32443.6022,881136.8596,644695.6556,,,4.9508
000881,中广核技,化工原料,辽宁,19980902,000881.SZ,20200916,9.23,9.37,9.18,9.29,9.28,0.01,0.1078,40170.64,37297.721,0.5807,1.2382,0.59,85.5362,34.5201,1.4873,1.2509,1.2381,0.3734,0.6103,94542.5815,69173.3536,32443.6022,878300.5821,642620.4549,10.23,8.37,4.9508
000881,中广核技,化工原料,辽宁,19980902,000881.SZ,20200915,9.12,9.42,9.05,9.28,9.15,0.13,1.4208,73649.35,68093.214,1.0647,2.2701,1.05,85.4441,34.4829,1.4857,1.2495,1.2368,0.3739,0.6109,94542.5815,69173.3536,32443.6022,877355.1563,641928.7214,,,4.9508
000881,中广核技,化工原料,辽宁,19980902,000881.SZ,20200914,9.15,9.32,9.08,9.15,9.15,0.0,0.0,51428.04,47116.054,0.7435,1.5852,0.62,84.2471,33.9999,1.4649,1.232,1.2195,0.3792,0.6196,94542.5815,69173.3536,32443.6022,865064.6207,632936.1854,,,4.9508
000881,中广核技,化工原料,辽宁,19980902,000881.SZ,20200911,9.02,9.19,8.68,9.15,8.97,0.18,2.0067,56458.55,51130.935,0.8162,1.7402,0.6,84.2471,33.9999,1.4649,1.232,1.2195,0.3792,0.6196,94542.5815,69173.3536,32443.6022,865064.6207,632936.1854,,,4.9508
000881,中广核技,化工原料,辽宁,19980902,000881.SZ,20200910,9.13,9.22,8.92,8.97,9.08,-0.11,-1.2115,71706.5,64955.936,1.0366,2.1496,0.6,82.5898,33.331,1.4361,1.2078,1.1955,0.3868,0.632,94542.5815,69173.3536,33358.5095,848046.9561,620484.9818,,,4.9508
000881,中广核技,化工原料,辽宁,19980902,000881.SZ,20200909,9.34,9.37,9.02,9.08,9.42,-0.34,-3.6093,85666.42,78604.056,1.2384,2.5681,0.68,83.6026,33.7398,1.4537,1.2226,1.2101,0.3821,0.6244,94542.5815,69173.3536,33358.5095,858446.64,628094.0507,,,4.9508
000881,中广核技,化工原料,辽宁,19980902,000881.SZ,20200908,9.45,9.54,9.19,9.42,9.43,-0.01,-0.106,86239.49,80780.88,1.2467,2.5852,0.64,86.7331,35.0031,1.5081,1.2684,1.2555,0.3683,0.6018,94542.5815,69173.3536,33358.5095,890591.1177,651612.9909,,,4.9508
000881,中广核技,化工原料,辽宁,19980902,000881.SZ,20200907,9.8,9.91,9.43,9.43,9.79,-0.36,-3.6772,116851.31,112580.293,1.6893,3.5029,0.71,86.8252,35.0403,1.5097,1.2697,1.2568,0.3679,0.6012,94542.5815,69173.3536,33358.5095,891536.5435,652304.7244,,,4.9508
000881,中广核技,化工原料,辽宁,19980902,000881.SZ,20200904,9.62,9.86,9.52,9.79,9.93,-0.14,-1.4099,110466.63,107136.45,1.597,3.3115,0.49,90.1398,36.378,1.5673,1.3182,1.3048,0.3544,0.5791,94542.5815,69173.3536,33358.5095,925571.8729,677207.1317,,,4.9508
000881,中广核技,化工原料,辽宁,19980902,000881.SZ,20200903,10.48,10.73,9.88,9.93,10.31,-0.38,-3.6857,200169.39,204131.261,2.8937,6.0005,0.83,91.4289,36.8982,1.5898,1.337,1.3234,0.3494,0.5709,94542.5815,69173.3536,33358.5095,938807.8343,686891.4012,,,4.9508
000881,中广核技,化工原料,辽宁,19980902,000881.SZ,20200902,10.36,10.54,10.16,10.31,10.43,-0.12,-1.1505,120265.61,124192.359,1.7386,3.6052,0.41,94.9277,38.3102,1.6506,1.3882,1.3741,0.3365,0.5499,94542.5815,69173.3536,33358.5095,974734.0153,713177.2756,,,4.9508
000881,中广核技,化工原料,辽宁,19980902,000881.SZ,20200901,10.3,10.59,10.2,10.43,10.4,0.03,0.2885,126335.38,131517.576,1.8264,3.7872,0.41,96.0325,38.7561,1.6698,1.4043,1.3901,0.3326,0.5436,94542.5815,69173.3536,33358.5095,986079.125,721478.078,,,4.9508
000881,中广核技,化工原料,辽宁,19980902,000881.SZ,20200831,10.33,10.61,10.04,10.4,10.54,-0.14,-1.3283,262451.05,272246.756,3.7941,8.4202,0.97,95.7563,38.6446,1.665,1.4003,1.3861,0.3336,0.5451,94542.5815,69173.3536,31169.3647,983242.8476,719402.8774,,,4.9508
000881,中广核技,化工原料,辽宁,19980902,000881.SZ,20200828,11.7,12.07,10.53,10.54,11.7,-1.16,-9.9145,407380.02,450911.096,5.8893,13.0699,1.98,97.0453,435.9661,1.7655,1.4192,1.4734,0.3292,0.5379,94542.5815,69173.3536,31169.3647,996478.809,729087.1469,,,4.9508
000881,中广核技,化工原料,辽宁,19980902,000881.SZ,20200827,12.0,12.46,11.41,11.7,11.65,0.05,0.4292,296227.09,351036.581,4.2824,9.5038,1.75,107.7259,483.9472,1.9598,1.5753,1.6355,0.2965,0.4846,94542.5815,69173.3536,31169.3647,1106148.2036,809328.2371,,,4.9508
000881,中广核技,化工原料,辽宁,19980902,000881.SZ,20200826,11.74,12.06,11.27,11.65,11.43,0.22,1.9248,386975.53,454274.97,5.5943,12.4153,3.27,107.2655,481.8791,1.9515,1.5686,1.6285,0.2978,0.4866,94542.5815,69173.3536,31169.3647,1101421.0745,805869.5694,,,4.9508
000881,中广核技,化工原料,辽宁,19980902,000881.SZ,20200825,10.44,11.43,10.39,11.43,10.39,1.04,10.0096,177405.76,197033.575,2.5647,5.6917,1.33,105.2399,472.7792,1.9146,1.539,1.5978,0.3035,0.496,94542.5815,69173.3536,31169.3647,1080621.7065,790651.4316,10.92,8.94,4.9508
000881,中广核技,化工原料,辽宁,19980902,000881.SZ,20200824,10.21,10.55,10.07,10.39,10.1,0.29,2.8713,90101.1,92808.14,1.3025,2.8907,0.67,95.6642,429.7617,1.7404,1.399,1.4524,0.3339,0.5457,94542.5815,69173.3536,31169.3647,982297.4218,718711.1439,,,4.9508
000881,中广核技,化工原料,辽宁,19980902,000881.SZ,20200821,10.08,10.27,10.01,10.1,10.05,0.05,0.4975,78170.97,79028.456,1.1301,2.5079,0.55,92.9941,417.7664,1.6918,1.3599,1.4119,0.3435,0.5613,94542.5815,69173.3536,31169.3647,954880.0732,698650.8714,,,4.9508
000881,中广核技,化工原料,辽宁,19980902,000881.SZ,20200820,10.54,10.62,9.98,10.05,10.52,-0.47,-4.4677,115054.31,117846.681,1.6633,3.6913,0.81,92.5337,415.6983,1.6834,1.3532,1.4049,0.3452,0.5641,94542.5815,69173.3536,31169.3647,950152.9441,695192.2037,,,4.9508
000881,中广核技,化工原料,辽宁,19980902,000881.SZ,20200819,10.77,10.9,10.43,10.52,10.78,-0.26,-2.4119,131871.04,140775.802,1.9064,4.2308,0.94,96.8612,435.1389,1.7622,1.4165,1.4706,0.3298,0.5389,94542.5815,69173.3536,31169.3647,994587.9574,727703.6799,,,4.9508
000881,中广核技,化工原料,辽宁,19980902,000881.SZ,20200818,10.29,11.18,10.13,10.78,10.19,0.59,5.79,254037.28,270897.533,3.6725,8.1502,2.05,99.2551,445.8933,1.8057,1.4515,1.5069,0.3218,0.5259,94542.5815,69173.3536,31169.3647,1019169.0286,745688.7518,,,4.9508
000881,中广核技,化工原料,辽宁,19980902,000881.SZ,20200817,10.04,10.28,9.93,10.19,10.0,0.19,1.9,96662.36,97482.098,1.3974,3.1012,0.67,93.8228,421.4891,1.7069,1.372,1.4244,0.3405,0.5564,94542.5815,69173.3536,31169.3647,963388.9055,704876.4732,,,4.9508
000881,中广核技,化工原料,辽宁,19980902,000881.SZ,20200814,10.09,10.32,9.75,10.0,10.0,0.0,0.0,113901.0,113905.876,1.6466,3.6543,0.75,92.0734,413.6301,1.6751,1.3464,1.3979,0.3469,0.5669,94542.5815,69173.3536,31169.3647,945425.815,691733.536,,,4.9508
000881,中广核技,化工原料,辽宁,19980902,000881.SZ,20200813,10.4,10.45,10.0,10.0,10.42,-0.42,-4.0307,114501.01,116775.513,1.6553,3.6735,0.75,92.0734,413.6301,1.6751,1.3464,1.3979,0.3469,0.5669,94542.5815,69173.3536,31169.3647,945425.815,691733.536,11.43,9.35,4.9508
000881,中广核技,化工原料,辽宁,19980902,000881.SZ,20200812,10.3,10.51,10.05,10.42,10.33,0.09,0.8712,123488.52,126702.132,1.7852,3.9619,0.76,95.9405,431.0026,1.7454,1.403,1.4566,0.3329,0.5441,94542.5815,69173.3536,31169.3647,985133.6992,720786.3445,,,4.9508
000881,中广核技,化工原料,辽宁,19980902,000881.SZ,20200811,10.48,10.64,10.11,10.33,10.5,-0.17,-1.619,171128.75,177526.141,2.4739,5.4903,1.05,95.1118,427.2799,1.7303,1.3909,1.444,0.3358,0.5488,94542.5815,69173.3536,31169.3647,976624.8669,714560.7427,11.06,9.05,4.9508
000881,中广核技,化工原料,辽宁,19980902,000881.SZ,20200810,10.47,10.65,10.15,10.5,10.37,0.13,1.2536,194992.07,203961.695,2.8189,6.2559,1.17,96.677,434.3116,1.7588,1.4138,1.4678,0.3304,0.5399,94542.5815,69173.3536,31169.3647,992697.1058,726320.2128,,,4.9508
000881,中广核技,化工原料,辽宁,19980902,000881.SZ,20200807,10.12,10.59,10.05,10.37,10.18,0.19,1.8664,153816.1,158046.653,2.2236,4.9348,0.97,95.4801,428.9344,1.737,1.3963,1.4496,0.3346,0.5467,94542.5815,69173.3536,31169.3647,980406.5702,717327.6768,,,4.9508
000881,中广核技,化工原料,辽宁,19980902,000881.SZ,20200806,10.25,10.39,10.06,10.18,10.31,-0.13,-1.2609,117125.06,119204.52,1.6932,3.7577,0.76,93.7307,421.0755,1.7052,1.3707,1.423,0.3408,0.5569,94542.5815,69173.3536,31169.3647,962443.4797,704184.7396,,,4.9508
000881,中广核技,化工原料,辽宁,19980902,000881.SZ,20200805,10.11,10.75,10.03,10.31,10.15,0.16,1.5764,178605.33,185631.229,2.582,5.7302,1.27,94.9277,426.4527,1.727,1.3882,1.4412,0.3365,0.5499,94542.5815,69173.3536,31169.3647,974734.0153,713177.2756,,,4.9508
000881,中广核技,化工原料,辽宁,19980902,000881.SZ,20200804,10.29,10.47,10.02,10.15,10.15,0.0,0.0,170295.35,173569.683,2.4619,5.4635,1.36,93.4545,419.8346,1.7002,1.3666,1.4189,0.3418,0.5586,94542.5815,69173.3536,31169.3647,959607.2022,702109.539,,,4.9508
000881,中广核技,化工原料,辽宁,19980902,000881.SZ,20200803,9.36,10.15,9.3,10.15,9.23,0.92,9.9675,212428.67,209233.53,3.071,6.8153,2.0,93.4545,419.8346,1.7002,1.3666,1.4189,0.3418,0.5586,94542.5815,69173.3536,31169.3647,959607.2022,702109.539,,,4.9508
000881,中广核技,化工原料,辽宁,19980902,000881.SZ,20200731,9.0,9.41,9.0,9.23,9.08,0.15,1.652,115681.68,106534.705,1.6723,3.7114,1.0,84.9837,381.7806,1.5461,1.2428,1.2902,0.3759,0.6142,94542.5815,69173.3536,31169.3647,872628.0272,638470.0537,,,4.9508
000881,中广核技,化工原料,辽宁,19980902,000881.SZ,20200730,9.22,9.22,8.98,9.08,9.2,-0.12,-1.3043,89749.0,81626.434,1.2975,2.8794,0.72,83.6026,375.5761,1.521,1.2226,1.2693,0.3821,0.6244,94542.5815,69173.3536,31169.3647,858446.64,628094.0507,,,4.9508
000881,中广核技,化工原料,辽宁,19980902,000881.SZ,20200729,9.03,9.22,8.84,9.2,9.04,0.16,1.7699,114057.89,103539.999,1.6489,3.6593,0.82,84.7075,380.5397,1.5411,1.2387,1.2861,0.3771,0.6162,94542.5815,69173.3536,31169.3647,869791.7498,636394.8531,,,4.9508
000881,中广核技,化工原料,辽宁,19980902,000881.SZ,20200728,9.17,9.25,8.94,9.04,9.13,-0.09,-0.9858,94239.0,85767.387,1.3624,3.0234,0.56,83.2343,373.9216,1.5143,1.2172,1.2637,0.3838,0.6271,94542.5815,69173.3536,31169.3647,854664.9368,625327.1165,,,4.9508
000881,中广核技,化工原料,辽宁,19980902,000881.SZ,20200727,9.11,9.24,8.91,9.13,9.1,0.03,0.3297,116591.79,106161.319,1.6855,3.7406,0.68,84.063,377.6443,1.5293,1.2293,1.2763,0.38,0.621,94542.5815,69173.3536,31169.3647,863173.7691,631552.7184,,,4.9508
000881,中广核技,化工原料,辽宁,19980902,000881.SZ,20200724,9.86,10.04,9.06,9.1,9.8,-0.7,-7.1429,162574.99,154539.306,2.3503,5.2159,0.97,83.7868,376.4034,1.5243,1.2253,1.2721,0.3812,0.623,94542.5815,69173.3536,31169.3647,860337.4917,629477.5178,,,4.9508
000881,中广核技,化工原料,辽宁,19980902,000881.SZ,20200723,9.7,9.84,9.52,9.8,9.87,-0.07,-0.7092,134011.18,129811.798,1.9373,4.2995,0.73,90.2319,405.3575,1.6416,1.3195,1.3699,0.354,0.5785,94542.5815,69173.3536,31169.3647,926517.2987,677898.8653,,,4.9508
000881,中广核技,化工原料,辽宁,19980902,000881.SZ,20200722,10.05,10.39,9.8,9.87,10.21,-0.34,-3.3301,186105.96,186627.638,2.6904,5.9708,0.97,90.8764,408.2529,1.6533,1.3289,1.3797,0.3515,0.5744,94542.5815,69173.3536,31169.3647,933135.2794,682741.0,,,4.9508
000881,中广核技,化工原料,辽宁,19980902,000881.SZ,20200721,9.93,10.88,9.9,10.21,9.9,0.31,3.1313,235724.47,243931.626,3.4077,7.5627,1.11,94.0069,422.3164,1.7102,1.3747,1.4272,0.3398,0.5553,94542.5815,69173.3536,31169.3647,965279.7571,706259.9403,,,4.9508
000881,中广核技,化工原料,辽宁,19980902,000881.SZ,20200720,9.74,9.94,9.57,9.9,9.7,0.2,2.0619,141128.77,138180.663,2.0402,4.5278,0.51,91.1526,409.4938,1.6583,1.333,1.3839,0.3504,0.5727,94542.5815,69173.3536,31169.3647,935971.5569,684816.2006,,,4.9508
000881,中广核技,化工原料,辽宁,19980902,000881.SZ,20200717,9.88,9.98,9.47,9.7,9.88,-0.18,-1.8219,144809.97,140267.002,2.0934,4.6459,0.4,89.3112,401.2212,1.6248,1.3061,1.3559,0.3577,0.5845,94542.5815,69173.3536,31169.3647,917063.0406,670981.5299,,,4.9508
000881,中广核技,化工原料,辽宁,19980902,000881.SZ,20200716,10.02,10.26,9.68,9.88,10.02,-0.14,-1.3972,205412.97,205758.202,2.9695,6.5902,0.63,90.9685,408.6666,1.655,1.3303,1.3811,0.3511,0.5738,94542.5815,69173.3536,31169.3647,934080.7052,683432.7336,,,4.9508
000881,中广核技,化工原料,辽宁,19980902,000881.SZ,20200715,10.5,10.51,9.95,10.02,10.46,-0.44,-4.2065,231022.57,236792.815,3.3398,7.4118,0.8,92.2575,414.4574,1.6784,1.3491,1.4007,0.3462,0.5658,94542.5815,69173.3536,31169.3647,947316.6666,693117.0031,,,4.9508
000881,中广核技,化工原料,辽宁,19980902,000881.SZ,20200714,10.23,10.46,9.98,10.46,10.4,0.06,0.5769,338885.69,345990.587,4.8991,10.8724,1.41,96.3088,432.6571,1.7521,1.4084,1.4622,0.3317,0.542,94542.5815,69173.3536,31169.3647,988915.4025,723553.2787,,,4.9508
000881,中广核技,化工原料,辽宁,19980902,000881.SZ,20200713,10.01,10.47,9.9,10.4,10.32,0.08,0.7752,453652.48,462083.117,6.5582,14.5544,2.69,95.7563,430.1753,1.7421,1.4003,1.4538,0.3336,0.5451,94542.5815,69173.3536,31169.3647,983242.8476,719402.8774,10.86,8.88,4.9508
000881,中广核技,化工原料,辽宁,19980902,000881.SZ,20200710,10.28,10.32,9.75,10.32,9.38,0.94,10.0213,597484.19,605402.483,8.6375,19.169,10.08,95.0197,426.8663,1.7287,1.3895,1.4426,0.3362,0.5494,94542.5815,69173.3536,31169.3647,975679.4411,713869.0092,11.23,9.19,4.9508
000881,中广核技,化工原料,辽宁,19980902,000881.SZ,20200709,9.38,9.38,9.38,9.38,8.53,0.85,9.9648,20683.0,19400.654,0.299,0.6636,0.32,86.3648,387.9851,1.5712,1.263,1.3112,0.3699,0.6044,94542.5815,69173.3536,31169.3647,886809.4145,648846.0568,,,4.9508
000881,中广核技,化工原料,辽宁,19980902,000881.SZ,20200708,8.53,8.53,8.53,8.53,7.75,0.78,10.0645,36836.7,31421.705,0.5325,1.1818,0.57,78.5386,352.8265,1.4288,1.1485,1.1924,0.4067,0.6646,94542.5815,69173.3536,31169.3647,806448.2202,590048.7062,,,4.9508
000881,中广核技,化工原料,辽宁,19980902,000881.SZ,20200707,7.85,7.87,7.68,7.75,7.74,0.01,0.1292,91600.71,71158.796,1.3242,2.9388,1.76,71.3569,320.5633,1.2982,1.0435,1.0834,0.4477,0.7315,94542.5815,69173.3536,31169.3647,732705.0066,536093.4904,,,4.9508
000881,中广核技,化工原料,辽宁,19980902,000881.SZ,20200706,7.48,7.81,7.47,7.74,7.45,0.29,3.8926,96542.01,74042.114,1.3957,3.0973,2.3,71.2648,320.1497,1.2965,1.0422,1.082,0.4482,0.7325,94542.5815,69173.3536,31169.3647,731759.5808,535401.7569,,,4.9508
000881,中广核技,化工原料,辽宁,19980902,000881.SZ,20200703,7.48,7.48,7.35,7.45,7.39,0.06,0.8119,50822.6,37780.569,0.7347,1.6305,1.31,68.5947,308.1544,1.2479,1.0031,1.0414,0.4657,0.761,94542.5815,69173.3536,31169.3647,704342.2322,515341.4843,,,4.9508
000881,中广核技,化工原料,辽宁,19980902,000881.SZ,20200702,7.36,7.44,7.25,7.39,7.32,0.07,0.9563,49957.02,36745.219,0.7222,1.6028,1.28,68.0422,305.6727,1.2379,0.995,1.033,0.4695,0.7672,94542.5815,69173.3536,31169.3647,698669.6773,511191.0831,,,4.9508
000881,中广核技,化工原料,辽宁,19980902,000881.SZ,20200701,7.26,7.42,7.24,7.32,7.26,0.06,0.8264,34246.77,25077.862,0.4951,1.0987,0.7,67.3977,302.7772,1.2262,0.9856,1.0232,0.474,0.7745,94542.5815,69173.3536,31169.3647,692051.6966,506348.9484,,,4.9508
000881,中广核技,化工原料,辽宁,19980902,000881.SZ,20200630,7.25,7.34,7.23,7.26,7.23,0.03,0.4149,27975.59,20389.921,0.4044,0.8975,0.52,66.8453,300.2955,1.2161,0.9775,1.0149,0.4779,0.7809,94542.5815,69173.3536,31169.3647,686379.1417,502198.5471,,,4.9508
000881,中广核技,化工原料,辽宁,19980902,000881.SZ,20200629,7.41,7.45,7.15,7.23,7.48,-0.25,-3.3422,47090.1,34357.348,0.6808,1.5108,0.97,66.5691,299.0546,1.2111,0.9735,1.0107,0.4799,0.7841,94542.5815,69173.3536,31169.3647,683542.8642,500123.3465,,,4.9508
000881,中广核技,化工原料,辽宁,19980902,000881.SZ,20200624,7.5,7.55,7.38,7.48,7.47,0.01,0.1339,34161.03,25404.835,0.4938,1.096,0.72,68.8709,309.3953,1.253,1.0071,1.0456,0.4638,0.7579,94542.5815,69173.3536,31169.3647,707178.5096,517416.6849,,,4.9508
000881,中广核技,化工原料,辽宁,19980902,000881.SZ,20200623,7.55,7.65,7.46,7.49,7.54,-0.05,-0.6631,52223.6,39417.388,0.755,1.6755,1.18,68.963,309.809,1.25,1.0085,1.047,0.4632,0.4632,94542.5815,69173.3536,31169.3647,708123.9354,518108.4185,,,4.9508
000881,中广核技,化工原料,辽宁,19980902,000881.SZ,20200622,7.34,7.77,7.32,7.54,7.34,0.2,2.7248,82251.96,62236.443,1.1891,2.6389,2.08,69.4233,311.8771,1.2584,1.0152,1.054,0.4601,0.4601,94542.5815,69173.3536,31169.3647,712851.0645,521567.0861,,,4.9508
000881,中广核技,化工原料,辽宁,19980902,000881.SZ,20200619,7.13,7.35,7.13,7.34,7.16,0.18,2.514,51016.15,37117.868,0.7375,1.6367,1.42,67.5819,303.6045,1.225,0.9883,1.026,0.4727,0.4727,94542.5815,69173.3536,31169.3647,693942.5482,507732.4154,,,4.9508
000881,中广核技,化工原料,辽宁,19980902,000881.SZ,20200618,7.18,7.23,7.13,7.16,7.19,-0.03,-0.4172,23103.0,16600.744,0.334,0.7412,0.62,65.9245,296.1592,1.1949,0.9641,1.0009,0.4845,0.4845,94542.5815,69173.3536,31169.3647,676924.8835,495281.2118,,,4.9508
000881,中广核技,化工原料,辽宁,19980902,000881.SZ,20200617,7.19,7.22,7.13,7.19,7.2,-0.01,-0.1389,27693.82,19855.798,0.4004,0.8885,0.72,66.2008,297.4001,1.2,0.9681,1.0051,0.4825,0.4825,94542.5815,69173.3536,31169.3647,679761.161,497356.4124,,,4.9508
000881,中广核技,化工原料,辽宁,19980902,000881.SZ,20200616,7.23,7.35,7.12,7.2,7.23,-0.03,-0.4149,37912.0,27236.547,0.5481,1.2163,0.95,66.2928,297.8137,1.2016,0.9694,1.0065,0.4819,0.4819,94542.5815,69173.3536,31169.3647,680706.5868,498048.1459,7.95,6.51,4.9508
000881,中广核技,化工原料,辽宁,19980902,000881.SZ,20200615,7.0,7.26,6.96,7.23,6.98,0.25,3.5817,57702.36,41312.008,0.8342,1.8513,1.46,66.5691,299.0546,1.2066,0.9735,1.0107,0.4799,0.4799,94542.5815,69173.3536,31169.3647,683542.8642,500123.3465,,,4.9508
000881,中广核技,化工原料,辽宁,19980902,000881.SZ,20200612,6.99,7.05,6.81,6.98,7.07,-0.09,-1.273,32691.86,22777.538,0.4726,1.0488,0.83,64.2672,288.7138,1.1649,0.9398,0.9757,0.497,0.497,94542.5815,69173.3536,31169.3647,659907.2189,482830.0081,,,4.9508
000881,中广核技,化工原料,辽宁,19980902,000881.SZ,20200611,7.15,7.2,7.05,7.07,7.16,-0.09,-1.257,28919.12,20582.135,0.4181,0.9278,0.69,65.0959,292.4365,1.1799,0.9519,0.9883,0.4907,0.4907,94542.5815,69173.3536,31169.3647,668416.0512,489055.61,,,4.9376
000881,中广核技,化工原料,辽宁,19980902,000881.SZ,20200610,7.27,7.3,7.13,7.16,7.28,-0.12,-1.6484,35513.65,25481.473,0.5134,1.1394,0.81,65.9245,296.1592,1.1949,0.9641,1.0009,0.4845,0.4845,94542.5815,69173.3536,31169.3647,676924.8835,495281.2118,,,4.9376
000881,中广核技,化工原料,辽宁,19980902,000881.SZ,20200609,7.35,7.4,7.22,7.28,7.39,-0.11,-1.4885,43927.96,32076.48,0.635,1.4093,0.87,67.0294,301.1227,1.215,0.9802,1.0177,0.4766,0.4766,94542.5815,69173.3536,31169.3647,688269.9933,503582.0142,,,4.9376
000881,中广核技,化工原料,辽宁,19980902,000881.SZ,20200608,7.34,7.46,7.26,7.39,7.26,0.13,1.7906,55884.16,41146.768,0.8079,1.7929,1.14,68.0422,305.6727,1.2333,0.995,1.033,0.4695,0.4695,94542.5815,69173.3536,31169.3647,698669.6773,511191.0831,,,4.9376
000881,中广核技,化工原料,辽宁,19980902,000881.SZ,20200605,7.24,7.26,7.12,7.26,7.23,0.03,0.4149,33331.58,23906.244,0.4819,1.0694,0.65,66.8453,300.2955,1.2116,0.9775,1.0149,0.4779,0.4779,94542.5815,69173.3536,31169.3647,686379.1417,502198.5471,7.92,6.48,4.9376
000881,中广核技,化工原料,辽宁,19980902,000881.SZ,20200604,7.3,7.36,7.18,7.23,7.32,-0.09,-1.2295,39600.79,28688.733,0.5725,1.2705,0.75,66.5691,299.0546,1.2066,0.9735,1.0107,0.4799,0.4799,94542.5815,69173.3536,31169.3647,683542.8642,500123.3465,,,4.9376
000881,中广核技,化工原料,辽宁,19980902,000881.SZ,20200603,7.32,7.4,7.26,7.32,7.33,-0.01,-0.1364,45805.99,33618.34,0.6622,1.4696,0.88,67.3977,302.7772,1.2216,0.9856,1.0232,0.474,0.474,94542.5815,69173.3536,31169.3647,692051.6966,506348.9484,7.68,6.28,4.9376
000881,中广核技,化工原料,辽宁,19980902,000881.SZ,20200602,7.31,7.56,7.23,7.33,7.23,0.1,1.3831,78603.15,58018.497,1.1363,2.5218,1.64,67.4898,303.1909,1.2233,0.9869,1.0246,0.4733,0.4733,94542.5815,69173.3536,31169.3647,692997.1224,507040.6819,,,4.9376
000881,中广核技,化工原料,辽宁,19980902,000881.SZ,20200601,7.16,7.26,7.12,7.23,7.15,0.08,1.1189,48176.0,34701.385,0.6965,1.5456,0.88,66.5691,299.0546,1.2066,0.9735,1.0107,0.4799,0.4799,94542.5815,69173.3536,31169.3647,683542.8642,500123.3465,7.88,6.44,4.9376
000881,中广核技,化工原料,辽宁,19980902,000881.SZ,20200529,7.22,7.3,7.11,7.15,7.25,-0.1,-1.3793,44267.57,31827.454,0.64,1.4202,0.78,65.8325,295.7455,1.1933,0.9627,0.9995,0.4852,0.4852,94542.5815,69173.3536,31169.3647,675979.4577,494589.4782,8.01,6.55,4.9376
000881,中广核技,化工原料,辽宁,19980902,000881.SZ,20200528,7.19,7.39,7.19,7.25,7.21,0.04,0.5548,46471.73,33803.351,0.6718,1.4909,0.77,66.7532,299.8818,1.21,0.9762,1.0135,0.4785,0.4785,94542.5815,69173.3536,31169.3647,685433.7159,501506.8136,,,4.9376
000881,中广核技,化工原料,辽宁,19980902,000881.SZ,20200527,7.24,7.3,7.14,7.21,7.3,-0.09,-1.2329,42125.1,30325.888,0.609,1.3515,0.58,66.3849,298.2273,1.2033,0.9708,1.0079,0.4812,0.4812,94542.5815,69173.3536,31169.3647,681652.0126,498739.8795,7.99,6.53,4.9376
000881,中广核技,化工原料,辽宁,19980902,000881.SZ,20200526,7.26,7.36,7.21,7.3,7.27,0.03,0.4127,58603.33,42685.01,0.8472,1.8802,0.9,67.2136,301.95,1.2183,0.9829,1.0205,0.4753,0.4753,94542.5815,69173.3536,31169.3647,690160.845,504965.4813,7.95,6.51,4.9376
000881,中广核技,化工原料,辽宁,19980902,000881.SZ,20200525,6.93,7.34,6.93,7.27,6.97,0.3,4.3042,82962.98,59610.123,1.1993,2.6617,1.53,66.9373,300.7091,1.2133,0.9789,1.0163,0.4772,0.4772,94542.5815,69173.3536,31169.3647,687324.5675,502890.2807,,,4.9376
000881,中广核技,化工原料,辽宁,19980902,000881.SZ,20200522,7.0,7.09,6.91,6.97,7.07,-0.1,-1.4144,54609.4,38129.979,0.7895,1.752,1.1,64.1751,288.3002,1.1632,0.9385,0.9743,0.4978,0.4978,94542.5815,69173.3536,31169.3647,658961.7931,482138.2746,,,4.9376
000881,中广核技,化工原料,辽宁,19980902,000881.SZ,20200521,7.15,7.19,6.94,7.07,7.02,0.05,0.7123,62346.51,43992.232,0.9013,2.0002,1.48,65.0959,292.4365,1.1799,0.9519,0.9883,0.4907,0.4907,94542.5815,69173.3536,31169.3647,668416.0512,489055.61,,,4.9376
000881,中广核技,化工原料,辽宁,19980902,000881.SZ,20200520,6.82,7.13,6.77,7.02,6.81,0.21,3.0837,102749.15,72197.804,1.4854,3.2965,3.89,64.6355,290.3683,1.1716,0.9452,0.9813,0.4942,0.4942,94542.5815,69173.3536,31169.3647,663688.9221,485596.9423,,,4.9376
000881,中广核技,化工原料,辽宁,19980902,000881.SZ,20200519,6.75,6.84,6.74,6.81,6.72,0.09,1.3393,24238.44,16483.163,0.3504,0.7776,0.82,62.702,281.6821,1.1365,0.9169,0.952,0.5094,0.5094,94542.5815,69173.3536,31169.3647,643834.98,471070.538,,,4.9376
000881,中广核技,化工原料,辽宁,19980902,000881.SZ,20200518,6.85,6.85,6.7,6.72,6.78,-0.06,-0.885,27896.19,18895.258,0.4033,0.895,0.81,61.8733,277.9594,1.1215,0.9048,0.9394,0.5163,0.5163,94542.5815,69173.3536,31169.3647,635326.1477,464844.9362,,,4.9376
000881,中广核技,化工原料,辽宁,19980902,000881.SZ,20200515,6.72,6.85,6.67,6.78,6.72,0.06,0.8929,30182.6,20417.377,0.4363,0.9683,0.82,62.4258,280.4412,1.1315,0.9129,0.9478,0.5117,0.5117,94542.5815,69173.3536,31169.3647,640998.7026,468995.3374,8.03,6.57,4.9376
000881,中广核技,化工原料,辽宁,19980902,000881.SZ,20200514,6.7,6.77,6.64,6.72,6.74,-0.02,-0.2967,25025.52,16808.755,0.3618,0.8029,0.63,61.8733,277.9594,1.1215,0.9048,0.9394,0.5163,0.5163,94542.5815,69173.3536,31169.3647,635326.1477,464844.9362,,,4.9376
000881,中广核技,化工原料,辽宁,19980902,000881.SZ,20200513,6.71,6.76,6.66,6.74,6.73,0.01,0.1486,24751.14,16634.321,0.3578,0.7941,0.58,62.0575,278.7867,1.1249,0.9075,0.9422,0.5147,0.5147,94542.5815,69173.3536,31169.3647,637216.9993,466228.4033,,,4.9376
000881,中广核技,化工原料,辽宁,19980902,000881.SZ,20200512,6.84,6.84,6.67,6.73,6.85,-0.12,-1.7518,39769.26,26774.406,0.5749,1.2759,0.96,61.9654,278.3731,1.1232,0.9062,0.9408,0.5155,0.5155,94542.5815,69173.3536,31169.3647,636271.5735,465536.6697,,,4.9376
000881,中广核技,化工原料,辽宁,19980902,000881.SZ,20200511,6.78,6.92,6.76,6.85,6.78,0.07,1.0324,52708.98,36073.293,0.762,1.6911,1.32,63.0703,283.3366,1.1432,0.9223,0.9575,0.5065,0.5065,94542.5815,69173.3536,31169.3647,647616.6833,473837.4722,,,4.9376
000881,中广核技,化工原料,辽宁,19980902,000881.SZ,20200508,6.69,6.83,6.66,6.78,6.64,0.14,2.1084,42022.87,28304.731,0.6075,1.3482,0.97,62.4258,280.4412,1.1315,0.9129,0.9478,0.5117,0.5117,94542.5815,69173.3536,31169.3647,640998.7026,468995.3374,,,4.9376
000881,中广核技,化工原料,辽宁,19980902,000881.SZ,20200507,6.65,6.76,6.63,6.64,6.63,0.01,0.1508,38616.8,25792.185,0.5583,1.2389,0.93,61.1367,274.6504,1.1082,0.894,0.9282,0.5225,0.5225,94542.5815,69173.3536,31169.3647,627762.7412,459311.0679,,,4.9376
000881,中广核技,化工原料,辽宁,19980902,000881.SZ,20200506,6.5,6.69,6.43,6.63,6.51,0.12,1.8433,38530.05,25305.311,0.557,1.2362,0.85,61.0447,274.2368,1.1065,0.8927,0.9268,0.5233,0.5233,94542.5815,69173.3536,31169.3647,626817.3153,458619.3344,,,4.9376
000881,中广核技,化工原料,辽宁,19980902,000881.SZ,20200430,6.38,6.55,6.37,6.51,6.38,0.13,2.0376,35238.0,22855.684,0.5094,1.1305,0.73,59.9398,269.2732,1.0865,0.8765,0.91,0.5329,0.5329,94542.5815,69173.3536,31169.3647,615472.2056,450318.5319,,,4.9376
000881,中广核技,化工原料,辽宁,19980902,000881.SZ,20200429,6.54,6.58,6.34,6.38,6.55,-0.17,-2.5954,44854.61,28983.347,0.6484,1.4391,0.95,18.8669,58.7428,1.0535,0.8891,0.859,0.5438,0.5438,94542.5815,69173.3536,31169.3647,603181.67,441325.996,,,4.9376
000881,中广核技,化工原料,辽宁,19980902,000881.SZ,20200428,6.72,6.77,6.3,6.55,6.72,-0.17,-2.5298,58892.2,38360.307,0.8514,1.8894,1.27,19.3696,60.3081,1.0816,0.9128,0.8819,0.5297,0.5297,94542.5815,69173.3536,31169.3647,619253.9088,453085.4661,7.4,6.06,4.9376
000881,中广核技,化工原料,辽宁,19980902,000881.SZ,20200427,6.86,6.9,6.72,6.72,6.85,-0.13,-1.8978,30752.29,20839.567,0.4446,0.9866,0.54,19.8723,61.8733,1.1097,0.9365,0.9048,0.5163,0.5163,94542.5815,69173.3536,31169.3647,635326.1477,464844.9362,7.54,6.17,4.9376
000881,中广核技,化工原料,辽宁,19980902,000881.SZ,20200424,7.07,7.08,6.8,6.85,7.05,-0.2,-2.8369,58017.0,40107.204,0.8387,1.8613,1.01,20.2568,63.0703,1.1311,0.9546,0.9223,0.5065,0.5065,94542.5815,69173.3536,31169.3647,647616.6833,473837.4722,,,4.9376
000881,中广核技,化工原料,辽宁,19980902,000881.SZ,20200423,7.07,7.13,7.0,7.05,7.07,-0.02,-0.2829,49723.66,35176.927,0.7188,1.5953,0.9,20.8482,64.9117,1.1642,0.9825,0.9492,0.4921,0.4921,94542.5815,69173.3536,31169.3647,666525.1996,487672.1429,,,4.9376
000881,中广核技,化工原料,辽宁,19980902,000881.SZ,20200422,7.0,7.09,6.91,7.07,7.02,0.05,0.7123,37460.42,26225.344,0.5415,1.2018,0.66,20.9074,65.0959,1.1675,0.9853,0.9519,0.4907,0.4907,94542.5815,69173.3536,31169.3647,668416.0512,489055.61,,,4.9376
000881,中广核技,化工原料,辽宁,19980902,000881.SZ,20200421,7.08,7.08,6.97,7.02,7.11,-0.09,-1.2658,55631.0,38974.515,0.8042,1.7848,0.9,20.7595,64.6355,1.1592,0.9783,0.9452,0.4942,0.4942,94542.5815,69173.3536,31169.3647,663688.9221,485596.9423,,,4.9376
000881,中广核技,化工原料,辽宁,19980902,000881.SZ,20200420,7.23,7.3,7.07,7.11,6.99,0.12,1.7167,82662.62,59229.497,1.195,2.652,1.3,21.0257,65.4642,1.1741,0.9908,0.9573,0.488,0.488,94542.5815,69173.3536,31169.3647,672197.7545,491822.5441,,,4.9376
000881,中广核技,化工原料,辽宁,19980902,000881.SZ,20200417,7.04,7.15,6.96,6.99,6.97,0.02,0.2869,61137.92,43112.696,0.8838,1.9615,1.01,20.6708,64.3593,1.1543,0.9741,0.9412,0.4963,0.4963,94542.5815,69173.3536,31169.3647,660852.6447,483521.7417,,,4.9376
000881,中广核技,化工原料,辽宁,19980902,000881.SZ,20200416,6.96,7.08,6.92,6.97,6.96,0.01,0.1437,38158.0,26697.319,0.5516,1.2242,0.59,20.6116,64.1751,1.151,0.9713,0.9385,0.4978,0.4978,94542.5815,69173.3536,31169.3647,658961.7931,482138.2746,,,4.9376
000881,中广核技,化工原料,辽宁,19980902,000881.SZ,20200415,7.09,7.11,6.94,6.96,7.09,-0.13,-1.8336,47854.14,33595.683,0.6918,1.5353,0.72,20.5821,64.0831,1.1493,0.9699,0.9371,0.4985,0.4985,94542.5815,69173.3536,31169.3647,658016.3672,481446.5411,,,4.9376
000881,中广核技,化工原料,辽宁,19980902,000881.SZ,20200414,7.14,7.14,7.0,7.09,7.16,-0.07,-0.9777,79429.13,56052.276,1.1483,2.5483,1.2,20.9665,65.28,1.1708,0.9881,0.9546,0.4893,0.4893,94542.5815,69173.3536,31169.3647,670306.9028,490439.077,,,4.9376
000881,中广核技,化工原料,辽宁,19980902,000881.SZ,20200413,6.84,7.38,6.75,7.16,6.91,0.25,3.6179,90645.0,64079.42,1.3104,2.9081,1.52,21.1735,65.9245,1.1823,0.9978,0.9641,0.4845,0.4845,94542.5815,69173.3536,31169.3647,676924.8835,495281.2118,,,4.9376
000881,中广核技,化工原料,辽宁,19980902,000881.SZ,20200410,7.09,7.13,6.87,6.91,7.07,-0.16,-2.2631,45957.41,32068.194,0.6644,1.4744,0.73,20.4342,31.6029,1.1481,0.963,0.9812,0.5021,0.5021,94542.5815,69173.3536,31169.3647,653289.2382,477987.8734,,,4.9376
000881,中广核技,化工原料,辽宁,19980902,000881.SZ,20200409,7.19,7.23,7.05,7.07,7.18,-0.11,-1.532,59320.22,42311.112,1.9256,2.44,0.98,20.9074,32.3346,1.1747,0.9853,1.0039,0.4907,0.4907,94542.5815,30805.44,24311.1921,668416.0512,217794.4608,,,4.9376
000881,中广核技,化工原料,辽宁,19980902,000881.SZ,20200408,7.17,7.24,7.11,7.18,7.24,-0.06,-0.8287,57731.52,41440.414,1.8741,2.3747,0.95,21.2327,32.8377,1.193,1.0006,1.0195,0.4832,0.4832,94542.5815,30805.44,24311.1921,678815.7352,221183.0592,,,4.9376
000881,中广核技,化工原料,辽宁,19980902,000881.SZ,20200407,7.1,7.26,7.01,7.24,6.91,0.33,4.7757,76640.59,54763.683,2.4879,3.1525,1.22,21.4101,33.1121,1.2029,1.009,1.0281,0.4792,0.4792,94542.5815,30805.44,24311.1921,684488.2901,223031.3856,,,4.9376
000881,中广核技,化工原料,辽宁,19980902,000881.SZ,20200403,6.87,7.04,6.86,6.91,6.93,-0.02,-0.2886,59119.48,41024.515,1.9191,2.4318,0.81,20.4342,31.6029,1.1481,0.963,0.9812,0.5021,0.5021,94542.5815,30805.44,24311.1921,653289.2382,212865.5904,7.66,6.26,4.9376
000881,中广核技,化工原料,辽宁,19980902,000881.SZ,20200402,6.65,6.95,6.51,6.93,6.72,0.21,3.125,63937.16,43515.001,2.0755,2.6299,0.86,20.4934,31.6944,1.1514,0.9658,0.984,0.5006,0.5006,94542.5815,30805.44,24311.1921,655180.0898,213481.6992,,,4.9376
000881,中广核技,化工原料,辽宁,19980902,000881.SZ,20200401,6.67,6.83,6.65,6.72,6.72,0.0,0.0,46480.55,31362.735,1.5088,1.9119,0.56,19.8723,30.7339,1.1165,0.9365,0.9542,0.5163,0.5163,94542.5815,30805.44,24311.1921,635326.1477,207012.5568,,,4.9376
000881,中广核技,化工原料,辽宁,19980902,000881.SZ,20200331,6.91,6.96,6.7,6.72,6.87,-0.15,-2.1834,56236.49,38329.591,1.8255,2.3132,0.64,19.8723,30.7339,1.1165,0.9365,0.9542,0.5163,0.5163,94542.5815,30805.44,24311.1921,635326.1477,207012.5568,7.6,6.22,4.9376
000881,中广核技,化工原料,辽宁,19980902,000881.SZ,20200330,7.2,7.2,6.75,6.87,7.25,-0.38,-5.2414,88116.96,60876.079,2.8604,3.6245,1.01,20.3159,31.4199,1.1415,0.9574,0.9755,0.505,0.505,94542.5815,30805.44,24311.1921,649507.5349,211633.3728,,,4.9376
000881,中广核技,化工原料,辽宁,19980902,000881.SZ,20200327,7.3,7.45,7.21,7.25,7.25,0.0,0.0,109116.25,79705.337,3.5421,4.4883,1.26,21.4397,33.1579,1.2046,1.0104,1.0295,0.4785,0.4785,94542.5815,30805.44,24311.1921,685433.7159,223339.44,,,4.9376
000881,中广核技,化工原料,辽宁,19980902,000881.SZ,20200326,7.21,7.39,7.17,7.25,7.26,-0.01,-0.1377,72057.04,52407.605,2.3391,2.9639,0.75,21.4397,33.1579,1.2046,1.0104,1.0295,0.4785,0.4785,94542.5815,30805.44,24311.1921,685433.7159,223339.44,7.96,6.52,4.9376
000881,中广核技,化工原料,辽宁,19980902,000881.SZ,20200325,7.27,7.31,7.16,7.26,7.15,0.11,1.5385,92637.26,67102.723,3.0072,3.8105,0.85,21.4692,33.2036,1.2063,1.0117,1.0309,0.4779,0.4779,94542.5815,30805.44,24311.1921,686379.1417,223647.4944,,,4.9376
000881,中广核技,化工原料,辽宁,19980902,000881.SZ,20200324,7.2,7.24,6.92,7.15,7.08,0.07,0.9887,78802.15,56032.948,2.5581,3.2414,0.66,21.1439,32.7005,1.188,0.9964,1.0153,0.4852,0.4852,94542.5815,30805.44,24311.1921,675979.4577,220258.896,,,4.9376
000881,中广核技,化工原料,辽宁,19980902,000881.SZ,20200323,7.4,7.4,7.04,7.08,7.54,-0.46,-6.1008,84508.09,61068.831,2.7433,3.4761,0.63,20.9369,32.3804,1.1764,0.9867,1.0053,0.49,0.49,94542.5815,30805.44,24311.1921,669361.477,218102.5152,,,4.9376
000881,中广核技,化工原料,辽宁,19980902,000881.SZ,20200320,7.44,7.54,7.32,7.54,7.32,0.22,3.0055,104135.94,77437.296,3.3804,4.2835,0.7,22.2972,34.4842,1.2528,1.0508,1.0706,0.4601,0.4601,94542.5815,30805.44,24311.1921,712851.0645,232273.0176,,,4.9376
000881,中广核技,化工原料,辽宁,19980902,000881.SZ,20200319,7.3,7.42,7.1,7.32,7.44,-0.12,-1.6129,117728.39,85398.399,3.8217,4.8426,0.7,21.6467,33.478,1.2162,1.0201,1.0394,0.474,0.474,94542.5815,30805.44,24311.1921,692051.6966,225495.8208,,,4.9376
000881,中广核技,化工原料,辽宁,19980902,000881.SZ,20200318,7.4,7.66,7.21,7.44,7.4,0.04,0.5405,158431.2,117643.211,5.143,6.5168,0.82,22.0015,34.0268,1.2362,1.0368,1.0564,0.4663,0.4663,94542.5815,30805.44,24311.1921,703396.8064,229192.4736,,,4.9376
000881,中广核技,化工原料,辽宁,19980902,000881.SZ,20200317,7.68,7.76,7.0,7.4,7.56,-0.16,-2.1164,131031.19,96129.893,4.2535,5.3897,0.53,21.8832,33.8439,1.2295,1.0313,1.0508,0.4688,0.4688,94542.5815,30805.44,24311.1921,699615.1031,227960.256,7.98,6.53,4.9376
000881,中广核技,化工原料,辽宁,19980902,000881.SZ,20200316,7.86,8.15,7.5,7.56,7.78,-0.22,-2.8278,156079.28,121931.225,5.0666,6.4201,0.46,22.3564,34.5757,1.2561,1.0536,1.0735,0.4589,0.4589,94542.5815,30805.44,24311.1921,714741.9161,232889.1264,,,4.9376
000881,中广核技,化工原料,辽宁,19980902,000881.SZ,20200313,7.5,7.87,7.34,7.78,8.09,-0.31,-3.8319,178365.63,136874.076,5.7901,7.3368,0.45,23.007,35.5818,1.2927,1.0842,1.1047,0.4459,0.4459,94542.5815,30805.44,24311.1921,735541.2841,239666.3232,,,4.9376
000881,中广核技,化工原料,辽宁,19980902,000881.SZ,20200312,8.33,8.58,8.02,8.09,8.65,-0.56,-6.474,221533.19,182430.287,7.1914,9.1124,0.54,23.9237,36.9996,1.3442,1.1274,1.1487,0.4288,0.4288,94542.5815,30805.44,24311.1921,764849.4843,249216.0096,,,4.9376
000881,中广核技,化工原料,辽宁,19980902,000881.SZ,20200311,8.66,9.19,8.56,8.65,8.51,0.14,1.6451,284439.84,252473.708,9.2334,11.7,0.64,25.5797,39.5608,1.4372,1.2055,1.2283,0.4011,0.4011,94542.5815,30805.44,24311.1921,817793.33,266467.056,,,4.9376
000881,中广核技,化工原料,辽宁,19980902,000881.SZ,20200310,8.48,8.94,8.48,8.51,9.42,-0.91,-9.6603,406677.33,347709.364,13.2015,16.728,0.93,25.1657,38.9205,1.414,1.1859,1.2084,0.4077,0.4077,94542.5815,30805.44,24311.1921,804557.3686,262154.2944,,,4.9376
000881,中广核技,化工原料,辽宁,19980902,000881.SZ,20200309,9.44,10.26,9.12,9.42,9.41,0.01,0.1063,596615.72,578813.6,19.3672,24.5408,1.7,27.8568,43.0824,1.5652,1.3128,1.3376,0.3683,0.3683,94542.5815,30805.44,24311.1921,890591.1177,290187.2448,,,4.9376
000881,中广核技,化工原料,辽宁,19980902,000881.SZ,20200306,8.8,9.41,8.67,9.41,8.55,0.86,10.0585,471791.66,433848.453,15.3152,19.4064,1.69,27.8272,43.0366,1.5635,1.3114,1.3362,0.3687,0.3687,94542.5815,30805.44,24311.1921,889645.6919,289879.1904,,,4.9376
000881,中广核技,化工原料,辽宁,19980902,000881.SZ,20200305,8.5,8.73,8.3,8.55,8.71,-0.16,-1.837,292882.12,247857.896,9.5075,12.0472,1.19,25.284,39.1034,1.4206,1.1915,1.2141,0.4058,0.4058,94542.5815,30805.44,24311.1921,808339.0718,263386.512,,,4.9376
000881,中广核技,化工原料,辽宁,19980902,000881.SZ,20200304,8.45,9.05,8.0,8.71,8.47,0.24,2.8335,448948.26,390994.47,14.5737,18.4667,2.5,25.7572,39.8352,1.4472,1.2138,1.2368,0.3983,0.3983,94542.5815,30805.44,24311.1921,823465.8849,268315.3824,,,4.9376
000881,中广核技,化工原料,辽宁,19980902,000881.SZ,20200303,8.04,8.47,7.55,8.47,7.7,0.77,10.0,369818.02,293040.489,12.005,15.2118,2.91,25.0474,38.7375,1.4073,1.1804,1.2027,0.4096,0.4096,94542.5815,30805.44,24311.1921,800775.6653,260922.0768,,,4.9376
000881,中广核技,化工原料,辽宁,19980902,000881.SZ,20200302,7.31,7.7,7.21,7.7,7.0,0.7,10.0,168461.59,128957.524,5.4686,6.9294,1.54,22.7704,35.2159,1.2794,1.0731,1.0934,0.4506,0.4506,94542.5815,30805.44,24311.1921,727977.8776,237201.888,,,4.9376
000881,中广核技,化工原料,辽宁,19980902,000881.SZ,20200228,7.17,7.32,7.0,7.0,7.33,-0.33,-4.502,114484.96,81606.708,3.7164,4.7091,1.08,20.7004,32.0145,1.1631,0.9755,0.994,0.4956,0.4956,94542.5815,30805.44,24311.1921,661798.0705,215638.08,,,4.9376
000881,中广核技,化工原料,辽宁,19980902,000881.SZ,20200227,7.12,7.33,7.01,7.33,7.12,0.21,2.9494,133491.08,95687.208,4.3334,5.4909,1.43,21.6762,33.5238,1.2179,1.0215,1.0408,0.4733,0.4733,94542.5815,30805.44,24311.1921,692997.1224,225803.8752,,,4.9376
000881,中广核技,化工原料,辽宁,19980902,000881.SZ,20200226,6.93,7.36,6.92,7.12,7.04,0.08,1.1364,110379.08,79276.433,3.5831,4.5403,1.27,21.0552,32.5633,1.183,0.9922,1.011,0.4873,0.4873,94542.5815,30805.44,24311.1921,673143.1803,219334.7328,,,4.9376
000881,中广核技,化工原料,辽宁,19980902,000881.SZ,20200225,7.03,7.11,6.76,7.04,7.17,-0.13,-1.8131,108676.55,75790.484,3.5278,4.4702,1.33,20.8187,32.1974,1.1697,0.9811,0.9997,0.4928,0.4928,94542.5815,30805.44,24311.1921,665579.7738,216870.2976,,,4.9376
000881,中广核技,化工原料,辽宁,19980902,000881.SZ,20200224,7.16,7.2,7.02,7.17,7.17,0.0,0.0,80410.47,57201.444,2.6103,3.3075,0.99,21.2031,32.792,1.1913,0.9992,1.0181,0.4839,0.4839,94542.5815,30805.44,24311.1921,677870.3094,220875.0048,,,4.9376
000881,中广核技,化工原料,辽宁,19980902,000881.SZ,20200221,7.11,7.32,7.06,7.17,7.09,0.08,1.1283,97279.77,69926.911,3.1579,4.0014,1.31,21.2031,32.792,1.1913,0.9992,1.0181,0.4839,0.4839,94542.5815,30805.44,24311.1921,677870.3094,220875.0048,,,4.9376
000881,中广核技,化工原料,辽宁,19980902,000881.SZ,20200220,7.01,7.14,6.92,7.09,7.01,0.08,1.1412,70222.28,49502.648,2.2795,2.8885,0.95,20.9665,32.4261,1.178,0.9881,1.0068,0.4893,0.4893,94542.5815,30805.44,24311.1921,670306.9028,218410.5696,,,4.9376
000881,中广核技,化工原料,辽宁,19980902,000881.SZ,20200219,7.03,7.16,6.88,7.01,7.05,-0.04,-0.5674,77367.31,54495.564,2.5115,3.1824,1.06,20.7299,32.0602,1.1647,0.9769,0.9954,0.4949,0.4949,94542.5815,30805.44,24311.1921,662743.4963,215946.1344,,,4.9376
000881,中广核技,化工原料,辽宁,19980902,000881.SZ,20200218,6.92,7.1,6.86,7.05,6.91,0.14,2.026,84362.42,59174.984,2.7386,3.4701,0.98,20.8482,32.2432,1.1714,0.9825,1.0011,0.4921,0.4921,94542.5815,30805.44,24311.1921,666525.1996,217178.352,,,4.9376
000881,中广核技,化工原料,辽宁,19980902,000881.SZ,20200217,6.72,6.95,6.71,6.91,6.66,0.25,3.7538,77435.88,53119.901,2.5137,3.1852,0.75,20.4342,31.6029,1.1481,0.963,0.9812,0.5021,0.5021,94542.5815,30805.44,24311.1921,653289.2382,212865.5904,,,4.9376
000881,中广核技,化工原料,辽宁,19980902,000881.SZ,20200214,6.7,6.82,6.63,6.66,6.73,-0.07,-1.0401,61433.17,41168.449,1.9942,2.527,0.59,19.6949,30.4595,1.1066,0.9281,0.9457,0.5209,0.5209,94542.5815,30805.44,24311.1921,629653.5928,205164.2304,,,4.9376
000881,中广核技,化工原料,辽宁,19980902,000881.SZ,20200213,6.85,6.9,6.67,6.73,6.86,-0.13,-1.895,69960.0,47402.508,2.271,2.8777,0.67,19.9019,30.7797,1.1182,0.9379,0.9556,0.5155,0.5155,94542.5815,30805.44,24311.1921,636271.5735,207320.6112,,,4.9376
000881,中广核技,化工原料,辽宁,19980902,000881.SZ,20200212,6.79,6.89,6.73,6.86,6.88,-0.02,-0.2907,73017.29,49779.065,2.3703,3.0034,0.7,20.2864,31.3742,1.1398,0.956,0.9741,0.5057,0.5057,94542.5815,30805.44,24311.1921,648562.1091,211325.3184,,,4.9376
000881,中广核技,化工原料,辽宁,19980902,000881.SZ,20200211,7.08,7.15,6.81,6.88,7.3,-0.42,-5.7534,147991.88,102924.575,4.8041,6.0874,1.61,20.3455,31.4657,1.1431,0.9588,0.9769,0.5043,0.5043,94542.5815,30805.44,24311.1921,650452.9607,211941.4272,,,4.9376
000881,中广核技,化工原料,辽宁,19980902,000881.SZ,20200210,6.86,7.3,6.83,7.3,6.64,0.66,9.9398,165039.97,119015.127,5.3575,6.7886,2.53,21.5875,33.3865,1.2129,1.0173,1.0366,0.4753,0.4753,94542.5815,30805.44,24311.1921,690160.845,224879.712,,,4.9376
000881,中广核技,化工原料,辽宁,19980902,000881.SZ,20200207,6.59,6.67,6.43,6.64,6.59,0.05,0.7587,63515.89,41654.498,2.0618,2.6126,1.04,19.6358,30.368,1.1033,0.9253,0.9429,0.5225,0.5225,94542.5815,30805.44,24311.1921,627762.7412,204548.1216,,,4.9376
000881,中广核技,化工原料,辽宁,19980902,000881.SZ,20200206,6.69,6.75,6.48,6.59,6.64,-0.05,-0.753,73566.07,48591.828,2.3881,3.026,1.41,19.4879,30.1394,1.0949,0.9184,0.9358,0.5265,0.5265,94542.5815,30805.44,24311.1921,623035.6121,203007.8496,,,4.9376
000881,中广核技,化工原料,辽宁,19980902,000881.SZ,20200205,6.74,6.87,6.55,6.64,6.74,-0.1,-1.4837,71597.98,47846.293,2.3242,2.9451,1.51,19.6358,30.368,1.1033,0.9253,0.9429,0.5225,0.5225,94542.5815,30805.44,24311.1921,627762.7412,204548.1216,,,4.9376
000881,中广核技,化工原料,辽宁,19980902,000881.SZ,20200204,6.0,6.87,6.0,6.74,6.27,0.47,7.496,85816.82,55614.028,2.7858,3.5299,2.33,19.9315,30.8254,1.1199,0.9393,0.9571,0.5147,0.5147,94542.5815,30805.44,24311.1921,637216.9993,207628.6656,,,4.9376
000881,中广核技,化工原料,辽宁,19980902,000881.SZ,20200203,6.27,6.29,6.27,6.27,6.97,-0.7,-10.043,31142.0,19528.045,1.0109,1.281,0.76,18.5416,28.6758,1.0418,0.8738,0.8903,0.5533,0.5533,94542.5815,30805.44,24311.1921,592781.986,193150.1088,,,4.9376
000881,中广核技,化工原料,辽宁,19980902,000881.SZ,20200123,7.32,7.33,6.91,6.97,7.3,-0.33,-4.5205,43929.0,31091.7,1.426,1.8069,0.97,20.6116,31.8773,1.1581,0.9713,0.9897,0.4978,0.4978,94542.5815,30805.44,24311.1921,658961.7931,214713.9168,,,4.9376
000881,中广核技,化工原料,辽宁,19980902,000881.SZ,20200122,7.22,7.38,7.14,7.3,7.24,0.06,0.8287,27544.13,20037.88,0.8941,1.133,0.47,21.5875,33.3865,1.2129,1.0173,1.0366,0.4753,0.4753,94542.5815,30805.44,24311.1921,690160.845,224879.712,,,4.9376
000881,中广核技,化工原料,辽宁,19980902,000881.SZ,20200121,7.48,7.49,7.22,7.24,7.52,-0.28,-3.7234,48718.24,35719.759,1.5815,2.0039,0.66,21.4101,33.1121,1.2029,1.009,1.0281,0.4792,0.4792,94542.5815,30805.44,24311.1921,684488.2901,223031.3856,,,4.9376
000881,中广核技,化工原料,辽宁,19980902,000881.SZ,20200120,7.57,7.59,7.41,7.52,7.55,-0.03,-0.3974,33009.13,24698.189,1.0715,1.3578,0.43,22.2381,34.3927,1.2495,1.048,1.0678,0.4613,0.4613,94542.5815,30805.44,24311.1921,710960.2129,231656.9088,,,4.9376
000881,中广核技,化工原料,辽宁,19980902,000881.SZ,20200117,7.7,7.7,7.46,7.55,7.64,-0.09,-1.178,50697.6,38223.161,1.6457,2.0854,0.54,22.3268,34.5299,1.2545,1.0522,1.0721,0.4595,0.4595,94542.5815,30805.44,24311.1921,713796.4903,232581.072,,,4.9376
000881,中广核技,化工原料,辽宁,19980902,000881.SZ,20200116,7.8,7.87,7.56,7.64,7.89,-0.25,-3.1686,65426.35,50377.975,2.1239,2.6912,0.56,22.593,34.9415,1.2694,1.0647,1.0848,0.4541,0.4541,94542.5815,30805.44,24311.1921,722305.3227,235353.5616,,,4.9376
000881,中广核技,化工原料,辽宁,19980902,000881.SZ,20200115,7.7,8.14,7.7,7.89,7.88,0.01,0.1269,94177.42,74738.983,3.0572,3.8738,0.91,23.3323,36.0849,1.3109,1.0995,1.1203,0.4397,0.4397,94542.5815,30805.44,24311.1921,745940.968,243054.9216,,,4.9376
000881,中广核技,化工原料,辽宁,19980902,000881.SZ,20200114,7.5,8.05,7.42,7.88,7.44,0.44,5.914,125022.83,97533.925,4.0585,5.1426,1.49,23.3027,36.0392,1.3093,1.0982,1.1189,0.4403,0.4403,94542.5815,30805.44,24311.1921,744995.5422,242746.8672,,,4.9376
000881,中广核技,化工原料,辽宁,19980902,000881.SZ,20200113,7.51,7.51,7.3,7.44,7.48,-0.04,-0.5348,52663.19,38950.646,1.7095,2.1662,0.64,22.0015,34.0268,1.2362,1.0368,1.0564,0.4663,0.4663,94542.5815,30805.44,24311.1921,703396.8064,229192.4736,,,4.9376
000881,中广核技,化工原料,辽宁,19980902,000881.SZ,20200110,7.79,7.79,7.4,7.48,7.65,-0.17,-2.2222,128985.42,97499.137,4.1871,5.3056,2.03,22.1198,34.2098,1.2428,1.0424,1.0621,0.4638,0.4638,94542.5815,30805.44,24311.1921,707178.5096,230424.6912,,,4.9376
000881,中广核技,化工原料,辽宁,19980902,000881.SZ,20200109,6.96,7.65,6.96,7.65,6.95,0.7,10.0719,183891.43,138195.759,5.9694,7.5641,5.78,22.6225,34.9873,1.2711,1.0661,1.0863,0.4535,0.4535,94542.5815,30805.44,24311.1921,723250.7485,235661.616,,,4.9376
000881,中广核技,化工原料,辽宁,19980902,000881.SZ,20200108,7.02,7.04,6.88,6.95,7.04,-0.09,-1.2784,25770.18,17957.351,0.8365,1.06,0.86,20.5525,31.7858,1.1548,0.9685,0.9869,0.4992,0.4992,94542.5815,30805.44,24311.1921,657070.9414,214097.808,,,4.9376
000881,中广核技,化工原料,辽宁,19980902,000881.SZ,20200107,7.0,7.07,6.99,7.04,7.02,0.02,0.2849,28645.17,20117.461,0.9299,1.1783,1.04,20.8187,32.1974,1.1697,0.9811,0.9997,0.4928,0.4928,94542.5815,30805.44,24311.1921,665579.7738,216870.2976,8.4,6.88,4.9376
000881,中广核技,化工原料,辽宁,19980902,000881.SZ,20200106,7.02,7.1,6.95,7.02,7.06,-0.04,-0.5666,41582.39,29254.659,1.3498,1.7104,1.78,20.7595,32.106,1.1664,0.9783,0.9968,0.4942,0.4942,94542.5815,30805.44,24311.1921,663688.9221,216254.1888,,,4.9376
000881,中广核技,化工原料,辽宁,19980902,000881.SZ,20200103,6.92,7.12,6.91,7.06,6.92,0.14,2.0231,37397.1,26260.966,1.214,1.5383,2.0,20.8778,32.2889,1.173,0.9839,1.0025,0.4914,0.4914,94542.5815,30805.44,24311.1921,667470.6254,217486.4064,,,4.9376
000881,中广核技,化工原料,辽宁,19980902,000881.SZ,20200102,6.98,6.98,6.88,6.92,6.87,0.05,0.7278,25549.77,17676.635,0.8294,1.0509,1.58,20.4638,31.6486,1.1498,0.9644,0.9826,0.5013,0.5013,94542.5815,30805.44,24311.1921,654234.664,213173.6448,,,4.9376
000881,中广核技,化工原料,辽宁,19980902,000881.SZ,20191231,6.91,6.92,6.83,6.87,6.92,-0.05,-0.7225,16030.42,11014.074,0.5204,0.6594,0.97,20.3159,31.4199,1.1415,0.9574,0.9755,0.6013,0.505,94542.5815,30805.44,24311.1921,649507.5349,211633.3728,,,4.9376
000881,中广核技,化工原料,辽宁,19980902,000881.SZ,20191230,6.87,6.95,6.73,6.92,6.88,0.04,0.5814,16806.75,11531.551,0.5456,0.6913,0.92,20.4638,31.6486,1.1498,0.9644,0.9826,0.597,0.5013,94542.5815,30805.44,24311.1921,654234.664,213173.6448,,,4.9376
000881,中广核技,化工原料,辽宁,19980902,000881.SZ,20191227,6.88,6.98,6.86,6.88,6.87,0.01,0.1456,20806.05,14428.491,0.6754,0.8558,1.13,20.3455,31.4657,1.1431,0.9588,0.9769,0.6005,0.5043,94542.5815,30805.44,24311.1921,650452.9607,211941.4272,,,4.9376
000881,中广核技,化工原料,辽宁,19980902,000881.SZ,20191226,6.82,6.88,6.81,6.87,6.85,0.02,0.292,14335.0,9808.88,0.4653,0.5896,0.71,20.3159,31.4199,1.1415,0.9574,0.9755,0.6013,0.505,94542.5815,30805.44,24311.1921,649507.5349,211633.3728,,,4.9376
000881,中广核技,化工原料,辽宁,19980902,000881.SZ,20191225,6.83,6.87,6.77,6.85,6.83,0.02,0.2928,13075.7,8944.289,0.4245,0.5378,0.63,20.2568,31.3285,1.1381,0.9546,0.9727,0.6031,0.5065,94542.5815,30805.44,24311.1921,647616.6833,211017.264,,,4.9376
000881,中广核技,化工原料,辽宁,19980902,000881.SZ,20191224,6.75,6.91,6.72,6.83,6.76,0.07,1.0355,17326.36,11812.822,0.5624,0.7127,0.78,20.1976,31.237,1.1348,0.9518,0.9698,0.6049,0.508,94542.5815,30805.44,24311.1921,645725.8316,210401.1552,,,4.9376
000881,中广核技,化工原料,辽宁,19980902,000881.SZ,20191223,7.0,7.02,6.71,6.76,6.96,-0.2,-2.8736,25462.33,17343.643,0.8266,1.0474,1.22,19.9906,30.9169,1.1232,0.9421,0.9599,0.6111,0.5132,94542.5815,30805.44,24311.1921,639107.8509,208244.7744,7.61,6.23,4.9376
000881,中广核技,化工原料,辽宁,19980902,000881.SZ,20191220,6.93,7.02,6.93,6.96,6.96,0.0,0.0,21508.0,15012.976,0.6982,0.8847,1.08,20.5821,31.8316,1.1564,0.9699,0.9883,0.5936,0.4985,94542.5815,30805.44,24311.1921,658016.3672,214405.8624,,,4.9376
000881,中广核技,化工原料,辽宁,19980902,000881.SZ,20191219,6.87,6.97,6.86,6.96,6.9,0.06,0.8696,23553.0,16325.29,0.7646,0.9688,1.29,20.5821,31.8316,1.1564,0.9699,0.9883,0.5936,0.4985,94542.5815,30805.44,24311.1921,658016.3672,214405.8624,7.61,6.23,4.938
000881,中广核技,化工原料,辽宁,19980902,000881.SZ,20191218,6.95,6.98,6.9,6.9,6.95,-0.05,-0.7194,15941.05,11053.156,0.5175,0.6557,0.83,20.4046,31.5571,1.1465,0.9616,0.9798,0.5987,0.5028,94542.5815,30805.44,24311.1921,652343.8124,212557.536,,,4.938
000881,中广核技,化工原料,辽宁,19980902,000881.SZ,20191217,6.91,6.98,6.86,6.95,6.91,0.04,0.5789,23911.01,16566.098,0.7762,0.9835,1.08,20.5525,31.7858,1.1548,0.9685,0.9869,0.5944,0.4992,94542.5815,30805.44,24311.1921,657070.9414,214097.808,7.56,6.18,4.938
000881,中广核技,化工原料,辽宁,19980902,000881.SZ,20191216,6.89,6.93,6.83,6.91,6.89,0.02,0.2903,19780.0,13627.233,0.6421,0.8136,0.84,20.4342,31.6029,1.1481,0.963,0.9812,0.5979,0.5021,94542.5815,30805.44,24311.1921,653289.2382,212865.5904,7.54,6.17,4.938
000881,中广核技,化工原料,辽宁,19980902,000881.SZ,20191213,6.85,6.91,6.83,6.89,6.85,0.04,0.5839,16770.52,11536.687,0.5444,0.6898,0.72,22.0899,34.1636,1.2411,1.041,1.0607,0.553,0.4644,102499.7876,30805.44,24311.1921,706223.5366,212249.4816,7.51,6.15,4.938
000881,中广核技,化工原料,辽宁,19980902,000881.SZ,20191212,6.83,6.89,6.79,6.85,6.85,0.0,0.0,14807.9,10146.508,0.4807,0.6091,0.62,21.9617,33.9652,1.2339,1.035,1.0545,0.5563,0.4672,102499.7876,30805.44,24311.1921,702123.5451,211017.264,,,4.938
000881,中广核技,化工原料,辽宁,19980902,000881.SZ,20191211,6.88,6.94,6.79,6.85,6.88,-0.03,-0.436,20657.48,14139.001,0.6706,0.8497,0.9,21.9617,33.9652,1.2339,1.035,1.0545,0.5563,0.4672,102499.7876,30805.44,24311.1921,702123.5451,211017.264,,,4.938
000881,中广核技,化工原料,辽宁,19980902,000881.SZ,20191210,6.72,6.9,6.66,6.88,6.72,0.16,2.381,39048.56,26591.826,1.2676,1.6062,2.13,22.0579,34.114,1.2393,1.0395,1.0592,0.5538,0.4651,102499.7876,30805.44,24311.1921,705198.5387,211941.4272,,,4.938
000881,中广核技,化工原料,辽宁,19980902,000881.SZ,20191209,6.65,6.79,6.6,6.72,6.65,0.07,1.0526,26528.8,17807.793,0.8612,1.0912,1.79,21.5449,33.3206,1.2105,1.0153,1.0345,0.567,0.4762,102499.7876,30805.44,24311.1921,688798.5727,207012.5568,,,4.938
000881,中广核技,化工原料,辽宁,19980902,000881.SZ,20191206,6.58,6.65,6.57,6.65,6.62,0.03,0.4532,14837.2,9819.447,0.4816,0.6103,1.08,21.3205,32.9736,1.1979,1.0047,1.0237,0.573,0.4812,102499.7876,30805.44,24311.1921,681623.5875,204856.176,,,4.938
000881,中广核技,化工原料,辽宁,19980902,000881.SZ,20191205,6.59,6.65,6.54,6.62,6.56,0.06,0.9146,18885.0,12463.567,0.613,0.7768,1.58,21.2243,32.8248,1.1925,1.0002,1.0191,0.5756,0.4834,102499.7876,30805.44,24311.1921,678548.5939,203932.0128,,,4.938
000881,中广核技,化工原料,辽宁,19980902,000881.SZ,20191204,6.47,6.66,6.44,6.56,6.51,0.05,0.768,15562.38,10227.465,0.5052,0.6401,1.4,21.0319,32.5273,1.1817,0.9911,1.0099,0.5809,0.4878,102499.7876,30805.44,24311.1921,672398.6067,202083.6864,,,4.938
000881,中广核技,化工原料,辽宁,19980902,000881.SZ,20191203,6.41,6.53,6.4,6.51,6.46,0.05,0.774,15882.0,10256.423,0.5156,0.6533,1.59,20.8716,32.2794,1.1727,0.9836,1.0022,0.5853,0.4916,102499.7876,30805.44,24311.1921,667273.6173,200543.4144,,,4.938
000881,中广核技,化工原料,辽宁,19980902,000881.SZ,20191202,6.5,6.5,6.43,6.46,6.47,-0.01,-0.1546,8739.3,5653.001,0.2837,0.3595,0.79,20.7113,32.0315,1.1637,0.976,0.9945,0.5899,0.4954,102499.7876,30805.44,24311.1921,662148.6279,199003.1424,,,4.938
000881,中广核技,化工原料,辽宁,19980902,000881.SZ,20191129,6.45,6.47,6.37,6.47,6.44,0.03,0.4658,9735.2,6249.061,0.316,0.4004,0.83,20.7434,32.081,1.1655,0.9775,0.996,0.5889,0.4946,102499.7876,30805.44,24311.1921,663173.6258,199311.1968,,,4.938
000881,中广核技,化工原料,辽宁,19980902,000881.SZ,20191128,6.47,6.51,6.42,6.44,6.47,-0.03,-0.4637,9729.2,6294.242,0.3158,0.4002,0.8,20.6472,31.9323,1.1601,0.973,0.9914,0.5917,0.4969,102499.7876,30805.44,24311.1921,660098.6321,198387.0336,,,4.938
000881,中广核技,化工原料,辽宁,19980902,000881.SZ,20191127,6.5,6.52,6.42,6.47,6.5,-0.03,-0.4615,11678.02,7549.646,0.3791,0.4804,0.79,20.7434,32.081,1.1655,0.9775,0.996,0.5889,0.4946,102499.7876,30805.44,24311.1921,663173.6258,199311.1968,,,4.938
000881,中广核技,化工原料,辽宁,19980902,000881.SZ,20191126,6.51,6.52,6.47,6.5,6.5,0.0,0.0,10154.0,6594.166,0.3296,0.4177,0.66,20.8396,32.2298,1.1709,0.9821,1.0007,0.5862,0.4923,102499.7876,30805.44,24311.1921,666248.6194,200235.36,,,4.938
000881,中广核技,化工原料,辽宁,19980902,000881.SZ,20191125,6.44,6.53,6.42,6.5,6.5,0.0,0.0,13673.94,8857.567,0.4439,0.5625,0.99,20.8396,32.2298,1.1709,0.9821,1.0007,0.5862,0.4923,102499.7876,30805.44,24311.1921,666248.6194,200235.36,,,4.938
000881,中广核技,化工原料,辽宁,19980902,000881.SZ,20191122,6.56,6.6,6.49,6.5,6.54,-0.04,-0.6116,13617.68,8906.654,0.4421,0.5601,1.04,20.8396,32.2298,1.1709,0.9821,1.0007,0.5862,0.4923,102499.7876,30805.44,24311.1921,666248.6194,200235.36,7.16,5.86,4.938
000881,中广核技,化工原料,辽宁,19980902,000881.SZ,20191121,6.52,6.55,6.49,6.54,6.53,0.01,0.1531,11800.0,7701.298,0.383,0.4854,0.96,20.9678,32.4281,1.1781,0.9881,1.0068,0.5826,0.4893,102499.7876,30805.44,24311.1921,670348.6109,201467.5776,,,4.938
000881,中广核技,化工原料,辽宁,19980902,000881.SZ,20191120,6.65,6.66,6.5,6.53,6.64,-0.11,-1.6566,24476.32,16065.02,0.7945,1.0068,2.6,20.9358,32.3785,1.1763,0.9866,1.0053,0.5835,0.49,102499.7876,30805.44,24311.1921,669323.613,201159.5232,,,4.938
000881,中广核技,化工原料,辽宁,19980902,000881.SZ,20191119,6.59,6.66,6.58,6.64,6.59,0.05,0.7587,12886.6,8534.736,0.4183,0.5301,1.38,21.2884,32.924,1.1961,1.0032,1.0222,0.5739,0.4819,102499.7876,30805.44,24311.1921,680598.5897,204548.1216,,,4.938
000881,中广核技,化工原料,辽宁,19980902,000881.SZ,20191118,6.58,6.63,6.56,6.59,6.58,0.01,0.152,6357.14,4185.808,0.2064,0.2615,0.59,21.1281,32.676,1.1871,0.9957,1.0145,0.5782,0.4856,102499.7876,30805.44,24311.1921,675473.6003,203007.8496,,,4.938
000881,中广核技,化工原料,辽宁,19980902,000881.SZ,20191115,6.64,6.65,6.55,6.58,6.67,-0.09,-1.3493,9996.0,6609.811,0.3245,0.4112,0.92,21.0961,32.6265,1.1853,0.9942,1.013,0.5791,0.4863,102499.7876,30805.44,24311.1921,674448.6024,202699.7952,,,4.938
000881,中广核技,化工原料,辽宁,19980902,000881.SZ,20191114,6.63,6.7,6.6,6.67,6.63,0.04,0.6033,7827.88,5214.525,0.2541,0.322,0.59,21.3846,33.0727,1.2015,1.0078,1.0268,0.5713,0.4798,102499.7876,30805.44,24311.1921,683673.5833,205472.2848,,,4.938
000881,中广核技,化工原料,辽宁,19980902,000881.SZ,20191113,6.66,6.68,6.6,6.63,6.68,-0.05,-0.7485,9973.71,6608.799,0.3238,0.4103,0.78,21.2564,32.8744,1.1943,1.0017,1.0207,0.5747,0.4827,102499.7876,30805.44,24311.1921,679573.5918,204240.0672,,,4.938
000881,中广核技,化工原料,辽宁,19980902,000881.SZ,20191112,6.69,6.73,6.58,6.68,6.69,-0.01,-0.1495,12672.01,8404.156,0.4114,0.5212,1.03,21.4167,33.1223,1.2033,1.0093,1.0284,0.5704,0.479,102499.7876,30805.44,24311.1921,684698.5812,205780.3392,,,4.938
000881,中广核技,化工原料,辽宁,19980902,000881.SZ,20191111,6.84,6.86,6.64,6.69,6.84,-0.15,-2.193,13539.01,9105.242,0.4395,0.5569,1.01,21.4487,33.1719,1.2051,1.0108,1.0299,0.5696,0.4783,102499.7876,30805.44,24311.1921,685723.579,206088.3936,7.18,5.88,4.938
000881,中广核技,化工原料,辽宁,19980902,000881.SZ,20191108,6.91,6.97,6.83,6.84,6.9,-0.06,-0.8696,10296.3,7080.589,0.3342,0.4235,0.71,21.9296,33.9157,1.2321,1.0334,1.053,0.5571,0.4678,102499.7876,30805.44,24311.1921,701098.5472,210709.2096,,,4.938
000881,中广核技,化工原料,辽宁,19980902,000881.SZ,20191107,6.78,6.96,6.77,6.9,6.8,0.1,1.4706,20092.54,13796.473,0.6522,0.8265,1.48,22.122,34.2132,1.2429,1.0425,1.0622,0.5522,0.4638,102499.7876,30805.44,24311.1921,707248.5344,212557.536,,,4.938
000881,中广核技,化工原料,辽宁,19980902,000881.SZ,20191106,6.87,6.87,6.78,6.8,6.84,-0.04,-0.5848,7670.0,5232.931,0.249,0.3155,0.5,21.8014,33.7173,1.2249,1.0274,1.0468,0.5604,0.4706,102499.7876,30805.44,24311.1921,696998.5557,209476.992,,,4.938
000881,中广核技,化工原料,辽宁,19980902,000881.SZ,20191105,6.88,6.89,6.8,6.84,6.85,-0.01,-0.146,10180.0,6965.434,0.3305,0.4187,0.56,21.9296,33.9157,1.2321,1.0334,1.053,0.5571,0.4678,102499.7876,30805.44,24311.1921,701098.5472,210709.2096,,,4.938
000881,中广核技,化工原料,辽宁,19980902,000881.SZ,20191104,6.85,6.95,6.84,6.85,6.85,0.0,0.0,19076.3,13175.268,0.6193,0.7847,0.99,21.9617,33.9652,1.2339,1.035,1.0545,0.5563,0.4672,102499.7876,30805.44,24311.1921,702123.5451,211017.264,,,4.938
000881,中广核技,化工原料,辽宁,19980902,000881.SZ,20191101,6.77,6.87,6.75,6.85,6.77,0.08,1.1817,15213.3,10386.307,0.4939,0.6258,0.78,21.9617,33.9652,1.2339,1.035,1.0545,0.5563,0.4672,102499.7876,30805.44,24311.1921,702123.5451,211017.264,,,4.938
000881,中广核技,化工原料,辽宁,19980902,000881.SZ,20191031,6.82,6.95,6.76,6.77,6.83,-0.06,-0.8785,15574.9,10656.566,0.5056,0.6406,0.8,21.7052,33.5686,1.2195,1.0229,1.0422,0.5628,0.4727,102499.7876,30805.44,24311.1921,693923.5621,208552.8288,,,4.938
000881,中广核技,化工原料,辽宁,19980902,000881.SZ,20191030,6.92,6.92,6.82,6.83,6.92,-0.09,-1.3006,16033.58,10989.232,0.5205,0.6595,0.89,21.8976,27.765,1.2373,1.0319,1.029,0.5579,0.4685,102499.7876,30805.44,24311.1921,700073.5493,210401.1552,,,4.938
000881,中广核技,化工原料,辽宁,19980902,000881.SZ,20191029,7.06,7.06,6.89,6.92,7.05,-0.13,-1.844,25121.0,17455.652,0.8155,1.0333,1.72,22.1861,28.1308,1.2536,1.0455,1.0426,0.5506,0.4624,102499.7876,30805.44,24311.1921,709298.5302,213173.6448,,,4.938
000881,中广核技,化工原料,辽宁,19980902,000881.SZ,20191028,7.02,7.1,6.97,7.08,7.05,0.03,0.4255,24544.62,17308.814,0.7968,1.0096,1.96,22.6991,28.7813,1.2752,1.0697,1.0667,0.5382,,102499.7876,30805.44,24311.1921,725698.4962,218102.5152,,,4.938
000881,中广核技,化工原料,辽宁,19980902,000881.SZ,20191025,7.0,7.06,6.97,7.05,7.02,0.03,0.4274,16482.9,11596.181,0.5351,0.678,1.35,22.6029,28.6593,1.2698,1.0652,1.0621,0.5405,,102499.7876,30805.44,24311.1921,722623.5026,217178.352,,,4.938
000881,中广核技,化工原料,辽宁,19980902,000881.SZ,20191024,6.94,7.09,6.94,7.02,6.96,0.06,0.8621,15739.97,11085.451,0.5109,0.6474,1.43,22.5067,28.5373,1.2644,1.0606,1.0576,0.5428,,102499.7876,30805.44,24311.1921,719548.509,216254.1888,,,4.938
000881,中广核技,化工原料,辽宁,19980902,000881.SZ,20191023,7.0,7.04,6.95,6.96,6.99,-0.03,-0.4292,8388.0,5861.233,0.2723,0.345,0.62,22.3144,28.2934,1.2536,1.0516,1.0486,0.5475,,102499.7876,30805.44,24311.1921,713398.5217,214405.8624,,,4.938
000881,中广核技,化工原料,辽宁,19980902,000881.SZ,20191022,6.92,6.99,6.92,6.99,6.95,0.04,0.5755,7827.66,5457.423,0.2541,0.322,0.52,22.4106,28.4154,1.259,1.0561,1.0531,0.5451,,102499.7876,30805.44,24311.1921,716473.5153,215330.0256,,,4.938
000881,中广核技,化工原料,辽宁,19980902,000881.SZ,20191021,7.0,7.04,6.89,6.95,7.06,-0.11,-1.5581,14060.2,9758.833,0.4564,0.5783,0.81,22.2823,28.2528,1.2518,1.0501,1.0471,0.5483,,102499.7876,30805.44,24311.1921,712373.5238,214097.808,,,4.938
000881,中广核技,化工原料,辽宁,19980902,000881.SZ,20191018,7.15,7.15,7.04,7.06,7.06,0.0,0.0,14902.0,10568.837,0.4837,0.613,0.85,22.635,28.6999,1.2716,1.0667,1.0637,0.5397,,102499.7876,30805.44,24311.1921,723648.5005,217486.4064,,,4.938
000881,中广核技,化工原料,辽宁,19980902,000881.SZ,20191017,7.06,7.08,7.02,7.06,7.07,-0.01,-0.1414,10017.66,7070.96,0.3252,0.4121,0.54,22.635,28.6999,1.2716,1.0667,1.0637,0.5397,,102499.7876,30805.44,24311.1921,723648.5005,217486.4064,7.76,6.35,4.938
000881,中广核技,化工原料,辽宁,19980902,000881.SZ,20191016,7.17,7.21,7.06,7.07,7.15,-0.08,-1.1189,20680.78,14690.723,0.6713,0.8507,1.2,22.667,28.7406,1.2734,1.0682,1.0652,0.539,,102499.7876,30805.44,24311.1921,724673.4983,217794.4608,,,4.917
000881,中广核技,化工原料,辽宁,19980902,000881.SZ,20191015,7.2,7.23,7.14,7.15,7.28,-0.13,-1.7857,15997.55,11470.72,0.5193,0.658,0.99,22.9235,29.0658,1.2878,1.0803,1.0772,0.5329,,102499.7876,30805.44,24311.1921,732873.4813,220258.896,,,4.917
000881,中广核技,化工原料,辽宁,19980902,000881.SZ,20191014,7.19,7.31,7.19,7.28,7.18,0.1,1.3928,25692.22,18678.212,0.834,1.0568,1.95,23.3403,29.5943,1.3112,1.0999,1.0968,0.5234,,102499.7876,30805.44,24311.1921,746198.4537,224263.6032,,,4.917
000881,中广核技,化工原料,辽宁,19980902,000881.SZ,20191011,7.2,7.25,7.1,7.18,7.17,0.01,0.1395,15246.05,10905.888,0.4949,0.6271,1.09,23.0197,29.1878,1.2932,1.0848,1.0817,0.5307,,102499.7876,30805.44,24311.1921,735948.475,221183.0592,,,4.917
000881,中广核技,化工原料,辽宁,19980902,000881.SZ,20191010,7.13,7.23,7.1,7.17,7.13,0.04,0.561,15619.16,11177.026,0.507,0.6425,1.03,22.9877,29.1471,1.2914,1.0833,1.0802,0.5314,,102499.7876,30805.44,24311.1921,734923.4771,220875.0048,,,4.917
000881,中广核技,化工原料,辽宁,19980902,000881.SZ,20191009,7.06,7.13,7.05,7.13,7.08,0.05,0.7062,13548.65,9615.583,0.4398,0.5573,0.81,22.8594,28.9845,1.2842,1.0773,1.0742,0.5344,,102499.7876,30805.44,24311.1921,730823.4856,219642.7872,7.77,6.35,4.917
000881,中广核技,化工原料,辽宁,19980902,000881.SZ,20191008,7.05,7.15,7.03,7.08,7.09,-0.01,-0.141,10726.0,7619.956,0.3482,0.4412,0.57,22.6991,28.7813,1.2752,1.0697,1.0667,0.5382,,102499.7876,30805.44,24311.1921,725698.4962,218102.5152,7.77,6.35,4.917
000881,中广核技,化工原料,辽宁,19980902,000881.SZ,20190930,7.1,7.14,7.07,7.09,7.11,-0.02,-0.2813,10650.0,7562.79,0.3457,0.4381,0.48,22.7312,28.8219,1.277,1.0712,1.0682,0.5374,,102499.7876,30805.44,24311.1921,726723.4941,218410.5696,7.78,6.36,4.917
000881,中广核技,化工原料,辽宁,19980902,000881.SZ,20190927,7.09,7.15,7.05,7.11,7.09,0.02,0.2821,19316.04,13729.81,0.627,0.7945,0.9,22.7953,28.9032,1.2806,1.0742,1.0712,0.5359,,102499.7876,30805.44,24311.1921,728773.4898,219026.6784,,,4.917
000881,中广核技,化工原料,辽宁,19980902,000881.SZ,20190926,7.22,7.27,7.09,7.09,7.24,-0.15,-2.0718,21549.91,15424.616,0.6995,0.8864,1.03,22.7312,28.8219,1.277,1.0712,1.0682,0.5374,,102499.7876,30805.44,24311.1921,726723.4941,218410.5696,8.01,6.55,4.917
000881,中广核技,化工原料,辽宁,19980902,000881.SZ,20190925,7.3,7.44,7.24,7.24,7.38,-0.14,-1.897,21442.03,15605.271,0.696,0.882,1.07,23.2121,29.4317,1.304,1.0939,1.0908,0.5263,,102499.7876,30805.44,24311.1921,742098.4622,223031.3856,,,4.917
000881,中广核技,化工原料,辽宁,19980902,000881.SZ,20190924,7.37,7.5,7.31,7.38,7.35,0.03,0.4082,21846.69,16178.112,0.7092,0.8986,0.96,23.6609,30.0008,1.3292,1.115,1.1119,0.5163,,102499.7876,30805.44,24311.1921,756448.4325,227344.1472,,,4.917
000881,中广核技,化工原料,辽宁,19980902,000881.SZ,20190923,7.47,7.47,7.27,7.35,7.47,-0.12,-1.6064,26429.99,19399.191,0.858,1.0872,1.18,23.5647,29.8788,1.3238,1.1105,1.1073,0.5184,,102499.7876,30805.44,24311.1921,753373.4389,226419.984,7.84,6.42,4.917
000881,中广核技,化工原料,辽宁,19980902,000881.SZ,20190920,7.5,7.52,7.44,7.47,7.48,-0.01,-0.1337,15957.66,11925.393,0.518,0.6564,0.68,23.9495,30.3667,1.3454,1.1286,1.1254,0.5101,,102499.7876,30805.44,24311.1921,765673.4134,230116.6368,,,4.917
000881,中广核技,化工原料,辽宁,19980902,000881.SZ,20190919,7.47,7.49,7.4,7.48,7.42,0.06,0.8086,18494.59,13768.799,0.6004,0.7607,0.72,23.9815,30.4073,1.3472,1.1301,1.1269,0.5094,,102499.7876,30805.44,24311.1921,766698.4112,230424.6912,7.8,6.38,4.917
000881,中广核技,化工原料,辽宁,19980902,000881.SZ,20190918,7.55,7.55,7.41,7.42,7.48,-0.06,-0.8021,17076.0,12746.198,0.5543,0.7024,0.59,23.7892,30.1634,1.3364,1.1211,1.1179,0.5135,,102499.7876,30805.44,24311.1921,760548.424,228576.3648,7.82,6.4,4.917
000881,中广核技,化工原料,辽宁,19980902,000881.SZ,20190917,7.7,7.75,7.46,7.48,7.72,-0.24,-3.1088,36314.52,27457.098,1.1788,1.4937,1.18,23.9815,30.4073,1.3472,1.1301,1.1269,0.5094,,102499.7876,30805.44,24311.1921,766698.4112,230424.6912,,,4.917
000881,中广核技,化工原料,辽宁,19980902,000881.SZ,20190916,7.8,7.85,7.69,7.72,7.74,-0.02,-0.2584,24056.65,18670.222,0.7809,0.9895,0.8,24.751,31.3829,1.3905,1.1664,1.1631,0.4936,,102499.7876,30805.44,24311.1921,791298.3603,237817.9968,,,4.917
000881,中广核技,化工原料,辽宁,19980902,000881.SZ,20190912,7.78,7.8,7.7,7.74,7.74,0.0,0.0,22009.65,17054.257,0.7145,0.9053,0.63,24.8151,31.4642,1.3941,1.1694,1.1661,0.4923,,102499.7876,30805.44,24311.1921,793348.356,238434.1056,8.12,6.64,4.917
000881,中广核技,化工原料,辽宁,19980902,000881.SZ,20190911,7.76,7.86,7.69,7.74,7.79,-0.05,-0.6418,29870.52,23176.158,0.9697,1.2287,0.87,24.8151,31.4642,1.3941,1.1694,1.1661,0.4923,,102499.7876,30805.44,24311.1921,793348.356,238434.1056,,,4.917
000881,中广核技,化工原料,辽宁,19980902,000881.SZ,20190910,7.7,7.8,7.65,7.79,7.72,0.07,0.9067,32428.52,25055.656,1.0527,1.3339,0.94,24.9754,31.6675,1.4031,1.177,1.1736,0.4891,,102499.7876,30805.44,24311.1921,798473.3454,239974.3776,,,4.917
000881,中广核技,化工原料,辽宁,19980902,000881.SZ,20190909,7.56,7.74,7.53,7.72,7.48,0.24,3.2086,44936.38,34430.84,1.4587,1.8484,1.47,24.751,31.3829,1.3905,1.1664,1.1631,0.4936,,102499.7876,30805.44,24311.1921,791298.3603,237817.9968,8.23,6.73,4.917
000881,中广核技,化工原料,辽宁,19980902,000881.SZ,20190906,7.47,7.57,7.45,7.48,7.48,0.0,0.0,21746.01,16322.544,0.7059,0.8945,0.69,23.9815,30.4073,1.3472,1.1301,1.1269,0.5094,,102499.7876,30805.44,24311.1921,766698.4112,230424.6912,,,4.917
000881,中广核技,化工原料,辽宁,19980902,000881.SZ,20190905,7.45,7.6,7.45,7.48,7.4,0.08,1.0811,46073.91,34622.799,1.4956,1.8952,1.73,23.9815,30.4073,1.3472,1.1301,1.1269,0.5094,,102499.7876,30805.44,24311.1921,766698.4112,230424.6912,,,4.917
000881,中广核技,化工原料,辽宁,19980902,000881.SZ,20190904,7.33,7.41,7.3,7.4,7.38,0.02,0.271,26971.62,19864.776,0.8755,1.1094,0.87,23.7251,30.0821,1.3328,1.1181,1.1149,0.5149,,102499.7876,30805.44,24311.1921,758498.4282,227960.256,,,4.917
000881,中广核技,化工原料,辽宁,19980902,000881.SZ,20190903,7.3,7.49,7.27,7.38,7.31,0.07,0.9576,33676.37,24831.465,1.0932,1.3852,1.17,23.6609,30.0008,1.3292,1.115,1.1119,0.5163,,102499.7876,30805.44,24311.1921,756448.4325,227344.1472,,,4.917
000881,中广核技,化工原料,辽宁,19980902,000881.SZ,20190902,7.11,7.33,7.1,7.31,7.13,0.18,2.5245,24480.99,17732.684,0.7947,1.007,0.85,23.4365,29.7162,1.3166,1.1045,1.1013,0.5213,,102499.7876,30805.44,24311.1921,749273.4474,225187.7664,8.51,6.97,4.917
000881,中广核技,化工原料,辽宁,19980902,000881.SZ,20190830,7.34,7.37,7.08,7.13,7.29,-0.16,-2.1948,26233.88,18968.577,0.8516,1.0791,0.9,22.8594,28.9845,1.2842,1.0773,1.0742,0.5344,,102499.7876,30805.44,24311.1921,730823.4856,219642.7872,,,4.917
000881,中广核技,化工原料,辽宁,19980902,000881.SZ,20190829,7.4,7.42,7.27,7.29,7.39,-0.1,-1.3532,22062.98,16125.393,0.7162,0.9075,0.71,23.3724,29.6349,1.313,1.1014,1.0983,0.5227,,102499.7876,30805.44,24311.1921,747223.4516,224571.6576,,,4.917
000881,中广核技,化工原料,辽宁,19980902,000881.SZ,20190828,7.3,7.56,7.23,7.39,7.22,0.17,2.3546,48002.88,35502.238,1.5583,1.9745,1.99,23.693,30.0414,1.331,1.1165,1.1134,0.5156,,102499.7876,30805.44,24311.1921,757473.4304,227652.2016,,,4.917
000881,中广核技,化工原料,辽宁,19980902,000881.SZ,20190827,7.13,7.27,7.13,7.22,7.11,0.11,1.5471,23263.82,16771.678,0.7552,0.9569,0.96,23.148,29.3504,1.3004,1.0909,1.0878,0.5278,,102499.7876,30805.44,24311.1921,740048.4665,222415.2768,,,4.917
000881,中广核技,化工原料,辽宁,19980902,000881.SZ,20190826,7.17,7.2,7.09,7.11,7.34,-0.23,-3.1335,23891.52,17035.361,0.7756,0.9827,0.95,22.7953,28.9032,1.2806,1.0742,1.0712,0.5359,,102499.7876,30805.44,24311.1921,728773.4898,219026.6784,,,4.917
000881,中广核技,化工原料,辽宁,19980902,000881.SZ,20190823,7.4,7.48,7.3,7.34,7.49,-0.15,-2.0027,27862.83,20538.649,0.9045,1.1461,1.24,23.5327,24.1805,1.3295,1.109,1.1309,0.5191,,102499.7876,30805.44,24311.1921,752348.441,226111.9296,,,4.917
000881,中广核技,化工原料,辽宁,19980902,000881.SZ,20190822,7.3,7.55,7.29,7.49,7.3,0.19,2.6027,31900.41,23663.198,1.0355,1.3122,1.56,24.0136,24.6747,1.3567,1.1317,1.154,0.5087,,102499.7876,30805.44,24311.1921,767723.4091,230732.7456,8.04,6.58,4.917
000881,中广核技,化工原料,辽宁,19980902,000881.SZ,20190821,7.3,7.36,7.3,7.3,7.32,-0.02,-0.2732,13492.96,9888.219,0.438,0.555,0.64,23.4044,24.0487,1.3223,1.1029,1.1247,0.522,,102499.7876,30805.44,24311.1921,748248.4495,224879.712,,,4.917
000881,中广核技,化工原料,辽宁,19980902,000881.SZ,20190820,7.34,7.45,7.31,7.32,7.34,-0.02,-0.2725,24234.4,17858.649,0.7867,0.9968,1.33,23.4686,24.1146,1.3259,1.106,1.1278,0.5206,,102499.7876,30805.44,24311.1921,750298.4452,225495.8208,,,4.917
000881,中广核技,化工原料,辽宁,19980902,000881.SZ,20190819,7.11,7.38,7.11,7.34,7.09,0.25,3.5261,27767.89,20165.961,0.9014,1.1422,1.79,23.5327,24.1805,1.3295,1.109,1.1309,0.5191,,102499.7876,30805.44,24311.1921,752348.441,226111.9296,,,4.917
000881,中广核技,化工原料,辽宁,19980902,000881.SZ,20190816,7.0,7.14,6.98,7.09,7.04,0.05,0.7102,15019.38,10624.201,0.4876,0.6178,0.94,22.7312,23.3569,1.2842,1.0712,1.0924,0.5374,,102499.7876,30805.44,24311.1921,726723.4941,218410.5696,,,4.917
000881,中广核技,化工原料,辽宁,19980902,000881.SZ,20190815,6.85,7.06,6.78,7.04,7.08,-0.04,-0.565,21688.56,14989.979,0.704,0.8921,1.53,22.5709,23.1922,1.2752,1.0637,1.0847,0.5413,,102499.7876,30805.44,24311.1921,721598.5047,216870.2976,7.82,6.4,4.917
000881,中广核技,化工原料,辽宁,19980902,000881.SZ,20190814,7.18,7.19,7.06,7.08,7.08,0.0,0.0,16305.0,11619.141,0.5293,0.6707,1.19,22.6991,23.324,1.2824,1.0697,1.0908,0.5382,,102499.7876,30805.44,24311.1921,725698.4962,218102.5152,,,4.917
000881,中广核技,化工原料,辽宁,19980902,000881.SZ,20190813,7.06,7.11,7.02,7.08,7.11,-0.03,-0.4219,10333.33,7291.623,0.3354,0.425,0.59,22.6991,23.324,1.2824,1.0697,1.0908,0.5382,,102499.7876,30805.44,24311.1921,725698.4962,218102.5152,,,4.917
000881,中广核技,化工原料,辽宁,19980902,000881.SZ,20190812,7.04,7.13,6.97,7.11,6.99,0.12,1.7167,14307.56,10106.47,0.4644,0.5885,0.78,22.7953,23.4228,1.2879,1.0742,1.0955,0.5359,,102499.7876,30805.44,24311.1921,728773.4898,219026.6784,,,4.917
000881,中广核技,化工原料,辽宁,19980902,000881.SZ,20190809,7.2,7.2,6.99,6.99,7.12,-0.13,-1.8258,16985.62,11996.236,0.5514,0.6987,0.95,22.4106,23.0275,1.2661,1.0561,1.077,0.5451,,102499.7876,30805.44,24311.1921,716473.5153,215330.0256,,,4.917
000881,中广核技,化工原料,辽宁,19980902,000881.SZ,20190808,7.12,7.22,7.11,7.12,7.12,0.0,0.0,12738.0,9108.405,0.4135,0.524,0.68,22.8273,23.4558,1.2897,1.0758,1.097,0.5352,,102499.7876,30805.44,24311.1921,729798.4877,219334.7328,,,4.917
000881,中广核技,化工原料,辽宁,19980902,000881.SZ,20190807,7.2,7.24,7.11,7.12,7.19,-0.07,-0.9736,14416.0,10336.793,0.468,0.593,0.71,22.8273,23.4558,1.2897,1.0758,1.097,0.5352,,102499.7876,30805.44,24311.1921,729798.4877,219334.7328,,,4.917
000881,中广核技,化工原料,辽宁,19980902,000881.SZ,20190806,7.32,7.32,6.92,7.19,7.41,-0.22,-2.969,29630.0,21166.529,0.9618,1.2188,1.65,23.0518,23.6864,1.3024,1.0863,1.1078,0.53,,102499.7876,30805.44,24311.1921,736973.4728,221491.1136,7.74,6.34,4.917
000881,中广核技,化工原料,辽宁,19980902,000881.SZ,20190805,7.41,7.57,7.37,7.41,7.46,-0.05,-0.6702,17946.0,13391.253,0.5826,0.7382,0.84,23.7571,24.4111,1.3422,1.1196,1.1417,0.5142,,102499.7876,30805.44,24311.1921,759523.4261,228268.3104,7.79,6.37,4.917
000881,中广核技,化工原料,辽宁,19980902,000881.SZ,20190802,7.46,7.52,7.3,7.46,7.59,-0.13,-1.7128,15077.86,11233.765,0.4895,0.6202,0.71,23.9174,24.5758,1.3513,1.1271,1.1494,0.5108,,102499.7876,30805.44,24311.1921,764648.4155,229808.5824,,,4.917
000881,中广核技,化工原料,辽宁,19980902,000881.SZ,20190801,7.62,7.69,7.57,7.59,7.66,-0.07,-0.9138,17272.56,13158.024,0.5607,0.7105,0.87,24.3342,25.0041,1.3748,1.1468,1.1694,0.502,,102499.7876,30805.44,24311.1921,777973.3879,233813.2896,,,4.917
000881,中广核技,化工原料,辽宁,19980902,000881.SZ,20190731,7.66,7.71,7.57,7.66,7.62,0.04,0.5249,22288.32,17077.561,0.7235,0.9168,1.19,24.5586,25.2347,1.3875,1.1573,1.1802,0.4974,,102499.7876,30805.44,24311.1921,785148.373,235969.6704,,,4.917
000881,中广核技,化工原料,辽宁,19980902,000881.SZ,20190730,7.63,7.69,7.59,7.62,7.67,-0.05,-0.6519,17209.63,13160.987,0.5587,0.7079,0.95,24.4304,25.1029,1.3802,1.1513,1.174,0.5001,,102499.7876,30805.44,24311.1921,781048.3815,234737.4528,,,4.917
000881,中广核技,化工原料,辽宁,19980902,000881.SZ,20190729,7.6,7.8,7.58,7.67,7.53,0.14,1.8592,34545.0,26565.398,1.1214,1.421,2.18,24.5907,25.2677,1.3893,1.1588,1.1818,0.4968,,102499.7876,30805.44,24311.1921,786173.3709,236277.7248,,,4.917
000881,中广核技,化工原料,辽宁,19980902,000881.SZ,20190726,7.48,7.53,7.45,7.53,7.46,0.07,0.9383,14510.75,10884.547,0.471,0.5969,0.93,24.1418,24.8064,1.3639,1.1377,1.1602,0.506,,102499.7876,30805.44,24311.1921,771823.4006,231964.9632,,,4.917
000881,中广核技,化工原料,辽宁,19980902,000881.SZ,20190725,7.47,7.52,7.44,7.46,7.47,-0.01,-0.1339,11171.4,8341.203,0.3626,0.4595,0.64,23.9174,24.5758,1.3513,1.1271,1.1494,0.5108,,102499.7876,30805.44,24311.1921,764648.4155,229808.5824,,,4.917
000881,中广核技,化工原料,辽宁,19980902,000881.SZ,20190724,7.37,7.53,7.36,7.47,7.39,0.08,1.0825,16395.32,12246.594,0.5322,0.6744,0.94,23.9495,24.6088,1.3531,1.1286,1.1509,0.5101,,102499.7876,30805.44,24311.1921,765673.4134,230116.6368,,,4.917
000881,中广核技,化工原料,辽宁,19980902,000881.SZ,20190723,7.25,7.44,7.25,7.39,7.3,0.09,1.2329,13627.64,10021.514,0.4424,0.5606,0.72,23.693,24.3452,1.3386,1.1165,1.1386,0.5156,,102499.7876,30805.44,24311.1921,757473.4304,227652.2016,,,4.917
000881,中广核技,化工原料,辽宁,19980902,000881.SZ,20190722,7.54,7.58,7.27,7.3,7.51,-0.21,-2.7963,23594.87,17331.216,0.7659,0.9705,0.93,23.4044,24.0487,1.3223,1.1029,1.1247,0.522,,102499.7876,30805.44,24311.1921,748248.4495,224879.712,,,4.917
000881,中广核技,化工原料,辽宁,19980902,000881.SZ,20190719,7.48,7.6,7.47,7.51,7.48,0.03,0.4011,13236.34,9966.237,0.4297,0.5445,0.53,24.0777,24.7406,1.3603,1.1347,1.1571,0.5074,,102499.7876,30805.44,24311.1921,769773.4049,231348.8544,,,4.917
000881,中广核技,化工原料,辽宁,19980902,000881.SZ,20190718,7.66,7.66,7.46,7.48,7.67,-0.19,-2.4772,19959.76,15013.666,0.6479,0.821,0.85,23.9815,24.6417,1.3549,1.1301,1.1525,0.5094,,102499.7876,30805.44,24311.1921,766698.4112,230424.6912,8.44,6.9,4.917
000881,中广核技,化工原料,辽宁,19980902,000881.SZ,20190717,7.67,7.75,7.62,7.67,7.68,-0.01,-0.1302,16398.64,12592.231,0.5323,0.6745,0.72,24.5907,25.2677,1.3893,1.1588,1.1818,0.4968,,102499.7876,30805.44,24311.1921,786173.3709,236277.7248,,,4.917
000881,中广核技,化工原料,辽宁,19980902,000881.SZ,20190716,7.58,7.72,7.52,7.68,7.59,0.09,1.1858,21209.55,16218.033,0.6885,0.8724,0.96,24.6228,25.3006,1.3911,1.1604,1.1833,0.4962,,102499.7876,30805.44,24311.1921,787198.3688,236585.7792,,,4.917
000881,中广核技,化工原料,辽宁,19980902,000881.SZ,20190715,7.75,7.75,7.37,7.59,7.9,-0.31,-3.9241,55924.69,42356.304,1.8154,2.3004,3.29,24.3342,25.0041,1.3748,1.1468,1.1694,0.502,,102499.7876,30805.44,24311.1921,777973.3879,233813.2896,,,4.917
000881,中广核技,化工原料,辽宁,19980902,000881.SZ,20190712,7.86,7.96,7.86,7.9,7.91,-0.01,-0.1264,10703.76,8479.618,0.3475,0.4403,0.54,25.3281,26.0254,1.431,1.1936,1.2172,0.4823,,102499.7876,30805.44,24311.1921,809748.322,243362.976,,,4.917
000881,中广核技,化工原料,辽宁,19980902,000881.SZ,20190711,7.91,8.02,7.89,7.91,7.92,-0.01,-0.1263,12492.7,9938.828,0.4055,0.5139,0.53,25.3602,26.0583,1.4328,1.1951,1.2187,0.4817,,102499.7876,30805.44,24311.1921,810773.3199,243671.0304,,,4.917
000881,中广核技,化工原料,辽宁,19980902,000881.SZ,20190710,7.93,8.02,7.88,7.92,7.93,-0.01,-0.1261,13834.0,11016.584,0.4491,0.569,0.55,25.3922,26.0912,1.4346,1.1966,1.2203,0.4811,,102499.7876,30805.44,24311.1921,811798.3178,243979.0848,,,4.917
000881,中广核技,化工原料,辽宁,19980902,000881.SZ,20190709,7.88,7.96,7.84,7.93,7.91,0.02,0.2528,17167.0,13557.731,0.5573,0.7061,0.63,25.4243,26.1242,1.4364,1.1981,1.2218,0.4805,,102499.7876,30805.44,24311.1921,812823.3157,244287.1392,,,4.917
000881,中广核技,化工原料,辽宁,19980902,000881.SZ,20190708,8.18,8.19,7.82,7.91,8.17,-0.26,-3.1824,30756.75,24486.283,0.9984,1.2651,1.07,25.3602,26.0583,1.4328,1.1951,1.2187,0.4817,,102499.7876,30805.44,24311.1921,810773.3199,243671.0304,,,4.917
000881,中广核技,化工原料,辽宁,19980902,000881.SZ,20190705,8.17,8.22,8.06,8.17,8.17,0.0,0.0,24385.04,19877.465,0.7916,1.003,0.81,26.1937,26.9148,1.4799,1.2344,1.2588,0.4664,,102499.7876,30805.44,24311.1921,837423.2647,251680.4448,,,4.917
000881,中广核技,化工原料,辽宁,19980902,000881.SZ,20190704,8.1,8.24,8.1,8.17,8.1,0.07,0.8642,31320.0,25625.747,1.0167,1.2883,1.06,26.1937,26.9148,1.4799,1.2344,1.2588,0.4664,,102499.7876,30805.44,24311.1921,837423.2647,251680.4448,,,4.917
000881,中广核技,化工原料,辽宁,19980902,000881.SZ,20190703,8.19,8.2,8.08,8.1,8.22,-0.12,-1.4599,21935.0,17809.679,0.712,0.9023,0.75,25.9693,26.6842,1.4672,1.2238,1.248,0.4704,,102499.7876,30805.44,24311.1921,830248.2796,249524.064,,,4.917
000881,中广核技,化工原料,辽宁,19980902,000881.SZ,20190702,8.22,8.27,8.17,8.22,8.22,0.0,0.0,28108.0,23096.044,0.9124,1.1562,0.89,26.354,27.0795,1.4889,1.2419,1.2665,0.4636,0.4636,102499.7876,30805.44,24311.1921,842548.2541,253220.7168,,,4.917
000881,中广核技,化工原料,辽宁,19980902,000881.SZ,20190701,8.16,8.23,8.1,8.22,8.01,0.21,2.6217,38311.0,31318.698,1.2436,1.5759,1.22,26.354,27.0795,1.4889,1.2419,1.2665,0.4636,0.4636,102499.7876,30805.44,24311.1921,842548.2541,253220.7168,,,4.917
000881,中广核技,化工原料,辽宁,19980902,000881.SZ,20190628,8.16,8.24,7.95,8.01,8.16,-0.15,-1.8382,31764.47,25607.007,1.0311,1.3066,0.86,25.6808,26.3877,1.4509,1.2102,1.2341,0.4757,0.4757,102499.7876,30805.44,24311.1921,821023.2987,246751.5744,,,4.917
000881,中广核技,化工原料,辽宁,19980902,000881.SZ,20190627,8.21,8.29,8.16,8.16,8.2,-0.04,-0.4878,27600.75,22687.584,0.896,1.1353,0.64,26.1617,26.8819,1.4781,1.2329,1.2572,0.467,0.467,102499.7876,30805.44,24311.1921,836398.2668,251372.3904,,,4.917
000881,中广核技,化工原料,辽宁,19980902,000881.SZ,20190626,8.16,8.25,8.12,8.2,8.21,-0.01,-0.1218,20542.33,16831.54,0.6668,0.845,0.4,26.2899,27.0137,1.4853,1.2389,1.2634,0.4647,0.4647,102499.7876,30805.44,24311.1921,840498.2583,252604.608,8.99,7.35,4.917
000881,中广核技,化工原料,辽宁,19980902,000881.SZ,20190625,8.36,8.36,8.1,8.21,8.38,-0.17,-2.0286,39437.38,32295.786,1.2802,1.6222,0.77,26.322,27.0466,1.4871,1.2404,1.265,0.4641,0.4641,102499.7876,30805.44,24311.1921,841523.2562,252912.6624,,,4.917
000881,中广核技,化工原料,辽宁,19980902,000881.SZ,20190624,8.47,8.51,8.32,8.38,8.5,-0.12,-1.4118,37324.0,31319.241,1.2116,1.5353,0.75,26.867,27.6066,1.5179,1.2661,1.2911,0.4547,0.4547,102499.7876,30805.44,24311.1921,858948.2201,258149.5872,8.91,7.29,4.917
000881,中广核技,化工原料,辽宁,19980902,000881.SZ,20190621,8.42,8.56,8.38,8.5,8.39,0.11,1.3111,58991.59,50064.294,1.915,2.4265,1.23,27.2517,28.002,1.5396,1.2843,1.3096,0.4483,0.4483,102499.7876,30805.44,24311.1921,871248.1946,261846.24,,,4.917
000881,中广核技,化工原料,辽宁,19980902,000881.SZ,20190620,8.34,8.42,8.17,8.39,8.35,0.04,0.479,58332.53,48508.187,1.8936,2.3994,1.2,26.8991,27.6396,1.5197,1.2676,1.2927,0.4542,0.4542,102499.7876,30805.44,24311.1921,859973.218,258457.6416,,,4.917
000881,中广核技,化工原料,辽宁,19980902,000881.SZ,20190619,8.47,8.58,8.3,8.35,8.29,0.06,0.7238,62823.57,52717.26,2.0394,2.5841,1.26,26.7708,27.5078,1.5125,1.2616,1.2865,0.4563,0.4563,102499.7876,30805.44,24311.1921,855873.2265,257225.424,,,4.917
000881,中广核技,化工原料,辽宁,19980902,000881.SZ,20190618,8.18,8.29,8.04,8.29,8.21,0.08,0.9744,37775.32,30703.893,1.2263,1.5538,0.63,26.5785,27.3102,1.5016,1.2525,1.2773,0.4596,0.4596,102499.7876,30805.44,24311.1921,849723.2392,255377.0976,8.98,7.34,4.917
000881,中广核技,化工原料,辽宁,19980902,000881.SZ,20190617,8.14,8.3,8.09,8.21,8.16,0.05,0.6127,29726.35,24382.397,0.965,1.2227,0.46,26.322,27.0466,1.4871,1.2404,1.265,0.4641,0.4641,102499.7876,30805.44,24311.1921,841523.2562,252912.6624,9.02,7.38,4.917
000881,中广核技,化工原料,辽宁,19980902,000881.SZ,20190614,8.42,8.42,8.14,8.16,8.42,-0.26,-3.0879,50333.51,41505.617,1.6339,2.0704,0.72,26.1617,26.8819,1.4781,1.2329,1.2572,0.467,0.467,102499.7876,30805.44,24311.1921,836398.2668,251372.3904,,,4.917
000881,中广核技,化工原料,辽宁,19980902,000881.SZ,20190613,8.2,8.5,8.13,8.42,8.21,0.21,2.5579,61822.26,51616.123,2.0069,2.543,0.89,26.9953,27.7384,1.5252,1.2722,1.2973,0.4525,0.4525,102499.7876,30805.44,24311.1921,863048.2116,259381.8048,,,4.917
000881,中广核技,化工原料,辽宁,19980902,000881.SZ,20190612,8.21,8.45,8.18,8.21,8.28,-0.07,-0.8454,70224.96,58348.23,2.2796,2.8886,1.0,26.322,27.0466,1.4871,1.2404,1.265,0.4641,0.4641,102499.7876,30805.44,24311.1921,841523.2562,252912.6624,,,4.917
000881,中广核技,化工原料,辽宁,19980902,000881.SZ,20190611,7.88,8.48,7.87,8.28,7.95,0.33,4.1509,87436.94,71587.253,2.8384,3.5966,1.49,26.5464,27.2772,1.4998,1.251,1.2757,0.4602,0.4602,102499.7876,30805.44,24311.1921,848698.2413,255069.0432,,,4.917
000881,中广核技,化工原料,辽宁,19980902,000881.SZ,20190610,7.84,8.01,7.65,7.95,7.94,0.01,0.1259,54480.42,42859.833,1.7685,2.241,1.01,25.4884,26.1901,1.44,1.2012,1.2249,0.4793,0.4793,102499.7876,30805.44,24311.1921,814873.3114,244903.248,,,4.917
000881,中广核技,化工原料,辽宁,19980902,000881.SZ,20190606,7.9,8.39,7.74,7.94,7.9,0.04,0.5063,77838.56,62573.593,2.5268,3.2018,1.68,25.4563,26.1571,1.4382,1.1996,1.2234,0.4799,0.4799,102499.7876,30805.44,24311.1921,813848.3135,244595.1936,,,4.917
000881,中广核技,化工原料,辽宁,19980902,000881.SZ,20190605,8.09,8.12,7.78,7.9,8.05,-0.15,-1.8634,55980.0,44374.897,1.8172,2.3026,1.36,25.3281,26.0254,1.431,1.1936,1.2172,0.4823,0.4823,102499.7876,30805.44,24311.1921,809748.322,243362.976,,,4.917
000881,中广核技,化工原料,辽宁,19980902,000881.SZ,20190604,7.85,8.16,7.68,8.05,7.77,0.28,3.6036,76011.44,60723.868,2.4675,3.1266,2.24,25.809,26.5195,1.4581,1.2163,1.2403,0.4733,0.4733,102499.7876,30805.44,24311.1921,825123.2902,247983.792,,,4.917
000881,中广核技,化工原料,辽宁,19980902,000881.SZ,20190603,7.89,7.96,7.72,7.77,7.89,-0.12,-1.5209,29349.01,22967.852,0.9527,1.2072,0.81,24.9113,25.5971,1.4074,1.174,1.1972,0.4904,0.4904,102499.7876,30805.44,24311.1921,796423.3497,239358.2688,,,4.917
000881,中广核技,化工原料,辽宁,19980902,000881.SZ,20190531,7.93,8.04,7.84,7.89,7.9,-0.01,-0.1266,29454.01,23392.411,0.9561,1.2115,0.82,25.296,25.9924,1.4292,1.1921,1.2156,0.4829,0.4829,102499.7876,30805.44,24311.1921,808723.3242,243054.9216,,,4.917
000881,中广核技,化工原料,辽宁,19980902,000881.SZ,20190530,8.01,8.01,7.73,7.9,8.03,-0.13,-1.6189,41540.57,32629.326,1.3485,1.7087,1.17,25.3281,26.0254,1.431,1.1936,1.2172,0.4823,0.4823,102499.7876,30805.44,24311.1921,809748.322,243362.976,,,4.917
000881,中广核技,化工原料,辽宁,19980902,000881.SZ,20190529,7.95,8.08,7.91,8.03,7.93,0.1,1.261,29179.0,23348.241,0.9472,1.2002,0.79,25.7449,26.4536,1.4545,1.2132,1.2372,0.4745,0.4745,102499.7876,30805.44,24311.1921,823073.2944,247367.6832,8.75,7.16,4.917
000881,中广核技,化工原料,辽宁,19980902,000881.SZ,20190528,7.95,8.14,7.91,7.93,7.95,-0.02,-0.2516,40212.35,32258.391,1.3054,1.6541,1.12,25.4243,26.1242,1.4364,1.1981,1.2218,0.4805,0.4805,102499.7876,30805.44,24311.1921,812823.3157,244287.1392,8.73,7.15,4.917
000881,中广核技,化工原料,辽宁,19980902,000881.SZ,20190527,7.77,8.0,7.65,7.95,7.73,0.22,2.8461,41142.53,32401.05,1.3356,1.6923,1.13,25.4884,26.1901,1.44,1.2012,1.2249,0.4793,0.4793,102499.7876,30805.44,24311.1921,814873.3114,244903.248,,,4.917
000881,中广核技,化工原料,辽宁,19980902,000881.SZ,20190524,7.83,7.88,7.68,7.73,7.81,-0.08,-1.0243,26643.52,20674.66,0.8649,1.0959,0.56,24.7831,25.4653,1.4002,1.1679,1.191,0.4929,0.4929,102499.7876,30805.44,24311.1921,792323.3581,238126.0512,,,4.917
000881,中广核技,化工原料,辽宁,19980902,000881.SZ,20190523,7.94,8.12,7.74,7.81,7.96,-0.15,-1.8844,39785.85,31442.551,1.2915,1.6365,0.82,25.0395,25.7289,1.4147,1.18,1.2033,0.4879,0.4879,102499.7876,30805.44,24311.1921,800523.3412,240590.4864,,,4.917
000881,中广核技,化工原料,辽宁,19980902,000881.SZ,20190522,8.22,8.27,7.9,7.96,8.15,-0.19,-2.3313,36728.89,29565.916,1.1923,1.5108,0.75,25.5205,26.223,1.4418,1.2027,1.2264,0.4787,0.4787,102499.7876,30805.44,24311.1921,815898.3093,245211.3024,,,4.917
000881,中广核技,化工原料,辽宁,19980902,000881.SZ,20190521,8.0,8.21,7.93,8.15,8.0,0.15,1.875,35613.38,29026.947,1.1561,1.4649,0.72,26.1296,26.8489,1.4762,1.2314,1.2557,0.4675,0.4675,102499.7876,30805.44,24311.1921,835373.2689,251064.336,,,4.917
000881,中广核技,化工原料,辽宁,19980902,000881.SZ,20190520,7.8,8.07,7.69,8.0,7.89,0.11,1.3942,43024.36,33969.509,1.3966,1.7697,0.87,25.6487,26.3548,1.4491,1.2087,1.2326,0.4763,0.4763,102499.7876,30805.44,24311.1921,819998.3008,246443.52,,,4.917
000881,中广核技,化工原料,辽宁,19980902,000881.SZ,20190517,8.44,8.49,7.85,7.89,8.45,-0.56,-6.6272,81042.65,65820.411,2.6308,3.3336,1.68,25.296,25.9924,1.4292,1.1921,1.2156,0.4829,0.4829,102499.7876,30805.44,24311.1921,808723.3242,243054.9216,,,4.917
000881,中广核技,化工原料,辽宁,19980902,000881.SZ,20190516,8.38,8.5,8.33,8.45,8.39,0.06,0.7151,47533.46,40086.069,1.543,1.9552,1.07,27.0914,27.8372,1.5306,1.2767,1.3019,0.4509,0.4509,102499.7876,30805.44,24311.1921,866123.2052,260305.968,,,4.917
000881,中广核技,化工原料,辽宁,19980902,000881.SZ,20190515,8.31,8.42,8.25,8.39,8.22,0.17,2.0681,39041.26,32620.159,1.2673,1.6059,0.87,26.8991,27.6396,1.5197,1.2676,1.2927,0.4542,0.4542,102499.7876,30805.44,24311.1921,859973.218,258457.6416,,,4.917
000881,中广核技,化工原料,辽宁,19980902,000881.SZ,20190514,8.2,8.43,8.17,8.22,8.36,-0.14,-1.6746,35873.81,29747.646,1.1645,1.4756,0.79,26.354,27.0795,1.4889,1.2419,1.2665,0.4636,0.4636,102499.7876,30805.44,24311.1921,842548.2541,253220.7168,,,4.917
000881,中广核技,化工原料,辽宁,19980902,000881.SZ,20190513,8.38,8.46,8.21,8.36,8.59,-0.23,-2.6775,43069.0,35999.978,1.3981,1.7716,0.8,26.8029,27.5408,1.5143,1.2631,1.2881,0.4558,0.4558,102499.7876,30805.44,24311.1921,856898.2243,257533.4784,,,4.917
000881,中广核技,化工原料,辽宁,19980902,000881.SZ,20190510,8.35,8.59,8.05,8.59,8.21,0.38,4.6285,75826.73,63952.296,2.4615,3.119,1.62,27.5403,28.2985,1.5559,1.2979,1.3235,0.4436,0.4436,102499.7876,30805.44,24311.1921,880473.1755,264618.7296,,,4.917
000881,中广核技,化工原料,辽宁,19980902,000881.SZ,20190509,8.27,8.37,8.17,8.21,8.34,-0.13,-1.5588,29333.02,24157.163,0.9522,1.2066,0.5,26.322,27.0466,1.4871,1.2404,1.265,0.4641,0.4641,102499.7876,30805.44,24311.1921,841523.2562,252912.6624,8.8,7.2,4.917
000881,中广核技,化工原料,辽宁,19980902,000881.SZ,20190508,8.23,8.44,8.06,8.34,8.31,0.03,0.361,41448.36,34412.777,1.3455,1.7049,0.67,26.7388,27.4749,1.5107,1.2601,1.285,0.4569,0.4569,102499.7876,30805.44,24311.1921,854848.2286,256917.3696,8.68,7.1,4.917
000881,中广核技,化工原料,辽宁,19980902,000881.SZ,20190507,8.23,8.43,8.17,8.31,8.2,0.11,1.3415,38589.01,32057.25,1.2527,1.5873,0.55,26.6426,27.376,1.5052,1.2555,1.2804,0.4585,0.4585,102499.7876,30805.44,24311.1921,851773.235,255993.2064,,,4.917
000881,中广核技,化工原料,辽宁,19980902,000881.SZ,20190506,8.74,8.74,8.12,8.2,9.02,-0.82,-9.0909,84182.9,70902.718,2.7327,3.4627,1.29,26.2899,27.0137,1.4853,1.2389,1.2634,0.4647,0.4647,102499.7876,30805.44,24311.1921,840498.2583,252604.608,,,4.917
000881,中广核技,化工原料,辽宁,19980902,000881.SZ,20190430,8.9,9.07,8.89,9.02,8.89,0.13,1.4623,39935.0,35889.169,1.2964,1.6405,0.54,28.9189,29.715,1.6338,1.3628,1.3898,0.4224,0.4224,102499.7876,30805.44,24343.1912,924548.0842,277865.0688,,,4.917
000881,中广核技,化工原料,辽宁,19980902,000881.SZ,20190429,9.4,9.41,8.81,8.89,9.54,-0.65,-6.8134,90796.24,82368.99,2.9474,3.7298,1.29,28.5021,29.2868,1.6103,1.3432,1.3697,0.4286,0.4286,102499.7876,30805.44,24343.1912,911223.1118,273860.3616,,,4.917
000881,中广核技,化工原料,辽宁,19980902,000881.SZ,20190426,9.82,9.83,9.52,9.54,9.73,-0.19,-1.9527,54187.94,52249.635,1.759,2.226,0.73,25.1464,28.4166,1.7774,1.5352,1.4443,0.3994,0.3994,102499.7876,30805.44,24343.1912,977847.9737,293883.8976,,,4.917
000881,中广核技,化工原料,辽宁,19980902,000881.SZ,20190425,10.35,10.35,9.69,9.73,10.36,-0.63,-6.0811,83125.01,82970.471,2.6984,3.4147,1.08,25.6472,28.9826,1.8128,1.5658,1.4731,0.3916,0.3916,102499.7876,30805.44,24343.1912,997322.9333,299736.9312,,,4.917
000881,中广核技,化工原料,辽宁,19980902,000881.SZ,20190424,10.22,10.4,10.15,10.36,10.18,0.18,1.7682,58588.79,60304.053,1.9019,2.4068,0.65,27.3079,30.8591,1.9302,1.6672,1.5684,0.3678,0.3678,102499.7876,30805.44,24343.1912,1061897.7995,319144.3584,,,4.917
000881,中广核技,化工原料,辽宁,19980902,000881.SZ,20190423,10.45,10.54,10.05,10.18,10.45,-0.27,-2.5837,83076.43,85048.962,2.6968,3.4127,0.76,26.8334,30.323,1.8966,1.6382,1.5412,0.3743,0.3743,102499.7876,30805.44,24343.1912,1043447.8378,313599.3792,,,4.917
000881,中广核技,化工原料,辽宁,19980902,000881.SZ,20190422,10.85,10.86,10.42,10.45,10.82,-0.37,-3.4196,72406.1,76723.057,2.3504,2.9744,0.54,27.5451,31.1272,1.9469,1.6817,1.5821,0.3646,0.3646,102499.7876,30805.44,24343.1912,1071122.7804,321916.848,,,4.917
000881,中广核技,化工原料,辽宁,19980902,000881.SZ,20190419,10.86,10.89,10.56,10.82,10.91,-0.09,-0.8249,72476.96,77791.268,2.3527,2.9773,0.44,28.5204,32.2293,2.0159,1.7412,1.6381,0.3522,0.3522,102499.7876,30805.44,24343.1912,1109047.7018,333314.8608,,,4.917
000881,中广核技,化工原料,辽宁,19980902,000881.SZ,20190418,11.13,11.13,10.7,10.91,11.13,-0.22,-1.9766,99360.31,107659.84,3.2254,4.0816,0.59,28.7576,32.4974,2.0327,1.7557,1.6517,0.3493,0.3493,102499.7876,30805.44,24343.1912,1118272.6827,336087.3504,,,4.917
000881,中广核技,化工原料,辽宁,19980902,000881.SZ,20190417,11.2,11.38,11.0,11.13,11.34,-0.21,-1.8519,125063.66,139327.736,4.0598,5.1375,0.78,29.3375,33.1527,2.0736,1.7911,1.685,0.3424,0.3424,102499.7876,30805.44,24343.1912,1140822.636,342864.5472,,,4.917
000881,中广核技,化工原料,辽宁,19980902,000881.SZ,20190416,10.56,11.48,10.52,11.34,10.79,0.55,5.0973,176682.39,197073.768,5.7354,7.258,1.25,29.891,33.7782,2.1128,1.8249,1.7168,0.336,0.336,102499.7876,30805.44,24343.1912,1162347.5914,349333.6896,,,4.917
000881,中广核技,化工原料,辽宁,19980902,000881.SZ,20190415,11.44,11.58,10.75,10.79,11.09,-0.3,-2.7051,198317.01,220864.65,6.4377,8.1467,1.51,28.4413,32.14,2.0103,1.7364,1.6335,0.3531,0.3531,102499.7876,30805.44,24343.1912,1105972.7082,332390.6976,,,4.917
000881,中广核技,化工原料,辽宁,19980902,000881.SZ,20190412,10.3,11.11,10.3,11.09,10.3,0.79,7.6699,221726.29,239571.68,7.1976,9.1083,2.05,29.2321,33.0336,2.0662,1.7847,1.679,0.3436,0.3436,102499.7876,30805.44,24343.1912,1136722.6445,341632.3296,,,4.917
000881,中广核技,化工原料,辽宁,19980902,000881.SZ,20190411,10.28,10.69,10.21,10.3,10.26,0.04,0.3899,119307.43,124302.155,3.8729,4.9011,1.1,27.1497,30.6804,1.919,1.6575,1.5594,0.3699,0.3699,102499.7876,30805.44,24343.1912,1055747.8123,317296.032,,,4.917
000881,中广核技,化工原料,辽宁,19980902,000881.SZ,20190410,10.13,10.35,9.9,10.26,10.18,0.08,0.7859,81025.57,82319.51,2.6302,3.3285,0.58,27.0443,30.5613,1.9116,1.6511,1.5533,0.3714,0.3714,102499.7876,30805.44,24343.1912,1051647.8208,316063.8144,,,4.917
000881,中广核技,化工原料,辽宁,19980902,000881.SZ,20190409,10.3,10.39,10.12,10.18,10.39,-0.21,-2.0212,87828.81,89756.75,2.8511,3.6079,0.54,26.8334,30.323,1.8966,1.6382,1.5412,0.3743,0.3743,102499.7876,30805.44,24343.1912,1043447.8378,313599.3792,,,4.917
000881,中广核技,化工原料,辽宁,19980902,000881.SZ,20190408,10.21,10.79,10.2,10.39,10.17,0.22,2.1632,147450.25,154171.541,4.7865,6.0571,0.98,27.3869,30.9485,1.9358,1.672,1.573,0.3667,0.3667,102499.7876,30805.44,24343.1912,1064972.7932,320068.5216,12.24,10.02,4.917
000881,中广核技,化工原料,辽宁,19980902,000881.SZ,20190404,10.15,10.35,10.05,10.17,10.15,0.02,0.197,104907.48,106830.34,3.4055,4.3095,0.74,26.807,30.2932,1.8948,1.6366,1.5397,0.3747,0.3747,102499.7876,30805.44,24343.1912,1042422.8399,313291.3248,,,4.917
000881,中广核技,化工原料,辽宁,19980902,000881.SZ,20190403,10.0,10.2,9.96,10.15,10.18,-0.03,-0.2947,121704.47,122752.275,3.9507,4.9995,0.91,26.7543,30.2336,1.8911,1.6334,1.5366,0.3754,0.3754,102499.7876,30805.44,24343.1912,1040372.8441,312675.216,,,4.917
000881,中广核技,化工原料,辽宁,19980902,000881.SZ,20190402,10.1,10.5,9.91,10.18,9.93,0.25,2.5176,242002.03,246264.144,7.8558,9.9413,2.27,26.8334,30.323,1.8966,1.6382,1.5412,0.3743,0.3743,102499.7876,30805.44,24343.1912,1043447.8378,313599.3792,,,4.917
000881,中广核技,化工原料,辽宁,19980902,000881.SZ,20190401,9.38,10.27,9.36,9.93,9.34,0.59,6.3169,201908.22,199099.426,6.5543,8.2942,2.02,26.1744,29.5783,1.8501,1.598,1.5033,0.3837,0.3837,102499.7876,30805.44,24343.1912,1017822.8909,305898.0192,,,4.917
000881,中广核技,化工原料,辽宁,19980902,000881.SZ,20190329,9.06,9.35,8.96,9.34,9.02,0.32,3.5477,79482.51,72972.075,2.5801,3.2651,0.73,24.6192,27.8209,1.7401,1.503,1.414,0.408,0.408,102499.7876,30805.44,24343.1912,957348.0162,287722.8096,,,4.917
000881,中广核技,化工原料,辽宁,19980902,000881.SZ,20190328,9.0,9.3,9.0,9.02,9.16,-0.14,-1.5284,59316.01,54104.713,1.9255,2.4367,0.46,23.7758,26.8677,1.6805,1.4515,1.3656,0.4224,0.4224,102499.7876,30805.44,24343.1912,924548.0842,277865.0688,,,4.917
000881,中广核技,化工原料,辽宁,19980902,000881.SZ,20190327,9.24,9.32,8.92,9.16,9.27,-0.11,-1.1866,88625.78,80785.355,2.877,3.6407,0.57,24.1448,27.2847,1.7066,1.4741,1.3868,0.416,0.416,102499.7876,30805.44,24343.1912,938898.0544,282177.8304,,,4.917
000881,中广核技,化工原料,辽宁,19980902,000881.SZ,20190326,9.52,9.56,9.17,9.27,9.51,-0.24,-2.5237,104699.36,97738.117,3.3987,4.301,0.5,24.4347,27.6124,1.7271,1.4918,1.4034,0.4111,0.4111,102499.7876,30805.44,24343.1912,950173.0311,285566.4288,,,4.917
000881,中广核技,化工原料,辽宁,19980902,000881.SZ,20190325,9.24,9.83,9.15,9.51,9.49,0.02,0.2107,167368.21,160209.224,5.4331,6.8754,0.85,25.0674,28.3273,1.7718,1.5304,1.4398,0.4007,0.4007,102499.7876,30805.44,24343.1912,974772.9801,292959.7344,,,4.917
000881,中广核技,化工原料,辽宁,19980902,000881.SZ,20190322,9.31,9.5,9.16,9.49,9.39,0.1,1.065,122370.09,113909.271,3.9724,5.0269,0.66,25.0146,28.2677,1.7681,1.5272,1.4367,0.4015,0.4015,102499.7876,30805.44,24343.1912,972722.9843,292343.6256,,,4.917
000881,中广核技,化工原料,辽宁,19980902,000881.SZ,20190321,9.27,9.56,9.11,9.39,9.27,0.12,1.2945,168224.32,156565.669,5.4609,6.9105,0.96,24.751,27.9698,1.7495,1.5111,1.4216,0.4058,0.4058,102499.7876,30805.44,24343.1912,962473.0056,289263.0816,,,4.917
000881,中广核技,化工原料,辽宁,19980902,000881.SZ,20190320,9.38,9.39,9.14,9.27,9.65,-0.38,-3.9378,220638.7,204239.472,7.1623,9.0637,1.46,24.4347,27.6124,1.7271,1.4918,1.4034,0.4111,0.4111,102499.7876,30805.44,24343.1912,950173.0311,285566.4288,,,4.917
000881,中广核技,化工原料,辽宁,19980902,000881.SZ,20190319,10.02,10.07,9.62,9.65,9.15,0.5,5.4645,372678.33,370860.186,12.0978,15.3093,3.55,25.4364,28.7443,1.7979,1.5529,1.4609,0.3949,0.3949,102499.7876,30805.44,24343.1912,989122.9503,297272.496,,,4.917
000881,中广核技,化工原料,辽宁,19980902,000881.SZ,20190318,9.04,9.15,8.81,9.15,9.0,0.15,1.6667,103901.18,93116.07,3.3728,4.2682,1.03,24.1184,27.2549,1.7047,1.4725,1.3852,0.4164,0.4164,102499.7876,30805.44,24343.1912,937873.0565,281869.776,,,4.917
000881,中广核技,化工原料,辽宁,19980902,000881.SZ,20190315,9.11,9.19,8.92,9.0,9.05,-0.05,-0.5525,65933.97,59756.148,2.1403,2.7085,0.55,23.723,26.8081,1.6768,1.4483,1.3625,0.4234,0.4234,102499.7876,30805.44,24343.1912,922498.0884,277248.96,,,4.917
000881,中广核技,化工原料,辽宁,19980902,000881.SZ,20190314,9.42,9.42,8.77,9.05,9.42,-0.37,-3.9278,115799.11,104228.032,3.759,4.7569,0.84,23.8548,26.9571,1.6861,1.4564,1.3701,0.421,0.421,102499.7876,30805.44,24343.1912,927623.0778,278789.232,,,4.917
000881,中广核技,化工原料,辽宁,19980902,000881.SZ,20190313,9.58,9.76,9.33,9.42,9.7,-0.28,-2.8866,98382.32,93924.855,3.1937,4.0415,0.58,24.8301,28.0592,1.755,1.5159,1.4261,0.4045,0.4045,102499.7876,30805.44,24343.1912,965547.9992,290187.2448,,,4.917
000881,中广核技,化工原料,辽宁,19980902,000881.SZ,20190312,9.43,9.77,9.36,9.7,9.34,0.36,3.8544,140226.83,134514.583,4.552,5.7604,0.85,25.5682,28.8932,1.8072,1.561,1.4685,0.3928,0.3928,102499.7876,30805.44,24343.1912,994247.9397,298812.768,,,4.917
000881,中广核技,化工原料,辽宁,19980902,000881.SZ,20190311,9.05,9.35,9.05,9.34,9.05,0.29,3.2044,84119.43,77512.262,2.7307,3.4556,0.51,24.6192,27.8209,1.7401,1.503,1.414,0.408,0.408,102499.7876,30805.44,24343.1912,957348.0162,287722.8096,,,4.917
000881,中广核技,化工原料,辽宁,19980902,000881.SZ,20190308,9.5,9.6,9.02,9.05,9.76,-0.71,-7.2746,155611.12,144701.345,5.0514,6.3924,1.04,23.8548,26.9571,1.6861,1.4564,1.3701,0.421,0.421,102499.7876,30805.44,24343.1912,927623.0778,278789.232,,,4.917
000881,中广核技,化工原料,辽宁,19980902,000881.SZ,20190307,9.59,10.4,9.33,9.76,9.6,0.16,1.6667,207778.1,204239.501,6.7449,8.5354,1.76,25.7263,29.0719,1.8184,1.5706,1.4776,0.3904,0.3904,102499.7876,30805.44,24343.1912,1000397.927,300661.0944,10.07,8.24,4.917
000881,中广核技,化工原料,辽宁,19980902,000881.SZ,20190306,8.81,9.6,8.78,9.6,8.73,0.87,9.9656,254291.82,236244.377,8.2548,10.4461,3.01,25.3046,28.5953,1.7886,1.5449,1.4534,0.3969,0.3969,102499.7876,30805.44,24343.1912,983997.961,295732.224,,,4.917
000881,中广核技,化工原料,辽宁,19980902,000881.SZ,20190305,8.31,8.73,8.25,8.73,8.37,0.36,4.3011,119411.7,101657.463,3.8763,4.9053,1.39,23.0114,26.0039,1.6265,1.4049,1.3217,0.4365,0.4365,102499.7876,30805.44,24343.1912,894823.1457,268931.4912,,,4.917
000881,中广核技,化工原料,辽宁,19980902,000881.SZ,20190304,8.34,8.57,8.34,8.37,8.33,0.04,0.4802,91732.01,77465.354,2.9778,3.7683,1.04,22.0624,24.9316,1.5594,1.3469,1.2672,0.4553,0.4553,102499.7876,30805.44,24343.1912,857923.2222,257841.5328,,,4.917
000881,中广核技,化工原料,辽宁,19980902,000881.SZ,20190301,8.5,8.54,8.2,8.33,8.41,-0.08,-0.9512,73201.14,60640.506,2.3762,3.007,0.85,21.957,24.8124,1.552,1.3405,1.2611,0.4574,0.4574,102499.7876,30805.44,24343.1912,853823.2307,256609.3152,,,4.917
000881,中广核技,化工原料,辽宁,19980902,000881.SZ,20190228,8.41,8.53,8.31,8.41,8.41,0.0,0.0,52255.12,43934.313,1.6963,2.1466,0.56,22.1679,25.0507,1.5669,1.3534,1.2732,0.4531,0.4531,102499.7876,30805.44,24343.1912,862023.2137,259073.7504,,,4.917
000881,中广核技,化工原料,辽宁,19980902,000881.SZ,20190227,8.36,8.62,8.28,8.41,8.42,-0.01,-0.1188,85863.99,72535.107,2.7873,3.5272,0.99,22.1679,25.0507,1.5669,1.3534,1.2732,0.4531,0.4531,102499.7876,30805.44,24343.1912,862023.2137,259073.7504,,,4.917
000881,中广核技,化工原料,辽宁,19980902,000881.SZ,20190226,8.48,8.8,8.33,8.42,8.45,-0.03,-0.355,127267.6,108682.749,4.1313,5.2281,1.54,22.1942,25.0805,1.5687,1.355,1.2747,0.4525,0.4525,102499.7876,30805.44,24343.1912,863048.2116,259381.8048,,,4.917
000881,中广核技,化工原料,辽宁,19980902,000881.SZ,20190225,8.16,8.48,8.14,8.45,8.11,0.34,4.1924,100585.34,83692.872,3.2652,4.132,1.26,22.2733,25.1699,1.5743,1.3598,1.2793,0.4509,0.4509,102499.7876,30805.44,24343.1912,866123.2052,260305.968,,,4.917
000881,中广核技,化工原料,辽宁,19980902,000881.SZ,20190222,7.95,8.13,7.88,8.11,7.95,0.16,2.0126,64365.17,51664.466,2.0894,2.6441,0.8,21.3771,24.1571,1.511,1.3051,1.2278,0.4698,0.4698,102499.7876,30805.44,24343.1912,831273.2774,249832.1184,,,4.917
000881,中广核技,化工原料,辽宁,19980902,000881.SZ,20190221,8.17,8.25,7.95,7.95,8.16,-0.21,-2.5735,90917.18,73760.777,2.9513,3.7348,1.07,20.9554,23.6805,1.4812,1.2793,1.2036,0.4793,0.4793,102499.7876,30805.44,24343.1912,814873.3114,244903.248,,,4.917
000881,中广核技,化工原料,辽宁,19980902,000881.SZ,20190220,8.16,8.27,8.07,8.16,8.16,0.0,0.0,50666.59,41374.201,1.6447,2.0813,0.53,21.5089,24.306,1.5203,1.3131,1.2354,0.467,0.467,102499.7876,30805.44,24343.1912,836398.2668,251372.3904,,,4.917
000881,中广核技,化工原料,辽宁,19980902,000881.SZ,20190219,8.06,8.4,8.01,8.16,8.05,0.11,1.3665,106488.61,87088.938,3.4568,4.3745,1.21,21.5089,24.306,1.5203,1.3131,1.2354,0.467,0.467,102499.7876,30805.44,24343.1912,836398.2668,251372.3904,,,4.917
000881,中广核技,化工原料,辽宁,19980902,000881.SZ,20190218,7.82,8.09,7.75,8.05,7.71,0.34,4.4099,87578.72,69511.246,2.843,3.5977,1.0,21.2189,23.9784,1.4998,1.2954,1.2187,0.4733,0.4733,102499.7876,30805.44,24343.1912,825123.2902,247983.792,9.25,7.57,4.917
000881,中广核技,化工原料,辽宁,19980902,000881.SZ,20190215,7.8,7.93,7.71,7.71,7.86,-0.15,-1.9084,68572.82,53395.263,2.226,2.8169,0.8,20.3227,22.9656,1.4365,1.2407,1.1672,0.4942,0.4942,102499.7876,30805.44,24343.1912,790273.3624,237509.9424,,,4.917
000881,中广核技,化工原料,辽宁,19980902,000881.SZ,20190214,7.7,7.94,7.65,7.86,7.69,0.17,2.2107,112621.21,88180.307,3.6559,4.6264,1.34,20.7181,23.4124,1.4644,1.2649,1.19,0.4848,0.4848,102499.7876,30805.44,24343.1912,805648.3305,242130.7584,,,4.917
000881,中广核技,化工原料,辽宁,19980902,000881.SZ,20190213,7.45,7.8,7.41,7.69,7.54,0.15,1.9894,101347.34,77312.371,3.2899,4.1633,1.11,20.27,22.9061,1.4327,1.2375,1.1642,0.4955,0.4955,102499.7876,30805.44,24343.1912,788223.3666,236893.8336,,,4.917
000881,中广核技,化工原料,辽宁,19980902,000881.SZ,20190212,7.47,7.65,7.43,7.54,7.5,0.04,0.5333,70374.69,52880.816,2.2845,2.8909,0.61,19.8746,22.4593,1.4048,1.2134,1.1415,0.5054,0.5054,102499.7876,30805.44,24343.1912,772848.3985,232273.0176,,,4.917
000881,中广核技,化工原料,辽宁,19980902,000881.SZ,20190211,7.2,7.51,7.18,7.5,7.24,0.26,3.5912,83194.63,61682.53,2.7006,3.4176,0.65,19.7692,22.3401,1.3973,1.2069,1.1355,0.5081,0.5081,102499.7876,30805.44,24343.1912,768748.407,231040.8,,,4.917
000881,中广核技,化工原料,辽宁,19980902,000881.SZ,20190201,7.12,7.3,7.07,7.24,7.08,0.16,2.2599,59852.33,42914.569,1.9429,2.4587,0.48,19.0839,21.5656,1.3489,1.1651,1.0961,0.5263,0.5263,102499.7876,30805.44,24343.1912,742098.4622,223031.3856,,,4.917
000881,中广核技,化工原料,辽宁,19980902,000881.SZ,20190131,7.49,7.49,7.07,7.08,7.57,-0.49,-6.4729,104276.59,75846.007,3.385,4.2836,0.95,18.6621,21.0891,1.3191,1.1393,1.0719,0.5382,0.5382,102499.7876,30805.44,24343.1912,725698.4962,218102.5152,,,4.917
000881,中广核技,化工原料,辽宁,19980902,000881.SZ,20190130,7.69,7.84,7.36,7.57,7.83,-0.26,-3.3206,139894.73,105909.82,4.5412,5.7468,1.62,19.9537,22.5486,1.4104,1.2182,1.146,0.5034,0.5034,102499.7876,30805.44,24343.1912,775923.3921,233197.1808,,,4.917
000881,中广核技,化工原料,辽宁,19980902,000881.SZ,20190129,7.26,7.97,7.25,7.83,7.34,0.49,6.6757,192442.92,146930.674,6.247,7.9054,3.53,20.639,23.3231,1.4588,1.26,1.1854,0.4866,0.4866,102499.7876,30805.44,24343.1912,802573.3369,241206.5952,,,4.917
000881,中广核技,化工原料,辽宁,19980902,000881.SZ,20190128,7.16,7.76,7.11,7.34,7.05,0.29,4.1135,147255.62,109436.073,4.7802,6.0492,4.2,19.3475,21.8635,1.3675,1.1812,1.1112,0.5191,0.5191,102499.7876,30805.44,24343.1912,752348.441,226111.9296,8.46,6.92,4.917
000881,中广核技,化工原料,辽宁,19980902,000881.SZ,20190125,7.04,7.18,6.99,7.05,7.0,0.05,0.7143,43975.28,31167.749,1.4275,1.8065,1.07,18.5831,20.9997,1.3135,1.1345,1.0673,0.5405,0.5405,102499.7876,30805.44,24343.1912,722623.5026,217178.352,,,4.917
000881,中广核技,化工原料,辽宁,19980902,000881.SZ,20190124,7.02,7.06,6.95,7.0,7.01,-0.01,-0.1427,24849.09,17435.48,0.8066,1.0208,0.5,18.4513,20.8508,1.3042,1.1265,1.0598,0.5444,0.5444,102499.7876,30805.44,24343.1912,717498.5132,215638.08,,,4.917
000881,中广核技,化工原料,辽宁,19980902,000881.SZ,20190123,6.92,7.04,6.9,7.01,6.94,0.07,1.0086,23767.24,16590.357,0.7715,0.9763,0.4,18.4776,20.8806,1.306,1.1281,1.0613,0.5436,0.5436,102499.7876,30805.44,24343.1912,718523.5111,215946.1344,,,4.917
000881,中广核技,化工原料,辽宁,19980902,000881.SZ,20190122,7.05,7.07,6.92,6.94,7.05,-0.11,-1.5603,32561.58,22728.219,1.057,1.3376,0.52,18.2931,20.672,1.293,1.1168,1.0507,0.5491,0.5491,102499.7876,30805.44,24343.1912,711348.5259,213789.7536,7.79,6.37,4.917
000881,中广核技,化工原料,辽宁,19980902,000881.SZ,20190121,7.05,7.14,7.02,7.05,7.08,-0.03,-0.4237,50320.65,35629.378,1.6335,2.0671,0.84,18.5831,20.9997,1.3135,1.1345,1.0673,0.5405,0.5405,102499.7876,30805.44,24343.1912,722623.5026,217178.352,,,4.917
000881,中广核技,化工原料,辽宁,19980902,000881.SZ,20190118,7.11,7.13,7.0,7.08,7.12,-0.04,-0.5618,74209.4,52543.86,2.409,3.0485,1.44,18.6621,21.0891,1.3191,1.1393,1.0719,0.5382,0.5382,102499.7876,30805.44,24343.1912,725698.4962,218102.5152,,,4.917
000881,中广核技,化工原料,辽宁,19980902,000881.SZ,20190117,6.99,7.12,6.91,7.12,6.98,0.14,2.0057,67207.67,47174.617,2.1817,2.7608,1.45,18.7676,21.2082,1.3265,1.1458,1.0779,0.5352,0.5352,102499.7876,30805.44,24343.1912,729798.4877,219334.7328,,,4.917
000881,中广核技,化工原料,辽宁,19980902,000881.SZ,20190116,7.07,7.14,6.9,6.98,7.09,-0.11,-1.5515,70918.94,49487.129,2.3022,2.9133,1.65,18.3985,20.7912,1.3005,1.1233,1.0567,0.5459,0.5459,102499.7876,30805.44,24343.1912,715448.5174,215021.9712,7.76,6.35,4.917
000881,中广核技,化工原料,辽宁,19980902,000881.SZ,20190115,6.92,7.1,6.9,7.09,6.93,0.16,2.3088,52556.0,36908.94,1.7061,2.159,1.23,18.6885,21.1188,1.3209,1.141,1.0734,0.5374,0.5374,102499.7876,30805.44,24343.1912,726723.4941,218410.5696,,,4.917
000881,中广核技,化工原料,辽宁,19980902,000881.SZ,20190114,6.95,7.02,6.89,6.93,6.95,-0.02,-0.2878,34628.7,24054.476,1.1241,1.4225,0.62,18.2667,20.6423,1.2911,1.1152,1.0492,0.5498,0.5498,102499.7876,30805.44,24343.1912,710323.5281,213481.6992,,,4.917
000881,中广核技,化工原料,辽宁,19980902,000881.SZ,20190111,6.93,6.99,6.9,6.95,6.89,0.06,0.8708,31786.35,22078.888,1.0318,1.3058,0.55,18.3195,20.7018,1.2949,1.1184,1.0522,0.5483,0.5483,102499.7876,30805.44,24343.1912,712373.5238,214097.808,7.63,6.25,4.917
000881,中广核技,化工原料,辽宁,19980902,000881.SZ,20190110,6.93,7.02,6.88,6.89,6.95,-0.06,-0.8633,41317.45,28705.433,1.3412,1.6973,0.79,18.1613,20.5231,1.2837,1.1088,1.0431,0.553,0.553,102499.7876,30805.44,24343.1912,706223.5366,212249.4816,,,4.917
000881,中广核技,化工原料,辽宁,19980902,000881.SZ,20190109,7.03,7.08,6.95,6.95,7.0,-0.05,-0.7143,54172.37,37997.684,1.7585,2.2254,1.23,18.3195,20.7018,1.2949,1.1184,1.0522,0.5483,0.5483,102499.7876,30805.44,24343.1912,712373.5238,214097.808,,,4.917
000881,中广核技,化工原料,辽宁,19980902,000881.SZ,20190108,7.16,7.19,6.94,7.0,7.16,-0.16,-2.2346,51281.71,36103.158,1.6647,2.1066,1.42,18.4513,20.8508,1.3042,1.1265,1.0598,0.5444,0.5444,102499.7876,30805.44,24343.1912,717498.5132,215638.08,7.83,6.41,4.917
000881,中广核技,化工原料,辽宁,19980902,000881.SZ,20190107,7.05,7.24,7.0,7.16,7.01,0.15,2.1398,99040.37,70776.302,3.215,4.0685,4.8,18.873,21.3274,1.334,1.1522,1.084,0.5322,0.5322,102499.7876,30805.44,24343.1912,733898.4792,220566.9504,7.68,6.28,4.917
000881,中广核技,化工原料,辽宁,19980902,000881.SZ,20190104,6.72,7.05,6.69,7.01,6.75,0.26,3.8519,40886.65,28258.706,1.3273,1.6796,2.38,18.4776,20.8806,1.306,1.1281,1.0613,0.5436,0.5436,102499.7876,30805.44,24343.1912,718523.5111,215946.1344,,,4.917
000881,中广核技,化工原料,辽宁,19980902,000881.SZ,20190103,6.69,6.88,6.69,6.75,6.71,0.04,0.5961,15575.08,10575.232,0.5056,0.6398,0.8,17.7923,20.1061,1.2576,1.0862,1.0219,0.5645,0.5645,102499.7876,30805.44,24343.1912,691873.5663,207936.72,,,4.917
000881,中广核技,化工原料,辽宁,19980902,000881.SZ,20190102,6.73,6.79,6.7,6.71,6.72,-0.01,-0.1488,12822.58,8644.603,0.4162,0.5267,0.65,17.6868,19.9869,1.2501,1.0798,1.0158,0.5679,0.5679,102499.7876,30805.44,24343.1912,687773.5748,206704.5024,,,4.917
000881,中广核技,化工原料,辽宁,19980902,000881.SZ,20181228,6.69,6.76,6.65,6.72,6.67,0.05,0.7496,12488.75,8366.871,0.4054,0.513,0.61,17.7132,20.0167,1.252,1.0814,1.0174,0.4598,0.567,102499.7876,30805.44,24343.1912,688798.5727,207012.5568,,,4.917
000881,中广核技,化工原料,辽宁,19980902,000881.SZ,20181227,6.92,6.94,6.66,6.67,6.82,-0.15,-2.1994,21476.09,14590.536,0.6972,0.8822,1.07,17.5814,19.8678,1.2427,1.0734,1.0098,0.4632,0.5713,102499.7887,30805.44,24343.1912,683673.5906,205472.2848,,,4.917
000881,中广核技,化工原料,辽宁,19980902,000881.SZ,20181226,6.85,6.88,6.77,6.82,6.84,-0.02,-0.2924,23489.0,16039.62,0.7625,0.9649,1.27,17.9768,20.3146,1.2706,1.0975,1.0325,0.453,0.5587,102499.7887,30805.44,24343.1912,699048.5589,210093.1008,,,4.917
000881,中广核技,化工原料,辽宁,19980902,000881.SZ,20181225,6.84,6.89,6.61,6.84,6.88,-0.04,-0.5814,27170.96,18330.73,0.882,1.1162,1.73,18.0295,20.3742,1.2744,1.1007,1.0355,0.4517,0.5571,102499.7887,30805.44,24343.1912,701098.5547,210709.2096,,,4.917
000881,中广核技,化工原料,辽宁,19980902,000881.SZ,20181224,6.8,6.95,6.8,6.88,6.81,0.07,1.0279,13611.23,9365.819,0.4418,0.5591,0.81,18.1349,20.4933,1.2818,1.1072,1.0416,0.4491,0.5538,102499.7887,30805.44,24343.1912,705198.5463,211941.4272,,,4.917
000881,中广核技,化工原料,辽宁,19980902,000881.SZ,20181221,6.88,6.9,6.79,6.81,6.92,-0.11,-1.5896,16143.51,11044.348,0.524,0.6632,0.79,17.9504,20.2848,1.2688,1.0959,1.031,0.4537,0.5595,102499.7887,30805.44,24343.1912,698023.561,209785.0464,,,4.917
000881,中广核技,化工原料,辽宁,19980902,000881.SZ,20181220,6.8,6.92,6.77,6.92,6.8,0.12,1.7647,20339.78,13942.397,0.6603,0.8355,0.96,18.2404,20.6125,1.2893,1.1136,1.0476,0.4465,0.5506,102499.7887,30805.44,24343.1912,709298.5378,213173.6448,,,4.917
000881,中广核技,化工原料,辽宁,19980902,000881.SZ,20181219,6.91,6.95,6.7,6.8,6.92,-0.12,-1.7341,15156.67,10364.267,0.492,0.6226,0.72,17.9241,20.255,1.2669,1.0943,1.0295,0.4543,0.5604,102499.7887,30805.44,24343.1912,696998.5632,209476.992,,,4.917
000881,中广核技,化工原料,辽宁,19980902,000881.SZ,20181218,6.9,7.0,6.85,6.92,6.94,-0.02,-0.2882,13291.0,9194.482,0.4314,0.546,0.59,18.2404,20.6125,1.2893,1.1136,1.0476,0.4465,0.5506,102499.7887,30805.44,24343.1912,709298.5378,213173.6448,,,4.917
000881,中广核技,化工原料,辽宁,19980902,000881.SZ,20181217,6.95,7.04,6.87,6.94,6.95,-0.01,-0.1439,18604.15,12947.79,0.6039,0.7642,0.86,18.2931,20.672,1.293,1.1168,1.0507,0.4452,0.5491,102499.7887,30805.44,24343.1912,711348.5336,213789.7536,,,4.917
000881,中广核技,化工原料,辽宁,19980902,000881.SZ,20181214,7.2,7.22,6.95,6.95,7.22,-0.27,-3.7396,34330.98,24286.015,1.1144,1.4103,2.0,18.3195,20.7018,1.2949,1.1184,1.0522,0.4445,0.5483,102499.7887,30805.44,24343.1912,712373.5315,214097.808,,,4.917
000881,中广核技,化工原料,辽宁,19980902,000881.SZ,20181213,7.23,7.33,7.13,7.22,7.17,0.05,0.6974,24887.56,18006.538,0.8079,1.0224,1.47,19.0312,21.5061,1.3452,1.1619,1.0931,0.4279,0.5278,102499.7887,30805.44,24343.1912,740048.4744,222415.2768,7.57,6.19,4.917
000881,中广核技,化工原料,辽宁,19980902,000881.SZ,20181212,7.23,7.24,7.16,7.17,7.2,-0.03,-0.4167,13876.83,9984.421,0.4505,0.57,0.61,18.8994,21.3571,1.3358,1.1538,1.0855,0.4309,0.5314,102499.7887,30805.44,24343.1912,734923.485,220875.0048,,,4.917
000881,中广核技,化工原料,辽宁,19980902,000881.SZ,20181211,7.25,7.32,7.15,7.2,7.19,0.01,0.1391,21616.0,15561.401,0.7017,0.888,0.65,18.9784,21.4465,1.3414,1.1587,1.09,0.4291,0.5292,102499.7887,30805.44,24343.1912,737998.4786,221799.168,,,4.917
000881,中广核技,化工原料,辽宁,19980902,000881.SZ,20181210,7.23,7.32,7.13,7.19,7.33,-0.14,-1.91,13097.01,9448.522,0.4252,0.538,0.33,18.9521,21.4167,1.3396,1.157,1.0885,0.4297,0.53,102499.7887,30805.44,24343.1912,736973.4808,221491.1136,,,4.917
000881,中广核技,化工原料,辽宁,19980902,000881.SZ,20181207,7.3,7.46,7.27,7.33,7.3,0.03,0.411,12527.0,9194.76,0.4066,0.5146,0.28,19.3211,21.8337,1.3657,1.1796,1.1097,0.4215,0.5198,102499.7887,30805.44,24343.1912,751323.4512,225803.8752,,,4.917
000881,中广核技,化工原料,辽宁,19980902,000881.SZ,20181206,7.4,7.46,7.27,7.3,7.46,-0.16,-2.1448,23248.0,17086.815,0.7547,0.955,0.47,19.242,21.7444,1.3601,1.1747,1.1052,0.4232,0.522,102499.7887,30805.44,24343.1912,748248.4575,224879.712,,,4.917
000881,中广核技,化工原料,辽宁,19980902,000881.SZ,20181205,7.51,7.58,7.37,7.46,7.65,-0.19,-2.4837,43717.48,32725.07,1.4191,1.7959,0.99,19.6638,22.221,1.3899,1.2005,1.1294,0.4142,0.5108,102499.7887,30805.44,24343.1912,764648.4237,229808.5824,,,4.917
000881,中广核技,化工原料,辽宁,19980902,000881.SZ,20181204,7.47,7.88,7.35,7.65,7.51,0.14,1.8642,73226.77,55683.611,2.3771,3.0081,2.23,20.1646,22.7869,1.4253,1.2311,1.1582,0.4039,0.4981,102499.7887,30805.44,24343.1912,784123.3836,235661.616,,,4.917
000881,中广核技,化工原料,辽宁,19980902,000881.SZ,20181203,7.4,7.56,7.34,7.51,7.3,0.21,2.8767,47030.44,35055.155,1.5267,1.932,1.78,19.7956,22.3699,1.3992,1.2085,1.137,0.4114,0.5074,102499.7887,30805.44,24343.1912,769773.4131,231348.8544,,,4.917
000881,中广核技,化工原料,辽宁,19980902,000881.SZ,20181130,7.22,7.3,7.02,7.3,7.28,0.02,0.2747,33224.21,23808.611,1.0785,1.3648,1.16,19.242,21.7444,1.3601,1.1747,1.1052,0.4232,0.522,102499.7887,30805.44,24343.1912,748248.4575,224879.712,,,4.917
000881,中广核技,化工原料,辽宁,19980902,000881.SZ,20181129,7.43,7.72,7.27,7.28,7.41,-0.13,-1.7544,50294.51,37777.466,1.6327,2.0661,2.15,19.1893,21.6848,1.3563,1.1715,1.1021,0.4244,0.5234,102499.7887,30805.44,24343.1912,746198.4617,224263.6032,,,4.917
000881,中广核技,化工原料,辽宁,19980902,000881.SZ,20181128,7.32,7.42,7.2,7.41,7.31,0.1,1.368,17668.28,12923.547,0.5735,0.7258,0.68,19.532,22.072,1.3806,1.1925,1.1218,0.4169,0.5142,102499.7887,30805.44,24343.1912,759523.4343,228268.3104,8.06,6.6,4.917
000881,中广核技,化工原料,辽宁,19980902,000881.SZ,20181127,7.35,7.44,7.27,7.31,7.26,0.05,0.6887,16278.58,11933.815,0.5284,0.6687,0.52,19.2684,21.7742,1.3619,1.1764,1.1067,0.4226,0.5213,102499.7887,30805.44,24343.1912,749273.4554,225187.7664,8.03,6.57,4.917
000881,中广核技,化工原料,辽宁,19980902,000881.SZ,20181126,7.26,7.51,7.18,7.26,7.23,0.03,0.4149,14430.81,10562.082,0.4685,0.5928,0.41,19.1366,21.6252,1.3526,1.1683,1.0991,0.4256,0.5249,102499.7887,30805.44,24343.1912,744148.466,223647.4944,,,4.917
000881,中广核技,化工原料,辽宁,19980902,000881.SZ,20181123,7.74,7.77,7.16,7.23,7.79,-0.56,-7.1887,44148.17,32826.746,1.4331,1.8136,1.19,19.0575,21.5359,1.347,1.1635,1.0946,0.4273,0.527,102499.7887,30805.44,24343.1912,741073.4723,222723.3312,,,4.917
000881,中广核技,化工原料,辽宁,19980902,000881.SZ,20181122,7.79,7.83,7.71,7.79,7.81,-0.02,-0.2561,24365.91,18963.736,0.791,1.0009,0.53,20.5336,23.2039,1.4514,1.2536,1.1794,0.3966,0.4891,102499.7887,30805.44,24343.1912,798473.354,239974.3776,,,4.917
000881,中广核技,化工原料,辽宁,19980902,000881.SZ,20181121,7.84,7.88,7.69,7.81,7.96,-0.15,-1.8844,31184.31,24223.265,1.0123,1.281,0.67,20.5863,23.2635,1.4551,1.2568,1.1824,0.3956,0.4879,102499.7887,30805.44,24343.1912,800523.3497,240590.4864,,,4.917
000881,中广核技,化工原料,辽宁,19980902,000881.SZ,20181120,8.05,8.15,7.78,7.96,8.06,-0.1,-1.2407,43432.04,34586.989,1.4099,1.7842,0.92,20.9817,23.7103,1.483,1.281,1.2051,0.3881,0.4787,102499.7887,30805.44,24343.1912,815898.3181,245211.3024,,,4.917
000881,中广核技,化工原料,辽宁,19980902,000881.SZ,20181119,8.05,8.07,7.86,8.06,8.04,0.02,0.2488,33658.01,26843.449,1.0926,1.3826,0.75,21.2453,24.0082,1.5017,1.2971,1.2202,0.3833,0.4728,102499.7887,30805.44,24343.1912,826148.2969,248291.8464,,,4.917
000881,中广核技,化工原料,辽宁,19980902,000881.SZ,20181116,7.97,8.08,7.9,8.04,7.99,0.05,0.6258,52625.27,42073.272,1.7083,2.1618,1.44,21.1926,23.9486,1.4979,1.2938,1.2172,0.3843,0.4739,102499.7887,30805.44,24343.1912,824098.3011,247675.7376,,,4.917
000881,中广核技,化工原料,辽宁,19980902,000881.SZ,20181115,7.76,8.1,7.7,7.99,7.77,0.22,2.8314,67637.55,53457.338,2.1956,2.7785,2.61,21.0608,23.7997,1.4886,1.2858,1.2096,0.3867,0.4769,102499.7887,30805.44,24343.1912,818973.3117,246135.4656,,,4.917
000881,中广核技,化工原料,辽宁,19980902,000881.SZ,20181114,7.82,7.93,7.73,7.77,7.84,-0.07,-0.8929,37012.02,28885.11,1.2015,1.5204,1.67,20.4809,23.1443,1.4476,1.2504,1.1763,0.3976,0.4904,102499.7887,30805.44,24343.1912,796423.3582,239358.2688,,,4.917
000881,中广核技,化工原料,辽宁,19980902,000881.SZ,20181113,7.63,8.09,7.53,7.84,7.69,0.15,1.9506,44736.82,34967.221,1.4522,1.8378,2.59,20.6654,23.3529,1.4607,1.2616,1.1869,0.3941,0.486,102499.7887,30805.44,24343.1912,803598.3434,241514.6496,,,4.917
000881,中广核技,化工原料,辽宁,19980902,000881.SZ,20181112,7.53,7.77,7.48,7.69,7.46,0.23,3.0831,23587.56,18128.844,0.7657,0.969,1.12,20.27,22.9061,1.4327,1.2375,1.1642,0.4018,0.4955,102499.7887,30805.44,24343.1912,788223.3751,236893.8336,,,4.917
000881,中广核技,化工原料,辽宁,19980902,000881.SZ,20181109,7.44,7.55,7.41,7.46,7.45,0.01,0.1342,10120.19,7596.861,0.3285,0.4157,0.39,19.6638,22.221,1.3899,1.2005,1.1294,0.4142,0.5108,102499.7887,30805.44,24343.1912,764648.4237,229808.5824,,,4.917
000881,中广核技,化工原料,辽宁,19980902,000881.SZ,20181108,7.55,7.59,7.45,7.45,7.52,-0.07,-0.9309,14120.01,10637.821,0.4584,0.58,0.42,19.6374,22.1912,1.388,1.1989,1.1279,0.4147,0.5115,102499.7887,30805.44,24343.1912,763623.4258,229500.528,,,4.917
000881,中广核技,化工原料,辽宁,19980902,000881.SZ,20181107,7.59,7.63,7.49,7.52,7.59,-0.07,-0.9223,18165.41,13739.801,0.5897,0.7462,0.44,19.8219,22.3997,1.4011,1.2102,1.1385,0.4108,0.5067,102499.7887,30805.44,24343.1912,770798.411,231656.9088,,,4.917
000881,中广核技,化工原料,辽宁,19980902,000881.SZ,20181106,7.49,7.59,7.43,7.59,7.53,0.06,0.7968,20430.92,15351.794,0.6632,0.8393,0.51,20.0064,22.6082,1.4141,1.2214,1.1491,0.4071,0.502,102499.7887,30805.44,24343.1912,777973.3962,233813.2896,,,4.917
000881,中广核技,化工原料,辽宁,19980902,000881.SZ,20181105,7.59,7.62,7.43,7.53,7.65,-0.12,-1.5686,42368.04,31846.204,1.3753,1.7404,1.28,19.8483,22.4295,1.4029,1.2118,1.14,0.4103,0.506,102499.7887,30805.44,24343.1912,771823.4089,231964.9632,,,4.917
000881,中广核技,化工原料,辽宁,19980902,000881.SZ,20181102,7.57,7.65,7.47,7.65,7.51,0.14,1.8642,33731.65,25540.126,1.095,1.3857,1.18,20.1646,22.7869,1.4253,1.2311,1.1582,0.4039,0.4981,102499.7887,30805.44,24343.1912,784123.3836,235661.616,,,4.917
000881,中广核技,化工原料,辽宁,19980902,000881.SZ,20181101,7.53,7.7,7.36,7.51,7.62,-0.11,-1.4436,52743.01,39667.16,1.7121,2.099,2.52,19.7956,22.3699,1.3992,1.2085,1.137,0.4114,0.5074,102499.7887,30805.44,25128.1618,769773.4131,231348.8544,,,4.917
000881,中广核技,化工原料,辽宁,19980902,000881.SZ,20181031,7.08,7.75,7.08,7.62,7.08,0.54,7.6271,57947.09,43387.905,1.8811,2.3061,5.11,20.0855,22.6975,1.4197,1.2262,1.1536,0.4055,0.5001,102499.7887,30805.44,25128.1618,781048.3899,234737.4528,,,4.917
000881,中广核技,化工原料,辽宁,19980902,000881.SZ,20181030,7.02,7.11,6.95,7.08,7.02,0.06,0.8547,13926.1,9824.353,0.4521,0.5542,1.25,18.6621,20.2049,1.3474,1.1393,1.1149,0.4364,0.5382,102499.7887,30805.44,25128.1618,725698.504,218102.5152,,,4.917
000881,中广核技,化工原料,辽宁,19980902,000881.SZ,20181029,6.92,7.08,6.92,7.02,7.04,-0.02,-0.2841,6761.0,4739.342,0.2195,0.2691,0.45,18.504,20.0337,1.336,1.1297,1.1055,0.4401,0.5428,102499.7887,30805.44,25128.1618,719548.5167,216254.1888,,,4.917
000881,中广核技,化工原料,辽宁,19980902,000881.SZ,20181026,7.0,7.13,6.99,7.04,6.99,0.05,0.7153,11215.93,7909.162,0.3641,0.4463,0.72,18.5567,20.0907,1.3398,1.1329,1.1086,0.4389,0.5413,102499.7887,30805.44,25128.1618,721598.5124,216870.2976,8.35,6.83,4.917
000881,中广核技,化工原料,辽宁,19980902,000881.SZ,20181025,6.96,7.01,6.8,6.99,7.11,-0.12,-1.6878,14663.0,10139.562,0.476,0.5835,1.01,18.4249,19.9481,1.3303,1.1249,1.1008,0.442,0.5451,102499.7887,30805.44,25128.1618,716473.523,215330.0256,,,4.917
000881,中广核技,化工原料,辽宁,19980902,000881.SZ,20181024,7.06,7.14,7.06,7.11,7.07,0.04,0.5658,10143.0,7198.244,0.3293,0.4037,0.72,18.7412,20.2905,1.3532,1.1442,1.1197,0.4345,0.5359,102499.7887,30805.44,25128.1618,728773.4977,219026.6784,,,4.917
000881,中广核技,化工原料,辽宁,19980902,000881.SZ,20181023,7.1,7.22,7.01,7.07,7.14,-0.07,-0.9804,12777.0,9070.627,0.4148,0.5085,0.95,18.6358,20.1764,1.3455,1.1377,1.1134,0.437,0.539,102499.7887,30805.44,25128.1618,724673.5061,217794.4608,,,4.917
000881,中广核技,化工原料,辽宁,19980902,000881.SZ,20181022,6.86,7.19,6.86,7.14,6.84,0.3,4.386,25847.6,18260.017,0.8391,1.0286,2.34,18.8203,20.3761,1.3589,1.149,1.1244,0.4327,0.5337,102499.7887,30805.44,25128.1618,731848.4913,219950.8416,,,4.917
000881,中广核技,化工原料,辽宁,19980902,000881.SZ,20181019,6.7,6.88,6.5,6.84,6.8,0.04,0.5882,14343.0,9659.545,0.4656,0.5708,1.17,18.0295,19.52,1.3018,1.1007,1.0771,0.4517,0.5571,102499.7887,30805.44,25128.1618,701098.5547,210709.2096,,,4.917
000881,中广核技,化工原料,辽宁,19980902,000881.SZ,20181018,6.95,6.99,6.67,6.8,6.97,-0.17,-2.439,9785.0,6684.976,0.3176,0.3894,0.59,17.9241,19.4058,1.2942,1.0943,1.0708,0.4543,0.5604,102499.7887,30805.44,25128.1618,696998.5632,209476.992,7.72,6.32,4.917
000881,中广核技,化工原料,辽宁,19980902,000881.SZ,20181017,7.0,7.06,6.87,6.97,6.88,0.09,1.3081,7749.04,5392.186,0.2515,0.3084,0.47,18.3722,19.891,1.3265,1.1216,1.0976,0.4433,0.5467,102499.7887,30805.44,25128.1618,714423.5272,214713.9168,,,4.917
000881,中广核技,化工原料,辽宁,19980902,000881.SZ,20181016,7.21,7.21,6.83,6.88,7.06,-0.18,-2.5496,9246.76,6432.96,0.3002,0.368,0.56,18.1349,19.6341,1.3094,1.1072,1.0834,0.4491,0.5538,102499.7887,30805.44,25128.1618,705198.5463,211941.4272,,,4.917
000881,中广核技,化工原料,辽宁,19980902,000881.SZ,20181015,6.9,7.26,6.87,7.06,7.05,0.01,0.1418,14170.0,10009.523,0.46,0.5639,0.85,18.6094,20.1478,1.3436,1.1361,1.1118,0.4376,0.5397,102499.7887,30805.44,25128.1618,723648.5082,217486.4064,,,4.917
000881,中广核技,化工原料,辽宁,19980902,000881.SZ,20181012,7.2,7.2,6.67,7.05,7.18,-0.13,-1.8106,20600.1,14431.49,0.6687,0.8198,1.2,18.5831,20.1193,1.3417,1.1345,1.1102,0.4382,0.5405,102499.7887,30805.44,25128.1618,722623.5103,217178.352,,,4.917
000881,中广核技,化工原料,辽宁,19980902,000881.SZ,20181011,7.72,7.77,7.14,7.18,7.93,-0.75,-9.4578,31724.0,23482.43,1.0298,1.2625,1.66,18.9257,20.4903,1.3665,1.1554,1.1307,0.4303,0.5307,102499.7887,30805.44,25128.1618,735948.4829,221183.0592,,,4.917
000881,中广核技,化工原料,辽宁,19980902,000881.SZ,20181010,7.93,7.99,7.87,7.93,7.91,0.02,0.2528,6061.0,4811.93,0.1968,0.2412,0.29,20.9026,22.6306,1.5092,1.2761,1.2488,0.3896,0.4805,102499.7887,30805.44,25128.1618,812823.3244,244287.1392,,,4.917
000881,中广核技,化工原料,辽宁,19980902,000881.SZ,20181009,7.88,8.05,7.88,7.91,7.88,0.03,0.3807,9795.0,7792.6,0.318,0.3898,0.45,20.8499,22.5735,1.5054,1.2729,1.2456,0.3906,0.4817,102499.7887,30805.44,25128.1618,810773.3286,243671.0304,,,4.917
000881,中广核技,化工原料,辽宁,19980902,000881.SZ,20181008,7.94,8.07,7.88,7.88,8.21,-0.33,-4.0195,15524.51,12394.529,0.504,0.6178,0.67,20.7708,22.4879,1.4997,1.2681,1.2409,0.3921,0.4836,102499.7887,30805.44,25128.1618,807698.335,242746.8672,,,4.917
000881,中广核技,化工原料,辽宁,19980902,000881.SZ,20180928,8.21,8.31,8.16,8.21,8.21,0.0,0.0,23067.2,18977.795,0.7488,0.918,1.08,21.6407,23.4297,1.5625,1.3212,1.2929,0.3763,0.4641,102499.7887,30805.44,25128.1618,841523.2652,252912.6624,,,4.917
000881,中广核技,化工原料,辽宁,19980902,000881.SZ,20180927,8.07,8.32,7.92,8.21,8.04,0.17,2.1144,41084.02,33274.954,1.3337,1.635,2.38,21.6407,23.4297,1.5625,1.3212,1.2929,0.3763,0.4641,102499.7887,30805.44,25128.1618,841523.2652,252912.6624,,,4.917
000881,中广核技,化工原料,辽宁,19980902,000881.SZ,20180926,8.06,8.11,7.99,8.04,8.08,-0.04,-0.495,16073.0,12955.083,0.5218,0.6396,0.96,21.1926,22.9445,1.5301,1.2938,1.2661,0.3843,0.4739,102499.7887,30805.44,25128.1618,824098.3011,247675.7376,,,4.917
000881,中广核技,化工原料,辽宁,19980902,000881.SZ,20180925,8.2,8.22,8.05,8.08,8.17,-0.09,-1.1016,12682.02,10298.03,0.4117,0.5047,0.82,21.298,23.0587,1.5378,1.3003,1.2724,0.3824,0.4716,102499.7887,30805.44,25128.1618,828198.2927,248907.9552,,,4.917
000881,中广核技,化工原料,辽宁,19980902,000881.SZ,20180921,8.09,8.18,8.03,8.17,8.04,0.13,1.6169,23366.01,18941.948,0.7585,0.9299,1.89,21.5353,23.3155,1.5549,1.3148,1.2866,0.3782,0.4664,102499.7887,30805.44,25128.1618,837423.2737,251680.4448,,,4.917
000881,中广核技,化工原料,辽宁,19980902,000881.SZ,20180920,8.07,8.15,8.03,8.04,8.11,-0.07,-0.8631,13910.0,11226.869,0.4515,0.5536,1.06,21.1926,22.9445,1.5301,1.2938,1.2661,0.3843,0.4739,102499.7887,30805.44,25128.1618,824098.3011,247675.7376,,,4.917
000881,中广核技,化工原料,辽宁,19980902,000881.SZ,20180919,7.98,8.14,7.98,8.11,8.02,0.09,1.1222,20396.0,16481.687,0.6621,0.8117,1.86,21.3771,23.1443,1.5435,1.3051,1.2771,0.381,0.4698,102499.7887,30805.44,25128.1618,831273.2864,249832.1184,,,4.917
000881,中广核技,化工原料,辽宁,19980902,000881.SZ,20180918,7.85,8.07,7.85,8.02,7.87,0.15,1.906,13135.0,10447.978,0.4264,0.5227,1.32,21.1399,22.8875,1.5263,1.2906,1.263,0.3852,0.4751,102499.7887,30805.44,25128.1618,822048.3054,247059.6288,,,4.917
000881,中广核技,化工原料,辽宁,19980902,000881.SZ,20180917,7.98,7.98,7.86,7.87,8.0,-0.13,-1.625,6243.0,4935.949,0.2027,0.2484,0.61,20.7445,22.4594,1.4978,1.2665,1.2393,0.3926,0.4842,102499.7887,30805.44,25128.1618,806673.3371,242438.8128,,,4.917
000881,中广核技,化工原料,辽宁,19980902,000881.SZ,20180914,8.08,8.08,7.99,8.0,8.07,-0.07,-0.8674,8073.0,6487.55,0.2621,0.3213,0.75,21.0872,22.8304,1.5225,1.2874,1.2598,0.3862,0.4763,102499.7887,30805.44,25128.1618,819998.3096,246443.52,8.84,7.24,4.917
000881,中广核技,化工原料,辽宁,19980902,000881.SZ,20180913,8.03,8.12,7.98,8.07,8.04,0.03,0.3731,17579.46,14159.49,0.5707,0.6996,1.8,21.2717,23.0302,1.5359,1.2987,1.2708,0.3828,0.4722,102499.7887,30805.44,25128.1618,827173.2948,248599.9008,,,4.917
000881,中广核技,化工原料,辽宁,19980902,000881.SZ,20180912,7.96,8.1,7.93,8.04,7.96,0.08,1.005,9856.6,7898.265,0.32,0.3923,0.93,21.1926,22.9445,1.5301,1.2938,1.2661,0.3843,0.4739,102499.7887,30805.44,25128.1618,824098.3011,247675.7376,,,4.917
000881,中广核技,化工原料,辽宁,19980902,000881.SZ,20180911,7.95,8.04,7.87,7.96,7.91,0.05,0.6321,7878.56,6257.925,0.2558,0.3135,0.7,20.9817,22.7162,1.5149,1.281,1.2535,0.3881,0.4787,102499.7887,30805.44,25128.1618,815898.3181,245211.3024,,,4.917
000881,中广核技,化工原料,辽宁,19980902,000881.SZ,20180910,8.06,8.07,7.9,7.91,8.06,-0.15,-1.861,8005.0,6373.065,0.2599,0.3186,0.68,20.8499,22.5735,1.5054,1.2729,1.2456,0.3906,0.4817,102499.7887,30805.44,25128.1618,810773.3286,243671.0304,,,4.917
000881,中广核技,化工原料,辽宁,19980902,000881.SZ,20180907,8.05,8.13,7.99,8.06,8.03,0.03,0.3736,10172.0,8193.228,0.3302,0.4048,0.8,21.2453,23.0016,1.534,1.2971,1.2693,0.3833,0.4728,102499.7887,30805.44,25128.1618,826148.2969,248291.8464,8.82,7.22,4.917
000881,中广核技,化工原料,辽宁,19980902,000881.SZ,20180906,7.99,8.21,7.92,8.03,7.99,0.04,0.5006,12979.56,10497.391,0.4213,0.5165,1.07,21.1662,22.916,1.5282,1.2922,1.2645,0.3848,0.4745,102499.7887,30805.44,25128.1618,823073.3033,247367.6832,,,4.917
000881,中广核技,化工原料,辽宁,19980902,000881.SZ,20180905,8.1,8.13,7.99,7.99,8.15,-0.16,-1.9632,13904.0,11179.34,0.4513,0.5533,1.29,21.0608,22.8019,1.5206,1.2858,1.2582,0.3867,0.4769,102499.7887,30805.44,25128.1618,818973.3117,246135.4656,,,4.917
000881,中广核技,化工原料,辽宁,19980902,000881.SZ,20180904,8.08,8.15,7.98,8.15,8.05,0.1,1.2422,11557.0,9334.973,0.3752,0.4599,1.02,21.4825,23.2585,1.5511,1.3115,1.2834,0.3791,0.4675,102499.7887,30805.44,25128.1618,835373.2779,251064.336,8.88,7.26,4.917
000881,中广核技,化工原料,辽宁,19980902,000881.SZ,20180903,8.07,8.13,7.97,8.05,8.06,-0.01,-0.1241,10362.49,8311.202,0.3364,0.4124,0.85,21.2189,22.9731,1.5321,1.2954,1.2677,0.3838,0.4733,102499.7887,30805.44,25128.1618,825123.299,247983.792,8.84,7.24,4.917
000881,中广核技,化工原料,辽宁,19980902,000881.SZ,20180831,8.23,8.23,7.98,8.06,8.23,-0.17,-2.0656,14787.62,11924.586,0.48,0.5885,1.27,21.2453,23.0016,1.534,1.2971,1.2693,0.3833,0.4728,102499.7887,30805.44,25128.1618,826148.2969,248291.8464,,,4.917
000881,中广核技,化工原料,辽宁,19980902,000881.SZ,20180830,8.34,8.43,8.21,8.23,8.34,-0.11,-1.3189,9773.0,8104.965,0.3172,0.3889,0.63,21.6934,22.3641,1.5816,1.3244,1.2875,0.3754,0.463,102499.7887,30805.44,25128.1618,843573.261,253528.7712,,,4.917
000881,中广核技,化工原料,辽宁,19980902,000881.SZ,20180829,8.38,8.39,8.3,8.34,8.4,-0.06,-0.7143,7594.0,6332.895,0.2465,0.3022,0.32,22.6396,23.3395,1.6505,1.3822,1.3437,0.3597,0.4436,105559.7987,30805.44,25128.1618,880368.7212,256917.3696,8.87,7.25,4.917
000881,中广核技,化工原料,辽宁,19980902,000881.SZ,20180828,8.38,8.47,8.33,8.4,8.36,0.04,0.4785,14237.61,11946.025,0.4622,0.5666,0.61,22.8025,23.5074,1.6624,1.3921,1.3534,0.3571,0.4405,105559.7987,30805.44,25128.1618,886702.3091,258765.696,,,4.917
000881,中广核技,化工原料,辽宁,19980902,000881.SZ,20180827,8.25,8.37,8.24,8.36,8.24,0.12,1.4563,14693.0,12232.55,0.477,0.5847,0.62,22.6939,23.3955,1.6545,1.3855,1.3469,0.3589,0.4426,105559.7987,30805.44,25128.1618,882479.9171,257533.4784,,,4.917
000881,中广核技,化工原料,辽宁,19980902,000881.SZ,20180824,8.32,8.32,8.23,8.24,8.37,-0.13,-1.5532,11778.42,9741.739,0.3823,0.4687,0.5,22.3682,23.0597,1.6307,1.3656,1.3276,0.3641,0.449,105559.7987,30805.44,25128.1618,869812.7413,253836.8256,,,4.917
000881,中广核技,化工原料,辽宁,19980902,000881.SZ,20180823,8.3,8.41,8.18,8.37,8.52,-0.15,-1.7606,29433.6,24452.879,0.9555,1.1713,1.47,22.7211,23.4235,1.6565,1.3871,1.3485,0.3584,0.4421,105559.7987,30805.44,25128.1618,883535.5151,257841.5328,,,4.917
000881,中广核技,化工原料,辽宁,19980902,000881.SZ,20180822,8.6,9.08,8.48,8.52,8.25,0.27,3.2727,49998.95,43671.442,1.6231,1.9898,4.07,23.1283,23.8433,1.6862,1.412,1.3727,0.3521,0.4343,105559.7987,30805.44,25128.1618,899369.4849,262462.3488,,,4.917
000881,中广核技,化工原料,辽宁,19980902,000881.SZ,20180821,8.26,8.31,8.17,8.25,8.22,0.03,0.365,11392.0,9408.511,0.3698,0.4534,0.93,22.3953,23.0877,1.6327,1.3673,1.3292,0.3636,0.4485,105559.7987,30805.44,25128.1618,870868.3393,254144.88,9.05,7.41,4.917
000881,中广核技,化工原料,辽宁,19980902,000881.SZ,20180820,8.27,8.38,8.07,8.22,8.31,-0.09,-1.083,15360.92,12591.624,0.4986,0.6113,1.24,22.3139,23.0037,1.6268,1.3623,1.3244,0.365,0.4501,105559.7987,30805.44,25128.1618,867701.5453,253220.7168,9.17,7.51,4.917
000881,中广核技,化工原料,辽宁,19980902,000881.SZ,20180817,8.7,8.7,8.31,8.31,8.55,-0.24,-2.807,11291.71,9597.816,0.3665,0.4494,0.83,22.5582,23.2556,1.6446,1.3772,1.3389,0.361,0.4452,105559.7987,30805.44,25128.1618,877201.9272,255993.2064,,,4.917
000881,中广核技,化工原料,辽宁,19980902,000881.SZ,20180816,8.5,8.66,8.44,8.55,8.55,0.0,0.0,11938.0,10222.56,0.3875,0.4751,0.69,23.2097,23.9272,1.6921,1.417,1.3775,0.3509,0.4327,105559.7987,30805.44,25128.1618,902536.2789,263386.512,,,4.917
000881,中广核技,化工原料,辽宁,19980902,000881.SZ,20180815,8.73,8.82,8.54,8.55,8.73,-0.18,-2.0619,11475.87,9921.898,0.3725,0.4567,0.53,23.2097,23.9272,1.6921,1.417,1.3775,0.3509,0.4327,105559.7987,30805.44,25128.1618,902536.2789,263386.512,,,4.917
000881,中广核技,化工原料,辽宁,19980902,000881.SZ,20180814,8.69,8.82,8.67,8.73,8.73,0.0,0.0,10913.51,9542.735,0.3543,0.4343,0.41,23.6983,24.431,1.7277,1.4468,1.4065,0.3436,0.4238,105559.7987,30805.44,25128.1618,921537.0427,268931.4912,9.21,7.53,4.917
000881,中广核技,化工原料,辽宁,19980902,000881.SZ,20180813,8.78,8.78,8.52,8.73,8.9,-0.17,-1.9101,16304.8,14151.762,0.5293,0.6489,0.49,23.6983,24.431,1.7277,1.4468,1.4065,0.3436,0.4238,105559.7987,30805.44,25128.1618,921537.0427,268931.4912,9.37,7.67,4.917
000881,中广核技,化工原料,辽宁,19980902,000881.SZ,20180810,8.91,9.05,8.83,8.9,8.97,-0.07,-0.7804,17525.08,15640.192,0.5689,0.6974,0.55,24.1598,24.9067,1.7614,1.475,1.4339,0.3371,0.4157,105559.7987,30805.44,25128.1618,939482.2084,274168.416,,,4.917
000881,中广核技,化工原料,辽宁,19980902,000881.SZ,20180809,8.82,9.05,8.73,8.97,8.91,0.06,0.6734,30354.56,27094.658,0.9854,1.208,1.05,24.3498,25.1026,1.7752,1.4866,1.4452,0.3344,0.4125,105559.7987,30805.44,25128.1618,946871.3943,276324.7968,,,4.917
000881,中广核技,化工原料,辽宁,19980902,000881.SZ,20180808,8.81,9.3,8.67,8.91,8.84,0.07,0.7919,33987.39,30425.925,1.1033,1.3526,1.34,24.187,24.9347,1.7633,1.4766,1.4355,0.3367,0.4153,105559.7987,30805.44,25128.1618,940537.8064,274476.4704,,,4.917
000881,中广核技,化工原料,辽宁,19980902,000881.SZ,20180807,8.64,8.85,8.5,8.84,8.81,0.03,0.3405,35412.87,30766.264,1.1496,1.4093,1.76,23.9969,24.7388,1.7495,1.465,1.4242,0.3394,0.4186,105559.7987,30805.44,25128.1618,933148.6205,272320.0896,,,4.917
000881,中广核技,化工原料,辽宁,19980902,000881.SZ,20180806,8.47,9.27,8.47,8.81,8.43,0.38,4.5077,49287.43,44709.994,1.6,1.9614,3.87,23.9155,24.6548,1.7436,1.4601,1.4194,0.3405,0.42,105559.7987,30805.44,25128.1618,929981.8265,271395.9264,,,4.917
000881,中广核技,化工原料,辽宁,19980902,000881.SZ,20180803,8.54,8.63,8.41,8.43,8.54,-0.11,-1.2881,9330.0,7950.936,0.3029,0.3713,0.72,22.884,23.5914,1.6683,1.3971,1.3582,0.3559,0.4389,105559.7987,30805.44,25128.1618,889869.103,259689.8592,,,4.917
000881,中广核技,化工原料,辽宁,19980902,000881.SZ,20180802,8.83,8.86,8.3,8.54,8.83,-0.29,-3.2843,16633.23,14261.918,0.5399,0.6619,1.42,23.1826,23.8992,1.6901,1.4153,1.3759,0.3513,0.4333,105559.7987,30805.44,25128.1618,901480.6809,263078.4576,,,4.917
000881,中广核技,化工原料,辽宁,19980902,000881.SZ,20180801,9.02,9.16,8.82,8.83,9.02,-0.19,-2.1064,16292.0,14708.087,0.5289,0.6484,1.45,23.9698,24.7108,1.7475,1.4634,1.4226,0.3398,0.419,105559.7987,30805.44,25128.1618,932093.0225,272012.0352,,,4.917
000881,中广核技,化工原料,辽宁,19980902,000881.SZ,20180731,9.11,9.17,8.96,9.02,9.07,-0.05,-0.5513,9324.16,8454.877,0.3027,0.3711,0.67,24.4856,25.2425,1.7851,1.4949,1.4532,0.3326,0.4102,105559.7987,30805.44,25128.1618,952149.3843,277865.0688,,,4.917
000881,中广核技,化工原料,辽宁,19980902,000881.SZ,20180730,9.27,9.27,9.01,9.07,9.27,-0.2,-2.1575,12026.0,10971.838,0.3904,0.4786,0.85,24.6213,25.3824,1.795,1.5032,1.4613,0.3308,0.4079,105559.7987,30805.44,25128.1618,957427.3742,279405.3408,,,4.917
000881,中广核技,化工原料,辽宁,19980902,000881.SZ,20180727,9.25,9.4,9.21,9.27,9.27,0.0,0.0,10507.04,9769.916,0.3411,0.4181,0.72,25.1642,25.9421,1.8346,1.5363,1.4935,0.3236,0.3991,105559.7987,30805.44,25128.1618,978539.3339,285566.4288,9.72,7.96,4.917
000881,中广核技,化工原料,辽宁,19980902,000881.SZ,20180726,9.42,9.42,9.18,9.27,9.32,-0.05,-0.5365,10437.8,9714.542,0.3388,0.4154,0.68,25.1642,25.9421,1.8346,1.5363,1.4935,0.3236,0.3991,105559.7987,30805.44,25128.1618,978539.3339,285566.4288,,,4.917
000881,中广核技,化工原料,辽宁,19980902,000881.SZ,20180725,9.48,9.48,9.29,9.32,9.45,-0.13,-1.3757,13914.23,13011.615,0.4517,0.5537,0.79,25.2999,26.0821,1.8445,1.5446,1.5016,0.3219,0.397,105559.7987,30805.44,25128.1618,983817.3239,287106.7008,,,4.917
000881,中广核技,化工原料,辽宁,19980902,000881.SZ,20180724,9.29,9.65,9.25,9.45,9.28,0.17,1.8319,22250.12,21092.455,0.7223,0.8855,1.29,25.6528,26.4459,1.8702,1.5661,1.5225,0.3175,0.3915,105559.7987,30805.44,25128.1618,997540.0977,291111.408,,,4.917
000881,中广核技,化工原料,辽宁,19980902,000881.SZ,20180723,9.17,9.33,9.11,9.28,9.17,0.11,1.1996,13590.0,12573.494,0.4412,0.5408,0.71,25.1914,25.9701,1.8366,1.538,1.4951,0.3233,0.3987,105559.7987,30805.44,25128.1618,979594.9319,285874.4832,,,4.917
000881,中广核技,化工原料,辽宁,19980902,000881.SZ,20180720,9.17,9.28,9.07,9.17,9.1,0.07,0.7692,12390.06,11374.511,0.4022,0.4931,0.61,24.8927,25.6623,1.8148,1.5197,1.4774,0.3272,0.4035,105559.7987,30805.44,25128.1618,967983.3541,282485.8848,,,4.917
000881,中广核技,化工原料,辽宁,19980902,000881.SZ,20180719,9.23,9.33,9.08,9.1,9.2,-0.1,-1.09,15060.05,13817.763,0.4889,0.5993,0.68,24.7027,25.4664,1.8009,1.5081,1.4661,0.3297,0.4066,105559.7987,30805.44,25128.1618,960594.1682,280329.504,,,4.917
000881,中广核技,化工原料,辽宁,19980902,000881.SZ,20180718,9.46,9.46,9.16,9.2,9.35,-0.15,-1.6,25018.01,23261.65,0.8121,0.9956,1.16,24.9742,25.7463,1.8207,1.5247,1.4822,0.3261,0.4022,105559.7987,30805.44,25128.1618,971150.148,283410.048,,,4.917
000881,中广核技,化工原料,辽宁,19980902,000881.SZ,20180717,9.4,9.47,9.26,9.35,9.41,-0.06,-0.64,19933.2,18693.019,0.6471,0.7933,0.78,25.3814,26.166,1.8504,1.5496,1.5064,0.3209,0.3957,105559.7987,30805.44,25128.1618,986984.1178,288030.864,,,4.917
000881,中广核技,化工原料,辽宁,19980902,000881.SZ,20180716,9.2,9.45,9.05,9.41,9.2,0.21,2.28,23959.39,22205.972,0.7778,0.9535,0.8,25.5442,26.3339,1.8623,1.5595,1.5161,0.3188,0.3932,105559.7987,30805.44,25128.1618,993317.7058,289879.1904,,,4.917
000881,中广核技,化工原料,辽宁,19980902,000881.SZ,20180713,9.3,9.3,9.11,9.2,9.24,-0.04,-0.43,18228.62,16728.972,0.5917,0.7254,0.52,24.9742,25.7463,1.8207,1.5247,1.4822,0.3261,0.4022,105559.7987,30805.44,25128.1618,971150.148,283410.048,,,4.917
000881,中广核技,化工原料,辽宁,19980902,000881.SZ,20180712,9.0,9.27,9.0,9.24,9.01,0.23,2.55,23946.44,22002.497,0.7773,0.953,0.6,25.0828,25.8582,1.8287,1.5313,1.4887,0.3247,0.4004,105559.7987,30805.44,25128.1618,975372.54,284642.2656,,,4.917
000881,中广核技,化工原料,辽宁,19980902,000881.SZ,20180711,9.09,9.09,8.89,9.01,9.28,-0.27,-2.91,21992.09,19757.146,0.7139,0.8752,0.46,24.4584,25.2145,1.7831,1.4932,1.4516,0.333,0.4107,105559.7987,30805.44,25128.1618,951093.7863,277557.0144,,,4.917
000881,中广核技,化工原料,辽宁,19980902,000881.SZ,20180710,9.44,9.47,9.15,9.28,9.45,-0.17,-1.8,40214.28,37191.588,1.3054,1.6004,0.79,25.1914,25.9701,1.8366,1.538,1.4951,0.3233,0.3987,105559.7987,30805.44,25128.1618,979594.9319,285874.4832,,,4.917
000881,中广核技,化工原料,辽宁,19980902,000881.SZ,20180709,9.04,9.55,8.93,9.45,9.01,0.44,4.88,44656.02,41235.881,1.4496,1.7771,0.86,25.6528,26.4459,1.8702,1.5661,1.5225,0.3175,0.3915,105559.7987,30805.44,25128.1618,997540.0977,291111.408,,,4.917
000881,中广核技,化工原料,辽宁,19980902,000881.SZ,20180706,8.91,9.35,8.91,9.01,8.96,0.05,0.56,45214.01,41134.453,1.4677,1.7993,0.84,24.4584,25.2145,1.7831,1.4932,1.4516,0.333,0.4107,105559.7987,30805.44,25128.1618,951093.7863,277557.0144,,,4.917
000881,中广核技,化工原料,辽宁,19980902,000881.SZ,20180705,9.37,9.41,8.89,8.96,9.46,-0.5,-5.29,47972.09,43702.747,1.5573,1.9091,0.86,24.3227,25.0746,1.7732,1.4849,1.4436,0.3348,0.4129,105559.7987,30805.44,25128.1618,945815.7964,276016.7424,,,4.917
000881,中广核技,化工原料,辽宁,19980902,000881.SZ,20180704,9.5,9.56,9.05,9.46,9.6,-0.14,-1.46,62513.32,58291.522,2.0293,2.4878,1.0,25.68,26.4739,1.8722,1.5678,1.5241,0.3171,0.3911,105559.7987,30805.44,25128.1618,998595.6957,291419.4624,10.12,8.28,4.917
000881,中广核技,化工原料,辽宁,19980902,000881.SZ,20180703,9.71,9.8,9.31,9.6,9.8,-0.2,-2.04,55309.01,52583.826,1.7954,2.2011,0.86,26.06,26.8657,1.8999,1.591,1.5467,0.3125,0.3854,105559.7987,30805.44,25128.1618,1013374.0675,295732.224,,,4.917
000881,中广核技,化工原料,辽宁,19980902,000881.SZ,20180702,10.0,10.08,9.5,9.84,9.99,-0.15,-1.5,49027.12,47526.849,1.5915,1.9511,0.71,26.7115,27.5373,1.9332,1.6308,1.5854,0.3049,,105559.7987,30805.44,25128.1618,1038708.4192,303125.5296,,,4.917
000881,中广核技,化工原料,辽宁,19980902,000881.SZ,20180629,9.74,10.1,9.69,9.99,9.8,0.19,1.94,54076.95,53567.83,1.7554,2.152,0.73,27.1187,27.9571,1.9627,1.6556,1.6095,0.3003,,105559.7987,30805.44,25128.1618,1054542.389,307746.3456,,,4.917
000881,中广核技,化工原料,辽宁,19980902,000881.SZ,20180628,9.8,9.96,9.57,9.8,9.95,-0.15,-1.51,57212.78,55777.569,1.8572,2.2768,0.86,26.6029,27.4254,1.9254,1.6241,1.5789,0.3061,,105559.7987,30805.44,25128.1618,1034486.0273,301893.312,10.4,8.51,4.917
000881,中广核技,化工原料,辽宁,19980902,000881.SZ,20180627,9.2,9.98,9.18,9.95,9.21,0.74,8.03,98391.35,94917.33,3.194,3.9156,1.87,27.0101,27.8451,1.9549,1.649,1.6031,0.3015,,105559.7987,30805.44,25128.1618,1050319.9971,306514.128,,,4.917
000881,中广核技,化工原料,辽宁,19980902,000881.SZ,20180626,8.47,9.4,8.46,9.21,8.75,0.46,5.26,61429.36,55350.27,1.9941,2.4446,1.27,25.0013,25.7742,1.8095,1.5264,1.4839,0.3257,,105559.7987,30805.44,25128.1618,972205.746,283718.1024,,,4.917
000881,中广核技,化工原料,辽宁,19980902,000881.SZ,20180625,9.0,9.0,8.46,8.75,8.62,0.13,1.51,71907.24,62681.761,2.3342,2.8616,1.88,23.7526,24.4869,1.7191,1.4501,1.4097,0.3429,,105559.7987,30805.44,25128.1618,923648.2386,269547.6,,,4.917
000881,中广核技,化工原料,辽宁,19980902,000881.SZ,20180622,7.84,8.62,7.7,8.62,7.84,0.78,9.95,79608.31,67132.879,2.5842,3.1681,3.17,23.3997,24.1231,1.6936,1.4286,1.3888,0.348,,105559.7987,30805.44,25128.1618,909925.4648,265542.8928,,,4.917
000881,中广核技,化工原料,辽宁,19980902,000881.SZ,20180621,8.1,8.19,7.83,7.84,8.13,-0.29,-3.57,23232.03,18618.1,0.7542,0.9245,0.93,21.2823,21.9403,1.5403,1.2993,1.2631,0.3827,,105559.7987,30805.44,25128.1618,827588.8218,241514.6496,,,4.917
000881,中广核技,化工原料,辽宁,19980902,000881.SZ,20180620,7.9,8.19,7.9,8.13,8.04,0.09,1.12,27284.97,22166.506,0.8857,1.0858,1.18,22.0696,22.7519,1.5973,1.3474,1.3099,0.369,,105559.7987,30805.44,25128.1618,858201.1634,250448.2272,,,4.897
000881,中广核技,化工原料,辽宁,19980902,000881.SZ,20180619,8.64,8.64,7.89,8.04,8.71,-0.67,-7.69,38883.7,32364.168,1.2622,1.5474,2.11,21.8253,22.5,1.5796,1.3325,1.2954,0.3731,,105559.7987,30805.44,25128.1618,848700.7815,247675.7376,,,4.897
000881,中广核技,化工原料,辽宁,19980902,000881.SZ,20180615,8.83,8.88,8.67,8.71,8.81,-0.1,-1.14,21959.55,19177.206,0.7128,0.8739,1.1,23.644,24.375,1.7112,1.4435,1.4033,0.3444,,105559.7987,30805.44,25128.1618,919425.8467,268315.3824,,,4.897
000881,中广核技,化工原料,辽宁,19980902,000881.SZ,20180614,8.85,8.94,8.75,8.81,8.82,-0.01,-0.11,14150.0,12517.897,0.4593,0.5631,0.62,23.9155,24.6548,1.7309,1.4601,1.4194,0.3405,0.3405,105559.7987,30805.44,25128.1618,929981.8265,271395.9264,,,4.897
000881,中广核技,化工原料,辽宁,19980902,000881.SZ,20180613,9.02,9.04,8.75,8.82,9.02,-0.2,-2.22,22150.1,19622.789,0.719,0.8815,1.04,23.9426,24.6828,1.7328,1.4617,1.421,0.3401,0.3401,105559.7987,30805.44,25128.1618,931037.4245,271703.9808,,,4.897
000881,中广核技,化工原料,辽宁,19980902,000881.SZ,20180612,9.01,9.07,8.93,9.02,9.01,0.01,0.11,18402.85,16596.858,0.5974,0.7324,0.9,24.4856,25.2425,1.7721,1.4949,1.4532,0.3326,0.3326,105559.7987,30805.44,25128.1618,952149.3843,277865.0688,9.48,7.76,4.897
000881,中广核技,化工原料,辽宁,19980902,000881.SZ,20180611,8.89,9.04,8.85,9.01,8.96,0.05,0.56,15696.0,14115.42,0.5095,0.6246,0.77,24.4584,25.2145,1.7702,1.4932,1.4516,0.333,0.333,105559.7987,30805.44,25128.1618,951093.7863,277557.0144,,,4.897
000881,中广核技,化工原料,辽宁,19980902,000881.SZ,20180608,9.25,9.27,8.9,8.96,9.24,-0.28,-3.03,29507.23,26603.143,0.9579,1.1743,1.68,24.3227,25.0746,1.7603,1.4849,1.4436,0.3348,0.3348,105559.7987,30805.44,25128.1618,945815.7964,276016.7424,,,4.897
000881,中广核技,化工原料,辽宁,19980902,000881.SZ,20180607,9.58,9.59,9.2,9.24,9.58,-0.34,-3.55,28466.0,26596.652,0.9241,1.1328,1.78,25.0828,25.8582,1.8154,1.5313,1.4887,0.3247,0.3247,105559.7987,30805.44,25128.1618,975372.54,284642.2656,,,4.897
000881,中广核技,化工原料,辽宁,19980902,000881.SZ,20180606,9.54,9.58,9.5,9.58,9.54,0.04,0.42,14421.9,13767.747,0.4682,0.5739,0.68,26.0057,26.8097,1.8822,1.5877,1.5435,0.3132,0.3132,105559.7987,30805.44,25128.1618,1011262.8715,295116.1152,,,4.897
000881,中广核技,化工原料,辽宁,19980902,000881.SZ,20180605,9.49,9.56,9.43,9.54,9.42,0.12,1.27,13928.66,13231.133,0.4521,0.5543,0.6,25.8971,26.6977,1.8743,1.5811,1.537,0.3145,0.3145,105559.7987,30805.44,25128.1618,1007040.4796,293883.8976,,,4.897
000881,中广核技,化工原料,辽宁,19980902,000881.SZ,20180604,9.57,9.65,9.4,9.42,9.5,-0.08,-0.84,15327.63,14562.197,0.4976,0.61,0.66,25.5714,26.3619,1.8507,1.5612,1.5177,0.3185,0.3185,105559.7987,30805.44,25128.1618,994373.3038,290187.2448,,,4.897
000881,中广核技,化工原料,辽宁,19980902,000881.SZ,20180601,9.49,9.6,9.38,9.5,9.48,0.02,0.21,15761.01,14961.174,0.5116,0.6272,0.65,25.7886,26.5858,1.8664,1.5744,1.5306,0.3158,0.3158,105559.7987,30805.44,25128.1618,1002818.0877,292651.68,9.92,8.12,4.897
000881,中广核技,化工原料,辽宁,19980902,000881.SZ,20180531,9.51,9.6,9.4,9.48,9.42,0.06,0.64,20352.0,19341.304,0.6607,0.8099,0.89,25.7343,26.5298,1.8625,1.5711,1.5274,0.3165,0.3165,105559.7987,30805.44,25128.1618,1000706.8917,292035.5712,9.91,8.11,4.897
000881,中广核技,化工原料,辽宁,19980902,000881.SZ,20180530,10.0,10.02,9.23,9.42,10.12,-0.7,-6.92,41417.13,39958.904,1.3445,1.6482,2.26,25.5714,26.3619,1.8507,1.5612,1.5177,0.3185,0.3185,105559.7987,30805.44,25128.1618,994373.3038,290187.2448,,,4.897
000881,中广核技,化工原料,辽宁,19980902,000881.SZ,20180529,10.3,10.45,10.08,10.12,10.35,-0.23,-2.22,23892.01,24495.622,0.7756,0.9508,1.19,27.4716,28.3209,1.9883,1.6772,1.6305,0.2964,0.2964,105559.7987,30805.44,25128.1618,1068265.1628,311751.0528,,,4.897
000881,中广核技,化工原料,辽宁,19980902,000881.SZ,20180528,10.55,10.55,10.33,10.35,10.32,0.03,0.29,14815.0,15469.153,0.4809,0.5896,0.68,28.096,28.9645,2.0334,1.7153,1.6675,0.2899,0.2899,105559.7987,30805.44,25128.1618,1092543.9165,318836.304,,,4.897
000881,中广核技,化工原料,辽宁,19980902,000881.SZ,20180525,10.56,10.56,10.32,10.32,10.58,-0.26,-2.46,21140.59,21993.169,0.6863,0.8413,1.0,28.0145,28.8806,2.0275,1.7103,1.6627,0.2907,0.2907,105559.7987,30805.44,25128.1618,1089377.1226,317912.1408,,,4.897
000881,中广核技,化工原料,辽宁,19980902,000881.SZ,20180524,10.57,10.65,10.52,10.58,10.61,-0.03,-0.28,13143.99,13905.958,0.4267,0.5231,0.61,28.7203,29.6082,2.0786,1.7534,1.7046,0.2836,0.2836,105559.7987,30805.44,25128.1618,1116822.6702,325921.5552,,,4.897
000881,中广核技,化工原料,辽宁,19980902,000881.SZ,20180523,10.75,10.76,10.59,10.61,10.75,-0.14,-1.3,18699.0,19903.548,0.607,0.7441,0.87,28.8018,29.6921,2.0845,1.7584,1.7094,0.2828,0.2828,105559.7987,30805.44,25128.1618,1119989.4642,326845.7184,,,4.897
000881,中广核技,化工原料,辽宁,19980902,000881.SZ,20180522,10.6,10.9,10.57,10.75,10.61,0.14,1.32,32930.11,35433.866,1.069,1.3105,1.74,29.1818,30.0839,2.112,1.7816,1.732,0.2791,0.2791,105559.7987,30805.44,25128.1618,1134767.836,331158.48,,,4.897
000881,中广核技,化工原料,辽宁,19980902,000881.SZ,20180521,10.54,10.74,10.52,10.61,10.45,0.16,1.53,23107.12,24573.829,0.7501,0.9196,1.17,28.8018,29.6921,2.0845,1.7584,1.7094,0.2828,0.2828,105559.7987,30805.44,25128.1618,1119989.4642,326845.7184,,,4.897
000881,中广核技,化工原料,辽宁,19980902,000881.SZ,20180518,10.39,10.52,10.35,10.45,10.4,0.05,0.48,17306.01,18045.59,0.5618,0.6887,0.86,28.3674,29.2444,2.0531,1.7319,1.6836,0.2871,0.2871,105559.7987,30805.44,25128.1618,1103099.8964,321916.848,,,4.897
000881,中广核技,化工原料,辽宁,19980902,000881.SZ,20180517,10.45,10.47,10.37,10.4,10.41,-0.01,-0.1,16379.62,17041.199,0.5317,0.6518,0.78,28.2317,29.1045,2.0433,1.7236,1.6756,0.2885,0.2885,105559.7987,30805.44,25128.1618,1097821.9065,320376.576,,,4.897
000881,中广核技,化工原料,辽宁,19980902,000881.SZ,20180516,10.44,10.51,10.37,10.41,10.44,-0.03,-0.29,17822.26,18622.308,0.5785,0.7093,0.86,28.2588,29.1324,2.0452,1.7252,1.6772,0.2882,0.2882,105559.7987,30805.44,25128.1618,1098877.5045,320684.6304,,,4.897
000881,中广核技,化工原料,辽宁,19980902,000881.SZ,20180515,10.46,10.51,10.33,10.44,10.5,-0.06,-0.57,20234.0,21045.269,0.6568,0.8052,1.0,28.3403,29.2164,2.0511,1.7302,1.682,0.2874,0.2874,105559.7987,30805.44,25128.1618,1102044.2984,321608.7936,,,4.897
000881,中广核技,化工原料,辽宁,19980902,000881.SZ,20180514,10.57,10.62,10.3,10.5,10.57,-0.07,-0.66,26723.56,28010.329,0.8675,1.0635,1.42,28.5031,29.3843,2.0629,1.7402,1.6917,0.2857,0.2857,105559.7987,30805.44,25128.1618,1108377.8864,323457.12,11.67,9.55,4.897
000881,中广核技,化工原料,辽宁,19980902,000881.SZ,20180511,10.8,10.82,10.56,10.57,10.73,-0.16,-1.49,19440.0,20657.999,0.6311,0.7736,1.13,28.6932,29.5802,2.0767,1.7518,1.703,0.2838,0.2838,105559.7987,30805.44,25128.1618,1115767.0723,325613.5008,11.83,9.68,4.897
000881,中广核技,化工原料,辽宁,19980902,000881.SZ,20180510,10.79,10.83,10.65,10.73,10.75,-0.02,-0.19,20612.0,22114.092,0.6691,0.8203,1.15,29.1275,30.028,2.1081,1.7783,1.7287,0.2796,0.2796,105559.7987,30805.44,25128.1618,1132656.6401,330542.3712,,,4.897
000881,中广核技,化工原料,辽宁,19980902,000881.SZ,20180509,10.86,10.87,10.7,10.75,10.87,-0.12,-1.1,17028.0,18338.586,0.5528,0.6776,0.74,29.1818,30.0839,2.112,1.7816,1.732,0.2791,0.2791,105559.7987,30805.44,25128.1618,1134767.836,331158.48,,,4.897
000881,中广核技,化工原料,辽宁,19980902,000881.SZ,20180508,10.88,10.95,10.82,10.87,10.87,0.0,0.0,17811.0,19354.41,0.5782,0.7088,0.77,29.5075,30.4198,2.1356,1.8015,1.7513,0.276,0.276,105559.7987,30805.44,25128.1618,1147435.0119,334855.1328,11.44,9.36,4.897
000881,中广核技,化工原料,辽宁,19980902,000881.SZ,20180507,10.79,10.98,10.76,10.87,10.83,0.04,0.37,19185.64,20848.24,0.6228,0.7635,0.77,29.5075,30.4198,2.1356,1.8015,1.7513,0.276,0.276,105559.7987,30805.44,25128.1618,1147435.0119,334855.1328,,,4.897
000881,中广核技,化工原料,辽宁,19980902,000881.SZ,20180504,10.78,10.84,10.68,10.83,10.78,0.05,0.46,11718.1,12632.398,0.3804,0.4663,0.43,29.399,30.3078,2.1277,1.7948,1.7449,0.277,0.277,105559.7987,30805.44,25128.1618,1143212.6199,333622.9152,,,4.897
000881,中广核技,化工原料,辽宁,19980902,000881.SZ,20180503,10.66,10.81,10.47,10.78,10.65,0.13,1.22,23722.3,25299.382,0.7701,0.9441,0.88,29.2632,30.1679,2.1179,1.7866,1.7368,0.2783,0.2783,105559.7987,30805.44,25128.1618,1137934.63,332082.6432,,,4.897
000881,中广核技,化工原料,辽宁,19980902,000881.SZ,20180502,10.91,10.95,10.5,10.65,11.11,-0.46,-4.14,42569.64,45415.091,1.3819,1.6941,1.83,28.9103,29.8041,2.0924,1.765,1.7159,0.2817,0.2817,105559.7987,30805.44,25128.1618,1124211.8562,328077.936,11.63,9.51,4.897
000881,中广核技,化工原料,辽宁,19980902,000881.SZ,20180427,10.98,11.11,10.71,11.11,10.95,0.16,1.46,18108.0,19897.717,0.5878,0.7206,0.7,30.159,30.159,2.1928,1.8412,1.8412,0.27,0.27,105559.7987,30805.44,25128.1618,1172769.3636,342248.4384,,,4.897
000881,中广核技,化工原料,辽宁,19980902,000881.SZ,20180426,11.24,11.26,10.95,10.95,11.2,-0.25,-2.23,28772.04,31931.317,0.934,1.145,1.2,29.7247,29.7247,2.1613,1.8147,1.8147,0.274,0.274,105559.7987,30805.44,25128.1618,1155879.7958,337319.568,,,4.897
000881,中广核技,化工原料,辽宁,19980902,000881.SZ,20180425,11.28,11.31,11.16,11.2,11.32,-0.12,-1.06,21748.42,24397.222,0.706,0.8655,0.88,30.4034,30.4034,2.2106,1.8562,1.8562,0.2679,0.2679,105559.7987,30805.44,25128.1618,1182269.7454,345020.928,,,4.897
000881,中广核技,化工原料,辽宁,19980902,000881.SZ,20180424,11.2,11.38,11.16,11.32,11.19,0.13,1.16,23278.11,26297.721,0.7556,0.9264,0.89,30.7291,30.7291,2.2343,1.876,1.876,0.265,0.265,105559.7987,30805.44,25128.1618,1194936.9213,348717.5808,,,4.897
000881,中广核技,化工原料,辽宁,19980902,000881.SZ,20180423,11.01,11.36,11.01,11.19,11.02,0.17,1.54,24655.45,27564.71,0.8004,0.9812,0.85,30.3762,30.3762,2.2086,1.8545,1.8545,0.2681,0.2681,105559.7987,30805.44,25128.1618,1181214.1475,344712.8736,,,4.897
000881,中广核技,化工原料,辽宁,19980902,000881.SZ,20180420,11.35,11.35,11.0,11.02,11.35,-0.33,-2.91,30638.24,34097.528,0.9946,1.2193,0.96,29.9147,29.9147,2.1751,1.8263,1.8263,0.2722,0.2722,105559.7987,30805.44,25128.1618,1163268.9817,339475.9488,,,4.897
000881,中广核技,化工原料,辽宁,19980902,000881.SZ,20180419,11.31,11.52,11.31,11.35,11.37,-0.02,-0.18,19562.29,22331.744,0.635,0.7785,0.53,30.8105,30.8105,2.2402,1.881,1.881,0.2643,0.2643,105559.7987,30805.44,25128.1618,1198103.7152,349641.744,,,4.897
000881,中广核技,化工原料,辽宁,19980902,000881.SZ,20180418,11.2,11.44,11.06,11.37,11.15,0.22,1.97,25226.15,28349.034,0.8189,1.0039,0.54,30.8648,30.8648,2.2442,1.8843,1.8843,0.2639,0.2639,105559.7987,30805.44,25128.1618,1200214.9112,350257.8528,12.22,10.0,4.897
000881,中广核技,化工原料,辽宁,19980902,000881.SZ,20180417,11.44,11.55,11.12,11.15,11.43,-0.28,-2.45,30699.0,34597.987,0.9965,1.2217,0.64,30.2676,30.2676,2.2007,1.8479,1.8479,0.2691,0.2691,105559.7987,30805.44,25128.1618,1176991.7555,343480.656,12.05,9.86,4.897
000881,中广核技,化工原料,辽宁,19980902,000881.SZ,20180416,11.87,11.87,11.36,11.43,11.77,-0.34,-2.89,39543.95,45476.309,1.2837,1.5737,0.81,31.0277,31.0277,2.256,1.8943,1.8943,0.2625,0.2625,105559.7987,30805.44,25128.1618,1206548.4991,352106.1792,12.32,10.08,4.897
000881,中广核技,化工原料,辽宁,19980902,000881.SZ,20180413,11.72,12.03,11.72,11.77,11.73,0.04,0.34,44826.71,53154.201,1.4552,1.7839,0.9,31.9507,31.9507,2.3231,1.9506,1.9506,0.2549,0.2549,105559.7987,30805.44,25128.1618,1242438.8307,362580.0288,,,4.897
000881,中广核技,化工原料,辽宁,19980902,000881.SZ,20180412,11.66,11.89,11.5,11.73,11.75,-0.02,-0.17,43157.23,50540.473,1.401,1.7175,0.89,31.8421,31.8421,2.3152,1.944,1.944,0.2558,0.2558,105559.7987,30805.44,25128.1618,1238216.4388,361347.8112,12.31,10.07,4.897
000881,中广核技,化工原料,辽宁,19980902,000881.SZ,20180411,11.37,11.9,11.25,11.75,11.26,0.49,4.35,73702.98,85347.989,2.3925,2.9331,1.85,31.8964,31.8964,2.3192,1.9473,1.9473,0.2553,0.2553,105559.7987,30805.44,25128.1618,1240327.6347,361963.92,,,4.897
000881,中广核技,化工原料,辽宁,19980902,000881.SZ,20180410,11.2,11.39,11.1,11.26,11.28,-0.02,-0.18,39198.69,44035.969,1.2725,1.56,1.02,30.5662,30.5662,2.2224,1.8661,1.8661,0.2664,0.2664,105559.7987,30805.44,25128.1618,1188603.3334,346869.2544,,,4.897
000881,中广核技,化工原料,辽宁,19980902,000881.SZ,20180409,11.4,11.44,11.0,11.28,11.59,-0.31,-2.67,44443.29,49959.263,1.4433,1.7695,1.31,38.1745,21.8614,2.2827,3.9391,2.0087,0.266,0.266,105559.7987,30793.3977,25116.1195,1190714.5293,347349.5261,,,4.897
000881,中广核技,化工原料,辽宁,19980902,000881.SZ,20180404,11.64,12.01,11.55,11.59,11.6,-0.01,-0.09,49737.94,58465.809,1.6152,1.9803,1.72,39.2236,22.4622,2.3454,4.0474,2.0639,0.2588,0.2588,105559.7987,30793.3977,25116.1195,1223438.0669,356895.4793,,,4.897
000881,中广核技,化工原料,辽宁,19980902,000881.SZ,20180403,11.83,11.83,11.52,11.6,11.71,-0.11,-0.94,34061.62,39906.414,1.1061,1.3562,1.2,39.2575,22.4816,2.3475,4.0509,2.0657,0.2586,0.2586,105559.7987,30793.3977,25116.1195,1224493.6649,357203.4133,,,4.897
000881,中广核技,化工原料,辽宁,19980902,000881.SZ,20180402,11.73,11.82,11.66,11.71,11.72,-0.01,-0.09,32048.61,37564.437,1.0408,1.276,1.12,39.6297,22.6948,2.3697,4.0893,2.0853,0.2562,0.2562,105559.7987,30793.3977,25116.1195,1236105.2428,360590.6871,,,4.897
000881,中广核技,化工原料,辽宁,19980902,000881.SZ,20180330,11.68,11.85,11.68,11.72,11.68,0.04,0.34,31922.0,37615.906,1.0367,1.271,0.94,39.6636,22.7142,2.3718,4.0928,2.0871,0.256,0.256,105559.7987,30793.3977,25116.1195,1237160.8408,360898.621,,,4.897
000881,中广核技,化工原料,辽宁,19980902,000881.SZ,20180329,11.62,11.71,11.5,11.68,11.56,0.12,1.04,22506.81,26163.67,0.7309,0.8961,0.63,39.5282,22.6367,2.3637,4.0788,2.08,0.2568,0.2568,105559.7987,30793.3977,25116.1195,1232938.4488,359666.8851,,,4.897
000881,中广核技,化工原料,辽宁,19980902,000881.SZ,20180328,11.5,11.7,11.37,11.56,11.6,-0.04,-0.34,24220.61,28034.776,0.7866,0.9643,0.57,39.1221,22.4041,2.3394,4.0369,2.0586,0.2595,0.2595,105559.7987,30793.3977,25116.1195,1220271.273,355971.6774,,,4.897
000881,中广核技,化工原料,辽宁,19980902,000881.SZ,20180327,11.42,11.78,11.42,11.6,11.35,0.25,2.2,31576.0,36641.215,1.0254,1.2572,0.76,39.2575,22.4816,2.3475,4.0509,2.0657,0.2586,0.2586,105559.7987,30793.3977,25116.1195,1224493.6649,357203.4133,,,4.897
000881,中广核技,化工原料,辽宁,19980902,000881.SZ,20180326,11.2,11.37,10.75,11.35,11.37,-0.02,-0.18,32561.55,36182.5,1.0574,1.2964,0.78,38.4114,21.9971,2.2969,3.9636,2.0212,0.2643,0.2643,105559.7987,30793.3977,25116.1195,1198103.7152,349505.0639,,,4.897
000881,中广核技,化工原料,辽宁,19980902,000881.SZ,20180323,12.08,12.08,11.24,11.37,12.4,-1.03,-8.31,58966.84,68774.6,1.9149,2.3478,1.7,38.4791,22.0359,2.3009,3.9706,2.0248,0.2639,0.2639,105559.7987,30793.3977,25116.1195,1200214.9112,350120.9318,,,4.897
000881,中广核技,化工原料,辽宁,19980902,000881.SZ,20180322,12.59,12.71,12.37,12.4,12.59,-0.19,-1.51,31576.34,39366.104,1.0254,1.2572,0.95,41.9649,24.0321,2.5094,4.3303,2.2082,0.2419,0.2419,105559.7987,30793.3977,25116.1195,1308941.5039,381838.1315,,,4.897
000881,中广核技,化工原料,辽宁,19980902,000881.SZ,20180321,12.33,12.77,12.33,12.59,12.33,0.26,2.11,58444.76,73528.048,1.898,2.327,2.05,42.6079,24.4003,2.5478,4.3966,2.242,0.2383,0.2383,105559.7987,30793.3977,25116.1195,1328997.8656,387688.877,,,4.897
000881,中广核技,化工原料,辽宁,19980902,000881.SZ,20180320,12.21,12.44,12.08,12.33,12.28,0.05,0.41,24870.24,30502.467,0.8076,0.9902,0.81,41.728,23.8964,2.4952,4.3058,2.1957,0.2433,0.2433,105559.7987,30793.3977,25116.1195,1301552.318,379682.5936,12.85,10.51,4.897
000881,中广核技,化工原料,辽宁,19980902,000881.SZ,20180319,12.42,12.65,12.22,12.28,12.33,-0.05,-0.41,34784.99,43267.364,1.1296,1.385,1.05,41.5588,23.7995,2.4851,4.2884,2.1868,0.2443,0.2443,105559.7987,30793.3977,25116.1195,1296274.328,378142.9238,,,4.897
000881,中广核技,化工原料,辽宁,19980902,000881.SZ,20180316,12.38,12.5,12.32,12.33,12.31,0.02,0.16,23491.56,29114.834,0.7629,0.9353,0.61,41.728,23.8964,2.4952,4.3058,2.1957,0.2433,0.2433,105559.7987,30793.3977,25116.1195,1301552.318,379682.5936,,,4.897
000881,中广核技,化工原料,辽宁,19980902,000881.SZ,20180315,12.23,12.42,12.18,12.31,12.24,0.07,0.57,25175.0,30977.106,0.8175,1.0023,0.62,41.6603,23.8576,2.4911,4.2988,2.1922,0.2437,0.2437,105559.7987,30793.3977,25116.1195,1299441.122,379066.7257,,,4.897
000881,中广核技,化工原料,辽宁,19980902,000881.SZ,20180314,12.52,12.55,12.23,12.24,12.52,-0.28,-2.24,34516.0,42568.179,1.1209,1.3743,0.78,41.4234,23.722,2.477,4.2744,2.1797,0.2451,0.2451,105559.7987,30793.3977,25116.1195,1292051.9361,376911.1878,,,4.897
000881,中广核技,化工原料,辽宁,19980902,000881.SZ,20180313,12.6,12.79,12.5,12.52,12.68,-0.16,-1.26,34663.63,43856.065,1.1257,1.3801,0.62,42.371,24.2646,2.5336,4.3722,2.2296,0.2396,0.2396,105559.7987,30793.3977,25116.1195,1321608.6797,385533.3392,,,4.897
000881,中广核技,化工原料,辽宁,19980902,000881.SZ,20180312,12.63,12.88,12.6,12.68,12.63,0.05,0.4,48378.91,61477.809,1.5711,1.9262,0.89,42.9125,24.5747,2.566,4.428,2.2581,0.2366,0.2366,105559.7987,30793.3977,25116.1195,1338498.2475,390460.2828,13.85,11.33,4.897
000881,中广核技,化工原料,辽宁,19980902,000881.SZ,20180309,12.34,12.7,12.24,12.63,12.37,0.26,2.1,49031.06,61188.146,1.5923,1.9522,0.97,42.7433,24.4778,2.5559,4.4106,2.2491,0.2375,0.2375,105559.7987,30793.3977,25116.1195,1333220.2576,388920.613,13.56,11.1,4.897
000881,中广核技,化工原料,辽宁,19980902,000881.SZ,20180308,12.3,12.52,12.21,12.37,12.21,0.16,1.31,37452.92,46332.876,1.2163,1.4912,0.73,41.8634,23.9739,2.5033,4.3198,2.2028,0.2425,0.2425,105559.7987,30793.3977,25116.1195,1305774.7099,380914.3295,,,4.897
000881,中广核技,化工原料,辽宁,19980902,000881.SZ,20180307,12.39,12.64,12.16,12.21,12.35,-0.14,-1.13,51602.18,63924.868,1.6758,2.0545,1.05,41.3219,23.6638,2.4709,4.2639,2.1744,0.2457,0.2457,105559.7987,30793.3977,25116.1195,1288885.1421,375987.3859,13.56,11.1,4.897
000881,中广核技,化工原料,辽宁,19980902,000881.SZ,20180306,12.52,12.85,12.29,12.35,12.18,0.17,1.4,93522.43,118173.404,3.0371,3.7236,2.4,41.7957,23.9352,2.4992,4.3128,2.1993,0.2429,0.2429,105559.7987,30793.3977,25116.1195,1303663.5139,380298.4616,,,4.897
000881,中广核技,化工原料,辽宁,19980902,000881.SZ,20180305,11.81,12.21,11.75,12.18,11.8,0.38,3.22,39601.8,47457.173,1.286,1.5767,1.04,41.2203,23.6057,2.4648,4.2534,2.169,0.2463,0.2463,105559.7987,30793.3977,25116.1195,1285718.3482,375063.584,,,4.897
000881,中广核技,化工原料,辽宁,19980902,000881.SZ,20180302,12.1,12.11,11.76,11.8,12.04,-0.24,-1.99,30770.5,36595.686,0.9993,1.2251,0.84,39.9343,22.8692,2.3879,4.1207,2.1013,0.2542,0.2542,105559.7987,30793.3977,25116.1195,1245605.6247,363362.0929,,,4.897
000881,中广核技,化工原料,辽宁,19980902,000881.SZ,20180301,11.55,12.08,11.55,12.04,11.77,0.27,2.29,40574.52,48230.46,1.3176,1.6155,1.25,40.7465,23.3344,2.4365,4.2045,2.1441,0.2492,0.2492,105559.7987,30793.3977,25116.1195,1270939.9763,370752.5083,,,4.897
000881,中广核技,化工原料,辽宁,19980902,000881.SZ,20180228,11.56,12.15,11.35,11.77,11.63,0.14,1.2,42214.19,49374.572,1.3709,1.6808,1.61,39.8328,22.8111,2.3819,4.1103,2.096,0.2549,0.2549,105559.7987,30793.3977,25116.1195,1242438.8307,362438.2909,,,4.897
000881,中广核技,化工原料,辽宁,19980902,000881.SZ,20180227,11.45,11.79,11.29,11.63,11.42,0.21,1.84,41566.19,47923.595,1.3498,1.655,1.84,39.359,22.5398,2.3535,4.0614,2.0711,0.258,0.258,105559.7987,30793.3977,25116.1195,1227660.4589,358127.2153,,,4.897
000881,中广核技,化工原料,辽宁,19980902,000881.SZ,20180226,11.18,11.46,11.18,11.42,11.18,0.24,2.15,36024.01,40881.652,1.1699,1.4343,1.79,38.6483,22.1328,2.311,3.988,2.0337,0.2627,0.2627,105559.7987,30793.3977,25116.1195,1205492.9012,351660.6017,13.43,10.99,4.897
000881,中广核技,化工原料,辽宁,19980902,000881.SZ,20180223,11.16,11.32,11.08,11.18,11.15,0.03,0.27,23680.62,26457.929,0.769,0.9428,1.04,37.8361,21.6676,2.2625,3.9042,1.9909,0.2683,0.2683,105559.7987,30793.3977,25116.1195,1180158.5495,344270.1863,,,4.897
000881,中广核技,化工原料,辽宁,19980902,000881.SZ,20180222,11.17,11.24,11.04,11.15,10.99,0.16,1.46,18571.01,20660.218,0.6031,0.7394,0.79,37.7345,21.6095,2.2564,3.8937,1.9856,0.2691,0.2691,105559.7987,30793.3977,25116.1195,1176991.7555,343346.3844,,,4.897
000881,中广核技,化工原料,辽宁,19980902,000881.SZ,20180214,10.96,11.05,10.86,10.99,10.95,0.04,0.37,11430.12,12533.78,0.3712,0.4551,0.4,37.1931,21.2994,2.224,3.8379,1.9571,0.273,0.273,105559.7987,30793.3977,25116.1195,1160102.1877,338419.4407,,,4.897
000881,中广核技,化工原料,辽宁,19980902,000881.SZ,20180213,10.98,11.19,10.93,10.95,10.91,0.04,0.37,23450.01,25883.71,0.7615,0.9337,0.71,37.0577,21.2219,2.2159,3.8239,1.95,0.274,0.274,105559.7987,30793.3977,25116.1195,1155879.7958,337187.7048,,,4.897
000881,中广核技,化工原料,辽宁,19980902,000881.SZ,20180212,10.85,11.04,10.62,10.91,10.7,0.21,1.96,23421.59,25555.586,0.7606,0.9325,0.7,36.9223,21.1443,2.2078,3.8099,1.9429,0.275,0.275,105559.7987,30793.3977,25116.1195,1151657.4038,335955.9689,,,4.897
000881,中广核技,化工原料,辽宁,19980902,000881.SZ,20180209,10.48,10.95,10.32,10.7,10.91,-0.21,-1.92,36949.91,39343.793,1.1999,1.4712,1.01,36.2116,20.7374,2.1653,3.7366,1.9055,0.2804,0.2804,105559.7987,30793.3977,25116.1195,1129489.8461,329489.3554,,,4.897
000881,中广核技,化工原料,辽宁,19980902,000881.SZ,20180208,10.91,11.09,10.81,10.91,10.86,0.05,0.46,21822.01,23949.099,0.7087,0.8688,0.48,36.9223,21.1443,2.2078,3.8099,1.9429,0.275,0.275,105559.7987,30793.3977,25116.1195,1151657.4038,335955.9689,,,4.897
000881,中广核技,化工原料,辽宁,19980902,000881.SZ,20180207,11.17,11.28,10.55,10.86,10.9,-0.04,-0.37,38378.36,42070.633,1.2463,1.528,0.78,36.7531,21.0474,2.1977,3.7925,1.9339,0.2762,0.2762,105559.7987,30793.3977,25116.1195,1146379.4139,334416.299,,,4.897
000881,中广核技,化工原料,辽宁,19980902,000881.SZ,20180206,11.39,11.69,10.82,10.9,11.91,-1.01,-8.48,44570.5,50639.392,1.4474,1.7746,0.88,36.8885,21.125,2.2058,3.8064,1.9411,0.2752,0.2752,105559.7987,30793.3977,25116.1195,1150601.8058,335648.0349,,,4.897
000881,中广核技,化工原料,辽宁,19980902,000881.SZ,20180205,11.42,11.96,11.33,11.91,11.79,0.12,1.02,26341.02,30840.511,0.8554,1.0488,0.44,40.3066,23.0824,2.4102,4.1591,2.1209,0.2519,0.2519,105559.7987,30793.3977,25116.1195,1257217.2025,366749.3666,,,4.897
000881,中广核技,化工原料,辽宁,19980902,000881.SZ,20180202,11.96,11.98,11.28,11.79,12.23,-0.44,-3.6,51180.72,60069.738,1.6621,2.0378,0.64,39.9005,22.8499,2.3859,4.1172,2.0996,0.2545,0.2545,105559.7987,30793.3977,25116.1195,1244550.0267,363054.1589,,,4.897
000881,中广核技,化工原料,辽宁,19980902,000881.SZ,20180201,13.07,13.26,12.2,12.23,12.92,-0.69,-5.34,64996.84,82531.444,2.1107,2.5879,0.63,41.3896,23.7026,2.475,4.2709,2.1779,0.2453,0.2453,105559.7987,30793.3977,25116.1195,1290996.3381,376603.2539,,,4.897
000881,中广核技,化工原料,辽宁,19980902,000881.SZ,20180131,13.4,13.4,12.88,12.92,13.5,-0.58,-4.3,58554.66,76935.611,1.9015,2.3314,0.6,43.7247,25.0399,2.6146,4.5119,2.3008,0.2322,0.2322,105559.7987,30793.3977,25116.1195,1363832.5992,397850.6983,,,4.897
000881,中广核技,化工原料,辽宁,19980902,000881.SZ,20180130,13.4,13.6,13.26,13.5,13.44,0.06,0.45,51863.57,69602.428,1.6842,2.065,0.53,45.6876,26.164,2.732,4.7144,2.4041,0.2222,0.2222,105559.7987,30793.3977,25116.1195,1425057.2825,415710.869,,,4.897
000881,中广核技,化工原料,辽宁,19980902,000881.SZ,20180129,13.52,13.69,13.31,13.44,13.65,-0.21,-1.54,72985.47,98406.821,2.3702,2.9059,0.83,45.4845,26.0477,2.7198,4.6934,2.3934,0.2232,0.2232,105559.7987,30793.3977,25116.1195,1418723.6945,413863.2651,,,4.897
000881,中广核技,化工原料,辽宁,19980902,000881.SZ,20180126,13.99,13.99,13.4,13.65,13.97,-0.32,-2.29,150191.93,205205.304,4.8774,5.9799,2.39,46.1952,26.4547,2.7623,4.7668,2.4308,0.2198,0.2198,105559.7987,30793.3977,25116.1195,1440891.2523,420329.8786,,,4.897
000881,中广核技,化工原料,辽宁,19980902,000881.SZ,20180125,12.76,13.97,12.76,13.97,12.7,1.27,10.0,178279.64,243371.619,5.7895,7.0982,5.81,47.2782,27.0748,2.8271,4.8785,2.4878,0.2147,0.2147,105559.7987,30793.3977,25116.1195,1474670.3878,430183.7659,,,4.897
000881,中广核技,化工原料,辽宁,19980902,000881.SZ,20180124,12.8,12.82,12.5,12.7,12.79,-0.09,-0.7,30667.51,38800.349,0.9959,1.221,1.04,42.9802,24.6135,2.5701,4.435,2.2616,0.2362,0.2362,105559.7987,30793.3977,25116.1195,1340609.4435,391076.1508,,,4.897
000881,中广核技,化工原料,辽宁,19980902,000881.SZ,20180123,12.31,13.1,12.23,12.79,12.3,0.49,3.98,58166.05,74444.557,1.8889,2.3159,2.62,43.2847,24.7879,2.5883,4.4665,2.2776,0.2346,0.2346,105559.7987,30793.3977,25116.1195,1350109.8254,393847.5566,,,4.897
000881,中广核技,化工原料,辽宁,19980902,000881.SZ,20180122,12.18,12.42,12.1,12.3,12.16,0.14,1.15,24521.23,30166.715,0.7963,0.9763,0.99,41.6265,23.8383,2.4891,4.2953,2.1904,0.2439,0.2439,105559.7987,30793.3977,25116.1195,1298385.524,378758.7917,,,4.897
000881,中广核技,化工原料,辽宁,19980902,000881.SZ,20180119,12.35,12.37,12.08,12.16,12.32,-0.16,-1.3,22176.09,27077.109,0.7202,0.8829,0.86,41.1527,23.5669,2.4608,4.2465,2.1655,0.2467,0.2467,105559.7987,30793.3977,25116.1195,1283607.1522,374447.716,,,4.897
000881,中广核技,化工原料,辽宁,19980902,000881.SZ,20180118,12.42,12.42,12.25,12.32,12.44,-0.12,-0.96,18005.45,22186.461,0.5847,0.7169,0.61,41.6941,23.877,2.4932,4.3023,2.1939,0.2435,0.2435,105559.7987,30793.3977,25116.1195,1300496.72,379374.6597,,,4.897
000881,中广核技,化工原料,辽宁,19980902,000881.SZ,20180117,12.3,12.44,12.11,12.44,12.26,0.18,1.47,24373.57,29932.176,0.7915,0.9704,0.7,42.1003,24.1096,2.5175,4.3442,2.2153,0.2412,0.2412,105559.7987,30793.3977,25116.1195,1313163.8958,383069.8674,,,4.897
000881,中广核技,化工原料,辽宁,19980902,000881.SZ,20180116,12.22,12.44,12.14,12.26,12.3,-0.04,-0.33,21854.31,26812.563,0.7097,0.8701,0.56,41.4911,23.7607,2.481,4.2814,2.1833,0.2447,0.2447,105559.7987,30793.3977,25116.1195,1294163.1321,377527.0558,,,4.897
000881,中广核技,化工原料,辽宁,19980902,000881.SZ,20180115,12.75,12.95,12.15,12.3,12.86,-0.56,-4.35,38016.0,47640.499,1.2346,1.5136,0.85,41.6265,23.8383,2.4891,4.2953,2.1904,0.2439,0.2439,105559.7987,30793.3977,25116.1195,1298385.524,378758.7917,,,4.897
000881,中广核技,化工原料,辽宁,19980902,000881.SZ,20180112,13.14,13.15,12.86,12.86,13.1,-0.24,-1.83,27119.27,35131.761,0.8807,1.0798,0.56,43.5216,24.9236,2.6025,4.4909,2.2901,0.2333,0.2333,105559.7987,30793.3977,25116.1195,1357499.0113,396003.0944,,,4.897
000881,中广核技,化工原料,辽宁,19980902,000881.SZ,20180111,13.08,13.15,12.88,13.1,13.22,-0.12,-0.91,35489.01,46295.769,1.1525,1.413,0.71,44.3339,25.3887,2.651,4.5747,2.3328,0.229,0.229,105559.7987,30793.3977,25116.1195,1382833.363,403393.5099,,,4.897
000881,中广核技,化工原料,辽宁,19980902,000881.SZ,20180110,13.72,13.78,13.21,13.22,13.4,-0.18,-1.34,51746.09,69784.175,1.6804,2.0603,1.04,44.74,25.6213,2.6753,4.6166,2.3542,0.2269,0.2269,105559.7987,30793.3977,25116.1195,1395500.5388,407088.7176,,,4.897
000881,中广核技,化工原料,辽宁,19980902,000881.SZ,20180109,13.28,13.41,13.13,13.4,13.42,-0.02,-0.15,42336.99,56134.158,1.3749,1.6857,0.84,45.3491,25.9701,2.7117,4.6795,2.3863,0.2239,0.2239,105559.7987,30793.3977,25116.1195,1414501.3026,412631.5292,,,4.897
000881,中广核技,化工原料,辽宁,19980902,000881.SZ,20180108,13.28,13.55,13.16,13.42,13.16,0.26,1.98,66567.31,88748.257,2.1617,2.6504,1.27,45.4168,26.0089,2.7158,4.6865,2.3898,0.2235,0.2235,105559.7987,30793.3977,25116.1195,1416612.4986,413247.3971,,,4.897
000881,中广核技,化工原料,辽宁,19980902,000881.SZ,20180105,13.09,13.16,12.84,13.16,13.09,0.07,0.53,45632.54,59172.769,1.4819,1.8169,0.89,44.5369,25.505,2.6632,4.5957,2.3435,0.228,0.228,105559.7987,30793.3977,25116.1195,1389166.9509,405241.1137,,,4.897
000881,中广核技,化工原料,辽宁,19980902,000881.SZ,20180104,13.16,13.28,13.04,13.09,13.22,-0.13,-0.98,42743.0,56127.574,1.3881,1.7018,0.8,44.3,25.3693,2.649,4.5712,2.3311,0.2292,0.2292,105559.7987,30793.3977,25116.1195,1381777.765,403085.5759,,,4.897
000881,中广核技,化工原料,辽宁,19980902,000881.SZ,20180103,13.03,13.34,12.96,13.22,13.09,0.13,0.99,50790.46,66904.633,1.6494,2.0222,1.07,44.74,25.6213,2.6753,4.6166,2.3542,0.2269,0.2269,105559.7987,30793.3977,25116.1195,1395500.5388,407088.7176,,,4.897
000881,中广核技,化工原料,辽宁,19980902,000881.SZ,20180102,13.2,13.2,12.95,13.09,13.07,0.02,0.15,46656.11,60874.864,1.5151,1.8576,1.08,44.3,25.3693,2.649,4.5712,2.3311,0.2292,0.2292,105559.7987,30793.3977,25116.1195,1381777.765,403085.5759,14.41,11.79,4.897
000881,中广核技,化工原料,辽宁,19980902,000881.SZ,20171229,12.57,13.13,12.56,13.07,12.52,0.55,4.39,76273.39,98363.414,2.4769,3.0368,2.47,44.2323,25.3306,2.6449,4.5642,2.3275,0.0,0.2295,105559.7987,30793.3977,25116.1195,1379666.569,402469.7079,,,4.897
000881,中广核技,化工原料,辽宁,19980902,000881.SZ,20171228,12.5,12.66,12.4,12.52,12.48,0.04,0.32,41096.9,51530.636,1.3346,1.6363,1.47,42.371,24.2646,2.5336,4.3722,2.2296,0.0,0.2396,105559.7987,30793.3977,25116.1195,1321608.6797,385533.3392,,,4.897
000881,中广核技,化工原料,辽宁,19980902,000881.SZ,20171227,12.2,12.95,12.04,12.48,12.13,0.35,2.89,53460.75,67109.499,1.7361,2.1285,2.36,42.2356,24.1871,2.5256,4.3582,2.2224,0.0,0.2404,105559.7987,30793.3977,25116.1195,1317386.2878,384301.6033,,,4.897
000881,中广核技,化工原料,辽宁,19980902,000881.SZ,20171226,12.02,12.13,11.9,12.13,12.08,0.05,0.41,20026.2,24067.935,0.6503,0.7973,0.76,41.0511,23.5088,2.4547,4.236,2.1601,0.0,0.2473,105559.7987,30793.3977,25116.1195,1280440.3582,373523.9141,14.48,11.84,4.897
000881,中广核技,化工原料,辽宁,19980902,000881.SZ,20171225,12.07,12.29,12.03,12.08,12.09,-0.01,-0.08,24806.62,30122.82,0.8056,0.9877,0.94,40.8819,23.4119,2.4446,4.2185,2.1512,0.0,0.2483,105559.7987,30793.3977,25116.1195,1275162.3683,371984.2442,,,4.897
000881,中广核技,化工原料,辽宁,19980902,000881.SZ,20171222,11.98,12.18,11.98,12.09,12.06,0.03,0.25,14968.65,18093.707,0.4861,0.596,0.55,40.9158,23.4313,2.4466,4.222,2.153,0.0,0.2481,105559.7987,30793.3977,25116.1195,1276217.9663,372292.1782,,,4.897
000881,中广核技,化工原料,辽宁,19980902,000881.SZ,20171221,12.18,12.27,11.92,12.06,12.28,-0.22,-1.79,26508.84,32058.947,0.8609,1.0555,1.04,40.8142,23.3731,2.4406,4.2115,2.1476,0.0,0.2488,105559.7987,30793.3977,25116.1195,1273051.1723,371368.3763,,,4.897
000881,中广核技,化工原料,辽宁,19980902,000881.SZ,20171220,12.62,12.62,12.11,12.28,12.52,-0.24,-1.92,26978.9,33283.306,0.8761,1.0742,1.03,41.5588,23.7995,2.4851,4.2884,2.1868,0.0,0.2443,105559.7987,30793.3977,25116.1195,1296274.328,378142.9238,,,4.897
000881,中广核技,化工原料,辽宁,19980902,000881.SZ,20171219,12.16,12.58,12.16,12.52,12.11,0.41,3.39,37991.23,47237.631,1.2337,1.5126,1.51,42.371,24.2646,2.5336,4.3722,2.2296,0.0,0.2396,105559.7987,30793.3977,25116.1195,1321608.6797,385533.3392,,,4.897
000881,中广核技,化工原料,辽宁,19980902,000881.SZ,20171218,12.38,12.38,12.1,12.11,12.38,-0.27,-2.18,25343.0,31040.517,0.823,1.009,0.98,40.9834,23.47,2.4507,4.229,2.1565,0.0,0.2477,105559.7987,30793.3977,25116.1195,1278329.1623,372908.0461,,,4.897
000881,中广核技,化工原料,辽宁,19980902,000881.SZ,20171215,12.38,12.49,12.3,12.38,12.38,0.0,0.0,20061.11,24848.098,0.6515,0.7987,0.71,41.8972,23.9933,2.5053,4.3233,2.2046,0.0,0.2423,105559.7987,30793.3977,25116.1195,1306830.3079,381222.2635,,,4.897
000881,中广核技,化工原料,辽宁,19980902,000881.SZ,20171214,12.28,12.55,12.22,12.38,12.37,0.01,0.08,17622.0,21832.703,0.5723,0.7016,0.49,41.8972,23.9933,2.5053,4.3233,2.2046,0.0,0.2423,105559.7987,30793.3977,25116.1195,1306830.3079,381222.2635,,,4.897
000881,中广核技,化工原料,辽宁,19980902,000881.SZ,20171213,12.43,12.51,12.21,12.37,12.51,-0.14,-1.12,29741.1,36621.743,0.9658,1.1841,0.82,41.8634,23.9739,2.5033,4.3198,2.2028,0.0,0.2425,105559.7987,30793.3977,25116.1195,1305774.7099,380914.3295,,,4.897
000881,中广核技,化工原料,辽宁,19980902,000881.SZ,20171212,12.43,12.76,12.42,12.51,12.47,0.04,0.32,33055.0,41619.735,1.0734,1.3161,0.77,42.3371,24.2453,2.5316,4.3687,2.2278,0.0,0.2398,105559.7987,30793.3977,25116.1195,1320553.0817,385225.4052,,,4.897
000881,中广核技,化工原料,辽宁,19980902,000881.SZ,20171211,12.19,12.65,12.17,12.47,12.29,0.18,1.46,29404.41,36746.101,0.9549,1.1707,0.7,42.2018,24.1677,2.5235,4.3547,2.2207,0.0,0.2406,105559.7987,30793.3977,25116.1195,1316330.6898,383993.6693,13.51,11.05,4.897
000881,中广核技,化工原料,辽宁,19980902,000881.SZ,20171208,12.16,12.36,12.1,12.29,12.27,0.02,0.16,30896.05,37830.029,1.0033,1.2301,0.77,41.5926,23.8189,2.4871,4.2919,2.1886,0.0,0.2441,105559.7987,30793.3977,25116.1195,1297329.926,378450.8577,,,4.897
000881,中广核技,化工原料,辽宁,19980902,000881.SZ,20171207,11.83,12.66,11.8,12.27,11.87,0.4,3.37,56018.1,69002.716,1.8192,2.2304,1.65,41.5249,23.7801,2.4831,4.2849,2.185,0.0,0.2445,105559.7987,30793.3977,25116.1195,1295218.73,377834.9898,,,4.897
000881,中广核技,化工原料,辽宁,19980902,000881.SZ,20171206,11.86,11.98,11.64,11.87,11.86,0.01,0.08,32711.02,38613.246,1.0623,1.3024,0.97,40.1712,23.0049,2.4021,4.1452,2.1138,0.0,0.2527,105559.7987,30793.3977,25116.1195,1252994.8106,365517.6307,,,4.897
000881,中广核技,化工原料,辽宁,19980902,000881.SZ,20171205,12.71,12.72,11.81,11.86,12.73,-0.87,-6.83,65937.58,80512.83,2.1413,2.6253,2.36,40.1374,22.9855,2.4001,4.1417,2.112,0.0,0.253,105559.7987,30793.3977,25116.1195,1251939.2126,365209.6967,,,4.897
000881,中广核技,化工原料,辽宁,19980902,000881.SZ,20171204,12.87,12.99,12.71,12.73,13.0,-0.27,-2.08,25311.01,32590.827,0.822,1.0078,0.87,43.0817,24.6716,2.5761,4.4455,2.267,0.0,0.2357,105559.7987,30793.3977,25116.1195,1343776.2375,391999.9527,13.61,11.13,4.897
000881,中广核技,化工原料,辽宁,19980902,000881.SZ,20171201,12.88,13.07,12.88,13.0,12.97,0.03,0.23,19758.09,25683.733,0.6416,0.7867,0.64,43.9954,25.1949,2.6308,4.5398,2.315,0.0,0.2308,105559.7987,30793.3977,25116.1195,1372277.3831,400314.1701,,,4.897
000881,中广核技,化工原料,辽宁,19980902,000881.SZ,20171130,13.0,13.13,12.92,12.97,12.99,-0.02,-0.15,26010.17,33816.727,0.8447,1.0356,0.74,43.8939,25.1368,2.6247,4.5293,2.3097,0.0,0.2313,105559.7987,30793.3977,25116.1195,1369110.5891,399390.3682,,,4.897
000881,中广核技,化工原料,辽宁,19980902,000881.SZ,20171129,13.19,13.19,12.82,12.99,13.14,-0.15,-1.14,32067.27,41552.86,1.0414,1.2768,0.71,43.9616,25.1755,2.6288,4.5363,2.3133,0.0,0.2309,105559.7987,30793.3977,25116.1195,1371221.7851,400006.2361,,,4.897
000881,中广核技,化工原料,辽宁,19980902,000881.SZ,20171128,13.05,13.17,12.78,13.14,13.04,0.1,0.77,36807.6,47692.738,1.1953,1.4655,0.83,44.4692,25.4662,2.6591,4.5887,2.34,0.0,0.2283,105559.7987,30793.3977,25116.1195,1387055.7549,404625.2458,,,4.897
000881,中广核技,化工原料,辽宁,19980902,000881.SZ,20171127,13.11,13.26,12.98,13.04,13.11,-0.07,-0.53,30558.57,40135.611,0.9924,1.2167,0.65,44.1308,25.2724,2.6389,4.5538,2.3222,0.0,0.2301,105559.7987,30793.3977,25116.1195,1376499.775,401545.906,,,4.897
000881,中广核技,化工原料,辽宁,19980902,000881.SZ,20171124,13.22,13.28,13.09,13.11,13.2,-0.09,-0.68,29034.75,38263.768,0.9429,1.156,0.53,44.3677,25.4081,2.653,4.5782,2.3346,0.0,0.2288,105559.7987,30793.3977,25116.1195,1383888.961,403701.4438,,,4.897
000881,中广核技,化工原料,辽宁,19980902,000881.SZ,20171123,13.57,13.65,13.12,13.2,13.56,-0.36,-2.65,47766.46,64137.868,1.5512,1.9018,0.9,44.6723,25.5825,2.6713,4.6096,2.3507,0.0,0.2273,105559.7987,30793.3977,25116.1195,1393389.3428,406472.8496,,,4.897
000881,中广核技,化工原料,辽宁,19980902,000881.SZ,20171122,13.47,13.65,13.18,13.56,13.05,0.51,3.91,83216.89,111991.829,2.7024,3.3133,2.03,45.8906,26.2802,2.7441,4.7354,2.4148,0.0,0.2212,105559.7987,30793.3977,25116.1195,1431390.8704,417558.4728,,,4.897
000881,中广核技,化工原料,辽宁,19980902,000881.SZ,20171121,13.25,13.25,13.0,13.05,13.16,-0.11,-0.84,32012.0,41896.034,1.0396,1.2746,0.75,44.1647,25.2918,2.6409,4.5573,2.3239,0.0,0.2299,105559.7987,30793.3977,25116.1195,1377555.373,401853.84,,,4.897
000881,中广核技,化工原料,辽宁,19980902,000881.SZ,20171120,13.35,13.42,12.9,13.16,13.35,-0.19,-1.42,44561.96,58391.924,1.4471,1.7742,0.99,44.5369,25.505,2.6632,4.5957,2.3435,0.0,0.228,105559.7987,30793.3977,25116.1195,1389166.9509,405241.1137,,,4.897
000881,中广核技,化工原料,辽宁,19980902,000881.SZ,20171117,14.25,14.28,13.3,13.35,14.25,-0.9,-6.32,68297.22,93383.262,2.2179,2.7193,1.74,45.1799,25.8732,2.7016,4.662,2.3774,0.0,0.2247,105559.7987,30793.3977,25116.1195,1409223.3126,411091.8593,,,4.897
000881,中广核技,化工原料,辽宁,19980902,000881.SZ,20171116,14.55,14.55,14.17,14.25,14.5,-0.25,-1.72,37730.83,53944.547,1.2253,1.5023,0.93,48.2258,27.6175,2.8837,4.9763,2.5376,0.0,0.2105,105559.7987,30793.3977,25116.1195,1504227.1315,438805.9172,,,4.897
000881,中广核技,化工原料,辽宁,19980902,000881.SZ,20171115,14.47,14.55,14.35,14.5,14.49,0.01,0.07,22024.61,31826.06,0.7152,0.8769,0.52,49.0718,28.102,2.9343,5.0636,2.5822,0.0,0.2069,105559.7987,30793.3977,25116.1195,1530617.0812,446504.2667,,,4.897
000881,中广核技,化工原料,辽宁,19980902,000881.SZ,20171114,14.78,14.83,14.4,14.49,14.73,-0.24,-1.63,39755.48,57836.156,1.291,1.5829,0.97,49.038,28.0826,2.9323,5.0601,2.5804,0.0,0.207,105559.7987,30793.3977,25116.1195,1529561.4832,446196.3327,,,4.897
000881,中广核技,化工原料,辽宁,19980902,000881.SZ,20171113,15.14,15.14,14.7,14.73,15.09,-0.36,-2.39,57408.79,85073.943,1.8643,2.2857,1.56,49.8502,28.5478,2.9809,5.1439,2.6231,0.0,0.2037,105559.7987,30793.3977,25116.1195,1554895.8349,453586.7481,,,4.897
000881,中广核技,化工原料,辽宁,19980902,000881.SZ,20171110,15.16,15.28,15.05,15.09,15.32,-0.23,-1.5,39480.06,59654.022,1.2821,1.5719,1.02,51.0686,29.2455,3.0537,5.2697,2.6872,0.0,0.1988,105559.7987,30793.3977,25116.1195,1592897.3624,464672.3713,,,4.897
000881,中广核技,化工原料,辽宁,19980902,000881.SZ,20171109,15.24,15.65,15.09,15.32,15.08,0.24,1.59,43327.77,66693.105,1.407,1.7251,1.07,51.8469,29.6912,3.1003,5.35,2.7282,0.0,0.1958,105559.7987,30793.3977,25116.1195,1617176.1161,471754.8528,,,4.897
000881,中广核技,化工原料,辽宁,19980902,000881.SZ,20171108,14.86,15.19,14.85,15.08,15.01,0.07,0.47,31885.47,47961.318,1.0355,1.2695,0.77,51.0347,29.2261,3.0517,5.2662,2.6854,0.0,0.1989,105559.7987,30793.3977,25116.1195,1591841.7644,464364.4373,,,4.897
000881,中广核技,化工原料,辽宁,19980902,000881.SZ,20171107,14.9,15.04,14.78,15.01,14.94,0.07,0.47,33182.63,49600.468,1.0776,1.3212,0.75,50.7978,29.0904,3.0375,5.2417,2.673,0.0,0.1999,105559.7987,30793.3977,25116.1195,1584452.5785,462208.8995,15.68,12.83,4.897
000881,中广核技,化工原料,辽宁,19980902,000881.SZ,20171106,14.89,15.16,14.69,14.94,14.89,0.05,0.34,36343.7,54278.944,1.1802,1.447,0.68,50.5609,28.9548,3.0234,5.2173,2.6605,0.0,0.2008,105559.7987,30793.3977,25116.1195,1577063.3926,460053.3616,,,4.897
000881,中广核技,化工原料,辽宁,19980902,000881.SZ,20171103,15.48,15.55,14.85,14.89,15.45,-0.56,-3.62,48608.81,73481.098,1.5785,1.9354,0.84,50.3917,28.8579,3.0133,5.1998,2.6516,0.0,0.2015,105559.7987,30793.3977,25116.1195,1571785.4026,458513.6918,,,4.897
000881,中广核技,化工原料,辽宁,19980902,000881.SZ,20171102,15.94,16.03,15.35,15.45,15.94,-0.49,-3.07,53379.91,83534.427,1.7335,2.1253,0.82,52.2869,29.9432,3.1266,5.3954,2.7513,0.0,0.1942,105559.7987,30793.3977,25116.1195,1630898.8899,475757.9945,,,4.897
000881,中广核技,化工原料,辽宁,19980902,000881.SZ,20171101,16.0,16.22,15.87,15.94,16.07,-0.13,-0.81,36093.36,57916.408,1.1721,1.4371,0.56,53.9452,30.8928,3.2257,5.5665,2.8386,0.0,0.1882,105559.7987,30793.3977,25116.1195,1682623.1913,490846.7593,,,4.897
000881,中广核技,化工原料,辽宁,19980902,000881.SZ,20171031,16.27,16.28,15.87,16.07,16.18,-0.11,-0.68,46846.13,75012.401,1.5213,1.8652,0.71,54.3851,31.1448,3.2521,5.6119,2.8617,0.0,0.1867,105559.7987,30793.3977,25116.1195,1696345.9651,494849.901,,,4.897
000881,中广核技,化工原料,辽宁,19980902,000881.SZ,20171030,17.2,17.2,16.0,16.18,17.36,-1.18,-6.8,81322.67,134383.765,2.6409,3.2379,1.3,54.7574,31.358,3.2743,5.6503,2.8813,0.0,0.1854,105559.7987,30793.3977,25116.1195,1707957.543,498237.1748,,,4.897
000881,中广核技,化工原料,辽宁,19980902,000881.SZ,20171027,17.29,17.5,17.16,17.36,17.34,0.02,0.12,70228.57,121861.52,2.2806,2.7962,1.1,58.7508,40.1828,3.5738,6.0624,3.7987,0.0,0.1728,105559.7987,30793.3977,25116.1195,1832518.1054,534573.3841,,,4.897
000881,中广核技,化工原料,辽宁,19980902,000881.SZ,20171026,16.99,17.73,16.75,17.34,16.96,0.38,2.24,89298.6,153632.526,2.8999,3.5554,1.33,58.6831,40.1365,3.5697,6.0554,3.7943,0.0,0.173,105559.7987,30793.3977,25116.1195,1830406.9095,533957.5161,,,4.897
000881,中广核技,化工原料,辽宁,19980902,000881.SZ,20171025,16.75,17.05,16.75,16.96,16.95,0.01,0.06,33548.49,56806.673,1.0895,1.3357,0.3,57.3971,39.2569,3.4915,5.9227,3.7112,0.0,0.1769,105559.7987,30793.3977,25116.1195,1790294.186,522256.025,,,4.897
000881,中广核技,化工原料,辽宁,19980902,000881.SZ,20171024,17.25,17.25,16.7,16.95,17.26,-0.31,-1.8,55423.51,93614.095,1.7999,2.2067,0.45,57.3633,39.2338,3.4894,5.9192,3.709,0.0,0.177,105559.7987,30793.3977,25116.1195,1789238.588,521948.091,,,4.897
000881,中广核技,化工原料,辽宁,19980902,000881.SZ,20171023,17.06,17.35,17.03,17.26,17.03,0.23,1.35,63177.77,108498.42,2.0517,2.5154,0.53,58.4124,39.9514,3.5533,6.0274,3.7768,0.0,0.1738,105559.7987,30793.3977,25116.1195,1821962.1256,531494.0443,,,4.897
000881,中广核技,化工原料,辽宁,19980902,000881.SZ,20171020,17.05,17.18,16.79,17.03,17.19,-0.16,-0.93,77045.62,130705.771,2.502,3.0676,0.67,57.634,39.419,3.5059,5.9471,3.7265,0.0,0.1762,105559.7987,30793.3977,25116.1195,1797683.3719,524411.5628,,,4.897
000881,中广核技,化工原料,辽宁,19980902,000881.SZ,20171019,17.52,17.6,17.03,17.19,17.62,-0.43,-2.44,105512.39,182158.934,3.4265,4.201,1.08,58.1755,39.7893,3.5388,6.003,3.7615,0.0,0.1745,105559.7987,30793.3977,25116.1195,1814572.9397,529338.5065,,,4.897
000881,中广核技,化工原料,辽宁,19980902,000881.SZ,20171018,18.1,18.67,17.5,17.62,18.03,-0.41,-2.27,267222.33,487427.262,8.6779,10.6395,5.64,59.6307,40.7846,3.6274,6.1532,3.8556,0.0,0.1703,105559.7987,30793.3977,25116.1195,1859963.6531,542579.6675,,,4.897
000881,中广核技,化工原料,辽宁,19980902,000881.SZ,20171017,16.54,18.03,16.4,18.03,16.39,1.64,10.01,102779.13,182921.213,3.3377,4.0922,3.25,61.0183,41.7337,3.7118,6.2963,3.9453,0.0,0.1664,105559.7987,30793.3977,25116.1195,1903243.1706,555204.9605,,,4.897
000881,中广核技,化工原料,辽宁,19980902,000881.SZ,20171016,16.52,16.56,16.32,16.39,16.67,-0.28,-1.68,44762.64,73530.01,1.4536,1.7822,1.53,55.4681,37.9376,3.3741,5.7236,3.5865,0.0,0.183,105559.7987,30793.3977,25116.1195,1730125.1007,504703.7883,,,4.897
000881,中广核技,化工原料,辽宁,19980902,000881.SZ,20171013,16.39,16.75,16.23,16.67,16.29,0.38,2.33,53079.41,87925.543,1.7237,2.1134,2.39,56.4157,38.5857,3.4318,5.8214,3.6477,0.0,0.18,105559.7987,30793.3977,25116.1195,1759681.8443,513325.9397,,,4.897
000881,中广核技,化工原料,辽宁,19980902,000881.SZ,20171012,16.45,16.5,16.22,16.29,16.52,-0.23,-1.39,18429.0,30146.724,0.5985,0.7338,0.8,55.1297,37.7061,3.3536,5.6887,3.5646,0.0,0.1842,105559.7987,30793.3977,25116.1195,1719569.1208,501624.4485,,,4.897
000881,中广核技,化工原料,辽宁,19980902,000881.SZ,20171011,16.58,16.6,16.4,16.52,16.56,-0.04,-0.24,17700.17,29198.349,0.5748,0.7047,0.73,55.908,38.2385,3.4009,5.769,3.6149,0.0,0.1816,105559.7987,30793.3977,25116.1195,1743847.8745,508706.93,,,4.897
000881,中广核技,化工原料,辽宁,19980902,000881.SZ,20171010,16.53,16.6,16.47,16.56,16.5,0.06,0.36,23910.78,39547.417,0.7765,0.952,1.04,56.0434,38.3311,3.4091,5.783,3.6237,0.0,0.1812,105559.7987,30793.3977,25116.1195,1748070.2665,509938.6659,,,4.897
000881,中广核技,化工原料,辽宁,19980902,000881.SZ,20171009,16.24,16.65,16.24,16.5,16.13,0.37,2.29,33252.85,54822.719,1.0799,1.324,1.56,55.8404,38.1922,3.3968,5.762,3.6105,0.0,0.1818,105559.7987,30793.3977,25116.1195,1741736.6786,508091.0621,19.38,15.86,4.897
000881,中广核技,化工原料,辽宁,19980902,000881.SZ,20170929,15.96,16.2,15.95,16.13,15.96,0.17,1.07,17690.33,28475.101,0.5745,0.7043,0.75,54.5882,37.3358,3.3206,5.6328,3.5296,0.0,0.186,105559.7987,30793.3977,25116.1195,1702679.553,496697.5049,,,4.897
000881,中广核技,化工原料,辽宁,19980902,000881.SZ,20170928,16.24,16.3,15.93,15.96,16.21,-0.25,-1.54,22176.35,35641.247,0.7202,0.883,0.93,54.0129,36.9423,3.2856,5.5735,3.4924,0.0,0.188,105559.7987,30793.3977,25116.1195,1684734.3873,491462.6273,,,4.897
000881,中广核技,化工原料,辽宁,19980902,000881.SZ,20170927,15.95,16.4,15.94,16.21,15.95,0.26,1.63,23586.74,38359.693,0.766,0.9391,0.97,54.8589,37.5209,3.3371,5.6608,3.5471,0.0,0.1851,105559.7987,30793.3977,25116.1195,1711124.3369,499160.9767,,,4.897
000881,中广核技,化工原料,辽宁,19980902,000881.SZ,20170926,15.81,15.97,15.8,15.95,15.83,0.12,0.76,18540.56,29471.968,0.6021,0.7382,0.75,53.979,36.9191,3.2836,5.57,3.4902,0.0,0.1881,105559.7987,30793.3977,25116.1195,1683678.7893,491154.6933,,,4.897
000881,中广核技,化工原料,辽宁,19980902,000881.SZ,20170925,16.12,16.16,15.78,15.83,16.11,-0.28,-1.74,24637.72,39113.674,0.8001,0.981,1.0,53.5729,36.6414,3.2589,5.5281,3.4639,0.0,0.1895,105559.7987,30793.3977,25116.1195,1671011.6134,487459.4856,,,4.897
000881,中广核技,化工原料,辽宁,19980902,000881.SZ,20170922,16.35,16.35,16.07,16.11,16.33,-0.22,-1.35,29214.67,47317.14,0.9487,1.1632,1.28,54.5205,37.2895,3.3165,5.6259,3.5252,0.0,0.1862,105559.7987,30793.3977,25116.1195,1700568.3571,496081.6369,,,4.897
000881,中广核技,化工原料,辽宁,19980902,000881.SZ,20170921,16.46,16.5,16.31,16.33,16.44,-0.11,-0.67,23462.0,38432.081,0.7619,0.9341,0.99,55.265,37.7987,3.3618,5.7027,3.5733,0.0,0.1837,105559.7987,30793.3977,25116.1195,1723791.5128,502856.1844,,,4.897
000881,中广核技,化工原料,辽宁,19980902,000881.SZ,20170920,16.5,16.56,16.35,16.44,16.51,-0.07,-0.42,25226.25,41481.953,0.8192,1.0044,1.14,55.6373,38.0533,3.3844,5.7411,3.5974,0.0,0.1825,105559.7987,30793.3977,25116.1195,1735403.0906,506243.4582,,,4.897
000881,中广核技,化工原料,辽宁,19980902,000881.SZ,20170919,16.64,16.72,16.44,16.51,16.61,-0.1,-0.6,21228.0,35229.865,0.6894,0.8452,0.87,55.8742,38.2153,3.3989,5.7655,3.6127,0.0,0.1817,105559.7987,30793.3977,25116.1195,1742792.2765,508398.996,,,4.897
000881,中广核技,化工原料,辽宁,19980902,000881.SZ,20170918,16.45,16.62,16.33,16.61,16.44,0.17,1.03,23679.08,39067.69,0.769,0.9428,0.92,56.2126,38.4468,3.4194,5.8005,3.6346,0.0,0.1806,105559.7987,30793.3977,25116.1195,1753348.2564,511478.3358,,,4.897
000881,中广核技,化工原料,辽宁,19980902,000881.SZ,20170915,16.5,16.54,16.42,16.44,16.5,-0.06,-0.36,20170.26,33215.356,0.655,0.8031,0.75,55.6373,38.0533,3.3844,5.7411,3.5974,0.0,0.1825,105559.7987,30793.3977,25116.1195,1735403.0906,506243.4582,,,4.897
000881,中广核技,化工原料,辽宁,19980902,000881.SZ,20170914,16.62,16.65,16.46,16.5,16.57,-0.07,-0.42,28123.76,46408.198,0.9133,1.1197,0.88,55.8404,38.1922,3.3968,5.762,3.6105,0.0,0.1818,105559.7987,30793.3977,25116.1195,1741736.6786,508091.0621,17.41,14.25,4.897
000881,中广核技,化工原料,辽宁,19980902,000881.SZ,20170913,16.58,16.64,16.49,16.57,16.46,0.11,0.67,17875.99,29596.868,0.5805,0.7117,0.53,56.0773,38.3542,3.4112,5.7865,3.6258,0.0,0.1811,105559.7987,30793.3977,25116.1195,1749125.8645,510246.5999,,,4.897
000881,中广核技,化工原料,辽宁,19980902,000881.SZ,20170912,16.67,16.69,16.46,16.46,16.61,-0.15,-0.9,31934.72,52846.656,1.0371,1.2715,0.98,55.705,38.0996,3.3886,5.7481,3.6018,0.0,0.1823,105559.7987,30793.3977,25116.1195,1737514.2866,506859.3261,,,4.897
000881,中广核技,化工原料,辽宁,19980902,000881.SZ,20170911,16.56,16.69,16.5,16.61,16.61,0.0,0.0,30926.98,51301.852,1.0043,1.2314,0.93,56.2126,38.4468,3.4194,5.8005,3.6346,0.0,0.1806,105559.7987,30793.3977,25116.1195,1753348.2564,511478.3358,,,4.897
000881,中广核技,化工原料,辽宁,19980902,000881.SZ,20170908,16.75,16.79,16.55,16.61,16.7,-0.09,-0.54,26113.42,43498.116,0.848,1.0397,0.68,56.2126,38.4468,3.4194,5.8005,3.6346,0.0,0.1806,105559.7987,30793.3977,25116.1195,1753348.2564,511478.3358,,,4.897
000881,中广核技,化工原料,辽宁,19980902,000881.SZ,20170907,17.03,17.04,16.65,16.7,17.02,-0.32,-1.88,52431.91,88117.755,1.7027,2.0876,1.6,56.5172,38.6551,3.438,5.8319,3.6543,0.0,0.1796,105559.7987,30793.3977,25116.1195,1762848.6383,514249.7416,,,4.897
000881,中广核技,化工原料,辽宁,19980902,000881.SZ,20170906,16.94,17.14,16.87,17.02,17.01,0.01,0.06,26374.83,44900.468,0.8565,1.0501,0.85,57.6002,39.3958,3.5038,5.9436,3.7243,0.0,0.1763,105559.7987,30793.3977,25116.1195,1796627.7739,524103.6289,,,4.897
000881,中广核技,化工原料,辽宁,19980902,000881.SZ,20170905,16.94,17.09,16.86,17.01,16.96,0.05,0.29,27340.06,46379.064,0.8879,1.0885,0.91,57.5663,39.3727,3.5018,5.9401,3.7221,0.0,0.1764,105559.7987,30793.3977,25116.1195,1795572.1759,523795.6949,,,4.897
000881,中广核技,化工原料,辽宁,19980902,000881.SZ,20170904,17.13,17.17,16.8,16.96,17.16,-0.2,-1.17,33302.28,56410.506,1.0815,1.3259,1.08,57.3971,39.2569,3.4915,5.9227,3.7112,0.0,0.1769,105559.7987,30793.3977,25116.1195,1790294.186,522256.025,,,4.897
000881,中广核技,化工原料,辽宁,19980902,000881.SZ,20170901,17.23,17.58,17.11,17.16,17.1,0.06,0.35,51858.47,89730.245,1.6841,2.0647,1.89,58.074,39.7199,3.5327,5.9925,3.755,0.0,0.1748,105559.7987,30793.3977,25116.1195,1811406.1457,528414.7045,,,4.897
000881,中广核技,化工原料,辽宁,19980902,000881.SZ,20170831,16.83,17.15,16.83,17.1,16.93,0.17,1.0,24879.58,42251.883,0.808,0.9906,0.91,57.8709,39.581,3.5203,5.9716,3.7418,0.0,0.1754,105559.7987,30793.3977,25116.1195,1805072.5578,526567.1007,,,4.897
000881,中广核技,化工原料,辽宁,19980902,000881.SZ,20170830,17.02,17.02,16.88,16.93,17.03,-0.1,-0.59,18327.04,31030.488,0.5952,0.7297,0.68,57.2956,39.1875,3.4853,5.9122,3.7046,0.0,0.1772,105559.7987,30793.3977,25116.1195,1787127.392,521332.2231,,,4.897
000881,中广核技,化工原料,辽宁,19980902,000881.SZ,20170829,17.08,17.15,16.96,17.03,17.03,0.0,0.0,22426.47,38276.769,0.7283,0.8929,0.75,57.634,39.419,3.5059,5.9471,3.7265,0.0,0.1762,105559.7987,30793.3977,25116.1195,1797683.3719,524411.5628,,,4.897
000881,中广核技,化工原料,辽宁,19980902,000881.SZ,20170828,17.14,17.14,16.98,17.03,17.0,0.03,0.18,36892.61,62855.716,1.1981,1.4689,1.14,57.634,39.419,3.5059,5.9471,3.7265,0.0,0.1762,105559.7987,30793.3977,25116.1195,1797683.3719,524411.5628,18.72,15.32,4.897
000881,中广核技,化工原料,辽宁,19980902,000881.SZ,20170825,16.95,17.08,16.93,17.0,16.96,0.04,0.24,34939.04,59390.837,1.1346,1.3911,0.97,57.5325,39.3495,3.4997,5.9367,3.7199,0.0,0.1765,105559.7987,30793.3977,25116.1195,1794516.5779,523487.7609,,,4.897
000881,中广核技,化工原料,辽宁,19980902,000881.SZ,20170824,16.94,17.16,16.94,16.96,17.05,-0.09,-0.53,24424.39,41607.785,0.7932,0.9725,0.56,57.3971,39.2569,3.4915,5.9227,3.7112,0.0,0.1769,105559.7987,30793.3977,25116.1195,1790294.186,522256.025,,,4.897
000881,中广核技,化工原料,辽宁,19980902,000881.SZ,20170823,17.08,17.23,17.02,17.05,17.14,-0.09,-0.53,15537.41,26566.936,0.5046,0.6186,0.35,57.7017,39.4653,3.51,5.9541,3.7309,0.0,0.176,105559.7987,30793.3977,25116.1195,1799794.5678,525027.4308,18.88,15.44,4.897
000881,中广核技,化工原料,辽宁,19980902,000881.SZ,20170822,17.34,17.4,17.0,17.14,17.41,-0.27,-1.55,38008.5,65046.661,1.2343,1.5133,0.91,58.0063,39.6736,3.5285,5.9855,3.7506,0.0,0.175,105559.7987,30793.3977,25116.1195,1809294.9497,527798.8366,,,4.897
000881,中广核技,化工原料,辽宁,19980902,000881.SZ,20170821,17.77,17.8,17.21,17.41,17.66,-0.25,-1.42,49338.85,85985.589,1.6023,1.9644,1.37,58.92,40.2986,3.5841,6.0798,3.8097,0.0,0.1723,105559.7987,30793.3977,25116.1195,1837796.0954,536113.054,,,4.897
000881,中广核技,化工原料,辽宁,19980902,000881.SZ,20170818,17.22,17.66,17.01,17.66,17.27,0.39,2.26,53209.59,92202.413,1.7278,2.1183,1.8,59.7661,53.3116,3.6383,6.1671,5.0805,0.0,0.1699,105559.7987,30796.4083,25119.1301,1864186.045,543864.5706,,,4.897
000881,中广核技,化工原料,辽宁,19980902,000881.SZ,20170817,16.87,17.39,16.81,17.27,16.83,0.44,2.61,60152.86,103644.181,1.9532,2.3947,2.69,58.4462,52.1342,3.5579,6.0309,4.9683,0.0,0.1737,105559.7987,30796.4083,25119.1301,1823017.7235,531853.9713,,,4.897
000881,中广核技,化工原料,辽宁,19980902,000881.SZ,20170816,16.75,16.95,16.72,16.83,16.75,0.08,0.48,22320.41,37490.774,0.7248,0.8886,1.05,56.9572,50.806,3.4673,5.8773,4.8417,0.0,0.1783,105559.7987,30796.4083,25119.1301,1776571.4121,518303.5517,,,4.897
000881,中广核技,化工原料,辽宁,19980902,000881.SZ,20170815,16.45,16.85,16.45,16.75,16.55,0.2,1.21,24431.61,40909.379,0.7933,0.9726,1.18,56.6864,50.5645,3.4508,5.8493,4.8187,0.0,0.1791,105559.7987,30796.4083,25119.1301,1768126.6282,515839.839,,,4.897
000881,中广核技,化工原料,辽宁,19980902,000881.SZ,20170814,16.28,16.63,16.25,16.55,16.31,0.24,1.47,20176.69,33295.761,0.6552,0.8032,0.87,56.0096,49.9607,3.4096,5.7795,4.7611,0.0,0.1813,105559.7987,30796.4083,25119.1301,1747014.6685,509680.5574,,,4.897
000881,中广核技,化工原料,辽宁,19980902,000881.SZ,20170811,16.29,16.49,16.29,16.31,16.5,-0.19,-1.15,20647.0,33791.711,0.6704,0.822,0.83,55.1974,49.2362,3.3602,5.6957,4.6921,0.0,0.1839,105559.7987,30796.4083,25119.1301,1721680.3168,502289.4194,,,4.897
000881,中广核技,化工原料,辽宁,19980902,000881.SZ,20170810,16.7,16.84,16.3,16.5,16.76,-0.26,-1.55,24235.1,40168.914,0.7869,0.9648,0.91,55.8404,49.8098,3.3993,5.762,4.7468,0.0,0.1818,105559.7987,30796.4083,25119.1301,1741736.6786,508140.737,,,4.897
000881,中广核技,化工原料,辽宁,19980902,000881.SZ,20170809,16.93,16.96,16.67,16.76,16.8,-0.04,-0.24,17112.5,28759.47,0.5557,0.6813,0.58,56.7203,50.5947,3.4529,5.8528,4.8216,0.0,0.179,105559.7987,30796.4083,25119.1301,1769182.2262,516147.8031,,,4.897
000881,中广核技,化工原料,辽宁,19980902,000881.SZ,20170808,17.01,17.01,16.67,16.8,16.88,-0.08,-0.47,21755.31,36530.276,0.7064,0.8661,0.7,56.8556,50.7154,3.4611,5.8668,4.8331,0.0,0.1786,105559.7987,30796.4083,25119.1301,1773404.6182,517379.6594,,,4.897
000881,中广核技,化工原料,辽宁,19980902,000881.SZ,20170807,16.84,17.18,16.7,16.88,16.53,0.35,2.12,32696.43,55344.426,1.0617,1.3017,1.13,57.1264,50.9569,3.4776,5.8947,4.8561,0.0,0.1777,105559.7987,30796.4083,25119.1301,1781849.4021,519843.3721,,,4.897
000881,中广核技,化工原料,辽宁,19980902,000881.SZ,20170804,16.65,16.73,16.45,16.53,16.59,-0.06,-0.36,28256.8,46785.353,0.9175,1.1249,1.0,55.9419,49.9004,3.4055,5.7725,4.7554,0.0,0.1815,105559.7987,30796.4083,25119.1301,1744903.4725,509064.6292,,,4.897
000881,中广核技,化工原料,辽宁,19980902,000881.SZ,20170803,16.82,16.94,16.53,16.59,16.83,-0.24,-1.43,33796.64,56550.896,1.0974,1.3455,1.15,56.1449,50.0815,3.4178,5.7935,4.7727,0.0,0.1808,105559.7987,30796.4083,25119.1301,1751237.0604,510912.4137,,,4.897
000881,中广核技,化工原料,辽宁,19980902,000881.SZ,20170802,16.93,17.07,16.6,16.83,16.93,-0.1,-0.59,31791.51,53345.892,1.0323,1.2656,0.97,56.9572,50.806,3.4673,5.8773,4.8417,0.0,0.1783,105559.7987,30796.4083,25119.1301,1776571.4121,518303.5517,,,4.897
000881,中广核技,化工原料,辽宁,19980902,000881.SZ,20170801,17.2,17.2,16.92,16.93,17.04,-0.11,-0.65,29934.66,50894.553,0.972,1.1917,0.69,57.2956,51.1079,3.4879,5.9122,4.8705,0.0,0.1772,105559.7987,30796.4083,25119.1301,1787127.392,521383.1925,,,4.897
000881,中广核技,化工原料,辽宁,19980902,000881.SZ,20170731,17.04,17.21,17.01,17.04,17.04,0.0,0.0,20367.01,34800.932,0.6613,0.8108,0.43,57.6679,51.4399,3.5106,5.9506,4.9021,0.0,0.1761,105559.7987,30796.4083,25119.1301,1798738.9698,524770.7974,,,4.897
000881,中广核技,化工原料,辽宁,19980902,000881.SZ,20170728,17.26,17.26,17.02,17.04,17.28,-0.24,-1.39,25430.42,43566.431,0.8258,1.0124,0.55,57.6679,51.4399,3.5106,5.9506,4.9021,0.0,0.1761,105559.7987,30796.4083,25119.1301,1798738.9698,524770.7974,,,4.897
000881,中广核技,化工原料,辽宁,19980902,000881.SZ,20170727,17.23,17.38,17.09,17.28,17.36,-0.08,-0.46,39118.09,67368.235,1.2702,1.5573,0.9,58.4801,52.1644,3.56,6.0344,4.9712,0.0,0.1736,105559.7987,30796.4083,25119.1301,1824073.3215,532161.9354,,,4.897
000881,中广核技,化工原料,辽宁,19980902,000881.SZ,20170726,17.25,17.84,17.03,17.36,17.52,-0.16,-0.91,48357.77,83752.667,1.5702,1.9251,1.27,58.7508,52.4059,3.5765,6.0624,4.9942,0.0,0.1728,105559.7987,30796.4083,25119.1301,1832518.1054,534625.6481,,,4.897
000881,中广核技,化工原料,辽宁,19980902,000881.SZ,20170725,16.68,18.43,16.31,17.52,16.75,0.77,4.6,82336.14,142278.863,2.6736,3.2778,2.89,59.2923,52.8889,3.6094,6.1182,5.0402,0.0,0.1712,105559.7987,30796.4083,25119.1301,1849407.6732,539553.0734,,,4.897
000881,中广核技,化工原料,辽宁,19980902,000881.SZ,20170724,17.01,17.23,16.57,16.75,17.23,-0.48,-2.79,43128.1,73015.627,1.4004,1.7169,1.36,56.6864,50.5645,3.4508,5.8493,4.8187,0.0,0.1791,105559.7987,30796.4083,25119.1301,1768126.6282,515839.839,,,4.897
000881,中广核技,化工原料,辽宁,19980902,000881.SZ,20170721,17.49,17.49,17.12,17.23,17.5,-0.27,-1.54,19386.02,33432.245,0.6295,0.7718,0.53,58.3109,52.0135,3.5497,6.017,4.9568,0.0,0.1741,105559.7987,30796.4083,25119.1301,1818795.3316,530622.115,,,4.897
000881,中广核技,化工原料,辽宁,19980902,000881.SZ,20170720,17.18,17.58,17.18,17.5,17.2,0.3,1.74,23313.8,40651.653,0.757,0.9281,0.48,59.2246,52.8286,3.6053,6.1113,5.0344,0.0,0.1714,105559.7987,30796.4083,25119.1301,1847296.4773,538937.1453,,,4.897
000881,中广核技,化工原料,辽宁,19980902,000881.SZ,20170719,17.01,17.26,16.96,17.2,17.11,0.09,0.53,22086.35,37749.239,0.7172,0.8793,0.46,58.2093,51.9229,3.5435,6.0065,4.9481,0.0,0.1744,105559.7987,30796.4083,25119.1301,1815628.5376,529698.2228,,,4.897
000881,中广核技,化工原料,辽宁,19980902,000881.SZ,20170718,17.19,17.34,16.71,17.11,17.18,-0.07,-0.41,34698.0,59110.248,1.1267,1.3813,0.77,57.9048,51.6512,3.525,5.9751,4.9222,0.0,0.1753,105559.7987,30796.4083,25119.1301,1806128.1558,526926.546,,,4.897
000881,中广核技,化工原料,辽宁,19980902,000881.SZ,20170717,18.73,18.78,17.14,17.18,19.04,-1.86,-9.77,59005.52,105338.439,1.916,2.349,1.57,58.1417,51.8626,3.5394,5.9995,4.9424,0.0,0.1746,105559.7987,30796.4083,25119.1301,1813517.3417,529082.2946,,,4.897
000881,中广核技,化工原料,辽宁,19980902,000881.SZ,20170714,19.14,19.24,18.64,19.04,18.98,0.06,0.32,44131.96,83647.784,1.433,1.7569,1.3,64.4364,57.4775,3.9226,6.6491,5.4775,0.0,0.1576,105559.7987,30796.4083,25119.1301,2009858.5672,586363.614,,,4.897
000881,中广核技,化工原料,辽宁,19980902,000881.SZ,20170713,19.46,19.46,18.86,18.98,18.43,0.55,2.98,82320.79,157404.605,2.6731,3.2772,3.75,64.2333,57.2964,3.9102,6.6281,5.4602,0.0,0.1581,105559.7987,30796.4083,25119.1301,2003524.9793,584515.8295,,,4.897
000881,中广核技,化工原料,辽宁,19980902,000881.SZ,20170712,18.62,18.65,18.16,18.43,18.62,-0.19,-1.02,19732.09,36222.115,0.6407,0.7855,0.87,62.372,55.636,3.7969,6.436,5.302,0.0,0.1628,105559.7987,30796.4083,25119.1301,1945467.09,567577.805,,,4.897
000881,中广核技,化工原料,辽宁,19980902,000881.SZ,20170711,18.95,18.99,18.61,18.62,18.99,-0.37,-1.95,21337.0,39996.838,0.6928,0.8494,0.95,63.015,56.2096,3.8361,6.5024,5.3566,0.0,0.1611,105559.7987,30796.4083,25119.1301,1965523.4518,573429.1225,,,4.897
000881,中广核技,化工原料,辽宁,19980902,000881.SZ,20170710,19.28,19.28,18.97,18.99,19.14,-0.15,-0.78,20692.25,39482.304,0.6719,0.8238,0.93,64.2672,57.3265,3.9123,6.6316,5.4631,0.0,0.158,105559.7987,30796.4083,25119.1301,2004580.5773,584823.7936,,,4.897
000881,中广核技,化工原料,辽宁,19980902,000881.SZ,20170707,18.9,19.15,18.76,19.14,18.9,0.24,1.27,26121.26,49352.989,0.8482,1.0399,1.32,64.7748,57.7794,3.9432,6.684,5.5062,0.0,0.1567,105559.7987,30796.4083,25119.1301,2020414.5471,589443.2549,,,4.897
000881,中广核技,化工原料,辽宁,19980902,000881.SZ,20170706,19.08,19.15,18.86,18.9,19.01,-0.11,-0.58,21819.22,41272.717,0.7085,0.8686,1.16,63.9626,57.0548,3.8938,6.6002,5.4372,0.0,0.1587,105559.7987,30796.4083,25119.1301,1995080.1954,582052.1169,,,4.897
000881,中广核技,化工原料,辽宁,19980902,000881.SZ,20170705,19.01,19.3,18.8,19.01,19.09,-0.08,-0.42,23071.22,44003.52,0.7492,0.9185,1.37,64.3349,57.3869,3.9164,6.6386,5.4688,0.0,0.1578,105559.7987,30796.4083,25119.1301,2006691.7733,585439.7218,,,4.897
000881,中广核技,化工原料,辽宁,19980902,000881.SZ,20170704,19.25,19.25,19.0,19.09,19.19,-0.1,-0.52,20814.95,39745.736,0.6759,0.8286,1.23,64.6056,57.6284,3.9329,6.6665,5.4919,0.0,0.1572,105559.7987,30796.4083,25119.1301,2015136.5572,587903.4344,,,4.897
000881,中广核技,化工原料,辽宁,19980902,000881.SZ,20170703,19.38,19.38,19.05,19.19,19.05,0.14,0.73,19681.67,37770.313,0.6391,0.7835,1.13,64.944,57.9303,3.9535,6.7014,5.5206,0.0,0.1563,105559.7987,30796.4083,25119.1301,2025692.5371,590983.0753,,,4.897
000881,中广核技,化工原料,辽宁,19980902,000881.SZ,20170630,18.71,19.08,18.71,19.05,18.8,0.25,1.33,13747.58,25946.536,0.4464,0.5473,0.68,64.4702,57.5077,3.9247,6.6525,5.4804,0.0,0.1575,105559.7987,30796.4083,25119.1301,2010914.1652,586671.5781,,,4.897
000881,中广核技,化工原料,辽宁,19980902,000881.SZ,20170629,18.83,18.94,18.75,18.8,18.83,-0.03,-0.16,16338.0,30768.655,0.5305,0.6504,0.75,63.6242,56.753,3.8731,6.5652,5.4084,0.0,0.1596,105559.7987,30796.4083,25119.1301,1984524.2156,578972.476,,,4.897
000881,中广核技,化工原料,辽宁,19980902,000881.SZ,20170628,19.05,19.15,18.77,18.83,19.05,-0.22,-1.15,13817.0,26182.409,0.4487,0.5501,0.55,63.7257,56.8435,3.8793,6.5757,5.4171,0.0,0.1593,105559.7987,30796.4083,25119.1301,1987691.0095,579896.3683,,,4.897
000881,中广核技,化工原料,辽宁,19980902,000881.SZ,20170627,18.86,19.16,18.79,19.05,18.87,0.18,0.95,21239.37,40403.535,0.6897,0.8455,0.77,64.4702,57.5077,3.9247,6.6525,5.4804,0.0,0.1575,105559.7987,30796.4083,25119.1301,2010914.1652,586671.5781,20.79,17.01,4.897
000881,中广核技,化工原料,辽宁,19980902,000881.SZ,20170626,18.75,18.9,18.51,18.87,18.66,0.21,1.13,22032.36,41269.433,0.7154,0.8771,0.79,63.8611,56.9643,3.8876,6.5897,5.4286,0.0,0.159,105559.7987,30796.4083,25119.1301,1991913.4015,581128.2246,,,4.897
000881,中广核技,化工原料,辽宁,19980902,000881.SZ,20170623,18.8,18.93,18.4,18.66,18.85,-0.19,-1.01,28142.11,52383.006,0.9138,1.1203,1.11,63.1504,56.3303,3.8443,6.5163,5.3682,0.0,0.1608,105559.7987,30796.4083,25119.1301,1969745.8437,574660.9789,,,4.897
000881,中广核技,化工原料,辽宁,19980902,000881.SZ,20170622,19.22,19.38,18.8,18.85,19.14,-0.29,-1.52,23512.34,44950.077,0.7635,0.936,0.93,63.7934,56.9039,3.8835,6.5827,5.4228,0.0,0.1592,105559.7987,30796.4083,25119.1301,1989802.2055,580512.2965,,,4.897
000881,中广核技,化工原料,辽宁,19980902,000881.SZ,20170621,19.56,19.59,19.06,19.14,19.51,-0.37,-1.9,30333.03,58320.216,0.985,1.2076,1.28,64.7748,57.7794,3.9432,6.684,5.5062,0.0,0.1567,105559.7987,30796.4083,25119.1301,2020414.5471,589443.2549,,,4.897
000881,中广核技,化工原料,辽宁,19980902,000881.SZ,20170620,19.65,19.7,19.43,19.51,19.63,-0.12,-0.61,33226.11,65060.024,1.0789,1.3227,1.32,66.027,58.8963,4.0194,6.8132,5.6127,0.0,0.1538,105559.7987,30796.4083,25119.1301,2059471.6726,600837.9259,,,4.897
000881,中广核技,化工原料,辽宁,19980902,000881.SZ,20170619,19.79,19.79,19.51,19.63,19.66,-0.03,-0.15,24646.89,48322.254,0.8003,0.9812,0.73,66.4331,59.2586,4.0441,6.8551,5.6472,0.0,0.1528,105559.7987,30796.4083,25119.1301,2072138.8485,604533.4949,,,4.897
000881,中广核技,化工原料,辽宁,19980902,000881.SZ,20170616,19.74,19.83,19.66,19.66,19.82,-0.16,-0.81,15487.06,30524.525,0.5029,0.6165,0.34,66.5346,59.3491,4.0503,6.8656,5.6558,0.0,0.1526,105559.7987,30796.4083,25119.1301,2075305.6424,605457.3872,,,4.897
000881,中广核技,化工原料,辽宁,19980902,000881.SZ,20170615,19.63,19.89,19.63,19.82,19.74,0.08,0.41,22760.66,45025.131,0.7391,0.9061,0.5,67.0761,59.8321,4.0833,6.9214,5.7019,0.0,0.1514,105559.7987,30796.4083,25119.1301,2092195.2102,610384.8125,20.76,16.98,4.897
000881,中广核技,化工原料,辽宁,19980902,000881.SZ,20170614,19.96,19.97,19.61,19.77,19.97,-0.2,-1.0,22726.67,44900.405,0.738,0.9048,0.46,66.9069,59.6812,4.048,6.904,5.6875,0.0,,105559.7987,30796.4083,25119.1301,2086917.2203,608844.9921,,,4.897
000881,中广核技,化工原料,辽宁,19980902,000881.SZ,20170613,19.7,20.05,19.41,19.97,19.93,0.04,0.2,39831.79,78626.213,1.2934,1.5857,0.86,67.5838,60.2849,4.0889,6.9738,5.745,0.0,,105559.7987,30796.4083,25119.1301,2108029.18,615004.2738,,,4.897
000881,中广核技,化工原料,辽宁,19980902,000881.SZ,20170612,20.49,20.61,19.9,19.93,20.3,-0.37,-1.82,69061.65,139658.532,2.2425,2.7494,1.88,67.4484,60.1642,4.0807,6.9599,5.7335,0.0,,105559.7987,30796.4083,25119.1301,2103806.7881,613772.4174,,,4.897
000881,中广核技,化工原料,辽宁,19980902,000881.SZ,20170609,19.72,20.4,19.58,20.3,19.54,0.76,3.89,71378.95,142377.096,2.3178,2.8416,2.46,68.7006,61.2811,4.1565,7.0891,5.84,0.0,,105559.7987,30796.4083,25119.1301,2142863.9136,625167.0885,21.46,17.56,4.897
000881,中广核技,化工原料,辽宁,19980902,000881.SZ,20170608,19.77,19.83,19.42,19.54,19.71,-0.17,-0.86,26260.85,51602.785,0.8527,1.0455,0.87,66.1285,58.9869,4.0009,6.8237,5.6213,0.0,,105559.7987,30796.4083,25119.1301,2062638.4666,601761.8182,,,4.897
000881,中广核技,化工原料,辽宁,19980902,000881.SZ,20170607,19.55,19.79,19.28,19.71,19.4,0.31,1.6,39327.92,77065.885,1.277,1.5657,1.18,66.7039,59.5001,4.0357,6.883,5.6702,0.0,,105559.7987,30796.4083,25119.1301,2080583.6324,606997.2076,,,4.897
000881,中广核技,化工原料,辽宁,19980902,000881.SZ,20170606,19.74,19.74,19.19,19.4,19.66,-0.26,-1.32,25677.54,49786.416,0.8338,1.0222,0.54,65.6547,58.5642,3.9722,6.7748,5.581,0.0,,105559.7987,30796.4083,25119.1301,2047860.0948,597450.321,,,4.897
000881,中广核技,化工原料,辽宁,19980902,000881.SZ,20170605,19.79,19.81,19.51,19.66,19.66,0.0,0.0,21391.56,42050.532,0.6946,0.8516,0.43,66.5346,59.3491,4.0254,6.8656,5.6558,0.0,,105559.7987,30796.4083,25119.1301,2075305.6424,605457.3872,,,4.897
000881,中广核技,化工原料,辽宁,19980902,000881.SZ,20170602,19.37,19.77,19.11,19.66,19.38,0.28,1.44,32276.98,62869.327,1.0481,1.285,0.66,66.5346,59.3491,4.0254,6.8656,5.6558,0.0,,105559.7987,30796.4083,25119.1301,2075305.6424,605457.3872,,,4.889
000881,中广核技,化工原料,辽宁,19980902,000881.SZ,20170601,19.86,19.86,19.3,19.38,19.88,-0.5,-2.52,32616.56,63750.13,1.0591,1.2985,0.64,65.587,58.5039,3.9681,6.7678,5.5753,0.0,,105559.7987,30796.4083,25119.1301,2045748.8988,596834.3929,,,4.889
000881,中广核技,化工原料,辽宁,19980902,000881.SZ,20170531,20.09,20.85,19.82,19.88,20.26,-0.38,-1.88,54550.77,110264.484,1.7713,2.1717,0.97,67.2792,60.0132,4.0705,6.9424,5.7191,0.0,,105559.7987,30796.4083,25119.1301,2098528.7982,612232.597,22.33,18.27,4.889
000881,中广核技,化工原料,辽宁,19980902,000881.SZ,20170526,19.6,21.13,19.6,20.26,19.21,1.05,5.47,95198.64,194964.874,3.0912,3.7899,2.32,68.5652,61.1604,4.1483,7.0751,5.8284,0.0,,105559.7987,30796.4083,25119.1301,2138641.5217,623935.2322,,,4.889
000881,中广核技,化工原料,辽宁,19980902,000881.SZ,20170525,18.71,19.49,18.71,19.21,18.71,0.5,2.67,33030.81,63358.842,1.0726,1.315,0.84,65.0117,57.9907,3.9333,6.7084,5.5264,0.0,,105559.7987,30796.4083,25119.1301,2027803.733,591599.0034,,,4.889
000881,中广核技,化工原料,辽宁,19980902,000881.SZ,20170524,18.6,18.8,18.1,18.71,18.79,-0.08,-0.43,27861.59,51343.747,0.9047,1.1092,0.67,63.3196,56.4813,3.8309,6.5338,5.3825,0.0,,105559.7987,30796.4083,25119.1301,1975023.8337,576200.7993,,,4.889
000881,中广核技,化工原料,辽宁,19980902,000881.SZ,20170523,19.7,19.78,18.68,18.79,19.7,-0.91,-4.62,44372.23,85213.885,1.4408,1.7665,1.15,63.5903,56.7228,3.8473,6.5617,5.4056,0.0,,105559.7987,30796.4083,25119.1301,1983468.6176,578664.512,21.63,17.69,4.889
000881,中广核技,化工原料,辽宁,19980902,000881.SZ,20170522,18.87,20.5,18.87,19.7,18.67,1.03,5.52,80637.32,159390.233,2.6184,3.2102,3.0,66.67,59.4699,4.0336,6.8795,5.6673,0.0,,105559.7987,30796.4083,25119.1301,2079528.0344,606689.2435,,,4.889
000881,中广核技,化工原料,辽宁,19980902,000881.SZ,20170519,18.88,18.99,18.48,18.67,18.88,-0.21,-1.11,19474.0,36441.176,0.6323,0.7753,0.71,63.1842,56.3605,3.8227,6.5198,5.371,0.0,,105559.7987,30796.4083,25119.1301,1970801.4417,574968.943,,,4.889
000881,中广核技,化工原料,辽宁,19980902,000881.SZ,20170518,19.03,19.26,18.85,18.88,19.2,-0.32,-1.67,24530.03,46647.226,0.7965,0.9765,0.84,63.8949,56.9945,3.8657,6.5932,5.4314,0.0,,105559.7987,30796.4083,25119.1301,1992968.9995,581436.1887,,,4.889
000881,中广核技,化工原料,辽宁,19980902,000881.SZ,20170517,19.1,19.85,19.09,19.2,19.17,0.03,0.16,37468.06,72886.404,1.2166,1.4916,1.2,64.9779,57.9605,3.9313,6.7049,5.5235,0.0,,105559.7987,30796.4083,25119.1301,2026748.135,591291.0394,,,4.889
000881,中广核技,化工原料,辽宁,19980902,000881.SZ,20170516,18.85,19.17,18.51,19.17,18.81,0.36,1.91,30603.7,58026.473,0.9937,1.2183,0.85,64.8764,57.8699,3.9251,6.6944,5.5149,0.0,,105559.7987,30796.4083,25119.1301,2023581.3411,590367.1471,,,4.889
000881,中广核技,化工原料,辽宁,19980902,000881.SZ,20170515,18.48,18.88,18.48,18.81,18.48,0.33,1.79,22110.0,41363.542,0.7179,0.8802,0.55,63.658,56.7832,3.8514,6.5687,5.4113,0.0,,105559.7987,30796.4083,25119.1301,1985579.8135,579280.4401,,,4.889
000881,中广核技,化工原料,辽宁,19980902,000881.SZ,20170512,18.4,18.79,18.29,18.48,18.39,0.09,0.49,21576.45,39928.838,0.7006,0.859,0.5,62.5412,55.787,3.7838,6.4535,5.3164,0.0,,105559.7987,30796.4083,25119.1301,1950745.08,569117.6254,,,4.889
000881,中广核技,化工原料,辽宁,19980902,000881.SZ,20170511,18.74,18.74,18.1,18.39,18.87,-0.48,-2.54,34674.91,63593.184,1.1259,1.3804,0.82,62.2366,55.5153,3.7654,6.4221,5.2905,0.0,,105559.7987,30796.4083,25119.1301,1941244.6981,566345.9486,,,4.889
000881,中广核技,化工原料,辽宁,19980902,000881.SZ,20170510,18.88,19.7,18.58,18.87,18.76,0.11,0.59,46793.72,89659.861,1.5195,1.8629,1.26,63.8611,56.9643,3.8637,6.5897,5.4286,0.0,,105559.7987,30796.4083,25119.1301,1991913.4015,581128.2246,,,4.889
000881,中广核技,化工原料,辽宁,19980902,000881.SZ,20170509,19.4,19.4,18.4,18.76,19.43,-0.67,-3.45,55503.67,104221.018,1.8023,2.2096,1.87,63.4888,56.6322,3.8412,6.5513,5.3969,0.0,,105559.7987,30796.4083,25119.1301,1980301.8236,577740.6197,,,4.889
000881,中广核技,化工原料,辽宁,19980902,000881.SZ,20170508,21.0,21.39,19.14,19.43,21.27,-1.84,-8.65,43031.0,88023.173,1.3973,1.7131,1.6,65.7563,58.6548,3.9784,6.7852,5.5897,0.0,,105559.7987,30796.4083,25119.1301,2051026.8887,598374.2133,,,4.889
000881,中广核技,化工原料,辽宁,19980902,000881.SZ,20170505,21.22,21.66,20.95,21.27,21.21,0.06,0.28,34281.48,73246.613,1.1132,1.3648,0.93,71.9833,64.2093,4.3551,7.4278,6.119,0.0,,105559.7987,30796.4083,25119.1301,2245256.9183,655039.6045,,,4.889
000881,中广核技,化工原料,辽宁,19980902,000881.SZ,20170504,21.08,21.48,20.48,21.21,21.09,0.12,0.57,31618.82,66640.264,1.0267,1.2588,0.76,71.7802,64.0282,4.3428,7.4068,6.1017,0.0,,105559.7987,30796.4083,25119.1301,2238923.3304,653191.82,,,4.889
000881,中广核技,化工原料,辽宁,19980902,000881.SZ,20170503,20.9,21.22,20.81,21.09,20.9,0.19,0.91,21454.26,45100.203,0.6966,0.8541,0.47,71.3741,63.666,4.3182,7.3649,6.0672,0.0,,105559.7987,30796.4083,25119.1301,2226256.1546,649496.251,,,4.889
000881,中广核技,化工原料,辽宁,19980902,000881.SZ,20170502,20.8,21.1,20.71,20.9,20.94,-0.04,-0.19,18209.32,38073.774,0.5913,0.7249,0.36,70.7311,63.0924,4.2793,7.2986,6.0126,0.0,,105559.7987,30796.4083,25119.1301,2206199.7928,643644.9335,,,4.889
000881,中广核技,化工原料,辽宁,19980902,000881.SZ,20170428,21.11,21.27,20.8,20.94,21.08,-0.14,-0.66,28498.91,59830.013,0.9254,1.1346,0.53,70.8665,63.2132,4.2875,7.3126,6.0241,0.0,,105559.7987,30796.4083,25119.1301,2210422.1848,644876.7898,,,4.889
000881,中广核技,化工原料,辽宁,19980902,000881.SZ,20170427,21.0,21.13,19.38,21.08,20.91,0.17,0.81,84975.13,171347.08,2.7593,3.3829,1.81,71.3403,71.3403,4.3484,7.3614,7.3614,0.0,,105559.7987,30796.4083,25119.1301,2225200.5566,649188.287,,,4.889
000881,中广核技,化工原料,辽宁,19980902,000881.SZ,20170426,21.83,21.9,20.53,20.91,21.84,-0.93,-4.26,55390.42,117108.26,1.7986,2.2051,1.11,70.765,70.765,4.3133,7.3021,7.3021,0.0,,105559.7987,30796.4083,25119.1301,2207255.3908,643952.8976,,,4.889
000881,中广核技,化工原料,辽宁,19980902,000881.SZ,20170425,21.72,22.23,21.64,21.84,21.75,0.09,0.41,40753.66,89096.103,1.3233,1.6224,0.65,73.9123,73.9123,4.5051,7.6269,7.6269,0.0,,105559.7987,30796.4083,25119.1301,2305426.0036,672593.5573,,,4.889
000881,中广核技,化工原料,辽宁,19980902,000881.SZ,20170424,22.62,22.95,21.5,21.75,22.6,-0.85,-3.76,46047.06,101378.504,1.4952,1.8331,0.61,73.6078,73.6078,4.4866,7.5954,7.5954,0.0,,105559.7987,30796.4083,25119.1301,2295925.6217,669821.8805,,,4.889
000881,中广核技,化工原料,辽宁,19980902,000881.SZ,20170421,23.1,23.46,22.53,22.6,23.06,-0.46,-1.99,40299.73,92329.464,1.3086,1.6043,0.48,76.4844,76.4844,4.6619,7.8923,7.8923,0.0,,105559.7987,30796.4083,25119.1301,2385651.4506,695998.8276,,,4.889
000881,中广核技,化工原料,辽宁,19980902,000881.SZ,20170420,23.93,24.07,22.98,23.06,24.0,-0.94,-3.92,52394.64,122940.655,1.7013,2.0858,0.65,78.0411,78.0411,4.7568,8.0529,8.0529,0.0,,105559.7987,30796.4083,25119.1301,2434208.958,710165.1754,,,4.889
000881,中广核技,化工原料,辽宁,19980902,000881.SZ,20170419,23.58,24.2,23.07,24.0,23.85,0.15,0.63,71000.59,166247.527,2.3055,2.8266,0.94,81.2223,81.2223,4.9507,8.3812,8.3812,0.0,,105559.7987,30796.4083,25119.1301,2533435.1688,739113.7992,,,4.889
000881,中广核技,化工原料,辽宁,19980902,000881.SZ,20170418,25.36,25.36,23.85,23.85,25.38,-1.53,-6.03,103227.31,252766.911,3.3519,4.1095,1.53,80.7147,80.7147,4.9198,8.3288,8.3288,0.0,,105559.7987,30796.4083,25119.1301,2517601.199,734494.338,,,4.889
000881,中广核技,化工原料,辽宁,19980902,000881.SZ,20170417,26.5,26.91,25.23,25.38,26.2,-0.82,-3.13,112863.06,291783.534,3.6648,4.4931,1.84,85.8926,85.8926,5.2354,8.8631,8.8631,0.0,,105559.7987,30796.4083,25119.1301,2679107.691,781612.8427,,,4.889
000881,中广核技,化工原料,辽宁,19980902,000881.SZ,20170414,26.71,27.36,26.2,26.2,25.78,0.42,1.63,81645.63,217882.883,2.6511,3.2503,1.41,88.6677,88.6677,5.4045,9.1494,9.1494,0.0,,105559.7987,30796.4083,25119.1301,2765666.7259,806865.8975,,,4.889
000881,中广核技,化工原料,辽宁,19980902,000881.SZ,20170413,25.88,26.25,25.74,25.78,25.93,-0.15,-0.58,31288.0,81181.732,1.016,1.2456,0.47,87.2463,87.2463,5.3179,9.0028,9.0028,0.0,,105559.7987,30796.4083,25119.1301,2721331.6105,793931.406,,,4.889
000881,中广核技,化工原料,辽宁,19980902,000881.SZ,20170412,26.39,26.48,25.82,25.93,26.8,-0.87,-3.25,47340.71,123508.339,1.5372,1.8846,0.59,87.754,87.754,5.3488,9.0551,9.0551,0.0,,105559.7987,30796.4083,25119.1301,2737165.5803,798550.8672,,,4.889
000881,中广核技,化工原料,辽宁,19980902,000881.SZ,20170411,26.99,27.2,26.08,26.8,27.2,-0.4,-1.47,64055.56,170503.339,2.08,2.5501,0.89,,37926.4522,3.6329,13.4708,13.8427,0.0,,105559.7987,30796.4083,25119.1301,2829002.6052,825343.7424,,,4.889
000881,中广核技,化工原料,辽宁,19980902,000881.SZ,20170410,26.67,27.4,26.37,27.2,26.66,0.54,2.03,82393.56,222870.525,2.6754,3.2801,1.3,,38492.5187,3.6871,13.6718,14.0493,0.0,,105559.7987,30796.4083,25119.1301,2871226.5246,837662.3058,,,4.889
000881,中广核技,化工原料,辽宁,19980902,000881.SZ,20170407,26.8,26.95,26.24,26.66,26.38,0.28,1.06,64410.72,171159.615,2.0915,2.5642,1.18,,37728.329,3.6139,13.4004,13.7704,0.0,,105559.7987,30796.4083,25119.1301,2814224.2333,821032.2453,,,4.889
000881,中广核技,化工原料,辽宁,19980902,000881.SZ,20170406,26.0,26.59,25.34,26.38,26.3,0.08,0.3,75977.79,197212.843,2.4671,3.0247,1.77,,37332.0825,3.5759,13.2596,13.6258,0.0,,105559.7987,30796.4083,25119.1301,2784667.4897,812409.251,,,4.889
000881,中广核技,化工原料,辽宁,19980902,000881.SZ,20170405,27.0,27.94,26.1,26.3,25.4,0.9,3.54,114774.66,309822.687,3.7269,4.5692,4.72,,37218.8692,3.5651,13.2194,13.5844,0.0,,105559.7987,30796.4083,25119.1301,2776222.7058,809945.5383,,,4.889
000881,中广核技,化工原料,辽宁,19980902,000881.SZ,20170331,25.3,25.54,25.22,25.4,25.37,0.03,0.12,20800.02,52723.023,0.6754,0.8281,0.78,,35945.2197,3.4431,12.7671,13.1196,0.0,,105559.7987,30796.4083,25119.1301,2681218.887,782228.7708,,,4.889
000881,中广核技,化工原料,辽宁,19980902,000881.SZ,20170330,26.01,26.01,25.17,25.37,25.95,-0.58,-2.24,40688.02,103368.156,1.3212,1.6198,1.67,,35902.7647,3.439,12.752,13.1041,0.0,,105559.7987,30796.4083,25119.1301,2678052.093,781304.8786,28.52,23.34,4.889
000881,中广核技,化工原料,辽宁,19980902,000881.SZ,20170329,25.86,26.36,25.86,25.95,25.89,0.06,0.23,19683.18,51343.069,0.6391,0.7836,0.72,,36723.561,3.5176,13.0435,13.4037,0.0,,105559.7987,30796.4083,25119.1301,2739276.7763,799166.7954,,,4.889
000881,中广核技,化工原料,辽宁,19980902,000881.SZ,20170328,25.98,25.99,25.65,25.89,25.98,-0.09,-0.35,18997.53,48926.0,0.6169,0.7563,0.63,,36638.6511,3.5095,13.0134,13.3727,0.0,,105559.7987,30796.4083,25119.1301,2732943.1883,797319.0109,,,4.889
000881,中广核技,化工原料,辽宁,19980902,000881.SZ,20170327,26.2,26.47,25.9,25.98,26.22,-0.24,-0.92,21454.52,55914.497,0.6967,0.8541,0.68,,36766.016,3.5217,13.0586,13.4192,0.0,,105559.7987,30796.4083,25119.1301,2742443.5702,800090.6876,,,4.889
000881,中广核技,化工原料,辽宁,19980902,000881.SZ,20170324,26.38,26.38,25.86,26.22,26.38,-0.16,-0.61,32944.96,85882.455,1.0698,1.3115,1.0,,37105.6559,3.5542,13.1792,13.5431,0.0,,105559.7987,30796.4083,25119.1301,2767777.9219,807481.8256,29.02,23.74,4.889
000881,中广核技,化工原料,辽宁,19980902,000881.SZ,20170323,25.97,26.56,25.81,26.38,25.99,0.39,1.5,28535.42,74652.156,0.9266,1.136,0.8,,37332.0825,3.5759,13.2596,13.6258,0.0,,105559.7987,30796.4083,25119.1301,2784667.4897,812409.251,,,4.889
000881,中广核技,化工原料,辽宁,19980902,000881.SZ,20170322,26.35,26.35,25.8,25.99,26.39,-0.4,-1.52,34729.51,90378.794,1.1277,1.3826,1.05,,36780.1677,3.5231,13.0636,13.4243,0.0,,105559.7987,30796.4083,25119.1301,2743499.1682,800398.6517,,,4.889
000881,中广核技,化工原料,辽宁,19980902,000881.SZ,20170321,26.8,27.0,26.2,26.39,26.92,-0.53,-1.97,32303.86,85504.241,1.0489,1.286,0.96,,37346.2341,3.5773,13.2647,13.6309,0.0,,105559.7987,30796.4083,25119.1301,2785723.0877,812717.215,,,4.889
000881,中广核技,化工原料,辽宁,19980902,000881.SZ,20170320,26.63,27.29,26.63,26.92,26.79,0.13,0.49,28113.6,76041.145,0.9129,1.1192,0.83,,38096.2722,3.6491,13.5311,13.9047,0.0,,105559.7987,30796.4083,25119.1301,2841669.781,829039.3114,,,4.889
000881,中广核技,化工原料,辽宁,19980902,000881.SZ,20170317,27.21,27.6,26.57,26.79,27.3,-0.51,-1.87,40975.43,111030.08,1.3305,1.6312,1.25,,37912.3006,3.6315,13.4657,13.8375,0.0,,105559.7987,30796.4083,25119.1301,2827947.0072,825035.7784,,,4.889
000881,中广核技,化工原料,辽宁,19980902,000881.SZ,20170316,26.57,27.46,26.57,27.3,26.64,0.66,2.48,42674.1,116208.045,1.3857,1.6989,1.4,,38634.0353,3.7006,13.7221,14.101,0.0,,105559.7987,30796.4083,25119.1301,2881782.5045,840741.9466,,,4.889
000881,中广核技,化工原料,辽宁,19980902,000881.SZ,20170315,26.65,26.8,26.5,26.64,26.53,0.11,0.41,21409.61,57004.008,0.6952,0.8523,0.57,,37700.0257,3.6112,13.3903,13.7601,0.0,,105559.7987,30796.4083,25119.1301,2812113.0374,820416.3171,,,4.889
000881,中广核技,化工原料,辽宁,19980902,000881.SZ,20170314,26.8,26.9,26.3,26.53,26.71,-0.18,-0.67,35646.86,94590.596,1.1575,1.4191,0.83,,37544.3574,3.5963,13.335,13.7032,0.0,,105559.7987,30796.4083,25119.1301,2800501.4595,817028.7122,,,4.889
000881,中广核技,化工原料,辽宁,19980902,000881.SZ,20170313,26.54,26.85,26.29,26.71,26.76,-0.05,-0.19,27829.65,74101.059,0.9037,1.1079,0.52,,37799.0873,3.6207,13.4255,13.7962,0.0,,105559.7987,30796.4083,25119.1301,2819502.2233,822572.0657,,,4.889
000881,中广核技,化工原料,辽宁,19980902,000881.SZ,20170310,26.78,26.94,26.37,26.76,26.8,-0.04,-0.15,36321.65,96748.142,1.1794,1.446,0.53,,37869.8456,3.6274,13.4506,13.822,0.0,,105559.7987,30796.4083,25119.1301,2824780.2132,824111.8861,,,4.889
000881,中广核技,化工原料,辽宁,19980902,000881.SZ,20170309,27.19,27.25,26.7,26.8,27.18,-0.38,-1.4,31074.37,83548.543,1.009,1.2371,0.25,,37926.4522,3.6329,13.4708,13.8427,0.0,,105559.7987,30796.4083,25119.1301,2829002.6052,825343.7424,,,4.889
000881,中广核技,化工原料,辽宁,19980902,000881.SZ,20170308,27.68,27.68,27.04,27.18,27.79,-0.61,-2.2,56157.68,153084.544,1.8235,2.2357,0.36,,38464.2154,3.6844,13.6618,14.039,0.0,,105559.7987,30796.4083,25119.1301,2869115.3287,837046.3776,,,4.889
000881,中广核技,化工原料,辽宁,19980902,000881.SZ,20170307,27.76,28.13,27.41,27.79,27.74,0.05,0.18,63449.81,175841.485,2.0603,2.526,0.39,,39327.4667,3.7671,13.9684,14.3541,0.0,,105559.7987,30796.4083,25119.1301,2933506.8059,855832.1867,,,4.889
000881,中广核技,化工原料,辽宁,19980902,000881.SZ,20170306,27.9,28.2,27.3,27.74,27.5,0.24,0.87,80435.83,223290.77,2.6119,3.2022,0.49,,39256.7084,3.7603,13.9432,14.3282,0.0,,105559.7987,30796.4083,25119.1301,2928228.8159,854292.3662,,,4.889
000881,中广核技,化工原料,辽宁,19980902,000881.SZ,20170303,28.05,28.25,27.19,27.5,28.36,-0.86,-3.03,110641.1,305226.019,3.5927,4.4047,0.71,,38917.0685,3.7278,13.8226,14.2043,0.0,,105559.7987,30796.4083,25119.1301,2902894.4643,846901.2283,,,4.889
000881,中广核技,化工原料,辽宁,19980902,000881.SZ,20170302,28.8,29.75,27.5,28.36,28.03,0.33,1.18,303793.82,871278.677,9.8646,12.0941,2.91,,40134.1114,3.8443,14.2549,14.6485,0.0,,105559.7987,30796.4083,25119.1301,2993675.8911,873386.1394,,,4.889
000881,中广核技,化工原料,辽宁,19980902,000881.SZ,20170301,25.21,28.03,25.2,28.03,25.48,2.55,10.01,231404.77,638900.89,7.514,9.2123,3.51,,39667.1066,3.7996,14.089,14.478,0.0,,105559.7987,30796.4083,25119.1301,2958841.1576,863223.3246,,,4.889
000881,中广核技,化工原料,辽宁,19980902,000881.SZ,20170228,26.59,26.59,25.19,25.48,26.28,-0.8,-3.04,81297.35,207547.207,2.6398,3.2365,1.47,,36058.4329,3.4539,12.8073,13.1609,0.0,,105559.7987,30796.4083,25119.1301,2689663.6709,784692.4835,,,4.889
000881,中广核技,化工原料,辽宁,19980902,000881.SZ,20170227,27.98,27.98,26.2,26.28,27.41,-1.13,-4.12,87631.63,238121.241,2.8455,3.4886,2.01,,37190.5658,3.5624,13.2094,13.5741,0.0,,105559.7987,30796.4083,25119.1301,2774111.5098,809329.6101,,,4.889
000881,中广核技,化工原料,辽宁,19980902,000881.SZ,20170224,26.48,27.73,26.4,27.41,26.5,0.91,3.43,72557.26,197412.843,2.356,2.8885,2.09,,38789.7036,3.7156,13.7774,14.1578,0.0,,105559.7987,30796.4083,25119.1301,2893394.0824,844129.5515,,,4.889
000881,中广核技,化工原料,辽宁,19980902,000881.SZ,20170223,26.19,26.72,25.77,26.5,26.01,0.49,1.88,49574.96,130237.36,1.6098,1.9736,1.64,,37501.9024,3.5922,13.32,13.6878,0.0,,105559.7987,30796.4083,25119.1301,2797334.6656,816104.82,,,4.889
000881,中广核技,化工原料,辽宁,19980902,000881.SZ,20170222,26.9,26.95,25.89,26.01,26.8,-0.79,-2.95,38706.83,101636.894,1.2569,1.5409,1.56,,36808.471,3.5258,13.0737,13.4347,0.0,,105559.7987,30796.4083,25119.1301,2745610.3642,801014.5799,,,4.889
000881,中广核技,化工原料,辽宁,19980902,000881.SZ,20170221,26.85,27.05,26.66,26.8,26.85,-0.05,-0.19,27749.67,74583.616,0.9011,1.1047,1.32,,37926.4522,3.6329,13.4708,13.8427,0.0,,105559.7987,30796.4083,25119.1301,2829002.6052,825343.7424,,,4.889
000881,中广核技,化工原料,辽宁,19980902,000881.SZ,20170220,26.58,27.05,26.22,26.85,26.58,0.27,1.02,29774.24,79850.344,0.9668,1.1853,1.63,,37997.2105,3.6396,13.4959,13.8685,0.0,,105559.7987,30796.4083,25119.1301,2834280.5951,826883.5629,,,4.889
000881,中广核技,化工原料,辽宁,19980902,000881.SZ,20170217,26.32,26.88,25.88,26.58,26.32,0.26,0.99,27826.82,73190.879,0.9036,1.1078,1.61,,37615.1157,3.603,13.3602,13.7291,0.0,,105559.7987,30796.4083,25119.1301,2805779.4494,818568.5326,,,4.889
000881,中广核技,化工原料,辽宁,19980902,000881.SZ,20170216,25.7,26.47,25.58,26.32,25.66,0.66,2.57,27481.57,71582.202,0.8924,1.094,1.84,,37247.1725,3.5678,13.2295,13.5948,0.0,,105559.7987,30796.4083,25119.1301,2778333.9018,810561.4665,,,4.889
000881,中广核技,化工原料,辽宁,19980902,000881.SZ,20170215,25.88,25.88,25.55,25.66,25.88,-0.22,-0.85,11408.75,29286.135,0.3705,0.4542,0.76,,36313.1628,3.4783,12.8977,13.2539,0.0,,105559.7987,30796.4083,25119.1301,2708664.4346,790235.837,,,4.889
000881,中广核技,化工原料,辽宁,19980902,000881.SZ,20170214,26.0,26.26,25.7,25.88,25.85,0.03,0.12,8835.26,22889.959,0.2869,0.3517,0.56,,36624.4994,3.5082,13.0083,13.3675,0.0,,105559.7987,30796.4083,25119.1301,2731887.5904,797011.0468,,,4.889
000881,中广核技,化工原料,辽宁,19980902,000881.SZ,20170213,25.36,26.12,25.36,25.85,25.55,0.3,1.17,15846.95,40974.952,0.5146,0.6309,1.07,,36582.0444,3.5041,12.9932,13.352,0.0,,105559.7987,30796.4083,25119.1301,2728720.7964,796087.1546,,,4.889
000881,中广核技,化工原料,辽宁,19980902,000881.SZ,20170210,25.88,26.04,25.45,25.55,25.96,-0.41,-1.58,23045.37,59076.789,0.7483,0.9174,1.9,,36157.4946,3.4634,12.8425,13.1971,0.0,,105559.7987,30796.4083,25119.1301,2697052.8568,786848.2321,,,4.889
000881,中广核技,化工原料,辽宁,19980902,000881.SZ,20170209,26.02,26.2,25.91,25.96,26.15,-0.19,-0.73,15495.87,40325.523,0.5032,0.6169,1.24,,36737.7127,3.519,13.0485,13.4088,0.0,,105559.7987,30796.4083,25119.1301,2740332.3743,799474.7595,,,4.889
000881,中广核技,化工原料,辽宁,19980902,000881.SZ,20170208,26.24,26.24,25.77,26.15,26.23,-0.08,-0.31,11821.72,30712.59,0.3839,0.4706,0.91,,37006.5942,3.5448,13.144,13.507,0.0,,105559.7987,30796.4083,25119.1301,2760388.736,805326.077,,,4.889
000881,中广核技,化工原料,辽宁,19980902,000881.SZ,20170207,26.25,26.29,25.83,26.23,26.25,-0.02,-0.08,12862.24,33517.028,0.4177,0.512,0.77,,37119.8075,3.5556,13.1842,13.5483,0.0,,105559.7987,30796.4083,25119.1301,2768833.5199,807789.7897,,,4.889
000881,中广核技,化工原料,辽宁,19980902,000881.SZ,20170206,26.2,26.29,26.0,26.25,26.22,0.03,0.11,10660.66,27932.121,0.3462,0.4244,0.59,,37148.1109,3.5583,13.1943,13.5586,0.0,,105559.7987,30796.4083,25119.1301,2770944.7159,808405.7179,,,4.889
000881,中广核技,化工原料,辽宁,19980902,000881.SZ,20170203,26.2,26.28,25.7,26.22,26.2,0.02,0.08,9776.47,25365.382,0.3175,0.3892,0.47,,37105.6559,3.5542,13.1792,13.5431,0.0,,105559.7987,30796.4083,25119.1301,2767777.9219,807481.8256,,,4.889
000881,中广核技,化工原料,辽宁,19980902,000881.SZ,20170126,25.9,26.29,25.7,26.2,26.17,0.03,0.11,17350.03,45070.768,0.5634,0.6907,0.81,,37077.3526,3.5515,13.1692,13.5328,0.0,,105559.7987,30796.4083,25119.1301,2765666.7259,806865.8975,,,4.889
000881,中广核技,化工原料,辽宁,19980902,000881.SZ,20170125,26.45,26.45,25.8,26.17,26.15,0.02,0.08,14170.04,37104.072,0.4601,0.5641,0.6,,37034.8976,3.5475,13.1541,13.5173,0.0,,105559.7987,30796.4083,25119.1301,2762499.932,805942.0052,,,4.889
000881,中广核技,化工原料,辽宁,19980902,000881.SZ,20170124,25.53,26.51,25.52,26.15,25.38,0.77,3.03,31899.84,83761.641,1.0358,1.2699,1.32,,10829.8974,9.717,3.8466,3.9528,0.0,,30891.84,30796.4083,25119.1301,807821.616,805326.077,,,4.889
000881,中广核技,化工原料,辽宁,19980902,000881.SZ,20170123,25.5,25.6,25.28,25.38,25.57,-0.19,-0.74,16599.86,42219.511,0.539,0.6608,0.52,,10511.0056,9.4309,3.7333,3.8364,0.0,,30891.84,30796.4083,25119.1301,784034.8992,781612.8427,,,4.889
000881,中广核技,化工原料,辽宁,19980902,000881.SZ,20170120,24.78,25.78,24.56,25.57,24.73,0.84,3.4,23535.31,59335.905,0.7642,0.9369,0.73,,10589.6932,9.5015,3.7613,3.8651,0.0,,30891.84,30796.4083,25119.1301,789904.3488,787464.1602,,,4.889
000881,中广核技,化工原料,辽宁,19980902,000881.SZ,20170119,24.91,24.91,24.26,24.73,24.76,-0.03,-0.12,21519.38,52901.94,0.6988,0.8567,0.66,,10241.8112,9.1894,3.6377,3.7381,0.0,,30891.84,30796.4083,25119.1301,763955.2032,761595.1773,,,4.889
000881,中广核技,化工原料,辽宁,19980902,000881.SZ,20170118,24.18,25.0,24.17,24.76,24.18,0.58,2.4,24807.81,60948.344,0.8055,0.9876,0.79,,10254.2355,9.2005,3.6421,3.7427,0.0,,30891.84,30796.4083,25119.1301,764881.9584,762519.0695,,,4.889
000881,中广核技,化工原料,辽宁,19980902,000881.SZ,20170117,24.1,24.84,23.53,24.18,24.74,-0.56,-2.26,34541.86,83480.471,1.1216,1.3751,1.0,,10014.0313,8.985,3.5568,3.655,0.0,,30891.84,30796.4083,25119.1301,746964.6912,744657.1527,,,4.889
000881,中广核技,化工原料,辽宁,19980902,000881.SZ,20170116,25.56,25.88,23.01,24.74,25.56,-0.82,-3.21,53995.5,134287.135,1.7533,2.1496,1.58,,10245.9526,9.1931,3.6392,3.7397,0.0,,30891.84,30796.4083,25119.1301,764264.1216,761903.1413,,,4.889
000881,中广核技,化工原料,辽宁,19980902,000881.SZ,20170113,26.6,26.65,25.3,25.56,26.5,-0.94,-3.55,26290.94,68406.932,0.8537,1.0467,0.71,,10585.5517,9.4978,3.7598,3.8636,0.0,,30891.84,30796.4083,25119.1301,789595.4304,787156.1961,,,4.889
000881,中广核技,化工原料,辽宁,19980902,000881.SZ,20170112,26.55,27.0,26.5,26.5,26.67,-0.17,-0.64,22825.15,61280.13,0.7412,0.9087,0.57,,10974.8482,9.8471,3.8981,4.0057,0.0,,30891.84,30796.4083,25119.1301,818633.76,816104.82,,,4.889
000881,中广核技,化工原料,辽宁,19980902,000881.SZ,20170111,26.6,26.84,26.37,26.67,26.6,0.07,0.26,19406.24,51611.113,0.6301,0.7726,0.43,,11045.2529,9.9103,3.9231,4.0314,0.0,,30891.84,30796.4083,25119.1301,823885.3728,821340.2094,,,4.889
000881,中广核技,化工原料,辽宁,19980902,000881.SZ,20170110,27.4,27.48,26.6,26.6,27.52,-0.92,-3.34,49479.05,133154.004,1.6067,1.9698,1.04,,11016.2627,9.8843,3.9128,4.0208,0.0,,30891.84,30796.4083,25119.1301,821722.944,819184.4608,,,4.889
000881,中广核技,化工原料,辽宁,19980902,000881.SZ,20170109,28.5,28.87,27.34,27.52,28.0,-0.48,-1.71,52451.3,146233.574,1.7032,2.0881,1.13,,11397.2763,10.2261,4.0481,4.1599,0.0,,30891.84,30796.4083,25119.1301,850143.4368,847517.1564,,,4.889
000881,中广核技,化工原料,辽宁,19980902,000881.SZ,20170106,27.64,28.13,27.49,28.0,27.58,0.42,1.52,40616.74,113229.874,1.3189,1.617,0.84,,11596.066,10.4045,4.1187,4.2324,0.0,,30891.84,30796.4083,25119.1301,864971.52,862299.4324,,,4.889
000881,中广核技,化工原料,辽宁,19980902,000881.SZ,20170105,27.62,27.95,27.3,27.58,27.7,-0.12,-0.43,39330.92,108280.873,1.2771,1.5658,0.82,,11422.125,10.2484,4.0569,4.1689,0.0,,30891.84,30796.4083,25119.1301,851996.9472,849364.9409,,,4.889
000881,中广核技,化工原料,辽宁,19980902,000881.SZ,20170104,28.0,28.2,27.64,27.7,28.1,-0.4,-1.42,41220.44,114984.273,1.3385,1.641,0.79,,11471.8225,10.293,4.0746,4.1871,0.0,,30891.84,30796.4083,25119.1301,855703.968,853060.5099,,,4.889
000881,中广核技,化工原料,辽宁,19980902,000881.SZ,20170103,27.24,28.18,27.03,28.1,27.3,0.8,2.93,64924.68,181336.943,2.1082,2.5847,1.15,,11637.4806,10.4416,4.1334,4.2475,0.0,,30891.84,30796.4083,25119.1301,868060.704,865379.0732,,,4.889
000881,中广核技,化工原料,辽宁,19980902,000881.SZ,20161230,27.0,27.7,26.77,27.3,27.21,0.09,0.33,46406.83,126773.21,1.5069,1.8475,0.77,,11306.1644,10.1444,4.0157,4.1266,0.0,,30891.84,30796.4083,25119.1301,843347.232,840741.9466,,,4.889
000881,中广核技,化工原料,辽宁,19980902,000881.SZ,20161229,27.3,27.4,26.51,27.21,27.25,-0.04,-0.15,50369.73,135339.491,1.6356,2.0052,0.88,,11268.8913,10.1109,4.0025,4.113,0.0,,30891.84,30796.4083,25119.1301,840566.9664,837970.2698,,,4.889
000881,中广核技,化工原料,辽宁,19980902,000881.SZ,20161228,27.66,27.96,27.14,27.25,27.7,-0.45,-1.62,35635.4,97568.869,1.1571,1.4187,0.61,,11285.4571,10.1258,4.0084,4.1191,0.0,,30891.84,30796.4083,25119.1301,841802.64,839202.1262,,,4.889
000881,中广核技,化工原料,辽宁,19980902,000881.SZ,20161227,27.65,28.0,27.16,27.7,27.56,0.14,0.51,64667.17,178660.519,2.0998,2.5744,1.08,,11471.8225,10.293,4.0746,4.1871,0.0,,30891.84,30796.4083,25119.1301,855703.968,853060.5099,,,4.889
000881,中广核技,化工原料,辽宁,19980902,000881.SZ,20161226,26.87,28.09,26.54,27.56,26.88,0.68,2.53,85249.62,234985.329,2.7682,3.3938,1.38,,11413.8421,10.241,4.054,4.1659,0.0,,30891.84,30796.4083,25119.1301,851379.1104,848749.0127,,,4.889
000881,中广核技,化工原料,辽宁,19980902,000881.SZ,20161223,25.97,27.18,25.85,26.88,25.97,0.91,3.5,66431.49,175792.937,2.1571,2.6447,0.88,,11132.2234,9.9883,3.954,4.0631,0.0,,30891.84,30796.4083,25119.1301,830372.6592,827807.4551,,,4.889
000881,中广核技,化工原料,辽宁,19980902,000881.SZ,20161222,26.7,26.73,25.8,25.97,26.31,-0.34,-1.29,35460.54,92317.603,1.1515,1.4117,0.41,,10755.3513,9.6502,3.8201,3.9256,0.0,,30891.84,30796.4083,25119.1301,802261.0848,799782.7236,,,4.889
000881,中广核技,化工原料,辽宁,19980902,000881.SZ,20161221,26.35,26.7,25.9,26.31,26.2,0.11,0.42,41201.9,108396.817,1.3379,1.6403,0.48,,10896.1606,9.7765,3.8701,3.977,0.0,,30891.84,30796.4083,25119.1301,812764.3104,810253.5024,,,4.889
000881,中广核技,化工原料,辽宁,19980902,000881.SZ,20161220,26.88,26.88,25.66,26.2,26.88,-0.68,-2.53,72165.56,188842.865,2.3433,2.8729,0.79,,10850.6047,9.7356,3.8539,3.9603,0.0,,30891.84,30796.4083,25119.1301,809366.208,806865.8975,,,4.889
000881,中广核技,化工原料,辽宁,19980902,000881.SZ,20161219,27.45,27.82,26.33,26.88,27.56,-0.68,-2.47,93628.82,252443.675,3.0403,3.7274,1.16,,11132.2234,9.9883,3.954,4.0631,0.0,,30891.84,30796.4083,25119.1301,830372.6592,827807.4551,,,4.889
000881,中广核技,化工原料,辽宁,19980902,000881.SZ,20161216,25.5,27.6,24.9,27.56,25.17,2.39,9.5,133642.39,352998.33,4.3395,5.3203,2.29,,11413.8421,10.241,4.054,4.1659,0.0,,30891.84,30796.4083,25119.1301,851379.1104,848749.0127,,,4.889
000881,中广核技,化工原料,辽宁,19980902,000881.SZ,20161215,24.2,25.8,22.0,25.17,24.24,0.93,3.84,93441.03,231410.237,3.0342,3.7199,2.16,,10424.0351,9.3529,3.7024,3.8047,0.0,,30891.84,30796.4083,25119.1301,777547.6128,775145.5969,,,4.889
000881,中广核技,化工原料,辽宁,19980902,000881.SZ,20161214,23.92,24.32,23.76,24.24,23.93,0.31,1.3,40201.2,97155.73,1.3054,1.6004,0.95,,10038.88,9.0073,3.5656,3.6641,0.0,,30891.84,30796.4083,25119.1301,748818.2016,746504.9372,,,4.889
000881,中广核技,化工原料,辽宁,19980902,000881.SZ,20161213,23.3,24.29,22.3,23.93,23.04,0.89,3.86,95171.26,219918.039,3.0903,3.7888,3.6,,9910.495,8.8921,3.52,3.6172,0.0,,30891.84,30796.4083,25119.1301,739241.7312,736958.0506,,,4.889
000881,中广核技,化工原料,辽宁,19980902,000881.SZ,20161212,23.5,23.82,22.9,23.04,23.3,-0.26,-1.12,39998.9,93774.444,1.2988,1.5924,1.76,,9541.9058,8.5614,3.3891,3.4827,0.0,,30891.84,30796.4083,25119.1301,711747.9936,709549.2472,,,4.889
000881,中广核技,化工原料,辽宁,19980902,000881.SZ,20161209,23.68,23.84,23.25,23.3,23.69,-0.39,-1.65,22400.37,52939.922,0.7274,0.8918,0.99,,9649.5835,8.658,3.4273,3.522,0.0,,30891.84,30796.4083,25119.1301,719779.872,717556.3134,,,4.889
000881,中广核技,化工原料,辽宁,19980902,000881.SZ,20161208,24.09,24.17,23.65,23.69,24.08,-0.39,-1.62,18137.68,43162.961,0.589,0.7221,0.65,,9811.1002,8.8029,3.4847,3.5809,0.0,,30891.84,30796.4083,25119.1301,731827.6896,729566.9126,,,4.889
000881,中广核技,化工原料,辽宁,19980902,000881.SZ,20161207,23.79,24.08,23.61,24.08,23.65,0.43,1.82,35664.19,85028.568,1.1581,1.4198,1.46,,9972.6168,8.9478,3.5421,3.6399,0.0,,30891.84,30796.4083,25119.1301,743875.5072,741577.5119,,,4.889
000881,中广核技,化工原料,辽宁,19980902,000881.SZ,20161206,23.85,24.0,23.65,23.65,23.8,-0.15,-0.63,15812.15,37655.671,0.5134,0.6295,0.63,,9794.5344,8.7881,3.4788,3.5749,0.0,,30891.84,30796.4083,25119.1301,730592.016,728335.0563,,,4.889
000881,中广核技,化工原料,辽宁,19980902,000881.SZ,20161205,23.98,23.98,23.6,23.8,24.17,-0.37,-1.53,21314.34,50637.611,0.6921,0.8485,0.75,,9856.6561,8.8438,3.5009,3.5976,0.0,,30891.84,30796.4083,25119.1301,735225.792,732954.5175,,,4.889
000881,中广核技,化工原料,辽宁,19980902,000881.SZ,20161202,24.35,24.56,23.9,24.17,24.36,-0.19,-0.78,22774.1,54963.955,0.7395,0.9066,0.62,,10009.8899,8.9813,3.5553,3.6535,0.0,,30891.84,30796.4083,25119.1301,746655.7728,744349.1886,,,4.889
000881,中广核技,化工原料,辽宁,19980902,000881.SZ,20161201,23.79,24.36,23.6,24.36,23.83,0.53,2.22,45021.77,108980.601,1.4619,1.7923,1.23,,10088.5775,9.0519,3.5833,3.6822,0.0,,30891.84,30796.4083,25119.1301,752525.2224,750200.5062,,,4.889
000881,中广核技,化工原料,辽宁,19980902,000881.SZ,20161130,23.9,23.9,23.52,23.83,23.9,-0.07,-0.29,17012.44,40258.774,0.5524,0.6773,0.43,,9869.0805,8.855,3.5053,3.6021,0.0,,30891.84,30796.4083,25119.1301,736152.5472,733878.4098,,,4.889
000881,中广核技,化工原料,辽宁,19980902,000881.SZ,20161129,24.31,24.42,23.77,23.9,24.37,-0.47,-1.93,19773.64,47447.586,0.6421,0.7872,0.49,,9898.0707,8.881,3.5156,3.6127,0.0,,30891.84,30796.4083,25119.1301,738314.976,736034.1584,,,4.889
000881,中广核技,化工原料,辽宁,19980902,000881.SZ,20161128,24.09,24.47,24.01,24.37,24.08,0.29,1.2,36757.9,89189.653,1.1936,1.4633,0.96,,10092.7189,9.0556,3.5847,3.6837,0.0,,30891.84,30796.4083,25119.1301,752834.1408,750508.4703,26.49,21.67,4.889
000881,中广核技,化工原料,辽宁,19980902,000881.SZ,20161125,23.4,24.35,23.15,24.08,23.2,0.88,3.79,63903.19,152212.683,2.075,2.544,2.08,,9972.6168,8.9478,3.5421,3.6399,0.0,,30891.84,30796.4083,25119.1301,743875.5072,741577.5119,,,4.889
000881,中广核技,化工原料,辽宁,19980902,000881.SZ,20161124,23.59,23.67,23.15,23.2,23.56,-0.36,-1.53,45664.37,106654.205,1.4828,1.8179,1.83,,9608.169,8.6209,3.4126,3.5069,0.0,,30891.84,30796.4083,25119.1301,716690.688,714476.6726,,,4.889
000881,中广核技,化工原料,辽宁,19980902,000881.SZ,20161123,23.82,23.96,23.47,23.56,23.8,-0.24,-1.01,30074.31,71268.76,0.9766,1.1973,1.31,,9757.2613,8.7546,3.4656,3.5613,0.0,,30891.84,30796.4083,25119.1301,727811.7504,725563.3795,,,4.889
000881,中广核技,化工原料,辽宁,19980902,000881.SZ,20161122,23.79,23.98,23.6,23.8,23.79,0.01,0.04,26855.02,64010.845,0.872,1.0691,1.1,,9856.6561,8.8438,3.5009,3.5976,0.0,,30891.84,30796.4083,25119.1301,735225.792,732954.5175,,,4.889
000881,中广核技,化工原料,辽宁,19980902,000881.SZ,20161121,23.92,24.01,23.5,23.79,23.91,-0.12,-0.5,24036.66,56896.924,0.7805,0.9569,0.83,,9852.5147,8.8401,3.4994,3.5961,0.0,,30891.84,30796.4083,25119.1301,734916.8736,732646.5535,,,4.889
000881,中广核技,化工原料,辽宁,19980902,000881.SZ,20161118,24.3,24.3,23.73,23.91,24.26,-0.35,-1.44,27099.48,64826.107,0.88,1.0788,0.88,,9902.2121,8.8847,3.5171,3.6142,0.0,,30891.84,30796.4083,25119.1301,738623.8944,736342.1225,,,4.889
000881,中广核技,化工原料,辽宁,19980902,000881.SZ,20161117,24.59,24.59,24.02,24.26,24.35,-0.09,-0.37,16442.02,39756.797,0.5339,0.6546,0.49,,10047.1629,9.0147,3.5686,3.6671,0.0,,30891.84,30796.4083,25119.1301,749436.0384,747120.8654,26.81,21.93,4.889
000881,中广核技,化工原料,辽宁,19980902,000881.SZ,20161116,24.41,24.47,24.12,24.35,24.4,-0.05,-0.2,20405.88,49607.846,0.6626,0.8124,0.54,,10084.436,9.0482,3.5818,3.6807,0.0,,30891.84,30796.4083,25119.1301,752216.304,749892.5421,,,4.889
000881,中广核技,化工原料,辽宁,19980902,000881.SZ,20161115,24.26,24.61,23.96,24.4,24.28,0.12,0.49,34551.91,83825.759,1.1219,1.3755,0.91,,10105.1433,9.0668,3.5892,3.6883,0.0,,30891.84,30796.4083,25119.1301,753760.896,751432.3625,25.52,20.88,4.889
000881,中广核技,化工原料,辽宁,19980902,000881.SZ,20161114,23.35,24.62,23.35,24.28,23.67,0.61,2.58,46165.24,111928.1,1.499,1.8379,1.41,,10055.4458,9.0222,3.5715,3.6701,0.0,,30891.84,30796.4083,25119.1301,750053.8752,747736.7935,,,4.889
000881,中广核技,化工原料,辽宁,19980902,000881.SZ,20161111,23.89,23.98,23.25,23.67,23.9,-0.23,-0.96,36248.77,85232.898,1.177,1.4431,1.12,,9802.8173,8.7955,3.4818,3.5779,0.0,,30891.84,30796.4083,25119.1301,731209.8528,728950.9845,,,4.889
000881,中广核技,化工原料,辽宁,19980902,000881.SZ,20161110,23.99,24.3,23.85,23.9,23.92,-0.02,-0.08,30742.37,73722.089,0.9982,1.2239,0.97,,9898.0707,8.881,3.5156,3.6127,0.0,,30891.84,30796.4083,25119.1301,738314.976,736034.1584,,,4.889
000881,中广核技,化工原料,辽宁,19980902,000881.SZ,20161109,24.48,24.52,23.01,23.92,24.38,-0.46,-1.89,41342.4,99519.285,1.3424,1.6459,1.45,,9906.3536,8.8884,3.5185,3.6157,0.0,,30891.84,30796.4083,25119.1301,738932.8128,736650.0865,,,4.889
000881,中广核技,化工原料,辽宁,19980902,000881.SZ,20161108,24.49,24.97,24.27,24.38,24.35,0.03,0.12,35614.53,86892.657,1.1565,1.4178,1.31,,10096.8604,9.0593,3.5862,3.6852,0.0,,30891.84,30796.4083,25119.1301,753143.0592,750816.4344,,,4.889
000881,中广核技,化工原料,辽宁,19980902,000881.SZ,20161107,24.43,24.53,24.21,24.35,24.43,-0.08,-0.33,19394.96,47267.804,0.6298,0.7721,0.57,,10084.436,9.0482,3.5818,3.6807,0.0,,30891.84,30796.4083,25119.1301,752216.304,749892.5421,,,4.889
000881,中广核技,化工原料,辽宁,19980902,000881.SZ,20161104,24.23,24.52,24.16,24.43,24.5,-0.07,-0.29,34126.13,82782.554,1.1081,1.3586,0.95,,10117.5676,9.0779,3.5936,3.6928,0.0,,30891.84,30796.4083,25119.1301,754687.6512,752356.2548,,,4.889
000881,中广核技,化工原料,辽宁,19980902,000881.SZ,20161103,24.62,24.86,24.2,24.5,24.62,-0.12,-0.49,27292.96,66834.624,0.8862,1.0865,0.63,,10146.5578,9.1039,3.6039,3.7034,0.0,,30891.84,30796.4083,25119.1301,756850.08,754512.0034,,,4.889
000881,中广核技,化工原料,辽宁,19980902,000881.SZ,20161102,24.95,24.99,24.46,24.62,24.93,-0.31,-1.24,26061.07,64125.28,0.8462,1.0375,0.57,,10196.2552,9.1485,3.6215,3.7215,0.0,,30891.84,30796.4083,25119.1301,760557.1008,758207.5723,,,4.889
000881,中广核技,化工原料,辽宁,19980902,000881.SZ,20161101,25.1,25.1,24.65,24.93,25.08,-0.15,-0.6,29460.47,73210.533,0.9566,1.1728,0.68,,10324.6402,9.2637,3.6671,3.7684,0.0,,30891.84,30796.4083,25119.1301,770133.5712,767754.4589,26.29,21.51,4.889
000881,中广核技,化工原料,辽宁,19980902,000881.SZ,20161031,25.21,25.46,24.45,25.08,25.1,-0.02,-0.08,54528.16,135413.441,1.7706,2.1708,1.47,,10386.762,9.3194,3.6892,3.791,0.0,,30891.84,30796.4083,25119.1301,774767.3472,772373.9202,26.31,21.53,4.889
000881,中广核技,化工原料,辽宁,19980902,000881.SZ,20161028,24.79,25.18,24.45,25.1,24.85,0.25,1.01,41799.96,103724.9494,1.3573,1.6641,1.22,,10395.0449,9.3269,3.6921,3.7941,0.0,,30891.84,30796.4083,25119.1301,775385.184,772989.8483,,,4.889
000881,中广核技,化工原料,辽宁,19980902,000881.SZ,20161027,24.52,25.58,24.52,24.85,24.29,0.56,2.31,64138.72,159973.6526,2.0827,2.5534,2.0,,10291.5086,9.234,3.6553,3.7563,0.0,,30891.84,30796.4083,25119.1301,767662.224,765290.7463,,,4.889
000881,中广核技,化工原料,辽宁,19980902,000881.SZ,20161026,23.61,24.33,23.61,24.29,23.79,0.5,2.1,38589.85,92550.0558,1.2531,1.5363,1.37,,9992.0896,9.0408,3.573,3.6816,0.0,,30891.84,30796.4083,25119.1301,750362.7936,748044.7576,,,4.889
000881,中广核技,化工原料,辽宁,19980902,000881.SZ,20161025,23.88,23.98,23.75,23.79,23.89,-0.1,-0.42,16296.08,38870.3883,0.5292,0.6488,0.54,,9786.4064,8.8547,3.4994,3.6058,0.0,,30891.84,30796.4083,25119.1301,734916.8736,732646.5535,,,4.889
000881,中广核技,化工原料,辽宁,19980902,000881.SZ,20161024,23.97,24.13,23.7,23.89,23.85,0.04,0.17,24426.9,58125.08,0.7932,0.9724,0.76,,9827.5431,8.892,3.5141,3.621,0.0,,30891.84,30796.4083,25119.1301,738006.0576,735726.1943,,,4.889
000881,中广核技,化工原料,辽宁,19980902,000881.SZ,20161021,24.0,24.28,23.74,23.85,24.14,-0.29,-1.2,27918.42,66804.9516,0.9065,1.1114,0.91,,9811.0884,8.8771,3.5083,3.6149,0.0,,30891.84,30796.4083,25119.1301,736770.384,734494.338,,,4.889
000881,中广核技,化工原料,辽宁,19980902,000881.SZ,20161020,23.82,24.35,23.62,24.14,23.6,0.54,2.29,52735.4,126950.3605,1.7124,2.0994,2.02,,9930.3846,8.985,3.5509,3.6589,0.0,,30891.84,30796.4083,25119.1301,745729.0176,743425.2964,,,4.889
000881,中广核技,化工原料,辽宁,19980902,000881.SZ,20161019,23.7,23.94,23.49,23.6,23.6,0.0,0.0,19482.0,46195.8932,0.6326,0.7756,0.72,,9708.2468,8.784,3.4715,3.577,0.0,,30891.84,30796.4083,25119.1301,729047.424,726795.2359,,,4.889
000881,中广核技,化工原料,辽宁,19980902,000881.SZ,20161018,23.12,23.63,23.08,23.6,23.12,0.48,2.08,25975.01,60596.1137,0.8434,1.0341,0.74,,9708.2468,8.784,3.4715,3.577,0.0,,30891.84,30796.4083,25119.1301,729047.424,726795.2359,,,4.889
000881,中广核技,化工原料,辽宁,19980902,000881.SZ,20161017,23.94,23.94,23.06,23.12,23.89,-0.77,-3.22,33823.76,79336.8824,1.0983,1.3465,0.95,,9510.7909,8.6054,3.4009,3.5043,0.0,,30891.84,30796.4083,25119.1301,714219.3408,712012.9599,,,4.889
000881,中广核技,化工原料,辽宁,19980902,000881.SZ,20161014,24.0,24.0,23.7,23.89,23.81,0.08,0.34,22127.08,52685.2765,0.7185,0.8809,0.63,,9827.5431,8.892,3.5141,3.621,0.0,,30891.84,30796.4083,25119.1301,738006.0576,735726.1943,26.17,21.41,4.889
000881,中广核技,化工原料,辽宁,19980902,000881.SZ,20161013,23.72,24.18,23.72,23.81,23.72,0.09,0.38,29375.51,70350.0975,0.9539,1.1694,0.85,,9794.6337,8.8622,3.5024,3.6088,0.0,,30891.84,30796.4083,25119.1301,735534.7104,733262.4816,,,4.889
000881,中广核技,化工原料,辽宁,19980902,000881.SZ,20161012,23.65,23.81,23.5,23.72,23.75,-0.03,-0.13,24608.62,58215.9052,0.7991,0.9797,0.57,,9757.6108,8.8287,3.4891,3.5952,0.0,,30891.84,30796.4083,25119.1301,732754.4448,730490.8049,,,4.889
000881,中广核技,化工原料,辽宁,19980902,000881.SZ,20161011,23.19,23.9,22.89,23.75,23.18,0.57,2.46,65678.49,154202.085,2.1327,2.6147,1.88,,9769.9518,8.8399,3.4935,3.5998,0.0,,30891.84,30796.4083,25119.1301,733681.2,731414.6971,,,4.889
000881,中广核技,化工原料,辽宁,19980902,000881.SZ,20161010,23.0,23.46,23.0,23.18,22.9,0.28,1.22,36557.94,84631.9629,1.1871,1.4554,1.05,,9535.4729,8.6277,3.4097,3.5134,0.0,,30891.84,30796.4083,25119.1301,716072.8512,713860.7444,,,4.889
000881,中广核技,化工原料,辽宁,19980902,000881.SZ,20160930,22.9,23.0,22.7,22.9,22.86,0.04,0.18,20068.04,45870.7264,0.6516,0.7989,0.54,,9420.2903,8.5235,3.3685,3.4709,0.0,,30891.84,30796.4083,25119.1301,707423.136,705237.7501,,,4.889
000881,中广核技,化工原料,辽宁,19980902,000881.SZ,20160929,22.8,23.08,22.65,22.86,22.92,-0.06,-0.26,25974.8,59310.839,0.8434,1.0341,0.7,,9403.8357,8.5086,3.3626,3.4649,0.0,,30891.84,30796.4083,25119.1301,706187.4624,704005.8937,,,4.889
000881,中广核技,化工原料,辽宁,19980902,000881.SZ,20160928,22.69,23.08,22.61,22.92,22.2,0.72,3.24,66489.58,152015.4516,2.159,2.647,2.1,,9428.5177,8.5309,3.3715,3.474,0.0,,30891.84,30796.4083,25119.1301,708040.9728,705853.6782,,,4.889
000881,中广核技,化工原料,辽宁,19980902,000881.SZ,20160927,21.9,22.2,21.65,22.2,21.85,0.35,1.6,25304.93,55222.365,0.8217,1.0074,0.75,,9132.3339,8.2629,3.2655,3.3648,0.0,,30891.84,30796.4083,25119.1301,685798.848,683680.2643,26.19,21.43,4.889
000881,中广核技,化工原料,辽宁,19980902,000881.SZ,20160926,22.15,22.41,21.78,21.85,22.14,-0.29,-1.31,35450.45,78295.6839,1.1511,1.4113,1.07,,8988.3556,8.1327,3.2141,3.3118,0.0,,30891.84,30796.4083,25119.1301,674986.704,672901.5214,,,4.889
000881,中广核技,化工原料,辽宁,19980902,000881.SZ,20160923,22.55,22.7,22.11,22.14,22.54,-0.4,-1.77,33328.32,74263.9983,1.0822,1.3268,1.12,,9107.6519,8.2406,3.2567,3.3557,0.0,,30891.84,30796.4083,25119.1301,683945.3376,681832.4798,,,4.889
000881,中广核技,化工原料,辽宁,19980902,000881.SZ,20160922,22.7,22.86,22.52,22.54,22.64,-0.1,-0.44,23694.0,53662.8237,0.7694,0.9433,0.79,,9272.1984,8.3895,3.3156,3.4164,0.0,,30891.84,30796.4083,25119.1301,696302.0736,694151.0431,,,4.889
000881,中广核技,化工原料,辽宁,19980902,000881.SZ,20160921,22.67,22.79,22.4,22.64,22.64,0.0,0.0,40689.81,92051.8564,1.3213,1.6199,1.35,,9313.3351,8.4267,3.3303,3.4315,0.0,,30891.84,30796.4083,25119.1301,699391.2576,697230.6839,,,4.889
000881,中广核技,化工原料,辽宁,19980902,000881.SZ,20160920,23.1,23.1,22.38,22.64,22.65,-0.01,-0.04,36274.32,82237.7977,1.1779,1.4441,1.01,,9313.3351,8.4267,3.3303,3.4315,0.0,,30891.84,30796.4083,25119.1301,699391.2576,697230.6839,,,4.889
000881,中广核技,化工原料,辽宁,19980902,000881.SZ,20160919,22.98,23.18,22.5,22.65,22.51,0.14,0.62,31825.25,72413.9234,1.0334,1.267,0.9,,9317.4487,8.4304,3.3317,3.433,0.0,,30891.84,30796.4083,25119.1301,699700.176,697538.648,,,4.889
000881,中广核技,化工原料,辽宁,19980902,000881.SZ,20160914,22.5,22.69,22.33,22.51,22.5,0.01,0.04,16935.0,38140.516,0.5499,0.6742,0.42,,9259.8574,8.3783,3.3111,3.4118,0.0,,30891.84,30796.4083,25119.1301,695375.3184,693227.1508,,,4.889
000881,中广核技,化工原料,辽宁,19980902,000881.SZ,20160913,22.7,22.87,22.25,22.5,22.65,-0.15,-0.66,24766.07,55730.0879,0.8042,0.9859,0.6,,9255.7438,8.3746,3.3097,3.4103,0.0,,30891.84,30796.4083,25119.1301,695066.4,692919.1868,,,4.889
000881,中广核技,化工原料,辽宁,19980902,000881.SZ,20160912,22.45,22.79,22.36,22.65,22.96,-0.31,-1.35,41230.99,93068.3503,1.3388,1.6414,0.98,,9317.4487,8.4304,3.3317,3.433,0.0,,30891.84,30796.4083,25119.1301,699700.176,697538.648,,,4.889
000881,中广核技,化工原料,辽宁,19980902,000881.SZ,20160909,22.29,23.45,22.21,22.96,22.32,0.64,2.87,63967.89,146359.7086,2.0771,2.5466,1.53,,9444.9723,8.5458,3.3773,3.48,0.0,,30891.84,30796.4083,25119.1301,709276.6464,707085.5346,,,4.889
000881,中广核技,化工原料,辽宁,19980902,000881.SZ,20160908,22.08,22.42,22.08,22.32,22.1,0.22,1.0,30471.56,68013.9592,0.9895,1.2131,0.74,,9181.6978,8.3076,3.2832,3.383,0.0,,30891.84,30796.4083,25119.1301,689505.8688,687375.8333,,,4.889
000881,中广核技,化工原料,辽宁,19980902,000881.SZ,20160907,22.32,22.45,21.95,22.1,22.26,-0.16,-0.72,39849.52,88743.1665,1.294,1.5864,1.05,,9091.1972,8.2257,3.2508,3.3497,0.0,,30891.84,30796.4083,25119.1301,682709.664,680600.6234,,,4.889
000881,中广核技,化工原料,辽宁,19980902,000881.SZ,20160906,22.08,22.45,22.08,22.26,22.23,0.03,0.14,31866.51,70910.9916,1.0347,1.2686,0.79,,9157.0158,8.2853,3.2744,3.3739,0.0,,30891.84,30796.4083,25119.1301,687652.3584,685528.0488,,,4.889
000881,中广核技,化工原料,辽宁,19980902,000881.SZ,20160905,22.34,22.52,22.18,22.23,22.34,-0.11,-0.49,43153.87,96201.3781,1.4013,1.718,1.13,,9144.6748,8.2741,3.27,3.3694,0.0,,30891.84,30796.4083,25119.1301,686725.6032,684604.1565,,,4.889
000881,中广核技,化工原料,辽宁,19980902,000881.SZ,20160902,21.67,22.38,21.4,22.34,21.75,0.59,2.71,64082.34,141239.4692,2.0808,2.5511,1.93,,9189.9251,8.315,3.2861,3.386,0.0,,30891.84,30796.4083,25119.1301,690123.7056,687991.7614,,,4.889
000881,中广核技,化工原料,辽宁,19980902,000881.SZ,20160901,21.99,21.99,21.63,21.75,21.73,0.02,0.09,27965.76,61064.225,0.9081,1.1133,0.84,,8947.219,8.0954,3.1993,3.2966,0.0,,30891.84,30796.4083,25119.1301,671897.52,669821.8805,,,4.889
000881,中广核技,化工原料,辽宁,19980902,000881.SZ,20160831,21.68,21.78,21.55,21.73,21.7,0.03,0.14,23392.73,50609.9383,0.7596,0.9313,0.69,,8938.9916,8.088,3.1964,3.2936,0.0,,30891.84,30796.4083,25119.1301,671279.6832,669205.9524,,,4.889
000881,中广核技,化工原料,辽宁,19980902,000881.SZ,20160830,21.38,21.78,21.31,21.7,21.33,0.37,1.73,43943.49,94797.2528,1.4269,1.7494,1.3,,8926.6507,8.0768,3.192,3.289,0.0,,30891.84,30796.4083,25119.1301,670352.928,668282.0601,,,4.889
000881,中广核技,化工原料,辽宁,19980902,000881.SZ,20160829,21.39,21.55,21.2,21.33,21.38,-0.05,-0.23,31323.83,67130.2714,1.0171,1.247,0.85,,8774.4451,7.9391,3.1376,3.233,0.0,,30891.84,30796.4083,25119.1301,658922.9472,656887.389,,,4.889
000881,中广核技,化工原料,辽宁,19980902,000881.SZ,20160826,21.3,21.67,21.26,21.38,21.26,0.12,0.56,39051.93,83617.1957,1.2681,1.5547,0.79,,,7.9795,3.1449,3.112,,,30891.84,30796.4083,25119.1301,660467.5392,658427.2095,,,4.889
000881,中广核技,化工原料,辽宁,19980902,000881.SZ,20160825,21.27,21.34,21.01,21.26,21.28,-0.02,-0.09,28676.48,60735.1125,0.9312,1.1416,0.34,,,7.9347,3.1273,3.0946,,,30891.84,30796.4083,25119.1301,656760.5184,654731.6405,,,4.889
000881,中广核技,化工原料,辽宁,19980902,000881.SZ,20160824,21.3,21.41,21.14,21.28,21.3,-0.02,-0.09,27246.28,57921.3937,0.8847,1.0847,0.3,,,7.9422,3.1302,3.0975,,,30891.84,30796.4083,25119.1301,657378.3552,655347.5686,,,4.889
000881,中广核技,化工原料,辽宁,19980902,000881.SZ,20160823,21.17,21.54,21.07,21.3,21.17,0.13,0.61,43027.61,91612.254,1.3972,1.7129,0.44,,,7.9497,3.1332,3.1004,,,30891.84,30796.4083,25119.1301,657996.192,655963.4968,,,4.889
000881,中广核技,化工原料,辽宁,19980902,000881.SZ,20160822,21.19,21.55,20.86,21.17,21.3,-0.13,-0.61,46829.55,99522.0968,1.5206,1.8643,0.46,,,7.9011,3.114,3.0815,,,30891.84,30796.4083,25119.1301,653980.2528,651959.9637,,,4.889
000881,中广核技,化工原料,辽宁,19980902,000881.SZ,20160819,21.5,21.8,21.23,21.3,21.99,-0.69,-3.14,102463.11,219670.0844,3.3271,4.0791,1.11,,,7.9497,3.1332,3.1004,,,30891.84,30796.4083,25119.1301,657996.192,655963.4968,,,4.889
000881,中广核技,化工原料,辽宁,19980902,000881.SZ,20160818,20.72,22.19,20.66,21.99,22.85,-0.86,-3.76,202685.63,432638.7172,6.5815,8.069,3.34,,,8.2072,3.2347,3.2008,,,30891.84,30796.4083,25119.1301,679311.5616,677213.0185,,,4.889
000881,中广核技,化工原料,辽宁,19980902,000881.SZ,20160817,22.0,22.95,22.0,22.85,22.44,0.41,1.83,65294.63,147711.0789,2.1202,2.5994,1.12,,,8.5282,3.3612,3.326,,,30891.84,30796.4083,25119.1301,705878.544,703697.9297,23.52,19.24,4.889
000881,中广核技,化工原料,辽宁,19980902,000881.SZ,20160816,22.88,22.88,22.19,22.44,22.88,-0.44,-1.92,69793.11,156635.7178,2.2663,2.7785,1.05,,,8.3751,3.3008,3.2663,,,30891.84,30796.4083,25119.1301,693212.8896,691071.4023,,,4.889
000881,中广核技,化工原料,辽宁,19980902,000881.SZ,20160815,22.89,23.28,22.6,22.88,22.87,0.01,0.04,69256.72,158302.7146,2.2489,2.7571,1.17,,,8.5394,3.3656,3.3304,,,30891.84,30796.4083,25119.1301,706805.2992,704621.8219,,,4.889
000881,中广核技,化工原料,辽宁,19980902,000881.SZ,20160812,22.95,23.05,22.12,22.87,23.14,-0.27,-1.17,53221.29,120745.3226,1.7282,2.1188,0.91,,,8.5356,3.3641,3.3289,,,30891.84,30796.4083,25119.1301,706496.3808,704313.8578,,,4.889
000881,中广核技,化工原料,辽宁,19980902,000881.SZ,20160811,23.19,23.4,22.84,23.14,23.13,0.01,0.04,45878.19,105976.496,1.4897,1.8264,0.73,,,8.6364,3.4038,3.3682,,,30891.84,30796.4083,25119.1301,714837.1776,712628.8881,,,4.889
000881,中广核技,化工原料,辽宁,19980902,000881.SZ,20160810,23.39,23.99,22.87,23.13,23.4,-0.27,-1.15,54381.12,125768.0558,1.7658,2.1649,0.87,,,8.6327,3.4023,3.3668,,,30891.84,30796.4083,25119.1301,714528.2592,712320.924,,,4.889
000881,中广核技,化工原料,辽宁,19980902,000881.SZ,20160809,22.01,23.58,21.9,23.4,21.91,1.49,6.8,109287.36,248756.7761,3.5487,4.3508,2.08,,,8.7334,3.4421,3.4061,,,30891.84,30796.4083,25119.1301,722869.056,720635.9542,,,4.889
000881,中广核技,化工原料,辽宁,19980902,000881.SZ,20160808,21.88,22.0,21.5,21.91,21.88,0.03,0.14,33417.12,72658.7142,1.0851,1.3303,0.46,,,8.1773,3.2229,3.1892,,,30891.84,30796.4083,25119.1301,676840.2144,674749.3059,,,4.889
000881,中广核技,化工原料,辽宁,19980902,000881.SZ,20160805,21.7,22.03,21.62,21.88,21.89,-0.01,-0.05,49122.99,107196.2331,1.5951,1.9556,0.46,,,8.1661,3.2185,3.1848,,,30891.84,30796.4083,25119.1301,675913.4592,673825.4136,,,4.889
000881,中广核技,化工原料,辽宁,19980902,000881.SZ,20160804,21.58,21.96,20.97,21.89,21.37,0.52,2.43,68751.1,147946.5555,2.2324,2.737,0.61,,,8.1699,3.2199,3.1863,,,30891.84,30796.4083,25119.1301,676222.3776,674133.3777,,,4.889
000881,中广核技,化工原料,辽宁,19980902,000881.SZ,20160803,21.9,22.6,21.25,21.37,22.0,-0.63,-2.86,50272.99,108249.8341,1.6324,2.0014,0.38,,,7.9758,3.1435,3.1106,,,30891.84,30796.4083,25119.1301,660158.6208,658119.2454,,,4.889
000881,中广核技,化工原料,辽宁,19980902,000881.SZ,20160802,21.73,22.7,21.21,22.0,21.81,0.19,0.87,61423.94,133720.3891,1.9945,2.4453,0.47,,,8.2109,3.2361,3.2023,,,30891.84,30796.4083,25119.1301,679620.48,677520.9826,,,4.889
000881,中广核技,化工原料,辽宁,19980902,000881.SZ,20160801,23.11,23.11,21.4,21.81,23.78,-1.97,-8.28,131762.98,286772.1848,4.2785,5.2455,1.05,,,8.14,3.2082,3.1746,,,30891.84,30796.4083,25119.1301,673751.0304,671669.665,,,4.889
000881,中广核技,化工原料,辽宁,19980902,000881.SZ,20160729,25.5,25.5,22.78,23.78,24.5,-0.72,-2.94,221277.29,525392.6539,7.1852,8.8091,2.44,,,8.8753,3.498,3.4614,,,30891.84,30796.4083,25119.1301,734607.9552,732338.5894,25.74,21.06,4.889
000881,中广核技,化工原料,辽宁,19980902,000881.SZ,20160720,24.5,25.5,24.46,24.5,24.8,-0.3,-1.21,100728.31,250945.8607,3.2708,4.01,1.17,,,9.144,3.6039,3.5662,,,30891.84,30796.4083,25119.1301,756850.08,754512.0034,,,4.889
000881,中广核技,化工原料,辽宁,19980902,000881.SZ,20160719,23.37,24.87,23.3,24.8,23.4,1.4,5.98,137766.89,336471.3251,4.4735,5.4845,1.92,,,9.256,3.648,3.6099,,,30891.84,30796.4083,25119.1301,766117.632,763750.9258,,,4.889
000881,中广核技,化工原料,辽宁,19980902,000881.SZ,20160718,23.2,23.84,22.95,23.4,23.65,-0.25,-1.06,67989.75,158770.7733,2.2077,2.7067,1.0,,,8.7334,3.4421,3.4061,,,30891.84,30796.4083,25119.1301,722869.056,720635.9542,,,4.889
000881,中广核技,化工原料,辽宁,19980902,000881.SZ,20160715,22.0,23.65,21.91,23.65,22.15,1.5,6.77,97050.48,219981.8523,3.1514,3.8636,1.75,,,8.8267,3.4788,3.4425,,,30891.84,30796.4083,25119.1301,730592.016,728335.0563,,,4.889
000881,中广核技,化工原料,辽宁,19980902,000881.SZ,20160714,22.36,22.38,21.79,22.15,22.19,-0.04,-0.18,49192.86,108809.2076,1.5974,1.9584,0.95,,,8.2669,3.2582,3.2241,,,30891.84,30796.4083,25119.1301,684254.256,682140.4438,,,4.889
000881,中广核技,化工原料,辽宁,19980902,000881.SZ,20160713,22.0,22.48,21.85,22.19,21.95,0.24,1.09,78026.94,173622.5107,2.5336,3.1063,1.54,,,8.2818,3.2641,3.23,,,30891.84,30796.4083,25119.1301,685489.9296,683372.3002,,,4.889
000881,中广核技,化工原料,辽宁,19980902,000881.SZ,20160712,21.88,22.35,21.4,21.95,21.58,0.37,1.71,66344.31,145122.946,2.1543,2.6412,1.39,,,8.1923,3.2288,3.195,,,30891.84,30796.4083,25119.1301,678075.888,675981.1622,,,4.889
000881,中广核技,化工原料,辽宁,19980902,000881.SZ,20160711,21.59,21.99,21.5,21.58,21.58,0.0,0.0,48665.75,105832.1009,1.5802,1.9374,1.05,,,8.0542,3.1743,3.1412,,,30891.84,30796.4083,25119.1301,666645.9072,664586.4911,,,4.889
000881,中广核技,化工原料,辽宁,19980902,000881.SZ,20160708,21.56,21.86,21.38,21.58,21.55,0.03,0.14,35095.33,75880.8929,1.1396,1.3972,0.64,,,8.0542,3.1743,3.1412,,,30891.84,30796.4083,25119.1301,666645.9072,664586.4911,,,4.889
000881,中广核技,化工原料,辽宁,19980902,000881.SZ,20160707,21.9,21.9,21.4,21.55,21.8,-0.25,-1.15,31952.68,68836.9034,1.0375,1.272,0.53,,,8.043,3.1699,3.1368,,,30891.84,30796.4083,25119.1301,665719.152,663662.5989,,,4.889
000881,中广核技,化工原料,辽宁,19980902,000881.SZ,20160706,21.54,21.96,21.28,21.8,21.69,0.11,0.51,70845.18,152796.1633,2.3004,2.8204,1.1,,,8.1363,3.2067,3.1732,,,30891.84,30796.4083,25119.1301,673442.112,671361.7009,,,4.889
000881,中广核技,化工原料,辽宁,19980902,000881.SZ,20160705,21.79,22.21,21.51,21.69,21.65,0.04,0.18,51819.71,113314.0108,1.6827,2.063,0.75,,,8.0952,3.1905,3.1572,,,30891.84,30796.4083,25119.1301,670044.0096,667974.096,,,4.889
000881,中广核技,化工原料,辽宁,19980902,000881.SZ,20160704,21.4,21.75,21.19,21.65,21.65,0.0,0.0,41446.2,89192.0009,1.3458,1.65,0.58,,,8.0803,3.1846,3.1514,,,30891.84,30796.4083,25119.1301,668808.336,666742.2397,,,4.889
000881,中广核技,化工原料,辽宁,19980902,000881.SZ,20160701,22.07,22.1,21.02,21.65,22.07,-0.42,-1.9,76563.94,164316.9952,2.4861,3.048,1.09,,,8.0803,3.1846,3.1514,,,30891.84,30796.4083,25119.1301,668808.336,666742.2397,,,4.889
000881,中广核技,化工原料,辽宁,19980902,000881.SZ,20160630,22.05,22.3,21.71,22.07,22.28,-0.21,-0.94,60764.56,133413.3458,1.9731,2.4191,0.9,,,8.2371,3.2464,3.2125,,,30891.84,30796.4083,25119.1301,681782.9088,679676.7312,,,4.889
000881,中广核技,化工原料,辽宁,19980902,000881.SZ,20160629,21.72,22.38,21.0,22.28,21.7,0.58,2.67,91857.44,199989.4572,2.9827,3.6569,1.59,,,8.3154,3.2773,3.2431,,,30891.84,30796.4083,25119.1301,688270.1952,686143.9769,,,4.889
000881,中广核技,化工原料,辽宁,19980902,000881.SZ,20160628,20.97,21.88,20.55,21.7,20.99,0.71,3.38,76358.88,163046.3016,2.4795,3.0399,1.35,,,8.099,3.192,3.1586,,,30891.84,30796.4083,25119.1301,670352.928,668282.0601,,,4.889
000881,中广核技,化工原料,辽宁,19980902,000881.SZ,20160627,20.38,21.0,20.17,20.99,20.54,0.45,2.19,49214.93,102043.4917,1.5981,1.9593,0.78,,,7.834,3.0876,3.0553,,,30891.84,30796.4083,25119.1301,648419.7216,646416.6102,,,4.889
000881,中广核技,化工原料,辽宁,19980902,000881.SZ,20160624,20.2,20.89,19.2,20.54,20.17,0.37,1.83,73367.8,149048.6592,2.3823,2.9208,1.31,,,7.666,3.0214,2.9898,,,30891.84,30796.4083,25119.1301,634518.3936,632558.2265,,,4.889
000881,中广核技,化工原料,辽宁,19980902,000881.SZ,20160623,20.35,20.38,19.85,20.17,20.3,-0.13,-0.64,46029.0,92459.9231,1.4946,1.8324,0.8,,,7.5279,2.9669,2.9359,,,30891.84,30796.4083,25119.1301,623088.4128,621163.5554,,,4.889
000881,中广核技,化工原料,辽宁,19980902,000881.SZ,20160622,20.3,20.37,19.92,20.3,20.2,0.1,0.5,44470.03,89804.2464,1.444,1.7704,0.73,,,7.5764,2.9861,2.9548,,,30891.84,30796.4083,25119.1301,627104.352,625167.0885,,,4.889
000881,中广核技,化工原料,辽宁,19980902,000881.SZ,20160621,20.8,20.85,20.1,20.2,20.74,-0.54,-2.6,70228.7,143207.8799,2.2804,2.7958,1.16,,,7.5391,2.9713,2.9403,0.0,,30891.84,30796.4083,25119.1301,624015.168,622087.4477,,,4.889
000881,中广核技,化工原料,辽宁,19980902,000881.SZ,20160620,21.0,21.05,20.02,20.74,21.31,-0.57,-2.67,82110.02,167986.266,2.6662,3.2688,1.13,,,7.7407,3.0508,3.0189,0.0,,30891.84,30796.4083,25119.1301,640696.7616,638717.5081,,,4.889
000881,中广核技,化工原料,辽宁,19980902,000881.SZ,20160617,21.32,21.45,21.02,21.31,21.2,0.11,0.52,36703.88,77810.4645,1.1918,1.4612,0.43,,,7.9534,3.1346,3.1019,0.0,,30891.84,30796.4083,25119.1301,658305.1104,656271.4609,,,4.889
000881,中广核技,化工原料,辽宁,19980902,000881.SZ,20160616,21.3,21.98,20.82,21.2,21.13,0.07,0.33,53277.15,113163.3351,1.73,2.121,0.54,,,7.9123,3.1184,3.0858,0.0,,30891.84,30796.4083,25119.1301,654907.008,652883.856,,,4.889
000881,中广核技,化工原料,辽宁,19980902,000881.SZ,20160615,20.5,21.39,20.23,21.13,20.8,0.33,1.59,60778.57,128188.907,1.9736,2.4196,0.61,,,7.8862,3.1081,3.0757,0.0,,30891.84,30796.4083,25119.1301,652744.5792,650728.1074,,,4.889
000881,中广核技,化工原料,辽宁,19980902,000881.SZ,20160614,20.65,20.88,20.02,20.8,20.95,-0.15,-0.72,70317.1,143258.216,2.2833,2.7993,0.72,,,7.7631,3.0596,3.0276,0.0,,30891.84,30796.4083,25119.1301,642550.272,640565.2926,,,4.889
000881,中广核技,化工原料,辽宁,19980902,000881.SZ,20160613,21.6,21.89,20.47,20.95,22.17,-1.22,-5.5,141701.55,299641.2657,4.6012,5.6412,1.78,,,7.819,3.0817,3.0495,0.0,,30891.84,30796.4083,25119.1301,647184.048,645184.7539,,,4.889
000881,中广核技,化工原料,辽宁,19980902,000881.SZ,20160608,21.96,22.67,21.52,22.17,22.18,-0.01,-0.05,105679.04,234298.3342,3.4315,4.2071,1.5,,,8.2744,3.2611,3.227,0.0,,30891.84,30796.4083,25119.1301,684872.0928,682756.372,,,4.889
000881,中广核技,化工原料,辽宁,19980902,000881.SZ,20160607,20.6,22.48,20.6,22.18,20.59,1.59,7.72,111327.22,238164.5517,3.6149,4.432,1.77,,,8.2781,3.2626,3.2285,0.0,,30891.84,30796.4083,25119.1301,685181.0112,683064.3361,,,4.889
000881,中广核技,化工原料,辽宁,19980902,000881.SZ,20160606,20.1,21.1,20.1,20.59,20.04,0.55,2.74,68037.21,139477.0414,2.2093,2.7086,1.18,,,7.6847,3.0287,2.9971,0.0,,30891.84,30796.4083,25119.1301,636062.9856,634098.0469,,,4.889
000881,中广核技,化工原料,辽宁,19980902,000881.SZ,20160603,19.8,20.1,19.64,20.04,19.78,0.26,1.31,62243.92,123877.4063,2.0211,2.4779,0.98,,,7.4794,2.9478,2.917,0.0,,30891.84,30796.4083,25119.1301,619072.4736,617160.0223,,,4.889
000881,中广核技,化工原料,辽宁,19980902,000881.SZ,20160602,19.85,19.92,19.4,19.78,19.68,0.1,0.51,51504.84,101268.2167,1.6724,2.0504,0.86,,,7.3824,2.9096,2.8792,0.0,,30891.84,30796.4083,25119.1301,611040.5952,609152.9562,,,4.889
000881,中广核技,化工原料,辽宁,19980902,000881.SZ,20160601,20.0,20.1,19.58,19.68,19.69,-0.01,-0.05,58063.44,114993.6824,1.8854,2.3115,1.07,,,7.345,2.8949,2.8646,0.0,,30891.84,30796.4083,25119.1301,607951.4112,606073.3153,,,4.889
000881,中广核技,化工原料,辽宁,19980902,000881.SZ,20160531,19.0,19.99,19.0,19.69,19.04,0.65,3.41,74524.67,144879.1143,2.4199,2.9668,1.56,,,7.3488,2.8963,2.8661,0.0,,30891.84,30796.4083,25119.1301,608260.3296,606381.2794,,,4.889
000881,中广核技,化工原料,辽宁,19980902,000881.SZ,20160530,19.23,19.33,18.85,19.04,19.21,-0.17,-0.89,41902.28,79946.2648,1.3606,1.6681,0.91,,,7.1062,2.8007,2.7714,0.0,,30891.84,30796.4083,25119.1301,588180.6336,586363.614,,,4.889
000881,中广核技,化工原料,辽宁,19980902,000881.SZ,20160527,19.39,19.39,18.58,19.21,18.28,0.93,5.09,92034.07,176131.8929,2.9885,3.6639,2.46,,,7.1696,2.8257,2.7962,0.0,,30891.84,30796.4083,25119.1301,593432.2464,591599.0034,,,4.889
000881,中广核技,化工原料,辽宁,19980902,000881.SZ,20160526,18.09,18.28,17.68,18.28,18.09,0.19,1.05,32344.64,58315.6213,1.0503,1.2876,0.78,,,6.8225,2.6889,2.6608,0.0,,30891.84,30796.4083,25119.1301,564702.8352,562958.3437,,,4.889
000881,中广核技,化工原料,辽宁,19980902,000881.SZ,20160525,18.39,18.39,17.8,18.09,18.08,0.01,0.06,31175.87,56264.799,1.0123,1.2411,0.63,,,6.7516,2.661,2.6332,0.0,,30891.84,30796.4083,25119.1301,558833.3856,557107.0261,,,4.889
000881,中广核技,化工原料,辽宁,19980902,000881.SZ,20160524,18.4,18.4,17.8,18.08,18.36,-0.28,-1.53,42108.43,75670.0553,1.3673,1.6763,0.84,,,6.7479,2.6595,2.6317,0.0,,30891.84,30796.4083,25119.1301,558524.4672,556799.0621,,,4.889
000881,中广核技,化工原料,辽宁,19980902,000881.SZ,20160523,18.19,18.59,18.19,18.36,18.19,0.17,0.93,32237.83,59380.5271,1.0468,1.2834,0.58,,,6.8524,2.7007,2.6725,0.0,,30891.84,30796.4083,25119.1301,567174.1824,565422.0564,,,4.889
000881,中广核技,化工原料,辽宁,19980902,000881.SZ,20160520,17.88,18.39,17.52,18.19,17.88,0.31,1.73,49329.25,89038.6716,1.6018,1.9638,0.81,,,6.7889,2.6757,2.6477,0.0,,30891.84,30796.4083,25119.1301,561922.5696,560186.667,,,4.889
000881,中广核技,化工原料,辽宁,19980902,000881.SZ,20160519,18.02,18.34,17.8,17.88,18.16,-0.28,-1.54,51392.22,92761.9581,1.6688,2.0459,0.78,,,6.6732,2.6301,2.6026,0.0,,30891.84,30796.4083,25119.1301,552346.0992,550639.7804,,,4.889
000881,中广核技,化工原料,辽宁,19980902,000881.SZ,20160518,19.03,19.03,17.86,18.16,19.09,-0.93,-4.87,72585.25,132740.3932,2.3569,2.8896,1.09,,,6.7777,2.6713,2.6433,0.0,,30891.84,30796.4083,25119.1301,560995.8144,559262.7747,,,4.889
000881,中广核技,化工原料,辽宁,19980902,000881.SZ,20160517,18.9,19.22,18.74,19.09,18.97,0.12,0.63,44966.67,85345.0925,1.4601,1.7901,0.64,,,7.1248,2.8081,2.7787,0.0,,30891.84,30796.4083,25119.1301,589725.2256,587903.4344,,,4.889
000881,中广核技,化工原料,辽宁,19980902,000881.SZ,20160516,19.16,19.25,18.56,18.97,19.17,-0.2,-1.04,57328.49,107973.1249,1.8615,2.2823,0.73,,,7.0801,2.7904,2.7613,0.0,,30891.84,30796.4083,25119.1301,586018.2048,584207.8655,,,4.889
000881,中广核技,化工原料,辽宁,19980902,000881.SZ,20160513,18.96,19.63,18.88,19.17,19.15,0.02,0.1,78778.93,152070.4281,2.5581,3.1362,0.91,,,7.1547,2.8198,2.7904,0.0,,30891.84,30796.4083,25119.1301,592196.5728,590367.1471,,,4.889
000881,中广核技,化工原料,辽宁,19980902,000881.SZ,20160512,18.6,19.33,18.41,19.15,19.05,0.1,0.52,74241.28,140680.1853,2.4107,2.9556,0.79,,,7.1472,2.8169,2.7875,0.0,,30891.84,30796.4083,25119.1301,591578.736,589751.2189,,,4.889
000881,中广核技,化工原料,辽宁,19980902,000881.SZ,20160511,18.53,19.49,18.21,19.05,18.43,0.62,3.36,77250.37,145869.5396,2.5084,3.0754,0.8,,,7.1099,2.8022,2.7729,0.0,,30891.84,30796.4083,25119.1301,588489.552,586671.5781,,,4.889
000881,中广核技,化工原料,辽宁,19980902,000881.SZ,20160510,18.75,18.96,18.0,18.43,18.75,-0.32,-1.71,62697.7,116011.2011,2.0359,2.496,0.52,,,6.8785,2.711,2.6827,0.0,,30891.84,30796.4083,25119.1301,569336.6112,567577.805,,,4.889
000881,中广核技,化工原料,辽宁,19980902,000881.SZ,20160509,19.27,19.29,18.5,18.75,19.4,-0.65,-3.35,98603.63,185467.3759,3.2018,3.9254,0.7,,,6.9979,2.7581,2.7292,0.0,,30891.84,30796.4083,25119.1301,579222.0,577432.6556,,,4.889
000881,中广核技,化工原料,辽宁,19980902,000881.SZ,20160506,20.33,20.52,19.22,19.4,20.32,-0.92,-4.53,117757.89,232472.6297,3.8238,4.688,0.88,,,7.2405,2.8537,2.8238,0.0,,30891.84,30796.4083,25119.1301,599301.696,597450.321,,,4.889
000881,中广核技,化工原料,辽宁,19980902,000881.SZ,20160505,19.8,20.74,19.77,20.32,19.85,0.47,2.37,113684.25,231587.7957,3.6915,4.5258,0.83,,,7.5839,2.989,2.9578,0.0,,30891.84,30796.4083,25119.1301,627722.1888,625783.0167,,,4.889
000881,中广核技,化工原料,辽宁,19980902,000881.SZ,20160504,19.88,20.19,19.65,19.85,20.03,-0.18,-0.9,91292.08,182086.6203,2.9644,3.6344,0.67,,,7.4085,2.9199,2.8893,0.0,,30891.84,30796.4083,25119.1301,613203.024,611308.7048,,,4.889
000881,中广核技,化工原料,辽宁,19980902,000881.SZ,20160503,19.3,20.43,18.95,20.03,19.27,0.76,3.94,178956.79,351724.5199,5.811,7.1243,1.46,,,7.4757,2.9463,2.9155,0.0,,30891.84,30796.4083,25119.1301,618763.5552,616852.0582,,,4.889
000881,中广核技,化工原料,辽宁,19980902,000881.SZ,20160429,17.9,19.36,17.61,19.27,17.69,1.58,8.93,203751.26,381266.3565,6.6161,8.1114,2.3,,,7.192,2.8345,2.8049,0.0,,30891.84,30796.4083,25119.1301,595285.7568,593446.7879,,,4.889
000881,中广核技,化工原料,辽宁,19980902,000881.SZ,20160428,18.06,18.1,17.35,17.69,18.0,-0.31,-1.72,84541.74,149112.2265,2.7452,3.3656,1.06,,,6.6107,2.6021,2.6021,0.0,,30891.84,30796.4083,25119.1301,546476.6496,544788.4628,,,4.889
000881,中广核技,化工原料,辽宁,19980902,000881.SZ,20160427,17.49,18.2,17.3,18.0,17.53,0.47,2.68,130262.39,232277.9222,4.2298,5.1858,1.88,,,6.7265,2.6477,2.6477,0.0,,30891.84,30796.4083,25119.1301,556053.12,554335.3494,21.0,17.18,4.889
000881,中广核技,化工原料,辽宁,19980902,000881.SZ,20160426,17.2,17.79,17.14,17.53,17.52,0.01,0.06,80895.46,140806.3029,2.6268,3.2205,1.24,,,6.5509,2.5786,2.5786,0.0,,30891.84,30796.4083,25119.1301,541533.9552,539861.0375,,,4.889
000881,中广核技,化工原料,辽宁,19980902,000881.SZ,20160425,16.71,17.98,16.5,17.52,16.7,0.82,4.91,115065.89,199420.5957,3.7363,4.5808,2.12,,,6.5472,2.5771,2.5771,0.0,,30891.84,30796.4083,25119.1301,541225.0368,539553.0734,,,4.889
000881,中广核技,化工原料,辽宁,19980902,000881.SZ,20160422,16.5,16.85,16.3,16.7,16.55,0.15,0.91,32174.89,53365.8007,1.0448,1.2809,0.53,,,6.2407,2.4565,2.4565,0.0,,30891.84,30796.4083,25119.1301,515893.728,514300.0186,,,4.889
000881,中广核技,化工原料,辽宁,19980902,000881.SZ,20160421,16.78,16.9,16.42,16.55,16.89,-0.34,-2.01,41834.86,69671.4474,1.3584,1.6655,0.52,,,6.1847,2.4344,2.4344,0.0,,30891.84,30796.4083,25119.1301,511259.952,509680.5574,,,4.889
000881,中广核技,化工原料,辽宁,19980902,000881.SZ,20160420,17.41,17.49,16.11,16.89,17.4,-0.51,-2.93,77000.12,129583.7286,2.5003,3.0654,0.89,,,6.3117,2.4845,2.4845,0.0,,30891.84,30796.4083,25119.1301,521763.1776,520151.3362,,,4.889
000881,中广核技,化工原料,辽宁,19980902,000881.SZ,20160419,17.16,17.57,16.96,17.4,16.98,0.42,2.47,59292.44,102736.1348,1.9253,2.3604,0.72,,,6.5023,2.5595,2.5595,0.0,,30891.84,30796.4083,25119.1301,537518.016,535857.5044,,,4.889
000881,中广核技,化工原料,辽宁,19980902,000881.SZ,20160418,17.21,17.42,16.91,16.98,17.5,-0.52,-2.97,61326.18,104729.3545,1.9913,2.4414,0.74,,,6.3454,2.4977,2.4977,0.0,,30891.84,30796.4083,25119.1301,524543.4432,522923.0129,,,4.889
000881,中广核技,化工原料,辽宁,19980902,000881.SZ,20160415,17.5,17.76,17.2,17.5,17.57,-0.07,-0.4,65625.77,114590.6229,2.131,2.6126,0.78,,,6.5397,2.5742,2.5742,0.0,,30891.84,30796.4083,25119.1301,540607.2,538937.1453,,,4.889
000881,中广核技,化工原料,辽宁,19980902,000881.SZ,20160414,17.26,17.95,17.13,17.57,17.17,0.4,2.33,141623.23,248663.2128,4.5987,5.6381,2.08,,,6.5659,2.5845,2.5845,0.0,,30891.84,30796.4083,25119.1301,542769.6288,541092.8938,,,4.889
000881,中广核技,化工原料,辽宁,19980902,000881.SZ,20160413,16.24,17.34,16.24,17.17,16.21,0.96,5.92,105739.93,179136.4103,3.4335,4.2095,1.73,,,6.4164,2.5256,2.5256,0.0,,30891.84,30796.4083,25119.1301,530412.8928,528774.3305,,,4.889
000881,中广核技,化工原料,辽宁,19980902,000881.SZ,20160412,16.55,16.55,16.13,16.21,16.59,-0.38,-2.29,37992.92,61952.6932,1.2337,1.5125,0.54,,,6.0576,2.3844,2.3844,0.0,,30891.84,30796.4083,25119.1301,500756.7264,499209.7785,,,4.889
000881,中广核技,化工原料,辽宁,19980902,000881.SZ,20160411,16.66,16.83,16.4,16.59,16.34,0.25,1.53,61537.12,102150.1941,1.9982,2.4498,0.9,,,6.1996,2.4403,2.4403,0.0,,30891.84,30796.4083,25119.1301,512495.6256,510912.4137,,,4.889
000881,中广核技,化工原料,辽宁,19980902,000881.SZ,20160408,16.71,16.75,16.14,16.34,16.8,-0.46,-2.74,75358.7,123588.5017,2.447,3.0001,1.04,,,6.1062,2.4036,2.4036,0.0,,30891.84,30796.4083,25119.1301,504772.6656,503213.3116,,,4.889
000881,中广核技,化工原料,辽宁,19980902,000881.SZ,20160407,17.3,17.32,16.71,16.8,17.25,-0.45,-2.61,59621.44,101289.0164,1.936,2.3735,0.78,,,6.2781,2.4712,2.4712,0.0,,30891.84,30796.4083,25119.1301,518982.912,517379.6594,,,4.889
000881,中广核技,化工原料,辽宁,19980902,000881.SZ,20160406,17.25,17.68,16.99,17.25,17.2,0.05,0.29,71518.43,123521.9736,2.3223,2.8472,0.94,,,6.4463,2.5374,2.5374,0.0,,30891.84,30796.4083,25119.1301,532884.24,531238.0432,,,4.889
000881,中广核技,化工原料,辽宁,19980902,000881.SZ,20160405,17.08,17.36,16.78,17.2,17.07,0.13,0.76,80758.21,138352.3724,2.6223,3.215,1.06,,,6.4276,2.5301,2.5301,0.0,,30891.84,30796.4083,25119.1301,531339.648,529698.2228,,,4.889
000881,中广核技,化工原料,辽宁,19980902,000881.SZ,20160401,17.17,17.34,16.6,17.07,17.37,-0.3,-1.73,54594.47,92478.0109,1.7728,2.1734,0.69,,,6.379,2.5109,2.5109,0.0,,30891.84,30796.4083,25119.1301,527323.7088,525694.6897,18.21,14.9,4.889
000881,中广核技,化工原料,辽宁,19980902,000881.SZ,20160331,17.5,18.0,17.02,17.37,17.0,0.37,2.18,94766.6,164845.3545,3.0772,3.7727,1.23,,,6.4911,2.5551,2.5551,0.0,,30891.84,30796.4083,25119.1301,536591.2608,534933.6122,,,4.889
000881,中广核技,化工原料,辽宁,19980902,000881.SZ,20160330,16.6,17.0,16.26,17.0,16.55,0.45,2.72,79904.99,133189.1181,2.5946,3.181,0.92,,,6.3529,2.5006,2.5006,0.0,,30891.84,30796.4083,25119.1301,525161.28,523538.9411,,,4.889
000881,中广核技,化工原料,辽宁,19980902,000881.SZ,20160329,16.6,16.6,15.85,16.55,16.67,-0.12,-0.72,70120.92,114138.8483,2.2769,2.7915,0.78,,,6.1847,2.4344,2.4344,0.0,,30891.84,30796.4083,25119.1301,511259.952,509680.5574,,,4.889
000881,中广核技,化工原料,辽宁,19980902,000881.SZ,20160328,17.28,17.36,16.41,16.67,17.18,-0.51,-2.97,81910.03,138445.9079,2.6597,3.2609,0.83,68.642,,6.2607,2.5372,2.2276,0.0,,30891.84,30796.4083,25119.1301,514966.9728,513376.1264,,,4.889
000881,中广核技,化工原料,辽宁,19980902,000881.SZ,20160325,17.15,17.44,16.9,17.18,17.12,0.06,0.35,69984.39,119703.4721,2.2725,2.7861,0.62,70.7421,,6.4522,2.6148,2.2957,0.0,,30891.84,30796.4083,25119.1301,530721.8112,529082.2946,,,4.889
000881,中广核技,化工原料,辽宁,19980902,000881.SZ,20160324,17.18,17.96,17.04,17.12,17.59,-0.47,-2.67,84045.06,146695.7842,2.7291,3.3459,0.73,70.495,,6.4297,2.6057,2.2877,0.0,,30891.84,30796.4083,25119.1301,528868.3008,527234.5101,,,4.889
000881,中广核技,化工原料,辽宁,19980902,000881.SZ,20160323,17.45,18.17,17.4,17.59,16.9,0.69,4.08,126335.5,223554.2954,4.1023,5.0295,1.26,72.4303,,6.6062,2.6772,2.3505,0.0,,30891.84,30796.4083,25119.1301,543387.4656,541708.822,,,4.889
000881,中广核技,化工原料,辽宁,19980902,000881.SZ,20160322,16.94,17.42,16.78,16.9,17.11,-0.21,-1.23,86781.03,147772.6748,2.8179,3.4548,0.91,69.5891,,6.347,2.5722,2.2583,0.0,,30891.84,30796.4083,25119.1301,522072.096,520459.3003,,,4.889
000881,中广核技,化工原料,辽宁,19980902,000881.SZ,20160321,16.45,17.19,16.45,17.11,16.38,0.73,4.46,127951.53,216991.0629,4.1548,5.0938,1.49,70.4538,,6.4259,2.6042,2.2864,0.0,,30891.84,30796.4083,25119.1301,528559.3824,526926.546,,,4.889
000881,中广核技,化工原料,辽宁,19980902,000881.SZ,20160318,15.5,16.8,15.5,16.38,15.43,0.95,6.16,138775.67,225391.3488,4.5062,5.5247,1.96,67.4479,,6.1517,2.4931,2.1888,0.0,,30891.84,30796.4083,25119.1301,506008.3392,504445.168,18.48,15.12,4.889
000881,中广核技,化工原料,辽宁,19980902,000881.SZ,20160317,14.89,15.8,14.81,15.43,14.75,0.68,4.61,93503.69,143354.9368,3.0362,3.7224,1.32,63.5361,,5.795,2.3485,2.0619,0.0,,30891.84,30796.4083,25119.1301,476661.0912,475188.5801,,,4.889
000881,中广核技,化工原料,辽宁,19980902,000881.SZ,20160316,15.45,15.45,14.69,14.75,15.16,-0.41,-2.7,53969.1,80774.3513,1.7524,2.1485,0.63,60.7361,,5.5396,2.245,1.971,0.0,,30891.84,30796.4083,25119.1301,455654.64,454247.0224,,,4.889
000881,中广核技,化工原料,辽宁,19980902,000881.SZ,20160315,15.06,15.55,14.95,15.16,15.09,0.07,0.46,60473.26,92303.4451,1.9636,2.4075,0.57,62.4243,,5.6935,2.3074,2.0258,0.0,,30891.84,30796.4083,25119.1301,468320.2944,466873.5498,,,4.889
000881,中广核技,化工原料,辽宁,19980902,000881.SZ,20160314,14.73,15.5,14.51,15.09,14.5,0.59,4.07,81721.58,123680.6468,2.6536,3.2534,0.75,62.1361,,5.6673,2.2967,2.0164,0.0,,30891.84,30796.4083,25119.1301,466157.8656,464717.8012,,,4.889
000881,中广核技,化工原料,辽宁,19980902,000881.SZ,20160311,14.33,14.75,14.02,14.5,14.5,0.0,0.0,64222.38,92453.7128,2.0854,2.5567,0.57,59.7066,,5.4457,2.2069,1.9376,0.0,,30891.84,30796.4083,25119.1301,447931.68,446547.9204,,,4.889
000881,中广核技,化工原料,辽宁,19980902,000881.SZ,20160310,15.39,15.45,14.45,14.5,15.21,-0.71,-4.67,94222.83,139342.3033,3.0595,3.751,0.88,59.7066,,5.4457,2.2069,1.9376,0.0,,30891.84,30796.4083,25119.1301,447931.68,446547.9204,18.21,14.9,4.889
000881,中广核技,化工原料,辽宁,19980902,000881.SZ,20160309,15.11,16.27,14.71,15.21,15.62,-0.41,-2.62,128467.46,199186.1035,4.1715,5.1143,1.27,62.6302,,5.7123,2.315,2.0325,0.0,,30891.84,30796.4083,25119.1301,469864.8864,468413.3702,,,4.889
000881,中广核技,化工原料,辽宁,19980902,000881.SZ,20160308,15.07,16.2,14.52,15.62,14.77,0.85,5.75,164417.58,255030.541,5.3389,6.5455,1.84,64.3185,,5.8663,2.3774,2.0873,0.0,,30891.84,30796.4083,25119.1301,482530.5408,481039.8976,,,4.889
000881,中广核技,化工原料,辽宁,19980902,000881.SZ,20160307,14.9,14.96,14.3,14.77,13.68,1.09,7.97,90972.66,132496.9532,2.954,3.6216,1.04,60.8184,,5.5471,2.248,1.9737,0.0,,30891.84,30796.4083,25119.1301,456272.4768,454862.9506,,,4.889
000881,中广核技,化工原料,辽宁,19980902,000881.SZ,20160304,14.67,14.77,13.4,13.68,14.69,-1.01,-6.88,80963.23,113679.2962,2.629,3.2232,0.92,56.3301,,5.1377,2.0821,1.828,0.0,,30891.84,30796.4083,25119.1301,422600.3712,421294.8655,,,4.889
000881,中广核技,化工原料,辽宁,19980902,000881.SZ,20160303,14.99,14.99,14.54,14.69,14.62,0.07,0.48,71872.34,106127.0639,2.3338,2.8613,0.7,60.489,,5.517,2.2359,1.963,0.0,,30891.84,30796.4083,25119.1301,453801.1296,452399.2379,,,4.889
000881,中广核技,化工原料,辽宁,19980902,000881.SZ,20160302,14.0,14.84,13.83,14.62,14.05,0.57,4.06,97407.89,139565.0166,3.163,3.8778,0.96,60.2008,,5.4907,2.2252,1.9536,0.0,,30891.84,30796.4083,25119.1301,451638.7008,450243.4893,,,4.889
000881,中广核技,化工原料,辽宁,19980902,000881.SZ,20160301,13.94,14.24,13.61,14.05,13.79,0.26,1.89,106023.29,147832.8459,3.4427,4.2208,0.98,57.8537,,5.2767,2.1384,1.8775,0.0,,30891.84,30796.4083,25119.1301,434030.352,432689.5366,,,4.889
000881,中广核技,化工原料,辽宁,19980902,000881.SZ,20160229,14.9,15.25,13.55,13.79,14.99,-1.2,-8.01,80985.98,113333.2525,2.6297,3.2241,0.72,56.7831,,5.179,2.0989,1.8427,0.0,,30891.84,30796.4083,25119.1301,425998.4736,424682.4705,,,4.889
000881,中广核技,化工原料,辽宁,19980902,000881.SZ,20160226,15.8,15.98,14.52,14.99,15.52,-0.53,-3.41,83679.14,127593.2814,2.7172,3.3313,0.74,61.7243,,5.6297,2.2815,2.0031,0.0,,30891.84,30796.4083,25119.1301,463068.6816,461638.1604,,,4.889
000881,中广核技,化工原料,辽宁,19980902,000881.SZ,20160225,17.16,17.19,15.52,15.52,17.24,-1.72,-9.98,143313.5,232590.2996,4.6536,5.7054,1.26,63.9067,,5.8288,2.3622,2.0739,0.0,,30891.84,30796.4083,25119.1301,479441.3568,477960.2568,,,4.889
000881,中广核技,化工原料,辽宁,19980902,000881.SZ,20160224,17.25,17.45,16.8,17.24,17.4,-0.16,-0.92,92378.72,157998.2552,2.9997,3.6776,0.71,70.9891,,6.4747,2.624,2.3037,0.0,,30891.84,30796.4083,25119.1301,532575.3216,530930.0791,,,4.889
000881,中广核技,化工原料,辽宁,19980902,000881.SZ,20160223,17.98,18.14,17.06,17.4,17.96,-0.56,-3.12,141919.66,247801.1519,4.6083,5.6499,1.09,71.648,,6.5348,2.6483,2.3251,0.0,,30891.84,30796.4083,25119.1301,537518.016,535857.5044,,,4.889
000881,中广核技,化工原料,辽宁,19980902,000881.SZ,20160222,18.3,18.31,17.72,17.96,17.74,0.22,1.24,99896.97,179187.568,3.2438,3.9769,0.8,73.9539,,6.7451,2.7336,2.4,0.0,,30891.84,30796.4083,25119.1301,554817.4464,553103.4931,,,4.889
000881,中广核技,化工原料,辽宁,19980902,000881.SZ,20160219,17.7,18.02,17.49,17.74,17.98,-0.24,-1.33,89787.4,159181.6875,2.9155,3.5745,0.73,73.048,,6.6625,2.7001,2.3706,0.0,,30891.84,30796.4083,25119.1301,548021.2416,546328.2832,,,4.889
000881,中广核技,化工原料,辽宁,19980902,000881.SZ,20160218,18.0,18.55,17.6,17.98,17.85,0.13,0.73,143918.82,259816.9374,4.6732,5.7295,1.18,74.0362,,6.7526,2.7366,2.4026,0.0,,30891.84,30796.4083,25119.1301,555435.2832,553719.4212,,,4.889
000881,中广核技,化工原料,辽宁,19980902,000881.SZ,20160217,17.38,18.3,17.2,17.85,17.45,0.4,2.29,176482.8,317345.3261,5.7306,7.0258,1.61,73.5009,,6.7038,2.7168,2.3853,0.0,,30891.84,30796.4083,25119.1301,551419.344,549715.8882,,,4.889
000881,中广核技,化工原料,辽宁,19980902,000881.SZ,20160216,16.4,17.45,16.4,17.45,16.39,1.06,6.47,140840.46,240455.896,4.5733,5.6069,1.28,71.8539,,6.5536,2.6559,2.3318,0.0,,30891.84,30796.4083,25119.1301,539062.608,537397.3248,,,4.889
000881,中广核技,化工原料,辽宁,19980902,000881.SZ,20160215,16.66,16.66,16.12,16.39,16.9,-0.51,-3.02,76950.91,126041.8044,2.4987,3.0634,0.63,67.4891,,6.1555,2.4946,2.1902,0.0,,30891.84,30796.4083,25119.1301,506317.2576,504753.132,,,4.889
000881,中广核技,化工原料,辽宁,19980902,000881.SZ,20160205,17.25,17.39,16.9,16.9,17.34,-0.44,-2.54,79500.48,135680.5723,2.5815,3.1649,0.57,69.5891,,6.347,2.5722,2.2583,0.0,,30891.84,30796.4083,25119.1301,522072.096,520459.3003,,,4.889
000881,中广核技,化工原料,辽宁,19980902,000881.SZ,20160204,16.98,17.5,16.73,17.34,16.86,0.48,2.85,136983.34,234575.2525,4.448,5.4533,0.91,71.4009,,6.5123,2.6392,2.3171,0.0,,30891.84,30796.4083,25119.1301,535664.5056,534009.7199,,,4.889
000881,中广核技,化工原料,辽宁,19980902,000881.SZ,20160203,16.0,16.86,15.8,16.86,16.56,0.3,1.81,115255.89,189201.1041,3.7425,4.5884,0.72,69.4244,,6.332,2.5661,2.253,0.0,,30891.84,30796.4083,25119.1301,520836.4224,519227.4439,,,4.889
000881,中广核技,化工原料,辽宁,19980902,000881.SZ,20160202,15.65,17.16,15.5,16.56,15.6,0.96,6.15,139396.79,230007.4128,4.5264,5.5494,0.84,68.1891,,6.2193,2.5205,2.2129,0.0,,30891.84,30796.4083,25119.1301,511568.8704,509988.5214,,,4.889
000881,中广核技,化工原料,辽宁,19980902,000881.SZ,20160201,17.0,17.0,15.58,15.6,16.94,-1.34,-7.91,135099.91,217769.0271,4.3869,5.3784,0.82,64.2361,,5.8588,2.3744,2.0846,0.0,,30891.84,30796.4083,25119.1301,481912.704,480423.9695,,,4.889
000881,中广核技,化工原料,辽宁,19980902,000881.SZ,20160129,15.6,17.24,15.55,16.94,16.27,0.67,4.12,174487.52,288323.3971,5.6658,6.9464,1.05,69.7538,,6.3621,2.5783,2.2637,0.0,,30891.84,30796.4083,25119.1301,523307.7696,521691.1566,,,4.889
000881,中广核技,化工原料,辽宁,19980902,000881.SZ,20160128,15.95,16.89,15.76,16.27,16.21,0.06,0.37,186890.86,305362.9855,6.0686,7.4402,1.05,66.995,,6.1104,2.4763,2.1741,0.0,,30891.84,30796.4083,25119.1301,502610.2368,501057.563,,,4.889
000881,中广核技,化工原料,辽宁,19980902,000881.SZ,20160127,16.16,16.47,15.12,16.21,16.01,0.2,1.25,159870.99,255441.7067,5.1912,6.3645,0.81,66.7479,,6.0879,2.4672,2.1661,0.0,,30891.84,30796.4083,25119.1301,500756.7264,499209.7785,,,4.889
000881,中广核技,化工原料,辽宁,19980902,000881.SZ,20160126,16.66,17.05,15.47,16.01,17.19,-1.18,-6.86,170926.3,275574.7185,5.5502,6.8046,0.74,65.9244,,6.0128,2.4368,2.1394,0.0,,30891.84,30796.4083,25119.1301,494578.3584,493050.4969,,,4.889
000881,中广核技,化工原料,辽宁,19980902,000881.SZ,20160125,17.11,17.6,16.66,17.19,17.0,0.19,1.12,135154.78,231945.6411,4.3887,5.3806,0.51,70.7832,,6.4559,2.6164,2.2971,0.0,,30891.84,30796.4083,25119.1301,531030.7296,529390.2587,,,4.889
000881,中广核技,化工原料,辽宁,19980902,000881.SZ,20160122,17.15,17.35,16.34,17.0,16.84,0.16,0.95,176372.75,298213.4081,5.7271,7.0215,0.56,70.0009,,6.3846,2.5874,2.2717,0.0,,30891.84,30796.4083,25119.1301,525161.28,523538.9411,,,4.889
000881,中广核技,化工原料,辽宁,19980902,000881.SZ,20160121,18.1,18.55,16.84,16.84,18.71,-1.87,-9.99,245493.11,433973.9865,7.9715,9.7732,0.8,69.3421,,6.3245,2.5631,2.2503,0.0,,30891.84,30796.4083,25119.1301,520218.5856,518611.5158,,,4.889
000881,中广核技,化工原料,辽宁,19980902,000881.SZ,20160120,18.76,19.58,18.3,18.71,19.2,-0.49,-2.55,256482.45,484330.7511,8.3283,10.2106,0.83,77.0422,,7.0268,2.8477,2.5002,0.0,,30891.84,30796.4083,25119.1301,577986.3264,576200.7993,,,4.889
000881,中广核技,化工原料,辽宁,19980902,000881.SZ,20160119,19.3,19.62,18.1,19.2,18.92,0.28,1.48,346803.49,651258.6782,11.2612,13.8063,1.11,79.0598,,7.2108,2.9223,2.5657,0.0,,30891.84,30796.4083,25119.1301,593123.328,591291.0394,,,4.889
000881,中广核技,化工原料,辽宁,19980902,000881.SZ,20160118,16.91,18.92,16.72,18.92,17.2,1.72,10.0,294863.56,533383.9353,9.5746,11.7386,1.0,77.9069,,7.1057,2.8797,2.5282,0.0,,30891.84,30796.4083,25119.1301,584473.6128,582668.045,,,4.889
000881,中广核技,化工原料,辽宁,19980902,000881.SZ,20160115,17.25,18.37,17.03,17.2,16.81,0.39,2.32,440000.18,778587.9366,14.2874,17.5165,1.67,70.8244,,6.4597,2.6179,2.2984,0.0,,30891.84,30796.4083,25119.1301,531339.648,529698.2228,,,4.889
000881,中广核技,化工原料,辽宁,19980902,000881.SZ,20160114,14.79,16.81,14.5,16.81,15.28,1.53,10.01,188053.35,301326.4093,6.1063,7.4865,0.78,69.2185,,6.3132,2.5585,2.2463,0.0,,30891.84,30796.4083,25119.1301,519291.8304,517687.6235,,,4.889
000881,中广核技,化工原料,辽宁,19980902,000881.SZ,20160113,16.36,16.43,15.21,15.28,16.33,-1.05,-6.43,267358.69,427342.0869,8.6815,10.6436,1.12,62.9184,,5.7386,2.3257,2.0418,0.0,,30891.84,30796.4083,25119.1301,472027.3152,470569.1188,17.16,14.04,4.889
000881,中广核技,化工原料,辽宁,19980902,000881.SZ,20160112,15.29,16.47,14.95,16.33,14.97,1.36,9.08,370656.34,592692.6308,12.0357,14.7559,1.67,67.242,,6.133,2.4855,2.1821,0.0,,30891.84,30796.4083,25119.1301,504463.7472,502905.3475,,,4.889
000881,中广核技,化工原料,辽宁,19980902,000881.SZ,20160111,16.1,17.08,14.97,14.97,16.63,-1.66,-9.98,210341.18,337269.3358,6.8301,8.3737,0.94,61.642,,5.6222,2.2785,2.0004,0.0,,30891.84,30796.4083,25119.1301,462450.8448,461022.2323,,,4.889
000881,中广核技,化工原料,辽宁,19980902,000881.SZ,20160108,16.7,17.2,15.15,16.63,16.61,0.02,0.12,280452.78,462052.9567,9.1067,11.1649,1.18,68.4773,,6.2456,2.5311,2.2222,0.0,,30891.84,30796.4083,25119.1301,513731.2992,512144.27,,,4.889
000881,中广核技,化工原料,辽宁,19980902,000881.SZ,20160107,17.9,18.03,16.61,16.61,18.45,-1.84,-9.97,70643.58,121318.2587,2.2939,2.8123,0.23,68.395,,6.2381,2.5281,2.2196,0.0,,30891.84,30796.4083,25119.1301,513113.4624,511528.3419,,,4.889
000881,中广核技,化工原料,辽宁,19980902,000881.SZ,20160106,17.82,18.69,17.4,18.45,18.16,0.29,1.6,260570.14,472164.5125,8.4611,10.3734,0.87,75.9715,,6.9292,2.8081,2.4654,0.0,,30891.84,30796.4083,25119.1301,569954.448,568193.7331,,,4.889
000881,中广核技,化工原料,辽宁,19980902,000881.SZ,20160105,17.02,18.37,17.01,18.16,17.53,0.63,3.59,289473.82,516034.4795,9.3996,11.524,0.93,74.7774,,6.8202,2.764,2.4267,0.0,,30891.84,30796.4083,25119.1301,560995.8144,559262.7747,,,4.889
000881,中广核技,化工原料,辽宁,19980902,000881.SZ,20160104,19.19,19.79,17.5,17.53,19.4,-1.87,-9.64,213356.44,401977.2064,6.928,8.4938,0.6,72.1833,,6.5836,2.6681,2.3425,0.0,,30891.84,30796.4083,25119.1301,541533.9552,539861.0375,,,4.889
000881,中广核技,化工原料,辽宁,19980902,000881.SZ,20151231,20.2,20.75,19.28,19.4,20.4,-1.0,-4.9,351360.61,706731.8736,11.4091,13.9878,0.88,79.8834,,7.2859,2.9527,2.5924,0.5155,,30891.84,30796.4083,25119.1301,599301.696,597450.321,,,4.889
000881,中广核技,化工原料,辽宁,19980902,000881.SZ,20151230,22.3,22.38,20.21,20.4,22.01,-1.61,-7.31,414687.03,869861.2258,13.4654,16.5088,0.88,84.0011,,7.6615,3.1049,2.726,0.4902,,30891.84,30796.4083,25119.1301,630193.536,628246.7293,,,4.889
000881,中广核技,化工原料,辽宁,19980902,000881.SZ,20151229,21.68,22.44,21.51,22.01,21.95,0.06,0.27,232026.38,510102.8356,7.5342,9.237,0.37,90.6306,,8.2662,3.35,2.9411,0.4543,,30891.84,30796.4083,25119.1301,679929.3984,677828.9467,,,4.889
000881,中广核技,化工原料,辽宁,19980902,000881.SZ,20151228,23.25,23.79,21.91,21.95,23.68,-1.73,-7.31,345963.72,786015.5571,11.2339,13.7729,0.62,90.3835,,8.2436,3.3409,2.9331,0.4556,,30891.84,30796.4083,25119.1301,678075.888,675981.1622,,,4.889
000881,中广核技,化工原料,辽宁,19980902,000881.SZ,20151225,22.6,23.8,22.13,23.68,23.3,0.38,1.63,439754.83,1010814.7219,14.2794,17.5068,0.93,97.5071,,8.8934,3.6042,3.1643,0.4223,,30891.84,30796.4083,25119.1301,731518.7712,729258.9485,,,4.889
000881,中广核技,化工原料,辽宁,19980902,000881.SZ,20151224,23.99,24.8,22.93,23.3,22.9,0.4,1.75,560842.51,1338721.4165,18.2113,22.3273,1.55,95.9424,,8.7506,3.5463,3.1135,0.4292,,30891.84,30796.4083,25119.1301,719779.872,717556.3134,,,4.889
000881,中广核技,化工原料,辽宁,19980902,000881.SZ,20151223,23.01,24.88,22.77,22.9,23.31,-0.41,-1.76,778362.37,1841587.2731,25.2745,30.9868,3.76,94.2953,,8.6004,3.4854,3.0601,0.4367,,30891.84,30796.4083,25119.1301,707423.136,705237.7501,,,4.889
000881,中广核技,化工原料,辽宁,19980902,000881.SZ,20151222,23.0,23.31,21.61,23.31,21.19,2.12,10.0,999743.05,2283121.203,32.463,39.8001,81.72,95.9836,,8.7544,3.5478,3.1149,0.429,,30891.84,30796.4083,25119.1301,720088.7904,717864.2775,,,4.889
000881,中广核技,化工原料,辽宁,19980902,000881.SZ,20151221,21.19,21.19,21.19,21.19,19.26,1.93,10.02,10747.41,22773.7618,0.349,0.4279,0.3,87.254,,7.9582,3.2252,2.8316,0.4719,,30891.84,30796.4083,25119.1301,654598.0896,652575.8919,,,4.889
000881,中广核技,化工原料,辽宁,19980902,000881.SZ,20151218,19.26,19.26,19.26,19.26,17.51,1.75,9.99,10028.72,19315.3147,0.3256,0.3992,0.11,79.3069,,7.2334,2.9314,2.5737,0.5192,,30891.84,30796.4083,25119.1301,594976.8384,593138.8239,,,4.889
000881,中广核技,化工原料,辽宁,19980902,000881.SZ,20151217,17.51,17.51,17.51,17.51,15.92,1.59,9.99,8890.98,15568.106,0.2887,0.354,0.05,72.1009,,6.5761,2.6651,2.3398,0.5711,,30891.84,30796.4083,25119.1301,540916.1184,539245.1093,,,4.889
000881,中广核技,化工原料,辽宁,19980902,000881.SZ,20151216,15.92,15.92,15.92,15.92,14.47,1.45,10.02,6343.98,10099.6162,0.206,0.2526,0.03,65.5538,,5.979,2.4231,2.1274,0.6281,,30891.84,30796.4083,25119.1301,491798.0928,490278.8201,,,4.889
000881,中广核技,化工原料,辽宁,19980902,000881.SZ,20151215,14.47,14.47,14.47,14.47,13.15,1.32,10.04,25157.29,36402.5986,0.8169,1.0015,0.1,59.5831,,5.4344,2.2024,1.9336,0.6911,,30891.84,30796.4083,25119.1301,447004.9248,445624.0281,,,4.889
000881,中广核技,化工原料,辽宁,19980902,000881.SZ,20150421,12.99,13.22,12.7,13.15,12.61,0.54,4.28,128885.37,167484.8551,4.1851,5.131,0.49,37.4906,43.3921,2.4776,2.0335,1.8437,0.7605,0.7605,30891.84,30796.4083,25119.1301,406227.696,404972.7691,,,4.889
000881,中广核技,化工原料,辽宁,19980902,000881.SZ,20150420,13.22,13.22,12.55,12.61,13.22,-0.61,-4.61,304283.65,392399.5899,9.8805,12.1136,1.09,35.9511,41.6102,2.3759,1.95,1.768,0.793,0.793,30891.84,30796.4083,25119.1301,389546.1024,388342.7087,,,4.889
000881,中广核技,化工原料,辽宁,19980902,000881.SZ,20150417,12.19,13.22,12.19,13.22,12.02,1.2,9.98,440296.76,569267.8146,14.297,17.5283,1.83,37.6902,43.6231,2.4908,2.0444,1.8535,0.7564,0.7564,30891.84,30796.4083,25119.1301,408390.1248,407128.5177,,,4.889
000881,中广核技,化工原料,辽宁,19980902,000881.SZ,20150416,11.58,12.1,11.2,12.02,11.83,0.19,1.61,152087.4,178323.1851,4.9385,6.0546,0.62,34.269,39.6633,2.2647,1.8588,1.6852,0.8319,0.8319,30891.84,30796.4083,25119.1301,371319.9168,370172.8278,,,4.889
000881,中广核技,化工原料,辽宁,19980902,000881.SZ,20150415,12.55,12.55,11.82,11.83,12.59,-0.76,-6.04,172925.32,209482.3137,5.6151,6.8842,0.7,33.7273,39.0364,2.2289,1.8294,1.6586,0.8453,0.8453,30891.84,30796.4083,25119.1301,365450.4672,364321.5102,,,4.889
000881,中广核技,化工原料,辽宁,19980902,000881.SZ,20150414,12.57,12.8,12.26,12.59,12.6,-0.01,-0.08,248159.04,311141.6007,8.0581,9.8793,1.07,35.8941,41.5442,2.3721,1.9469,1.7652,0.7943,0.7943,30891.84,30796.4083,25119.1301,388928.2656,387726.7805,,,4.889
000881,中广核技,化工原料,辽宁,19980902,000881.SZ,20150413,11.88,12.81,11.85,12.6,11.69,0.91,7.78,384688.26,478480.4598,12.4913,15.3146,2.04,35.9226,41.5772,2.374,1.9485,1.7666,0.7937,0.7937,30891.84,30796.4083,25119.1301,389237.184,388034.7446,,,4.889
000881,中广核技,化工原料,辽宁,19980902,000881.SZ,20150410,10.85,11.69,10.8,11.69,10.85,0.84,7.74,248388.31,280588.9315,8.0655,9.8884,1.49,33.3282,38.5744,2.2025,1.8078,1.639,0.8554,0.8554,30891.84,30796.4083,25119.1301,361125.6096,360010.013,,,4.889
000881,中广核技,化工原料,辽宁,19980902,000881.SZ,20150409,11.21,11.25,10.54,10.85,11.21,-0.36,-3.21,175155.03,189443.8234,5.6875,6.973,1.11,30.9333,35.8026,2.0443,1.6779,1.5212,0.9217,0.9217,30891.84,30796.4083,25119.1301,335176.464,334141.0301,,,4.889
000881,中广核技,化工原料,辽宁,19980902,000881.SZ,20150408,11.56,11.57,11.01,11.21,11.56,-0.35,-3.03,180636.67,203355.9684,5.8655,7.1912,1.12,31.9597,36.9905,2.1121,1.7335,1.5717,0.8921,0.8921,30891.84,30796.4083,25119.1301,346297.5264,345227.737,,,4.889
000881,中广核技,化工原料,辽宁,19980902,000881.SZ,20150407,11.34,11.62,11.32,11.56,11.31,0.25,2.21,175554.72,200944.6633,5.7005,6.9889,0.95,32.9575,38.1454,2.178,1.7877,1.6208,0.8651,0.8651,30891.84,30796.4083,25119.1301,357109.6704,356006.4799,,,4.889
000881,中广核技,化工原料,辽宁,19980902,000881.SZ,20150403,11.16,11.36,11.05,11.31,11.19,0.12,1.07,162510.11,182639.9403,5.2769,6.4696,0.86,32.2448,37.3205,2.1309,1.749,1.5857,0.8842,0.8842,30891.84,30796.4083,25119.1301,349386.7104,348307.3779,,,4.889
000881,中广核技,化工原料,辽宁,19980902,000881.SZ,20150402,11.15,11.31,11.01,11.19,11.07,0.12,1.08,140414.62,156826.7164,4.5594,5.5899,0.68,31.9027,36.9245,2.1083,1.7304,1.5689,0.8937,0.8937,30891.84,30796.4083,25119.1301,345679.6896,344611.8089,,,4.889
000881,中广核技,化工原料,辽宁,19980902,000881.SZ,20150401,10.95,11.15,10.9,11.07,10.99,0.08,0.73,128675.85,141862.7959,4.1783,5.1226,0.57,31.5605,36.5286,2.0857,1.7119,1.5521,0.9033,0.9033,30891.84,30796.4083,25119.1301,341972.6688,340916.2399,,,4.889
000881,中广核技,化工原料,辽宁,19980902,000881.SZ,20150331,11.19,11.34,10.92,10.99,11.19,-0.2,-1.79,202002.46,223557.8251,6.5593,8.0418,0.91,31.3325,36.2646,2.0707,1.6995,1.5408,0.9099,0.9099,30891.84,30796.4083,25119.1301,339501.3216,338452.5272,,,4.889
000881,中广核技,化工原料,辽宁,19980902,000881.SZ,20150330,10.68,11.43,10.61,11.19,10.6,0.59,5.57,289801.2,320433.2675,9.4102,11.5371,1.51,31.9027,36.9245,2.1083,1.7304,1.5689,0.8937,0.8937,30891.84,30796.4083,25119.1301,345679.6896,344611.8089,,,4.889
000881,中广核技,化工原料,辽宁,19980902,000881.SZ,20150327,10.53,10.78,10.0,10.6,10.53,0.07,0.66,182178.01,192893.2023,5.9156,7.2526,0.97,30.2206,34.9777,1.9972,1.6392,1.4862,0.9434,0.9434,30891.84,30796.4083,25119.1301,327453.504,326441.928,,,4.889
000881,中广核技,化工原料,辽宁,19980902,000881.SZ,20150326,10.43,10.83,10.31,10.53,10.5,0.03,0.29,223188.72,235496.8518,7.2472,8.8852,1.26,30.021,34.7467,1.984,1.6284,1.4763,0.9497,0.9497,30891.84,30796.4083,25119.1301,325291.0752,324286.1794,,,4.889
000881,中广核技,化工原料,辽宁,19980902,000881.SZ,20150325,10.0,10.6,9.98,10.5,10.11,0.39,3.86,234112.87,240795.326,7.602,9.3201,1.37,29.9355,34.6477,1.9783,1.6237,1.4721,0.9524,0.9524,30891.84,30796.4083,25119.1301,324364.32,323362.2872,,,4.889
000881,中广核技,化工原料,辽宁,19980902,000881.SZ,20150324,10.25,10.28,9.71,10.11,10.25,-0.14,-1.37,178558.87,179088.019,5.798,7.1085,1.07,28.8236,33.3608,1.9048,1.5634,1.4175,0.9891,0.9891,30891.84,30796.4083,25119.1301,312316.5024,311351.6879,,,4.889
000881,中广核技,化工原料,辽宁,19980902,000881.SZ,20150323,10.08,10.3,10.08,10.25,10.04,0.21,2.09,140064.15,143050.4076,4.5481,5.576,0.81,29.2227,33.8227,1.9312,1.5851,1.4371,0.9756,0.9756,30891.84,30796.4083,25119.1301,316641.36,315663.1851,,,4.889
000881,中广核技,化工原料,辽宁,19980902,000881.SZ,20150320,10.15,10.22,9.99,10.04,10.15,-0.11,-1.08,161657.31,162911.8965,5.2492,6.4356,0.93,28.624,33.1298,1.8917,1.5526,1.4076,0.996,0.996,30891.84,30796.4083,25119.1301,310154.0736,309195.9393,,,4.889
000881,中广核技,化工原料,辽宁,19980902,000881.SZ,20150319,10.17,10.37,10.05,10.15,10.32,-0.17,-1.65,168039.95,171027.5692,5.4565,6.6897,1.08,28.9376,33.4928,1.9124,1.5696,1.4231,0.9852,0.9852,30891.84,30796.4083,25119.1301,313552.176,312583.5442,,,4.889
000881,中广核技,化工原料,辽宁,19980902,000881.SZ,20150318,9.95,10.58,9.93,10.32,9.98,0.34,3.41,206777.87,211211.7638,6.7144,8.2319,1.59,29.4223,34.0537,1.9444,1.5959,1.4469,0.969,0.969,30891.84,30796.4083,25119.1301,318803.7888,317818.9337,,,4.889
000881,中广核技,化工原料,辽宁,19980902,000881.SZ,20150317,9.84,10.08,9.81,9.98,9.89,0.09,0.91,156400.03,155609.2961,5.0785,6.2263,1.36,28.4529,32.9318,1.8804,1.5433,1.3992,1.002,1.002,30891.84,30796.4083,25119.1301,308300.5632,307348.1548,,,4.889
000881,中广核技,化工原料,辽宁,19980902,000881.SZ,20150316,9.88,9.97,9.73,9.89,9.69,0.2,2.06,167890.6,165516.115,5.4516,6.6838,1.72,28.1964,32.6348,1.8634,1.5294,1.3866,1.0111,1.0111,30891.84,30796.4083,25119.1301,305520.2976,304576.4781,,,4.889
000881,中广核技,化工原料,辽宁,19980902,000881.SZ,20150313,9.46,9.83,9.44,9.69,9.42,0.27,2.87,166862.66,160894.7874,5.4183,6.6429,1.98,27.6262,31.9749,1.8257,1.4985,1.3586,1.032,1.032,30891.84,30796.4083,25119.1301,299341.9296,298417.1964,,,4.889
000881,中广核技,化工原料,辽宁,19980902,000881.SZ,20150312,9.35,9.51,9.28,9.42,9.32,0.1,1.07,82102.4,77108.9586,2.666,3.2685,0.84,26.8564,31.0839,1.7748,1.4567,1.3207,1.0616,1.0616,30891.84,30796.4083,25119.1301,291001.1328,290102.1662,,,4.889
000881,中广核技,化工原料,辽宁,19980902,000881.SZ,20150311,9.36,9.48,9.27,9.32,9.4,-0.08,-0.85,76403.05,71603.2668,2.4809,3.0416,0.75,26.5713,30.7539,1.756,1.4413,1.3067,1.073,1.073,30891.84,30796.4083,25119.1301,287911.9488,287022.5254,,,4.889
000881,中广核技,化工原料,辽宁,19980902,000881.SZ,20150310,9.31,9.53,9.26,9.4,9.31,0.09,0.97,82686.05,78008.6085,2.6849,3.2918,0.68,26.7994,31.0179,1.7711,1.4536,1.3179,1.0638,1.0638,30891.84,30796.4083,25119.1301,290383.296,289486.238,,,4.889
000881,中广核技,化工原料,辽宁,19980902,000881.SZ,20150309,9.27,9.34,9.09,9.31,9.26,0.05,0.54,78845.81,72636.3304,2.5602,3.1389,0.62,26.5428,30.7209,1.7541,1.4397,1.3053,1.0741,1.0741,30891.84,30796.4083,25119.1301,287603.0304,286714.5613,,,4.889
000881,中广核技,化工原料,辽宁,19980902,000881.SZ,20150306,9.51,9.68,9.26,9.26,9.5,-0.24,-2.53,100697.6,95107.3215,3.2698,4.0088,0.8,26.4002,30.556,1.7447,1.432,1.2983,1.0799,1.0799,30891.84,30796.4083,25119.1301,286058.4384,285174.7409,,,4.889
000881,中广核技,化工原料,辽宁,19980902,000881.SZ,20150305,9.32,9.56,9.28,9.5,9.31,0.19,2.04,152014.1,143734.5167,4.9361,6.0517,1.26,27.0845,31.3479,1.7899,1.4691,1.3319,1.0526,1.0526,30891.84,30796.4083,25119.1301,293472.48,292565.8789,,,4.889
000881,中广核技,化工原料,辽宁,19980902,000881.SZ,20150304,9.21,9.36,9.17,9.31,9.25,0.06,0.65,94733.24,87909.2187,3.0761,3.7714,0.73,26.5428,30.7209,1.7541,1.4397,1.3053,1.0741,1.0741,30891.84,30796.4083,25119.1301,287603.0304,286714.5613,,,4.889
000881,中广核技,化工原料,辽宁,19980902,000881.SZ,20150303,9.24,9.66,9.13,9.25,9.28,-0.03,-0.32,182402.45,171372.8921,5.9228,7.2615,1.78,26.3717,30.523,1.7428,1.4304,1.2969,1.0811,1.0811,30891.84,30796.4083,25119.1301,285749.52,284866.7768,,,4.889
000881,中广核技,化工原料,辽宁,19980902,000881.SZ,20150302,9.2,9.28,9.1,9.28,9.16,0.12,1.31,105468.34,97065.2449,3.4247,4.1987,1.17,26.4573,30.622,1.7485,1.4351,1.3011,1.0776,1.0776,30891.84,30796.4083,25119.1301,286676.2752,285790.669,,,4.889
000881,中广核技,化工原料,辽宁,19980902,000881.SZ,20150227,9.19,9.28,9.09,9.16,9.18,-0.02,-0.22,91928.75,84164.6258,2.985,3.6597,1.12,26.1151,30.226,1.7259,1.4165,1.2843,1.0917,1.0917,30891.84,30796.4083,25119.1301,282969.2544,282095.1,,,4.889
000881,中广核技,化工原料,辽宁,19980902,000881.SZ,20150226,9.05,9.3,9.04,9.18,9.03,0.15,1.66,130007.35,119161.4871,4.2215,5.1756,2.13,26.1722,30.292,1.7296,1.4196,1.2871,1.0893,1.0893,30891.84,30796.4083,25119.1301,283587.0912,282711.0282,,,4.889
000881,中广核技,化工原料,辽宁,19980902,000881.SZ,20150225,8.84,9.37,8.79,9.03,8.84,0.19,2.15,140102.87,127658.5293,4.5493,5.5775,3.64,25.7445,29.797,1.7014,1.3964,1.266,1.1074,1.1074,30891.84,30796.4083,25119.1301,278953.3152,278091.5669,,,4.889
000881,中广核技,化工原料,辽宁,19980902,000881.SZ,20150217,8.81,8.85,8.74,8.84,8.8,0.04,0.45,44667.51,39327.0646,1.4504,1.7782,1.28,25.2028,29.17,1.6656,1.367,1.2394,1.1312,1.1312,30891.84,30796.4083,25119.1301,273083.8656,272240.2494,,,4.889
000881,中广核技,化工原料,辽宁,19980902,000881.SZ,20150216,8.7,8.83,8.63,8.8,8.67,0.13,1.5,43769.8,38284.7679,1.4213,1.7425,1.4,25.0888,29.0381,1.658,1.3608,1.2338,1.1364,1.1364,30891.84,30796.4083,25119.1301,271848.192,271008.393,,,4.889
000881,中广核技,化工原料,辽宁,19980902,000881.SZ,20150213,8.63,8.77,8.61,8.67,8.61,0.06,0.7,50416.26,43916.0431,1.6371,2.0071,1.73,24.7181,28.6091,1.6335,1.3407,1.2156,1.1534,1.1534,30891.84,30796.4083,25119.1301,267832.2528,267004.86,,,4.889
000881,中广核技,化工原料,辽宁,19980902,000881.SZ,20150212,8.51,8.64,8.51,8.61,8.51,0.1,1.18,25998.8,22299.441,0.8442,1.035,0.79,24.5471,28.4111,1.6222,1.3315,1.2072,1.1614,1.1614,30891.84,30796.4083,25119.1301,265978.7424,265157.0755,,,4.889
000881,中广核技,化工原料,辽宁,19980902,000881.SZ,20150211,8.46,8.53,8.43,8.51,8.42,0.09,1.07,27681.54,23505.0891,0.8989,1.102,0.76,24.262,28.0811,1.6034,1.316,1.1931,1.1751,1.1751,30891.84,30796.4083,25119.1301,262889.5584,262077.4346,,,4.889
000881,中广核技,化工原料,辽宁,19980902,000881.SZ,20150210,8.39,8.42,8.31,8.42,8.38,0.04,0.48,27154.75,22766.9237,0.8818,1.081,0.69,24.0054,27.7841,1.5864,1.3021,1.1805,1.1876,1.1876,30891.84,30796.4083,25119.1301,260109.2928,259305.7579,,,4.889
000881,中广核技,化工原料,辽宁,19980902,000881.SZ,20150209,8.32,8.44,8.3,8.38,8.39,-0.01,-0.12,24709.64,20716.4493,0.8024,0.9837,0.57,23.8914,27.6521,1.5789,1.2959,1.1749,1.1933,1.1933,30891.84,30796.4083,25119.1301,258873.6192,258073.9016,,,4.889
000881,中广核技,化工原料,辽宁,19980902,000881.SZ,20150206,8.47,8.59,8.36,8.39,8.47,-0.08,-0.94,40069.58,33914.7365,1.3011,1.5952,0.86,23.9199,27.6851,1.5808,1.2974,1.1763,1.1919,1.1919,30891.84,30796.4083,25119.1301,259182.5376,258381.8656,,,4.889
000881,中广核技,化工原料,辽宁,19980902,000881.SZ,20150205,8.71,8.72,8.37,8.47,8.61,-0.14,-1.63,45880.92,39478.7797,1.4898,1.8265,0.91,24.1479,27.9491,1.5959,1.3098,1.1875,1.1806,1.1806,30891.84,30796.4083,25119.1301,261653.8848,260845.5783,,,4.889
000881,中广核技,化工原料,辽宁,19980902,000881.SZ,20150204,8.71,8.72,8.59,8.61,8.7,-0.09,-1.03,44065.15,38210.8568,1.4309,1.7542,0.71,24.5471,28.4111,1.6222,1.3315,1.2072,1.1614,1.1614,30891.84,30796.4083,25119.1301,265978.7424,265157.0755,,,4.889
000881,中广核技,化工原料,辽宁,19980902,000881.SZ,20150203,8.57,8.71,8.57,8.7,8.57,0.13,1.52,41297.9,35768.363,1.341,1.6441,0.51,24.8037,28.7081,1.6392,1.3454,1.2198,1.1494,1.1494,30891.84,30796.4083,25119.1301,268759.008,267928.7522,,,4.889
000881,中广核技,化工原料,辽宁,19980902,000881.SZ,20150202,8.62,8.66,8.51,8.57,8.72,-0.15,-1.72,46694.3,40060.5074,1.5162,1.8589,0.52,24.433,28.2791,1.6147,1.3253,1.2015,1.1669,1.1669,30891.84,30796.4083,25119.1301,264743.0688,263925.2191,,,4.889
000881,中广核技,化工原料,辽宁,19980902,000881.SZ,20150130,8.88,8.95,8.72,8.72,8.88,-0.16,-1.8,54284.39,47962.2838,1.7627,2.1611,0.5,24.8607,28.7741,1.643,1.3485,1.2226,1.1468,1.1468,30891.84,30796.4083,25119.1301,269376.8448,268544.6804,,,4.889
000881,中广核技,化工原料,辽宁,19980902,000881.SZ,20150129,8.91,8.97,8.82,8.88,9.02,-0.14,-1.55,65888.84,58642.5043,2.1395,2.6231,0.52,25.3169,29.302,1.6731,1.3732,1.245,1.1261,1.1261,30891.84,30796.4083,25119.1301,274319.5392,273472.1057,,,4.889
000881,中广核技,化工原料,辽宁,19980902,000881.SZ,20150128,9.09,9.18,9.0,9.02,9.18,-0.16,-1.74,100469.88,91166.0027,3.2624,3.9997,0.79,25.716,29.764,1.6995,1.3949,1.2646,1.1086,1.1086,30891.84,30796.4083,25119.1301,278644.3968,277783.6029,,,4.889
000881,中广核技,化工原料,辽宁,19980902,000881.SZ,20150127,9.05,9.25,8.85,9.18,9.05,0.13,1.44,134233.05,121742.8997,4.3587,5.3439,1.15,26.1722,30.292,1.7296,1.4196,1.2871,1.0893,1.0893,30891.84,30796.4083,25119.1301,283587.0912,282711.0282,,,4.889
000881,中广核技,化工原料,辽宁,19980902,000881.SZ,20150126,8.91,9.06,8.76,9.05,8.93,0.12,1.34,98238.12,87935.6132,3.1899,3.9109,0.8,25.8015,29.863,1.7051,1.3995,1.2688,1.105,1.105,30891.84,30796.4083,25119.1301,279571.152,278707.4951,,,4.889
000881,中广核技,化工原料,辽宁,19980902,000881.SZ,20150123,8.99,9.2,8.9,8.93,9.04,-0.11,-1.22,145549.53,131594.2833,4.7262,5.7944,1.26,25.4594,29.467,1.6825,1.3809,1.252,1.1198,1.1198,30891.84,30796.4083,25119.1301,275864.1312,275011.9261,,,4.889
000881,中广核技,化工原料,辽宁,19980902,000881.SZ,20150122,8.78,9.15,8.7,9.04,8.78,0.26,2.96,150397.09,134473.2219,4.8836,5.9874,1.41,25.773,29.83,1.7032,1.398,1.2674,1.1062,1.1062,30891.84,30796.4083,25119.1301,279262.2336,278399.531,,,4.889
000881,中广核技,化工原料,辽宁,19980902,000881.SZ,20150121,8.47,8.81,8.45,8.78,8.46,0.32,3.78,111358.04,96307.246,3.6159,4.4332,1.04,25.0318,28.9721,1.6543,1.3578,1.231,1.139,1.139,30891.84,30796.4083,25119.1301,271230.3552,270392.4649,,,4.889
000881,中广核技,化工原料,辽宁,19980902,000881.SZ,20150120,8.24,8.52,8.24,8.46,8.19,0.27,3.3,80593.58,67786.6903,2.617,3.2085,0.65,24.1194,27.9161,1.594,1.3083,1.1861,1.182,1.182,30891.84,30796.4083,25119.1301,261344.9664,260537.6142,,,4.889
000881,中广核技,化工原料,辽宁,19980902,000881.SZ,20150119,8.53,8.63,8.05,8.19,8.85,-0.66,-7.46,125819.07,105771.8525,4.0855,5.0089,0.87,23.3497,27.0252,1.5431,1.2665,1.1483,1.221,1.221,30891.84,30796.4083,25119.1301,253004.1696,252222.584,,,4.889
000881,中广核技,化工原料,辽宁,19980902,000881.SZ,20150116,8.78,8.86,8.67,8.85,8.79,0.06,0.68,108349.01,95099.1746,3.5182,4.3134,0.44,25.2313,29.203,1.6674,1.3686,1.2408,1.1299,1.1299,30891.84,30796.4083,25119.1301,273392.784,272548.2135,,,4.889
000881,中广核技,化工原料,辽宁,19980902,000881.SZ,20150115,8.62,8.9,8.62,8.79,8.6,0.19,2.21,105408.63,92445.1465,3.4228,4.1963,0.39,25.0603,29.0051,1.6561,1.3593,1.2324,1.1377,1.1377,30891.84,30796.4083,25119.1301,271539.2736,270700.429,,,4.889
000881,中广核技,化工原料,辽宁,19980902,000881.SZ,20150114,8.8,8.81,8.56,8.6,8.86,-0.26,-2.93,113392.77,98449.9008,3.682,4.5142,0.44,24.5186,28.3781,1.6203,1.3299,1.2057,1.1628,1.1628,30891.84,30796.4083,25119.1301,265669.824,264849.1114,,,4.889
000881,中广核技,化工原料,辽宁,19980902,000881.SZ,20150113,9.0,9.14,8.71,8.86,9.05,-0.19,-2.1,170821.53,151488.0976,5.5468,6.8005,0.71,25.2598,29.236,1.6693,1.3701,1.2422,1.1287,1.1287,30891.84,30796.4083,25119.1301,273701.7024,272856.1775,,,4.889
000881,中广核技,化工原料,辽宁,19980902,000881.SZ,20150112,9.33,9.37,8.81,9.05,9.56,-0.51,-5.33,226442.37,205585.3643,7.3529,9.0147,1.09,25.8015,29.863,1.7051,1.3995,1.2688,1.105,1.105,30891.84,30796.4083,25119.1301,279571.152,278707.4951,,,4.889
000881,中广核技,化工原料,辽宁,19980902,000881.SZ,20150109,9.28,10.05,9.19,9.56,9.19,0.37,4.03,626249.19,606568.148,20.3351,24.9312,6.96,27.2555,31.5459,1.8012,1.4784,1.3403,1.046,1.046,30891.84,30796.4083,25119.1301,295325.9904,294413.6633,,,4.889
000881,中广核技,化工原料,辽宁,19980902,000881.SZ,20150108,8.33,9.19,8.31,9.19,8.35,0.84,10.06,216757.94,192892.0108,7.0384,8.6292,3.66,26.2007,30.325,1.7315,1.4212,1.2885,1.0881,1.0881,30891.84,30796.4083,25119.1301,283896.0096,283018.9923,,,4.889
000881,中广核技,化工原料,辽宁,19980902,000881.SZ,20150107,8.45,8.45,8.3,8.35,8.43,-0.08,-0.95,56647.74,47285.8515,1.8394,2.2552,0.9,23.8058,27.5532,1.5732,1.2913,1.1707,1.1976,1.1976,30891.84,30796.4083,25119.1301,257946.864,257150.0093,,,4.889
000881,中广核技,化工原料,辽宁,19980902,000881.SZ,20150106,8.27,8.43,8.23,8.43,8.3,0.13,1.57,72774.39,60751.2759,2.3631,2.8972,1.16,24.0339,27.8171,1.5883,1.3036,1.1819,1.1862,1.1862,30891.84,30796.4083,25119.1301,260418.2112,259613.722,,,4.889
000881,中广核技,化工原料,辽宁,19980902,000881.SZ,20150105,8.19,8.38,8.13,8.3,8.18,0.12,1.47,67228.32,55601.9107,2.183,2.6764,1.08,23.6633,27.3882,1.5638,1.2835,1.1637,1.2048,1.2048,30891.84,30796.4083,25119.1301,256402.272,255610.1889,,,4.889
000881,中广核技,化工原料,辽宁,19980902,000881.SZ,20141231,8.03,8.18,8.03,8.18,8.03,0.15,1.87,36383.17,29448.6396,1.1814,1.4484,0.55,23.3212,26.9922,1.5412,1.265,1.1469,1.2225,1.2225,30891.84,30796.4083,25119.1301,252695.2512,251914.6199,,,4.889
000881,中广核技,化工原料,辽宁,19980902,000881.SZ,20141230,8.24,8.27,8.0,8.03,8.24,-0.21,-2.55,63277.3,51459.5841,2.0547,2.5191,0.86,22.8935,26.4972,1.513,1.2418,1.1258,1.2453,1.2453,30891.84,30796.4083,25119.1301,248061.4752,247295.1586,,,4.889
000881,中广核技,化工原料,辽宁,19980902,000881.SZ,20141229,8.44,8.44,8.2,8.24,8.44,-0.2,-2.37,74529.8,61779.581,2.4201,2.9671,0.81,23.4922,27.1902,1.5525,1.2742,1.1553,1.2136,1.2136,30891.84,30796.4083,25119.1301,254548.7616,253762.4044,,,4.889
000881,中广核技,化工原料,辽宁,19980902,000881.SZ,20141226,8.44,8.46,8.35,8.44,8.4,0.04,0.48,72261.46,60785.8928,2.3464,2.8768,0.62,24.0624,27.8501,1.5902,1.3052,1.1833,1.1848,1.1848,30891.84,30796.4083,25119.1301,260727.1296,259921.6861,,,4.889
000881,中广核技,化工原料,辽宁,19980902,000881.SZ,20141225,8.35,8.47,8.32,8.4,8.36,0.04,0.48,65615.63,55061.0326,2.1306,2.6122,0.54,23.9484,27.7181,1.5827,1.299,1.1777,1.1905,1.1905,30891.84,30796.4083,25119.1301,259491.456,258689.8297,,,4.889
000881,中广核技,化工原料,辽宁,19980902,000881.SZ,20141224,8.31,8.39,8.23,8.36,8.21,0.15,1.83,57857.44,48007.7739,1.8787,2.3033,0.42,23.8343,27.5862,1.5751,1.2928,1.1721,1.1962,1.1962,30891.84,30796.4083,25119.1301,258255.7824,257457.9734,,,4.889
000881,中广核技,化工原料,辽宁,19980902,000881.SZ,20141223,8.6,8.6,8.17,8.21,8.7,-0.49,-5.63,95910.57,80682.7246,3.1143,3.8182,0.66,23.4067,27.0912,1.5469,1.2696,1.1511,1.218,1.218,30891.84,30796.4083,25119.1301,253622.0064,252838.5121,,,4.889
000881,中广核技,化工原料,辽宁,19980902,000881.SZ,20141222,9.5,9.52,8.67,8.7,9.45,-0.75,-7.94,166046.65,149096.4443,5.3918,6.6104,1.08,24.8037,28.7081,1.6392,1.3454,1.2198,1.1494,1.1494,30891.84,30796.4083,25119.1301,268759.008,267928.7522,,,4.889
000881,中广核技,化工原料,辽宁,19980902,000881.SZ,20141219,9.08,9.47,8.99,9.45,9.05,0.4,4.42,194725.09,180102.6009,6.323,7.7521,1.34,26.9419,31.1829,1.7805,1.4614,1.3249,1.0582,1.0582,30891.84,30796.4083,25119.1301,291927.888,291026.0584,,,4.889
000881,中广核技,化工原料,辽宁,19980902,000881.SZ,20141218,9.08,9.14,8.95,9.05,9.13,-0.08,-0.88,90742.99,81935.1699,2.9465,3.6125,0.5,25.8015,29.863,1.7051,1.3995,1.2688,1.105,1.105,30891.84,30796.4083,25119.1301,279571.152,278707.4951,,,4.889
000881,中广核技,化工原料,辽宁,19980902,000881.SZ,20141217,9.43,9.49,9.01,9.13,9.43,-0.3,-3.18,134461.99,123729.7461,4.3662,5.353,0.76,26.0296,30.127,1.7202,1.4119,1.2801,1.0953,1.0953,30891.84,30796.4083,25119.1301,282042.4992,281171.2078,,,4.889
000881,中广核技,化工原料,辽宁,19980902,000881.SZ,20141216,9.62,9.66,9.35,9.43,9.61,-0.18,-1.87,139396.9,131713.2608,4.5264,5.5494,0.7,26.8849,31.1169,1.7767,1.4583,1.3221,1.0604,1.0604,30891.84,30796.4083,25119.1301,291310.0512,290410.1303,,,4.889
000881,中广核技,化工原料,辽宁,19980902,000881.SZ,20141215,9.31,9.67,9.23,9.61,9.29,0.32,3.44,209385.12,198050.6435,6.799,8.3357,1.13,27.3981,31.7109,1.8106,1.4861,1.3474,1.0406,1.0406,30891.84,30796.4083,25119.1301,296870.5824,295953.4838,,,4.889
000881,中广核技,化工原料,辽宁,19980902,000881.SZ,20141212,9.41,9.45,9.2,9.29,9.41,-0.12,-1.28,150464.19,140039.8482,4.8858,5.99,0.81,26.4858,30.6549,1.7503,1.4366,1.3025,1.0764,1.0764,30891.84,30796.4083,25119.1301,286985.1936,286098.6331,,,4.889
000881,中广核技,化工原料,辽宁,19980902,000881.SZ,20141211,8.91,9.42,8.84,9.41,8.92,0.49,5.49,276005.93,254337.8379,8.9623,10.9879,1.7,26.8279,31.0509,1.773,1.4552,1.3193,1.0627,1.0627,30891.84,30796.4083,25119.1301,290692.2144,289794.2021,,,4.889
000881,中广核技,化工原料,辽宁,19980902,000881.SZ,20141210,8.68,8.95,8.61,8.92,8.75,0.17,1.94,112459.54,99204.1494,3.6517,4.477,0.67,25.4309,29.434,1.6806,1.3794,1.2506,1.1211,1.1211,30891.84,30796.4083,25119.1301,275555.2128,274703.962,,,4.889
000881,中广核技,化工原料,辽宁,19980902,000881.SZ,20141209,8.87,9.27,8.73,8.75,8.93,-0.18,-2.02,251083.53,227039.0495,8.153,9.9957,1.78,24.9462,28.8731,1.6486,1.3531,1.2268,1.1429,1.1429,30891.84,30796.4083,25119.1301,270303.6,269468.5726,,,4.889
000881,中广核技,化工原料,辽宁,19980902,000881.SZ,20141208,8.68,8.97,8.65,8.93,8.68,0.25,2.88,136130.48,120753.8146,4.4203,5.4194,0.96,25.4594,29.467,1.6825,1.3809,1.252,1.1198,1.1198,30891.84,30796.4083,25119.1301,275864.1312,275011.9261,,,4.889
000881,中广核技,化工原料,辽宁,19980902,000881.SZ,20141205,9.15,9.15,8.59,8.68,9.1,-0.42,-4.62,156256.79,137542.5012,5.0739,6.2206,1.12,24.7467,28.6421,1.6354,1.3423,1.217,1.1521,1.1521,30891.84,30796.4083,25119.1301,268141.1712,267312.824,,,4.889
000881,中广核技,化工原料,辽宁,19980902,000881.SZ,20141204,9.03,9.12,8.99,9.1,9.03,0.07,0.78,157411.35,142989.8232,5.1114,6.2666,1.16,25.9441,30.028,1.7146,1.4072,1.2759,1.0989,1.0989,30891.84,30796.4083,25119.1301,281115.744,280247.3155,,,4.889
000881,中广核技,化工原料,辽宁,19980902,000881.SZ,20141203,8.97,9.06,8.8,9.03,8.97,0.06,0.67,142166.96,126965.5752,4.6163,5.6597,1.03,25.7445,29.797,1.7014,1.3964,1.266,1.1074,1.1074,30891.84,30796.4083,25119.1301,278953.3152,278091.5669,,,4.889
000881,中广核技,化工原料,辽宁,19980902,000881.SZ,20141202,8.86,9.0,8.82,8.97,8.95,0.02,0.22,114396.25,102343.8766,3.7146,4.5541,0.74,25.5734,29.599,1.6901,1.3871,1.2576,1.1148,1.1148,30891.84,30796.4083,25119.1301,277099.8048,276243.7825,,,4.889
000881,中广核技,化工原料,辽宁,19980902,000881.SZ,20141201,8.92,9.0,8.72,8.95,8.96,-0.01,-0.11,139149.12,122875.2967,4.5184,5.5396,0.88,25.5164,29.533,1.6863,1.384,1.2548,1.1173,1.1173,30891.84,30796.4083,25119.1301,276481.968,275627.8543,,,4.889
000881,中广核技,化工原料,辽宁,19980902,000881.SZ,20141128,9.12,9.15,8.87,8.96,9.1,-0.14,-1.54,147088.54,132732.2511,4.7762,5.8556,0.99,25.5449,29.566,1.6882,1.3856,1.2562,1.1161,1.1161,30891.84,30796.4083,25119.1301,276790.8864,275935.8184,,,4.889
000881,中广核技,化工原料,辽宁,19980902,000881.SZ,20141127,9.07,9.15,9.01,9.1,9.06,0.04,0.44,133098.38,120787.0229,4.3219,5.2987,0.94,25.9441,30.028,1.7146,1.4072,1.2759,1.0989,1.0989,30891.84,30796.4083,25119.1301,281115.744,280247.3155,,,4.889
000881,中广核技,化工原料,辽宁,19980902,000881.SZ,20141126,9.16,9.17,8.95,9.06,9.18,-0.12,-1.31,153419.38,138840.8009,4.9817,6.1077,1.15,25.83,29.896,1.707,1.401,1.2702,1.1038,1.1038,30891.84,30796.4083,25119.1301,279880.0704,279015.4592,,,4.889
000881,中广核技,化工原料,辽宁,19980902,000881.SZ,20141125,9.02,9.23,8.97,9.18,9.0,0.18,2.0,200061.21,182243.4366,6.4963,7.9645,1.66,26.1722,30.292,1.7296,1.4196,1.2871,1.0893,1.0893,30891.84,30796.4083,25119.1301,283587.0912,282711.0282,,,4.889
000881,中广核技,化工原料,辽宁,19980902,000881.SZ,20141124,8.98,9.07,8.85,9.0,8.9,0.1,1.12,153099.41,137446.8292,4.9713,6.0949,1.32,25.659,29.698,1.6957,1.3918,1.2618,1.1111,1.1111,30891.84,30796.4083,25119.1301,278026.56,277167.6747,,,4.889
000881,中广核技,化工原料,辽宁,19980902,000881.SZ,20141121,8.82,8.96,8.76,8.9,8.87,0.03,0.34,103884.47,92097.1234,3.3733,4.1357,0.85,25.3739,29.368,1.6769,1.3763,1.2478,1.1236,1.1236,30891.84,30796.4083,25119.1301,274937.376,274088.0339,,,4.889
000881,中广核技,化工原料,辽宁,19980902,000881.SZ,20141120,8.88,8.94,8.71,8.87,8.96,-0.09,-1.0,95575.58,84311.9177,3.1035,3.8049,0.63,25.2883,29.269,1.6712,1.3717,1.2436,1.1274,1.1274,30891.84,30796.4083,25119.1301,274010.6208,273164.1416,,,4.889
000881,中广核技,化工原料,辽宁,19980902,000881.SZ,20141119,9.06,9.09,8.9,8.96,9.09,-0.13,-1.43,116169.94,104423.9006,3.7722,4.6248,0.66,25.5449,29.566,1.6882,1.3856,1.2562,1.1161,1.1161,30891.84,30796.4083,25119.1301,276790.8864,275935.8184,,,4.889
000881,中广核技,化工原料,辽宁,19980902,000881.SZ,20141118,8.95,9.15,8.95,9.09,8.96,0.13,1.45,134117.29,121278.9327,4.355,5.3392,0.53,25.9156,29.995,1.7127,1.4057,1.2744,1.1001,1.1001,30891.84,30796.4083,25119.1301,280806.8256,279939.3514,,,4.889
000881,中广核技,化工原料,辽宁,19980902,000881.SZ,20141117,8.85,9.08,8.7,8.96,8.85,0.11,1.24,129399.28,115658.9187,4.2018,5.1514,0.38,25.5449,29.566,1.6882,1.3856,1.2562,1.1161,1.1161,30891.84,30796.4083,25119.1301,276790.8864,275935.8184,,,4.889
000881,中广核技,化工原料,辽宁,19980902,000881.SZ,20141114,8.85,8.92,8.71,8.85,8.96,-0.11,-1.23,139371.67,122817.0203,4.5256,5.5484,0.36,25.2313,29.203,1.6674,1.3686,1.2408,1.1299,1.1299,30891.84,30796.4083,25119.1301,273392.784,272548.2135,,,4.889
000881,中广核技,化工原料,辽宁,19980902,000881.SZ,20141113,9.23,9.25,8.81,8.96,9.23,-0.27,-2.93,238509.23,214303.3024,7.7447,9.4951,0.61,25.5449,29.566,1.6882,1.3856,1.2562,1.1161,1.1161,30891.84,30796.4083,25119.1301,276790.8864,275935.8184,,,4.889
000881,中广核技,化工原料,辽宁,19980902,000881.SZ,20141112,9.15,9.3,9.06,9.23,9.41,-0.18,-1.91,240351.35,220445.8766,7.8045,9.5685,0.54,26.3147,30.457,1.739,1.4273,1.2941,1.0834,1.0834,30891.84,30796.4083,25119.1301,285131.6832,284250.8486,,,4.889
000881,中广核技,化工原料,辽宁,19980902,000881.SZ,20141111,10.1,10.17,9.41,9.41,10.46,-1.05,-10.04,505813.02,489506.9426,16.4244,20.1366,1.23,26.8279,31.0509,1.773,1.4552,1.3193,1.0627,1.0627,30891.84,30796.4083,25119.1301,290692.2144,289794.2021,,,4.889
000881,中广核技,化工原料,辽宁,19980902,000881.SZ,20141110,9.78,10.67,9.71,10.46,9.73,0.73,7.5,575835.89,593121.5561,18.6982,22.9242,1.64,29.8214,34.5157,1.9708,1.6175,1.4665,0.956,0.956,30891.84,30796.4083,25119.1301,323128.6464,322130.4308,,,4.889
000881,中广核技,化工原料,辽宁,19980902,000881.SZ,20141107,9.36,9.99,9.21,9.73,9.38,0.35,3.73,397371.05,383065.4219,12.9032,15.8195,1.3,27.7402,32.1069,1.8333,1.5047,1.3642,1.0277,1.0277,30891.84,30796.4083,25119.1301,300577.6032,299649.0528,,,4.889
000881,中广核技,化工原料,辽宁,19980902,000881.SZ,20141106,9.34,9.45,9.17,9.38,9.59,-0.21,-2.19,246357.12,229505.125,7.9995,9.8075,0.73,26.7424,30.9519,1.7673,1.4505,1.3151,1.0661,1.0661,30891.84,30796.4083,25119.1301,289765.4592,288870.3099,,,4.889
000881,中广核技,化工原料,辽宁,19980902,000881.SZ,20141105,8.83,9.8,8.58,9.59,8.91,0.68,7.63,486758.01,459331.4879,15.8057,19.378,1.61,27.3411,31.6449,1.8069,1.483,1.3446,1.0428,1.0428,30891.84,30796.4083,25119.1301,296252.7456,295337.5556,,,4.889
000881,中广核技,化工原料,辽宁,19980902,000881.SZ,20141104,9.48,9.58,8.9,8.91,9.22,-0.31,-3.36,350616.96,323511.9477,11.385,13.9582,1.39,25.4024,29.401,1.6788,1.3779,1.2492,1.1223,1.1223,30891.84,30796.4083,25119.1301,275246.2944,274395.998,,,4.889
000881,中广核技,化工原料,辽宁,19980902,000881.SZ,20141103,8.87,9.28,8.79,9.22,8.83,0.39,4.42,271340.44,245635.1439,8.8108,10.8021,1.32,26.2862,30.424,1.7372,1.4258,1.2927,1.0846,1.0846,30891.84,30796.4083,25119.1301,284822.7648,283942.8845,,,4.889
000881,中广核技,化工原料,辽宁,19980902,000881.SZ,20141031,8.85,8.89,8.62,8.83,8.91,-0.08,-0.9,173018.71,151679.0033,5.6181,6.8879,0.93,25.1743,29.1371,1.6637,1.3655,1.238,1.1325,1.1325,30891.84,30796.4083,25119.1301,272774.9472,271932.2853,,,4.889
000881,中广核技,化工原料,辽宁,19980902,000881.SZ,20141030,8.8,9.08,8.66,8.91,8.83,0.08,0.91,407678.38,361231.9037,13.2379,16.2298,3.51,25.4024,29.401,1.6788,1.3779,1.2492,1.1223,1.1223,30891.84,30796.4083,25119.1301,275246.2944,274395.998,,,4.889
000881,中广核技,化工原料,辽宁,19980902,000881.SZ,20141029,8.08,8.83,7.98,8.83,8.03,0.8,9.96,310989.88,266055.1018,10.0983,12.3806,4.41,25.1743,29.1371,1.6637,1.3655,1.238,1.1325,1.1325,30891.84,30796.4083,25119.1301,272774.9472,271932.2853,,,4.889
000881,中广核技,化工原料,辽宁,19980902,000881.SZ,20141028,7.8,8.03,7.78,8.03,7.77,0.26,3.35,94949.65,75295.462,3.0831,3.78,1.59,22.8935,26.4972,1.513,1.2418,1.1258,1.2453,1.2453,30891.84,30796.4083,25119.1301,248061.4752,247295.1586,,,4.889
000881,中广核技,化工原料,辽宁,19980902,000881.SZ,20141027,7.75,7.83,7.59,7.77,7.8,-0.03,-0.38,43259.37,33366.9994,1.4047,1.7222,0.73,22.1522,26.0093,1.4731,1.2016,1.0711,1.287,1.287,30891.84,30796.4083,25119.13,240029.5968,239288.0925,,,4.889
000881,中广核技,化工原料,辽宁,19980902,000881.SZ,20141024,7.82,7.91,7.7,7.8,7.82,-0.02,-0.26,68467.16,53595.3322,2.2232,2.7257,1.13,22.2378,26.1097,1.4788,1.2062,1.0753,1.2821,1.2821,30891.84,30796.4083,25119.13,240956.352,240211.9847,,,4.889
000881,中广核技,化工原料,辽宁,19980902,000881.SZ,20141023,7.78,7.86,7.55,7.82,7.76,0.06,0.77,63083.46,48685.0279,2.0484,2.5114,0.94,22.2948,26.1767,1.4826,1.2093,1.078,1.2788,1.2788,30891.84,30796.4083,25119.13,241574.1888,240827.9129,,,4.889
000881,中广核技,化工原料,辽宁,19980902,000881.SZ,20141022,7.74,7.95,7.72,7.76,7.72,0.04,0.52,82704.06,64843.9808,2.6855,3.2925,1.33,22.1237,25.9758,1.4712,1.2,1.0698,1.2887,1.2887,30891.84,30796.4083,25119.13,239720.6784,238980.1284,,,4.889
000881,中广核技,化工原料,辽宁,19980902,000881.SZ,20141021,7.76,7.77,7.67,7.72,7.76,-0.04,-0.52,41261.3,31891.2156,1.3398,1.6426,0.63,22.0097,25.8419,1.4636,1.1938,1.0642,1.2953,1.2953,30891.84,30796.4083,25119.13,238485.0048,237748.2721,,,4.889
000881,中广核技,化工原料,辽宁,19980902,000881.SZ,20141020,7.66,7.78,7.66,7.76,7.68,0.08,1.04,41297.97,31939.7726,1.341,1.6441,0.57,22.1237,25.9758,1.4712,1.2,1.0698,1.2887,1.2887,30891.84,30796.4083,25119.13,239720.6784,238980.1284,,,4.889
000881,中广核技,化工原料,辽宁,19980902,000881.SZ,20141017,7.85,7.91,7.54,7.68,7.87,-0.19,-2.41,73755.39,56934.9253,2.3949,2.9362,0.99,21.8957,25.708,1.456,1.1876,1.0587,1.3021,1.3021,30891.84,30796.4083,25119.13,237249.3312,236516.4157,,,4.889
000881,中广核技,化工原料,辽宁,19980902,000881.SZ,20141016,7.79,8.03,7.75,7.87,7.86,0.01,0.13,97021.57,76937.1851,3.1504,3.8625,1.29,22.4373,26.344,1.4921,1.217,1.0849,1.2706,1.2706,30891.84,30796.4083,25119.13,243118.7808,242367.7333,,,4.889
000881,中广核技,化工原料,辽宁,19980902,000881.SZ,20141015,7.85,7.88,7.73,7.86,7.85,0.01,0.13,56569.46,44181.4075,1.8369,2.252,0.69,22.4088,26.3106,1.4902,1.2155,1.0835,1.2723,1.2723,30891.84,30796.4083,25119.13,242809.8624,242059.7692,,,4.889
000881,中广核技,化工原料,辽宁,19980902,000881.SZ,20141014,7.87,7.94,7.82,7.85,7.89,-0.04,-0.51,58176.93,45859.9702,1.8891,2.316,0.68,22.3803,26.2771,1.4883,1.2139,1.0822,1.2739,1.2739,30891.84,30796.4083,25119.13,242500.944,241751.8052,,,4.889
000881,中广核技,化工原料,辽宁,19980902,000881.SZ,20141013,8.03,8.03,7.8,7.89,8.03,-0.14,-1.74,78240.04,61614.4079,2.5406,3.1148,0.87,22.4944,26.411,1.4958,1.2201,1.0877,1.2674,1.2674,30891.84,30796.4083,25119.13,243736.6176,242983.6615,,,4.889
000881,中广核技,化工原料,辽宁,19980902,000881.SZ,20141010,7.99,8.07,7.92,8.03,8.01,0.02,0.25,83192.46,66613.5394,2.7014,3.3119,1.0,22.8935,26.8796,1.5224,1.2418,1.107,1.2453,1.2453,30891.84,30796.4083,25119.13,248061.4752,247295.1586,,,4.889
000881,中广核技,化工原料,辽宁,19980902,000881.SZ,20141009,8.11,8.11,7.9,8.01,8.1,-0.09,-1.11,98729.51,78988.5275,3.2059,3.9305,1.25,22.8365,26.8127,1.5186,1.2387,1.1042,1.2484,1.2484,30891.84,30796.4083,25119.13,247443.6384,246679.2305,,,4.889
000881,中广核技,化工原料,辽宁,19980902,000881.SZ,20141008,7.91,8.13,7.91,8.1,7.92,0.18,2.27,88675.38,71312.0489,2.8794,3.5302,1.14,23.0931,27.1139,1.5357,1.2526,1.1166,1.2346,1.2346,30891.84,30796.4083,25119.13,250223.904,249450.9072,,,4.889
000881,中广核技,化工原料,辽宁,19980902,000881.SZ,20140930,7.91,8.0,7.87,7.92,7.9,0.02,0.25,79795.37,63183.0134,2.5911,3.1767,1.01,22.5799,26.5114,1.5015,1.2248,1.0918,1.2626,1.2626,30891.84,30796.4083,25119.13,244663.3728,243907.5537,,,4.889
000881,中广核技,化工原料,辽宁,19980902,000881.SZ,20140929,7.8,7.97,7.78,7.9,7.78,0.12,1.54,97177.69,76510.9132,3.1555,3.8687,1.33,22.5229,26.4445,1.4977,1.2217,1.0891,1.2658,1.2658,30891.84,30796.4083,25119.13,244045.536,243291.6256,,,4.889
000881,中广核技,化工原料,辽宁,19980902,000881.SZ,20140926,7.77,7.82,7.72,7.78,7.79,-0.01,-0.13,50291.1,39083.7912,1.633,2.0021,0.63,22.1808,26.0428,1.475,1.2031,1.0725,1.2853,1.2853,30891.84,30796.4083,25119.13,240338.5152,239596.0566,,,4.889
000881,中广核技,化工原料,辽宁,19980902,000881.SZ,20140925,7.81,7.9,7.73,7.79,7.8,-0.01,-0.13,79891.53,62698.0565,2.5942,3.1805,0.82,22.2093,26.0762,1.4769,1.2047,1.0739,1.2837,1.2837,30891.84,30796.4083,25119.13,240647.4336,239904.0207,,,4.889
000881,中广核技,化工原料,辽宁,19980902,000881.SZ,20140924,7.75,7.85,7.69,7.8,7.78,0.02,0.26,82872.12,64491.8619,2.691,3.2992,0.76,22.2378,26.1097,1.4788,1.2062,1.0753,1.2821,1.2821,30891.84,30796.4083,25119.13,240956.352,240211.9847,,,4.889
000881,中广核技,化工原料,辽宁,19980902,000881.SZ,20140923,7.8,7.84,7.67,7.78,7.78,0.0,0.0,83935.51,65050.4018,2.7255,3.3415,0.72,22.1808,26.0428,1.475,1.2031,1.0725,1.2853,1.2853,30891.84,30796.4083,25119.13,240338.5152,239596.0566,,,4.889
000881,中广核技,化工原料,辽宁,19980902,000881.SZ,20140922,7.86,7.95,7.74,7.78,7.95,-0.17,-2.14,68106.66,53430.7532,2.2115,2.7113,0.53,22.1808,26.0428,1.475,1.2031,1.0725,1.2853,1.2853,30891.84,30796.4083,25119.13,240338.5152,239596.0566,,,4.889
000881,中广核技,化工原料,辽宁,19980902,000881.SZ,20140919,7.91,8.03,7.83,7.95,7.98,-0.03,-0.38,85340.94,67636.2975,2.7711,3.3974,0.69,22.6654,26.6118,1.5072,1.2294,1.0959,1.2579,1.2579,30891.84,30796.4083,25119.13,245590.128,244831.446,,,4.889
000881,中广核技,化工原料,辽宁,19980902,000881.SZ,20140918,7.8,8.08,7.72,7.98,7.81,0.17,2.18,169396.9,134461.6641,5.5005,6.7437,1.35,22.751,26.7122,1.5129,1.234,1.1001,1.2531,1.2531,30891.84,30796.4083,25119.13,246516.8832,245755.3382,,,4.889
000881,中广核技,化工原料,辽宁,19980902,000881.SZ,20140917,7.48,7.92,7.43,7.81,7.48,0.33,4.41,136787.7,105466.5727,4.4417,5.4456,1.12,22.2663,26.1432,1.4807,1.2077,1.0766,1.2804,1.2804,30891.84,30796.4083,25119.13,241265.2704,240519.9488,,,4.889
000881,中广核技,化工原料,辽宁,19980902,000881.SZ,20140916,7.93,7.94,7.48,7.48,7.89,-0.41,-5.2,125614.41,96633.3402,4.0789,5.0007,1.14,21.3255,25.0385,1.4181,1.1567,1.0312,1.3369,1.3369,30891.84,30796.4083,25119.13,231070.9632,230357.1341,,,4.889
000881,中广核技,化工原料,辽宁,19980902,000881.SZ,20140915,7.76,7.93,7.73,7.89,7.73,0.16,2.07,121297.12,95292.3283,3.9387,4.8289,1.16,22.4944,26.411,1.4958,1.2201,1.0877,1.2674,1.2674,30891.84,30796.4083,25119.13,243736.6176,242983.6615,,,4.889
000881,中广核技,化工原料,辽宁,19980902,000881.SZ,20140912,7.67,7.74,7.6,7.73,7.72,0.01,0.13,69012.84,52954.7331,2.2409,2.7474,0.6,22.0382,25.8754,1.4655,1.1954,1.0656,1.2937,1.2937,30891.84,30796.4083,25119.13,238793.9232,238056.2362,,,4.889
000881,中广核技,化工原料,辽宁,19980902,000881.SZ,20140911,7.88,7.96,7.66,7.72,7.74,-0.02,-0.26,175540.15,137187.9819,5.7,6.9883,1.56,22.0097,25.8419,1.4636,1.1938,1.0642,1.2953,1.2953,30891.84,30796.4083,25119.13,238485.0048,237748.2721,,,4.889
000881,中广核技,化工原料,辽宁,19980902,000881.SZ,20140910,7.56,7.78,7.55,7.74,7.6,0.14,1.84,119067.89,91436.226,3.8663,4.7401,0.87,22.0667,25.9089,1.4674,1.1969,1.067,1.292,1.292,30891.84,30796.4083,25119.13,239102.8416,238364.2002,,,4.889
000881,中广核技,化工原料,辽宁,19980902,000881.SZ,20140909,7.55,7.6,7.52,7.6,7.57,0.03,0.4,67906.32,51403.9597,2.205,2.7034,0.38,21.6676,25.4402,1.4409,1.1753,1.0477,1.3158,1.3158,30891.84,30796.4083,25119.13,234777.984,234052.7031,,,4.889
000881,中广核技,化工原料,辽宁,19980902,000881.SZ,20140905,7.65,7.68,7.54,7.57,7.64,-0.07,-0.92,89311.91,67673.7091,2.9001,3.5555,0.47,21.582,25.3398,1.4352,1.1706,1.0436,1.321,1.321,30891.84,30796.4083,25119.13,233851.2288,233128.8108,,,4.889
000881,中广核技,化工原料,辽宁,19980902,000881.SZ,20140904,7.6,7.69,7.55,7.64,7.62,0.02,0.26,121301.45,92387.1211,3.9388,4.829,0.69,21.7816,25.5741,1.4484,1.1815,1.0532,1.3089,1.3089,30891.84,30796.4083,25119.13,236013.6576,235284.5594,,,4.889
000881,中广核技,化工原料,辽宁,19980902,000881.SZ,20140903,7.7,7.72,7.5,7.62,7.8,-0.18,-2.31,166026.36,126426.1541,5.3911,6.6096,1.11,21.7246,25.5072,1.4447,1.1784,1.0505,1.3123,1.3123,30891.84,30796.4083,25119.13,235395.8208,234668.6312,,,4.889
000881,中广核技,化工原料,辽宁,19980902,000881.SZ,20140902,7.45,7.88,7.41,7.8,7.5,0.3,4.0,243682.18,188131.3193,7.9127,9.7011,2.12,22.2378,26.1097,1.4788,1.2062,1.0753,1.2821,1.2821,30891.84,30796.4083,25119.13,240956.352,240211.9847,,,4.889
000881,中广核技,化工原料,辽宁,19980902,000881.SZ,20140901,7.4,7.99,7.31,7.5,7.27,0.23,3.16,263749.53,200603.5201,8.5643,10.4999,3.58,21.3825,25.1055,1.4219,1.1598,1.0339,1.3333,1.3333,30891.84,30796.4083,25119.13,231688.8,230973.0623,,,4.889
000881,中广核技,化工原料,辽宁,19980902,000881.SZ,20140829,6.8,7.29,6.8,7.27,6.8,0.47,6.91,153720.95,110067.5746,4.9915,6.1197,2.55,20.7267,24.3356,1.3783,1.1242,1.0022,1.3755,1.3755,30891.84,30796.4083,25119.13,224583.6768,223889.8883,,,4.889
000881,中广核技,化工原料,辽宁,19980902,000881.SZ,20140828,6.96,6.97,6.74,6.8,6.96,-0.16,-2.3,50855.56,34825.5918,1.6513,2.0246,0.77,19.3868,22.7623,1.2892,1.0516,0.9374,1.4706,1.4706,30891.84,30796.4083,25119.13,210064.512,209415.5764,,,4.889
000881,中广核技,化工原料,辽宁,19980902,000881.SZ,20140827,6.9,6.99,6.9,6.96,6.95,0.01,0.14,32602.06,22678.547,1.0586,1.2979,0.38,19.8429,23.2979,1.3195,1.0763,0.9595,1.4368,1.4368,30891.84,30796.4083,25119.13,215007.2064,214343.0018,,,4.889
000881,中广核技,化工原料,辽宁,19980902,000881.SZ,20140826,7.11,7.15,6.94,6.95,7.17,-0.22,-3.07,74036.6,52132.7559,2.4041,2.9474,0.81,19.8144,23.2644,1.3176,1.0748,0.9581,1.4388,1.4388,30891.84,30796.4083,25119.13,214698.288,214035.0377,,,4.889
000881,中广核技,化工原料,辽宁,19980902,000881.SZ,20140825,7.24,7.24,7.1,7.17,7.25,-0.08,-1.1,57591.0,41304.6519,1.8701,2.2927,0.57,20.4416,24.0009,1.3593,1.1088,0.9884,1.3947,1.3947,30891.84,30796.4083,25119.13,221494.4928,220810.2475,,,4.889
000881,中广核技,化工原料,辽宁,19980902,000881.SZ,20140822,7.11,7.3,7.08,7.25,7.11,0.14,1.97,86668.12,62405.6846,2.8142,3.4503,0.86,20.6697,24.2686,1.3745,1.1211,0.9994,1.3793,1.3793,30891.84,30796.4083,25119.13,223965.84,223273.9602,,,4.889
000881,中广核技,化工原料,辽宁,19980902,000881.SZ,20140821,7.2,7.22,7.03,7.11,7.2,-0.09,-1.25,81163.63,57724.1716,2.6355,3.2311,0.71,20.2706,23.8,1.348,1.0995,0.9801,1.4065,1.4065,30891.84,30796.4083,25119.13,219640.9824,218962.463,,,4.889
000881,中广核技,化工原料,辽宁,19980902,000881.SZ,20140820,7.23,7.38,7.18,7.2,7.19,0.01,0.14,130762.17,95236.7527,4.246,5.2057,1.27,20.5272,24.1013,1.365,1.1134,0.9926,1.3889,1.3889,30891.84,30796.4083,25119.13,222421.248,221734.1398,,,4.889
000881,中广核技,化工原料,辽宁,19980902,000881.SZ,20140819,7.15,7.26,7.09,7.19,7.15,0.04,0.56,99907.45,71739.9106,3.2441,3.9773,1.01,20.4987,24.0678,1.3631,1.1119,0.9912,1.3908,1.3908,30891.84,30796.4083,25119.13,222112.3296,221426.1757,,,4.889
000881,中广核技,化工原料,辽宁,19980902,000881.SZ,20140818,7.05,7.19,7.01,7.15,7.03,0.12,1.71,109918.25,78077.6904,3.5692,4.3759,1.14,20.3846,23.9339,1.3556,1.1057,0.9857,1.3986,1.3986,30891.84,30796.4083,25119.13,220876.656,220194.3193,,,4.889
000881,中广核技,化工原料,辽宁,19980902,000881.SZ,20140815,6.97,7.05,6.96,7.03,7.01,0.02,0.29,81253.2,57018.5406,2.6384,3.2347,0.78,20.0425,23.5322,1.3328,1.0871,0.9691,1.4225,1.4225,30891.84,30796.4083,25119.13,217169.6352,216498.7503,,,4.889
000881,中广核技,化工原料,辽宁,19980902,000881.SZ,20140814,6.88,7.1,6.82,7.01,6.88,0.13,1.89,146422.45,102467.3702,4.7545,5.8291,1.53,19.9855,23.4653,1.329,1.084,0.9664,1.4265,1.4265,30891.84,30796.4083,25119.13,216551.7984,215882.8222,,,4.889
000881,中广核技,化工原料,辽宁,19980902,000881.SZ,20140813,6.96,6.98,6.82,6.88,6.98,-0.1,-1.43,77912.16,53704.5036,2.5299,3.1017,0.75,19.6149,23.0301,1.3044,1.0639,0.9484,1.4535,1.4535,30891.84,30796.4083,25119.13,212535.8592,211879.2891,,,4.889
000881,中广核技,化工原料,辽宁,19980902,000881.SZ,20140812,7.02,7.02,6.92,6.98,7.03,-0.05,-0.71,78775.21,54841.98,2.5579,3.1361,0.68,19.9,23.3648,1.3233,1.0794,0.9622,1.4327,1.4327,30891.84,30796.4083,25119.13,215625.0432,214958.9299,,,4.889
000881,中广核技,化工原料,辽宁,19980902,000881.SZ,20140811,6.95,7.03,6.91,7.03,6.95,0.08,1.15,97689.51,68300.1959,3.1721,3.889,0.9,20.0425,23.5322,1.3328,1.0871,0.9691,1.4225,1.4225,30891.84,30796.4083,25119.13,217169.6352,216498.7503,,,4.889
000881,中广核技,化工原料,辽宁,19980902,000881.SZ,20140808,6.88,7.05,6.86,6.95,6.9,0.05,0.72,116940.52,81579.1779,3.7972,4.6554,1.11,19.8144,23.2644,1.3176,1.0748,0.9581,1.4388,1.4388,30891.84,30796.4083,25119.13,214698.288,214035.0377,,,4.889
000881,中广核技,化工原料,辽宁,19980902,000881.SZ,20140807,6.9,6.98,6.8,6.9,6.91,-0.01,-0.14,107076.02,73649.9476,3.4769,4.2627,0.99,19.6719,23.0971,1.3082,1.067,0.9512,1.4493,1.4493,30891.84,30796.4083,25119.13,213153.696,212495.2173,,,4.889
000881,中广核技,化工原料,辽宁,19980902,000881.SZ,20140806,6.86,6.96,6.78,6.91,6.89,0.02,0.29,119192.35,81986.3739,3.8703,4.7451,1.22,19.7004,23.1305,1.3101,1.0686,0.9526,1.4472,1.4472,30891.84,30796.4083,25119.13,213462.6144,212803.1814,,,4.889
000881,中广核技,化工原料,辽宁,19980902,000881.SZ,20140805,6.72,6.9,6.7,6.89,6.73,0.16,2.38,136949.36,93484.2382,4.4469,5.452,1.58,19.6434,23.0636,1.3063,1.0655,0.9498,1.4514,1.4514,30891.84,30796.4083,25119.13,212844.7776,212187.2532,,,4.889
000881,中广核技,化工原料,辽宁,19980902,000881.SZ,20140804,6.64,6.73,6.64,6.73,6.66,0.07,1.05,61884.8,41388.1755,2.0095,2.4637,0.66,19.1872,22.528,1.2759,1.0407,0.9278,1.4859,1.4859,30891.84,30796.4083,25119.13,207902.0832,207259.8279,,,4.889
000881,中广核技,化工原料,辽宁,19980902,000881.SZ,20140801,6.81,6.82,6.65,6.66,6.81,-0.15,-2.2,103852.62,69973.4526,3.3722,4.1344,1.23,18.9876,22.2937,1.2627,1.0299,0.9181,1.5015,1.5015,30891.84,30796.4083,25119.13,205739.6544,205104.0793,,,4.889
000881,中广核技,化工原料,辽宁,19980902,000881.SZ,20140731,6.61,6.82,6.61,6.81,6.71,0.1,1.49,121527.95,81634.9141,3.9462,4.8381,1.56,19.4153,22.7958,1.2911,1.0531,0.9388,1.4684,1.4684,30891.84,30796.4082,25119.13,210373.4304,209723.5398,,,4.889
000881,中广核技,化工原料,辽宁,19980902,000881.SZ,20140730,6.71,6.76,6.69,6.71,6.75,-0.04,-0.59,65910.64,44294.0622,2.1402,2.6239,0.69,19.1302,18.6,1.2926,1.0376,1.0386,1.4903,1.4903,30891.84,30796.4082,25119.13,207284.2464,206643.899,,,4.889
000881,中广核技,化工原料,辽宁,19980902,000881.SZ,20140729,6.74,6.79,6.69,6.75,6.75,0.0,0.0,81100.97,54649.9461,2.6335,3.2287,0.88,19.2442,18.7109,1.3003,1.0438,1.0448,1.4815,1.4815,30891.84,30796.4082,25119.13,208519.92,207875.7554,,,4.889
000881,中广核技,化工原料,辽宁,19980902,000881.SZ,20140728,6.68,6.77,6.65,6.75,6.68,0.07,1.05,93076.28,62544.4436,3.0223,3.7054,1.1,19.2442,18.7109,1.3003,1.0438,1.0448,1.4815,1.4815,30891.84,30796.4082,25119.13,208519.92,207875.7554,,,4.889
000881,中广核技,化工原料,辽宁,19980902,000881.SZ,20140725,6.57,6.69,6.57,6.68,6.59,0.09,1.37,59698.56,39551.6284,1.9385,2.3766,0.7,19.0447,18.5168,1.2868,1.033,1.0339,1.497,1.497,30891.84,30796.4082,25119.13,206357.4912,205720.0068,,,4.889
000881,中广核技,化工原料,辽宁,19980902,000881.SZ,20140724,6.61,6.7,6.52,6.59,6.71,-0.12,-1.79,88590.96,58449.2339,2.8767,3.5268,1.07,18.7881,18.2674,1.2695,1.0191,1.02,1.5175,1.5175,30891.84,30796.4082,25119.13,203577.2256,202948.33,,,4.889
000881,中广核技,化工原料,辽宁,19980902,000881.SZ,20140723,6.58,6.83,6.55,6.71,6.58,0.13,1.98,158097.68,105980.6186,5.1336,6.2939,2.45,19.1302,18.6,1.2926,1.0376,1.0386,1.4903,1.4903,30891.84,30796.4082,25119.13,207284.2464,206643.899,,,4.889
000881,中广核技,化工原料,辽宁,19980902,000881.SZ,20140722,6.48,6.58,6.47,6.58,6.52,0.06,0.92,59261.74,38749.0242,1.9243,2.3592,0.86,18.7596,18.2396,1.2675,1.0175,1.0184,1.5198,1.5198,30891.84,30796.4082,25119.13,203268.3072,202640.366,,,4.889
000881,中广核技,化工原料,辽宁,19980902,000881.SZ,20140721,6.48,6.54,6.42,6.52,6.47,0.05,0.77,58926.38,38155.5462,1.9134,2.3459,0.8,18.5885,18.0733,1.256,1.0083,1.0092,1.5337,1.5337,30891.84,30796.4082,25119.13,201414.7968,200792.5815,,,4.889
000881,中广核技,化工原料,辽宁,19980902,000881.SZ,20140718,6.53,6.6,6.46,6.47,6.54,-0.07,-1.07,60180.03,39262.5487,1.9541,2.3958,0.72,18.4459,17.9347,1.2464,1.0005,1.0014,1.5456,1.5456,30891.84,30796.4082,25119.13,199870.2048,199252.7611,,,4.889
000881,中广核技,化工原料,辽宁,19980902,000881.SZ,20140717,6.67,6.67,6.48,6.54,6.67,-0.13,-1.95,78690.75,51604.3041,2.5552,3.1327,0.88,18.6455,18.1288,1.2598,1.0114,1.0123,1.5291,1.5291,30891.84,30796.4082,25119.13,202032.6336,201408.5096,,,4.889
000881,中广核技,化工原料,辽宁,19980902,000881.SZ,20140716,6.66,6.75,6.63,6.67,6.67,0.0,0.0,65577.19,43814.245,2.1294,2.6106,0.6,19.0161,18.4891,1.2849,1.0315,1.0324,1.4993,1.4993,30891.84,30796.4082,25119.13,206048.5728,205412.0427,,,4.889
000881,中广核技,化工原料,辽宁,19980902,000881.SZ,20140715,6.75,6.75,6.62,6.67,6.75,-0.08,-1.19,80520.43,53771.5602,2.6146,3.2055,0.66,19.0161,18.4891,1.2849,1.0315,1.0324,1.4993,1.4993,30891.84,30796.4082,25119.13,206048.5728,205412.0427,,,4.889
000881,中广核技,化工原料,辽宁,19980902,000881.SZ,20140714,6.76,6.77,6.68,6.75,6.72,0.03,0.45,82043.73,55289.7415,2.6641,3.2662,0.59,19.2442,18.7109,1.3003,1.0438,1.0448,1.4815,1.4815,30891.84,30796.4082,25119.13,208519.92,207875.7554,,,4.889
000881,中广核技,化工原料,辽宁,19980902,000881.SZ,20140711,6.71,6.81,6.67,6.72,6.66,0.06,0.9,110200.0,74159.6852,3.5783,4.3871,0.58,19.1587,18.6277,1.2945,1.0392,1.0401,1.4881,1.4881,30891.84,30796.4082,25119.13,207593.1648,206951.8631,,,4.889
000881,中广核技,化工原料,辽宁,19980902,000881.SZ,20140710,6.7,6.7,6.58,6.66,6.66,0.0,0.0,107997.75,71790.9224,3.5068,4.2994,0.4,18.9876,18.4614,1.283,1.0299,1.0308,1.5015,1.5015,30891.84,30796.4082,25119.13,205739.6544,205104.0786,,,4.889
000881,中广核技,化工原料,辽宁,19980902,000881.SZ,20140709,6.81,6.92,6.65,6.66,6.87,-0.21,-3.06,168247.93,114179.4705,5.4632,6.698,0.51,18.9876,18.4614,1.283,1.0299,1.0308,1.5015,1.5015,30891.84,30796.4082,25119.13,205739.6544,205104.0786,,,4.889
000881,中广核技,化工原料,辽宁,19980902,000881.SZ,20140708,6.91,6.94,6.7,6.87,6.93,-0.06,-0.87,138517.43,94573.7432,4.4978,5.5144,0.34,19.5863,19.0435,1.3234,1.0624,1.0633,1.4556,1.4556,30891.84,30796.4082,25119.13,212226.9408,211571.3243,,,4.889
000881,中广核技,化工原料,辽宁,19980902,000881.SZ,20140707,6.91,6.95,6.79,6.93,6.9,0.03,0.43,175049.53,120251.2938,5.6841,6.9688,0.38,19.7574,19.2098,1.335,1.0717,1.0726,1.443,1.443,30891.84,30796.4082,25119.13,214080.4512,213419.1088,,,4.889
000881,中广核技,化工原料,辽宁,19980902,000881.SZ,20140704,7.3,7.3,6.85,6.9,7.51,-0.61,-8.12,358772.46,251201.4369,11.6498,14.2828,0.85,19.6719,19.1267,1.3292,1.067,1.068,1.4493,1.4493,30891.84,30796.4082,25119.13,213153.696,212495.2166,,,4.889
000881,中广核技,化工原料,辽宁,19980902,000881.SZ,20140703,7.6,8.12,7.4,7.51,7.52,-0.01,-0.13,509336.51,396157.0907,16.5388,20.2768,1.56,21.411,20.8176,1.4467,1.1614,1.1624,1.3316,1.3316,30891.84,30796.4082,25119.13,231997.7184,231281.0256,,,4.889
000881,中广核技,化工原料,辽宁,19980902,000881.SZ,20140702,7.29,7.66,7.03,7.52,7.37,0.15,2.04,472446.82,347628.0289,15.341,18.8082,1.96,21.4395,20.8453,1.4486,1.1629,1.1639,1.3298,1.3298,30891.84,30796.4082,25119.13,232306.6368,231588.9897,,,4.889
000881,中广核技,化工原料,辽宁,19980902,000881.SZ,20140701,7.08,7.78,6.89,7.37,7.08,0.29,4.1,527054.71,383349.6289,17.1142,20.9822,3.45,21.0118,20.4295,1.4197,1.1397,1.1407,1.3569,1.3569,30891.84,30796.4082,25119.13,227672.8608,226969.5284,,,4.889
000881,中广核技,化工原料,辽宁,19980902,000881.SZ,20140630,6.88,7.08,6.76,7.08,6.44,0.64,9.94,429372.46,302292.7868,13.9423,17.0934,6.18,20.1851,19.6256,1.3639,1.0949,1.0958,1.4124,1.4124,30891.84,30796.4082,25119.13,218714.2272,218038.5701,,,4.889
000881,中广核技,化工原料,辽宁,19980902,000881.SZ,20140627,5.88,6.44,5.86,6.44,5.85,0.59,10.09,176971.31,111096.1363,5.7465,7.0453,4.64,18.3604,17.8516,1.2406,0.9959,0.9968,1.5528,1.5528,30891.84,30796.4082,25119.13,198943.4496,198328.8688,,,4.889
000881,中广核技,化工原料,辽宁,19980902,000881.SZ,20140626,5.78,5.9,5.76,5.85,5.78,0.07,1.21,27372.36,15983.3831,0.8888,1.0897,0.77,16.6783,16.2161,1.1269,0.9047,0.9055,1.7094,1.7094,30891.84,30796.4082,25119.13,180717.264,180158.988,,,4.889
000881,中广核技,化工原料,辽宁,19980902,000881.SZ,20140625,5.84,5.86,5.75,5.78,5.9,-0.12,-2.03,41804.21,24222.023,1.3574,1.6642,1.34,16.4788,16.0221,1.1134,0.8938,0.8946,1.7301,1.7301,30891.84,30796.4082,25119.13,178554.8352,178003.2394,,,4.889
000881,中广核技,化工原料,辽宁,19980902,000881.SZ,20140624,5.7,6.1,5.66,5.9,5.7,0.2,3.51,88661.8,52576.8652,2.879,3.5297,5.58,16.8209,16.3547,1.1365,0.9124,0.9132,1.6949,1.6949,30891.84,30796.4082,25119.13,182261.856,181698.8084,,,4.889
000881,中广核技,化工原料,辽宁,19980902,000881.SZ,20140623,5.64,5.7,5.64,5.7,5.66,0.04,0.71,12822.73,7259.3967,0.4164,0.5105,0.76,16.2507,15.8003,1.098,0.8815,0.8822,1.7544,1.7544,30891.84,30796.4082,25119.13,176083.488,175539.5267,,,4.889
000881,中广核技,化工原料,辽宁,19980902,000881.SZ,20140620,5.66,5.66,5.58,5.66,5.62,0.04,0.71,20137.93,11320.7866,0.6539,0.8017,1.11,16.1366,15.6894,1.0903,0.8753,0.8761,1.7668,3.5336,30891.84,30796.4082,25119.13,174847.8144,174307.6704,,,4.889
000881,中广核技,化工原料,辽宁,19980902,000881.SZ,20140619,5.83,5.85,5.67,5.72,5.85,-0.13,-2.22,14830.97,8549.3822,0.4816,0.5904,0.86,16.3077,15.8557,1.081,0.8845,0.8853,1.7483,1.7483,30891.84,30796.4082,25119.13,176701.3248,176155.4549,,,4.889
000881,中广核技,化工原料,辽宁,19980902,000881.SZ,20140618,5.85,5.88,5.82,5.85,5.82,0.03,0.52,19417.35,11360.4937,0.6305,0.773,1.16,16.6783,16.2161,1.1056,0.9047,0.9055,1.7094,1.7094,30891.84,30796.4082,25119.13,180717.264,180158.988,,,4.889
000881,中广核技,化工原料,辽宁,19980902,000881.SZ,20140617,5.86,5.86,5.82,5.82,5.86,-0.04,-0.68,12279.73,7164.1706,0.3987,0.4889,0.73,16.5928,16.1329,1.0999,0.9,0.9008,1.7182,1.7182,30891.84,30796.4082,25119.13,179790.5088,179235.0957,,,4.889
000881,中广核技,化工原料,辽宁,19980902,000881.SZ,20140616,5.86,5.88,5.83,5.86,5.85,0.01,0.17,17244.32,10090.6834,0.5599,0.6865,1.15,16.7068,16.2438,1.1075,0.9062,0.907,1.7065,1.7065,30891.84,30796.4082,25119.13,181026.1824,180466.9521,,,4.889
000881,中广核技,化工原料,辽宁,19980902,000881.SZ,20140613,5.78,5.88,5.78,5.85,5.8,0.05,0.86,26604.99,15533.2749,0.8639,1.0592,2.14,16.6783,16.2161,1.1056,0.9047,0.9055,1.7094,1.7094,30891.84,30796.4082,25119.13,180717.264,180158.988,,,4.889
000881,中广核技,化工原料,辽宁,19980902,000881.SZ,20140612,5.82,5.83,5.78,5.8,5.81,-0.01,-0.17,10692.25,6208.0092,0.3472,0.4257,0.86,16.5358,16.0775,1.0962,0.8969,0.8977,1.7241,1.7241,30891.84,30796.4082,25119.13,179172.672,178619.1676,,,4.889
000881,中广核技,化工原料,辽宁,19980902,000881.SZ,20140611,5.76,5.83,5.76,5.81,5.76,0.05,0.87,17061.13,9887.1663,0.554,0.6792,1.45,16.5643,16.1052,1.0981,0.8985,0.8993,1.7212,1.7212,30891.84,30796.4082,25119.13,179481.5904,178927.1316,,,4.889
000881,中广核技,化工原料,辽宁,19980902,000881.SZ,20140610,5.71,5.78,5.7,5.76,5.71,0.05,0.88,12818.2,7362.566,0.4162,0.5103,1.12,16.4217,15.9666,1.0886,0.8907,0.8915,1.7361,1.7361,30891.84,30796.4082,25119.13,177936.9984,177387.3112,,,4.889
000881,中广核技,化工原料,辽宁,19980902,000881.SZ,20140609,5.74,5.77,5.7,5.71,5.73,-0.02,-0.35,7937.03,4545.7364,0.2577,0.316,0.62,16.2792,15.828,1.0792,0.883,0.8838,1.7513,1.7513,30891.84,30796.4082,25119.13,176392.4064,175847.4908,,,4.889
000881,中广核技,化工原料,辽宁,19980902,000881.SZ,20140606,5.76,5.76,5.69,5.73,5.76,-0.03,-0.52,13613.95,7792.4964,0.4421,0.542,0.93,16.3362,15.8835,1.0829,0.8861,0.8869,1.7452,1.7452,30891.84,30796.4082,25119.13,177010.2432,176463.419,,,4.889
000881,中广核技,化工原料,辽宁,19980902,000881.SZ,20140605,5.72,5.77,5.69,5.76,5.73,0.03,0.52,10464.72,5994.4786,0.3398,0.4166,0.64,16.4217,15.9666,1.0886,0.8907,0.8915,1.7361,1.7361,30891.84,30796.4082,25119.13,177936.9984,177387.3112,,,4.889
000881,中广核技,化工原料,辽宁,19980902,000881.SZ,20140604,5.78,5.78,5.69,5.73,5.77,-0.04,-0.69,13974.16,7995.7884,0.4538,0.5563,0.87,16.3362,15.8835,1.0829,0.8861,0.8869,1.7452,1.7452,30891.84,30796.4082,25119.13,177010.2432,176463.419,,,4.889
000881,中广核技,化工原料,辽宁,19980902,000881.SZ,20140603,5.78,5.81,5.75,5.77,5.78,-0.01,-0.17,11416.75,6599.6235,0.3707,0.4545,0.65,16.4503,15.9943,1.0905,0.8923,0.8931,1.7331,1.7331,30891.84,30796.4082,25119.13,178245.9168,177695.2753,,,4.889
000881,中广核技,化工原料,辽宁,19980902,000881.SZ,20140530,5.82,5.82,5.75,5.78,5.79,-0.01,-0.17,15033.23,8685.7533,0.4881,0.5985,0.92,16.4788,16.0221,1.0924,0.8938,0.8946,1.7301,1.7301,30891.84,30796.4082,25119.13,178554.8352,178003.2394,,,4.889
000881,中广核技,化工原料,辽宁,19980902,000881.SZ,20140529,5.89,5.9,5.79,5.79,5.91,-0.12,-2.03,21940.7,12796.515,0.7124,0.8735,1.51,16.5073,16.0498,1.0943,0.8954,0.8962,1.7271,1.7271,30891.84,30796.4082,25119.13,178863.7536,178311.2035,,,4.889
000881,中广核技,化工原料,辽宁,19980902,000881.SZ,20140528,5.84,5.91,5.81,5.91,5.86,0.05,0.85,19820.13,11605.7997,0.6436,0.789,1.59,16.8494,16.3824,1.117,0.9139,0.9147,1.692,1.692,30891.84,30796.4082,25119.13,182570.7744,182006.7725,,,4.889
000881,中广核技,化工原料,辽宁,19980902,000881.SZ,20140527,5.9,5.91,5.85,5.86,5.9,-0.04,-0.68,12211.22,7182.9164,0.3965,0.4861,1.08,16.7068,16.2438,1.1075,0.9062,0.907,1.7065,1.7065,30891.84,30796.4082,25119.13,181026.1824,180466.9521,,,4.889
000881,中广核技,化工原料,辽宁,19980902,000881.SZ,20140526,5.9,5.93,5.85,5.9,5.9,0.0,0.0,19182.54,11265.7639,0.6229,0.7637,2.0,16.8209,16.3547,1.1151,0.9124,0.9132,1.6949,1.6949,30891.84,30796.4082,25119.13,182261.856,181698.8084,,,4.889
000881,中广核技,化工原料,辽宁,19980902,000881.SZ,20140523,5.84,5.91,5.83,5.9,5.86,0.04,0.68,8510.18,4998.0726,0.2763,0.3388,0.88,16.8209,16.3547,1.1151,0.9124,0.9132,1.6949,1.6949,30891.84,30796.4082,25119.13,182261.856,181698.8084,,,4.889
000881,中广核技,化工原料,辽宁,19980902,000881.SZ,20140522,5.88,5.98,5.85,5.86,5.86,0.0,0.0,13166.63,7790.2232,0.4275,0.5242,1.42,16.7068,16.2438,1.1075,0.9062,0.907,1.7065,1.7065,30891.84,30796.4082,25119.13,181026.1824,180466.9521,,,4.889
000881,中广核技,化工原料,辽宁,19980902,000881.SZ,20140521,5.75,5.87,5.73,5.86,5.77,0.09,1.56,9100.51,5294.9528,0.2955,0.3623,1.05,16.7068,16.2438,1.1075,0.9062,0.907,1.7065,1.7065,30891.84,30796.4082,25119.13,181026.1824,180466.9521,,,4.889
000881,中广核技,化工原料,辽宁,19980902,000881.SZ,20140520,5.81,5.84,5.75,5.77,5.8,-0.03,-0.52,6562.37,3805.2675,0.2131,0.2612,0.69,16.4503,15.9943,1.0905,0.8923,0.8931,1.7331,1.7331,30891.84,30796.4082,25119.13,178245.9168,177695.2753,,,4.889
000881,中广核技,化工原料,辽宁,19980902,000881.SZ,20140519,5.84,5.85,5.7,5.8,5.85,-0.05,-0.85,10538.51,6094.7328,0.3422,0.4195,0.94,16.5358,16.0775,1.0962,0.8969,0.8977,1.7241,1.7241,30891.84,30796.4082,25119.13,179172.672,178619.1676,,,4.889
000881,中广核技,化工原料,辽宁,19980902,000881.SZ,20140516,5.83,5.86,5.77,5.85,5.83,0.02,0.34,8980.12,5214.4458,0.2916,0.3575,0.82,16.6783,16.2161,1.1056,0.9047,0.9055,1.7094,1.7094,30891.84,30796.4082,25119.13,180717.264,180158.988,,,4.889
000881,中广核技,化工原料,辽宁,19980902,000881.SZ,20140515,5.95,5.97,5.79,5.83,5.93,-0.1,-1.69,11038.01,6478.1578,0.3584,0.4394,1.05,16.6213,16.1607,1.1018,0.9016,0.9024,1.7153,1.7153,30891.84,30796.4082,25119.13,180099.4272,179543.0598,,,4.889
000881,中广核技,化工原料,辽宁,19980902,000881.SZ,20140514,5.93,5.97,5.91,5.93,5.94,-0.01,-0.17,6175.55,3662.9442,0.2005,0.2459,0.54,16.9064,16.4379,1.1207,0.917,0.9178,1.6863,1.6863,30891.84,30796.4082,25119.13,183188.6112,182622.7006,,,4.889
000881,中广核技,化工原料,辽宁,19980902,000881.SZ,20140513,5.95,5.97,5.92,5.94,5.95,-0.01,-0.17,11035.43,6564.1312,0.3583,0.4393,0.95,16.9349,16.4656,1.1226,0.9186,0.9194,1.6835,1.6835,30891.84,30796.4082,25119.13,183497.5296,182930.6647,,,4.889
000881,中广核技,化工原料,辽宁,19980902,000881.SZ,20140512,5.85,5.96,5.83,5.95,5.8,0.15,2.59,18547.85,10980.686,0.6023,0.7384,1.78,16.9634,16.4933,1.1245,0.9201,0.9209,1.6807,1.6807,30891.84,30796.4082,25119.13,183806.448,183238.6288,,,4.889
000881,中广核技,化工原料,辽宁,19980902,000881.SZ,20140509,5.84,5.87,5.76,5.8,5.84,-0.04,-0.68,8245.5,4788.163,0.2677,0.3283,0.78,16.5358,16.0775,1.0962,0.8969,0.8977,1.7241,1.7241,30891.84,30796.4082,25119.13,179172.672,178619.1676,,,4.889
000881,中广核技,化工原料,辽宁,19980902,000881.SZ,20140508,5.83,5.9,5.76,5.84,5.81,0.03,0.52,8473.1,4966.6388,0.2751,0.3373,0.76,16.6498,16.1884,1.1037,0.9031,0.9039,1.7123,1.7123,30891.84,30796.4082,25119.13,180408.3456,179851.0239,,,4.889
000881,中广核技,化工原料,辽宁,19980902,000881.SZ,20140507,5.88,5.91,5.8,5.81,5.92,-0.11,-1.86,11079.57,6488.8698,0.3598,0.4411,0.83,16.5643,16.1052,1.0981,0.8985,0.8993,1.7212,1.7212,30891.84,30796.4082,25119.13,179481.5904,178927.1316,,,4.889
000881,中广核技,化工原料,辽宁,19980902,000881.SZ,20140506,5.89,5.94,5.86,5.92,5.9,0.02,0.34,11557.07,6822.0364,0.3753,0.4601,0.78,16.8779,16.4101,1.1188,0.9155,0.9163,1.6892,1.6892,30891.84,30796.4082,25119.13,182879.6928,182314.7365,,,4.889
000881,中广核技,化工原料,辽宁,19980902,000881.SZ,20140505,5.8,5.98,5.78,5.9,5.82,0.08,1.37,12776.26,7499.9403,0.4149,0.5086,0.79,16.8209,16.3547,1.1151,0.9124,0.9132,1.6949,1.6949,30891.84,30796.4082,25119.13,182261.856,181698.8084,,,4.889
000881,中广核技,化工原料,辽宁,19980902,000881.SZ,20140430,5.76,5.83,5.73,5.82,5.76,0.06,1.04,9236.8,5357.4356,0.2999,0.3677,0.49,16.5928,16.1329,1.0999,0.9,0.9008,1.7182,1.7182,30891.84,30796.4082,25119.13,179790.5088,179235.0957,,,4.889
000881,中广核技,化工原料,辽宁,19980902,000881.SZ,20140429,5.74,5.77,5.69,5.76,5.7,0.06,1.05,10852.33,6208.4821,0.3524,0.432,0.46,16.4217,15.9666,1.0886,0.8907,0.8915,1.7361,1.7361,30891.84,30796.4082,25119.13,177936.9984,177387.3112,,,4.889
000881,中广核技,化工原料,辽宁,19980902,000881.SZ,20140428,5.89,5.94,5.7,5.7,5.94,-0.24,-4.04,22315.95,12939.04,0.7246,0.8884,0.92,16.2507,15.8003,1.0773,0.8815,0.8822,1.7544,1.7544,30891.84,30796.4082,25119.13,176083.488,175539.5267,,,4.889
000881,中广核技,化工原料,辽宁,19980902,000881.SZ,20140425,6.04,6.08,5.92,5.94,6.04,-0.1,-1.66,19310.26,11612.7379,0.627,0.7687,0.82,16.9349,16.4656,1.1226,0.9186,0.9194,1.6835,1.6835,30891.84,30796.4082,25119.13,183497.5296,182930.6647,,,4.889
000881,中广核技,化工原料,辽宁,19980902,000881.SZ,20140424,6.1,6.13,6.03,6.04,6.12,-0.08,-1.31,19459.35,11806.422,0.6319,0.7747,0.8,17.22,16.7428,1.1415,0.934,0.9349,1.6556,1.6556,30891.84,30796.4082,25119.13,186586.7136,186010.3055,,,4.889
000881,中广核技,化工原料,辽宁,19980902,000881.SZ,20140423,6.14,6.18,6.08,6.12,6.2,-0.08,-1.29,22201.52,13621.8333,0.7209,0.8838,0.89,17.4481,16.9645,1.1566,0.9464,0.9473,1.634,1.634,30891.84,30796.4082,25119.13,189058.0608,188474.0182,,,4.889
000881,中广核技,化工原料,辽宁,19980902,000881.SZ,20140422,6.11,6.27,6.1,6.2,6.1,0.1,1.64,34040.48,21046.3419,1.1053,1.3552,1.29,17.6762,17.1863,1.1718,0.9588,0.9596,1.6129,1.6129,30891.84,30796.4082,25119.13,191529.408,190937.7308,,,4.889
000881,中广核技,化工原料,辽宁,19980902,000881.SZ,20140421,6.13,6.23,6.1,6.1,6.18,-0.08,-1.29,25950.77,15981.0237,0.8427,1.0331,0.93,17.3911,17.3911,1.1747,0.9433,0.9433,1.6393,1.6393,30891.84,30796.4082,25119.13,188440.224,187858.09,,,4.889
000881,中广核技,化工原料,辽宁,19980902,000881.SZ,20140418,6.15,6.18,6.12,6.18,6.16,0.02,0.32,15972.02,9835.1287,0.5186,0.6359,0.39,17.6192,17.6192,1.1901,0.9557,0.9557,1.6181,1.6181,30891.84,30796.4082,25119.13,190911.5712,190321.8027,,,4.889
000881,中广核技,化工原料,辽宁,19980902,000881.SZ,20140417,6.2,6.22,6.12,6.16,6.2,-0.04,-0.65,23716.02,14631.1498,0.7701,0.9441,0.35,17.5621,17.5621,1.1862,0.9526,0.9526,1.6234,1.6234,30891.84,30796.4082,25119.13,190293.7344,189705.8745,,,4.889
000881,中广核技,化工原料,辽宁,19980902,000881.SZ,20140416,6.1,6.23,6.1,6.2,6.13,0.07,1.14,24444.62,15097.712,0.7937,0.9731,0.36,17.6762,17.6762,1.1939,0.9588,0.9588,1.6129,1.6129,30891.84,30796.4082,25119.13,191529.408,190937.7308,,,4.889
000881,中广核技,化工原料,辽宁,19980902,000881.SZ,20140415,6.25,6.25,6.12,6.13,6.26,-0.13,-2.08,41715.68,25750.3336,1.3546,1.6607,0.66,17.4766,17.4766,1.1805,0.948,0.948,1.6313,1.6313,30891.84,30796.4082,25119.13,189366.9792,188781.9823,,,4.889
000881,中广核技,化工原料,辽宁,19980902,000881.SZ,20140414,6.26,6.29,6.21,6.26,6.27,-0.01,-0.16,33472.94,20940.3899,1.0869,1.3326,0.57,17.8472,17.8472,1.2055,0.9681,0.9681,1.5974,1.5974,30891.84,30796.4082,25119.13,193382.9184,192785.5153,,,4.889
000881,中广核技,化工原料,辽宁,19980902,000881.SZ,20140411,6.28,6.35,6.21,6.27,6.38,-0.11,-1.72,79673.99,49913.8262,2.5871,3.1718,1.72,17.8758,17.8758,1.2074,0.9696,0.9696,1.5949,1.5949,30891.84,30796.4082,25119.13,193691.8368,193093.4794,,,4.889
000881,中广核技,化工原料,辽宁,19980902,000881.SZ,20140410,6.13,6.65,6.12,6.38,6.05,0.33,5.45,159456.44,101434.7407,5.1778,6.348,8.81,18.1894,18.1894,1.2286,0.9866,0.9866,1.5674,1.5674,30891.84,30796.4082,25119.13,197089.9392,196481.0843,,,4.889
000881,中广核技,化工原料,辽宁,19980902,000881.SZ,20140409,5.98,6.05,5.97,6.05,5.98,0.07,1.17,22740.27,13670.0594,0.7384,0.9053,1.34,17.2485,17.2485,1.165,0.9356,0.9356,1.6529,1.6529,30891.84,30796.4082,25119.13,186895.632,186318.2696,,,4.889
000881,中广核技,化工原料,辽宁,19980902,000881.SZ,20140408,5.91,6.0,5.89,5.98,5.92,0.06,1.01,20028.04,11945.2919,0.6503,0.7973,1.06,17.049,17.049,1.1516,0.9248,0.9248,1.6722,1.6722,30891.84,30796.4082,25119.13,184733.2032,184162.521,,,4.889
000881,中广核技,化工原料,辽宁,19980902,000881.SZ,20140404,5.9,5.93,5.87,5.92,5.9,0.02,0.34,12407.44,7327.9802,0.4029,0.4939,0.59,16.8779,16.8779,1.14,0.9155,0.9155,1.6892,1.6892,30891.84,30796.4082,25119.13,182879.6928,182314.7365,,,4.889
000881,中广核技,化工原料,辽宁,19980902,000881.SZ,20140403,5.93,5.96,5.87,5.9,5.92,-0.02,-0.34,17551.03,10348.1053,0.5699,0.6987,0.81,16.8209,16.8209,1.1362,0.9124,0.9124,1.6949,1.6949,30891.84,30796.4082,25119.13,182261.856,181698.8084,,,4.889
000881,中广核技,化工原料,辽宁,19980902,000881.SZ,20140402,5.91,5.97,5.88,5.92,5.91,0.01,0.17,17728.8,10508.2573,0.5757,0.7058,0.77,16.8779,16.8779,1.14,0.9155,0.9155,1.6892,1.6892,30891.84,30796.4082,25119.13,182879.6928,182314.7365,,,4.889
000881,中广核技,化工原料,辽宁,19980902,000881.SZ,20140401,5.84,5.92,5.82,5.91,5.87,0.04,0.68,17350.28,10200.7243,0.5634,0.6907,0.64,16.8494,16.8494,1.1381,0.9139,0.9139,1.692,1.692,30891.84,30796.4082,25119.13,182570.7744,182006.7725,,,4.889
000881,中广核技,化工原料,辽宁,19980902,000881.SZ,20140331,6.06,6.07,5.83,5.87,6.08,-0.21,-3.45,29550.94,17519.495,0.9596,1.1767,1.08,16.7354,16.7354,1.1304,0.9077,0.9077,1.7036,1.7036,30891.84,30796.4082,25113.969,181335.1008,180774.9161,,,4.889
000881,中广核技,化工原料,辽宁,19980902,000881.SZ,20140328,5.96,6.1,5.96,6.08,5.99,0.09,1.5,23128.8,13964.7116,0.7511,0.921,0.83,9.3479,14.1365,1.1833,0.7048,0.9256,1.6447,1.6447,30891.84,30791.2472,25113.969,187822.3872,187210.783,,,4.889
000881,中广核技,化工原料,辽宁,19980902,000881.SZ,20140327,6.07,6.09,5.99,5.99,6.07,-0.08,-1.32,20640.15,12424.0685,0.6703,0.8219,0.72,9.2095,13.9273,1.1658,0.6943,0.9119,1.6694,1.6694,30891.84,30791.2472,25113.969,185042.1216,184439.5707,,,4.889
000881,中广核技,化工原料,辽宁,19980902,000881.SZ,20140326,6.12,6.15,6.06,6.07,6.13,-0.06,-0.98,25112.94,15277.5287,0.8156,1.0,0.9,9.3325,14.1133,1.1814,0.7036,0.9241,1.6474,1.6474,30891.84,30791.2472,25113.969,187513.4688,186902.8705,,,4.889
000881,中广核技,化工原料,辽宁,19980902,000881.SZ,20140325,6.1,6.14,6.07,6.13,6.1,0.03,0.49,37258.11,22747.6371,1.21,1.4836,1.49,9.4248,14.2528,1.1931,0.7106,0.9332,1.6313,1.6313,30891.84,30791.2472,25113.969,189366.9792,188750.3453,,,4.889
000881,中广核技,化工原料,辽宁,19980902,000881.SZ,20140324,6.03,6.14,6.01,6.1,6.03,0.07,1.16,30918.97,18771.7379,1.0041,1.2311,1.23,9.3786,14.183,1.1872,0.7071,0.9286,1.6393,1.6393,30891.84,30791.2472,25113.969,188440.224,187826.6079,,,4.889
000881,中广核技,化工原料,辽宁,19980902,000881.SZ,20140321,5.9,6.05,5.82,6.03,5.93,0.1,1.69,25252.7,15032.9834,0.8201,1.0055,0.99,9.271,14.0203,1.1736,0.699,0.918,1.6584,1.6584,30891.84,30791.2472,25113.969,186277.7952,185671.2206,,,4.889
000881,中广核技,化工原料,辽宁,19980902,000881.SZ,20140320,6.04,6.09,5.93,5.93,6.05,-0.12,-1.98,24593.28,14807.6837,0.7987,0.9793,0.98,9.1173,13.7877,1.1542,0.6874,0.9027,1.6863,1.6863,30891.84,30791.2472,25113.969,183188.6112,182592.0959,,,4.889
000881,中广核技,化工原料,辽宁,19980902,000881.SZ,20140319,6.05,6.05,5.96,6.05,6.04,0.01,0.17,21297.04,12804.8504,0.6917,0.848,0.82,9.3018,14.0668,1.1775,0.7013,0.921,1.6529,1.6529,30891.84,30791.2472,25113.969,186895.632,186287.0456,,,4.889
000881,中广核技,化工原料,辽宁,19980902,000881.SZ,20140318,6.1,6.11,6.02,6.04,6.08,-0.04,-0.66,23211.62,14066.7307,0.7538,0.9243,0.74,9.2864,14.0435,1.1756,0.7001,0.9195,1.6556,1.6556,30891.84,30791.2472,25113.969,186586.7136,185979.1331,,,4.889
000881,中广核技,化工原料,辽宁,19980902,000881.SZ,20140317,5.93,6.09,5.93,6.08,5.96,0.12,2.01,31188.04,18851.0237,1.0129,1.2419,0.84,9.3479,14.1365,1.1833,0.7048,0.9256,1.6447,1.6447,30891.84,30791.2472,25113.969,187822.3872,187210.783,,,4.889
000881,中广核技,化工原料,辽宁,19980902,000881.SZ,20140314,5.91,6.02,5.87,5.96,5.96,0.0,0.0,27507.9,16335.3021,0.8934,1.0953,0.67,9.1634,13.8575,1.16,0.6909,0.9073,1.6779,1.6779,30891.84,30791.2472,25113.969,184115.3664,183515.8333,,,4.889
000881,中广核技,化工原料,辽宁,19980902,000881.SZ,20140313,5.95,6.01,5.85,5.96,5.95,0.01,0.17,21708.2,12911.1719,0.705,0.8644,0.51,9.1634,13.8575,1.16,0.6909,0.9073,1.6779,1.6779,30891.84,30791.2472,25113.969,184115.3664,183515.8333,,,4.889
000881,中广核技,化工原料,辽宁,19980902,000881.SZ,20140312,6.07,6.08,5.9,5.95,6.07,-0.12,-1.98,26762.96,16052.0918,0.8692,1.0657,0.66,9.148,13.8342,1.158,0.6897,0.9058,1.6807,1.6807,30891.84,30791.2472,25113.969,183806.448,183207.9208,,,4.889
000881,中广核技,化工原料,辽宁,19980902,000881.SZ,20140311,5.93,6.15,5.88,6.07,5.99,0.08,1.34,50058.98,30302.106,1.6258,1.9933,1.49,9.3325,14.1133,1.1814,0.7036,0.9241,1.6474,1.6474,30891.84,30791.2472,25113.969,187513.4688,186902.8705,,,4.889
000881,中广核技,化工原料,辽宁,19980902,000881.SZ,20140310,5.99,6.16,5.92,5.99,6.16,-0.17,-2.76,58685.11,35363.6157,1.9059,2.3368,2.24,9.2095,13.9273,1.1658,0.6943,0.9119,1.6694,1.6694,30891.84,30791.2472,25113.969,185042.1216,184439.5707,,,4.889
000881,中广核技,化工原料,辽宁,19980902,000881.SZ,20140307,5.96,6.16,5.9,6.16,5.99,0.17,2.84,48493.9,29261.0029,1.5749,1.931,2.53,9.4709,14.3225,1.1989,0.714,0.9378,1.6234,1.6234,30891.84,30791.2472,25113.969,190293.7344,189674.0828,,,4.889
000881,中广核技,化工原料,辽宁,19980902,000881.SZ,20140306,5.88,6.02,5.87,5.99,5.92,0.07,1.18,28224.53,16831.5057,0.9166,1.1239,1.69,9.2095,13.9273,1.1658,0.6943,0.9119,1.6694,1.6694,30891.84,30791.2472,25113.969,185042.1216,184439.5707,,,4.889
000881,中广核技,化工原料,辽宁,19980902,000881.SZ,20140305,5.92,5.93,5.85,5.92,5.9,0.02,0.34,16914.63,9968.713,0.5493,0.6735,0.95,9.1019,13.7645,1.1522,0.6862,0.9012,1.6892,1.6892,30891.84,30791.2472,25113.969,182879.6928,182284.1834,,,4.889
000881,中广核技,化工原料,辽宁,19980902,000881.SZ,20140304,5.86,5.91,5.81,5.9,5.88,0.02,0.34,16191.52,9476.7766,0.5258,0.6447,0.85,9.0711,13.718,1.1483,0.6839,0.8982,1.6949,1.6949,30891.84,30791.2472,25113.969,182261.856,181668.3585,,,4.889
000881,中广核技,化工原料,辽宁,19980902,000881.SZ,20140303,5.77,5.9,5.74,5.88,5.77,0.11,1.91,21052.66,12278.2791,0.6837,0.8383,1.09,9.0404,13.6715,1.1444,0.6816,0.8951,1.7007,1.7007,30891.84,30791.2472,25113.969,181644.0192,181052.5335,,,4.889
000881,中广核技,化工原料,辽宁,19980902,000881.SZ,20140228,5.7,5.77,5.65,5.77,5.71,0.06,1.05,13447.33,7688.5206,0.4367,0.5355,0.64,8.8713,13.4157,1.123,0.6688,0.8784,1.7331,1.7331,30891.84,30791.2472,25113.969,178245.9168,177665.4963,,,4.889
000881,中广核技,化工原料,辽宁,19980902,000881.SZ,20140227,5.73,5.78,5.7,5.71,5.75,-0.04,-0.7,16007.17,9210.8973,0.5199,0.6374,0.66,8.779,13.2762,1.1113,0.6619,0.8693,1.7513,1.7513,30891.84,30791.2472,25113.969,176392.4064,175818.0215,,,4.889
000881,中广核技,化工原料,辽宁,19980902,000881.SZ,20140226,5.73,5.79,5.68,5.75,5.73,0.02,0.35,22492.19,12868.1189,0.7305,0.8956,0.81,8.8405,13.3692,1.1191,0.6665,0.8753,1.7391,1.7391,30891.84,30791.2472,25113.969,177628.08,177049.6714,,,4.889
000881,中广核技,化工原料,辽宁,19980902,000881.SZ,20140225,5.96,5.98,5.7,5.73,5.95,-0.22,-3.7,22602.49,13251.4517,0.7341,0.9,0.63,8.8098,13.3227,1.1152,0.6642,0.8723,1.7452,1.7452,30891.84,30791.2472,25113.969,177010.2432,176433.8465,,,4.889
000881,中广核技,化工原料,辽宁,19980902,000881.SZ,20140224,6.0,6.0,5.91,5.95,5.99,-0.04,-0.67,22077.99,13140.9656,0.717,0.8791,0.57,9.148,13.8342,1.158,0.6897,0.9058,1.6807,1.6807,30891.84,30791.2472,25113.969,183806.448,183207.9208,,,4.889
000881,中广核技,化工原料,辽宁,19980902,000881.SZ,20140221,6.07,6.11,5.96,5.99,6.06,-0.07,-1.16,22397.16,13498.9392,0.7274,0.8918,0.53,9.2095,13.9273,1.1658,0.6943,0.9119,1.6694,1.6694,30891.84,30791.2472,25113.969,185042.1216,184439.5707,,,4.889
000881,中广核技,化工原料,辽宁,19980902,000881.SZ,20140220,6.2,6.2,6.05,6.06,6.16,-0.1,-1.62,32021.32,19561.5284,1.0399,1.275,0.79,9.3171,14.09,1.1795,0.7024,0.9225,1.6502,1.6502,30891.84,30791.2472,25113.969,187204.5504,186594.958,,,4.889
000881,中广核技,化工原料,辽宁,19980902,000881.SZ,20140219,6.17,6.19,6.11,6.16,6.2,-0.04,-0.65,40219.38,24717.9999,1.3062,1.6015,1.01,9.4709,14.3225,1.1989,0.714,0.9378,1.6234,1.6234,30891.84,30791.2472,25113.969,190293.7344,189674.0828,,,4.889
000881,中广核技,化工原料,辽宁,19980902,000881.SZ,20140218,6.11,6.27,6.07,6.2,6.11,0.09,1.47,61640.66,37936.3501,2.0019,2.4544,1.87,9.5324,14.4155,1.2067,0.7187,0.9438,1.6129,1.6129,30891.84,30791.2472,25113.969,191529.408,190905.7326,,,4.889
000881,中广核技,化工原料,辽宁,19980902,000881.SZ,20140217,6.13,6.14,6.05,6.11,6.11,0.0,0.0,36962.16,22508.5636,1.2004,1.4718,1.14,9.394,14.2063,1.1892,0.7082,0.9301,1.6367,1.6367,30891.84,30791.2472,25113.969,188749.1424,188134.5204,,,4.889
000881,中广核技,化工原料,辽宁,19980902,000881.SZ,20140214,5.97,6.13,5.96,6.11,5.98,0.13,2.17,39176.55,23801.2381,1.2723,1.56,1.44,9.394,14.2063,1.1892,0.7082,0.9301,1.6367,1.6367,30891.84,30791.2472,25113.969,188749.1424,188134.5204,,,4.889
000881,中广核技,化工原料,辽宁,19980902,000881.SZ,20140213,6.07,6.07,5.97,5.98,6.06,-0.08,-1.32,25010.83,15077.4593,0.8123,0.9959,1.04,9.1941,13.904,1.1639,0.6932,0.9104,1.6722,1.6722,30891.84,30791.2472,25113.969,184733.2032,184131.6583,,,4.889
000881,中广核技,化工原料,辽宁,19980902,000881.SZ,20140212,6.0,6.16,5.97,6.06,6.0,0.06,1.0,37041.27,22435.5498,1.203,1.4749,1.99,9.3171,14.09,1.1795,0.7024,0.9225,1.6502,1.6502,30891.84,30791.2472,25113.969,187204.5504,186594.958,,,4.889
000881,中广核技,化工原料,辽宁,19980902,000881.SZ,20140211,5.96,6.02,5.95,6.0,5.96,0.04,0.67,26764.65,16001.6031,0.8692,1.0657,1.74,9.2249,13.9505,1.1678,0.6955,0.9134,1.6667,1.6667,30891.84,30791.2472,25113.969,185351.04,184747.4832,,,4.889
000881,中广核技,化工原料,辽宁,19980902,000881.SZ,20140210,5.82,5.97,5.81,5.96,5.82,0.14,2.41,33874.83,20050.309,1.1001,1.3488,2.83,9.1634,13.8575,1.16,0.6909,0.9073,1.6779,1.6779,30891.84,30791.2472,25113.969,184115.3664,183515.8333,,,4.889
000881,中广核技,化工原料,辽宁,19980902,000881.SZ,20140207,5.75,5.83,5.73,5.82,5.76,0.06,1.04,13408.79,7751.4152,0.4355,0.5339,1.01,8.9481,13.532,1.1327,0.6746,0.886,1.7182,1.7182,30891.84,30791.2472,25113.969,179790.5088,179205.0587,,,4.889
000881,中广核技,化工原料,辽宁,19980902,000881.SZ,20140130,5.78,5.79,5.73,5.76,5.77,-0.01,-0.17,9128.65,5263.3661,0.2965,0.3635,0.63,8.8559,13.3925,1.1211,0.6677,0.8769,1.7361,1.7361,30891.84,30791.2472,25113.969,177936.9984,177357.5839,,,4.889
000881,中广核技,化工原料,辽宁,19980902,000881.SZ,20140129,5.75,5.78,5.73,5.77,5.76,0.01,0.17,9929.73,5717.519,0.3225,0.3954,0.58,8.8713,13.4157,1.123,0.6688,0.8784,1.7331,1.7331,30891.84,30791.2472,25113.969,178245.9168,177665.4963,,,4.889
000881,中广核技,化工原料,辽宁,19980902,000881.SZ,20140128,5.75,5.81,5.73,5.76,5.79,-0.03,-0.52,10519.37,6063.7733,0.3416,0.4189,0.6,8.8559,13.3925,1.1211,0.6677,0.8769,1.7361,1.7361,30891.84,30791.2472,25113.969,177936.9984,177357.5839,,,4.889
000881,中广核技,化工原料,辽宁,19980902,000881.SZ,20140127,5.78,5.82,5.75,5.79,5.81,-0.02,-0.34,16850.71,9728.2486,0.5473,0.671,0.98,8.902,13.4622,1.1269,0.6712,0.8814,1.7271,1.7271,30891.84,30791.2472,25113.969,178863.7536,178281.3213,,,4.889
000881,中广核技,化工原料,辽宁,19980902,000881.SZ,20140124,5.79,5.9,5.76,5.81,5.79,0.02,0.35,19672.56,11477.2217,0.6389,0.7833,1.22,8.9328,13.5087,1.1308,0.6735,0.8845,1.7212,1.7212,30891.84,30791.2472,25113.969,179481.5904,178897.1462,,,4.889
000881,中广核技,化工原料,辽宁,19980902,000881.SZ,20140123,5.8,5.82,5.75,5.79,5.8,-0.01,-0.17,15544.71,8987.5914,0.5048,0.619,0.98,8.902,13.4622,1.1269,0.6712,0.8814,1.7271,1.7271,30891.84,30791.2472,25113.969,178863.7536,178281.3213,,,4.889
000881,中广核技,化工原料,辽宁,19980902,000881.SZ,20140122,5.62,5.81,5.61,5.8,5.61,0.19,3.39,23637.85,13558.7795,0.7677,0.9412,1.74,8.9174,13.4855,1.1289,0.6723,0.883,1.7241,1.7241,30891.84,30791.2472,25113.969,179172.672,178589.2338,,,4.889
000881,中广核技,化工原料,辽宁,19980902,000881.SZ,20140121,5.54,5.62,5.53,5.61,5.53,0.08,1.45,11677.62,6527.8442,0.3793,0.465,0.8,8.6253,13.0437,1.0919,0.6503,0.854,1.7825,1.7825,30891.84,30791.2472,25113.969,173303.2224,172738.8968,,,4.889
000881,中广核技,化工原料,辽宁,19980902,000881.SZ,20140120,5.62,5.62,5.52,5.53,5.62,-0.09,-1.6,15055.0,8361.404,0.4889,0.5995,1.05,8.5023,12.8577,1.0763,0.641,0.8419,1.8083,1.8083,30891.84,30791.2472,25113.969,170831.8752,170275.597,,,4.889
000881,中广核技,化工原料,辽宁,19980902,000881.SZ,20140117,5.72,5.72,5.61,5.62,5.74,-0.12,-2.09,14795.06,8355.3439,0.4805,0.5891,0.94,8.6407,13.067,1.0938,0.6514,0.8556,1.7794,1.7794,30891.84,30791.2472,25113.969,173612.1408,173046.8093,,,4.889
000881,中广核技,化工原料,辽宁,19980902,000881.SZ,20140116,5.68,5.77,5.67,5.74,5.7,0.04,0.7,14355.17,8226.9836,0.4662,0.5716,0.9,8.8252,13.346,1.1172,0.6654,0.8738,1.7422,1.7422,30891.84,30791.2472,25113.969,177319.1616,176741.7589,,,4.889
000881,中广核技,化工原料,辽宁,19980902,000881.SZ,20140115,5.7,5.73,5.66,5.7,5.72,-0.02,-0.35,11985.31,6819.1889,0.3892,0.4772,0.64,8.7637,13.253,1.1094,0.6607,0.8677,1.7544,1.7544,30891.84,30791.2472,25113.969,176083.488,175510.109,,,4.889
000881,中广核技,化工原料,辽宁,19980902,000881.SZ,20140114,5.63,5.73,5.62,5.72,5.63,0.09,1.6,16504.98,9373.6877,0.536,0.6572,0.88,8.7944,13.2995,1.1133,0.663,0.8708,1.7483,1.7483,30891.84,30791.2472,25113.969,176701.3248,176125.934,,,4.889
000881,中广核技,化工原料,辽宁,19980902,000881.SZ,20140113,5.66,5.7,5.61,5.63,5.66,-0.03,-0.53,14176.0,7991.7944,0.4604,0.5645,0.69,8.656,13.0902,1.0958,0.6526,0.8571,1.7762,1.7762,30891.84,30791.2472,25113.969,173921.0592,173354.7217,,,4.889
000881,中广核技,化工原料,辽宁,19980902,000881.SZ,20140110,5.82,5.83,5.61,5.66,5.82,-0.16,-2.75,21829.63,12523.4429,0.709,0.8692,1.09,8.7022,13.16,1.1016,0.6561,0.8616,1.7668,1.7668,30891.84,30791.2472,25113.969,174847.8144,174278.4592,,,4.889
000881,中广核技,化工原料,辽宁,19980902,000881.SZ,20140109,5.93,5.95,5.82,5.82,5.94,-0.12,-2.02,14925.74,8817.7819,0.4847,0.5943,0.63,8.9481,13.532,1.1327,0.6746,0.886,1.7182,1.7182,30891.84,30791.2472,25113.969,179790.5088,179205.0587,,,4.889
000881,中广核技,化工原料,辽宁,19980902,000881.SZ,20140108,6.08,6.12,5.92,5.94,6.08,-0.14,-2.3,25943.99,15595.5293,0.8426,1.0331,1.08,9.1326,13.811,1.1561,0.6885,0.9043,1.6835,1.6835,30891.84,30791.2472,25113.969,183497.5296,182900.0084,,,4.889
000881,中广核技,化工原料,辽宁,19980902,000881.SZ,20140107,6.1,6.13,6.05,6.08,6.09,-0.01,-0.16,17173.8,10454.8399,0.5577,0.6838,0.74,9.3479,14.1365,1.1833,0.7048,0.9256,1.6447,1.6447,30891.84,30791.2472,25113.969,187822.3872,187210.783,,,4.889
000881,中广核技,化工原料,辽宁,19980902,000881.SZ,20140106,6.25,6.26,6.09,6.09,6.26,-0.17,-2.72,22282.91,13716.9056,0.7237,0.8873,1.02,9.3633,14.1598,1.1853,0.7059,0.9271,1.642,1.642,30891.84,30791.2472,25113.969,188131.3056,187518.6954,,,4.889
000881,中广核技,化工原料,辽宁,19980902,000881.SZ,20140103,6.37,6.37,6.25,6.26,6.37,-0.11,-1.73,19683.0,12377.3475,0.6392,0.7837,0.97,9.6246,14.555,1.2184,0.7256,0.953,1.5974,1.5974,30891.84,30791.2472,25113.969,193382.9184,192753.2075,,,4.889
000881,中广核技,化工原料,辽宁,19980902,000881.SZ,20140102,6.41,6.44,6.3,6.37,6.42,-0.05,-0.78,32489.89,20634.3293,1.0552,1.2937,2.01,9.7938,14.8108,1.2398,0.7384,0.9697,1.5699,1.5699,30891.84,30791.2472,25113.969,196781.0208,196140.2447,,,4.889
000881,中广核技,化工原料,辽宁,19980902,000881.SZ,20131231,6.26,6.43,6.26,6.42,6.28,0.14,2.23,28296.48,17947.4468,0.919,1.1267,2.19,9.8706,14.927,1.2495,0.7442,0.9773,1.5576,1.5576,30891.84,30791.2472,25113.969,198325.6128,197679.807,,,4.889
000881,中广核技,化工原料,辽宁,19980902,000881.SZ,20131230,6.28,6.3,6.25,6.28,6.25,0.03,0.48,13041.1,8176.6585,0.4235,0.5193,0.98,9.6554,14.6015,1.2223,0.728,0.956,1.5924,1.5924,30891.84,30791.2472,25113.969,194000.7552,193369.0324,,,4.889
000881,中广核技,化工原料,辽宁,19980902,000881.SZ,20131227,6.23,6.29,6.18,6.25,6.18,0.07,1.13,16024.7,9990.4815,0.5204,0.6381,1.22,9.6093,14.5318,1.2164,0.7245,0.9515,1.6,1.6,30891.84,30791.2472,25113.969,193074.0,192445.295,,,4.889
000881,中广核技,化工原料,辽宁,19980902,000881.SZ,20131226,6.27,6.3,6.18,6.18,6.3,-0.12,-1.9,11871.0,7407.5672,0.3855,0.4727,0.89,9.5016,14.369,1.2028,0.7164,0.9408,1.6181,1.6181,30891.84,30791.2472,25113.969,190911.5712,190289.9077,,,4.889
000881,中广核技,化工原料,辽宁,19980902,000881.SZ,20131225,6.29,6.32,6.25,6.3,6.29,0.01,0.16,11479.16,7225.0322,0.3728,0.4571,0.89,9.6861,14.648,1.2262,0.7303,0.9591,1.5873,1.5873,30891.84,30791.2472,25113.969,194618.592,193984.8574,,,4.889
000881,中广核技,化工原料,辽宁,19980902,000881.SZ,20131224,6.25,6.33,6.23,6.29,6.25,0.04,0.64,12285.33,7723.5185,0.399,0.4892,0.85,9.6708,14.6248,1.2242,0.7291,0.9575,1.5898,1.5898,30891.84,30791.2472,25113.969,194309.6736,193676.9449,,,4.889
000881,中广核技,化工原料,辽宁,19980902,000881.SZ,20131223,6.28,6.3,6.18,6.25,6.31,-0.06,-0.95,14630.81,9119.6543,0.4752,0.5826,1.0,9.6093,14.5318,1.2164,0.7245,0.9515,1.6,1.6,30891.84,30791.2472,25113.969,193074.0,192445.295,,,4.889
000881,中广核技,化工原料,辽宁,19980902,000881.SZ,20131220,6.39,6.41,6.26,6.31,6.39,-0.08,-1.25,15316.83,9685.7076,0.4974,0.6099,1.05,9.7015,14.6713,1.2281,0.7314,0.9606,1.5848,1.5848,30891.84,30791.2472,25113.969,194927.5104,194292.7698,,,4.889
000881,中广核技,化工原料,辽宁,19980902,000881.SZ,20131219,6.52,6.55,6.38,6.39,6.52,-0.13,-1.99,12824.24,8288.4427,0.4165,0.5106,0.83,9.8245,14.8573,1.2437,0.7407,0.9728,1.5649,1.5649,30891.84,30791.2472,25113.969,197398.8576,196756.0696,,,4.889
000881,中广核技,化工原料,辽宁,19980902,000881.SZ,20131218,6.54,6.57,6.48,6.52,6.54,-0.02,-0.31,9489.62,6187.7776,0.3082,0.3779,0.54,10.0244,15.1595,1.269,0.7558,0.9926,1.5337,1.5337,30891.84,30791.2472,25113.969,201414.7968,200758.9317,,,4.889
000881,中广核技,化工原料,辽宁,19980902,000881.SZ,20131217,6.45,6.57,6.44,6.54,6.47,0.07,1.08,20049.07,13063.4093,0.6511,0.7983,1.16,10.0551,15.206,1.2729,0.7581,0.9956,1.5291,1.5291,30891.84,30791.2472,25113.969,202032.6336,201374.7567,,,4.889
000881,中广核技,化工原料,辽宁,19980902,000881.SZ,20131216,6.54,6.56,6.43,6.47,6.53,-0.06,-0.92,15728.36,10243.8489,0.5108,0.6263,0.9,9.9475,15.0433,1.2593,0.75,0.985,1.5456,1.5456,30891.84,30791.2472,25113.969,199870.2048,199219.3694,,,4.889
000881,中广核技,化工原料,辽宁,19980902,000881.SZ,20131213,6.48,6.58,6.45,6.53,6.51,0.02,0.31,15168.67,9898.1515,0.4926,0.604,0.86,10.0398,15.1828,1.2709,0.7569,0.9941,1.5314,1.5314,30891.84,30791.2472,25113.969,201723.7152,201066.8442,,,4.889
000881,中广核技,化工原料,辽宁,19980902,000881.SZ,20131212,6.46,6.54,6.46,6.51,6.5,0.01,0.15,16746.93,10895.6222,0.5439,0.6668,0.89,10.009,15.1363,1.267,0.7546,0.991,1.5361,1.5361,30891.84,30791.2472,25113.969,201105.8784,200451.0193,,,4.889
000881,中广核技,化工原料,辽宁,19980902,000881.SZ,20131211,6.6,6.61,6.45,6.5,6.61,-0.11,-1.66,19409.29,12654.3663,0.6304,0.7728,0.81,9.9936,15.113,1.2651,0.7535,0.9895,1.5385,1.5385,30891.84,30791.2472,25113.969,200796.96,200143.1068,7.89,6.45,4.889
000881,中广核技,化工原料,辽宁,19980902,000881.SZ,20131210,6.64,6.65,6.58,6.61,6.6,0.01,0.15,19516.47,12908.8082,0.6338,0.7771,0.78,10.1628,15.3688,1.2865,0.7662,1.0063,1.5129,1.5129,30891.84,30791.2472,25113.969,204195.0624,203530.144,,,4.889
000881,中广核技,化工原料,辽宁,19980902,000881.SZ,20131209,6.6,6.61,6.57,6.6,6.58,0.02,0.3,16547.07,10904.3779,0.5374,0.6589,0.57,10.1474,15.3456,1.2846,0.765,1.0047,1.5152,1.5152,30891.84,30791.2472,25113.969,203886.144,203222.2315,,,4.889
000881,中广核技,化工原料,辽宁,19980902,000881.SZ,20131206,6.58,6.65,6.56,6.58,6.6,-0.02,-0.3,16333.96,10765.3133,0.5305,0.6504,0.52,10.1166,15.299,1.2807,0.7627,1.0017,1.5198,1.5198,30891.84,30791.2472,25113.969,203268.3072,202606.4066,7.92,6.48,4.889
000881,中广核技,化工原料,辽宁,19980902,000881.SZ,20131205,6.6,6.62,6.56,6.6,6.6,0.0,0.0,22118.7,14573.4725,0.7183,0.8807,0.69,10.1474,15.3456,1.2846,0.765,1.0047,1.5152,1.5152,30891.84,30791.2472,25113.969,203886.144,203222.2315,7.91,6.47,4.889
000881,中广核技,化工原料,辽宁,19980902,000881.SZ,20131204,6.39,6.6,6.36,6.6,6.43,0.17,2.64,45422.48,29770.7617,1.4752,1.8087,1.64,10.1474,15.3456,1.2846,0.765,1.0047,1.5152,1.5152,30891.84,30791.2472,25113.969,203886.144,203222.2315,,,4.889
000881,中广核技,化工原料,辽宁,19980902,000881.SZ,20131203,6.29,6.45,6.24,6.43,6.31,0.12,1.9,24732.06,15682.6538,0.8032,0.9848,0.87,9.886,14.9503,1.2515,0.7453,0.9789,1.5552,1.5552,30891.84,30791.2472,25113.969,198634.5312,197987.7195,,,4.889
000881,中广核技,化工原料,辽宁,19980902,000881.SZ,20131202,6.53,6.55,6.27,6.31,6.62,-0.31,-4.68,35844.99,22954.9677,1.1641,1.4273,1.17,9.7015,14.6713,1.2281,0.7314,0.9606,1.5848,1.5848,30891.84,30791.2472,25113.969,194927.5104,194292.7698,,,4.889
000881,中广核技,化工原料,辽宁,19980902,000881.SZ,20131129,6.6,6.64,6.55,6.62,6.6,0.02,0.3,28565.48,18836.9401,0.9277,1.1374,0.92,10.1781,15.3921,1.2885,0.7674,1.0078,1.5106,1.5106,30891.84,30791.2472,25113.969,204503.9808,203838.0565,,,4.889
000881,中广核技,化工原料,辽宁,19980902,000881.SZ,20131128,6.57,6.64,6.54,6.6,6.57,0.03,0.46,26868.3,17746.4452,0.8726,1.0699,0.87,10.1474,15.3456,1.2846,0.765,1.0047,1.5152,1.5152,30891.84,30791.2472,25113.969,203886.144,203222.2315,,,4.889
000881,中广核技,化工原料,辽宁,19980902,000881.SZ,20131127,6.56,6.59,6.49,6.57,6.56,0.01,0.15,22281.88,14577.7197,0.7236,0.8872,0.75,10.1013,15.2758,1.2787,0.7616,1.0002,1.5221,1.5221,30891.84,30791.2472,25113.969,202959.3888,202298.4941,,,4.889
000881,中广核技,化工原料,辽宁,19980902,000881.SZ,20131126,6.55,6.67,6.5,6.56,6.57,-0.01,-0.15,28048.66,18410.8546,0.9109,1.1169,0.95,10.0859,15.2525,1.2768,0.7604,0.9987,1.5244,1.5244,30891.84,30791.2472,25113.969,202650.4704,201990.5816,,,4.889
000881,中广核技,化工原料,辽宁,19980902,000881.SZ,20131125,6.52,6.7,6.46,6.57,6.53,0.04,0.61,46999.07,31001.536,1.5264,1.8714,1.81,10.1013,15.2758,1.2787,0.7616,1.0002,1.5221,1.5221,30891.84,30791.2472,25113.969,202959.3888,202298.4941,,,4.889
000881,中广核技,化工原料,辽宁,19980902,000881.SZ,20131122,6.5,6.6,6.43,6.53,6.49,0.04,0.62,31457.3,20609.9058,1.0216,1.2526,1.31,10.0398,15.1828,1.2709,0.7569,0.9941,1.5314,1.5314,30891.84,30791.2472,25113.969,201723.7152,201066.8442,,,4.889
000881,中广核技,化工原料,辽宁,19980902,000881.SZ,20131121,6.5,6.55,6.43,6.49,6.5,-0.01,-0.15,24909.84,16156.3715,0.809,0.9919,1.18,9.9783,15.0898,1.2631,0.7523,0.988,1.5408,1.5408,30891.84,30791.2472,25113.969,200488.0416,199835.1943,,,4.889
000881,中广核技,化工原料,辽宁,19980902,000881.SZ,20131120,6.45,6.5,6.42,6.5,6.45,0.05,0.78,17755.08,11484.0783,0.5766,0.707,0.9,9.9936,15.113,1.2651,0.7535,0.9895,1.5385,1.5385,30891.84,30791.2472,25113.969,200796.96,200143.1068,,,4.889
000881,中广核技,化工原料,辽宁,19980902,000881.SZ,20131119,6.5,6.5,6.4,6.45,6.48,-0.03,-0.46,25799.82,16642.2866,0.8379,1.0273,1.56,9.9168,14.9968,1.2554,0.7477,0.9819,1.5504,1.5504,30891.84,30791.2472,25113.969,199252.368,198603.5444,,,4.889
000881,中广核技,化工原料,辽宁,19980902,000881.SZ,20131118,6.39,6.49,6.34,6.48,6.37,0.11,1.73,29989.49,19284.1407,0.974,1.1941,2.38,9.9629,15.0665,1.2612,0.7511,0.9865,1.5432,1.5432,30891.84,30791.2472,25113.969,200179.1232,199527.2819,,,4.889
000881,中广核技,化工原料,辽宁,19980902,000881.SZ,20131115,6.26,6.4,6.26,6.37,6.26,0.11,1.76,21700.9,13800.1928,0.7048,0.8641,1.88,9.7938,14.8108,1.2398,0.7384,0.9697,1.5699,1.5699,30891.84,30791.2472,25113.969,196781.0208,196140.2447,,,4.889
000881,中广核技,化工原料,辽宁,19980902,000881.SZ,20131114,6.26,6.29,6.17,6.26,6.21,0.05,0.8052,10334.76,6433.8869,0.3356,0.4115,0.85,9.6246,14.555,1.2184,0.7256,0.953,1.5974,1.5974,30891.84,30791.2472,25113.969,193382.9184,192753.2075,7.43,6.08,4.889
000881,中广核技,化工原料,辽宁,19980902,000881.SZ,20131113,6.31,6.32,6.19,6.21,6.32,-0.11,-1.74,10949.49,6862.5087,0.3556,0.436,0.83,9.5478,14.4388,1.2087,0.7198,0.9454,1.6103,1.6103,30891.84,30791.2472,25113.969,191838.3264,191213.6451,,,4.889
000881,中广核技,化工原料,辽宁,19980902,000881.SZ,20131112,6.26,6.34,6.26,6.32,6.28,0.04,0.64,9926.51,6253.2895,0.3224,0.3953,0.69,9.7169,14.6945,1.2301,0.7326,0.9621,1.5823,1.5823,30891.84,30791.2472,25113.969,195236.4288,194600.6823,,,4.889
000881,中广核技,化工原料,辽宁,19980902,000881.SZ,20131111,6.25,6.31,6.2,6.28,6.24,0.04,0.64,9961.55,6238.3207,0.3235,0.3967,0.65,9.6554,14.6015,1.2223,0.728,0.956,1.5924,1.5924,30891.84,30791.2472,25113.969,194000.7552,193369.0324,,,4.889
000881,中广核技,化工原料,辽宁,19980902,000881.SZ,20131108,6.35,6.35,6.22,6.24,6.35,-0.11,-1.73,16614.7,10415.2435,0.5396,0.6616,1.12,9.5939,14.5085,1.2145,0.7233,0.9499,1.6026,1.6026,30891.84,30791.2472,25113.969,192765.0816,192137.3825,,,4.889
000881,中广核技,化工原料,辽宁,19980902,000881.SZ,20131107,6.46,6.48,6.34,6.35,6.47,-0.12,-1.85,13361.17,8557.4416,0.4339,0.532,0.89,9.763,14.7643,1.2359,0.7361,0.9667,1.5748,1.5748,30891.84,30791.2472,25113.969,196163.184,195524.4197,,,4.889
000881,中广核技,化工原料,辽宁,19980902,000881.SZ,20131106,6.47,6.55,6.46,6.47,6.51,-0.04,-0.61,16204.37,10537.2193,0.5263,0.6452,1.03,9.9475,15.0433,1.2593,0.75,0.985,1.5456,1.5456,30891.84,30791.2472,25113.969,199870.2048,199219.3694,7.17,5.87,4.889
000881,中广核技,化工原料,辽宁,19980902,000881.SZ,20131105,6.44,6.51,6.38,6.51,6.44,0.07,1.09,15794.72,10171.5316,0.513,0.6289,0.89,10.009,15.1363,1.267,0.7546,0.991,1.5361,1.5361,30891.84,30791.2472,25113.969,201105.8784,200451.0193,7.12,5.82,4.889
000881,中广核技,化工原料,辽宁,19980902,000881.SZ,20131104,6.41,6.46,6.39,6.44,6.41,0.03,0.47,14199.06,9126.8932,0.4611,0.5654,0.82,9.9014,14.9735,1.2534,0.7465,0.9804,1.5528,1.5528,30891.84,30791.2472,25113.969,198943.4496,198295.632,,,4.889
000881,中广核技,化工原料,辽宁,19980902,000881.SZ,20131101,6.41,6.45,6.3,6.41,6.42,-0.01,-0.16,14311.09,9143.4779,0.4648,0.5698,0.71,9.8553,14.9038,1.2476,0.743,0.9758,1.5601,1.5601,30891.84,30791.2472,25113.969,198016.6944,197371.8946,,,4.889
000881,中广核技,化工原料,辽宁,19980902,000881.SZ,20131031,6.44,6.45,6.36,6.42,6.44,-0.02,-0.31,14771.46,9458.7939,0.4797,0.5882,0.65,9.8706,14.927,1.2495,0.7442,0.9773,1.5576,1.5576,30891.84,30791.2472,25113.969,198325.6128,197679.807,,,4.889
000881,中广核技,化工原料,辽宁,19980902,000881.SZ,20131030,6.35,6.45,6.33,6.44,6.33,0.11,1.74,19374.2,12369.8945,0.6292,0.7715,0.65,9.9014,14.9735,1.2534,0.7465,0.9804,1.5528,1.5528,30891.84,30791.2472,25113.969,198943.4496,198295.632,,,4.889
000881,中广核技,化工原料,辽宁,19980902,000881.SZ,20131029,6.6,6.65,6.22,6.33,6.6,-0.27,-4.09,25612.55,16386.9959,0.8318,1.0199,0.77,9.7323,14.7178,1.232,0.7337,0.9636,1.5798,1.5798,30891.84,30791.2472,25113.969,195545.3472,194908.5948,,,4.889
000881,中广核技,化工原料,辽宁,19980902,000881.SZ,20131028,6.58,6.63,6.54,6.6,6.54,0.06,0.92,12654.87,8336.5654,0.411,0.5039,0.33,10.1474,15.3456,1.2846,0.765,1.0047,1.5152,1.5152,30891.84,30791.2472,25113.969,203886.144,203222.2315,,,4.889
000881,中广核技,化工原料,辽宁,19980902,000881.SZ,20131025,6.73,6.78,6.48,6.54,6.73,-0.19,-2.82,28065.9,18598.6611,0.9115,1.1175,0.74,10.0551,15.206,1.2729,0.7581,0.9956,1.5291,1.5291,30891.84,30791.2472,25113.969,202032.6336,201374.7567,,,4.889
000881,中广核技,化工原料,辽宁,19980902,000881.SZ,20131024,6.84,6.88,6.7,6.73,6.84,-0.11,-1.61,28067.84,19021.2389,0.9116,1.1176,0.76,10.3473,15.6478,1.3099,0.7801,1.0245,1.4859,1.4859,30891.84,30791.2472,25113.969,207902.0832,207225.0937,7.56,6.18,4.889
000881,中广核技,化工原料,辽宁,19980902,000881.SZ,20131023,7.12,7.16,6.84,6.84,7.18,-0.34,-4.74,54413.35,38046.4105,1.7672,2.1667,1.63,10.5164,15.9036,1.3313,0.7929,1.0413,1.462,1.462,30891.84,30791.2472,25113.969,211300.1856,210612.1308,,,4.889
000881,中广核技,化工原料,辽宁,19980902,000881.SZ,20131022,7.14,7.25,7.11,7.18,7.15,0.03,0.42,43510.65,31239.8151,1.4131,1.7325,1.39,11.0391,15.0435,1.4121,0.8323,0.9818,1.3928,1.3928,30891.84,30791.2472,25113.969,221803.4112,221081.1549,,,4.889
000881,中广核技,化工原料,辽宁,19980902,000881.SZ,20131021,7.12,7.16,7.05,7.15,7.12,0.03,0.42,35657.3,25378.426,1.158,1.4198,1.09,10.993,14.9806,1.4062,0.8288,0.9777,1.3986,1.3986,30891.84,30791.2472,25113.969,220876.656,220157.4175,,,4.889
000881,中广核技,化工原料,辽宁,19980902,000881.SZ,20131018,7.01,7.15,7.0,7.12,7.03,0.09,1.28,27336.41,19374.6515,0.8878,1.0885,0.69,10.9469,14.9178,1.4003,0.8253,0.9736,1.4045,1.4045,30891.84,30791.2472,25113.969,219949.9008,219233.6801,,,4.889
000881,中广核技,化工原料,辽宁,19980902,000881.SZ,20131017,7.1,7.11,7.0,7.03,7.07,-0.04,-0.57,22567.04,15942.2846,0.7329,0.8986,0.5,10.8085,14.7292,1.3826,0.8149,0.9613,1.4225,1.4225,30891.84,30791.2472,25113.969,217169.6352,216462.4678,,,4.889
000881,中广核技,化工原料,辽宁,19980902,000881.SZ,20131016,7.16,7.18,7.0,7.07,7.18,-0.11,-1.53,38019.48,26830.5406,1.2347,1.5139,0.75,10.87,14.813,1.3904,0.8195,0.9667,1.4144,1.4144,30891.84,30791.2472,25113.969,218405.3088,217694.1177,,,4.889
000881,中广核技,化工原料,辽宁,19980902,000881.SZ,20131015,7.2,7.22,7.14,7.18,7.22,-0.04,-0.55,32754.41,23496.1501,1.0638,1.3042,0.67,11.0391,15.0435,1.4121,0.8323,0.9818,1.3928,1.3928,30891.84,30791.2472,25113.969,221803.4112,221081.1549,,,4.889
000881,中广核技,化工原料,辽宁,19980902,000881.SZ,20131014,7.23,7.24,7.13,7.22,7.23,-0.01,-0.14,43479.84,31240.8649,1.4121,1.7313,1.01,11.1006,15.1273,1.4199,0.8369,0.9872,1.385,1.385,30891.84,30791.2472,25113.969,223039.0848,222312.8048,,,4.889
000881,中广核技,化工原料,辽宁,19980902,000881.SZ,20131011,7.12,7.3,7.12,7.23,7.1,0.13,1.83,60187.66,43463.7677,1.9547,2.3966,1.77,11.116,15.1482,1.4219,0.8381,0.9886,1.3831,1.3831,30891.84,30791.2472,25113.969,223348.0032,222620.7173,,,4.889
000881,中广核技,化工原料,辽宁,19980902,000881.SZ,20131010,7.23,7.23,7.06,7.1,7.23,-0.13,-1.8,52990.58,37766.0831,1.721,2.11,1.7,10.9161,14.8759,1.3963,0.823,0.9708,1.4085,1.4085,30891.84,30791.2472,25113.969,219332.064,218617.8551,,,4.889
000881,中广核技,化工原料,辽宁,19980902,000881.SZ,20131009,7.04,7.26,7.03,7.23,7.03,0.2,2.85,64027.53,46024.3302,2.0794,2.5495,2.41,11.116,15.1482,1.4219,0.8381,0.9886,1.3831,1.3831,30891.84,30791.2472,25113.969,223348.0032,222620.7173,,,4.889
000881,中广核技,化工原料,辽宁,19980902,000881.SZ,20131008,6.97,7.05,6.89,7.03,6.97,0.06,0.86,24638.27,17228.0784,0.8002,0.9811,0.77,10.8085,14.7292,1.3826,0.8149,0.9613,1.4225,1.4225,30891.84,30791.2472,25113.969,217169.6352,216462.4678,,,4.889
000881,中广核技,化工原料,辽宁,19980902,000881.SZ,20130930,6.96,6.99,6.93,6.97,6.94,0.03,0.43,12923.19,8986.58,0.4197,0.5146,0.29,10.7163,14.6035,1.3708,0.8079,0.9531,1.4347,1.4347,30891.84,30791.2472,25113.969,215316.1248,214614.993,,,4.889
000881,中广核技,化工原料,辽宁,19980902,000881.SZ,20130927,6.96,7.04,6.93,6.94,6.96,-0.02,-0.29,15230.32,10626.8564,0.4946,0.6064,0.23,10.6701,14.5406,1.3649,0.8045,0.949,1.4409,1.4409,30891.84,30791.2472,25113.969,214389.3696,213691.2556,,,4.804
000881,中广核技,化工原料,辽宁,19980902,000881.SZ,20130926,7.15,7.15,6.94,6.96,7.16,-0.2,-2.79,38981.8,27372.0884,1.266,1.5522,0.52,10.7009,14.5825,1.3688,0.8068,0.9517,1.4368,1.4368,30891.84,30791.2472,25113.969,215007.2064,214307.0805,,,4.804
000881,中广核技,化工原料,辽宁,19980902,000881.SZ,20130925,7.16,7.25,7.11,7.16,7.19,-0.03,-0.42,40854.16,29335.0564,1.3268,1.6268,0.56,11.0084,15.0016,1.4081,0.83,0.979,1.3966,1.3966,30891.84,30791.2472,25113.969,221185.5744,220465.33,,,4.804
000881,中广核技,化工原料,辽宁,19980902,000881.SZ,20130924,7.26,7.27,7.1,7.19,7.29,-0.1,-1.37,52479.99,37672.8892,1.7044,2.0897,0.74,11.0545,15.0644,1.414,0.8334,0.9831,1.3908,1.3908,30891.84,30791.2472,25113.969,222112.3296,221389.0674,,,4.804
000881,中广核技,化工原料,辽宁,19980902,000881.SZ,20130923,7.24,7.32,7.15,7.29,7.36,-0.07,-0.95,73948.14,53357.2552,2.4016,2.9445,1.11,11.2082,15.274,1.4337,0.845,0.9968,1.3717,1.3717,30891.84,30791.2472,25113.969,225201.5136,224468.1921,,,4.804
000881,中广核技,化工原料,辽宁,19980902,000881.SZ,20130918,7.15,7.43,7.15,7.36,7.09,0.27,3.81,131331.1,96061.5541,4.2652,5.2294,2.45,11.3159,15.4206,1.4475,0.8531,1.0064,1.3587,1.3587,30891.84,30791.2472,25113.969,227363.9424,226623.5794,,,4.804
000881,中广核技,化工原料,辽宁,19980902,000881.SZ,20130917,6.96,7.24,6.9,7.09,6.96,0.13,1.87,73319.94,51862.1503,2.3812,2.9195,1.38,10.9008,14.8549,1.3944,0.8218,0.9695,1.4104,1.4104,30891.84,30791.2472,25113.969,219023.1456,218309.9426,,,4.804
000881,中广核技,化工原料,辽宁,19980902,000881.SZ,20130916,7.02,7.06,6.94,6.96,7.02,-0.06,-0.85,33237.55,23184.5976,1.0794,1.3235,0.56,10.7009,14.5825,1.3688,0.8068,0.9517,1.4368,1.4368,30891.84,30791.2472,25113.969,215007.2064,214307.0805,,,4.804
000881,中广核技,化工原料,辽宁,19980902,000881.SZ,20130913,7.09,7.16,6.97,7.02,7.1,-0.08,-1.13,43374.43,30471.4653,1.4087,1.7271,0.74,10.7931,14.7083,1.3806,0.8137,0.9599,1.4245,1.4245,30891.84,30791.2472,25113.969,216860.7168,216154.5553,,,4.804
000881,中广核技,化工原料,辽宁,19980902,000881.SZ,20130912,7.06,7.19,7.06,7.1,7.06,0.04,0.57,51470.52,36659.4868,1.6716,2.0495,0.91,10.9161,14.8759,1.3963,0.823,0.9708,1.4085,1.4085,30891.84,30791.2472,25113.969,219332.064,218617.8551,,,4.804
000881,中广核技,化工原料,辽宁,19980902,000881.SZ,20130911,7.19,7.25,7.03,7.06,7.17,-0.11,-1.53,66913.21,47537.055,2.1731,2.6644,1.23,10.8546,14.7921,1.3885,0.8184,0.9654,1.4164,1.4164,30891.84,30791.2472,25113.969,218096.3904,217386.2052,,,4.804
000881,中广核技,化工原料,辽宁,19980902,000881.SZ,20130910,7.09,7.23,7.05,7.17,7.08,0.09,1.27,71111.73,50909.5224,2.3095,2.8316,1.41,11.0238,15.0225,1.4101,0.8311,0.9804,1.3947,1.3947,30891.84,30791.2472,25113.969,221494.4928,220773.2424,,,4.804
000881,中广核技,化工原料,辽宁,19980902,000881.SZ,20130909,7.0,7.15,6.98,7.08,7.0,0.08,1.14,63437.48,44921.5381,2.0602,2.526,1.05,10.8854,14.834,1.3924,0.8207,0.9681,1.4124,1.4124,30891.84,30791.2472,25113.969,218714.2272,218002.0302,,,4.804
000881,中广核技,化工原料,辽宁,19980902,000881.SZ,20130906,6.91,7.03,6.88,7.0,6.9,0.1,1.45,41469.85,28938.1027,1.3468,1.6513,0.43,10.7624,14.6664,1.3767,0.8114,0.9572,1.4286,1.4286,30891.84,30791.2472,25113.969,216242.88,215538.7304,,,4.804
000881,中广核技,化工原料,辽宁,19980902,000881.SZ,20130905,7.0,7.0,6.88,6.9,7.0,-0.1,-1.43,40435.1,27975.0321,1.3132,1.6101,0.35,10.6086,14.4568,1.357,0.7998,0.9435,1.4493,1.4493,30891.84,30791.2472,25113.969,213153.696,212459.6057,,,4.804
000881,中广核技,化工原料,辽宁,19980902,000881.SZ,20130904,7.04,7.13,6.97,7.0,7.04,-0.04,-0.57,55346.76,38905.3716,1.7975,2.2038,0.43,10.7624,14.6664,1.3767,0.8114,0.9572,1.4286,1.4286,30891.84,30791.2472,25113.969,216242.88,215538.7304,,,4.804
000881,中广核技,化工原料,辽宁,19980902,000881.SZ,20130903,6.99,7.07,6.94,7.04,7.01,0.03,0.43,51089.37,35788.1439,1.6592,2.0343,0.39,10.8239,14.7502,1.3845,0.816,0.9626,1.4205,1.4205,30891.84,30791.2472,25113.969,217478.5536,216770.3803,,,4.804
000881,中广核技,化工原料,辽宁,19980902,000881.SZ,20130902,7.4,7.49,6.9,7.01,7.35,-0.34,-4.63,114899.78,81008.2682,3.7316,4.5751,0.93,10.7778,14.6873,1.3786,0.8126,0.9585,1.4265,1.4265,30891.84,30791.2472,25113.969,216551.7984,215846.6429,,,4.804
000881,中广核技,化工原料,辽宁,19980902,000881.SZ,20130830,7.18,7.7,7.16,7.35,7.25,0.1,1.38,216555.06,160202.0842,7.033,8.6229,2.52,11.3005,15.3997,1.4455,0.852,1.005,1.3605,1.3605,30891.84,30791.2472,25113.969,227055.024,226315.6669,,,4.804
000881,中广核技,化工原料,辽宁,19980902,000881.SZ,20130829,7.03,7.33,6.93,7.25,7.0,0.25,3.57,143477.4,102707.4104,4.6597,5.7131,2.4,11.1468,15.1902,1.4258,0.8404,0.9914,1.3793,1.3793,30891.84,30791.2472,25113.969,223965.84,223236.5422,,,4.804
000881,中广核技,化工原料,辽宁,19980902,000881.SZ,20130828,6.83,7.14,6.73,7.0,6.88,0.12,1.74,117347.81,81966.7913,3.8111,4.6726,3.03,10.7624,14.6664,1.3767,0.8114,0.9572,1.4286,1.4286,30891.84,30791.2472,25113.969,216242.88,215538.7304,,,4.804
000881,中广核技,化工原料,辽宁,19980902,000881.SZ,20130827,6.8,6.91,6.74,6.88,6.81,0.07,1.03,62759.52,43061.8701,2.0382,2.499,2.22,10.5779,14.4149,1.3531,0.7975,0.9408,1.4535,1.4535,30891.84,30791.2472,25113.969,212535.8592,211843.7807,,,4.804
000881,中广核技,化工原料,辽宁,19980902,000881.SZ,20130826,6.75,6.83,6.69,6.81,6.76,0.05,0.74,76826.35,51700.5036,2.4951,3.0591,5.03,10.4703,14.2683,1.3393,0.7894,0.9312,1.4684,1.4684,30891.84,30791.2472,25113.969,210373.4304,209688.3934,,,4.804
000881,中广核技,化工原料,辽宁,19980902,000881.SZ,20130823,6.64,6.77,6.56,6.76,6.66,0.1,1.5,28625.9,19084.746,0.9297,1.1398,1.97,10.3934,14.1635,1.3295,0.7836,0.9244,1.4793,1.4793,30891.84,30791.2472,25113.969,208828.8384,208148.8311,,,4.804
000881,中广核技,化工原料,辽宁,19980902,000881.SZ,20130822,6.65,6.68,6.61,6.66,6.68,-0.02,-0.3,13225.14,8791.447,0.4295,0.5266,0.83,10.2396,13.954,1.3098,0.772,0.9107,1.5015,1.5015,30891.84,30791.2472,25113.969,205739.6544,205069.7064,,,4.804
000881,中广核技,化工原料,辽宁,19980902,000881.SZ,20130821,6.6,6.68,6.6,6.68,6.64,0.04,0.6,12016.1,7983.4397,0.3902,0.4785,0.61,10.2704,13.9959,1.3137,0.7743,0.9134,1.497,1.497,30891.84,30791.2472,25113.969,206357.4912,205685.5313,,,4.804
000881,中广核技,化工原料,辽宁,19980902,000881.SZ,20130820,6.63,6.68,6.6,6.64,6.66,-0.02,-0.3,10874.89,7218.1473,0.3532,0.433,0.47,10.2089,13.9121,1.3059,0.7697,0.9079,1.506,1.506,30891.84,30791.2472,25113.969,205121.8176,204453.8814,,,4.804
000881,中广核技,化工原料,辽宁,19980902,000881.SZ,20130819,6.6,6.69,6.57,6.66,6.59,0.07,1.06,11672.67,7731.2248,0.3791,0.4648,0.37,10.2396,13.954,1.3098,0.772,0.9107,1.5015,1.5015,30891.84,30791.2472,25113.969,205739.6544,205069.7064,,,4.804
000881,中广核技,化工原料,辽宁,19980902,000881.SZ,20130816,6.69,6.87,6.59,6.59,6.72,-0.13,-1.93,24854.5,16657.0823,0.8072,0.9897,0.81,10.132,13.8073,1.296,0.7639,0.9011,1.5175,1.5175,30891.84,30791.2472,25113.969,203577.2256,202914.319,,,4.804
000881,中广核技,化工原料,辽宁,19980902,000881.SZ,20130815,6.81,6.84,6.71,6.72,6.81,-0.09,-1.32,19829.3,13439.9319,0.644,0.7896,0.63,10.3319,14.0797,1.3216,0.779,0.9189,1.4881,1.4881,30891.84,30791.2472,25113.969,207593.1648,206917.1812,,,4.804
000881,中广核技,化工原料,辽宁,19980902,000881.SZ,20130814,6.82,6.85,6.8,6.81,6.83,-0.02,-0.29,31674.68,21648.8104,1.0287,1.2612,1.05,10.4703,14.2683,1.3393,0.7894,0.9312,1.4684,1.4684,30891.84,30791.2472,25113.969,210373.4304,209688.3934,,,4.804
000881,中广核技,化工原料,辽宁,19980902,000881.SZ,20130813,6.86,6.87,6.81,6.83,6.9,-0.07,-1.01,28494.23,19467.7832,0.9254,1.1346,0.9,10.501,14.3102,1.3432,0.7917,0.9339,1.4641,1.4641,30891.84,30791.2472,25113.969,210991.2672,210304.2184,,,4.804
000881,中广核技,化工原料,辽宁,19980902,000881.SZ,20130812,6.68,6.95,6.66,6.9,6.68,0.22,3.29,54629.35,37155.7,1.7742,2.1753,2.17,10.6086,14.4568,1.357,0.7998,0.9435,1.4493,1.4493,30891.84,30791.2472,25113.969,213153.696,212459.6057,,,4.804
000881,中广核技,化工原料,辽宁,19980902,000881.SZ,20130809,6.62,6.72,6.6,6.68,6.6,0.08,1.21,19106.12,12715.9351,0.6205,0.7608,0.72,10.2704,13.9959,1.3137,0.7743,0.9134,1.497,1.497,30891.84,30791.2472,25113.969,206357.4912,205685.5313,,,4.804
000881,中广核技,化工原料,辽宁,19980902,000881.SZ,20130808,6.67,6.71,6.6,6.6,6.7,-0.1,-1.49,24659.56,16341.8329,0.8009,0.9819,0.8,10.1474,13.8283,1.298,0.765,0.9025,1.5152,1.5152,30891.84,30791.2472,25113.969,203886.144,203222.2315,,,4.804
000881,中广核技,化工原料,辽宁,19980902,000881.SZ,20130807,6.76,6.8,6.68,6.7,6.78,-0.08,-1.18,23918.37,16083.448,0.7768,0.9524,0.77,10.3011,14.0378,1.3177,0.7766,0.9161,1.4925,1.4925,30891.84,30791.2472,25113.969,206975.328,206301.3562,,,4.804
000881,中广核技,化工原料,辽宁,19980902,000881.SZ,20130806,6.7,6.8,6.67,6.78,6.7,0.08,1.19,35312.02,23823.6342,1.1468,1.4061,1.21,10.4241,14.2054,1.3334,0.7859,0.9271,1.4749,1.4749,30891.84,30791.2472,25113.969,209446.6752,208764.656,,,4.804
000881,中广核技,化工原料,辽宁,19980902,000881.SZ,20130805,6.63,6.74,6.61,6.7,6.66,0.04,0.6,23123.23,15456.6239,0.751,0.9207,0.63,10.3011,14.0378,1.3177,0.7766,0.9161,1.4925,1.4925,30891.84,30791.2472,25113.969,206975.328,206301.3562,,,4.804
000881,中广核技,化工原料,辽宁,19980902,000881.SZ,20130802,6.73,6.78,6.65,6.66,6.73,-0.07,-1.04,25575.78,17149.0458,0.8306,1.0184,0.55,10.2396,13.954,1.3098,0.772,0.9107,1.5015,1.5015,30891.84,30791.2472,25113.969,205739.6544,205069.7064,,,4.804
000881,中广核技,化工原料,辽宁,19980902,000881.SZ,20130801,6.68,6.76,6.59,6.73,6.67,0.06,0.9,47151.62,31483.7642,1.5313,1.8775,0.98,10.3473,14.1007,1.3236,0.7801,0.9202,1.4859,1.4859,30891.84,30791.2472,25113.969,207902.0832,207225.0937,,,4.804
000881,中广核技,化工原料,辽宁,19980902,000881.SZ,20130731,6.6,6.8,6.6,6.67,6.7,-0.03,-0.45,24962.21,16742.5144,0.8106,0.9938,0.46,10.255,13.9749,1.3118,0.7732,0.912,1.4993,1.4993,30891.84,30796.4083,25119.1301,206048.5728,205412.0434,,,4.804
000881,中广核技,化工原料,辽宁,19980902,000881.SZ,20130730,6.78,6.85,6.61,6.7,6.86,-0.16,-2.33,25671.4,17308.096,0.8336,1.022,0.46,10.3011,11.0739,1.3474,0.7766,0.8078,1.4925,1.4925,30891.84,30796.4083,25119.1301,206975.328,206335.9356,,,4.804
000881,中广核技,化工原料,辽宁,19980902,000881.SZ,20130729,6.88,7.16,6.6,6.86,6.9,-0.04,-0.58,59601.62,40492.7082,1.9353,2.3728,1.28,10.5471,11.3383,1.3796,0.7952,0.8271,1.4577,1.4577,30891.84,30796.4083,25119.1301,211918.0224,211263.3609,,,4.804
000881,中广核技,化工原料,辽宁,19980902,000881.SZ,20130726,6.58,6.91,6.51,6.9,6.56,0.34,5.18,73823.02,50011.584,2.3971,2.9389,1.96,10.6086,11.4044,1.3876,0.7998,0.8319,1.4493,1.4493,30891.84,30796.4083,25119.1301,213153.696,212495.2173,,,4.804
000881,中广核技,化工原料,辽宁,19980902,000881.SZ,20130725,6.88,6.88,6.54,6.56,6.74,-0.18,-2.67,56074.37,37382.9961,1.8208,2.2323,1.9,10.0859,10.8425,1.3192,0.7604,0.7909,1.5244,1.5244,30891.84,30796.4083,25119.1301,202650.4704,202024.4384,,,4.804
000881,中广核技,化工原料,辽宁,19980902,000881.SZ,20130724,6.46,6.76,6.42,6.74,6.49,0.25,3.85,54068.65,35806.1715,1.7557,2.1525,2.38,10.3626,11.14,1.3554,0.7813,0.8126,1.4837,1.4837,30891.84,30796.4083,25119.1301,208211.0016,207567.7919,,,4.804
000881,中广核技,化工原料,辽宁,19980902,000881.SZ,20130723,6.31,6.49,6.29,6.49,6.34,0.15,2.37,33669.15,21621.127,1.0933,1.3404,1.48,9.9783,10.7268,1.3051,0.7523,0.7825,1.5408,1.5408,30891.84,30796.4083,25119.1301,200488.0416,199868.6899,7.02,5.74,4.804
000881,中广核技,化工原料,辽宁,19980902,000881.SZ,20130722,6.23,6.35,6.22,6.34,6.29,0.05,0.79,15776.15,9930.6237,0.5123,0.6281,0.36,9.7476,10.4788,1.275,0.7349,0.7644,1.5773,1.5773,30891.84,30796.4083,25119.1301,195854.2656,195249.2286,,,4.804
000881,中广核技,化工原料,辽宁,19980902,000881.SZ,20130719,6.59,6.62,6.26,6.29,6.59,-0.3,-4.55,28296.74,18262.413,0.9188,1.1265,0.62,9.6708,10.3962,1.2649,0.7291,0.7584,1.5898,1.5898,30891.84,30796.4083,25119.1301,194309.6736,193709.4082,,,4.804
000881,中广核技,化工原料,辽宁,19980902,000881.SZ,20130718,6.59,6.65,6.53,6.59,6.59,0.0,0.0,15904.25,10476.1041,0.5164,0.6332,0.26,10.132,10.892,1.3253,0.7639,0.7945,1.5175,1.5175,30891.84,30796.4083,25119.1301,203577.2256,202948.3307,,,4.804
000881,中广核技,化工原料,辽宁,19980902,000881.SZ,20130717,6.62,6.73,6.58,6.59,6.67,-0.08,-1.2,19815.03,13162.6575,0.6434,0.7888,0.32,10.132,10.892,1.3253,0.7639,0.7945,1.5175,1.5175,30891.84,30796.4083,25119.1301,203577.2256,202948.3307,,,4.804
000881,中广核技,化工原料,辽宁,19980902,000881.SZ,20130716,6.79,6.79,6.57,6.67,6.78,-0.11,-1.62,34093.12,22668.4054,1.107,1.3573,0.6,10.255,11.0243,1.3413,0.7732,0.8042,1.4993,1.4993,30891.84,30796.4083,25119.1301,206048.5728,205412.0434,,,4.804
000881,中广核技,化工原料,辽宁,19980902,000881.SZ,20130715,6.78,7.22,6.74,6.78,6.82,-0.04,-0.59,123500.29,84073.2502,4.0102,4.9166,3.43,10.4241,11.2061,1.3635,0.7859,0.8174,1.4749,1.4749,30891.84,30796.4083,25119.1301,209446.6752,208799.6483,,,4.804
000881,中广核技,化工原料,辽宁,19980902,000881.SZ,20130712,6.9,6.9,6.7,6.82,6.94,-0.12,-1.73,36700.0,24916.0089,1.1917,1.461,1.12,10.4856,11.2722,1.3715,0.7905,0.8223,1.4663,1.4663,30891.84,30796.4083,25119.1301,210682.3488,210031.5046,,,4.804
000881,中广核技,化工原料,辽宁,19980902,000881.SZ,20130711,6.49,7.05,6.42,6.94,6.41,0.53,8.27,97538.64,65822.8018,3.1672,3.883,5.52,10.6701,11.4705,1.3956,0.8045,0.8367,1.4409,1.4409,30891.84,30796.4083,25119.1301,214389.3696,213727.0736,6.69,5.47,4.804
000881,中广核技,化工原料,辽宁,19980902,000881.SZ,20130710,6.18,6.44,6.17,6.41,6.24,0.17,2.72,20594.89,12995.236,0.6687,0.8199,1.23,9.8553,10.5945,1.2891,0.743,0.7728,1.5601,1.5601,30891.84,30796.4083,25119.1301,198016.6944,197404.9772,6.59,5.39,4.804
000881,中广核技,化工原料,辽宁,19980902,000881.SZ,20130709,6.2,6.27,6.15,6.24,6.2,0.04,0.65,7587.49,4718.0498,0.2464,0.3021,0.41,9.5939,10.3136,1.2549,0.7233,0.7523,1.6026,1.6026,30891.84,30796.4083,25119.1301,192765.0816,192169.5878,,,4.804
000881,中广核技,化工原料,辽宁,19980902,000881.SZ,20130708,6.59,6.59,6.19,6.2,6.4,-0.2,-3.13,17405.88,11016.2544,0.5652,0.6929,0.91,9.5324,10.2474,1.2468,0.7187,0.7475,1.6129,1.6129,30891.84,30796.4083,25119.1301,191529.408,190937.7315,6.74,5.52,4.804
000881,中广核技,化工原料,辽宁,19980902,000881.SZ,20130705,6.32,6.41,6.28,6.4,6.3,0.1,1.59,20750.13,13173.1794,0.6738,0.8261,0.99,9.8399,10.578,1.287,0.7419,0.7716,1.5625,1.5625,30891.84,30796.4083,25119.1301,197707.776,197097.0131,,,4.804
000881,中广核技,化工原料,辽宁,19980902,000881.SZ,20130704,6.16,6.34,6.11,6.3,6.19,0.11,1.78,22056.96,13795.1836,0.7162,0.8781,0.92,9.6861,10.4127,1.2669,0.7303,0.7596,1.5873,1.5873,30891.84,30796.4083,25119.1301,194618.592,194017.3723,,,4.804
000881,中广核技,化工原料,辽宁,19980902,000881.SZ,20130703,6.28,6.28,6.12,6.19,6.3,-0.11,-1.75,16259.39,10081.8155,0.528,0.6473,0.58,9.517,10.2309,1.2448,0.7175,0.7463,1.6155,3.231,30891.84,30796.4083,25119.1301,191220.4896,190629.7674,,,4.804
000881,中广核技,化工原料,辽宁,19980902,000881.SZ,20130702,6.32,6.33,6.21,6.3,6.31,-0.01,-0.16,16167.21,10127.2674,0.525,0.6436,0.41,9.6861,10.4127,1.2669,0.7303,0.7596,1.5873,3.1746,30891.84,30796.4083,25119.1301,194618.592,194017.3723,6.66,5.45,4.804
000881,中广核技,化工原料,辽宁,19980902,000881.SZ,20130701,6.15,6.31,6.11,6.31,6.17,0.14,2.27,20659.17,12883.8933,0.6708,0.8224,0.36,9.7015,10.4293,1.2689,0.7314,0.7608,1.5848,3.1696,30891.84,30796.4083,25119.1301,194927.5104,194325.3364,,,4.804
000881,中广核技,化工原料,辽宁,19980902,000881.SZ,20130628,6.33,6.37,6.13,6.17,6.34,-0.17,-2.68,29157.3,18161.0236,0.9468,1.1608,0.54,9.4863,10.1979,1.2408,0.7152,0.7439,1.6207,3.2415,30891.84,30796.4083,25119.1301,190602.6528,190013.8392,6.69,5.47,4.804
000881,中广核技,化工原料,辽宁,19980902,000881.SZ,20130627,6.51,6.59,6.32,6.34,6.43,-0.09,-1.4,37874.2,24449.0586,1.2298,1.5078,0.75,9.7476,10.4788,1.275,0.7349,0.7644,1.5773,3.1546,30891.84,30796.4083,25119.1301,195854.2656,195249.2286,,,4.804
000881,中广核技,化工原料,辽宁,19980902,000881.SZ,20130626,6.5,6.5,6.25,6.43,6.58,-0.15,-2.28,37287.68,23898.962,1.2108,1.4844,0.81,9.886,10.6276,1.2931,0.7453,0.7752,1.5552,3.1104,30891.84,30796.4083,25119.1301,198634.5312,198020.9054,,,4.804
000881,中广核技,化工原料,辽宁,19980902,000881.SZ,20130625,6.5,6.69,6.06,6.58,6.73,-0.15,-2.23,72910.87,45885.5778,2.3675,2.9026,1.96,10.1166,10.8755,1.3232,0.7627,0.7933,1.5198,3.0395,30891.84,30796.4083,25119.1301,203268.3072,202640.3666,,,4.804
000881,中广核技,化工原料,辽宁,19980902,000881.SZ,20130624,7.11,7.11,6.58,6.73,6.47,0.26,4.02,111644.55,76125.5051,3.6252,4.4446,6.59,10.3473,11.1234,1.3534,0.7801,0.8114,1.4859,2.9718,30891.84,30796.4083,25119.1301,207902.0832,207259.8279,,,4.804
000881,中广核技,化工原料,辽宁,19980902,000881.SZ,20130621,6.49,6.5,6.36,6.47,6.49,-0.02,-0.31,11533.84,7415.3469,0.3745,0.4592,0.69,9.9475,10.6937,1.3011,0.75,0.7801,1.5456,3.0912,30891.84,30796.4083,25119.1301,199870.2048,199252.7617,,,4.804
000881,中广核技,化工原料,辽宁,19980902,000881.SZ,20130620,6.63,6.71,6.53,6.59,6.65,-0.06,-0.9,18200.6,12016.2969,0.591,0.7246,1.17,10.132,10.892,1.2991,0.7639,0.7945,1.5175,1.5175,30891.84,30796.4083,25119.1301,203577.2256,202948.3307,,,4.804
000881,中广核技,化工原料,辽宁,19980902,000881.SZ,20130619,6.7,6.7,6.51,6.65,6.75,-0.1,-1.48,16195.56,10711.9259,0.5259,0.6448,1.02,10.2243,10.9912,1.311,0.7708,0.8018,1.5038,1.5038,30891.84,30796.4083,25119.1301,205430.736,204796.1152,,,4.804
000881,中广核技,化工原料,辽宁,19980902,000881.SZ,20130618,6.62,6.77,6.6,6.75,6.6,0.15,2.27,28434.24,19003.8432,0.9233,1.132,2.14,10.378,11.1565,1.3307,0.7824,0.8138,1.4815,1.4815,30891.84,30796.4083,25119.1301,208519.92,207875.756,,,4.804
000881,中广核技,化工原料,辽宁,19980902,000881.SZ,20130617,6.62,6.67,6.6,6.6,6.62,-0.02,-0.3,10335.97,6841.1531,0.3356,0.4115,0.77,10.1474,10.9086,1.3011,0.765,0.7957,1.5152,1.5152,30891.84,30796.4083,25119.1301,203886.144,203256.2948,,,4.804
000881,中广核技,化工原料,辽宁,19980902,000881.SZ,20130614,6.57,6.64,6.57,6.62,6.58,0.04,0.61,10225.0,6754.1502,0.332,0.4071,0.66,10.1781,10.9416,1.305,0.7674,0.7982,1.5106,1.5106,30891.84,30796.4083,25119.1301,204503.9808,203872.2229,,,4.804
000881,中广核技,化工原料,辽宁,19980902,000881.SZ,20130613,6.76,6.76,6.52,6.58,6.77,-0.19,-2.81,12850.66,8453.2823,0.4173,0.5116,0.78,10.1166,10.8755,1.2972,0.7627,0.7933,1.5198,1.5198,30891.84,30796.4083,25119.1301,203268.3072,202640.3666,,,4.804
000881,中广核技,化工原料,辽宁,19980902,000881.SZ,20130607,6.92,6.95,6.75,6.77,6.91,-0.14,-2.03,17240.54,11772.0386,0.5598,0.6864,1.01,10.4088,11.1896,1.3346,0.7847,0.8162,1.4771,1.4771,30891.84,30796.4083,25119.1301,209137.7568,208491.6842,,,4.804
000881,中广核技,化工原料,辽宁,19980902,000881.SZ,20130606,7.01,7.01,6.9,6.91,7.01,-0.1,-1.43,15903.41,11035.1866,0.5164,0.6331,0.77,10.624,11.4209,1.3622,0.801,0.8331,1.4472,1.4472,30891.84,30796.4083,25119.1301,213462.6144,212803.1814,,,4.804
000881,中广核技,化工原料,辽宁,19980902,000881.SZ,20130605,7.03,7.06,6.97,7.01,7.02,-0.01,-0.14,10973.93,7683.2294,0.3563,0.4369,0.42,10.7778,11.5862,1.3819,0.8126,0.8452,1.4265,1.4265,30891.84,30796.4083,25119.1301,216551.7984,215882.8222,,,4.804
000881,中广核技,化工原料,辽宁,19980902,000881.SZ,20130604,7.15,7.19,6.98,7.02,7.17,-0.15,-2.09,20617.26,14548.3967,0.6695,0.8208,0.72,10.7931,11.6028,1.3839,0.8137,0.8464,1.4245,1.4245,30891.84,30796.4083,25119.1301,216860.7168,216190.7863,,,4.804
000881,中广核技,化工原料,辽宁,19980902,000881.SZ,20130603,7.17,7.21,7.15,7.17,7.18,-0.01,-0.14,17581.52,12621.2041,0.5709,0.6999,0.59,11.0238,11.8507,1.4135,0.8311,0.8645,1.3947,1.3947,30891.84,30796.4083,25119.1301,221494.4928,220810.2475,,,4.804
000881,中广核技,化工原料,辽宁,19980902,000881.SZ,20130531,7.2,7.24,7.15,7.18,7.2,-0.02,-0.28,20014.77,14407.3007,0.6499,0.7968,0.68,11.0391,11.8672,1.4154,0.8323,0.8657,1.3928,1.3928,30891.84,30796.4083,25119.1301,221803.4112,221118.2116,,,4.804
000881,中广核技,化工原料,辽宁,19980902,000881.SZ,20130530,7.19,7.23,7.14,7.2,7.21,-0.01,-0.14,33789.93,24279.3674,1.0972,1.3452,1.23,11.0699,11.9003,1.4194,0.8346,0.8681,1.3889,1.3889,30891.84,30796.4083,25119.1301,222421.248,221734.1398,,,4.804
000881,中广核技,化工原料,辽宁,19980902,000881.SZ,20130529,7.2,7.3,7.19,7.21,7.2,0.01,0.14,39517.87,28606.8288,1.2832,1.5732,1.61,11.0853,11.9168,1.4214,0.8358,0.8693,1.387,1.387,30891.84,30796.4083,25119.1301,222730.1664,222042.1038,,,4.804
000881,中广核技,化工原料,辽宁,19980902,000881.SZ,20130528,7.14,7.22,7.09,7.2,7.14,0.06,0.84,31731.24,22693.8852,1.0304,1.2632,1.38,11.0699,11.9003,1.4194,0.8346,0.8681,1.3889,1.3889,30891.84,30796.4083,25119.1301,222421.248,221734.1398,,,4.804
000881,中广核技,化工原料,辽宁,19980902,000881.SZ,20130527,7.1,7.14,7.07,7.14,7.1,0.04,0.56,22892.81,16265.6362,0.7434,0.9114,0.8,10.9776,11.8011,1.4076,0.8276,0.8609,1.4006,1.4006,30891.84,30796.4083,25119.1301,220567.7376,219886.3553,,,4.804
000881,中广核技,化工原料,辽宁,19980902,000881.SZ,20130524,7.03,7.11,7.0,7.1,7.03,0.07,1.0,18421.65,12992.1988,0.5982,0.7334,0.58,10.9161,11.735,1.3997,0.823,0.856,1.4085,1.4085,30891.84,30796.4083,25119.1301,219332.064,218654.4989,,,4.804
000881,中广核技,化工原料,辽宁,19980902,000881.SZ,20130523,7.12,7.13,7.03,7.03,7.12,-0.09,-1.26,24729.9,17498.3892,0.803,0.9845,0.78,10.8085,11.6193,1.3859,0.8149,0.8476,1.4225,1.4225,30891.84,30796.4083,25119.1301,217169.6352,216498.7503,,,4.804
000881,中广核技,化工原料,辽宁,19980902,000881.SZ,20130522,7.14,7.18,7.09,7.12,7.15,-0.03,-0.42,25016.82,17847.4531,0.8123,0.9959,0.85,10.9469,11.768,1.4036,0.8253,0.8584,1.4045,1.4045,30891.84,30796.4083,25119.1301,219949.9008,219270.4271,,,4.804
000881,中广核技,化工原料,辽宁,19980902,000881.SZ,20130521,7.11,7.16,7.09,7.15,7.12,0.03,0.42,23976.02,17081.7269,0.7785,0.9545,0.86,10.993,11.8176,1.4095,0.8288,0.8621,1.3986,1.3986,30891.84,30796.4083,25119.1301,220876.656,220194.3193,,,4.804
000881,中广核技,化工原料,辽宁,19980902,000881.SZ,20130520,7.07,7.23,7.06,7.12,7.06,0.06,0.85,50968.44,36353.8977,1.655,2.0291,2.48,10.9469,11.768,1.4036,0.8253,0.8584,1.4045,1.4045,30891.84,30796.4083,25119.1301,219949.9008,219270.4271,,,4.804
000881,中广核技,化工原料,辽宁,19980902,000881.SZ,20130517,6.97,7.07,6.93,7.06,6.97,0.09,1.29,33595.55,23553.1118,1.0909,1.3374,1.94,10.8546,11.6689,1.3918,0.8184,0.8512,1.4164,1.4164,30891.84,30796.4083,25119.1301,218096.3904,217422.6426,,,4.804
000881,中广核技,化工原料,辽宁,19980902,000881.SZ,20130516,6.91,6.98,6.86,6.97,6.9,0.07,1.01,25784.53,17874.1126,0.8373,1.0265,1.69,10.7163,11.5201,1.374,0.8079,0.8404,1.4347,1.4347,30891.84,30796.4083,25119.1301,215316.1248,214650.9659,,,4.804
000881,中广核技,化工原料,辽宁,19980902,000881.SZ,20130515,6.86,6.92,6.85,6.9,6.87,0.03,0.44,13367.73,9194.4067,0.4341,0.5322,0.74,10.6086,11.4044,1.3602,0.7998,0.8319,1.4493,1.4493,30891.84,30796.4083,25119.1301,213153.696,212495.2173,,,4.804
000881,中广核技,化工原料,辽宁,19980902,000881.SZ,20130514,6.98,6.98,6.85,6.87,6.98,-0.11,-1.58,15674.36,10785.0894,0.509,0.624,0.92,10.5625,11.3548,1.3543,0.7963,0.8283,1.4556,1.4556,30891.84,30796.4083,25119.1301,212226.9408,211571.325,,,4.804
000881,中广核技,化工原料,辽宁,19980902,000881.SZ,20130513,7.01,7.01,6.92,6.98,6.99,-0.01,-0.14,14228.74,9895.4228,0.462,0.5665,0.84,10.7316,11.5366,1.376,0.8091,0.8416,1.4327,1.4327,30891.84,30796.4083,25119.1301,215625.0432,214958.9299,,,4.804
000881,中广核技,化工原料,辽宁,19980902,000881.SZ,20130510,6.94,6.99,6.88,6.99,6.95,0.04,0.58,17666.47,12255.367,0.5737,0.7033,1.12,10.747,11.5532,1.378,0.8103,0.8428,1.4306,1.4306,30891.84,30796.4083,25119.1301,215933.9616,215266.894,,,4.804
000881,中广核技,化工原料,辽宁,19980902,000881.SZ,20130509,7.04,7.04,6.9,6.95,7.04,-0.09,-1.28,15223.39,10579.8098,0.4943,0.606,1.02,10.6855,11.4871,1.3701,0.8056,0.8379,1.4388,1.4388,30891.84,30796.4083,25119.1301,214698.288,214035.0377,,,4.804
000881,中广核技,化工原料,辽宁,19980902,000881.SZ,20130508,7.0,7.07,6.99,7.04,7.0,0.04,0.57,26930.04,18940.2583,0.8745,1.0721,2.1,10.8239,11.6358,1.3878,0.816,0.8488,1.4205,1.4205,30891.84,30796.4083,25119.1301,217478.5536,216806.7144,,,4.804
000881,中广核技,化工原料,辽宁,19980902,000881.SZ,20130507,7.01,7.06,6.96,7.0,7.04,-0.04,-0.57,11508.25,8063.9325,0.3737,0.4581,0.56,10.7624,11.5697,1.38,0.8114,0.844,1.4286,1.4286,30891.84,30796.4083,25119.1301,216242.88,215574.8581,,,4.804
000881,中广核技,化工原料,辽宁,19980902,000881.SZ,20130506,6.98,7.04,6.9,7.04,6.98,0.06,0.86,13614.67,9532.2627,0.4421,0.542,0.65,10.8239,11.6358,1.3878,0.816,0.8488,1.4205,1.4205,30891.84,30796.4083,25119.1301,217478.5536,216806.7144,,,4.804
000881,中广核技,化工原料,辽宁,19980902,000881.SZ,20130503,6.9,7.04,6.9,6.98,6.9,0.08,1.16,11341.14,7940.402,0.3683,0.4515,0.51,10.7316,11.5366,1.376,0.8091,0.8416,1.4327,1.4327,30891.84,30796.4083,25119.1301,215625.0432,214958.9299,,,4.804
000881,中广核技,化工原料,辽宁,19980902,000881.SZ,20130502,6.84,6.96,6.81,6.9,6.9,0.0,0.0,11450.94,7871.1286,0.3718,0.4559,0.5,10.6086,11.4044,1.3602,0.7998,0.8319,1.4493,1.4493,30891.84,30796.4083,25119.1301,213153.696,212495.2173,,,4.804
000881,中广核技,化工原料,辽宁,19980902,000881.SZ,20130426,7.02,7.1,6.87,6.9,7.02,-0.12,-1.71,16351.99,11416.7618,0.531,0.651,0.69,10.6086,11.4044,1.3602,0.7998,0.8319,1.4493,1.4493,30891.84,30796.4083,25119.1301,213153.696,212495.2173,,,4.804
000881,中广核技,化工原料,辽宁,19980902,000881.SZ,20130425,7.25,7.27,7.02,7.02,7.47,-0.45,-6.02,49251.58,35109.1173,1.5993,1.9607,2.97,10.7931,11.6028,1.3839,0.8137,0.8464,1.4245,1.4245,30891.84,30796.4083,25119.1301,216860.7168,216190.7863,,,4.804
000881,中广核技,化工原料,辽宁,19980902,000881.SZ,20130424,7.38,7.49,7.33,7.47,7.38,0.09,1.22,16065.59,11919.9426,0.5217,0.6396,1.05,11.485,11.485,1.4897,0.8659,0.8659,1.3387,1.3387,30891.84,30796.4083,25119.1301,230762.0448,230049.17,,,4.804
000881,中广核技,化工原料,辽宁,19980902,000881.SZ,20130423,7.62,7.62,7.35,7.38,7.62,-0.24,-3.15,19130.99,14269.7405,0.6212,0.7616,1.37,11.3466,11.3466,1.4717,0.8555,0.8555,1.355,1.355,30891.84,30796.4083,25119.1301,227981.7792,227277.4933,,,4.804
000881,中广核技,化工原料,辽宁,19980902,000881.SZ,20130422,7.62,7.62,7.52,7.62,7.61,0.01,0.13,12723.9,9625.39,0.4132,0.5065,0.86,11.7156,11.7156,1.5196,0.8833,0.8833,1.3123,1.3123,30891.84,30796.4083,25119.1301,235395.8208,234668.6312,,,4.804
000881,中广核技,化工原料,辽宁,19980902,000881.SZ,20130419,7.49,7.65,7.47,7.61,7.49,0.12,1.6,21024.3,15928.4333,0.6827,0.837,1.22,11.7002,11.7002,1.5176,0.8821,0.8821,1.3141,1.3141,30891.84,30796.4083,25119.1301,235086.9024,234360.6672,,,4.804
000881,中广核技,化工原料,辽宁,19980902,000881.SZ,20130418,7.45,7.52,7.43,7.49,7.49,0.0,0.0,13859.14,10335.2804,0.45,0.5517,0.74,11.5157,11.5157,1.4937,0.8682,0.8682,1.3351,1.3351,30891.84,30796.4083,25119.1301,231379.8816,230665.0982,,,4.804
000881,中广核技,化工原料,辽宁,19980902,000881.SZ,20130417,7.48,7.53,7.43,7.49,7.52,-0.03,-0.4,9857.61,7383.9352,0.3201,0.3924,0.44,11.5157,11.5157,1.4937,0.8682,0.8682,1.3351,1.3351,30891.84,30796.4083,25119.1301,231379.8816,230665.0982,,,4.804
000881,中广核技,化工原料,辽宁,19980902,000881.SZ,20130416,7.37,7.52,7.35,7.52,7.4,0.12,1.62,12518.53,9305.9662,0.4065,0.4984,0.48,11.5619,11.5619,1.4997,0.8717,0.8717,1.3298,1.3298,30891.84,30796.4083,25119.1301,232306.6368,231588.9904,,,4.804
000881,中广核技,化工原料,辽宁,19980902,000881.SZ,20130415,7.46,7.52,7.38,7.4,7.52,-0.12,-1.6,16739.01,12413.4366,0.5435,0.6664,0.58,11.3774,11.3774,1.4757,0.8578,0.8578,1.3514,1.3514,30891.84,30796.4083,25119.1301,228599.616,227893.4214,,,4.804
000881,中广核技,化工原料,辽宁,19980902,000881.SZ,20130412,7.7,7.74,7.51,7.52,7.75,-0.23,-2.97,33454.95,25399.6497,1.0863,1.3319,1.02,11.5619,11.5619,1.4997,0.8717,0.8717,1.3298,1.3298,30891.84,30796.4083,25119.1301,232306.6368,231588.9904,,,4.804
000881,中广核技,化工原料,辽宁,19980902,000881.SZ,20130411,7.89,7.92,7.72,7.75,7.85,-0.1,-1.27,20960.11,16408.0329,0.6806,0.8344,0.57,11.9155,11.9155,1.5455,0.8983,0.8983,1.2903,1.2903,30891.84,30796.4083,25119.1301,239411.76,238672.1643,,,4.804
000881,中广核技,化工原料,辽宁,19980902,000881.SZ,20130410,7.9,8.0,7.73,7.85,7.94,-0.09,-1.13,27198.24,21403.5214,0.8832,1.0828,0.69,12.0692,12.0692,1.5655,0.9099,0.9099,1.2739,1.2739,30891.84,30796.4083,25119.1301,242500.944,241751.8052,,,4.804
000881,中广核技,化工原料,辽宁,19980902,000881.SZ,20130409,7.8,7.95,7.74,7.94,7.8,0.14,1.79,33408.68,26321.1902,1.0848,1.33,0.97,12.2076,12.2076,1.5834,0.9204,0.9204,1.2594,1.2594,30891.84,30796.4083,25119.1301,245281.2096,244523.4819,,,4.804
000881,中广核技,化工原料,辽宁,19980902,000881.SZ,20130408,7.86,7.86,7.6,7.8,7.95,-0.15,-1.89,30044.37,23326.934,0.9756,1.1961,0.9,11.9924,11.9924,1.5555,0.9041,0.9041,1.2821,1.2821,30891.84,30796.4083,25119.1301,240956.352,240211.9847,,,4.804
000881,中广核技,化工原料,辽宁,19980902,000881.SZ,20130403,7.72,7.98,7.71,7.95,7.78,0.17,2.19,51873.17,40979.062,1.6844,2.0651,1.83,12.223,12.223,1.5854,0.9215,0.9215,1.2579,1.2579,30891.84,30796.4083,25119.1301,245590.128,244831.446,,,4.804
000881,中广核技,化工原料,辽宁,19980902,000881.SZ,20130402,8.02,8.15,7.74,7.78,7.83,-0.05,-0.64,40464.06,32038.8777,1.3139,1.6109,1.61,11.9616,11.9616,1.5515,0.9018,0.9018,1.2853,1.2853,30891.84,30796.4083,25119.1301,240338.5152,239596.0566,,,4.804
000881,中广核技,化工原料,辽宁,19980902,000881.SZ,20130401,7.55,7.88,7.55,7.83,7.57,0.26,3.43,40539.62,31583.1336,1.3164,1.6139,1.94,12.0385,12.0385,1.5615,0.9076,0.9076,1.2771,1.2771,30891.84,30796.4083,25119.1301,241883.1072,241135.877,,,4.804
000881,中广核技,化工原料,辽宁,19980902,000881.SZ,20130329,7.57,7.6,7.46,7.57,7.54,0.03,0.4,10148.34,7656.2589,0.3295,0.404,0.37,10.1663,12.1095,1.5508,1.3579,0.9868,1.321,1.321,30891.84,30796.4083,25119.1301,233851.2288,233128.8108,,,4.804
000881,中广核技,化工原料,辽宁,19980902,000881.SZ,20130328,7.76,7.76,7.48,7.54,7.8,-0.26,-3.33,24275.37,18333.9194,0.7883,0.9664,0.72,10.126,12.0615,1.5447,1.3525,0.9829,1.3263,1.3263,30891.84,30796.4083,25119.1301,232924.4736,232204.9186,,,4.804
000881,中广核技,化工原料,辽宁,19980902,000881.SZ,20130327,7.78,7.89,7.72,7.8,7.75,0.05,0.65,25988.27,20287.8196,0.8439,1.0346,0.75,10.4752,12.4774,1.598,1.3991,1.0168,1.2821,1.2821,30891.84,30796.4083,25119.1301,240956.352,240211.9847,,,4.804
000881,中广核技,化工原料,辽宁,19980902,000881.SZ,20130326,7.85,7.89,7.68,7.75,7.89,-0.14,-1.77,24967.13,19368.2703,0.8107,0.9939,0.69,10.408,12.3974,1.5877,1.3902,1.0102,1.2903,1.2903,30891.84,30796.4083,25119.1301,239411.76,238672.1643,,,4.804
000881,中广核技,化工原料,辽宁,19980902,000881.SZ,20130325,7.94,7.96,7.85,7.89,7.92,-0.03,-0.38,19116.11,15090.5408,0.6207,0.761,0.53,10.596,12.6214,1.6164,1.4153,1.0285,1.2674,1.2674,30891.84,30796.4083,25119.1301,243736.6176,242983.6615,,,4.804
000881,中广核技,化工原料,辽宁,19980902,000881.SZ,20130322,7.87,7.99,7.78,7.92,7.87,0.05,0.64,41624.99,32747.4717,1.3516,1.6571,1.35,10.6363,12.6693,1.6225,1.4207,1.0324,1.2626,1.2626,30891.84,30796.4083,25119.1301,244663.3728,243907.5537,,,4.804
000881,中广核技,化工原料,辽宁,19980902,000881.SZ,20130321,7.67,7.89,7.62,7.87,7.68,0.19,2.47,56929.83,44309.5207,1.8486,2.2664,2.53,10.5692,12.5894,1.6123,1.4117,1.0259,1.2706,1.2706,30891.84,30796.4083,25119.1301,243118.7808,242367.7333,,,4.804
000881,中广核技,化工原料,辽宁,19980902,000881.SZ,20130320,7.6,7.68,7.55,7.68,7.59,0.09,1.19,30386.96,23154.425,0.9867,1.2097,1.59,10.314,12.2854,1.5734,1.3776,1.0011,1.3021,1.3021,30891.84,30796.4083,25119.1301,237249.3312,236516.4157,,,4.804
000881,中广核技,化工原料,辽宁,19980902,000881.SZ,20130319,7.32,7.61,7.26,7.59,7.33,0.26,3.55,33170.05,24838.1438,1.0771,1.3205,1.83,10.1932,12.1415,1.5549,1.3615,0.9894,1.3175,1.3175,30891.84,30796.4083,25119.1301,234469.0656,233744.739,,,4.804
000881,中广核技,化工原料,辽宁,19980902,000881.SZ,20130318,7.38,7.4,7.3,7.33,7.41,-0.08,-1.08,17009.38,12515.2902,0.5523,0.6771,0.86,9.844,11.7255,1.5017,1.3148,0.9555,1.3643,1.3643,30891.84,30796.4083,25119.1301,226437.1872,225737.6728,,,4.804
000881,中广核技,化工原料,辽宁,19980902,000881.SZ,20130315,7.48,7.52,7.35,7.41,7.44,-0.03,-0.4,16827.27,12519.0633,0.5464,0.6699,0.82,9.9514,11.8535,1.5181,1.3292,0.9659,1.3495,1.3495,30891.84,30796.4083,25119.1301,228908.5344,228201.3855,,,4.804
000881,中广核技,化工原料,辽宁,19980902,000881.SZ,20130314,7.49,7.52,7.43,7.44,7.48,-0.04,-0.53,15204.63,11360.3611,0.4937,0.6053,0.63,9.9917,11.9015,1.5242,1.3346,0.9698,1.3441,1.3441,30891.84,30796.4083,25119.1301,229835.2896,229125.2778,,,4.804
000881,中广核技,化工原料,辽宁,19980902,000881.SZ,20130313,7.46,7.51,7.4,7.48,7.48,0.0,0.0,13051.16,9726.7899,0.4238,0.5196,0.5,10.0454,11.9655,1.5324,1.3417,0.975,1.3369,1.3369,30891.84,30796.4083,25119.1301,231070.9632,230357.1341,,,4.804
000881,中广核技,化工原料,辽宁,19980902,000881.SZ,20130312,7.73,7.75,7.42,7.48,7.73,-0.25,-3.23,28665.05,21682.1028,0.9308,1.1412,1.19,10.0454,11.9655,1.5324,1.3417,0.975,1.3369,1.3369,30891.84,30796.4083,25119.1301,231070.9632,230357.1341,,,4.804
000881,中广核技,化工原料,辽宁,19980902,000881.SZ,20130311,7.75,7.8,7.68,7.73,7.71,0.02,0.26,25138.36,19419.8044,0.8163,1.0008,0.94,10.3812,12.3654,1.5836,1.3866,1.0076,1.2937,1.2937,30891.84,30796.4083,25119.1301,238793.9232,238056.2362,,,4.804
000881,中广核技,化工原料,辽宁,19980902,000881.SZ,20130308,7.71,7.76,7.65,7.71,7.75,-0.04,-0.52,21140.18,16288.8172,0.6864,0.8416,0.78,10.3543,12.3334,1.5795,1.383,1.005,1.297,1.297,30891.84,30796.4083,25119.1301,238176.0864,237440.308,,,4.804
000881,中广核技,化工原料,辽宁,19980902,000881.SZ,20130307,7.63,7.76,7.58,7.75,7.65,0.1,1.31,33175.67,25483.8826,1.0773,1.3207,1.3,10.408,12.3974,1.5877,1.3902,1.0102,1.2903,1.2903,30891.84,30796.4083,25119.1301,239411.76,238672.1643,,,4.804
000881,中广核技,化工原料,辽宁,19980902,000881.SZ,20130306,7.52,7.65,7.49,7.65,7.49,0.16,2.14,22524.93,17028.7286,0.7314,0.8967,0.94,10.2737,12.2374,1.5672,1.3722,0.9972,1.3072,1.3072,30891.84,30796.4083,25119.1301,236322.576,235592.5235,,,4.804
000881,中广核技,化工原料,辽宁,19980902,000881.SZ,20130305,7.4,7.51,7.36,7.49,7.35,0.14,1.9,18944.59,14094.959,0.6152,0.7542,0.78,10.0589,11.9815,1.5344,1.3435,0.9763,1.3351,1.3351,30891.84,30796.4083,25119.1301,231379.8816,230665.0982,,,4.804
000881,中广核技,化工原料,辽宁,19980902,000881.SZ,20130304,7.75,7.75,7.35,7.35,7.8,-0.45,-5.77,37402.71,28273.0451,1.2145,1.489,1.88,9.8708,11.7575,1.5058,1.3184,0.9581,1.3605,1.3605,30891.84,30796.4083,25119.1301,227055.024,226353.601,,,4.804
000881,中广核技,化工原料,辽宁,19980902,000881.SZ,20130301,7.76,7.83,7.7,7.8,7.79,0.01,0.13,24316.25,18868.7267,0.7896,0.968,1.29,10.4752,12.4774,1.598,1.3991,1.0168,1.2821,1.2821,30891.84,30796.4083,25119.1301,240956.352,240211.9847,,,4.804
000881,中广核技,化工原料,辽宁,19980902,000881.SZ,20130228,7.66,7.8,7.62,7.79,7.63,0.16,2.1,24554.04,19001.9305,0.7973,0.9775,1.15,10.4617,12.4614,1.5959,1.3973,1.0154,1.2837,1.2837,30891.84,30796.4083,25119.1301,240647.4336,239904.0207,,,4.804
000881,中广核技,化工原料,辽宁,19980902,000881.SZ,20130227,7.63,7.69,7.59,7.63,7.6,0.03,0.39,15141.38,11561.2478,0.4917,0.6028,0.61,10.2469,12.2054,1.5631,1.3686,0.9946,1.3106,1.3106,30891.84,30796.4083,25119.1301,235704.7392,234976.5953,,,4.804
000881,中广核技,化工原料,辽宁,19980902,000881.SZ,20130226,7.67,7.76,7.59,7.6,7.72,-0.12,-1.55,19704.65,15151.6873,0.6398,0.7844,0.72,10.2066,12.1575,1.557,1.3633,0.9907,1.3158,1.3158,30891.84,30796.4083,25119.1301,234777.984,234052.7031,,,4.804
000881,中广核技,化工原料,辽宁,19980902,000881.SZ,20130225,7.68,7.76,7.66,7.72,7.69,0.03,0.39,15681.76,12104.7342,0.5092,0.6243,0.51,10.3677,12.3494,1.5816,1.3848,1.0063,1.2953,1.2953,30891.84,30796.4083,25119.1301,238485.0048,237748.2721,,,4.804
000881,中广核技,化工原料,辽宁,19980902,000881.SZ,20130222,7.73,7.79,7.66,7.69,7.73,-0.04,-0.52,19521.18,15092.8442,0.6339,0.7771,0.58,10.3274,12.3014,1.5754,1.3794,1.0024,1.3004,1.3004,30891.84,30796.4083,25119.1301,237558.2496,236824.3798,,,4.804
000881,中广核技,化工原料,辽宁,19980902,000881.SZ,20130221,7.92,7.93,7.71,7.73,7.98,-0.25,-3.13,36717.91,28747.6899,1.1923,1.4618,1.04,10.3812,12.3654,1.5836,1.3866,1.0076,1.2937,1.2937,30891.84,30796.4083,25119.1301,238793.9232,238056.2362,,,4.804
000881,中广核技,化工原料,辽宁,19980902,000881.SZ,20130220,7.9,7.98,7.86,7.98,7.86,0.12,1.53,31726.35,25154.6387,1.0302,1.263,0.86,10.7169,12.7653,1.6348,1.4314,1.0402,1.2531,1.2531,30891.84,30796.4083,25119.1301,246516.8832,245755.3382,,,4.804
000881,中广核技,化工原料,辽宁,19980902,000881.SZ,20130219,8.01,8.06,7.84,7.86,8.01,-0.15,-1.87,32680.23,25950.8593,1.0612,1.301,0.82,10.5558,12.5734,1.6102,1.4099,1.0246,1.2723,1.2723,30891.84,30796.4083,25119.1301,242809.8624,242059.7692,,,4.804
000881,中广核技,化工原料,辽宁,19980902,000881.SZ,20130218,8.0,8.03,7.91,8.01,8.0,0.01,0.13,32977.34,26305.8747,1.0708,1.3128,0.83,10.7572,12.8133,1.641,1.4368,1.0441,1.2484,1.2484,30891.84,30796.4083,25119.1301,247443.6384,246679.2305,,,4.804
000881,中广核技,化工原料,辽宁,19980902,000881.SZ,20130208,7.9,8.04,7.9,8.0,7.93,0.07,0.88,34771.79,27802.9988,1.1291,1.3843,0.88,10.7438,12.7973,1.6389,1.435,1.0428,1.25,1.25,30891.84,30796.4083,25119.1301,247134.72,246371.2664,,,4.804
000881,中广核技,化工原料,辽宁,19980902,000881.SZ,20130207,8.05,8.07,7.88,7.93,8.03,-0.1,-1.25,43696.44,34759.3151,1.4189,1.7396,1.08,10.6498,12.6853,1.6246,1.4225,1.0337,1.261,1.261,30891.84,30796.4083,25119.1301,244972.2912,244215.5178,,,4.804
000881,中广核技,化工原料,辽宁,19980902,000881.SZ,20130206,7.98,8.04,7.92,8.03,7.98,0.05,0.63,41123.15,32807.7844,1.3353,1.6371,0.84,10.7841,12.8453,1.6451,1.4404,1.0467,1.2453,1.2453,30891.84,30796.4083,25119.1301,248061.4752,247295.1586,,,4.804
000881,中广核技,化工原料,辽宁,19980902,000881.SZ,20130205,7.81,8.05,7.78,7.98,7.82,0.16,2.05,47457.4,37601.1368,1.541,1.8893,0.97,10.7169,12.7653,1.6348,1.4314,1.0402,1.2531,1.2531,30891.84,30796.4083,25119.1301,246516.8832,245755.3382,,,4.804
000881,中广核技,化工原料,辽宁,19980902,000881.SZ,20130204,7.88,7.88,7.79,7.82,7.85,-0.03,-0.38,30575.34,23944.4002,0.9928,1.2172,0.47,10.502,12.5094,1.6021,1.4027,1.0194,1.2788,1.2788,30891.84,30796.4083,25119.1301,241574.1888,240827.9129,,,4.804
000881,中广核技,化工原料,辽宁,19980902,000881.SZ,20130201,7.79,7.87,7.74,7.85,7.85,0.0,0.0,35828.65,27968.2383,1.1634,1.4263,0.48,10.5423,12.5574,1.6082,1.4081,1.0233,1.2739,1.2739,30891.84,30796.4083,25119.1301,242500.944,241751.8052,,,4.804
000881,中广核技,化工原料,辽宁,19980902,000881.SZ,20130131,8.0,8.04,7.78,7.85,7.97,-0.12,-1.51,48074.19,37830.3932,1.561,1.9138,0.64,10.5423,12.5574,1.6082,1.4081,1.0233,1.2739,1.2739,30891.84,30796.4083,25119.1301,242500.944,241751.8052,,,4.804
000881,中广核技,化工原料,辽宁,19980902,000881.SZ,20130130,7.9,8.14,7.85,7.97,7.89,0.08,1.01,82776.22,66300.5701,2.6879,3.2953,1.28,10.7035,12.7493,1.6328,1.4296,1.0389,1.2547,1.2547,30891.84,30796.4083,25119.1301,246207.9648,245447.3742,,,4.804
000881,中广核技,化工原料,辽宁,19980902,000881.SZ,20130129,7.95,7.98,7.88,7.89,7.96,-0.07,-0.88,48535.35,38429.6228,1.576,1.9322,0.76,10.596,12.6214,1.6164,1.4153,1.0285,1.2674,1.2674,30891.84,30796.4083,25119.1301,243736.6176,242983.6615,,,4.804
000881,中广核技,化工原料,辽宁,19980902,000881.SZ,20130128,7.81,8.03,7.77,7.96,7.89,0.07,0.89,108594.73,86012.7697,3.5262,4.3232,2.06,10.6901,12.7333,1.6307,1.4278,1.0376,1.2563,1.2563,30891.84,30796.4083,25119.1301,245899.0464,245139.4101,,,4.804
000881,中广核技,化工原料,辽宁,19980902,000881.SZ,20130125,7.55,7.93,7.48,7.89,7.51,0.38,5.06,87550.85,67717.8774,2.8429,3.4854,2.13,10.596,12.6214,1.6164,1.4153,1.0285,1.2674,1.2674,30891.84,30796.4083,25119.1301,243736.6176,242983.6615,,,4.804
000881,中广核技,化工原料,辽宁,19980902,000881.SZ,20130124,7.66,7.79,7.44,7.51,7.65,-0.14,-1.83,48830.31,37224.7302,1.5856,1.9439,1.3,10.0857,12.0135,1.5385,1.3471,0.9789,1.3316,1.3316,30891.84,30796.4083,25119.1301,231997.7184,231281.0263,,,4.804
000881,中广核技,化工原料,辽宁,19980902,000881.SZ,20130123,7.64,7.71,7.54,7.65,7.67,-0.02,-0.26,30570.28,23322.0517,0.9927,1.217,0.72,10.2737,12.2374,1.5672,1.3722,0.9972,1.3072,1.3072,30891.84,30796.4083,25119.1301,236322.576,235592.5235,,,4.804
000881,中广核技,化工原料,辽宁,19980902,000881.SZ,20130122,7.84,7.85,7.63,7.67,7.85,-0.18,-2.29,44868.59,34656.1169,1.4569,1.7862,0.97,10.3006,12.2694,1.5713,1.3758,0.9998,1.3038,1.3038,30891.84,30796.4083,25119.1301,236940.4128,236208.4517,,,4.804
000881,中广核技,化工原料,辽宁,19980902,000881.SZ,20130121,7.79,7.95,7.77,7.85,7.79,0.06,0.77,51218.48,40301.4769,1.6631,2.039,0.97,10.5423,12.5574,1.6082,1.4081,1.0233,1.2739,1.2739,30891.84,30796.4083,25119.1301,242500.944,241751.8052,,,4.804
000881,中广核技,化工原料,辽宁,19980902,000881.SZ,20130118,7.74,7.82,7.67,7.79,7.68,0.11,1.43,29789.12,23108.6014,0.9673,1.1859,0.55,10.4617,12.4614,1.5959,1.3973,1.0154,1.2837,1.2837,30891.84,30796.4083,25119.1301,240647.4336,239904.0207,,,4.804
000881,中广核技,化工原料,辽宁,19980902,000881.SZ,20130117,7.73,7.82,7.64,7.68,7.73,-0.05,-0.65,30850.38,23803.9571,1.0018,1.2282,0.56,10.314,12.2854,1.5734,1.3776,1.0011,1.3021,1.3021,30891.84,30796.4083,25119.1301,237249.3312,236516.4157,,,4.804
000881,中广核技,化工原料,辽宁,19980902,000881.SZ,20130116,7.82,7.91,7.6,7.73,7.83,-0.1,-1.28,54561.81,42252.3251,1.7717,2.1721,1.02,10.3812,12.3654,1.5836,1.3866,1.0076,1.2937,1.2937,30891.84,30796.4083,25119.1301,238793.9232,238056.2362,,,4.804
000881,中广核技,化工原料,辽宁,19980902,000881.SZ,20130115,7.77,7.88,7.71,7.83,7.76,0.07,0.9,64481.94,50314.3457,2.0938,2.567,1.3,10.5155,12.5254,1.6041,1.4045,1.0207,1.2771,1.2771,30891.84,30796.4083,25119.1301,241883.1072,241135.877,,,4.804
000881,中广核技,化工原料,辽宁,19980902,000881.SZ,20130114,7.43,7.87,7.43,7.76,7.42,0.34,4.58,84705.56,65079.7189,2.7505,3.3722,2.23,10.4215,12.4134,1.5898,1.392,1.0115,1.2887,1.2887,30891.84,30796.4083,25119.1301,239720.6784,238980.1284,7.81,6.39,4.804
000881,中广核技,化工原料,辽宁,19980902,000881.SZ,20130111,7.56,7.68,7.4,7.42,7.57,-0.15,-1.98,37260.93,28105.5627,1.2099,1.4834,0.96,9.9648,11.8695,1.5201,1.331,0.9672,1.3477,1.3477,30891.84,30796.4083,25119.1301,229217.4528,228509.3496,7.95,6.51,4.804
000881,中广核技,化工原料,辽宁,19980902,000881.SZ,20130110,7.52,7.63,7.52,7.57,7.56,0.01,0.13,36799.89,27888.4507,1.1949,1.465,0.96,10.1663,12.1095,1.5508,1.3579,0.9868,1.321,1.321,30891.84,30796.4083,25119.1301,233851.2288,233128.8108,,,4.804
000881,中广核技,化工原料,辽宁,19980902,000881.SZ,20130109,7.53,7.65,7.49,7.56,7.54,0.02,0.27,44566.39,33705.6818,1.4471,1.7742,1.2,10.1529,12.0935,1.5488,1.3561,0.9855,1.3228,1.3228,30891.84,30796.4083,25119.1301,233542.3104,232820.8467,,,4.804
000881,中广核技,化工原料,辽宁,19980902,000881.SZ,20130108,7.49,7.58,7.39,7.54,7.49,0.05,0.67,44841.26,33607.5744,1.4561,1.7851,1.21,10.126,12.0615,1.5447,1.3525,0.9829,1.3263,1.3263,30891.84,30796.4083,25119.1301,232924.4736,232204.9186,,,4.804
000881,中广核技,化工原料,辽宁,19980902,000881.SZ,20130107,7.43,7.49,7.39,7.49,7.42,0.07,0.94,26794.04,19928.7092,0.87,1.0667,0.66,10.0589,11.9815,1.5344,1.3435,0.9763,1.3351,1.3351,30891.84,30796.4083,25119.1301,231379.8816,230665.0982,,,4.804
000881,中广核技,化工原料,辽宁,19980902,000881.SZ,20130104,7.55,7.57,7.4,7.42,7.51,-0.09,-1.2,41855.81,31264.4109,1.3591,1.6663,0.97,9.9648,11.8695,1.5201,1.331,0.9672,1.3477,1.3477,30891.84,30796.4083,25119.1301,229217.4528,228509.3496,7.88,6.44,4.804
000881,中广核技,化工原料,辽宁,19980902,000881.SZ,20121231,7.51,7.56,7.44,7.51,7.5,0.01,0.13,34414.83,25786.9913,1.1175,1.3701,0.83,10.0857,12.0135,1.5385,1.3471,0.9789,2.6631,1.3316,30891.84,30796.4083,25119.1301,231997.7184,231281.0263,7.91,6.47,4.804
000881,中广核技,化工原料,辽宁,19980902,000881.SZ,20121228,7.4,7.5,7.37,7.5,7.4,0.1,1.35,37511.95,27933.3774,1.2181,1.4934,0.95,10.0723,11.9975,1.5365,1.3453,0.9776,2.6667,1.3333,30891.84,30796.4083,25119.1301,231688.8,230973.0623,,,4.804
000881,中广核技,化工原料,辽宁,19980902,000881.SZ,20121227,7.41,7.46,7.36,7.4,7.43,-0.03,-0.4,44234.18,32785.1086,1.4363,1.761,1.23,9.938,11.8375,1.516,1.3274,0.9646,2.7027,1.3514,30891.84,30796.4083,25119.1301,228599.616,227893.4214,,,4.804
000881,中广核技,化工原料,辽宁,19980902,000881.SZ,20121226,7.32,7.45,7.32,7.43,7.36,0.07,0.95,44712.13,33057.2164,1.4519,1.78,1.4,9.9783,11.8855,1.5222,1.3328,0.9685,2.6918,1.3459,30891.84,30796.4083,25119.1301,229526.3712,228817.3137,,,4.804
000881,中广核技,化工原料,辽宁,19980902,000881.SZ,20121225,7.19,7.38,7.14,7.36,7.19,0.17,2.36,54896.64,40147.4279,1.7826,2.1855,2.08,9.8843,11.7735,1.5078,1.3202,0.9594,2.7174,1.3587,30891.84,30796.4083,25119.1301,227363.9424,226661.5651,,,4.804
000881,中广核技,化工原料,辽宁,19980902,000881.SZ,20121224,7.19,7.24,7.15,7.19,7.18,0.01,0.14,26138.01,18814.5388,0.8487,1.0406,0.96,9.656,11.5016,1.473,1.2897,0.9372,2.7816,1.3908,30891.84,30796.4083,25119.1301,222112.3296,221426.1757,,,4.804
000881,中广核技,化工原料,辽宁,19980902,000881.SZ,20121221,7.21,7.28,7.14,7.18,7.22,-0.04,-0.55,28190.37,20306.8406,0.9154,1.1223,0.96,9.6425,11.4856,1.4709,1.2879,0.9359,2.7855,1.3928,30891.84,30796.4083,25119.1301,221803.4112,221118.2116,,,4.804
000881,中广核技,化工原料,辽宁,19980902,000881.SZ,20121220,7.31,7.31,7.13,7.22,7.3,-0.08,-1.1,25613.72,18436.0157,0.8317,1.0197,0.94,9.6963,11.5496,1.4791,1.2951,0.9411,2.7701,1.385,30891.84,30796.4083,25119.1301,223039.0848,222350.0679,,,4.804
000881,中广核技,化工原料,辽宁,19980902,000881.SZ,20121219,7.24,7.35,7.22,7.3,7.22,0.08,1.11,24928.77,18134.7451,0.8095,0.9924,0.94,9.8037,11.6776,1.4955,1.3095,0.9516,2.7397,1.3699,30891.84,30796.4083,25119.1301,225510.432,224813.7806,,,4.804
000881,中广核技,化工原料,辽宁,19980902,000881.SZ,20121218,7.27,7.33,7.2,7.22,7.27,-0.05,-0.69,26884.6,19534.5855,0.873,1.0703,1.05,9.6963,11.5496,1.4791,1.2951,0.9411,2.7701,1.385,30891.84,30796.4083,25119.1301,223039.0848,222350.0679,,,4.804
000881,中广核技,化工原料,辽宁,19980902,000881.SZ,20121217,7.27,7.31,7.22,7.27,7.24,0.03,0.41,30663.53,22278.8708,0.9957,1.2207,1.18,9.7634,11.6296,1.4894,1.3041,0.9477,2.751,1.3755,30891.84,30796.4083,25119.1301,224583.6768,223889.8883,,,4.804
000881,中广核技,化工原料,辽宁,19980902,000881.SZ,20121214,6.95,7.26,6.95,7.24,6.96,0.28,4.02,38493.71,27597.9307,1.2499,1.5324,1.65,9.7231,11.5816,1.4832,1.2987,0.9438,2.7624,1.3812,30891.84,30796.4083,25119.1301,223656.9216,222965.9961,,,4.804
000881,中广核技,化工原料,辽宁,19980902,000881.SZ,20121213,7.01,7.07,6.96,6.96,7.03,-0.07,-1.0,14619.88,10256.6622,0.4747,0.582,0.63,9.3471,11.1337,1.4259,1.2485,0.9073,2.8736,1.4368,30891.84,30796.4083,25119.1301,215007.2064,214343.0018,7.7,6.3,4.804
000881,中广核技,化工原料,辽宁,19980902,000881.SZ,20121212,7.09,7.15,6.96,7.03,7.12,-0.09,-1.26,21920.88,15416.1586,0.7118,0.8727,0.87,9.4411,11.2456,1.4402,1.261,0.9164,2.845,1.4225,30891.84,30796.4083,25119.1301,217169.6352,216498.7503,,,4.804
000881,中广核技,化工原料,辽宁,19980902,000881.SZ,20121211,7.13,7.19,7.09,7.12,7.18,-0.06,-0.84,21844.37,15574.9516,0.7093,0.8696,0.95,9.562,11.3896,1.4586,1.2772,0.9281,2.809,1.4045,30891.84,30796.4083,25119.1301,219949.9008,219270.4271,,,4.804
000881,中广核技,化工原料,辽宁,19980902,000881.SZ,20121210,7.1,7.18,7.04,7.18,7.09,0.09,1.27,32505.88,23176.7066,1.0555,1.2941,1.73,9.6425,11.4856,1.4709,1.2879,0.9359,2.7855,1.3928,30891.84,30796.4083,25119.1301,221803.4112,221118.2116,,,4.804
000881,中广核技,化工原料,辽宁,19980902,000881.SZ,20121207,6.96,7.13,6.92,7.09,6.97,0.12,1.72,25791.38,18192.8278,0.8375,1.0268,1.62,9.5217,11.3416,1.4525,1.2718,0.9242,2.8209,1.4104,30891.84,30796.4083,25119.1301,219023.1456,218346.5348,,,4.804
000881,中广核技,化工原料,辽宁,19980902,000881.SZ,20121206,6.96,7.02,6.92,6.97,6.97,0.0,0.0,14453.64,10069.0546,0.4693,0.5754,0.98,9.3605,11.1497,1.4279,1.2503,0.9086,2.8694,1.4347,30891.84,30796.4083,25119.1301,215316.1248,214650.9659,7.7,6.3,4.804
000881,中广核技,化工原料,辽宁,19980902,000881.SZ,20121205,6.72,7.03,6.68,6.97,6.74,0.23,3.41,30924.41,21437.3128,1.0042,1.2311,2.64,9.3605,11.1497,1.4279,1.2503,0.9086,2.8694,1.4347,30891.84,30796.4083,25119.1301,215316.1248,214650.9659,,,4.804
000881,中广核技,化工原料,辽宁,19980902,000881.SZ,20121204,6.63,6.78,6.56,6.74,6.68,0.06,0.9,11094.45,7383.6506,0.3603,0.4417,0.82,9.0516,10.7817,1.3808,1.209,0.8786,2.9674,1.4837,30891.84,30796.4083,25119.1301,208211.0016,207567.7919,,,4.804
000881,中广核技,化工原料,辽宁,19980902,000881.SZ,20121203,6.92,6.98,6.68,6.68,6.93,-0.25,-3.61,11642.37,7944.1376,0.378,0.4635,0.81,8.971,10.6858,1.3685,1.1982,0.8708,2.994,1.497,30891.84,30796.4083,25119.1301,206357.4912,205720.0074,,,4.804
000881,中广核技,化工原料,辽宁,19980902,000881.SZ,20121130,6.83,6.98,6.78,6.93,6.82,0.11,1.61,11537.51,7956.7311,0.3746,0.4593,0.71,9.3068,11.0857,1.4197,1.2431,0.9033,2.886,1.443,30891.84,30796.4083,25119.1301,214080.4512,213419.1095,,,4.804
000881,中广核技,化工原料,辽宁,19980902,000881.SZ,20121129,6.88,6.94,6.78,6.82,6.89,-0.07,-1.02,8505.48,5832.7934,0.2762,0.3386,0.39,9.1591,10.9097,1.3972,1.2234,0.889,2.9326,1.4663,30891.84,30796.4083,25119.1301,210682.3488,210031.5046,,,4.804
000881,中广核技,化工原料,辽宁,19980902,000881.SZ,20121128,7.0,7.0,6.8,6.89,7.03,-0.14,-1.99,15849.15,10922.662,0.5146,0.631,0.46,9.2531,11.0217,1.4115,1.2359,0.8981,2.9028,1.4514,30891.84,30796.4083,25119.1301,212844.7776,212187.2532,,,4.804
000881,中广核技,化工原料,辽宁,19980902,000881.SZ,20121127,7.19,7.19,6.98,7.03,7.21,-0.18,-2.5,20114.36,14214.3486,0.6531,0.8008,0.59,9.4411,11.2456,1.4402,1.261,0.9164,2.845,1.4225,30891.84,30796.4083,25119.1301,217169.6352,216498.7503,,,4.804
000881,中广核技,化工原料,辽宁,19980902,000881.SZ,20121126,7.38,7.38,7.2,7.21,7.36,-0.15,-2.04,15443.82,11206.0192,0.5015,0.6148,0.46,9.6828,11.5336,1.4771,1.2933,0.9398,2.7739,1.387,30891.84,30796.4083,25119.1301,222730.1664,222042.1038,,,4.804
000881,中广核技,化工原料,辽宁,19980902,000881.SZ,20121123,7.41,7.52,7.36,7.36,7.45,-0.09,-1.21,21842.64,16236.8776,0.7093,0.8696,0.7,9.8843,11.7735,1.5078,1.3202,0.9594,2.7174,1.3587,30891.84,30796.4083,25119.1301,227363.9424,226661.5651,,,4.804
000881,中广核技,化工原料,辽宁,19980902,000881.SZ,20121122,7.56,7.58,7.42,7.45,7.71,-0.26,-3.37,34986.7,26198.7632,1.1361,1.3928,1.33,10.0051,11.9175,1.5263,1.3364,0.9711,2.6846,1.3423,30891.84,30796.4083,25119.1301,230144.208,229433.2418,,,4.804
000881,中广核技,化工原料,辽宁,19980902,000881.SZ,20121121,7.66,8.0,7.55,7.71,7.35,0.36,4.9,80927.75,62799.5446,2.6278,3.2218,7.06,10.3543,12.3334,1.5795,1.383,1.005,2.594,1.297,30891.84,30796.4083,25119.1301,238176.0864,237440.308,,,4.804
000881,中广核技,化工原料,辽宁,19980902,000881.SZ,20121120,7.27,7.39,7.25,7.35,7.28,0.07,0.96,15846.53,11570.0348,0.5146,0.6309,1.57,9.8708,11.7575,1.5058,1.3184,0.9581,2.7211,1.3605,30891.84,30796.4083,25119.1301,227055.024,226353.601,,,4.804
000881,中广核技,化工原料,辽宁,19980902,000881.SZ,20121119,7.21,7.29,7.1,7.28,7.22,0.06,0.83,12998.93,9341.3724,0.4221,0.5175,1.4,9.7768,11.6456,1.4914,1.3059,0.949,2.7473,1.3736,30891.84,30796.4083,25119.1301,224892.5952,224197.8524,,,4.804
000881,中广核技,化工原料,辽宁,19980902,000881.SZ,20121116,7.25,7.31,7.1,7.22,7.23,-0.01,-0.14,11397.1,8238.3362,0.3701,0.4537,1.29,9.6963,11.5496,1.4791,1.2951,0.9411,2.7701,1.385,30891.84,30796.4083,25119.1301,223039.0848,222350.0679,,,4.804
000881,中广核技,化工原料,辽宁,19980902,000881.SZ,20121115,7.4,7.42,7.22,7.23,7.45,-0.22,-2.95,10295.92,7551.6922,0.3343,0.4099,1.07,9.7097,11.5656,1.4812,1.2969,0.9424,2.7663,1.3831,30891.84,30796.4083,25119.1301,223348.0032,222658.032,,,4.804
000881,中广核技,化工原料,辽宁,19980902,000881.SZ,20121114,7.46,7.47,7.37,7.45,7.46,-0.01,-0.13,6747.21,5002.7346,0.2191,0.2686,0.58,10.0051,11.9175,1.5263,1.3364,0.9711,2.6846,1.3423,30891.84,30796.4083,25119.1301,230144.208,229433.2418,,,4.804
000881,中广核技,化工原料,辽宁,19980902,000881.SZ,20121113,7.56,7.6,7.42,7.46,7.6,-0.14,-1.84,8998.22,6738.2403,0.2922,0.3582,0.7,10.0186,11.9335,1.5283,1.3382,0.9724,2.681,1.3405,30891.84,30796.4083,25119.1301,230453.1264,229741.2059,,,4.804
000881,中广核技,化工原料,辽宁,19980902,000881.SZ,20121112,7.53,7.6,7.52,7.6,7.53,0.07,0.93,8969.81,6782.9762,0.2913,0.3571,0.64,10.2066,12.1575,1.557,1.3633,0.9907,2.6316,1.3158,30891.84,30796.4083,25119.1301,234777.984,234052.7031,,,4.804
000881,中广核技,化工原料,辽宁,19980902,000881.SZ,20121109,7.52,7.58,7.47,7.53,7.53,0.0,0.0,9269.87,6963.2227,0.301,0.369,0.56,10.1126,12.0455,1.5426,1.3507,0.9816,2.656,1.328,30891.84,30796.4083,25119.1301,232615.5552,231896.9545,,,4.804
000881,中广核技,化工原料,辽宁,19980902,000881.SZ,20121108,7.68,7.69,7.5,7.53,7.74,-0.21,-2.71,14024.85,10686.9461,0.4554,0.5583,0.79,10.1126,12.0455,1.5426,1.3507,0.9816,2.656,1.328,30891.84,30796.4083,25119.1301,232615.5552,231896.9545,,,4.804
000881,中广核技,化工原料,辽宁,19980902,000881.SZ,20121107,7.72,7.78,7.63,7.74,7.71,0.03,0.39,16887.85,13050.2045,0.5484,0.6723,1.05,10.3946,12.3814,1.5857,1.3884,1.0089,2.584,1.292,30891.84,30796.4083,25119.1301,239102.8416,238364.2002,,,4.804
000881,中广核技,化工原料,辽宁,19980902,000881.SZ,20121106,7.76,7.8,7.55,7.71,7.77,-0.06,-0.77,15483.92,11865.9175,0.5028,0.6164,1.05,10.3543,12.3334,1.5795,1.383,1.005,2.594,1.297,30891.84,30796.4083,25119.1301,238176.0864,237440.308,,,4.804
000881,中广核技,化工原料,辽宁,19980902,000881.SZ,20121105,7.71,7.79,7.68,7.77,7.76,0.01,0.13,14097.1,10911.3143,0.4578,0.5612,0.99,10.4349,12.4294,1.5918,1.3938,1.0128,2.574,1.287,30891.84,30796.4083,25119.1301,240029.5968,239288.0925,,,4.804
000881,中广核技,化工原料,辽宁,19980902,000881.SZ,20121102,7.67,7.8,7.64,7.76,7.64,0.12,1.57,22018.87,17008.6955,0.715,0.8766,1.62,10.4215,12.4134,1.5898,1.392,1.0115,2.5773,1.2887,30891.84,30796.4083,25119.1301,239720.6784,238980.1284,,,4.804
000881,中广核技,化工原料,辽宁,19980902,000881.SZ,20121101,7.5,7.72,7.5,7.64,7.5,0.14,1.87,20430.64,15611.0414,0.6634,0.8133,1.56,10.2603,12.2214,1.5652,1.3704,0.9959,2.6178,1.3089,30891.84,30796.4083,25119.1301,236013.6576,235284.5594,,,4.804
000881,中广核技,化工原料,辽宁,19980902,000881.SZ,20121031,7.47,7.52,7.44,7.5,7.47,0.03,0.4,8756.63,6555.2723,0.2843,0.3486,0.56,10.0723,11.9975,1.5365,1.3453,0.9776,2.6667,1.3333,30891.84,30796.4083,25119.1301,231688.8,230973.0623,,,4.804
000881,中广核技,化工原料,辽宁,19980902,000881.SZ,20121030,7.49,7.55,7.43,7.47,7.44,0.03,0.4,8698.64,6514.281,0.2825,0.3463,0.49,10.032,11.9495,1.5303,1.3399,0.9737,2.6774,1.3387,30891.84,30796.4083,25119.1301,230762.0448,230049.17,,,4.804
000881,中广核技,化工原料,辽宁,19980902,000881.SZ,20121029,7.48,7.5,7.42,7.44,7.5,-0.06,-0.8,11406.44,8506.2835,0.3704,0.4541,0.59,9.9917,11.9015,1.5242,1.3346,0.9698,2.6882,1.3441,30891.84,30796.4083,25119.1301,229835.2896,229125.2778,,,4.804
000881,中广核技,化工原料,辽宁,19980902,000881.SZ,20121026,7.57,7.6,7.41,7.5,7.68,-0.18,-2.34,18852.94,14130.1069,0.6122,0.7505,1.0,10.0723,11.9975,1.5365,1.3453,0.9776,2.6667,1.3333,30891.84,30796.4083,25119.1301,231688.8,230973.0623,,,4.804
000881,中广核技,化工原料,辽宁,19980902,000881.SZ,20121025,7.65,7.83,7.61,7.68,7.63,0.05,0.66,17580.16,13588.0807,0.5709,0.6999,0.81,10.314,9.9269,1.6126,1.3776,1.1145,2.6042,1.3021,30891.84,30796.4083,25119.1301,237249.3312,236516.4157,,,4.804
000881,中广核技,化工原料,辽宁,19980902,000881.SZ,20121024,7.72,7.78,7.6,7.63,7.74,-0.11,-1.42,21619.3,16622.6836,0.702,0.8607,0.95,10.2469,9.8623,1.6021,1.3686,1.1072,2.6212,1.3106,30891.84,30796.4083,25119.1301,235704.7392,234976.5953,,,4.804
000881,中广核技,化工原料,辽宁,19980902,000881.SZ,20121023,7.86,7.97,7.72,7.74,7.87,-0.13,-1.65,20077.57,15728.7916,0.6519,0.7993,0.91,10.3946,10.0045,1.6252,1.3884,1.1232,2.584,1.292,30891.84,30796.4083,25119.1301,239102.8416,238364.2002,,,4.804
000881,中广核技,化工原料,辽宁,19980902,000881.SZ,20121022,7.74,7.88,7.74,7.87,7.77,0.1,1.29,19140.6,14981.0519,0.6215,0.762,0.92,10.5692,10.1725,1.6525,1.4117,1.142,2.5413,1.2706,30891.84,30796.4083,25119.1301,243118.7808,242367.7333,,,4.804
000881,中广核技,化工原料,辽宁,19980902,000881.SZ,20121019,7.82,7.87,7.76,7.77,7.83,-0.06,-0.77,16257.01,12692.7839,0.5279,0.6472,0.77,10.4349,10.0432,1.6315,1.3938,1.1275,2.574,1.287,30891.84,30796.4083,25119.1301,240029.5968,239288.0925,,,4.804
000881,中广核技,化工原料,辽宁,19980902,000881.SZ,20121018,7.65,7.89,7.65,7.83,7.73,0.1,1.29,31497.69,24562.6306,1.0228,1.2539,1.58,10.5155,10.1208,1.6441,1.4045,1.1362,2.5543,1.2771,30891.84,30796.4083,25119.1301,241883.1072,241135.877,,,4.804
000881,中广核技,化工原料,辽宁,19980902,000881.SZ,20121017,7.65,7.79,7.64,7.73,7.64,0.09,1.18,26296.1,20316.4454,0.8539,1.0469,1.43,10.3812,9.9915,1.6231,1.3866,1.1217,2.5873,1.2937,30891.84,30796.4083,25119.1301,238793.9232,238056.2362,,,4.804
000881,中广核技,化工原料,辽宁,19980902,000881.SZ,20121016,7.53,7.68,7.51,7.64,7.54,0.1,1.33,17442.6,13272.1321,0.5664,0.6944,0.9,10.2603,9.8752,1.6042,1.3704,1.1087,2.6178,1.3089,30891.84,30796.4083,25119.1301,236013.6576,235284.5594,,,4.804
000881,中广核技,化工原料,辽宁,19980902,000881.SZ,20121015,7.58,7.6,7.45,7.54,7.6,-0.06,-0.79,12040.83,9058.3029,0.391,0.4793,0.62,10.126,9.7459,1.5832,1.3525,1.0942,2.6525,1.3263,30891.84,30796.4083,25119.1301,232924.4736,232204.9186,,,4.804
000881,中广核技,化工原料,辽宁,19980902,000881.SZ,20121012,7.63,7.69,7.49,7.6,7.6,0.0,0.0,18522.43,14054.8266,0.6014,0.7374,0.94,10.2066,9.8235,1.5958,1.3633,1.1029,2.6316,1.3158,30891.84,30796.4083,25119.1301,234777.984,234052.7031,,,4.804
000881,中广核技,化工原料,辽宁,19980902,000881.SZ,20121011,7.73,7.76,7.6,7.6,7.78,-0.18,-2.31,25130.53,19283.8712,0.816,1.0005,1.36,10.2066,9.8235,1.5958,1.3633,1.1029,2.6316,1.3158,30891.84,30796.4083,25119.1301,234777.984,234052.7031,,,4.804
000881,中广核技,化工原料,辽宁,19980902,000881.SZ,20121010,7.73,7.83,7.61,7.78,7.75,0.03,0.39,18776.98,14555.5142,0.6097,0.7475,0.94,10.4483,10.0562,1.6336,1.3956,1.129,2.5707,1.2853,30891.84,30796.4083,25119.1301,240338.5152,239596.0566,,,4.804
000881,中广核技,化工原料,辽宁,19980902,000881.SZ,20121009,7.59,7.76,7.53,7.75,7.56,0.19,2.51,22438.18,17260.0512,0.7286,0.8933,1.16,10.408,10.0174,1.6273,1.3902,1.1246,2.5806,1.2903,30891.84,30796.4083,25119.1301,239411.76,238672.1643,,,4.804
000881,中广核技,化工原料,辽宁,19980902,000881.SZ,20121008,7.6,7.62,7.49,7.56,7.57,-0.01,-0.13,11894.69,8984.2805,0.3862,0.4735,0.6,10.1529,9.7718,1.5874,1.3561,1.0971,2.6455,1.3228,30891.84,30796.4083,25119.1301,233542.3104,232820.8467,,,4.804
000881,中广核技,化工原料,辽宁,19980902,000881.SZ,20120928,7.4,7.57,7.4,7.57,7.44,0.13,1.75,19798.54,14846.6105,0.6429,0.7882,1.04,10.1663,9.7847,1.5895,1.3579,1.0985,2.642,1.321,30891.84,30796.4083,25119.1301,233851.2288,233128.8108,,,4.804
000881,中广核技,化工原料,辽宁,19980902,000881.SZ,20120927,7.3,7.52,7.3,7.44,7.28,0.16,2.2,19397.14,14361.7554,0.6299,0.7722,1.01,9.9917,9.6167,1.5622,1.3346,1.0796,2.6882,1.3441,30891.84,30796.4083,25119.1301,229835.2896,229125.2778,,,4.804
000881,中广核技,化工原料,辽宁,19980902,000881.SZ,20120926,7.62,7.68,7.25,7.28,7.6,-0.32,-4.21,26143.43,19438.054,0.8489,1.0408,1.51,9.7768,9.4099,1.5286,1.3059,1.0564,2.7473,1.3736,30891.84,30796.4083,25119.1301,224892.5952,224197.8524,,,4.804
000881,中广核技,化工原料,辽宁,19980902,000881.SZ,20120925,7.74,7.8,7.59,7.6,7.77,-0.17,-2.19,19488.87,14939.7832,0.6328,0.7759,1.15,10.2066,9.8235,1.5958,1.3633,1.1029,2.6316,1.3158,30891.84,30796.4083,25119.1301,234777.984,234052.7031,,,4.804
000881,中广核技,化工原料,辽宁,19980902,000881.SZ,20120924,7.64,7.79,7.6,7.77,7.68,0.09,1.17,13714.52,10591.1219,0.4453,0.546,0.53,10.4349,10.0432,1.6315,1.3938,1.1275,2.574,1.287,30891.84,30796.4083,25119.1301,240029.5968,239288.0925,,,4.804
000881,中广核技,化工原料,辽宁,19980902,000881.SZ,20120921,7.79,7.84,7.65,7.68,7.73,-0.05,-0.65,16648.57,12908.9467,0.5406,0.6628,0.48,10.314,9.9269,1.6126,1.3776,1.1145,2.6042,1.3021,30891.84,30796.4083,25119.1301,237249.3312,236516.4157,,,4.804
000881,中广核技,化工原料,辽宁,19980902,000881.SZ,20120920,8.0,8.01,7.71,7.73,8.0,-0.27,-3.38,20432.49,15971.8262,0.6635,0.8134,0.41,10.3812,9.9915,1.6231,1.3866,1.1217,2.5873,1.2937,30891.84,30796.4083,25119.1301,238793.9232,238056.2362,,,4.731
000881,中广核技,化工原料,辽宁,19980902,000881.SZ,20120919,7.93,8.08,7.93,8.0,7.93,0.07,0.88,16366.49,13099.9144,0.5314,0.6516,0.31,10.7438,10.3405,1.6798,1.435,1.1609,2.5,1.25,30891.84,30796.4083,25119.1301,247134.72,246371.2664,,,4.731
000881,中广核技,化工原料,辽宁,19980902,000881.SZ,20120918,7.9,7.98,7.81,7.93,7.9,0.03,0.38,17771.85,14053.5838,0.5771,0.7075,0.33,10.6498,10.25,1.6651,1.4225,1.1508,2.5221,1.261,30891.84,30796.4083,25119.1301,244972.2912,244215.5178,,,4.731
000881,中广核技,化工原料,辽宁,19980902,000881.SZ,20120917,8.5,8.5,7.86,7.9,8.5,-0.6,-7.06,59258.41,48230.3688,1.9242,2.3591,1.24,10.6095,10.2113,1.6588,1.4171,1.1464,2.5316,1.2658,30891.84,30796.4083,25119.1301,244045.536,243291.6256,,,4.731
000881,中广核技,化工原料,辽宁,19980902,000881.SZ,20120914,8.53,8.65,8.33,8.5,8.6,-0.1,-1.16,60187.7,51116.2503,1.9544,2.3961,1.34,11.4153,10.9868,1.7848,1.5247,1.2335,2.3529,1.1765,30891.84,30796.4083,25119.1301,262580.64,261769.4706,,,4.731
000881,中广核技,化工原料,辽宁,19980902,000881.SZ,20120913,8.47,8.77,8.42,8.6,8.42,0.18,2.14,95786.25,82475.9305,3.1103,3.8133,3.27,11.5496,11.1161,1.8058,1.5426,1.248,2.3256,1.1628,30891.84,30796.4083,25119.1301,265669.824,264849.1114,,,4.731
000881,中广核技,化工原料,辽宁,19980902,000881.SZ,20120912,8.3,8.42,8.28,8.42,8.28,0.14,1.69,29592.8,24703.2745,0.9609,1.1781,1.1,11.3078,10.8834,1.768,1.5104,1.2219,2.3753,1.1876,30891.84,30796.4083,25119.1301,260109.2928,259305.7579,,,4.731
000881,中广核技,化工原料,辽宁,19980902,000881.SZ,20120911,8.23,8.32,8.23,8.28,8.36,-0.08,-0.96,21067.34,17412.3268,0.6841,0.8387,0.77,11.1198,10.7024,1.7386,1.4852,1.2015,2.4155,1.2077,30891.84,30796.4083,25119.1301,255784.4352,254994.2607,,,4.731
000881,中广核技,化工原料,辽宁,19980902,000881.SZ,20120910,8.32,8.45,8.26,8.36,8.31,0.05,0.6,32053.18,26770.5874,1.0408,1.276,1.31,11.2272,10.8058,1.7554,1.4996,1.2132,2.3923,1.1962,30891.84,30796.4083,25119.1301,258255.7824,257457.9734,,,4.731
000881,中广核技,化工原料,辽宁,19980902,000881.SZ,20120907,8.06,8.39,8.06,8.31,8.02,0.29,3.62,46831.3,38690.5118,1.5207,1.8644,2.46,11.1601,10.7412,1.7449,1.4906,1.2059,2.4067,1.2034,30891.84,30796.4083,25119.1301,256711.1904,255918.153,,,4.731
000881,中广核技,化工原料,辽宁,19980902,000881.SZ,20120906,7.91,8.07,7.91,8.02,7.93,0.09,1.13,17105.62,13666.5297,0.5554,0.681,0.81,10.7706,10.3664,1.684,1.4386,1.1638,2.4938,1.2469,30891.84,30796.4083,25119.1301,247752.5568,246987.1946,,,4.731
000881,中广核技,化工原料,辽宁,19980902,000881.SZ,20120905,7.86,8.0,7.83,7.93,7.86,0.07,0.89,17081.2,13527.2389,0.5546,0.68,0.65,10.6498,10.25,1.6651,1.4225,1.1508,2.5221,1.261,30891.84,30796.4083,25119.1301,244972.2912,244215.5178,,,4.731
000881,中广核技,化工原料,辽宁,19980902,000881.SZ,20120904,7.95,8.1,7.86,7.86,7.89,-0.03,-0.38,23480.06,18691.0621,0.7624,0.9347,0.73,10.5558,10.1596,1.6504,1.4099,1.1406,2.5445,1.2723,30891.84,30796.4083,25119.1301,242809.8624,242059.7692,,,4.731
000881,中广核技,化工原料,辽宁,19980902,000881.SZ,20120903,7.75,7.95,7.72,7.89,7.8,0.09,1.15,18176.76,14325.0426,0.5902,0.7236,0.54,10.596,10.1983,1.6567,1.4153,1.1449,2.5349,1.2674,30891.84,30796.4083,25119.1301,243736.6176,242983.6615,,,4.731
000881,中广核技,化工原料,辽宁,19980902,000881.SZ,20120831,7.75,7.84,7.69,7.8,7.75,0.05,0.65,19252.76,14949.1705,0.6252,0.7665,0.54,10.4752,10.082,1.6378,1.3991,1.1319,2.5641,1.2821,30891.84,30796.4083,25119.1301,240956.352,240211.9847,,,4.731
000881,中广核技,化工原料,辽宁,19980902,000881.SZ,20120830,7.89,8.01,7.65,7.75,7.95,-0.2,-2.52,27960.22,21866.4661,0.9079,1.1131,0.75,10.408,10.0174,1.6273,1.3902,1.1246,2.5806,1.2903,30891.84,30796.4083,25119.1301,239411.76,238672.1643,,,4.731
000881,中广核技,化工原料,辽宁,19980902,000881.SZ,20120829,8.38,8.38,7.85,7.95,8.52,-0.57,-6.69,42219.85,34037.4191,1.3709,1.6808,0.97,10.6766,10.2759,1.6693,1.426,1.1537,2.5157,1.2579,30891.84,30796.4083,25119.1301,245590.128,244831.446,,,4.731
000881,中广核技,化工原料,辽宁,19980902,000881.SZ,20120821,8.35,8.57,8.32,8.52,8.36,0.16,1.91,52521.05,44528.3355,1.7054,2.0909,1.36,11.4421,11.0127,1.789,1.5283,1.2364,2.3474,1.1737,30891.84,30796.4083,25119.1301,263198.4768,262385.3987,,,4.731
000881,中广核技,化工原料,辽宁,19980902,000881.SZ,20120820,8.33,8.44,8.23,8.36,8.44,-0.08,-0.95,25912.83,21576.4522,0.8414,1.0316,0.64,11.2272,10.8058,1.7554,1.4996,1.2132,2.3923,1.1962,30891.84,30796.4083,25119.1301,258255.7824,257457.9734,,,4.731
000881,中广核技,化工原料,辽宁,19980902,000881.SZ,20120817,8.3,8.44,8.17,8.44,8.34,0.1,1.2,31111.5,25768.0011,1.0102,1.2386,0.68,11.3347,10.9093,1.7722,1.5139,1.2248,2.3697,1.1848,30891.84,30796.4083,25119.1301,260727.1296,259921.6861,,,4.731
000881,中广核技,化工原料,辽宁,19980902,000881.SZ,20120816,8.25,8.45,8.15,8.34,8.35,-0.01,-0.12,35073.11,29043.1203,1.1389,1.3963,0.75,11.2004,10.78,1.7512,1.496,1.2102,2.3981,1.199,30891.84,30796.4083,25119.1301,257637.9456,256842.0452,,,4.731
000881,中广核技,化工原料,辽宁,19980902,000881.SZ,20120815,8.6,8.87,8.32,8.35,8.26,0.09,1.09,72788.85,62275.4467,2.3635,2.8977,1.83,11.2138,10.7929,1.7533,1.4978,1.2117,2.3952,1.1976,30891.84,30796.4083,25119.1301,257946.864,257150.0093,,,4.731
000881,中广核技,化工原料,辽宁,19980902,000881.SZ,20120814,8.19,8.29,8.02,8.26,8.19,0.07,0.85,27516.11,22483.0139,0.8935,1.0954,0.64,11.0929,10.6766,1.7344,1.4817,1.1986,2.4213,1.2107,30891.84,30796.4083,25119.1301,255166.5984,254378.3326,,,4.731
000881,中广核技,化工原料,辽宁,19980902,000881.SZ,20120813,8.4,8.45,8.16,8.19,8.43,-0.24,-2.85,35565.51,29451.1113,1.1549,1.4159,0.74,10.9989,10.5861,1.7197,1.4691,1.1885,2.442,1.221,30891.84,30796.4083,25119.1301,253004.1696,252222.584,,,4.731
000881,中广核技,化工原料,辽宁,19980902,000881.SZ,20120810,8.53,8.73,8.43,8.43,8.41,0.02,0.24,58616.32,50205.9553,1.9033,2.3335,1.42,11.3212,10.8963,1.7701,1.5121,1.2233,2.3725,1.1862,30891.84,30796.4083,25119.1301,260418.2112,259613.722,,,4.731
000881,中广核技,化工原料,辽宁,19980902,000881.SZ,20120809,8.32,8.43,8.2,8.41,8.36,0.05,0.6,37862.59,31586.1374,1.2294,1.5073,0.99,11.2944,10.8705,1.7659,1.5086,1.2204,2.3781,1.1891,30891.84,30796.4083,25119.1301,259800.3744,258997.7938,,,4.731
000881,中广核技,化工原料,辽宁,19980902,000881.SZ,20120808,8.37,8.49,8.29,8.36,8.42,-0.06,-0.71,39187.69,32898.2677,1.2725,1.5601,1.01,11.2272,10.8058,1.7554,1.4996,1.2132,2.3923,1.1962,30891.84,30796.4083,25119.1301,258255.7824,257457.9734,,,4.731
000881,中广核技,化工原料,辽宁,19980902,000881.SZ,20120807,8.31,8.45,8.25,8.42,8.4,0.02,0.24,44282.83,36925.5477,1.4379,1.7629,1.35,11.3078,10.8834,1.768,1.5104,1.2219,2.3753,1.1876,30891.84,30796.4083,25119.1301,260109.2928,259305.7579,,,4.731
000881,中广核技,化工原料,辽宁,19980902,000881.SZ,20120806,8.04,8.5,7.99,8.4,8.06,0.34,4.22,59581.21,49733.2642,1.9347,2.3719,2.5,11.281,10.8575,1.7638,1.5068,1.219,2.381,1.1905,30891.84,30796.4083,25119.1301,259491.456,258689.8297,,,4.731
000881,中广核技,化工原料,辽宁,19980902,000881.SZ,20120803,7.85,8.09,7.85,8.06,7.9,0.16,2.03,25376.15,20240.3604,0.824,1.0102,1.11,10.8243,10.4181,1.6924,1.4458,1.1696,2.4814,1.2407,30891.84,30796.4083,25119.1301,248988.2304,248219.0509,,,4.731
000881,中广核技,化工原料,辽宁,19980902,000881.SZ,20120802,7.93,8.0,7.82,7.9,8.01,-0.11,-1.37,23561.66,18632.0921,0.7651,0.938,1.0,10.6095,10.2113,1.6588,1.4171,1.1464,2.5316,1.2658,30891.84,30796.4083,25119.1301,244045.536,243291.6256,,,4.731
000881,中广核技,化工原料,辽宁,19980902,000881.SZ,20120801,7.78,8.3,7.72,8.01,7.62,0.39,5.12,41652.33,33502.2765,1.3525,1.6582,2.01,10.7572,10.3534,1.6819,1.4368,1.1624,2.4969,1.2484,30891.84,30796.4083,25119.1301,247443.6384,246679.2305,,,4.731
000881,中广核技,化工原料,辽宁,19980902,000881.SZ,20120731,7.74,7.78,7.42,7.62,7.73,-0.11,-1.42,13881.89,10544.4158,0.4508,0.5527,0.58,10.2334,10.9915,1.6996,1.3669,1.2944,2.6247,1.3123,30891.84,30795.2041,25117.9259,235395.8208,234659.4552,,,4.731
000881,中广核技,化工原料,辽宁,19980902,000881.SZ,20120730,7.81,7.86,7.71,7.73,7.77,-0.04,-0.51,14490.75,11272.0211,0.4706,0.5769,0.52,10.3812,11.1502,1.7241,1.3866,1.3131,2.5873,1.2937,30891.84,30795.2041,25117.9259,238793.9232,238046.9277,,,4.731
000881,中广核技,化工原料,辽宁,19980902,000881.SZ,20120727,7.91,7.99,7.7,7.77,7.88,-0.11,-1.4,20209.94,15818.7275,0.6563,0.8046,0.66,10.4349,11.2079,1.733,1.3938,1.3199,2.574,1.287,30891.84,30795.2041,25117.9259,240029.5968,239278.7359,,,4.731
000881,中广核技,化工原料,辽宁,19980902,000881.SZ,20120726,8.16,8.25,7.88,7.88,8.19,-0.31,-3.79,27679.87,22345.1736,0.8988,1.102,0.73,10.5826,11.3666,1.7576,1.4135,1.3386,2.5381,1.269,30891.84,30795.2041,25117.9259,243427.6992,242666.2083,,,4.731
000881,中广核技,化工原料,辽宁,19980902,000881.SZ,20120725,8.35,8.43,8.17,8.19,8.4,-0.21,-2.5,27383.17,22659.8356,0.8892,1.0902,0.72,10.9989,11.8137,1.8267,1.4691,1.3912,2.442,1.221,30891.84,30795.2041,25117.9259,253004.1696,252212.7216,,,4.731
000881,中广核技,化工原料,辽宁,19980902,000881.SZ,20120724,8.23,8.5,8.17,8.4,8.29,0.11,1.33,29832.72,25005.7769,0.9687,1.1877,0.83,11.281,12.1167,1.8735,1.5068,1.4269,2.381,1.1905,30891.84,30795.2041,25117.9259,259491.456,258679.7144,,,4.731
000881,中广核技,化工原料,辽宁,19980902,000881.SZ,20120723,8.2,8.48,8.16,8.29,8.25,0.04,0.48,34178.75,28609.9355,1.1099,1.3607,1.08,11.1332,11.958,1.849,1.487,1.4082,2.4125,1.2063,30891.84,30795.2041,25117.9259,256093.3536,255292.242,,,4.731
000881,中广核技,化工原料,辽宁,19980902,000881.SZ,20120720,8.3,8.46,8.19,8.25,8.36,-0.11,-1.32,34885.2,28918.4695,1.1328,1.3889,1.12,11.0795,11.9003,1.8401,1.4799,1.4014,2.4242,1.2121,30891.84,30795.2041,25117.9259,254857.68,254060.4338,,,4.731
000881,中广核技,化工原料,辽宁,19980902,000881.SZ,20120719,8.02,8.8,7.94,8.36,8.01,0.35,4.37,63974.09,53596.9152,2.0774,2.5469,2.95,11.2272,12.059,1.8646,1.4996,1.4201,2.3923,1.1962,30891.84,30795.2041,25117.9259,258255.7824,257447.9063,,,4.731
000881,中广核技,化工原料,辽宁,19980902,000881.SZ,20120718,7.72,8.06,7.61,8.01,7.77,0.24,3.09,27469.05,21515.2262,0.892,1.0936,1.41,10.7572,11.5541,1.7865,1.4368,1.3607,2.4969,1.2484,30891.84,30795.2041,25117.9259,247443.6384,246669.5848,8.14,6.66,4.731
000881,中广核技,化工原料,辽宁,19980902,000881.SZ,20120717,7.6,7.78,7.41,7.77,7.88,-0.11,-1.4,18503.55,14107.0548,0.6009,0.7367,0.87,10.4349,11.2079,1.733,1.3938,1.3199,2.574,1.287,30891.84,30795.2041,25117.9259,240029.5968,239278.7359,8.27,6.77,4.731
000881,中广核技,化工原料,辽宁,19980902,000881.SZ,20120713,7.85,7.89,7.76,7.88,7.89,-0.01,-0.13,13188.72,10317.3901,0.4283,0.5251,0.53,10.5826,11.3666,1.7576,1.4135,1.3386,2.5381,1.269,30891.84,30795.2041,25117.9259,243427.6992,242666.2083,,,4.731
000881,中广核技,化工原料,辽宁,19980902,000881.SZ,20120712,7.85,7.94,7.65,7.89,7.87,0.02,0.25,32273.69,25166.4784,1.048,1.2849,1.26,10.596,11.381,1.7598,1.4153,1.3403,2.5349,1.2674,30891.84,30795.2041,25117.9259,243736.6176,242974.1603,8.64,7.07,4.731
000881,中广核技,化工原料,辽宁,19980902,000881.SZ,20120711,7.8,7.92,7.75,7.87,7.77,0.1,1.29,17101.57,13395.3646,0.5553,0.6809,0.57,10.5692,11.3522,1.7553,1.4117,1.3369,2.5413,3.8119,30891.84,30795.2041,25117.9259,243118.7808,242358.2563,,,4.731
000881,中广核技,化工原料,辽宁,19980902,000881.SZ,20120710,7.86,7.91,7.75,7.77,7.86,-0.09,-1.15,16246.71,12687.0611,0.5276,0.6468,0.45,10.4349,11.2079,1.733,1.3938,1.3199,2.574,3.861,30891.84,30795.2041,25117.9259,240029.5968,239278.7359,,,4.731
000881,中广核技,化工原料,辽宁,19980902,000881.SZ,20120709,8.17,8.17,7.86,7.86,8.2,-0.34,-4.15,26964.94,21611.928,0.8756,1.0735,0.69,10.5558,11.3377,1.7531,1.4099,1.3352,2.5445,3.8168,30891.84,30795.2041,25117.9259,242809.8624,242050.3042,,,4.731
000881,中广核技,化工原料,辽宁,19980902,000881.SZ,20120706,8.14,8.28,7.95,8.2,8.06,0.14,1.74,32657.35,26505.2785,1.0605,1.3002,0.76,11.0124,11.8282,1.8289,1.4709,1.3929,2.439,3.6585,30891.84,30795.2041,25117.9259,253313.088,252520.6736,,,4.731
000881,中广核技,化工原料,辽宁,19980902,000881.SZ,20120705,8.25,8.28,7.98,8.06,8.25,-0.19,-2.3,35310.04,28510.3489,1.1466,1.4058,0.81,10.8243,11.6262,1.7977,1.4458,1.3692,2.4814,3.7221,30891.84,30795.2041,25117.9259,248988.2304,248209.345,,,4.731
000881,中广核技,化工原料,辽宁,19980902,000881.SZ,20120704,8.58,8.63,8.25,8.25,8.51,-0.26,-3.06,37785.21,31710.0201,1.227,1.5043,0.87,11.0795,11.9003,1.8401,1.4799,1.4014,2.4242,3.6364,30891.84,30795.2041,25117.9259,254857.68,254060.4338,,,4.731
000881,中广核技,化工原料,辽宁,19980902,000881.SZ,20120703,8.5,8.68,8.46,8.61,8.52,0.09,1.06,45972.54,39484.0083,1.4928,1.8303,1.12,11.563,12.4196,1.8785,1.5444,1.4626,2.3229,2.3229,30891.84,30795.2041,25117.9259,265978.7424,265146.7073,,,4.731
000881,中广核技,化工原料,辽宁,19980902,000881.SZ,20120702,8.45,8.64,8.4,8.52,8.48,0.04,0.47,44412.07,37898.8966,1.4422,1.7681,1.16,11.4421,12.2898,1.8588,1.5283,1.4473,2.3474,2.3474,30891.84,30795.2041,25117.9259,263198.4768,262375.1389,,,4.731
000881,中广核技,化工原料,辽宁,19980902,000881.SZ,20120629,8.27,8.53,8.03,8.48,8.27,0.21,2.54,52577.33,43604.0487,1.7073,2.0932,1.43,11.3884,12.2321,1.8501,1.5211,1.4405,2.3585,2.3585,30891.84,30795.2041,25117.9259,261962.8032,261143.3308,,,4.731
000881,中广核技,化工原料,辽宁,19980902,000881.SZ,20120628,8.37,8.52,8.26,8.27,8.3,-0.03,-0.36,38015.49,31920.3871,1.2345,1.5135,0.95,11.1064,11.9291,1.8043,1.4834,1.4048,2.4184,2.4184,30891.84,30795.2041,25117.9259,255475.5168,254676.3379,8.68,7.1,4.731
000881,中广核技,化工原料,辽宁,19980902,000881.SZ,20120627,8.33,8.52,8.23,8.3,8.36,-0.06,-0.72,35070.34,29386.7264,1.1388,1.3962,0.77,11.1467,11.9724,1.8108,1.4888,1.4099,2.4096,2.4096,30891.84,30795.2041,25117.9259,256402.272,255600.194,,,4.731
000881,中广核技,化工原料,辽宁,19980902,000881.SZ,20120626,8.3,8.47,8.18,8.36,8.34,0.02,0.24,34265.6,28566.1162,1.1127,1.3642,0.72,11.2272,12.059,1.8239,1.4996,1.4201,2.3923,2.3923,30891.84,30795.2041,25117.9259,258255.7824,257447.9063,,,4.731
000881,中广核技,化工原料,辽宁,19980902,000881.SZ,20120625,8.51,8.6,8.3,8.34,8.54,-0.2,-2.34,32282.56,27370.8811,1.0483,1.2852,0.64,11.2004,12.0301,1.8196,1.496,1.4167,2.3981,2.3981,30891.84,30795.2041,25117.9259,257637.9456,256832.0022,,,4.731
000881,中广核技,化工原料,辽宁,19980902,000881.SZ,20120621,8.78,8.78,8.53,8.54,8.79,-0.25,-2.84,44684.57,38400.915,1.451,1.779,0.79,11.469,12.3186,1.8632,1.5319,1.4507,2.3419,2.3419,30891.84,30795.2041,25117.9259,263816.3136,262991.043,,,4.731
000881,中广核技,化工原料,辽宁,19980902,000881.SZ,20120620,9.08,9.08,8.79,8.79,9.06,-0.27,-2.98,54602.26,48696.4643,1.7731,2.1738,0.86,11.8047,12.6792,1.9177,1.5767,1.4932,2.2753,2.2753,30891.84,30795.2041,25117.9259,271539.2736,270689.844,,,4.731
000881,中广核技,化工原料,辽宁,19980902,000881.SZ,20120619,9.02,9.17,8.91,9.06,9.05,0.01,0.11,61085.0,55337.3167,1.9836,2.4319,0.91,12.1673,13.0687,1.9767,1.6252,1.539,2.2075,2.2075,30891.84,30795.2041,25117.9259,279880.0704,279004.5491,,,4.731
000881,中广核技,化工原料,辽宁,19980902,000881.SZ,20120618,9.02,9.14,8.88,9.05,8.98,0.07,0.78,44277.23,39953.4517,1.4378,1.7628,0.62,12.1539,13.0543,1.9745,1.6234,1.5373,2.2099,2.2099,30891.84,30795.2041,25117.9259,279571.152,278696.5971,,,4.731
000881,中广核技,化工原料,辽宁,19980902,000881.SZ,20120615,8.93,9.12,8.75,8.98,8.92,0.06,0.67,48652.51,43589.5885,1.5799,1.937,0.66,12.0599,12.9533,1.9592,1.6108,1.5254,2.2272,2.2272,30891.84,30795.2041,25117.9259,277408.7232,276540.9328,,,4.731
000881,中广核技,化工原料,辽宁,19980902,000881.SZ,20120614,9.14,9.23,8.92,8.92,9.2,-0.28,-3.04,74064.04,67225.151,2.4051,2.9487,1.01,11.9793,12.8667,1.9461,1.6,1.5153,2.2422,2.2422,30891.84,30795.2041,25117.9259,275555.2128,274693.2206,,,4.731
000881,中广核技,化工原料,辽宁,19980902,000881.SZ,20120613,8.9,9.25,8.87,9.2,8.93,0.27,3.02,89684.91,81303.7926,2.9123,3.5706,1.26,12.3553,13.2706,2.0072,1.6503,1.5628,2.1739,2.1739,30891.84,30795.2041,25117.9259,284204.928,283315.8777,,,4.731
000881,中广核技,化工原料,辽宁,19980902,000881.SZ,20120612,8.89,9.12,8.83,8.93,8.95,-0.02,-0.22,80052.4,72074.2245,2.5995,3.1871,1.07,11.9927,12.8812,1.9483,1.6018,1.517,2.2396,2.2396,30891.84,30795.2041,25117.9259,275864.1312,275001.1726,,,4.731
000881,中广核技,化工原料,辽宁,19980902,000881.SZ,20120611,8.73,9.03,8.7,8.95,8.69,0.26,2.99,66995.72,59568.0313,2.1755,2.6672,0.75,12.0196,12.91,1.9527,1.6054,1.5204,2.2346,2.2346,30891.84,30795.2041,25117.9259,276481.968,275617.0767,,,4.731
000881,中广核技,化工原料,辽宁,19980902,000881.SZ,20120608,8.98,9.0,8.66,8.69,8.87,-0.18,-2.03,56396.33,49759.5922,1.8313,2.2453,0.42,11.6704,12.535,1.8959,1.5588,1.4762,2.3015,2.3015,30891.84,30795.2041,25117.9259,268450.0896,267610.3236,,,4.731
000881,中广核技,化工原料,辽宁,19980902,000881.SZ,20120607,9.05,9.11,8.81,8.87,8.96,-0.09,-1.0,72989.94,65363.4238,2.3702,2.9059,0.5,11.9122,12.7946,1.9352,1.5911,1.5068,2.2548,2.2548,30891.84,30795.2041,25117.9259,274010.6208,273153.4604,,,4.731
000881,中广核技,化工原料,辽宁,19980902,000881.SZ,20120606,8.91,8.99,8.7,8.96,8.89,0.07,0.79,80846.17,71678.9424,2.6253,3.2187,0.51,12.033,12.9244,1.9548,1.6072,1.522,2.2321,2.2321,30891.84,30795.2041,25117.9259,276790.8864,275925.0287,,,4.731
000881,中广核技,化工原料,辽宁,19980902,000881.SZ,20120605,9.14,9.18,8.8,8.89,9.13,-0.24,-2.63,98539.58,88305.9285,3.1998,3.9231,0.55,11.939,12.8235,1.9396,1.5947,1.5102,2.2497,2.2497,30891.84,30795.2041,25117.9259,274628.4576,273769.3644,,,4.731
000881,中广核技,化工原料,辽宁,19980902,000881.SZ,20120604,9.03,9.39,9.03,9.13,9.52,-0.39,-4.1,137455.9,126325.8166,4.4635,5.4724,0.68,12.2613,13.1697,1.9919,1.6377,1.5509,2.1906,2.1906,30891.84,30795.2041,25117.9259,282042.4992,281160.2134,,,4.731
000881,中广核技,化工原料,辽宁,19980902,000881.SZ,20120601,9.58,10.2,9.51,9.52,9.27,0.25,2.7,284022.32,280678.9321,9.2229,11.3076,1.41,12.7851,13.7322,2.077,1.7077,1.6172,2.1008,2.1008,30891.84,30795.2041,25117.9259,294090.3168,293170.343,,,4.731
000881,中广核技,化工原料,辽宁,19980902,000881.SZ,20120531,9.55,9.66,9.25,9.27,9.72,-0.45,-4.63,128245.88,120590.5427,4.1645,5.1058,0.46,12.4493,13.3716,2.0225,1.6628,1.5747,2.1575,2.1575,30891.84,30795.2041,25117.9259,286367.3568,285471.542,,,4.731
000881,中广核技,化工原料,辽宁,19980902,000881.SZ,20120530,9.65,9.85,9.5,9.72,9.7,0.02,0.21,137949.37,132964.7711,4.4796,5.4921,0.46,13.0537,14.0207,2.1206,1.7435,1.6512,2.0576,2.0576,30891.84,30795.2041,25117.9259,300268.6848,299329.3839,,,4.731
000881,中广核技,化工原料,辽宁,19980902,000881.SZ,20120529,9.71,9.88,9.47,9.7,9.9,-0.2,-2.02,202078.13,195146.776,6.562,8.0452,0.71,13.0268,13.9919,2.1163,1.74,1.6478,2.0619,2.0619,30891.84,30795.2041,25117.9259,299650.848,298713.4798,,,4.731
000881,中广核技,化工原料,辽宁,19980902,000881.SZ,20120528,9.47,10.05,9.13,9.9,9.62,0.28,2.91,263872.27,252329.8552,8.5686,10.5053,0.97,13.2954,14.2803,2.1599,1.7758,1.6817,2.0202,2.0202,30891.84,30795.2041,25117.9259,305829.216,304872.5206,,,4.731
000881,中广核技,化工原料,辽宁,19980902,000881.SZ,20120525,9.89,10.11,9.58,9.62,10.11,-0.49,-4.85,275315.39,269681.9519,8.9402,10.9609,1.03,12.9194,13.8765,2.0988,1.7256,1.6342,2.079,2.079,30891.84,30795.2041,25117.9259,297179.5008,296249.8634,,,4.731
000881,中广核技,化工原料,辽宁,19980902,000881.SZ,20120524,9.37,10.59,9.3,10.11,9.63,0.48,4.98,504898.42,516005.9725,16.3954,20.1011,2.65,13.5774,14.5833,2.2057,1.8135,1.7174,1.9782,1.9782,30891.84,30795.2041,25117.9259,312316.5024,311339.5135,,,4.731
000881,中广核技,化工原料,辽宁,19980902,000881.SZ,20120523,8.67,9.63,8.44,9.63,8.75,0.88,10.06,239723.95,214801.4816,7.7845,9.5439,1.65,12.9328,13.8909,2.101,1.7274,1.6359,2.0768,2.0768,30891.84,30795.2041,25117.9259,297488.4192,296557.8155,,,4.731
000881,中广核技,化工原料,辽宁,19980902,000881.SZ,20120522,8.72,8.85,8.52,8.75,8.7,0.05,0.57,133326.18,116067.5382,4.3294,5.308,1.09,11.751,12.6215,1.909,1.5695,1.4864,2.2857,2.2857,30891.84,30795.2041,25117.9259,270303.6,269458.0359,,,4.731
000881,中广核技,化工原料,辽宁,19980902,000881.SZ,20120521,9.09,9.09,8.48,8.7,9.38,-0.68,-7.25,210338.97,182828.1946,6.8303,8.3741,2.54,11.6839,12.5494,1.8981,1.5606,1.4779,2.2989,2.2989,30891.84,30795.2041,25117.9259,268759.008,267918.2757,,,4.731
000881,中广核技,化工原料,辽宁,19980902,000881.SZ,20120518,8.78,9.38,8.78,9.38,8.53,0.85,9.96,251950.59,229898.1187,8.1815,10.0307,7.0,12.5971,13.5303,2.0465,1.6826,1.5934,2.1322,2.1322,30891.84,30795.2041,25117.9259,289765.4592,288859.0145,,,4.731
000881,中广核技,化工原料,辽宁,19980902,000881.SZ,20120517,7.75,8.53,7.74,8.53,7.75,0.78,10.06,118888.02,99451.3886,3.8606,4.7332,6.66,11.4555,12.3042,1.861,1.5301,1.449,2.3447,2.3447,30891.84,30795.2041,25117.9259,263507.3952,262683.091,,,4.731
000881,中广核技,化工原料,辽宁,19980902,000881.SZ,20120516,7.8,7.85,7.73,7.75,7.81,-0.06,-0.77,12414.36,9660.1725,0.4031,0.4942,0.6,10.408,11.1791,1.6908,1.3902,1.3165,2.5806,2.5806,30891.84,30795.2041,25117.9259,239411.76,238662.8318,8.6,7.04,4.731
000881,中广核技,化工原料,辽宁,19980902,000881.SZ,20120515,7.77,7.85,7.72,7.81,7.85,-0.04,-0.51,16411.84,12743.1347,0.5329,0.6534,0.73,10.4886,11.2656,1.7039,1.4009,1.3267,2.5608,2.5608,30891.84,30795.2041,25117.9259,241265.2704,240510.544,8.64,7.07,4.731
000881,中广核技,化工原料,辽宁,19980902,000881.SZ,20120514,7.98,7.99,7.83,7.85,7.89,-0.04,-0.51,14524.1,11497.7753,0.4716,0.5782,0.56,10.5423,11.3233,1.7127,1.4081,1.3335,2.5478,2.5478,30891.84,30795.2041,25117.9259,242500.944,241742.3522,8.64,7.07,4.731
000881,中广核技,化工原料,辽宁,19980902,000881.SZ,20120511,8.0,8.04,7.89,7.89,7.98,-0.09,-1.13,17729.93,14104.1436,0.5757,0.7059,0.6,10.596,11.381,1.7214,1.4153,1.3403,2.5349,2.5349,30891.84,30795.2041,25117.9259,243736.6176,242974.1603,8.77,7.17,4.731
000881,中广核技,化工原料,辽宁,19980902,000881.SZ,20120509,8.2,8.21,7.95,7.98,8.22,-0.24,-2.92,28108.69,22614.3111,0.9128,1.1191,0.88,10.7169,11.5108,1.741,1.4314,1.3556,2.5063,2.5063,30891.84,30795.2041,25117.9259,246516.8832,245745.7287,8.68,7.1,4.731
000881,中广核技,化工原料,辽宁,19980902,000881.SZ,20120508,8.3,8.32,8.21,8.22,8.28,-0.06,-0.72,27419.86,22638.4147,0.8904,1.0916,0.93,11.0392,11.857,1.7934,1.4745,1.3963,2.4331,2.4331,30891.84,30795.2041,25117.9259,253930.9248,253136.5777,,,4.731
000881,中广核技,化工原料,辽宁,19980902,000881.SZ,20120507,8.22,8.28,8.16,8.28,8.26,0.02,0.24,25228.24,20715.1356,0.8192,1.0044,0.87,11.1198,11.9436,1.8065,1.4852,1.4065,2.4155,2.4155,30891.84,30795.2041,25117.9259,255784.4352,254984.2899,8.68,7.1,4.731
000881,中广核技,化工原料,辽宁,19980902,000881.SZ,20120504,8.23,8.29,8.14,8.26,8.28,-0.02,-0.24,31976.66,26274.6335,1.0384,1.2731,1.13,11.0929,11.9147,1.8021,1.4817,1.4031,2.4213,2.4213,30891.84,30795.2041,25117.9259,255166.5984,254368.3859,,,4.731
000881,中广核技,化工原料,辽宁,19980902,000881.SZ,20120503,8.18,8.28,8.11,8.28,8.2,0.08,0.98,33894.43,27774.1788,1.1006,1.3494,1.21,11.1198,11.9436,1.8065,1.4852,1.4065,2.4155,2.4155,30891.84,30795.2041,25117.9259,255784.4352,254984.2899,,,4.731
000881,中广核技,化工原料,辽宁,19980902,000881.SZ,20120502,8.06,8.24,8.05,8.2,7.98,0.22,2.76,40618.23,33172.8075,1.319,1.6171,1.54,11.0124,11.8282,1.789,1.4709,1.3929,2.439,2.439,30891.84,30795.2041,25117.9259,253313.088,252520.6736,,,4.731
000881,中广核技,化工原料,辽宁,19980902,000881.SZ,20120427,8.07,8.1,7.96,7.98,8.05,-0.07,-0.87,15700.71,12562.5833,0.5098,0.6251,0.51,10.7169,11.5108,1.741,1.4314,1.3556,2.5063,2.5063,30891.84,30795.2041,25117.9259,246516.8832,245745.7287,,,4.731
000881,中广核技,化工原料,辽宁,19980902,000881.SZ,20120426,8.17,8.17,8.03,8.05,8.15,-0.1,-1.23,23415.9,18951.3943,0.7604,0.9322,0.71,10.8109,11.6118,1.7563,1.444,1.3675,2.4845,2.4845,30891.84,30795.2041,25117.9259,248679.312,247901.393,8.57,7.01,4.731
000881,中广核技,化工原料,辽宁,19980902,000881.SZ,20120425,8.01,8.19,7.9,8.15,8.01,0.14,1.75,27603.04,22303.8502,0.8963,1.0989,0.78,10.9452,11.756,1.7781,1.4619,1.3845,2.454,2.454,30891.84,30795.2041,25117.9259,251768.496,250980.9134,8.45,6.91,4.731
000881,中广核技,化工原料,辽宁,19980902,000881.SZ,20120424,8.08,8.16,7.72,8.01,8.1,-0.09,-1.11,32204.27,25614.3642,1.0458,1.2821,0.95,10.7572,11.5541,1.7476,1.4368,1.3607,2.4969,2.4969,30891.84,30795.2041,25117.9259,247443.6384,246669.5848,8.5,6.96,4.731
000881,中广核技,化工原料,辽宁,19980902,000881.SZ,20120423,8.3,8.35,8.09,8.1,8.3,-0.2,-2.41,33298.65,27254.7088,1.0813,1.3257,1.04,10.8781,11.6839,1.7672,1.453,1.376,2.4691,2.4691,30891.84,30795.2041,25117.9259,250223.904,249441.1532,,,4.731
000881,中广核技,化工原料,辽宁,19980902,000881.SZ,20120420,8.24,8.31,8.15,8.3,8.24,0.06,0.73,36112.93,29789.8969,1.1727,1.4377,1.12,11.1467,11.9724,1.8108,1.4888,1.4099,2.4096,2.4096,30891.84,30795.2041,25117.9259,256402.272,255600.194,,,4.731
000881,中广核技,化工原料,辽宁,19980902,000881.SZ,20120419,8.17,8.34,8.15,8.24,8.28,-0.04,-0.48,35853.12,29596.0354,1.1642,1.4274,1.12,11.0661,11.8859,1.7977,1.4781,1.3997,2.4272,2.4272,30891.84,30795.2041,25117.9259,254548.7616,253752.4818,,,4.731
000881,中广核技,化工原料,辽宁,19980902,000881.SZ,20120418,8.01,8.31,8.01,8.28,7.98,0.3,3.76,39424.94,32345.6288,1.2802,1.5696,1.36,11.1198,11.1198,1.8512,1.4852,1.4852,2.4155,2.4155,30891.84,30795.2041,25117.9259,255784.4352,254984.2899,8.33,6.81,4.731
000881,中广核技,化工原料,辽宁,19980902,000881.SZ,20120417,8.2,8.2,7.98,7.98,8.2,-0.22,-2.68,24328.12,19607.1275,0.79,0.9686,0.72,10.7169,10.7169,1.7842,1.4314,1.4314,2.5063,2.5063,30891.84,30795.2041,25117.9259,246516.8832,245745.7287,,,4.731
000881,中广核技,化工原料,辽宁,19980902,000881.SZ,20120416,8.0,8.29,7.96,8.2,8.17,0.03,0.37,24438.78,19928.6857,0.7936,0.973,0.65,11.0124,11.0124,1.8333,1.4709,1.4709,2.439,2.439,30891.84,30795.2041,25117.9259,253313.088,252520.6736,,,4.731
000881,中广核技,化工原料,辽宁,19980902,000881.SZ,20120413,8.1,8.3,8.04,8.17,8.09,0.08,0.99,37810.95,30987.8891,1.2278,1.5053,1.15,10.9721,10.9721,1.8266,1.4655,1.4655,2.448,2.448,30891.84,30795.2041,25117.9259,252386.3328,251596.8175,,,4.731
000881,中广核技,化工原料,辽宁,19980902,000881.SZ,20120412,7.99,8.1,7.88,8.09,7.97,0.12,1.51,33611.91,26907.8234,1.0915,1.3382,1.15,10.8646,10.8646,1.8087,1.4512,1.4512,2.4722,2.4722,30891.84,30795.2041,25117.9259,249914.9856,249133.2012,,,4.731
000881,中广核技,化工原料,辽宁,19980902,000881.SZ,20120411,7.88,7.98,7.78,7.97,8.03,-0.06,-0.75,25122.6,19896.642,0.8158,1.0002,0.93,10.7035,10.7035,1.7819,1.4296,1.4296,2.5094,2.5094,30891.84,30795.2041,25117.9259,246207.9648,245437.7767,,,4.731
000881,中广核技,化工原料,辽宁,19980902,000881.SZ,20120410,7.9,8.18,7.77,8.03,8.06,-0.03,-0.37,47136.99,37397.0492,1.5307,1.8766,2.03,10.7841,10.7841,1.7953,1.4404,1.4404,2.4907,2.4907,30891.84,30795.2041,25117.9259,248061.4752,247285.4889,,,4.731
000881,中广核技,化工原料,辽宁,19980902,000881.SZ,20120409,7.68,8.06,7.54,8.06,7.68,0.38,4.95,43046.36,33557.4459,1.3978,1.7138,2.13,10.8243,10.8243,1.802,1.4458,1.4458,2.4814,2.4814,30891.84,30795.2041,25117.9259,248988.2304,248209.345,,,4.731
000881,中广核技,化工原料,辽宁,19980902,000881.SZ,20120406,7.67,7.74,7.61,7.68,7.64,0.04,0.52,15125.74,11629.0802,0.4912,0.6022,0.75,10.314,10.314,1.7171,1.3776,1.3776,2.6042,2.6042,30891.84,30795.2041,25117.9259,237249.3312,236507.1675,,,4.731
000881,中广核技,化工原料,辽宁,19980902,000881.SZ,20120405,7.42,7.69,7.42,7.64,7.42,0.22,2.97,15326.38,11630.9322,0.4977,0.6102,0.8,10.2603,10.2603,1.7081,1.3704,1.3704,2.6178,2.6178,30891.84,30795.2041,25117.9259,236013.6576,235275.3593,,,4.731
000881,中广核技,化工原料,辽宁,19980902,000881.SZ,20120330,7.54,7.56,7.36,7.42,7.51,-0.09,-1.2,15009.54,11213.1814,0.4874,0.5976,0.73,9.9648,9.9648,1.6589,1.331,1.331,2.6954,2.6954,30891.84,30795.2041,25117.9259,229217.4528,228500.4144,7.91,6.47,4.731
000881,中广核技,化工原料,辽宁,19980902,000881.SZ,20120329,7.77,7.82,7.4,7.51,7.76,-0.25,-3.22,27486.84,20981.3148,0.8926,1.0943,1.46,10.0857,10.0857,1.6791,1.3471,1.3471,2.6631,2.6631,30891.84,30795.5052,25118.227,231997.7184,231274.2441,,,4.731
000881,中广核技,化工原料,辽宁,19980902,000881.SZ,20120328,8.21,8.21,7.72,7.76,8.21,-0.45,-5.48,28202.76,22252.002,0.9158,1.119,1.67,11.7903,9.1283,1.7781,1.3765,1.4761,2.5773,2.5773,30891.84,30795.5052,25202.5634,239720.6784,238973.1204,,,4.731
000881,中广核技,化工原料,辽宁,19980902,000881.SZ,20120327,8.25,8.29,8.16,8.21,8.2,0.01,0.12,14551.83,11979.9412,0.4725,0.5774,0.77,12.474,9.6577,1.8813,1.4563,1.5617,2.4361,2.4361,30891.84,30795.5052,25202.5634,253622.0064,252831.0977,,,4.731
000881,中广核技,化工原料,辽宁,19980902,000881.SZ,20120326,8.24,8.28,8.13,8.2,8.23,-0.03,-0.36,10767.3,8819.578,0.3496,0.4272,0.46,12.4589,9.6459,1.879,1.4545,1.5598,2.439,2.439,30891.84,30795.5052,25202.5634,253313.088,252523.1426,,,4.731
000881,中广核技,化工原料,辽宁,19980902,000881.SZ,20120323,8.23,8.36,8.18,8.23,8.27,-0.04,-0.48,22444.72,18560.4666,0.7288,0.8906,0.85,12.5044,9.6812,1.8858,1.4598,1.5655,2.4301,2.4301,30891.84,30795.5052,25202.5634,254239.8432,253447.0078,,,4.731
000881,中广核技,化工原料,辽宁,19980902,000881.SZ,20120322,8.3,8.35,8.24,8.27,8.31,-0.04,-0.48,18298.07,15178.099,0.5942,0.726,0.63,12.5652,9.7283,1.895,1.4669,1.5731,2.4184,2.4184,30891.84,30795.5052,25202.5634,255475.5168,254678.828,,,4.731
000881,中广核技,化工原料,辽宁,19980902,000881.SZ,20120321,8.24,8.34,8.14,8.31,8.22,0.09,1.09,18371.1,15127.6506,0.5966,0.7289,0.49,12.626,9.7753,1.9042,1.474,1.5807,2.4067,2.4067,30891.84,30795.5052,25202.5634,256711.1904,255910.6482,,,4.731
000881,中广核技,化工原料,辽宁,19980902,000881.SZ,20120320,8.41,8.41,8.2,8.22,8.43,-0.21,-2.49,25133.9,20827.3455,0.8162,0.9973,0.59,12.4892,9.6694,1.8835,1.4581,1.5636,2.4331,2.4331,30891.84,30795.5052,25202.5634,253930.9248,253139.0527,,,4.731
000881,中广核技,化工原料,辽宁,19980902,000881.SZ,20120319,8.39,8.45,8.3,8.43,8.42,0.01,0.12,31704.59,26544.9307,1.0295,1.258,0.74,12.8083,9.9165,1.9317,1.4953,1.6035,2.3725,2.3725,30891.84,30795.5052,25202.5634,260418.2112,259606.1088,,,4.731
000881,中广核技,化工原料,辽宁,19980902,000881.SZ,20120316,8.27,8.42,8.2,8.42,8.25,0.17,2.06,37979.96,31517.2304,1.2333,1.507,0.91,12.7931,9.9047,1.9294,1.4935,1.6016,2.3753,2.3753,30891.84,30795.5052,25202.5634,260109.2928,259298.1538,,,4.731
000881,中广核技,化工原料,辽宁,19980902,000881.SZ,20120315,8.45,8.54,8.16,8.25,8.45,-0.2,-2.37,32602.78,27081.4927,1.0587,1.2936,0.76,12.5348,9.7047,1.8904,1.4634,1.5693,2.4242,2.4242,30891.84,30795.5052,25202.5634,254857.68,254062.9179,,,4.731
000881,中广核技,化工原料,辽宁,19980902,000881.SZ,20120314,8.98,9.05,8.32,8.45,8.97,-0.52,-5.8,61953.46,54504.5943,2.0118,2.4582,1.78,12.8387,9.94,1.9363,1.4989,1.6073,2.3669,2.3669,30891.84,30795.5052,25202.5634,261036.048,260222.0189,,,4.731
000881,中广核技,化工原料,辽宁,19980902,000881.SZ,20120313,8.81,9.0,8.75,8.97,8.83,0.14,1.59,49750.22,44280.8953,1.6155,1.974,1.59,13.6288,10.5517,2.0554,1.5911,1.7063,2.2297,2.2297,30891.84,30795.5052,25202.5634,277099.8048,276235.6816,,,4.731
000881,中广核技,化工原料,辽宁,19980902,000881.SZ,20120312,8.88,8.93,8.75,8.83,8.88,-0.05,-0.56,32929.54,29097.7363,1.0693,1.3066,1.01,13.4161,10.387,2.0233,1.5663,1.6796,2.265,2.265,30891.84,30795.5052,25202.5634,272774.9472,271924.3109,,,4.731
000881,中广核技,化工原料,辽宁,19980902,000881.SZ,20120309,8.8,8.89,8.77,8.88,8.8,0.08,0.91,31251.08,27592.5379,1.0148,1.24,0.97,13.492,10.4458,2.0348,1.5751,1.6891,2.2523,2.2523,30891.84,30795.5052,25202.5634,274319.5392,273464.0862,,,4.731
000881,中广核技,化工原料,辽宁,19980902,000881.SZ,20120308,8.64,8.87,8.64,8.8,8.63,0.17,1.97,37328.5,32755.6146,1.2121,1.4811,1.3,13.3705,10.3517,2.0165,1.5609,1.6739,2.2727,2.2727,30891.84,30795.5052,25202.5634,271848.192,271000.4458,,,4.731
000881,中广核技,化工原料,辽宁,19980902,000881.SZ,20120307,8.55,8.77,8.48,8.63,8.63,0.0,0.0,22281.04,19248.6545,0.7235,0.8841,0.76,13.1122,10.1517,1.9775,1.5308,1.6416,2.3175,2.3175,30891.84,30795.5052,25202.5634,266596.5792,265765.2099,,,4.731
000881,中广核技,化工原料,辽宁,19980902,000881.SZ,20120306,8.72,8.75,8.55,8.63,8.77,-0.14,-1.6,32727.43,28322.8603,1.0627,1.2986,1.09,13.1122,10.1517,1.9775,1.5308,1.6416,2.3175,2.3175,30891.84,30795.5052,25202.5634,266596.5792,265765.2099,,,4.731
000881,中广核技,化工原料,辽宁,19980902,000881.SZ,20120305,8.69,8.83,8.66,8.77,8.71,0.06,0.69,39438.27,34598.1889,1.2807,1.5649,1.23,13.3249,10.3164,2.0096,1.5556,1.6682,2.2805,2.2805,30891.84,30795.5052,25202.5634,270921.4368,270076.5806,,,4.731
000881,中广核技,化工原料,辽宁,19980902,000881.SZ,20120302,8.51,8.71,8.5,8.71,8.5,0.21,2.47,29966.24,25783.5694,0.9731,1.189,0.84,13.2337,10.2458,1.9958,1.545,1.6568,2.2962,2.2962,30891.84,30795.5052,25202.5634,269067.9264,268228.8503,,,4.731
000881,中广核技,化工原料,辽宁,19980902,000881.SZ,20120301,8.4,8.54,8.38,8.5,8.44,0.06,0.71,19421.27,16460.8847,0.6307,0.7706,0.51,12.9147,9.9988,1.9477,1.5077,1.6169,2.3529,2.3529,30891.84,30795.5052,25202.5634,262580.64,261761.7942,,,4.731
000881,中广核技,化工原料,辽宁,19980902,000881.SZ,20120229,8.53,8.55,8.42,8.44,8.55,-0.11,-1.29,24712.4,20938.6106,0.8025,0.9806,0.63,12.8235,9.9282,1.934,1.4971,1.6054,2.3697,2.3697,30891.84,30795.5052,25202.5634,260727.1296,259914.0639,,,4.731
000881,中广核技,化工原料,辽宁,19980902,000881.SZ,20120228,8.58,8.62,8.45,8.55,8.65,-0.1,-1.16,35950.05,30682.3704,1.1674,1.4264,1.02,12.9906,10.0576,1.9592,1.5166,1.6264,2.3392,2.3392,30891.84,30795.5052,25202.5634,264125.232,263301.5695,,,4.731
000881,中广核技,化工原料,辽宁,19980902,000881.SZ,20120227,8.68,8.85,8.64,8.65,8.67,-0.02,-0.23,50471.0,44003.4862,1.6389,2.0026,1.71,13.1426,10.1753,1.9821,1.5343,1.6454,2.3121,2.3121,30891.84,30795.5052,25202.5634,267214.416,266381.12,,,4.731
000881,中广核技,化工原料,辽宁,19980902,000881.SZ,20120224,8.49,8.69,8.42,8.67,8.48,0.19,2.24,48158.42,41319.1343,1.5638,1.9109,1.94,13.173,10.1988,1.9867,1.5379,1.6492,2.3068,2.3068,30891.84,30795.5052,25202.5634,267832.2528,266997.0301,,,4.731
000881,中广核技,化工原料,辽宁,19980902,000881.SZ,20120223,8.5,8.56,8.41,8.48,8.52,-0.04,-0.47,30772.61,26090.9385,0.9993,1.221,1.25,12.8843,9.9753,1.9431,1.5042,1.6131,2.3585,2.3585,30891.84,30795.5052,25202.5634,261962.8032,261145.8841,,,4.731
000881,中广核技,化工原料,辽宁,19980902,000881.SZ,20120222,8.38,8.55,8.33,8.52,8.35,0.17,2.04,31366.45,26474.2472,1.0185,1.2446,1.27,12.9451,10.0223,1.9523,1.5113,1.6207,2.3474,2.3474,30891.84,30795.5052,25202.5634,263198.4768,262377.7043,,,4.731
000881,中广核技,化工原料,辽宁,19980902,000881.SZ,20120221,8.31,8.35,8.2,8.35,8.32,0.03,0.36,16106.91,13346.7018,0.523,0.6391,0.63,12.6868,9.8224,1.9133,1.4811,1.5883,2.3952,2.3952,30891.84,30795.5052,25202.5634,257946.864,257142.4684,,,4.731
000881,中广核技,化工原料,辽宁,19980902,000881.SZ,20120220,8.45,8.49,8.32,8.32,8.37,-0.05,-0.6,21316.21,17919.2899,0.6922,0.8458,0.82,12.6412,9.7871,1.9065,1.4758,1.5826,2.4038,2.4038,30891.84,30795.5052,25202.5634,257020.1088,256218.6033,,,4.731
000881,中广核技,化工原料,辽宁,19980902,000881.SZ,20120217,8.36,8.45,8.32,8.37,8.35,0.02,0.24,24241.77,20321.7543,0.7872,0.9619,0.92,12.7171,9.8459,1.9179,1.4847,1.5921,2.3895,2.3895,30891.84,30795.5052,25202.5634,258564.7008,257758.3785,,,4.731
000881,中广核技,化工原料,辽宁,19980902,000881.SZ,20120216,8.37,8.49,8.25,8.35,8.36,-0.01,-0.12,30275.69,25299.8486,0.9831,1.2013,1.16,12.6868,9.8224,1.9133,1.4811,1.5883,2.3952,2.3952,30891.84,30795.5052,25202.5634,257946.864,257142.4684,,,4.731
000881,中广核技,化工原料,辽宁,19980902,000881.SZ,20120215,8.16,8.37,8.15,8.36,8.18,0.18,2.2,31720.65,26349.711,1.03,1.2586,1.29,12.702,9.8341,1.9156,1.4829,1.5902,2.3923,2.3923,30891.84,30795.5052,25202.5634,258255.7824,257450.4235,,,4.731
000881,中广核技,化工原料,辽宁,19980902,000881.SZ,20120214,8.22,8.25,8.1,8.18,8.22,-0.04,-0.49,19811.32,16162.3449,0.6433,0.7861,0.84,12.4285,9.6224,1.8744,1.451,1.556,2.445,2.445,30891.84,30795.5052,25202.5634,252695.2512,251907.2325,,,4.731
000881,中广核技,化工原料,辽宁,19980902,000881.SZ,20120213,8.15,8.29,8.07,8.22,8.18,0.04,0.49,23239.61,19005.4612,0.7546,0.9221,1.0,12.4892,9.6694,1.8835,1.4581,1.5636,2.4331,2.4331,30891.84,30795.5052,25202.5634,253930.9248,253139.0527,,,4.731
000881,中广核技,化工原料,辽宁,19980902,000881.SZ,20120210,8.11,8.25,8.11,8.18,8.14,0.04,0.49,26516.53,21705.6667,0.8611,1.0521,1.21,12.4285,9.6224,1.8744,1.451,1.556,2.445,2.445,30891.84,30795.5052,25202.5634,252695.2512,251907.2325,8.55,6.99,4.731
000881,中广核技,化工原料,辽宁,19980902,000881.SZ,20120209,8.07,8.23,8.02,8.14,8.1,0.04,0.49,28691.14,23388.0766,0.9317,1.1384,1.59,12.3677,9.5753,1.8652,1.4439,1.5484,2.457,2.457,30891.84,30795.5052,25202.5634,251459.5776,250675.4123,8.54,6.98,4.731
000881,中广核技,化工原料,辽宁,19980902,000881.SZ,20120208,7.86,8.11,7.82,8.1,7.86,0.24,3.05,24326.3,19466.1133,0.7899,0.9652,1.47,12.3069,9.5283,1.8561,1.4368,1.5408,2.4691,2.4691,30891.84,30795.5052,25202.5634,250223.904,249443.5921,,,4.731
000881,中广核技,化工原料,辽宁,19980902,000881.SZ,20120207,8.0,8.0,7.78,7.86,8.04,-0.18,-2.24,15218.77,11967.9568,0.4942,0.6039,1.02,11.9423,9.246,1.8011,1.3942,1.4951,2.5445,2.5445,30891.84,30795.5052,25202.5634,242809.8624,242052.6709,,,4.731
000881,中广核技,化工原料,辽宁,19980902,000881.SZ,20120206,8.05,8.08,7.96,8.04,8.04,0.0,0.0,21772.06,17474.85,0.707,0.8639,1.55,12.2158,9.4577,1.8423,1.4261,1.5294,2.4876,2.4876,30891.84,30795.5052,25202.5634,248370.3936,247595.8618,,,4.731
000881,中广核技,化工原料,辽宁,19980902,000881.SZ,20120203,7.96,8.09,7.93,8.04,7.96,0.08,1.01,19636.04,15738.1775,0.6376,0.7791,1.37,12.2158,9.4577,1.8423,1.4261,1.5294,2.4876,2.4876,30891.84,30795.5052,25202.5634,248370.3936,247595.8618,,,4.731
000881,中广核技,化工原料,辽宁,19980902,000881.SZ,20120202,7.79,7.97,7.75,7.96,7.8,0.16,2.05,9161.86,7226.5742,0.2975,0.3635,0.6,12.0942,9.3636,1.824,1.4119,1.5141,2.5126,2.5126,30891.84,30795.5052,25202.5634,245899.0464,245132.2214,,,4.731
000881,中广核技,化工原料,辽宁,19980902,000881.SZ,20120201,7.92,8.0,7.71,7.8,7.85,-0.05,-0.64,16852.37,13344.6357,0.5472,0.6687,1.0,11.8511,9.1754,1.7873,1.3836,1.4837,2.5641,2.5641,30891.84,30795.5052,25202.5634,240956.352,240204.9406,,,4.731
000881,中广核技,化工原料,辽宁,19980902,000881.SZ,20120131,7.88,7.88,7.78,7.85,7.84,0.01,0.13,7086.25,5535.606,0.2301,0.2812,0.36,11.9271,9.2342,1.7988,1.3924,1.4932,2.5478,2.5478,30891.84,30795.5052,25202.5634,242500.944,241744.7158,,,4.731
000881,中广核技,化工原料,辽宁,19980902,000881.SZ,20120130,8.03,8.04,7.82,7.84,8.01,-0.17,-2.12,17614.08,13972.636,0.572,0.6989,0.93,11.9119,9.2224,1.7965,1.3907,1.4913,2.551,2.551,30891.84,30795.5052,25202.5634,242192.0256,241436.7608,,,4.731
000881,中广核技,化工原料,辽宁,19980902,000881.SZ,20120120,8.0,8.04,7.86,8.01,7.93,0.08,1.01,20927.0,16681.4649,0.6795,0.8304,1.12,12.1702,9.4224,1.8354,1.4208,1.5237,2.4969,2.4969,30891.84,30795.5052,25202.5634,247443.6384,246671.9967,,,4.731
000881,中广核技,化工原料,辽宁,19980902,000881.SZ,20120119,7.81,7.97,7.79,7.93,7.87,0.06,0.76,13908.92,10991.6542,0.4517,0.5519,0.75,12.0486,9.3283,1.8171,1.4066,1.5084,2.5221,2.5221,30891.84,30795.5052,25202.5634,244972.2912,244208.3562,,,4.731
000881,中广核技,化工原料,辽宁,19980902,000881.SZ,20120118,7.92,8.03,7.78,7.87,7.9,-0.03,-0.38,24421.62,19396.2989,0.793,0.969,1.37,11.9575,9.2577,1.8033,1.396,1.497,2.5413,2.5413,30891.84,30795.5052,25202.5634,243118.7808,242360.6259,,,4.731
000881,中广核技,化工原料,辽宁,19980902,000881.SZ,20120117,7.48,7.94,7.46,7.9,7.45,0.45,6.04,20311.61,15834.0481,0.6596,0.8059,1.01,12.003,9.293,1.8102,1.4013,1.5027,2.5316,2.5316,30891.84,30795.5052,25202.5634,244045.536,243284.4911,,,4.731
000881,中广核技,化工原料,辽宁,19980902,000881.SZ,20120116,7.6,7.78,7.38,7.45,7.66,-0.21,-2.74,15130.92,11574.2039,0.4913,0.6004,0.73,11.3193,8.7637,1.7071,1.3215,1.4171,2.6846,2.6846,30891.84,30795.5052,25202.5634,230144.208,229426.5137,8.4,6.88,4.731
000881,中广核技,化工原料,辽宁,19980902,000881.SZ,20120113,7.96,8.03,7.64,7.66,7.95,-0.29,-3.65,19448.15,15119.9412,0.6315,0.7717,1.04,11.6384,9.0107,1.7552,1.3587,1.4571,2.611,2.611,30891.84,30795.5052,25202.5634,236631.4944,235893.5698,,,4.731
000881,中广核技,化工原料,辽宁,19980902,000881.SZ,20120112,7.95,8.04,7.86,7.95,7.96,-0.01,-0.13,13408.1,10655.1192,0.4354,0.532,0.74,12.079,9.3518,1.8217,1.4102,1.5122,2.5157,2.5157,30891.84,30795.5052,25202.5634,245590.128,244824.2663,8.36,6.84,4.731
000881,中广核技,化工原料,辽宁,19980902,000881.SZ,20120111,8.0,8.05,7.83,7.96,8.0,-0.04,-0.5,20833.35,16529.5901,0.6765,0.8266,1.23,12.0942,9.3636,1.824,1.4119,1.5141,2.5126,2.5126,30891.84,30795.5052,25202.5634,245899.0464,245132.2214,8.36,6.84,4.731
000881,中广核技,化工原料,辽宁,19980902,000881.SZ,20120110,7.7,8.03,7.68,8.0,7.7,0.3,3.9,31615.56,24964.1444,1.0266,1.2545,2.38,12.155,9.4107,1.8331,1.419,1.5217,2.5,2.5,30891.84,30795.5052,25202.5634,247134.72,246364.0416,,,4.731
000881,中广核技,化工原料,辽宁,19980902,000881.SZ,20120109,7.41,7.75,7.33,7.7,7.36,0.34,4.62,18581.91,14115.6877,0.6034,0.7373,1.57,11.6992,9.0578,1.7644,1.3658,1.4647,2.5974,2.5974,30891.84,30795.5052,25202.5634,237867.168,237125.39,,,4.731
000881,中广核技,化工原料,辽宁,19980902,000881.SZ,20120106,7.14,7.38,7.14,7.36,7.22,0.14,1.94,8890.18,6465.7423,0.2887,0.3527,0.69,11.1826,8.6578,1.6865,1.3055,1.4,2.7174,2.7174,30891.84,30795.5052,25202.5634,227363.9424,226654.9183,,,4.731
000881,中广核技,化工原料,辽宁,19980902,000881.SZ,20120105,7.43,7.51,7.2,7.22,7.46,-0.24,-3.22,10493.81,7731.1716,0.3408,0.4164,0.83,10.9699,8.4931,1.6544,1.2807,1.3734,2.7701,2.7701,30891.84,30795.5052,25202.5634,223039.0848,222343.5475,,,4.731
000881,中广核技,化工原料,辽宁,19980902,000881.SZ,20120104,7.61,7.72,7.46,7.46,7.53,-0.07,-0.93,15124.36,11530.9361,0.4911,0.6001,1.34,11.3345,8.7754,1.7094,1.3233,1.419,2.681,2.681,30891.84,30795.5052,25202.5634,230453.1264,229734.4688,,,4.731
000881,中广核技,化工原料,辽宁,19980902,000881.SZ,20111230,7.41,7.59,7.4,7.53,7.39,0.14,1.89,13289.67,9979.5124,0.4315,0.5273,1.19,11.4409,8.8578,1.7254,1.3357,1.4323,2.656,2.656,30891.84,30795.5052,25202.5634,232615.5552,231890.1542,,,4.731
000881,中广核技,化工原料,辽宁,19980902,000881.SZ,20111229,7.41,7.47,7.35,7.39,7.39,0.0,0.0,11480.6,8515.09,0.3728,0.4555,0.91,11.2282,8.6931,1.6934,1.3108,1.4057,2.7064,2.7064,30891.84,30795.5052,25202.5634,228290.6976,227578.7834,,,4.731
000881,中广核技,化工原料,辽宁,19980902,000881.SZ,20111228,7.41,7.45,7.18,7.39,7.41,-0.02,-0.27,13590.9,9956.6998,0.4413,0.5393,1.03,11.2282,8.6931,1.6934,1.3108,1.4057,2.7064,2.7064,30891.84,30795.5052,25202.5634,228290.6976,227578.7834,,,4.731
000881,中广核技,化工原料,辽宁,19980902,000881.SZ,20111227,7.55,7.65,7.4,7.41,7.61,-0.2,-2.63,9410.08,7041.2817,0.3056,0.3734,0.68,11.2586,8.7166,1.6979,1.3144,1.4095,2.6991,2.6991,30891.84,30795.5052,25202.5634,228908.5344,228194.6935,,,4.731
000881,中广核技,化工原料,辽宁,19980902,000881.SZ,20111226,7.64,7.77,7.56,7.61,7.64,-0.03,-0.39,8841.68,6786.5166,0.2871,0.3508,0.6,11.5624,8.9519,1.7438,1.3499,1.4476,2.6281,2.6281,30891.84,30795.5052,25202.5634,235086.9024,234353.7946,,,4.731
000881,中广核技,化工原料,辽宁,19980902,000881.SZ,20111223,7.53,7.75,7.47,7.64,7.53,0.11,1.46,12737.66,9717.2632,0.4136,0.5054,0.86,11.608,8.9872,1.7506,1.3552,1.4533,2.6178,2.6178,30891.84,30795.5052,25202.5634,236013.6576,235277.6597,,,4.731
000881,中广核技,化工原料,辽宁,19980902,000881.SZ,20111222,7.64,7.65,7.31,7.53,7.68,-0.15,-1.95,18376.71,13752.1466,0.5967,0.7292,1.36,11.4409,8.8578,1.7254,1.3357,1.4323,2.656,2.656,30891.84,30795.5052,25202.5634,232615.5552,231890.1542,,,4.731
000881,中广核技,化工原料,辽宁,19980902,000881.SZ,20111221,8.06,8.1,7.64,7.68,7.97,-0.29,-3.64,16785.43,13261.595,0.5451,0.666,1.32,11.6688,9.0342,1.7598,1.3623,1.4609,2.6042,2.6042,30891.84,30795.5052,25202.5634,237249.3312,236509.4799,,,4.731
000881,中广核技,化工原料,辽宁,19980902,000881.SZ,20111220,7.96,8.2,7.92,7.97,7.99,-0.02,-0.25,12279.54,9901.2055,0.3987,0.4872,0.9,12.1094,9.3754,1.8263,1.4137,1.516,2.5094,2.5094,30891.84,30795.5052,25202.5634,246207.9648,245440.1764,,,4.731
000881,中广核技,化工原料,辽宁,19980902,000881.SZ,20111219,8.05,8.05,7.79,7.99,8.07,-0.08,-0.99,13457.28,10652.7735,0.437,0.534,1.05,12.1398,9.3989,1.8308,1.4173,1.5198,2.5031,2.5031,30891.84,30795.5052,25202.5634,246825.8016,246056.0865,,,4.731
000881,中广核技,化工原料,辽宁,19980902,000881.SZ,20111216,7.95,8.08,7.8,8.07,7.83,0.24,3.07,13157.75,10464.0647,0.4273,0.5221,1.13,12.2613,9.493,1.8492,1.4315,1.5351,2.4783,2.4783,30891.84,30795.5052,25202.5634,249297.1488,248519.727,,,4.731
000881,中广核技,化工原料,辽宁,19980902,000881.SZ,20111215,8.05,8.13,7.81,7.83,8.11,-0.28,-3.45,12046.14,9541.9256,0.3912,0.478,1.02,11.8967,9.2107,1.7942,1.3889,1.4894,2.5543,2.5543,30891.84,30795.5052,25202.5634,241883.1072,241128.8057,,,4.731
000881,中广核技,化工原料,辽宁,19980902,000881.SZ,20111214,8.31,8.33,8.08,8.11,8.3,-0.19,-2.29,12712.41,10427.211,0.4128,0.5044,1.17,12.3221,9.54,1.8583,1.4386,1.5427,2.4661,2.4661,30891.84,30795.5052,25202.5634,250532.8224,249751.5472,,,4.731
000881,中广核技,化工原料,辽宁,19980902,000881.SZ,20111213,8.67,8.68,8.25,8.3,8.69,-0.39,-4.49,16808.0,14087.3163,0.5458,0.6669,1.81,12.6108,9.7636,1.9019,1.4723,1.5788,2.4096,2.4096,30891.84,30795.5052,25202.5634,256402.272,255602.6932,9.14,7.48,4.731
000881,中广核技,化工原料,辽宁,19980902,000881.SZ,20111212,8.91,8.91,8.69,8.69,8.87,-0.18,-2.03,9068.43,7986.2653,0.2945,0.3598,0.89,13.2033,10.2223,1.9912,1.5414,1.653,2.3015,2.3015,30891.84,30795.5052,25202.5634,268450.0896,267612.9402,,,4.731
000881,中广核技,化工原料,辽宁,19980902,000881.SZ,20111209,8.96,9.04,8.87,8.87,9.0,-0.13,-1.44,7629.3,6823.1053,0.2477,0.3027,0.62,13.4768,10.4341,2.0325,1.5734,1.6872,2.2548,2.2548,30891.84,30795.5052,25202.5634,274010.6208,273156.1311,,,4.731
000881,中广核技,化工原料,辽宁,19980902,000881.SZ,20111208,8.92,9.11,8.89,9.0,8.92,0.08,0.9,13032.86,11732.4174,0.4232,0.5171,0.89,13.6744,10.587,2.0623,1.5964,1.712,2.2222,2.2222,30891.84,30795.5052,25202.5634,278026.56,277159.5468,,,4.731
000881,中广核技,化工原料,辽宁,19980902,000881.SZ,20111207,8.89,9.02,8.88,8.92,8.88,0.04,0.45,7946.24,7115.5952,0.258,0.3153,0.46,13.5528,10.4929,2.0439,1.5822,1.6967,2.2422,2.2422,30891.84,30795.5052,25202.5634,275555.2128,274695.9064,,,4.731
000881,中广核技,化工原料,辽宁,19980902,000881.SZ,20111206,8.93,8.95,8.82,8.88,8.86,0.02,0.23,8874.28,7875.5328,0.2882,0.3521,0.49,13.492,10.4458,2.0348,1.5751,1.6891,2.2523,2.2523,30891.84,30795.5052,25202.5634,274319.5392,273464.0862,,,4.731
000881,中广核技,化工原料,辽宁,19980902,000881.SZ,20111205,9.1,9.11,8.86,8.86,9.1,-0.24,-2.64,13313.9,11926.8667,0.4323,0.5283,0.76,13.4616,10.4223,2.0302,1.5716,1.6853,2.2573,2.2573,30891.84,30795.5052,25202.5634,273701.7024,272848.1761,,,4.731
000881,中广核技,化工原料,辽宁,19980902,000881.SZ,20111202,9.35,9.38,9.08,9.1,9.36,-0.26,-2.78,18739.92,17229.7371,0.6085,0.7436,1.19,13.8263,10.7046,2.0852,1.6142,1.731,2.1978,2.1978,30891.84,30795.5052,25202.5634,281115.744,280239.0973,,,4.731
000881,中广核技,化工原料,辽宁,19980902,000881.SZ,20111201,9.48,9.56,9.32,9.36,9.25,0.11,1.19,23998.27,22712.1361,0.7793,0.9522,1.78,14.2213,11.0105,2.1448,1.6603,1.7804,2.1368,2.1368,30891.84,30795.5052,25202.5634,289147.6224,288245.9287,,,4.731
000881,中广核技,化工原料,辽宁,19980902,000881.SZ,20111130,9.77,9.8,9.16,9.25,9.76,-0.51,-5.23,21874.68,20583.001,0.7103,0.868,1.95,14.0542,10.8811,2.1196,1.6408,1.7595,2.1622,2.1622,30891.84,30795.5052,25202.5634,285749.52,284858.4231,,,4.731
000881,中广核技,化工原料,辽宁,19980902,000881.SZ,20111129,9.69,9.77,9.62,9.76,9.61,0.15,1.56,12199.22,11833.3569,0.3961,0.484,0.98,14.8291,11.481,2.2364,1.7312,1.8565,2.0492,2.0492,30891.84,30795.5052,25202.5634,301504.3584,300564.1308,,,4.731
000881,中广核技,化工原料,辽宁,19980902,000881.SZ,20111128,9.61,9.68,9.55,9.61,9.59,0.02,0.21,10352.49,9951.6332,0.3362,0.4108,0.81,14.6012,11.3045,2.2021,1.7046,1.828,2.0812,2.0812,30891.84,30795.5052,25202.5634,296870.5824,295944.805,,,4.731
000881,中广核技,化工原料,辽宁,19980902,000881.SZ,20111125,9.65,9.69,9.55,9.59,9.65,-0.06,-0.62,10592.39,10181.2978,0.344,0.4203,0.63,14.5708,11.281,2.1975,1.7011,1.8242,2.0855,2.0855,30891.84,30795.5052,25202.5634,296252.7456,295328.8949,,,4.731
000881,中广核技,化工原料,辽宁,19980902,000881.SZ,20111124,9.65,9.77,9.55,9.65,9.71,-0.06,-0.62,12392.16,11954.2572,0.4024,0.4917,0.68,14.6619,11.3516,2.2112,1.7117,1.8356,2.0725,2.0725,30891.84,30795.5052,25202.5634,298106.256,297176.6252,,,4.731
000881,中广核技,化工原料,辽宁,19980902,000881.SZ,20111123,9.76,9.82,9.66,9.71,9.75,-0.04,-0.41,10686.29,10405.2634,0.347,0.424,0.5,14.7531,11.4222,2.225,1.7224,1.847,2.0597,2.0597,30891.84,30795.5052,25202.5634,299959.7664,299024.3555,,,4.731
000881,中广核技,化工原料,辽宁,19980902,000881.SZ,20111122,9.78,9.8,9.55,9.75,9.84,-0.09,-0.91,18394.68,17811.9523,0.5973,0.7299,0.85,14.8139,11.4692,2.2341,1.7295,1.8546,2.0513,2.0513,30891.84,30795.5052,25202.5634,301195.44,300256.1757,,,4.731
000881,中广核技,化工原料,辽宁,19980902,000881.SZ,20111121,9.78,9.89,9.73,9.84,9.77,0.07,0.72,11759.31,11542.3887,0.3819,0.4666,0.5,14.9506,11.5751,2.2548,1.7454,1.8717,2.0325,2.0325,30891.84,30795.5052,25202.5634,303975.7056,303027.7712,,,4.731
000881,中广核技,化工原料,辽宁,19980902,000881.SZ,20111118,10.05,10.1,9.69,9.77,10.14,-0.37,-3.65,31027.11,30723.4053,1.0075,1.2311,1.55,14.8443,11.4928,2.2387,1.733,1.8584,2.0471,2.0471,30891.84,30795.5052,25202.5634,301813.2768,300872.0858,,,4.731
000881,中广核技,化工原料,辽宁,19980902,000881.SZ,20111117,10.14,10.33,10.11,10.14,10.13,0.01,0.1,18775.3,19125.7775,0.6097,0.745,0.85,15.4064,11.928,2.3235,1.7986,1.9288,1.9724,1.9724,30891.84,30795.5052,25202.5634,313243.2576,312266.4227,,,4.731
000881,中广核技,化工原料,辽宁,19980902,000881.SZ,20111116,10.41,10.49,10.12,10.13,10.41,-0.28,-2.69,26784.18,27672.761,0.8697,1.0628,1.21,15.3912,11.9162,2.3212,1.7969,1.9269,1.9743,1.9743,30891.84,30795.5052,25202.5634,312934.3392,311958.4677,,,4.731
000881,中广核技,化工原料,辽宁,19980902,000881.SZ,20111115,10.38,10.42,10.32,10.41,10.4,0.01,0.1,19770.46,20515.7688,0.642,0.7845,0.89,15.8167,12.2456,2.3854,1.8465,1.9802,1.9212,1.9212,30891.84,30795.5052,25202.5634,321584.0544,320581.2091,,,4.731
000881,中广核技,化工原料,辽宁,19980902,000881.SZ,20111114,10.23,10.4,10.23,10.4,10.18,0.22,2.16,21244.76,21972.2324,0.6899,0.843,0.95,15.8015,12.2338,2.3831,1.8448,1.9783,1.9231,1.9231,30891.84,30795.5052,25202.5634,321275.136,320273.2541,,,4.731
000881,中广核技,化工原料,辽宁,19980902,000881.SZ,20111111,10.25,10.3,10.16,10.18,10.18,0.0,0.0,13219.19,13508.4675,0.4293,0.5245,0.53,15.4672,11.9751,2.3327,1.8057,1.9364,1.9646,1.9646,30891.84,30795.5052,25202.5634,314478.9312,313498.2429,,,4.731
000881,中广核技,化工原料,辽宁,19980902,000881.SZ,20111110,10.37,10.41,10.16,10.18,10.49,-0.31,-2.96,28936.01,29724.8249,0.9396,1.1481,1.06,15.4672,11.9751,2.3327,1.8057,1.9364,1.9646,1.9646,30891.84,30795.5052,25202.5634,314478.9312,313498.2429,,,4.731
000881,中广核技,化工原料,辽宁,19980902,000881.SZ,20111109,10.45,10.56,10.26,10.49,10.43,0.06,0.58,27073.85,28133.8189,0.8791,1.0742,0.98,15.9382,12.3397,2.4037,1.8607,1.9954,1.9066,1.9066,30891.84,30795.5052,25202.5634,324055.4016,323044.8495,,,4.731
000881,中广核技,化工原料,辽宁,19980902,000881.SZ,20111108,10.53,10.66,10.41,10.43,10.55,-0.12,-1.14,20976.29,22113.7194,0.6811,0.8323,0.77,15.8471,12.2691,2.39,1.8501,1.984,1.9175,1.9175,30891.84,30795.5052,25202.5634,322201.8912,321197.1192,,,4.731
000881,中广核技,化工原料,辽宁,19980902,000881.SZ,20111107,10.55,10.62,10.45,10.55,10.57,-0.02,-0.19,21810.0,22957.3326,0.7082,0.8654,0.79,16.0294,12.4103,2.4175,1.8714,2.0068,1.8957,1.8957,30891.84,30795.5052,25202.5634,325908.912,324892.5799,,,4.731
000881,中广核技,化工原料,辽宁,19980902,000881.SZ,20111104,10.58,10.63,10.45,10.57,10.53,0.04,0.38,25805.06,27188.6858,0.8379,1.0239,0.89,16.0598,12.4338,2.422,1.8749,2.0106,1.8921,1.8921,30891.84,30795.5052,25202.5634,326526.7488,325508.49,,,4.731
000881,中广核技,化工原料,辽宁,19980902,000881.SZ,20111103,10.58,10.76,10.43,10.53,10.54,-0.01,-0.09,41239.29,43890.2753,1.3391,1.6363,1.65,15.999,12.3868,2.4129,1.8678,2.003,1.8993,1.8993,30891.84,30795.5052,25202.5634,325291.0752,324276.6698,,,4.731
000881,中广核技,化工原料,辽宁,19980902,000881.SZ,20111102,10.25,10.55,10.16,10.54,10.43,0.11,1.05,27963.82,28985.3436,0.908,1.1096,1.08,16.0142,12.3985,2.4152,1.8696,2.0049,1.8975,1.8975,30891.84,30795.5052,25202.5634,325599.9936,324584.6248,,,4.731
000881,中广核技,化工原料,辽宁,19980902,000881.SZ,20111101,10.4,10.53,10.34,10.43,10.46,-0.03,-0.29,19024.14,19882.875,0.6178,0.7548,0.72,15.8471,12.2691,2.39,1.8501,1.984,1.9175,1.9175,30891.84,30795.5052,25202.5634,322201.8912,321197.1192,,,4.731
000881,中广核技,化工原料,辽宁,19980902,000881.SZ,20111031,10.48,10.48,10.35,10.46,10.52,-0.06,-0.57,23290.95,24251.4975,0.7563,0.9242,0.88,15.8926,12.3044,2.3968,1.8554,1.9897,1.912,1.912,30891.84,30795.5052,25202.5634,323128.6464,322120.9844,,,4.731
000881,中广核技,化工原料,辽宁,19980902,000881.SZ,20111028,10.48,10.57,10.42,10.52,10.32,0.2,1.94,33763.16,35445.3958,1.0964,1.3397,1.47,15.9838,12.375,2.4106,1.866,2.0011,1.9011,1.9011,30891.84,30795.5052,25202.5634,324982.1568,323968.7147,,,4.731
000881,中广核技,化工原料,辽宁,19980902,000881.SZ,20111027,10.42,10.46,10.3,10.32,10.36,-0.04,-0.39,20918.69,21687.0566,0.6793,0.83,0.9,15.6799,12.1397,2.3647,1.8306,1.9631,1.938,1.938,30891.84,30795.5052,25202.5634,318803.7888,317809.6137,,,4.731
000881,中广核技,化工原料,辽宁,19980902,000881.SZ,20111026,10.21,10.48,10.2,10.36,10.26,0.1,0.97,32361.13,33589.7915,1.0508,1.284,1.5,15.7407,12.1868,2.3739,1.8377,1.9707,1.9305,1.9305,30891.84,30795.5052,25202.5634,320039.4624,319041.4339,,,4.731
000881,中广核技,化工原料,辽宁,19980902,000881.SZ,20111025,10.03,10.31,9.96,10.26,10.03,0.23,2.29,22639.65,23057.71,0.7352,0.8983,0.98,15.5888,12.0692,2.351,1.8199,1.9516,1.9493,1.9493,30891.84,30795.5052,25202.5634,316950.2784,315961.8834,,,4.731
000881,中广核技,化工原料,辽宁,19980902,000881.SZ,20111024,9.83,10.04,9.62,10.03,9.83,0.2,2.03,22753.61,22417.2916,0.7389,0.9028,1.09,15.2393,11.7986,2.2983,1.7791,1.9079,1.994,1.994,30891.84,30795.5052,25202.5634,309845.1552,308878.9172,,,4.731
000881,中广核技,化工原料,辽宁,19980902,000881.SZ,20111021,10.02,10.08,9.83,9.83,9.86,-0.03,-0.3,16274.55,16234.6242,0.5285,0.6457,0.82,14.9354,11.5633,2.2525,1.7436,1.8698,2.0346,2.0346,30891.84,30795.5052,25202.5634,303666.7872,302719.8161,,,4.731
000881,中广核技,化工原料,辽宁,19980902,000881.SZ,20111020,10.25,10.27,9.81,9.86,10.29,-0.43,-4.18,22766.22,22805.2232,0.7393,0.9033,1.19,14.981,13.5228,2.271,1.749,1.8523,2.0284,2.0284,30891.84,30795.5052,25202.5634,304593.5424,303643.6813,,,4.731
000881,中广核技,化工原料,辽宁,19980902,000881.SZ,20111019,10.15,10.34,10.08,10.29,10.15,0.14,1.38,23177.1,23739.7587,0.7526,0.9196,1.23,15.6343,14.1125,2.37,1.8252,1.933,1.9436,1.9436,30891.84,30795.5052,25202.5634,317877.0336,316885.7485,,,4.731
000881,中广核技,化工原料,辽宁,19980902,000881.SZ,20111018,10.15,10.38,10.08,10.15,10.16,-0.01,-0.1,30542.87,31278.2192,0.9918,1.2119,1.83,15.4216,13.9205,2.3378,1.8004,1.9067,1.9704,1.9704,30891.84,30795.5052,25202.5634,313552.176,312574.3778,,,4.731
000881,中广核技,化工原料,辽宁,19980902,000881.SZ,20111017,10.16,10.36,10.13,10.16,10.16,0.0,0.0,11765.61,12020.3803,0.3821,0.4668,0.68,15.4368,13.9342,2.3401,1.8022,1.9086,1.9685,1.9685,30891.84,30795.5052,25202.5634,313861.0944,312882.3328,,,4.731
000881,中广核技,化工原料,辽宁,19980902,000881.SZ,20111014,10.2,10.23,10.11,10.16,10.2,-0.04,-0.39,11536.01,11725.9325,0.3746,0.4577,0.66,15.4368,13.9342,2.3401,1.8022,1.9086,1.9685,1.9685,30891.84,30795.5052,25202.5634,313861.0944,312882.3328,,,4.731
000881,中广核技,化工原料,辽宁,19980902,000881.SZ,20111013,9.99,10.3,9.99,10.2,10.16,0.04,0.39,18927.52,19303.8463,0.6146,0.751,1.1,15.4976,13.9891,2.3493,1.8093,1.9161,1.9608,1.9608,30891.84,30795.5052,25202.5634,315096.768,314114.153,,,4.731
000881,中广核技,化工原料,辽宁,19980902,000881.SZ,20111012,9.88,10.18,9.7,10.16,9.84,0.32,3.25,21493.38,21592.7381,0.6979,0.8528,1.42,15.4368,13.9342,2.3401,1.8022,1.9086,1.9685,1.9685,30891.84,30795.5052,25202.5634,313861.0944,312882.3328,,,4.731
000881,中广核技,化工原料,辽宁,19980902,000881.SZ,20111011,9.99,10.1,9.72,9.84,9.71,0.13,1.34,19885.97,19744.8654,0.6457,0.789,1.49,14.9506,13.4954,2.2664,1.7454,1.8485,2.0325,2.0325,30891.84,30795.5052,25202.5634,303975.7056,303027.7712,,,4.731
000881,中广核技,化工原料,辽宁,19980902,000881.SZ,20111010,9.7,9.78,9.6,9.71,9.67,0.04,0.41,14569.61,14155.0168,0.4731,0.5781,1.1,14.7531,13.3171,2.2365,1.7224,1.8241,2.0597,2.0597,30891.84,30795.5052,25202.5634,299959.7664,299024.3555,,,4.731
000881,中广核技,化工原料,辽宁,19980902,000881.SZ,20110930,9.69,9.79,9.52,9.67,9.69,-0.02,-0.21,13156.09,12687.0437,0.4272,0.522,0.97,14.6923,13.2622,2.2272,1.7153,1.8166,2.0683,2.0683,30891.84,30795.5052,25202.5634,298724.0928,297792.5353,,,4.731
000881,中广核技,化工原料,辽宁,19980902,000881.SZ,20110929,9.99,10.0,9.69,9.69,10.05,-0.36,-3.58,16989.21,16771.4834,0.5517,0.6741,1.21,14.7227,13.2896,2.2318,1.7188,1.8203,2.064,2.064,30891.84,30795.5052,25202.5634,299341.9296,298408.4454,,,4.731
000881,中广核技,化工原料,辽宁,19980902,000881.SZ,20110928,10.19,10.28,10.03,10.05,10.14,-0.09,-0.89,11190.97,11362.1444,0.3634,0.444,0.7,15.2697,13.7834,2.3148,1.7827,1.888,1.99,1.99,30891.84,30795.5052,25202.5634,310462.992,309494.8273,,,4.676
000881,中广核技,化工原料,辽宁,19980902,000881.SZ,20110927,10.13,10.25,10.02,10.14,10.07,0.07,0.7,10870.57,11031.499,0.353,0.4313,0.67,15.4064,13.9068,2.3355,1.7986,1.9049,1.9724,1.9724,30891.84,30795.5052,25202.5634,313243.2576,312266.4227,,,4.676
000881,中广核技,化工原料,辽宁,19980902,000881.SZ,20110926,10.22,10.29,10.0,10.07,10.23,-0.16,-1.56,13828.73,14051.9439,0.4491,0.5487,0.86,15.3001,13.8108,2.3194,1.7862,1.8917,1.9861,1.9861,30891.84,30795.5052,25202.5634,311080.8288,310110.7374,,,4.676
000881,中广核技,化工原料,辽宁,19980902,000881.SZ,20110923,10.11,10.3,10.0,10.23,10.32,-0.09,-0.87,14944.97,15207.8114,0.4853,0.593,0.99,15.5432,14.0302,2.3562,1.8146,1.9218,1.955,1.955,30891.84,30795.5052,25202.5634,316023.5232,315038.0182,,,4.676
000881,中广核技,化工原料,辽宁,19980902,000881.SZ,20110922,10.63,10.71,10.32,10.32,10.7,-0.38,-3.55,19314.81,20299.055,0.6272,0.7664,1.36,15.6799,14.1537,2.377,1.8306,1.9387,1.938,1.938,30891.84,30795.5052,25202.5634,318803.7888,317809.6137,,,4.676
000881,中广核技,化工原料,辽宁,19980902,000881.SZ,20110921,10.39,10.7,10.3,10.7,10.39,0.31,2.98,21110.89,22247.3487,0.6855,0.8376,1.57,16.2573,14.6748,2.4645,1.898,2.0101,1.8692,1.8692,30891.84,30795.5052,25202.5634,330542.688,329511.9056,,,4.676
000881,中广核技,化工原料,辽宁,19980902,000881.SZ,20110920,10.31,10.48,10.27,10.39,10.37,0.02,0.19,11757.79,12173.6307,0.3818,0.4665,0.85,15.7863,14.2497,2.3931,1.843,1.9518,1.9249,1.9249,30891.84,30795.5052,25202.5634,320966.2176,319965.299,,,4.676
000881,中广核技,化工原料,辽宁,19980902,000881.SZ,20110919,10.68,10.68,10.35,10.37,10.68,-0.31,-2.9,12875.29,13430.5314,0.4181,0.5109,0.96,15.7559,14.2222,2.3885,1.8394,1.9481,1.9286,1.9286,30891.84,30795.5052,25202.5634,320348.3808,319349.3889,,,4.676
000881,中广核技,化工原料,辽宁,19980902,000881.SZ,20110916,10.76,10.86,10.67,10.68,10.75,-0.07,-0.65,10762.92,11599.7652,0.3495,0.4271,0.79,16.2269,14.6474,2.4599,1.8944,2.0063,1.8727,1.8727,30891.84,30795.5052,25202.5634,329924.8512,328895.9955,,,4.676
000881,中广核技,化工原料,辽宁,19980902,000881.SZ,20110915,10.81,10.86,10.7,10.75,10.81,-0.06,-0.56,14249.69,15378.235,0.4627,0.5654,1.01,16.3333,14.7434,2.476,1.9068,2.0195,1.8605,1.8605,30891.84,30795.5052,25202.5634,332087.28,331051.6809,,,4.676
000881,中广核技,化工原料,辽宁,19980902,000881.SZ,20110914,10.62,10.83,10.6,10.81,10.69,0.12,1.12,17454.69,18732.1736,0.5721,0.7006,1.32,16.4244,14.8257,2.4898,1.9175,2.0307,1.8501,1.8501,30891.84,30507.5052,24914.5634,333940.7904,329786.1312,,,4.676
000881,中广核技,化工原料,辽宁,19980902,000881.SZ,20110913,10.43,10.75,10.33,10.69,10.57,0.12,1.14,13952.65,14677.5926,0.4574,0.56,1.0,16.2421,14.6611,2.4622,1.8962,2.0082,1.8709,1.8709,30891.84,30507.5052,24914.5634,330233.7696,326125.2306,,,4.676
000881,中广核技,化工原料,辽宁,19980902,000881.SZ,20110909,10.68,10.77,10.51,10.57,10.63,-0.06,-0.56,10385.35,11038.5383,0.3404,0.4168,0.63,16.0598,14.4965,2.4345,1.8749,1.9856,1.8921,1.8921,30891.84,30507.5052,24914.5634,326526.7488,322464.33,,,4.676
000881,中广核技,化工原料,辽宁,19980902,000881.SZ,20110908,10.75,10.78,10.63,10.63,10.74,-0.11,-1.02,12002.1,12844.4092,0.3934,0.4817,0.65,16.1509,14.5788,2.4484,1.8855,1.9969,1.8815,1.8815,30891.84,30507.5052,24914.5634,328380.2592,324294.7803,,,4.676
000881,中广核技,化工原料,辽宁,19980902,000881.SZ,20110907,10.66,10.77,10.52,10.74,10.49,0.25,2.38,16649.29,17744.3342,0.5457,0.6683,0.84,16.3181,14.7297,2.4737,1.9051,2.0176,1.8622,1.8622,30891.84,30507.5052,24914.5634,331778.3616,327650.6058,,,4.676
000881,中广核技,化工原料,辽宁,19980902,000881.SZ,20110906,10.38,10.54,10.38,10.49,10.47,0.02,0.19,12895.83,13523.9449,0.4227,0.5176,0.54,15.9382,14.3868,2.4161,1.8607,1.9706,1.9066,1.9066,30891.84,30507.5052,24914.5634,324055.4016,320023.7295,,,4.676
000881,中广核技,化工原料,辽宁,19980902,000881.SZ,20110905,10.59,10.63,10.47,10.47,10.69,-0.22,-2.06,17736.95,18668.2696,0.5814,0.7119,0.66,15.9078,14.3594,2.4115,1.8572,1.9669,1.9102,1.9102,30891.84,30507.5052,24914.5634,323437.5648,319413.5794,,,4.676
000881,中广核技,化工原料,辽宁,19980902,000881.SZ,20110902,10.88,10.99,10.63,10.69,10.94,-0.25,-2.29,23321.02,25066.8766,0.7644,0.936,0.72,16.2421,14.6611,2.4622,1.8962,2.0082,1.8709,1.8709,30891.84,30507.5052,24914.5634,330233.7696,326125.2306,,,4.676
000881,中广核技,化工原料,辽宁,19980902,000881.SZ,20110901,11.01,11.15,10.85,10.94,10.97,-0.03,-0.27,21069.16,23158.1797,0.6906,0.8457,0.51,16.6219,15.004,2.5198,1.9405,2.0551,1.8282,1.8282,30891.84,30507.5052,24914.5634,337956.7296,333752.1069,,,4.676
000881,中广核技,化工原料,辽宁,19980902,000881.SZ,20110831,11.03,11.15,10.88,10.97,11.01,-0.04,-0.36,24567.91,27049.0605,0.8053,0.9861,0.44,16.6675,15.0451,2.5267,1.9459,2.0608,1.8232,1.8232,30891.84,30507.5052,24914.5634,338883.4848,334667.332,,,4.676
000881,中广核技,化工原料,辽宁,19980902,000881.SZ,20110830,11.32,11.43,11.0,11.01,11.25,-0.24,-2.13,33279.81,37329.2156,1.0909,1.3358,0.45,16.7283,15.1,2.5359,1.953,2.0683,1.8165,1.8165,30891.84,30507.5052,24914.5634,340119.1584,335887.6323,,,4.676
000881,中广核技,化工原料,辽宁,19980902,000881.SZ,20110829,11.58,11.58,11.25,11.25,11.58,-0.33,-2.85,32529.91,36999.4111,1.0663,1.3057,0.34,17.0929,15.4291,2.5912,1.9955,2.1134,1.7778,1.7778,30891.84,30507.5052,24914.5634,347533.2,343209.4335,,,4.676
000881,中广核技,化工原料,辽宁,19980902,000881.SZ,20110826,11.52,11.75,11.5,11.58,11.52,0.06,0.52,50288.1,58374.3932,1.6484,2.0184,0.48,17.5943,15.8817,2.6672,2.0541,2.1754,1.7271,1.7271,30891.84,30507.5052,24914.5634,357727.5072,353276.9102,,,4.676
000881,中广核技,化工原料,辽宁,19980902,000881.SZ,20110825,11.38,11.67,11.29,11.52,11.5,0.02,0.17,65876.26,75248.4168,2.1593,2.6441,0.61,17.5032,15.7994,2.6533,2.0434,2.1641,1.7361,1.7361,30891.84,30507.5052,24914.5634,355873.9968,351446.4599,,,4.676
000881,中广核技,化工原料,辽宁,19980902,000881.SZ,20110824,11.65,11.84,11.31,11.5,11.67,-0.17,-1.46,95934.06,110571.878,3.1446,3.8505,1.01,17.4728,15.772,2.6487,2.0399,2.1603,1.7391,1.7391,30891.84,30507.5052,24914.5634,355256.16,350836.3098,,,4.676
000881,中广核技,化工原料,辽宁,19980902,000881.SZ,20110823,11.76,12.02,11.41,11.67,11.77,-0.1,-0.85,126522.42,147811.258,4.1473,5.0783,1.64,17.7311,16.0052,2.6879,2.07,2.1923,1.7138,1.7138,30891.84,30507.5052,24914.5634,360507.7728,356022.5857,,,4.676
000881,中广核技,化工原料,辽宁,19980902,000881.SZ,20110822,11.15,11.88,11.0,11.77,11.3,0.47,4.16,133872.47,153825.8942,4.3882,5.3733,2.4,17.883,16.1423,2.7109,2.0878,2.2111,1.6992,1.6992,30891.84,30507.5052,24914.5634,363596.9568,359073.3362,,,4.676
000881,中广核技,化工原料,辽宁,19980902,000881.SZ,20110819,10.94,11.44,10.85,11.3,11.14,0.16,1.44,96805.32,107494.6208,3.1732,3.8855,2.26,17.1689,15.4977,2.6027,2.0044,2.1228,1.7699,1.7699,30891.84,30507.5052,24914.5634,349077.792,344734.8088,,,4.676
000881,中广核技,化工原料,辽宁,19980902,000881.SZ,20110818,10.66,11.26,10.55,11.14,10.72,0.42,3.92,89478.33,97856.3481,2.933,3.5914,2.84,16.9258,15.2783,2.5658,1.976,2.0927,1.7953,1.7953,30891.84,30507.5052,24914.5634,344135.0976,339853.6079,,,4.676
000881,中广核技,化工原料,辽宁,19980902,000881.SZ,20110817,10.7,10.84,10.61,10.72,10.74,-0.02,-0.19,26578.64,28507.8763,0.8712,1.0668,0.78,16.2877,14.7023,2.4691,1.9015,2.0138,1.8657,1.8657,30891.84,30507.5052,24914.5634,331160.5248,327040.4557,,,4.676
000881,中广核技,化工原料,辽宁,19980902,000881.SZ,20110816,10.9,11.16,10.65,10.74,10.89,-0.15,-1.38,40026.96,43472.2658,1.312,1.6066,1.13,16.3181,14.7297,2.4737,1.9051,2.0176,1.8622,1.8622,30891.84,30507.5052,24914.5634,331778.3616,327650.6058,,,4.676
000881,中广核技,化工原料,辽宁,19980902,000881.SZ,20110815,10.86,10.92,10.71,10.89,10.79,0.1,0.93,25686.62,27863.5534,0.842,1.031,0.61,16.546,14.9354,2.5082,1.9317,2.0458,1.8365,1.8365,30891.84,30507.5052,24914.5634,336412.1376,332226.7316,,,4.676
000881,中广核技,化工原料,辽宁,19980902,000881.SZ,20110812,10.73,10.86,10.7,10.79,10.69,0.1,0.94,32043.62,34563.3384,1.0504,1.2861,0.75,16.394,14.7983,2.4852,1.9139,2.027,1.8536,1.8536,30891.84,30507.5052,24914.5634,333322.9536,329175.9811,,,4.676
000881,中广核技,化工原料,辽宁,19980902,000881.SZ,20110811,10.22,10.73,10.2,10.69,10.54,0.15,1.42,33353.4,35071.9112,1.0933,1.3387,0.8,16.2421,14.6611,2.4622,1.8962,2.0082,1.8709,1.8709,30891.84,30507.5052,24914.5634,330233.7696,326125.2306,,,4.676
000881,中广核技,化工原料,辽宁,19980902,000881.SZ,20110810,10.55,10.68,10.48,10.54,10.38,0.16,1.54,38366.45,40626.8562,1.2576,1.5399,0.99,16.0142,14.4554,2.4276,1.8696,1.98,1.8975,1.8975,30891.84,30507.5052,24914.5634,325599.9936,321549.1048,,,4.676
000881,中广核技,化工原料,辽宁,19980902,000881.SZ,20110809,10.19,10.49,9.87,10.38,10.35,0.03,0.29,47187.17,48052.1467,1.5467,1.894,1.29,15.7711,14.236,2.3908,1.8412,1.9499,1.9268,1.9268,30891.84,30507.5052,24914.5634,320657.2992,316667.904,,,4.676
000881,中广核技,化工原料,辽宁,19980902,000881.SZ,20110808,10.98,11.12,10.15,10.35,11.22,-0.87,-7.75,57940.62,61529.6253,1.8992,2.3256,1.83,15.7255,14.1948,2.3839,1.8359,1.9443,1.9324,1.9324,30891.84,30507.5052,24914.5634,319730.544,315752.6788,,,4.676
000881,中广核技,化工原料,辽宁,19980902,000881.SZ,20110805,11.2,11.35,11.06,11.22,11.57,-0.35,-3.03,36457.7,40963.8501,1.195,1.4633,0.97,17.0474,15.388,2.5842,1.9902,2.1077,1.7825,1.7825,30891.84,30507.5052,24914.5634,346606.4448,342294.2083,,,4.676
000881,中广核技,化工原料,辽宁,19980902,000881.SZ,20110804,11.36,11.6,11.31,11.57,11.37,0.2,1.76,29167.58,33589.4228,0.9561,1.1707,0.72,17.5791,15.868,2.6649,2.0523,2.1735,1.7286,1.7286,30891.84,30507.5052,24914.5634,357418.5888,352971.8352,,,4.676
000881,中广核技,化工原料,辽宁,19980902,000881.SZ,20110803,11.26,11.45,11.18,11.37,11.41,-0.04,-0.35,22698.98,25803.0929,0.744,0.9111,0.52,17.2753,15.5937,2.6188,2.0168,2.1359,1.759,1.759,30891.84,30507.5052,24914.5634,351240.2208,346870.3341,,,4.676
000881,中广核技,化工原料,辽宁,19980902,000881.SZ,20110802,11.55,11.6,11.28,11.41,11.56,-0.15,-1.3,36775.52,41794.9046,1.2055,1.4761,0.83,17.336,15.6486,2.628,2.0239,2.1434,1.7528,1.7528,30891.84,30507.5052,24914.5634,352475.8944,348090.6343,,,4.676
000881,中广核技,化工原料,辽宁,19980902,000881.SZ,20110801,11.6,11.73,11.33,11.56,11.69,-0.13,-1.11,33213.47,38412.4176,1.0887,1.3331,0.6,17.5639,15.8543,2.6626,2.0505,2.1716,1.7301,1.7301,30891.84,30507.5052,24914.5634,357109.6704,352666.7601,,,4.676
000881,中广核技,化工原料,辽宁,19980902,000881.SZ,20110729,12.12,12.12,11.69,11.69,12.15,-0.46,-3.79,66507.64,78981.1235,2.18,2.6694,1.3,17.7615,16.0326,2.6925,2.0736,2.196,1.7109,1.7109,30891.84,30507.5052,24914.5634,361125.6096,356632.7358,,,4.676
000881,中广核技,化工原料,辽宁,19980902,000881.SZ,20110728,12.11,12.36,11.98,12.15,12.27,-0.12,-0.98,43241.15,52632.1228,1.4174,1.7356,0.83,18.4604,17.7949,2.7673,2.1552,2.0984,1.6461,1.6461,30891.84,30507.5052,24914.5634,375335.856,370666.1882,,,4.676
000881,中广核技,化工原料,辽宁,19980902,000881.SZ,20110727,12.0,12.28,11.86,12.27,12.0,0.27,2.25,39224.21,47426.5583,1.2857,1.5743,0.75,18.6427,17.9706,2.7946,2.1765,2.1191,1.63,1.63,30891.84,30507.5052,24914.5634,379042.8768,374327.0888,,,4.676
000881,中广核技,化工原料,辽宁,19980902,000881.SZ,20110726,11.66,12.04,11.66,12.0,11.82,0.18,1.52,40011.29,47392.024,1.3115,1.6059,0.74,18.2325,17.5752,2.7331,2.1286,2.0725,1.6667,1.6667,30891.84,30507.5052,24914.5634,370702.08,366090.0624,,,4.676
000881,中广核技,化工原料,辽宁,19980902,000881.SZ,20110725,12.23,12.56,11.72,11.82,12.28,-0.46,-3.75,86018.6,104765.3181,2.8196,3.4525,1.71,17.959,17.3116,2.6921,2.0966,2.0414,1.692,1.692,30891.84,30507.5052,24914.5634,365141.5488,360598.7115,,,4.676
000881,中广核技,化工原料,辽宁,19980902,000881.SZ,20110722,12.25,12.4,12.2,12.28,12.16,0.12,0.99,46507.9,57218.9378,1.5245,1.8667,0.68,18.6579,17.9853,2.7969,2.1782,2.1208,1.6287,1.6287,30891.84,30507.5052,24914.5634,379351.7952,374632.1639,,,4.676
000881,中广核技,化工原料,辽宁,19980902,000881.SZ,20110721,12.6,12.62,12.09,12.16,12.63,-0.47,-3.72,47332.34,58571.2462,1.5515,1.8998,0.54,18.4756,17.8095,2.7695,2.1569,2.1001,1.6447,1.6447,30891.84,30507.5052,24914.5634,375644.7744,370971.2632,,,4.676
000881,中广核技,化工原料,辽宁,19980902,000881.SZ,20110720,12.62,12.74,12.38,12.63,12.62,0.01,0.08,41772.25,52504.0267,1.3692,1.6766,0.48,19.1897,18.4979,2.8766,2.2403,2.1813,1.5835,1.5835,30891.84,30507.5052,24914.5634,390163.9392,385309.7907,,,4.676
000881,中广核技,化工原料,辽宁,19980902,000881.SZ,20110719,12.74,12.75,12.46,12.62,12.81,-0.19,-1.48,48189.35,60733.8663,1.5796,1.9342,0.54,19.1745,18.4832,2.8743,2.2385,2.1796,1.5848,1.5848,30891.84,30507.5052,24914.5634,389855.0208,385004.7156,,,4.676
000881,中广核技,化工原料,辽宁,19980902,000881.SZ,20110718,12.73,12.89,12.61,12.81,12.7,0.11,0.87,67774.18,86380.9646,2.2216,2.7203,0.78,19.4632,18.7615,2.9176,2.2722,2.2124,1.5613,1.5613,30891.84,30507.5052,24914.5634,395724.4704,390801.1416,,,4.676
000881,中广核技,化工原料,辽宁,19980902,000881.SZ,20110715,12.15,12.84,12.02,12.7,12.3,0.4,3.25,135268.4,169706.0235,4.4339,5.4293,2.0,19.296,18.6004,2.8925,2.2527,2.1934,1.5748,1.5748,30891.84,30507.5052,24914.5634,392326.368,387445.316,,,4.676
000881,中广核技,化工原料,辽宁,19980902,000881.SZ,20110714,12.5,12.96,12.16,12.3,12.3,0.0,0.0,148183.28,185546.328,4.8573,5.9477,3.15,18.6883,18.0146,2.8014,2.1818,2.1243,1.626,1.626,30891.84,30507.5052,24914.5634,379969.632,375242.314,,,4.676
000881,中广核技,化工原料,辽宁,19980902,000881.SZ,20110713,12.24,12.42,12.24,12.3,12.24,0.06,0.49,38850.49,47919.415,1.2735,1.5593,0.81,18.6883,18.0146,2.8014,2.1818,2.1243,1.626,3.252,30891.84,30507.5052,24914.5634,379969.632,375242.314,,,4.676
000881,中广核技,化工原料,辽宁,19980902,000881.SZ,20110712,12.29,12.46,12.15,12.24,12.31,-0.07,-0.57,59582.91,73274.902,1.9531,2.3915,1.3,18.5971,17.9267,2.7878,2.1711,2.1139,1.634,3.268,30891.84,30507.5052,24914.5634,378116.1216,373411.8636,,,4.676
000881,中广核技,化工原料,辽宁,19980902,000881.SZ,20110711,11.98,12.58,11.93,12.51,11.98,0.53,4.42,54781.59,67504.5123,1.7957,2.1988,1.27,19.0074,18.3221,2.8493,2.219,2.1606,1.5987,1.5987,30891.84,30507.5052,24914.5634,386456.9184,381648.8901,,,4.676
000881,中广核技,化工原料,辽宁,19980902,000881.SZ,20110708,12.12,12.13,11.88,11.98,12.13,-0.15,-1.24,37392.41,44765.449,1.2257,1.5008,0.81,18.2021,17.5459,2.7286,2.125,2.069,1.6694,1.6694,30891.84,30507.5052,24914.5634,370084.2432,365479.9123,,,4.676
000881,中广核技,化工原料,辽宁,19980902,000881.SZ,20110707,12.13,12.36,12.11,12.13,12.18,-0.05,-0.41,44338.33,54082.88,1.4534,1.7796,0.88,18.43,17.7656,2.7627,2.1516,2.0949,1.6488,1.6488,30891.84,30507.5052,24914.5634,374718.0192,370056.0381,,,4.676
000881,中广核技,化工原料,辽宁,19980902,000881.SZ,20110706,12.2,12.24,12.0,12.18,12.24,-0.06,-0.49,43122.88,52149.4617,1.4135,1.7308,0.87,18.506,17.8388,2.7741,2.1605,2.1036,1.642,1.642,30891.84,30507.5052,24914.5634,376262.6112,371581.4133,,,4.676
000881,中广核技,化工原料,辽宁,19980902,000881.SZ,20110705,12.16,12.3,12.07,12.24,12.03,0.21,1.75,49838.0,60929.1508,1.6336,2.0004,1.04,18.5971,17.9267,2.7878,2.1711,2.1139,1.634,1.634,30891.84,30507.5052,24914.5634,378116.1216,373411.8636,,,4.676
000881,中广核技,化工原料,辽宁,19980902,000881.SZ,20110704,11.98,12.06,11.88,12.03,11.88,0.15,1.26,41043.23,49197.0139,1.3453,1.6474,0.75,18.2781,17.6191,2.7399,2.1339,2.0777,1.6625,1.6625,30891.84,30507.5052,24914.5634,371628.8352,367005.2876,,,4.676
000881,中广核技,化工原料,辽宁,19980902,000881.SZ,20110701,11.9,12.14,11.84,11.88,11.8,0.08,0.68,51120.34,61237.8334,1.6757,2.0518,0.93,18.0501,17.3994,2.7058,2.1073,2.0517,1.6835,1.6835,30891.84,30507.5052,24914.5634,366995.0592,362429.1618,,,4.676
000881,中广核技,化工原料,辽宁,19980902,000881.SZ,20110630,11.59,11.9,11.58,11.8,11.51,0.29,2.52,65781.04,77667.9084,2.1562,2.6403,1.28,17.9286,17.2823,2.6876,2.0931,2.0379,1.6949,1.6949,30891.84,30507.5052,24914.5634,364523.712,359988.5614,,,4.676
000881,中广核技,化工原料,辽宁,19980902,000881.SZ,20110629,11.66,11.76,11.48,11.51,11.57,-0.06,-0.52,41306.33,48096.375,1.354,1.6579,0.83,17.488,16.8575,2.6215,2.0416,1.9878,1.7376,1.7376,30891.84,30507.5052,24914.5634,355565.0784,351141.3849,,,4.676
000881,中广核技,化工原料,辽宁,19980902,000881.SZ,20110628,11.56,11.66,11.4,11.57,11.55,0.02,0.17,39574.5,45677.4826,1.2972,1.5884,0.81,17.5791,16.9454,2.6352,2.0523,1.9982,1.7286,1.7286,30891.84,30507.5052,24914.5634,357418.5888,352971.8352,,,4.676
000881,中广核技,化工原料,辽宁,19980902,000881.SZ,20110627,11.35,11.77,11.31,11.55,11.11,0.44,3.96,76039.57,88008.9166,2.4925,3.052,1.81,17.5488,16.9161,2.6306,2.0487,1.9948,1.7316,1.7316,30891.84,30507.5052,24914.5634,356800.752,352361.6851,,,4.676
000881,中广核技,化工原料,辽宁,19980902,000881.SZ,20110624,10.73,11.24,10.73,11.11,10.85,0.26,2.4,50969.65,56322.5392,1.6707,2.0458,1.23,16.8802,16.2717,2.5304,1.9707,1.9188,1.8002,1.8002,30891.84,30507.5052,24914.5634,343208.3424,338938.3828,,,4.676
000881,中广核技,化工原料,辽宁,19980902,000881.SZ,20110623,10.68,10.93,10.51,10.85,10.66,0.19,1.78,48791.4,52403.6802,1.5993,1.9583,1.28,16.4852,15.8909,2.4712,1.9246,1.8739,1.8433,1.8433,30891.84,30507.5052,24914.5634,335176.464,331006.4314,,,4.676
000881,中广核技,化工原料,辽宁,19980902,000881.SZ,20110622,10.7,10.77,10.49,10.66,10.7,-0.04,-0.37,34701.42,36845.867,1.1375,1.3928,0.93,16.1965,15.6126,2.4279,1.8909,1.841,1.8762,1.8762,30891.84,30507.5052,24914.5634,329307.0144,325210.0054,,,4.676
000881,中广核技,化工原料,辽宁,19980902,000881.SZ,20110621,10.6,10.74,10.52,10.7,10.63,0.07,0.66,34530.1,36773.0572,1.1319,1.3859,0.98,16.2573,15.6712,2.437,1.898,1.848,1.8692,1.8692,30891.84,30507.5052,24914.5634,330542.688,326430.3056,,,4.676
000881,中广核技,化工原料,辽宁,19980902,000881.SZ,20110620,10.91,10.91,10.49,10.63,10.91,-0.28,-2.57,40800.62,43565.7604,1.3374,1.6376,1.29,16.1509,15.5687,2.4211,1.8855,1.8359,1.8815,1.8815,30891.84,30507.5052,24914.5634,328380.2592,324294.7803,,,4.676
000881,中广核技,化工原料,辽宁,19980902,000881.SZ,20110617,11.18,11.33,10.88,10.91,11.28,-0.37,-3.28,48579.03,53839.7016,1.5924,1.9498,1.55,16.5764,15.9788,2.4848,1.9352,1.8842,1.8332,1.8332,30891.84,30507.5052,24914.5634,337029.9744,332836.8817,,,4.676
000881,中广核技,化工原料,辽宁,19980902,000881.SZ,20110616,11.48,11.61,11.18,11.28,11.62,-0.34,-2.93,31842.5,36245.9811,1.0438,1.2781,0.93,17.1385,16.5207,2.5691,2.0008,1.9481,1.773,1.773,30891.84,30507.5052,24914.5634,348459.9552,344124.6587,,,4.676
000881,中广核技,化工原料,辽宁,19980902,000881.SZ,20110615,11.68,11.9,11.6,11.62,11.68,-0.06,-0.51,30495.69,35877.3684,0.9996,1.224,0.83,17.6551,17.0186,2.6466,2.0612,2.0068,1.7212,1.7212,30891.84,30507.5052,24914.5634,358963.1808,354497.2104,,,4.676
000881,中广核技,化工原料,辽宁,19980902,000881.SZ,20110614,11.35,11.76,11.33,11.68,11.43,0.25,2.19,25271.36,29426.6535,0.8284,1.0143,0.67,17.7463,17.1065,2.6602,2.0718,2.0172,1.7123,1.7123,30891.84,30507.5052,24914.5634,360816.6912,356327.6607,,,4.676
000881,中广核技,化工原料,辽宁,19980902,000881.SZ,20110613,11.33,11.5,11.17,11.43,11.46,-0.03,-0.26,22283.57,25302.0679,0.7304,0.8944,0.55,17.3664,16.7404,2.6033,2.0275,1.974,1.7498,1.7498,30891.84,30507.5052,24914.5634,353093.7312,348700.7844,,,4.676
000881,中广核技,化工原料,辽宁,19980902,000881.SZ,20110610,11.22,11.47,11.02,11.46,11.34,0.12,1.06,46344.46,52161.206,1.5191,1.8601,1.0,17.412,16.7843,2.6101,2.0328,1.9792,1.7452,1.7452,30891.84,30507.5052,24914.5634,354020.4864,349616.0096,,,4.676
000881,中广核技,化工原料,辽宁,19980902,000881.SZ,20110609,11.88,11.88,11.29,11.34,11.88,-0.54,-4.55,46892.28,54401.4126,1.5371,1.8821,0.89,17.2297,16.6085,2.5828,2.0115,1.9585,1.7637,1.7637,30891.84,30507.5052,24914.5634,350313.4656,345955.109,,,4.676
000881,中广核技,化工原料,辽宁,19980902,000881.SZ,20110608,11.75,11.95,11.6,11.88,11.77,0.11,0.93,42600.48,50314.0357,1.3964,1.7099,0.8,18.0501,17.3994,2.7058,2.1073,2.0517,1.6835,1.6835,30891.84,30507.5052,24914.5634,366995.0592,362429.1618,,,4.676
000881,中广核技,化工原料,辽宁,19980902,000881.SZ,20110607,11.83,11.91,11.65,11.77,11.84,-0.07,-0.59,29886.48,35121.7202,0.9796,1.1996,0.55,17.883,17.2383,2.6807,2.0878,2.0328,1.6992,1.6992,30891.84,30507.5052,24914.5634,363596.9568,359073.3362,,,4.676
000881,中广核技,化工原料,辽宁,19980902,000881.SZ,20110603,11.81,11.95,11.7,11.84,11.82,0.02,0.17,38403.83,45450.9862,1.2588,1.5414,0.68,17.9894,17.3408,2.6967,2.1002,2.0448,1.6892,1.6892,30891.84,30507.5052,24914.5634,365759.3856,361208.8616,,,4.676
000881,中广核技,化工原料,辽宁,19980902,000881.SZ,20110602,11.68,11.94,11.49,11.82,11.77,0.05,0.42,73298.95,86137.2161,2.4027,2.942,1.43,17.959,17.3116,2.6921,2.0966,2.0414,1.692,1.692,30891.84,30507.5052,24914.5634,365141.5488,360598.7115,,,4.676
000881,中广核技,化工原料,辽宁,19980902,000881.SZ,20110601,11.39,11.95,11.3,11.77,11.32,0.45,3.98,79107.39,92740.8217,2.593,3.1751,1.61,17.883,17.2383,2.6807,2.0878,2.0328,1.6992,1.6992,30891.84,30507.5052,24914.5634,363596.9568,359073.3362,,,4.676
000881,中广核技,化工原料,辽宁,19980902,000881.SZ,20110531,10.87,11.33,10.87,11.32,10.82,0.5,4.62,46795.2,52199.8283,1.5339,1.8782,0.86,17.1993,16.5793,2.5782,2.0079,1.955,1.7668,1.7668,30891.84,30507.5052,24914.5634,349695.6288,345344.9589,,,4.676
000881,中广核技,化工原料,辽宁,19980902,000881.SZ,20110530,10.85,11.0,10.7,10.82,10.96,-0.14,-1.28,32795.38,35677.5983,1.075,1.3163,0.5,16.4396,15.847,2.4644,1.9192,1.8687,1.8484,1.8484,30891.84,30507.5052,24914.5634,334249.7088,330091.2063,,,4.676
000881,中广核技,化工原料,辽宁,19980902,000881.SZ,20110527,11.3,11.38,10.96,10.96,11.32,-0.36,-3.18,50641.86,56411.4172,1.66,2.0326,0.75,16.6523,16.052,2.4962,1.9441,1.8929,1.8248,1.8248,30891.84,30507.5052,24914.5634,338574.5664,334362.257,,,4.676
000881,中广核技,化工原料,辽宁,19980902,000881.SZ,20110526,11.51,11.62,11.3,11.32,11.39,-0.07,-0.61,47702.36,54586.5511,1.5636,1.9146,0.72,17.1993,16.5793,2.5782,2.0079,1.955,1.7668,1.7668,30891.84,30507.5052,24914.5634,349695.6288,345344.9589,,,4.676
000881,中广核技,化工原料,辽宁,19980902,000881.SZ,20110525,11.88,11.98,11.38,11.39,11.84,-0.45,-3.8,67013.6,78406.3928,2.1966,2.6897,1.07,17.3057,16.6818,2.5942,2.0204,1.9671,1.7559,1.7559,30891.84,30507.5052,24914.5634,351858.0576,347480.4842,,,4.676
000881,中广核技,化工原料,辽宁,19980902,000881.SZ,20110524,12.05,12.05,11.63,11.84,12.15,-0.31,-2.55,75094.91,88862.5419,2.4615,3.0141,1.25,17.9894,17.3408,2.6967,2.1002,2.0448,1.6892,1.6892,30891.84,30507.5052,24914.5634,365759.3856,361208.8616,,,4.676
000881,中广核技,化工原料,辽宁,19980902,000881.SZ,20110523,12.64,12.8,12.15,12.15,12.69,-0.54,-4.26,84353.73,105115.2977,2.765,3.3857,1.33,18.4604,17.7949,2.7673,2.1552,2.0984,1.6461,1.6461,30891.84,30507.5052,24914.5634,375335.856,370666.1882,,,4.676
000881,中广核技,化工原料,辽宁,19980902,000881.SZ,20110520,12.3,12.75,12.3,12.69,12.35,0.34,2.75,63653.02,79823.6955,2.0865,2.5549,0.92,19.2808,18.5858,2.8903,2.251,2.1916,1.576,1.576,30891.84,30507.5052,24914.5634,392017.4496,387140.241,,,4.676
000881,中广核技,化工原料,辽宁,19980902,000881.SZ,20110519,12.5,12.5,12.32,12.35,12.41,-0.06,-0.48,41804.61,51872.1324,1.3703,1.6779,0.51,18.7643,18.0878,2.8128,2.1906,2.1329,1.6194,1.6194,30891.84,30507.5052,24914.5634,381514.224,376767.6892,,,4.676
000881,中广核技,化工原料,辽宁,19980902,000881.SZ,20110518,12.37,12.56,12.3,12.41,12.41,0.0,0.0,46836.57,58192.8677,1.5352,1.8799,0.49,18.8554,18.1757,2.8265,2.2013,2.1433,1.6116,1.6116,30891.84,30507.5052,24914.5634,383367.7344,378598.1395,,,4.676
000881,中广核技,化工原料,辽宁,19980902,000881.SZ,20110517,12.42,12.64,12.2,12.41,12.52,-0.11,-0.88,63177.71,78815.3814,2.0709,2.5358,0.56,18.8554,18.1757,2.8265,2.2013,2.1433,1.6116,1.6116,30891.84,30507.5052,24914.5634,383367.7344,378598.1395,,,4.676
000881,中广核技,化工原料,辽宁,19980902,000881.SZ,20110513,12.75,12.86,12.34,12.52,12.75,-0.23,-1.8,100902.48,126662.7881,3.3075,4.0499,0.93,19.0225,18.3368,2.8515,2.2208,2.1623,1.5974,1.5974,30891.84,30507.5052,24914.5634,386765.8368,381953.9651,,,4.676
000881,中广核技,化工原料,辽宁,19980902,000881.SZ,20110512,12.8,13.06,12.64,12.75,12.99,-0.24,-1.85,91605.17,117478.2088,3.0027,3.6768,0.83,19.372,18.6736,2.9039,2.2616,2.202,1.5686,1.5686,30891.84,30507.5052,24914.5634,393870.96,388970.6913,,,4.676
000881,中广核技,化工原料,辽宁,19980902,000881.SZ,20110511,12.94,13.18,12.79,12.99,12.96,0.03,0.23,105254.26,136856.4215,3.4501,4.2246,1.0,19.7366,19.0251,2.9586,2.3042,2.2435,1.5396,1.5396,30891.84,30507.5052,24914.5634,401285.0016,396292.4925,,,4.676
000881,中广核技,化工原料,辽宁,19980902,000881.SZ,20110510,12.91,13.03,12.69,12.96,12.98,-0.02,-0.15,112919.32,145395.5708,3.7014,4.5323,1.15,19.6911,18.9812,2.9518,2.2988,2.2383,1.5432,1.5432,30891.84,30507.5052,24914.5634,400358.2464,395377.2674,,,4.676
000881,中广核技,化工原料,辽宁,19980902,000881.SZ,20110509,12.45,13.12,12.36,12.98,12.46,0.52,4.17,152046.93,194347.6361,4.9839,6.1027,1.88,19.7215,19.0105,2.9563,2.3024,2.2417,1.5408,1.5408,30891.84,30507.5052,24914.5634,400976.0832,395987.4175,,,4.676
000881,中广核技,化工原料,辽宁,19980902,000881.SZ,20110506,12.51,12.65,12.36,12.46,12.69,-0.23,-1.81,80441.42,100506.181,2.6368,3.2287,0.93,18.9314,18.2489,2.8379,2.2102,2.1519,1.6051,1.6051,30891.84,30507.5052,24914.5634,384912.3264,380123.5148,,,4.676
000881,中广核技,化工原料,辽宁,19980902,000881.SZ,20110505,12.17,12.74,12.15,12.69,12.31,0.38,3.09,102190.81,127932.833,3.3497,4.1016,1.11,19.2808,18.5858,2.8903,2.251,2.1916,1.576,1.576,30891.84,30507.5052,24914.5634,392017.4496,387140.241,,,4.676
000881,中广核技,化工原料,辽宁,19980902,000881.SZ,20110504,12.45,12.57,12.15,12.31,12.5,-0.19,-1.52,79604.77,98489.3477,2.6094,3.1951,0.8,18.7035,18.0292,2.8037,2.1835,2.126,1.6247,1.6247,30891.84,30507.5052,24914.5634,380278.5504,375547.389,,,4.676
000881,中广核技,化工原料,辽宁,19980902,000881.SZ,20110503,12.05,12.54,12.02,12.5,12.02,0.48,3.99,76289.46,93887.4786,2.5007,3.062,0.77,18.9922,18.3075,2.847,2.2172,2.1588,1.6,1.6,30891.84,30507.5052,24914.5634,386148.0,381343.815,,,4.676
000881,中广核技,化工原料,辽宁,19980902,000881.SZ,20110429,12.15,12.15,11.62,12.02,12.22,-0.2,-1.64,65494.06,78026.5034,2.1468,2.6287,0.64,18.2629,17.6045,2.7377,2.1321,2.0759,1.6639,1.6639,30891.84,30507.5052,24914.5634,371319.9168,366700.2125,,,4.676
000881,中广核技,化工原料,辽宁,19980902,000881.SZ,20110428,12.64,12.73,12.22,12.22,12.42,-0.2,-1.61,110830.69,138058.5509,3.6329,4.4484,1.05,18.5667,17.8974,2.7832,2.1676,2.1105,1.6367,1.6367,30891.84,30507.5052,24914.5634,377498.2848,372801.7135,,,4.676
000881,中广核技,化工原料,辽宁,19980902,000881.SZ,20110427,12.61,12.92,12.16,12.42,12.44,-0.02,-0.16,128295.83,161881.5212,4.2054,5.1494,1.06,18.8706,18.1903,2.8288,2.2031,2.145,1.6103,1.6103,30891.84,30507.5052,24914.5634,383676.6528,378903.2146,,,4.676
000881,中广核技,化工原料,辽宁,19980902,000881.SZ,20110426,12.14,12.49,12.13,12.44,12.12,0.32,2.64,114666.94,141917.7279,3.7586,4.6024,0.92,18.901,18.2196,2.8333,2.2066,2.1485,1.6077,1.6077,30891.84,30507.5052,24914.5634,384294.4896,379513.3647,,,4.676
000881,中广核技,化工原料,辽宁,19980902,000881.SZ,20110425,12.24,12.45,12.09,12.12,12.19,-0.07,-0.57,76195.82,93316.3744,2.4976,3.0583,0.64,18.4148,17.7509,2.7604,2.1498,2.0932,1.6502,1.6502,30891.84,30507.5052,24914.5634,374409.1008,369750.963,,,4.676
000881,中广核技,化工原料,辽宁,19980902,000881.SZ,20110422,12.51,12.57,12.15,12.19,12.47,-0.28,-2.25,84716.03,104267.4416,2.7769,3.4003,0.78,18.5212,18.5212,2.9134,2.1623,2.1623,1.6407,1.6407,30891.84,30507.5052,24914.5634,376571.5296,371886.4884,,,4.676
000881,中广核技,化工原料,辽宁,19980902,000881.SZ,20110421,12.45,12.58,12.23,12.47,12.32,0.15,1.22,123903.67,154112.5988,4.0614,4.9731,1.34,18.9466,18.9466,2.9803,2.2119,2.2119,1.6038,1.6038,30891.84,30507.5052,24914.5634,385221.2448,380428.5898,,,4.676
000881,中广核技,化工原料,辽宁,19980902,000881.SZ,20110420,11.99,12.79,11.98,12.32,11.89,0.43,3.62,207188.18,257255.8091,6.7914,8.3159,3.58,18.7187,18.7187,2.9445,2.1853,2.1853,1.6234,1.6234,30891.84,30507.5052,24914.5634,380587.4688,375852.4641,,,4.676
000881,中广核技,化工原料,辽宁,19980902,000881.SZ,20110419,11.61,11.99,11.52,11.89,11.65,0.24,2.06,133371.73,157858.4289,4.3718,5.3532,3.55,18.0653,18.0653,2.8417,2.109,2.109,1.6821,1.6821,30891.84,30507.5052,24914.5634,367303.9776,362734.2368,,,4.676
000881,中广核技,化工原料,辽宁,19980902,000881.SZ,20110418,11.47,11.7,11.45,11.65,11.54,0.11,0.95,44352.26,51447.8771,1.4538,1.7802,1.16,17.7007,17.7007,2.7843,2.0665,2.0665,1.7167,1.7167,30891.84,30507.5052,24914.5634,359889.936,355412.4356,,,4.676
000881,中广核技,化工原料,辽宁,19980902,000881.SZ,20110415,11.62,11.66,11.4,11.54,11.62,-0.08,-0.69,32044.15,36915.9041,1.0504,1.2862,0.79,17.5336,17.5336,2.7581,2.047,2.047,1.7331,1.7331,30891.84,30507.5052,24914.5634,356491.8336,352056.61,,,4.676
000881,中广核技,化工原料,辽宁,19980902,000881.SZ,20110414,11.54,11.72,11.5,11.62,11.55,0.07,0.61,44693.32,52012.9906,1.465,1.7939,1.12,17.6551,17.6551,2.7772,2.0612,2.0612,1.7212,1.7212,30891.84,30507.5052,24914.5634,358963.1808,354497.2104,,,4.676
000881,中广核技,化工原料,辽宁,19980902,000881.SZ,20110413,11.36,11.56,11.32,11.55,11.36,0.19,1.67,34908.6,40054.9826,1.1443,1.4011,0.85,17.5488,17.5488,2.7604,2.0487,2.0487,1.7316,1.7316,30891.84,30507.5052,24914.5634,356800.752,352361.6851,,,4.676
000881,中广核技,化工原料,辽宁,19980902,000881.SZ,20110412,11.34,11.52,11.28,11.36,11.35,0.01,0.09,31850.37,36347.3687,1.044,1.2784,0.75,17.2601,17.2601,2.715,2.015,2.015,1.7606,1.7606,30891.84,30507.5052,24914.5634,350931.3024,346565.2591,,,4.676
000881,中广核技,化工原料,辽宁,19980902,000881.SZ,20110411,11.61,11.66,11.34,11.35,11.59,-0.24,-2.07,47909.51,54836.7294,1.5704,1.923,1.07,17.2449,17.2449,2.7126,2.0133,2.0133,1.7621,1.7621,30891.84,30507.5052,24914.5634,350622.384,346260.184,,,4.676
000881,中广核技,化工原料,辽宁,19980902,000881.SZ,20110408,11.58,11.66,11.5,11.59,11.56,0.03,0.26,42882.45,49678.9118,1.4056,1.7212,0.95,17.6095,17.6095,2.77,2.0558,2.0558,1.7256,1.7256,30891.84,30507.5052,24914.5634,358036.4256,353581.9853,,,4.676
000881,中广核技,化工原料,辽宁,19980902,000881.SZ,20110407,11.36,11.6,11.31,11.56,11.36,0.2,1.76,41585.13,47869.8863,1.3631,1.6691,0.78,17.5639,17.5639,2.7628,2.0505,2.0505,1.7301,1.7301,30891.84,30507.5052,24914.5634,357109.6704,352666.7601,,,4.676
000881,中广核技,化工原料,辽宁,19980902,000881.SZ,20110406,11.4,11.49,11.22,11.36,11.46,-0.1,-0.87,40293.92,45653.8684,1.3208,1.6173,0.68,17.2601,17.2601,2.715,2.015,2.015,1.7606,1.7606,30891.84,30507.5052,24914.5634,350931.3024,346565.2591,,,4.676
000881,中广核技,化工原料,辽宁,19980902,000881.SZ,20110401,11.28,11.47,11.16,11.46,11.29,0.17,1.51,40493.25,45860.4606,1.3273,1.6253,0.51,17.412,17.412,2.7389,2.0328,2.0328,1.7452,1.7452,30891.84,30507.5052,24914.5634,354020.4864,349616.0096,,,4.676
000881,中广核技,化工原料,辽宁,19980902,000881.SZ,20110331,11.73,11.75,11.26,11.29,11.72,-0.43,-3.67,58006.34,66642.2017,1.9014,2.3282,0.74,17.1537,17.1537,2.6983,2.0026,2.0026,1.7715,1.7715,30891.84,30507.5052,24914.5634,348768.8736,344429.7337,,,4.676
000881,中广核技,化工原料,辽宁,19980902,000881.SZ,20110330,11.68,11.78,11.57,11.72,11.7,0.02,0.17,46232.15,54052.9823,1.5154,1.8556,0.58,17.807,17.807,2.8011,2.0789,2.0789,1.7065,1.7065,30891.84,30507.5052,24914.5634,362052.3648,357547.9609,,,4.676
000881,中广核技,化工原料,辽宁,19980902,000881.SZ,20110329,11.73,11.76,11.49,11.7,11.7,0.0,0.0,81867.75,94997.6642,2.6835,3.2859,1.12,17.7767,17.7767,2.7963,2.0753,2.0753,1.7094,1.7094,30891.84,30507.5052,24914.5634,361434.528,356937.8108,,,4.676
000881,中广核技,化工原料,辽宁,19980902,000881.SZ,20110328,11.74,11.85,11.66,11.7,11.78,-0.08,-0.68,69276.17,81202.969,2.2708,2.7805,1.03,17.7767,17.7767,2.7963,2.0753,2.0753,1.7094,1.7094,30891.84,30507.5052,24914.5634,361434.528,356937.8108,,,4.676
000881,中广核技,化工原料,辽宁,19980902,000881.SZ,20110325,11.98,11.98,11.61,11.78,12.1,-0.32,-2.64,145420.25,170647.0194,4.7667,5.8368,2.74,17.8982,17.8982,2.8154,2.0895,2.0895,1.6978,1.6978,30891.84,30507.5052,24914.5634,363905.8752,359378.4113,,,4.676
000881,中广核技,化工原料,辽宁,19980902,000881.SZ,20110324,12.12,12.24,12.08,12.1,12.17,-0.07,-0.58,47243.07,57410.072,1.5496,1.8977,0.59,33.8625,24.7566,3.0569,2.1974,2.2771,1.6529,1.6529,30891.84,30487.3068,24894.365,373791.264,368896.4123,,,4.676
000881,中广核技,化工原料,辽宁,19980902,000881.SZ,20110323,12.02,12.19,11.92,12.17,12.0,0.17,1.42,55263.35,66798.0021,1.8127,2.2199,0.64,34.0584,24.8998,3.0746,2.2101,2.2903,1.6434,1.6434,30891.84,30487.3068,24894.365,375953.6928,371030.5238,,,4.676
000881,中广核技,化工原料,辽宁,19980902,000881.SZ,20110322,11.95,12.05,11.75,12.0,11.82,0.18,1.52,49655.19,59218.835,1.6287,1.9946,0.49,33.5826,24.552,3.0316,2.1792,2.2583,1.6667,1.6667,30891.84,30487.3068,24894.365,370702.08,365847.6816,,,4.676
000881,中广核技,化工原料,辽宁,19980902,000881.SZ,20110321,11.72,11.97,11.7,11.82,11.74,0.08,0.68,39361.55,46616.4765,1.2911,1.5811,0.32,33.0789,24.1837,2.9861,2.1465,2.2244,1.692,1.692,30891.84,30487.3068,24894.365,365141.5488,360359.9664,,,4.676
000881,中广核技,化工原料,辽宁,19980902,000881.SZ,20110318,11.82,12.0,11.7,11.74,11.67,0.07,0.6,73749.39,87266.4089,2.419,2.9625,0.59,32.855,24.0201,2.9659,2.132,2.2094,1.7036,1.7036,30891.84,30487.3068,24894.365,362670.2016,357920.9818,,,4.676
000881,中广核技,化工原料,辽宁,19980902,000881.SZ,20110317,12.33,12.33,11.58,11.67,12.52,-0.85,-6.79,179541.26,214432.097,5.889,7.2121,1.7,32.6591,23.8768,2.9483,2.1193,2.1962,1.7138,1.7138,30891.84,30487.3068,24894.365,360507.7728,355786.8704,,,4.676
000881,中广核技,化工原料,辽宁,19980902,000881.SZ,20110316,12.59,12.66,12.35,12.52,12.65,-0.13,-1.03,91164.61,113992.6552,2.9902,3.6621,0.88,35.0378,25.6159,3.163,2.2736,2.3561,1.5974,1.5974,30891.84,30487.3068,24894.365,386765.8368,381701.0811,,,4.676
000881,中广核技,化工原料,辽宁,19980902,000881.SZ,20110315,12.74,12.85,12.3,12.65,12.8,-0.15,-1.17,125816.75,157441.2863,4.1269,5.054,1.36,35.4017,25.8819,3.1958,2.2973,2.3806,1.581,1.581,30891.84,30487.3068,24894.365,390781.776,385664.431,,,4.676
000881,中广核技,化工原料,辽宁,19980902,000881.SZ,20110314,12.32,12.94,12.32,12.8,12.37,0.43,3.48,138904.98,176917.4292,4.5562,5.5798,1.6,35.8214,26.1888,3.2337,2.3245,2.4088,1.5625,1.5625,30891.84,30487.3068,24894.365,395415.552,390237.527,,,4.676
000881,中广核技,化工原料,辽宁,19980902,000881.SZ,20110311,12.28,12.57,12.23,12.37,12.31,0.06,0.49,92261.94,114647.465,3.0262,3.7061,1.12,34.6181,25.309,3.1251,2.2464,2.3279,1.6168,1.6168,30891.84,30487.3068,24894.365,382132.0608,377127.9851,,,4.676
000881,中广核技,化工原料,辽宁,19980902,000881.SZ,20110310,12.3,12.48,12.23,12.31,12.28,0.03,0.24,80646.46,99825.5292,2.6452,3.2395,0.93,34.4502,25.1863,3.1099,2.2355,2.3166,1.6247,1.6247,30891.84,30487.3068,24894.365,380278.5504,375298.7467,,,4.676
000881,中广核技,化工原料,辽宁,19980902,000881.SZ,20110309,12.42,12.46,12.13,12.28,12.43,-0.15,-1.21,78903.37,96830.8686,2.5881,3.1695,0.77,34.3662,25.1249,3.1024,2.2301,2.311,1.6287,1.6287,30891.84,30487.3068,24894.365,379351.7952,374384.1275,,,4.676
000881,中广核技,化工原料,辽宁,19980902,000881.SZ,20110308,12.41,12.47,12.24,12.43,12.38,0.05,0.4,70440.54,86849.2397,2.3105,2.8296,0.65,34.786,25.4318,3.1403,2.2573,2.3392,1.609,1.609,30891.84,30487.3068,24894.365,383985.5712,378957.2235,,,4.676
000881,中广核技,化工原料,辽宁,19980902,000881.SZ,20110307,12.63,12.63,12.3,12.38,12.52,-0.14,-1.12,113151.23,140654.0681,3.7114,4.5453,1.02,34.6461,25.3295,3.1276,2.2482,2.3298,1.6155,1.6155,30891.84,30487.3068,24894.365,382440.9792,377432.8582,,,4.676
000881,中广核技,化工原料,辽宁,19980902,000881.SZ,20110304,12.36,12.57,12.24,12.52,12.36,0.16,1.29,68920.29,85546.1613,2.2606,2.7685,0.63,35.0378,25.6159,3.163,2.2736,2.3561,1.5974,1.5974,30891.84,30487.3068,24894.365,386765.8368,381701.0811,,,4.676
000881,中广核技,化工原料,辽宁,19980902,000881.SZ,20110303,12.59,12.7,12.21,12.36,12.68,-0.32,-2.52,102922.16,128294.0953,3.3759,4.1344,0.99,34.5901,25.2886,3.1226,2.2446,2.326,1.6181,1.6181,30891.84,30487.3068,24894.365,381823.1424,376823.112,,,4.676
000881,中广核技,化工原料,辽宁,19980902,000881.SZ,20110302,12.17,12.68,12.12,12.68,12.22,0.46,3.76,159492.72,198421.8491,5.2314,6.4068,1.82,35.4856,25.9433,3.2034,2.3027,2.3863,1.5773,1.5773,30891.84,30487.3068,24894.365,391708.5312,386579.0502,,,4.676
000881,中广核技,化工原料,辽宁,19980902,000881.SZ,20110301,12.3,12.47,12.12,12.22,12.3,-0.08,-0.65,94144.96,115509.1963,3.088,3.7818,0.96,34.1983,25.0021,3.0872,2.2192,2.2997,1.6367,1.6367,30891.84,30487.3068,24894.365,377498.2848,372554.8891,,,4.676
000881,中广核技,化工原料,辽宁,19980902,000881.SZ,20110228,11.94,12.45,11.94,12.3,11.82,0.48,4.06,128475.04,157848.5605,4.2141,5.1608,1.26,34.4222,25.1658,3.1074,2.2337,2.3147,1.626,1.626,30891.84,30487.3068,24894.365,379969.632,374993.8736,,,4.676
000881,中广核技,化工原料,辽宁,19980902,000881.SZ,20110225,11.75,11.95,11.72,11.82,11.79,0.03,0.25,62187.81,73667.6598,2.0398,2.4981,0.55,33.0789,24.1837,2.9861,2.1465,2.2244,1.692,1.692,30891.84,30487.3068,24894.365,365141.5488,360359.9664,,,4.676
000881,中广核技,化工原料,辽宁,19980902,000881.SZ,20110224,11.7,11.83,11.61,11.79,11.86,-0.07,-0.59,73141.46,85814.8996,2.3991,2.9381,0.58,32.9949,24.1224,2.9786,2.1411,2.2188,1.6964,1.6964,30891.84,30487.3068,24894.365,364214.7936,359445.3472,,,4.676
000881,中广核技,化工原料,辽宁,19980902,000881.SZ,20110223,11.8,12.0,11.72,11.86,11.78,0.08,0.68,79530.88,94414.5027,2.6087,3.1947,0.58,33.1908,24.2656,2.9963,2.1538,2.2319,1.6863,1.6863,30891.84,30487.3068,24894.365,366377.2224,361579.4586,,,4.676
000881,中广核技,化工原料,辽宁,19980902,000881.SZ,20110222,12.38,12.4,11.74,11.78,12.38,-0.6,-4.85,147158.35,177090.9173,4.8269,5.9113,1.05,32.9669,24.1019,2.976,2.1393,2.2169,1.6978,1.6978,30891.84,30487.3068,24894.365,363905.8752,359140.4741,,,4.676
000881,中广核技,化工原料,辽宁,19980902,000881.SZ,20110221,11.94,12.55,11.91,12.38,11.99,0.39,3.25,149723.69,184595.896,4.911,6.0144,1.05,34.6461,25.3295,3.1276,2.2482,2.3298,1.6155,1.6155,30891.84,30487.3068,24894.365,382440.9792,377432.8582,,,4.676
000881,中广核技,化工原料,辽宁,19980902,000881.SZ,20110218,11.86,12.09,11.72,11.99,11.93,0.06,0.5,118037.44,140870.1309,3.8717,4.7415,0.82,33.5546,24.5316,3.0291,2.1774,2.2564,1.6681,1.6681,30891.84,30487.3068,24894.365,370393.1616,365542.8085,,,4.676
000881,中广核技,化工原料,辽宁,19980902,000881.SZ,20110217,12.15,12.18,11.7,11.93,12.08,-0.15,-1.24,134907.29,160062.1924,4.425,5.4192,0.91,33.3867,24.4088,3.0139,2.1665,2.2451,1.6764,1.6764,30891.84,30487.3068,24894.365,368539.6512,363713.5701,,,4.676
000881,中广核技,化工原料,辽宁,19980902,000881.SZ,20110216,11.84,12.16,11.75,12.08,11.83,0.25,2.11,133178.08,159744.9307,4.3683,5.3497,0.91,33.8065,24.7157,3.0518,2.1937,2.2733,1.6556,1.6556,30891.84,30487.3068,24894.365,373173.4272,368286.6661,,,4.676
000881,中广核技,化工原料,辽宁,19980902,000881.SZ,20110215,11.83,12.18,11.74,11.83,11.79,0.04,0.34,164145.29,196985.4328,5.3841,6.5937,1.28,33.1068,24.2042,2.9887,2.1483,2.2263,1.6906,1.6906,30891.84,30487.3068,24894.365,365450.4672,360664.8394,,,4.676
000881,中广核技,化工原料,辽宁,19980902,000881.SZ,20110214,11.66,12.12,11.61,11.79,11.67,0.12,1.03,162286.03,192602.3231,5.3231,6.519,1.4,32.9949,24.1224,2.9786,2.1411,2.2188,1.6964,1.6964,30891.84,30487.3068,24894.365,364214.7936,359445.3472,,,4.676
000881,中广核技,化工原料,辽宁,19980902,000881.SZ,20110211,11.68,11.88,11.57,11.67,11.78,-0.11,-0.93,127343.94,149143.6089,4.1769,5.1154,1.21,32.6591,23.8768,2.9483,2.1193,2.1962,1.7138,1.7138,30891.84,30487.3068,24894.365,360507.7728,355786.8704,,,4.676
000881,中广核技,化工原料,辽宁,19980902,000881.SZ,20110210,11.31,11.86,11.15,11.78,11.37,0.41,3.61,157309.02,181375.6024,5.1598,6.3191,1.82,32.9669,24.1019,2.976,2.1393,2.2169,1.6978,1.6978,30891.84,30487.3068,24894.365,363905.8752,359140.4741,,,4.676
000881,中广核技,化工原料,辽宁,19980902,000881.SZ,20110209,11.14,11.58,11.13,11.37,11.08,0.29,2.62,121826.52,138430.6039,3.996,4.8937,1.8,31.8195,23.263,2.8725,2.0648,2.1397,1.759,1.759,30891.84,30487.3068,24894.365,351240.2208,346640.6783,,,4.676
000881,中广核技,化工原料,辽宁,19980902,000881.SZ,20110201,11.17,11.34,11.0,11.08,11.18,-0.1,-0.89,71448.04,79738.4296,2.3435,2.87,1.11,31.0079,22.6697,2.7992,2.0121,2.0851,1.8051,1.8051,30891.84,30487.3068,24894.365,342281.5872,337799.3593,,,4.676
000881,中广核技,化工原料,辽宁,19980902,000881.SZ,20110131,10.76,11.25,10.76,11.18,10.89,0.29,2.66,100523.46,111327.6886,3.2972,4.038,1.88,31.2878,22.8743,2.8245,2.0303,2.104,1.7889,1.7889,30891.84,30487.3068,24894.365,345370.7712,340848.09,11.47,9.39,4.676
000881,中广核技,化工原料,辽宁,19980902,000881.SZ,20110128,10.76,11.0,10.7,10.89,10.79,0.1,0.93,73416.86,79721.2796,2.4081,2.9491,1.4,30.4762,22.281,2.7512,1.9776,2.0494,1.8365,1.8365,30891.84,30487.3068,24894.365,336412.1376,332006.7711,,,4.676
000881,中广核技,化工原料,辽宁,19980902,000881.SZ,20110127,10.34,10.82,10.26,10.79,10.4,0.39,3.75,64738.93,68855.5876,2.1235,2.6005,1.22,30.1964,22.0764,2.7259,1.9595,2.0306,1.8536,1.8536,30891.84,30487.3068,24894.365,333322.9536,328958.0404,,,4.676
000881,中广核技,化工原料,辽宁,19980902,000881.SZ,20110126,10.2,10.44,10.2,10.4,10.24,0.16,1.56,27794.07,28711.1621,0.9117,1.1165,0.46,29.1049,21.2784,2.6274,1.8887,1.9572,1.9231,1.9231,30891.84,30487.3068,24894.365,321275.136,317067.9907,,,4.676
000881,中广核技,化工原料,辽宁,19980902,000881.SZ,20110125,10.64,10.73,10.12,10.24,10.64,-0.4,-3.76,54076.47,55785.9241,1.7737,2.1722,1.01,28.6572,20.9511,2.587,1.8596,1.9271,1.9531,1.9531,30891.84,30487.3068,24894.365,316332.4416,312190.0216,,,4.676
000881,中广核技,化工原料,辽宁,19980902,000881.SZ,20110124,10.68,10.82,10.56,10.64,10.68,-0.04,-0.37,47556.63,50912.7345,1.5599,1.9103,0.87,29.7766,21.7695,2.688,1.9322,2.0023,1.8797,1.8797,30891.84,30487.3068,24894.365,328689.1776,324384.9444,,,4.676
000881,中广核技,化工原料,辽宁,19980902,000881.SZ,20110121,10.38,10.75,10.31,10.68,10.38,0.3,2.89,67649.87,71730.9818,2.219,2.7175,1.24,29.8885,21.8513,2.6981,1.9395,2.0099,1.8727,1.8727,30891.84,30487.3068,24894.365,329924.8512,325604.4366,,,4.676
000881,中广核技,化工原料,辽宁,19980902,000881.SZ,20110120,10.31,10.71,10.31,10.38,10.4,-0.02,-0.19,69181.8,72862.3958,2.2692,2.779,1.43,29.049,21.2375,2.6224,1.885,1.9534,1.9268,1.9268,30891.84,30487.3068,24894.365,320657.2992,316458.2446,,,4.676
000881,中广核技,化工原料,辽宁,19980902,000881.SZ,20110119,10.36,10.53,10.25,10.4,10.08,0.32,3.17,60677.03,63104.1973,1.9902,2.4374,1.34,29.1049,21.2784,2.6274,1.8887,1.9572,1.9231,1.9231,30891.84,30487.3068,24894.365,321275.136,317067.9907,,,4.676
000881,中广核技,化工原料,辽宁,19980902,000881.SZ,20110118,9.9,10.08,9.88,10.08,9.93,0.15,1.51,21650.46,21661.2867,0.7101,0.8697,0.42,28.2094,20.6237,2.5466,1.8305,1.897,1.9841,1.9841,30891.84,30487.3068,24894.365,311389.7472,307312.0525,,,4.676
000881,中广核技,化工原料,辽宁,19980902,000881.SZ,20110117,10.25,10.25,9.86,9.93,10.38,-0.45,-4.34,53699.53,53964.8919,1.7614,2.1571,0.94,27.7896,20.3168,2.5087,1.8033,1.8687,2.0141,2.0141,30891.84,30487.3068,24894.365,306755.9712,302738.9565,,,4.676
000881,中广核技,化工原料,辽宁,19980902,000881.SZ,20110114,10.88,10.88,10.32,10.38,10.88,-0.5,-4.6,67392.18,70833.1877,2.2105,2.7071,1.13,29.049,21.2375,2.6224,1.885,1.9534,1.9268,1.9268,30891.84,30487.3068,24894.365,320657.2992,316458.2446,,,4.676
000881,中广核技,化工原料,辽宁,19980902,000881.SZ,20110113,10.89,10.92,10.8,10.88,10.88,0.0,0.0,38102.98,41425.2253,1.2498,1.5306,0.5,30.4482,22.2605,2.7487,1.9758,2.0475,1.8382,1.8382,30891.84,30487.3068,24894.365,336103.2192,331701.898,,,4.676
000881,中广核技,化工原料,辽宁,19980902,000881.SZ,20110112,10.84,10.96,10.62,10.88,10.82,0.06,0.55,45809.18,49550.9337,1.5026,1.8401,0.52,30.4482,22.2605,2.7487,1.9758,2.0475,1.8382,1.8382,30891.84,30487.3068,24894.365,336103.2192,331701.898,,,4.676
000881,中广核技,化工原料,辽宁,19980902,000881.SZ,20110111,10.9,10.96,10.56,10.82,10.91,-0.09,-0.82,54768.23,58907.9638,1.7964,2.2,0.6,30.2803,22.1377,2.7335,1.9649,2.0362,1.8484,1.8484,30891.84,30487.3068,24894.365,334249.7088,329872.6596,,,4.676
000881,中广核技,化工原料,辽宁,19980902,000881.SZ,20110110,11.18,11.36,10.9,10.91,11.12,-0.21,-1.89,79593.04,88658.3043,2.6107,3.1972,0.94,30.5322,22.3219,2.7562,1.9813,2.0532,1.8332,1.8332,30891.84,30487.3068,24894.365,337029.9744,332616.5172,,,4.676
000881,中广核技,化工原料,辽宁,19980902,000881.SZ,20110107,11.2,11.37,11.01,11.12,11.23,-0.11,-0.98,80544.53,90107.3342,2.6419,3.2355,1.07,31.1199,22.7515,2.8093,2.0194,2.0927,1.7986,1.7986,30891.84,30487.3068,24894.365,343517.2608,339018.8516,,,4.676
000881,中广核技,化工原料,辽宁,19980902,000881.SZ,20110106,10.96,11.45,10.95,11.23,11.02,0.21,1.91,123641.57,139199.9098,4.0555,4.9666,2.18,31.4277,22.9766,2.8371,2.0394,2.1134,1.7809,1.7809,30891.84,30487.3068,24894.365,346915.3632,342372.4554,,,4.676
000881,中广核技,化工原料,辽宁,19980902,000881.SZ,20110105,10.85,11.28,10.76,11.02,10.86,0.16,1.47,101449.26,112399.51,3.3276,4.0752,2.35,30.84,22.5469,2.784,2.0012,2.0739,1.8149,1.8149,30891.84,30487.3068,24894.365,340428.0768,335970.1209,,,4.676
000881,中广核技,化工原料,辽宁,19980902,000881.SZ,20110104,10.7,10.95,10.63,10.86,10.64,0.22,2.07,72158.65,78212.6121,2.3668,2.8986,1.89,30.3923,22.2196,2.7436,1.9722,2.0437,1.8416,1.8416,30891.84,30487.3068,24894.365,335485.3824,331092.1518,,,4.676
000881,中广核技,化工原料,辽宁,19980902,000881.SZ,20101231,10.39,10.66,10.35,10.64,10.37,0.27,2.6,45590.27,47802.6158,1.4954,1.8313,1.27,29.7766,21.7695,2.688,1.9322,2.0023,1.8797,1.8797,30891.84,30487.3068,24894.365,328689.1776,324384.9444,,,4.676
000881,中广核技,化工原料,辽宁,19980902,000881.SZ,20101230,10.45,10.47,10.25,10.37,10.48,-0.11,-1.05,35004.64,36265.8099,1.1482,1.4061,0.93,29.021,21.217,2.6198,1.8832,1.9515,1.9286,1.9286,30891.84,30487.3068,24894.365,320348.3808,316153.3715,,,4.676
000881,中广核技,化工原料,辽宁,19980902,000881.SZ,20101229,10.34,10.48,10.25,10.48,10.25,0.23,2.24,28866.72,29901.0436,0.9468,1.1596,0.66,29.3288,21.4421,2.6476,1.9032,1.9722,1.9084,1.9084,30891.84,30487.3068,24894.365,323746.4832,319506.9753,11.25,9.21,4.676
000881,中广核技,化工原料,辽宁,19980902,000881.SZ,20101228,10.32,10.46,10.21,10.25,10.35,-0.1,-0.97,34639.32,35822.0578,1.1362,1.3915,0.65,28.6851,20.9715,2.5895,1.8614,1.929,1.9512,1.9512,30891.84,30487.3068,24894.365,316641.36,312494.8947,11.35,9.29,4.676
000881,中广核技,化工原料,辽宁,19980902,000881.SZ,20101227,10.5,10.75,10.3,10.35,10.46,-0.11,-1.05,46871.38,49505.2697,1.5374,1.8828,0.85,28.965,21.1761,2.6148,1.8796,1.9478,1.9324,1.9324,30891.84,30487.3068,24894.365,319730.544,315543.6254,,,4.676
000881,中广核技,化工原料,辽宁,19980902,000881.SZ,20101224,10.45,10.55,10.28,10.46,10.52,-0.06,-0.57,33753.94,35172.303,1.1071,1.3559,0.59,29.2728,21.4012,2.6426,1.8995,1.9685,1.912,1.912,30891.84,30487.3068,24894.365,323128.6464,318897.2291,,,4.676
000881,中广核技,化工原料,辽宁,19980902,000881.SZ,20101223,10.73,10.85,10.5,10.52,10.77,-0.25,-2.32,44024.16,46945.5773,1.444,1.7684,0.71,29.4407,21.5239,2.6577,1.9104,1.9798,1.9011,1.9011,30891.84,30487.3068,24894.365,324982.1568,320726.4675,,,4.676
000881,中广核技,化工原料,辽宁,19980902,000881.SZ,20101222,11.05,11.07,10.75,10.77,10.98,-0.21,-1.91,60714.44,66278.4152,1.9915,2.4389,1.02,30.1404,22.0354,2.7209,1.9558,2.0268,1.857,1.857,30891.84,30487.3068,24894.365,332705.1168,328348.2942,,,4.676
000881,中广核技,化工原料,辽宁,19980902,000881.SZ,20101221,10.71,11.1,10.58,10.98,10.71,0.27,2.52,83013.26,90484.4718,2.7229,3.3346,1.58,30.7281,22.4651,2.7739,1.994,2.0663,1.8215,1.8215,30891.84,30487.3068,24894.365,339192.4032,334750.6287,,,4.676
000881,中广核技,化工原料,辽宁,19980902,000881.SZ,20101220,10.78,10.96,10.3,10.71,10.76,-0.05,-0.46,55754.28,59708.4412,1.8288,2.2396,1.09,29.9725,21.9127,2.7057,1.9449,2.0155,1.8674,1.8674,30891.84,30487.3068,24894.365,330851.6064,326519.0558,,,4.676
000881,中广核技,化工原料,辽宁,19980902,000881.SZ,20101217,10.7,10.87,10.59,10.76,10.76,0.0,0.0,41561.42,44609.6767,1.3632,1.6695,0.86,30.1124,22.015,2.7184,1.954,2.0249,1.8587,1.8587,30891.84,30487.3068,24894.365,332396.1984,328043.4212,,,4.676
000881,中广核技,化工原料,辽宁,19980902,000881.SZ,20101216,10.63,10.9,10.62,10.76,10.66,0.1,0.94,69272.31,74763.7516,2.2722,2.7827,1.62,30.1124,22.015,2.7184,1.954,2.0249,1.8587,1.8587,30891.84,30487.3068,24894.365,332396.1984,328043.4212,,,4.676
000881,中广核技,化工原料,辽宁,19980902,000881.SZ,20101215,10.68,10.73,10.56,10.66,10.69,-0.03,-0.28,47879.78,50888.4676,1.5705,1.9233,1.23,29.8325,21.8104,2.6931,1.9359,2.0061,1.8762,1.8762,30891.84,30487.3068,24894.365,329307.0144,324994.6905,,,4.676
000881,中广核技,化工原料,辽宁,19980902,000881.SZ,20101214,10.65,10.76,10.62,10.69,10.64,0.05,0.47,48179.47,51511.0087,1.5803,1.9354,1.36,29.9165,21.8718,2.7007,1.9413,2.0118,1.8709,1.8709,30891.84,30487.3068,24894.365,330233.7696,325909.3097,,,4.676
000881,中广核技,化工原料,辽宁,19980902,000881.SZ,20101213,10.27,10.65,10.27,10.64,10.24,0.4,3.91,49661.06,52354.7766,1.6289,1.9949,1.38,29.7766,21.7695,2.688,1.9322,2.0023,1.8797,1.8797,30891.84,30487.3068,24894.365,328689.1776,324384.9444,,,4.676
000881,中广核技,化工原料,辽宁,19980902,000881.SZ,20101210,10.03,10.28,9.95,10.24,10.07,0.17,1.69,27754.6,28145.0013,0.9104,1.1149,0.72,28.6572,20.9511,2.587,1.8596,1.9271,1.9531,1.9531,30891.84,30487.3068,24894.365,316332.4416,312190.0216,,,4.676
000881,中广核技,化工原料,辽宁,19980902,000881.SZ,20101209,10.24,10.36,10.01,10.07,10.36,-0.29,-2.8,39694.77,40247.4461,1.302,1.5945,0.87,28.1814,20.6032,2.544,1.8287,1.8951,1.9861,1.9861,30891.84,30487.3068,24894.365,311080.8288,307007.1795,,,4.676
000881,中广核技,化工原料,辽宁,19980902,000881.SZ,20101208,10.41,10.46,10.34,10.36,10.4,-0.04,-0.38,30053.52,31243.3552,0.9858,1.2072,0.6,28.993,21.1966,2.6173,1.8814,1.9497,1.9305,1.9305,30891.84,30487.3068,24894.365,320039.4624,315848.4984,,,4.676
000881,中广核技,化工原料,辽宁,19980902,000881.SZ,20101207,10.27,10.48,10.06,10.4,10.29,0.11,1.07,30561.45,31403.1749,1.0024,1.2276,0.4,29.1049,21.2784,2.6274,1.8887,1.9572,1.9231,1.9231,30891.84,30487.3068,24894.365,321275.136,317067.9907,,,4.676
000881,中广核技,化工原料,辽宁,19980902,000881.SZ,20101206,10.6,10.75,10.27,10.29,10.66,-0.37,-3.47,51681.57,53986.3398,1.6952,2.076,0.58,28.7971,21.0534,2.5996,1.8687,1.9365,1.9436,1.9436,30891.84,30487.3068,24894.365,317877.0336,313714.387,,,4.676
000881,中广核技,化工原料,辽宁,19980902,000881.SZ,20101203,10.78,10.79,10.53,10.66,10.7,-0.04,-0.37,41872.83,44565.6418,1.3735,1.682,0.4,29.8325,21.8104,2.6931,1.9359,2.0061,1.8762,1.8762,30891.84,30487.3068,24894.365,329307.0144,324994.6905,,,4.676
000881,中广核技,化工原料,辽宁,19980902,000881.SZ,20101202,10.82,10.98,10.67,10.7,10.65,0.05,0.47,74429.51,80585.456,2.4413,2.9898,0.67,29.9445,21.8922,2.7032,1.9431,2.0136,1.8692,1.8692,30891.84,30487.3068,24894.365,330542.688,326214.1828,12.74,10.42,4.676
000881,中广核技,化工原料,辽宁,19980902,000881.SZ,20101201,10.72,10.82,10.59,10.65,10.83,-0.18,-1.66,53897.66,57613.1325,1.7679,2.1651,0.49,29.8046,21.7899,2.6906,1.9341,2.0042,1.8779,1.8779,30891.84,30487.3068,24894.365,328998.096,324689.8174,,,4.676
000881,中广核技,化工原料,辽宁,19980902,000881.SZ,20101130,11.06,11.28,10.5,10.83,11.01,-0.18,-1.63,156282.49,170029.6758,5.1261,6.2778,1.77,30.3083,22.1582,2.736,1.9667,2.0381,1.8467,1.8467,30891.84,30487.3068,24894.365,334558.6272,330177.5326,,,4.676
000881,中广核技,化工原料,辽宁,19980902,000881.SZ,20101129,10.71,11.06,10.66,11.01,10.73,0.28,2.61,122323.93,133262.7548,4.0123,4.9137,1.63,30.812,22.5265,2.7815,1.9994,2.072,1.8165,1.8165,30891.84,30487.3068,24894.365,340119.1584,335665.2479,12.84,10.5,4.676
000881,中广核技,化工原料,辽宁,19980902,000881.SZ,20101126,10.41,10.83,10.41,10.73,10.57,0.16,1.51,110247.17,117707.2491,3.6162,4.4286,1.73,30.0284,21.9536,2.7108,1.9486,2.0193,1.8639,1.8639,30891.84,30487.3068,24894.365,331469.4432,327128.802,,,4.676
000881,中广核技,化工原料,辽宁,19980902,000881.SZ,20101125,10.36,10.88,10.34,10.57,10.25,0.32,3.12,113421.08,120645.5048,3.7203,4.5561,2.3,29.5807,21.6262,2.6704,1.9195,1.9892,1.8921,1.8921,30891.84,30487.3068,24894.365,326526.7488,322250.8329,,,4.676
000881,中广核技,化工原料,辽宁,19980902,000881.SZ,20101124,9.81,10.27,9.76,10.25,9.91,0.34,3.43,47968.06,48329.0773,1.5734,1.9269,0.94,28.6851,20.9715,2.5895,1.8614,1.929,1.9512,1.9512,30891.84,30487.3068,24894.365,316641.36,312494.8947,,,4.676
000881,中广核技,化工原料,辽宁,19980902,000881.SZ,20101123,10.19,10.19,9.71,9.91,10.19,-0.28,-2.75,47435.44,47049.6684,1.5559,1.9055,0.85,27.7336,20.2759,2.5036,1.7997,1.865,2.0182,2.0182,30891.84,30487.3068,24894.365,306138.1344,302129.2104,,,4.676
000881,中广核技,化工原料,辽宁,19980902,000881.SZ,20101122,10.17,10.3,10.06,10.19,10.23,-0.04,-0.39,55331.44,56348.6281,1.8149,2.2226,0.94,28.5172,20.8488,2.5744,1.8505,1.9177,1.9627,1.9627,30891.84,30487.3068,24894.365,314787.8496,310665.6563,,,4.676
000881,中广核技,化工原料,辽宁,19980902,000881.SZ,20101119,10.03,10.24,9.93,10.23,10.02,0.21,2.1,54597.47,54988.8936,1.7908,2.1932,0.71,28.6292,20.9306,2.5845,1.8578,1.9252,1.955,1.955,30891.84,30487.3068,24894.365,316023.5232,311885.1486,11.98,9.8,4.676
000881,中广核技,化工原料,辽宁,19980902,000881.SZ,20101118,10.0,10.2,9.92,10.02,9.88,0.14,1.42,41373.49,41528.7239,1.3571,1.662,0.45,28.0415,20.5009,2.5314,1.8196,1.8857,1.996,1.996,30891.84,30487.3068,24894.365,309536.2368,305482.8141,11.87,9.71,4.676
000881,中广核技,化工原料,辽宁,19980902,000881.SZ,20101117,9.84,10.09,9.71,9.88,9.88,0.0,0.0,55277.69,55115.2831,1.8131,2.2205,0.57,27.6497,20.2145,2.496,1.7942,1.8593,2.0243,2.0243,30891.84,30487.3068,24894.365,305211.3792,301214.5912,,,4.676
000881,中广核技,化工原料,辽宁,19980902,000881.SZ,20101116,10.31,10.35,9.8,9.88,10.31,-0.43,-4.17,73913.2,74529.9775,2.4244,2.9691,0.7,27.6497,20.2145,2.496,1.7942,1.8593,2.0243,2.0243,30891.84,30487.3068,24894.365,305211.3792,301214.5912,,,4.676
000881,中广核技,化工原料,辽宁,19980902,000881.SZ,20101115,10.18,10.36,10.09,10.31,10.09,0.22,2.18,67644.26,69073.3963,2.2188,2.7173,0.51,28.8531,21.0943,2.6047,1.8723,1.9402,1.9399,1.9399,30891.84,30487.3068,24894.365,318494.8704,314324.1331,,,4.676
000881,中广核技,化工原料,辽宁,19980902,000881.SZ,20101112,11.12,11.13,10.04,10.09,11.16,-1.07,-9.59,147434.49,155129.9938,4.8359,5.9224,1.16,28.2374,20.6442,2.5491,1.8324,1.8988,1.9822,1.9822,30891.84,30487.3068,24894.365,311698.6656,307616.9256,,,4.676
000881,中广核技,化工原料,辽宁,19980902,000881.SZ,20101111,11.29,11.55,11.16,11.16,11.29,-0.13,-1.15,112209.76,127237.3169,3.6805,4.5074,0.93,31.2318,22.8334,2.8194,2.0267,2.1002,1.7921,1.7921,30891.84,30487.3068,24894.365,344752.9344,340238.3439,,,4.676
000881,中广核技,化工原料,辽宁,19980902,000881.SZ,20101110,11.48,11.48,11.2,11.29,11.48,-0.19,-1.66,86538.05,97750.6385,2.8385,3.4762,0.69,31.5956,23.0994,2.8523,2.0503,2.1247,1.7715,1.7715,30891.84,30487.3068,24894.365,348768.8736,344201.6938,,,4.676
000881,中广核技,化工原料,辽宁,19980902,000881.SZ,20101109,11.48,11.53,11.21,11.48,11.5,-0.02,-0.17,113782.76,129221.0577,3.7321,4.5706,0.85,32.1274,23.4881,2.9003,2.0848,2.1604,1.7422,1.7422,30891.84,30487.3068,24894.365,354638.3232,349994.2821,,,4.676
000881,中广核技,化工原料,辽宁,19980902,000881.SZ,20101108,11.05,11.69,11.05,11.5,10.89,0.61,5.6,196953.13,223496.4235,6.4602,7.9116,1.6,32.1833,23.529,2.9053,2.0884,2.1642,1.7391,1.7391,30891.84,30487.3068,24894.365,355256.16,350604.0282,,,4.676
000881,中广核技,化工原料,辽宁,19980902,000881.SZ,20101105,10.7,10.99,10.52,10.89,10.64,0.25,2.35,124951.99,134116.3935,4.0985,5.0193,0.94,30.4762,22.281,2.7512,1.9776,2.0494,1.8365,1.8365,30891.84,30487.3068,24894.365,336412.1376,332006.7711,12.72,10.4,4.676
000881,中广核技,化工原料,辽宁,19980902,000881.SZ,20101104,10.65,10.78,10.41,10.64,10.57,0.07,0.66,82359.19,87032.1684,2.7014,3.3083,0.62,29.7766,21.7695,2.688,1.9322,2.0023,1.8797,1.8797,30891.84,30487.3068,24894.365,328689.1776,324384.9444,,,4.676
000881,中广核技,化工原料,辽宁,19980902,000881.SZ,20101103,10.55,10.92,10.47,10.57,10.51,0.06,0.57,111217.09,118780.0969,3.648,4.4676,0.82,29.5807,21.6262,2.6704,1.9195,1.9892,1.8921,1.8921,30891.84,30487.3068,24894.365,326526.7488,322250.8329,,,4.676
000881,中广核技,化工原料,辽宁,19980902,000881.SZ,20101102,10.65,11.03,10.45,10.51,10.65,-0.14,-1.31,152647.72,163487.3596,5.0069,6.1318,1.22,29.4128,21.5035,2.6552,1.9086,1.9779,1.9029,1.9029,30891.84,30487.3068,24894.365,324673.2384,320421.5945,,,4.676
000881,中广核技,化工原料,辽宁,19980902,000881.SZ,20101101,10.46,10.75,10.33,10.65,10.54,0.11,1.04,144830.27,153027.3427,4.7505,5.8178,1.28,29.8046,21.7899,2.6906,1.9341,2.0042,1.8779,1.8779,30891.84,30487.3068,24894.365,328998.096,324689.8174,,,4.676
000881,中广核技,化工原料,辽宁,19980902,000881.SZ,20101029,9.82,10.8,9.82,10.54,9.83,0.71,7.22,170738.48,176029.0199,5.6003,6.8585,1.84,29.4967,21.5649,2.6628,1.9141,1.9835,1.8975,1.8975,30891.84,30487.3068,24894.365,325599.9936,321336.2137,,,4.676
000881,中广核技,化工原料,辽宁,19980902,000881.SZ,20101028,9.91,10.07,9.68,9.83,9.95,-0.12,-1.21,89838.41,88865.3045,2.9467,3.6088,0.98,27.5097,20.1122,2.4834,1.7851,1.8499,2.0346,2.0346,30891.84,30487.3068,24894.365,303666.7872,299690.2258,,,4.676
000881,中广核技,化工原料,辽宁,19980902,000881.SZ,20101027,9.73,10.14,9.73,9.95,9.78,0.17,1.74,118785.05,118862.1524,3.8962,4.7716,1.55,27.8456,20.3577,2.5137,1.8069,1.8725,2.0101,2.0101,30891.84,30487.3068,24894.365,307373.808,303348.7027,,,4.676
000881,中广核技,化工原料,辽宁,19980902,000881.SZ,20101026,9.95,9.99,9.71,9.78,9.73,0.05,0.51,100788.89,98877.3405,3.3059,4.0487,1.58,27.3698,20.0099,2.4708,1.7761,1.8405,2.045,2.045,30891.84,30487.3068,24894.365,302122.1952,298165.8605,,,4.676
000881,中广核技,化工原料,辽宁,19980902,000881.SZ,20101025,9.6,9.82,9.54,9.73,9.57,0.16,1.67,84543.89,81959.6122,2.7731,3.3961,1.44,27.2299,21.7015,2.5319,1.767,1.7733,2.0555,2.0555,30891.84,30487.3068,24894.365,300577.6032,296641.4952,,,4.676
000881,中广核技,化工原料,辽宁,19980902,000881.SZ,20101022,9.5,9.69,9.48,9.57,9.58,-0.01,-0.1,69722.98,66808.6187,2.287,2.8008,1.27,26.7821,21.3446,2.4903,1.7379,1.7441,2.0899,2.0899,30891.84,30487.3068,24894.365,295634.9088,291763.5261,,,4.676
000881,中广核技,化工原料,辽宁,19980902,000881.SZ,20101021,9.21,9.59,9.2,9.58,9.24,0.34,3.68,82947.9,78086.0726,2.7207,3.332,1.64,26.8101,21.3669,2.4929,1.7397,1.7459,2.0877,2.0877,30891.84,30487.3068,24894.365,295943.8272,292068.3991,,,4.676
000881,中广核技,化工原料,辽宁,19980902,000881.SZ,20101020,9.2,9.36,9.1,9.24,9.35,-0.11,-1.18,45334.08,41870.8243,1.487,1.8211,0.84,25.8586,20.6086,2.4044,1.678,1.684,2.1645,2.1645,30891.84,30487.3068,24894.365,285440.6016,281702.7148,,,4.676
000881,中广核技,化工原料,辽宁,19980902,000881.SZ,20101019,9.08,9.35,9.07,9.35,9.11,0.24,2.63,36378.28,33509.8174,1.1932,1.4613,0.64,26.1664,20.8539,2.433,1.698,1.704,2.139,2.139,30891.84,30487.3068,24894.365,288838.704,285056.3186,,,4.676
000881,中广核技,化工原料,辽宁,19980902,000881.SZ,20101018,9.19,9.2,8.91,9.11,9.19,-0.08,-0.87,59358.3,53643.9521,1.947,2.3844,1.12,25.4948,20.3186,2.3706,1.6544,1.6603,2.1954,2.1954,30891.84,30487.3068,24894.365,281424.6624,277739.3649,,,4.676
000881,中广核技,化工原料,辽宁,19980902,000881.SZ,20101015,9.16,9.29,9.13,9.19,9.19,0.0,0.0,50225.52,46288.4066,1.6474,2.0175,0.99,25.7187,20.4971,2.3914,1.6689,1.6748,2.1763,2.1763,30891.84,30487.3068,24894.365,283896.0096,280178.3495,,,4.676
000881,中广核技,化工原料,辽宁,19980902,000881.SZ,20101014,9.64,9.65,9.18,9.19,9.6,-0.41,-4.27,61141.23,57323.538,2.0055,2.456,1.41,25.7187,20.4971,2.3914,1.6689,1.6748,2.1763,2.1763,30891.84,30487.3068,24894.365,283896.0096,280178.3495,,,4.601
000881,中广核技,化工原料,辽宁,19980902,000881.SZ,20101013,9.47,9.64,9.42,9.6,9.5,0.1,1.05,62971.66,60037.5341,2.0655,2.5296,1.78,26.8661,21.4115,2.4981,1.7434,1.7496,2.0833,2.0833,30891.84,30487.3068,24894.365,296561.664,292678.1453,,,4.601
000881,中广核技,化工原料,辽宁,19980902,000881.SZ,20101012,9.44,9.58,9.39,9.5,9.45,0.05,0.53,49083.27,46577.8962,1.61,1.9717,1.61,26.5862,21.1885,2.4721,1.7252,1.7313,2.1053,2.1053,30891.84,30487.3068,24894.365,293472.48,289629.4146,,,4.601
000881,中广核技,化工原料,辽宁,19980902,000881.SZ,20101011,9.35,9.51,9.35,9.45,9.36,0.09,0.96,41940.06,39547.2047,1.3757,1.6847,1.57,26.4463,21.077,2.459,1.7161,1.7222,2.1164,2.1164,30891.84,30487.3068,24894.365,291927.888,288105.0493,,,4.601
000881,中广核技,化工原料,辽宁,19980902,000881.SZ,20101008,9.18,9.45,9.14,9.36,9.12,0.24,2.63,38754.58,36204.47,1.2712,1.5568,1.75,26.1944,20.8762,2.4356,1.6998,1.7058,2.1368,2.1368,30891.84,30487.3068,24894.365,289147.6224,285361.1916,,,4.601
000881,中广核技,化工原料,辽宁,19980902,000881.SZ,20100930,8.95,9.14,8.92,9.12,9.0,0.12,1.33,23657.12,21451.5944,0.776,0.9503,1.01,25.5228,20.3409,2.3732,1.6562,1.6621,2.193,2.193,30891.84,30487.3068,24894.365,281733.5808,278044.238,,,4.601
000881,中广核技,化工原料,辽宁,19980902,000881.SZ,20100929,9.08,9.14,8.94,9.0,9.06,-0.06,-0.66,23785.87,21557.1105,0.7802,0.9555,0.99,25.187,20.0733,2.3419,1.6344,1.6402,2.2222,2.2222,30891.84,30487.3068,24894.365,278026.56,274385.7612,,,4.601
000881,中广核技,化工原料,辽宁,19980902,000881.SZ,20100928,9.13,9.17,9.01,9.06,9.12,-0.06,-0.66,24727.08,22492.4819,0.8111,0.9933,0.75,25.3549,20.2071,2.3576,1.6453,1.6512,2.2075,2.2075,30891.84,30487.3068,24894.365,279880.0704,276214.9996,,,4.601
000881,中广核技,化工原料,辽宁,19980902,000881.SZ,20100927,8.98,9.13,8.96,9.12,8.92,0.2,2.24,22304.9,20226.3776,0.7316,0.896,0.56,25.5228,20.3409,2.3732,1.6562,1.6621,2.193,2.193,30891.84,30487.3068,24894.365,281733.5808,278044.238,,,4.601
000881,中广核技,化工原料,辽宁,19980902,000881.SZ,20100921,8.98,9.05,8.9,8.92,8.92,0.0,0.0,16553.98,14819.692,0.543,0.665,0.36,24.9631,19.8949,2.3211,1.6199,1.6256,2.2422,2.2422,30891.84,30487.3068,24894.365,275555.2128,271946.7767,,,4.601
000881,中广核技,化工原料,辽宁,19980902,000881.SZ,20100920,9.09,9.1,8.9,8.92,9.07,-0.15,-1.65,29545.81,26499.0403,0.9691,1.1868,0.55,24.9631,19.8949,2.3211,1.6199,1.6256,2.2422,2.2422,30891.84,30487.3068,24894.365,275555.2128,271946.7767,,,4.601
000881,中广核技,化工原料,辽宁,19980902,000881.SZ,20100917,9.11,9.14,8.99,9.07,9.09,-0.02,-0.22,27047.46,24539.1953,0.8872,1.0865,0.46,25.3829,20.2294,2.3602,1.6471,1.653,2.2051,2.2051,30891.84,30487.3068,24894.365,280188.9888,276519.8727,,,4.601
000881,中广核技,化工原料,辽宁,19980902,000881.SZ,20100916,9.4,9.48,8.9,9.09,9.47,-0.38,-4.01,69775.28,63918.8503,2.2887,2.8029,1.19,25.4388,20.274,2.3654,1.6508,1.6566,2.2002,2.2002,30891.84,30487.3068,24894.365,280806.8256,277129.6188,,,4.601
000881,中广核技,化工原料,辽宁,19980902,000881.SZ,20100915,9.77,9.79,9.46,9.47,9.78,-0.31,-3.17,56014.0,53781.8648,1.8373,2.2501,0.9,26.5023,21.1216,2.4642,1.7198,1.7259,2.1119,2.1119,30891.84,30487.3068,24894.365,292545.7248,288714.7954,11.77,9.63,4.601
000881,中广核技,化工原料,辽宁,19980902,000881.SZ,20100914,9.83,9.83,9.68,9.78,9.78,0.0,0.0,49278.44,48076.6712,1.6164,1.9795,0.78,27.3698,21.813,2.5449,1.7761,1.7824,2.045,2.045,30891.84,30487.3068,24894.365,302122.1952,298165.8605,11.69,9.57,4.601
000881,中广核技,化工原料,辽宁,19980902,000881.SZ,20100913,9.66,9.81,9.58,9.78,9.59,0.19,1.98,65457.02,63435.3692,2.147,2.6294,1.0,27.3698,21.813,2.5449,1.7761,1.7824,2.045,2.045,30891.84,30487.3068,24894.365,302122.1952,298165.8605,,,4.601
000881,中广核技,化工原料,辽宁,19980902,000881.SZ,20100910,9.65,9.69,9.31,9.59,9.61,-0.02,-0.21,52368.44,49845.0905,1.7177,2.1036,0.76,26.8381,21.3892,2.4955,1.7416,1.7477,2.0855,2.0855,30891.84,30487.3068,24894.365,296252.7456,292373.2722,,,4.601
000881,中广核技,化工原料,辽宁,19980902,000881.SZ,20100909,9.99,9.99,9.61,9.61,9.95,-0.34,-3.42,71161.6,69517.797,2.3341,2.8585,0.98,26.8941,21.4338,2.5007,1.7452,1.7514,2.0812,2.0812,30891.84,30487.3068,24894.365,296870.5824,292983.0183,,,4.601
000881,中广核技,化工原料,辽宁,19980902,000881.SZ,20100908,9.72,9.97,9.65,9.95,9.76,0.19,1.95,71709.55,70614.1347,2.3521,2.8806,0.91,27.8456,22.1922,2.5892,1.8069,1.8134,2.0101,2.0101,30891.84,30487.3068,24894.365,307373.808,303348.7027,,,4.601
000881,中广核技,化工原料,辽宁,19980902,000881.SZ,20100907,9.75,9.84,9.64,9.76,9.8,-0.04,-0.41,54144.52,52555.0244,1.776,2.175,0.67,27.3139,21.7684,2.5397,1.7724,1.7787,2.0492,2.0492,30891.84,30487.3068,24894.365,301504.3584,297556.1144,,,4.601
000881,中广核技,化工原料,辽宁,19980902,000881.SZ,20100906,9.79,9.85,9.62,9.8,9.73,0.07,0.72,76666.93,74858.5619,2.5147,3.0797,1.0,27.4258,21.8576,2.5501,1.7797,1.786,2.0408,2.0408,30891.84,30487.3068,24894.365,302740.032,298775.6066,,,4.601
000881,中广核技,化工原料,辽宁,19980902,000881.SZ,20100903,9.6,9.87,9.58,9.73,9.62,0.11,1.14,72089.59,70021.4253,2.3646,2.8958,1.02,27.2299,21.7015,2.5319,1.767,1.7733,2.0555,2.0555,30891.84,30487.3068,24894.365,300577.6032,296641.4952,,,4.601
000881,中广核技,化工原料,辽宁,19980902,000881.SZ,20100902,9.62,9.71,9.46,9.62,9.56,0.06,0.63,89176.78,85354.0385,2.925,3.5822,1.38,26.9221,21.4561,2.5033,1.747,1.7532,2.079,2.079,30891.84,30487.3068,24894.365,297179.5008,293287.8914,,,4.601
000881,中广核技,化工原料,辽宁,19980902,000881.SZ,20100901,9.94,10.04,9.38,9.56,9.91,-0.35,-3.53,100619.12,97493.474,3.3004,4.0418,1.63,26.7541,21.3223,2.4877,1.7361,1.7423,2.0921,2.0921,30891.84,30487.3068,24894.365,295325.9904,291458.653,,,4.601
000881,中广核技,化工原料,辽宁,19980902,000881.SZ,20100831,9.81,10.01,9.78,9.91,9.84,0.07,0.71,66027.45,65369.1787,2.1657,2.6523,0.94,27.7336,22.1029,2.5787,1.7997,1.8061,2.0182,2.0182,30891.84,30487.3068,24894.365,306138.1344,302129.2104,,,4.601
000881,中广核技,化工原料,辽宁,19980902,000881.SZ,20100830,9.74,9.92,9.68,9.84,9.66,0.18,1.86,53609.08,52736.9229,1.7584,2.1535,0.61,27.5377,21.9468,2.5605,1.787,1.7933,2.0325,2.0325,30891.84,30487.3068,24894.365,303975.7056,299995.0989,,,4.601
000881,中广核技,化工原料,辽宁,19980902,000881.SZ,20100827,9.87,9.9,9.56,9.66,9.85,-0.19,-1.93,45668.57,44288.2528,1.498,1.8345,0.41,27.034,21.5453,2.5137,1.7543,1.7605,2.0704,2.0704,30891.84,30487.3068,24894.365,298415.1744,294507.3837,,,4.601
000881,中广核技,化工原料,辽宁,19980902,000881.SZ,20100826,9.91,9.94,9.66,9.85,9.8,0.05,0.51,56415.44,55329.852,1.8505,2.2662,0.49,27.5657,21.9691,2.5631,1.7888,1.7951,2.0305,2.0305,30891.84,30487.3068,24894.365,304284.624,300299.972,,,4.601
000881,中广核技,化工原料,辽宁,19980902,000881.SZ,20100825,9.8,10.0,9.65,9.8,9.82,-0.02,-0.2,87664.07,85934.986,2.8754,3.5214,0.77,27.4258,21.8576,2.5501,1.7797,1.786,2.0408,2.0408,30891.84,30487.3068,24894.365,302740.032,298775.6066,,,4.601
000881,中广核技,化工原料,辽宁,19980902,000881.SZ,20100824,9.75,10.07,9.6,9.82,9.87,-0.05,-0.51,107952.75,106451.2961,3.5409,4.3364,0.98,27.4818,21.9022,2.5553,1.7833,1.7897,2.0367,2.0367,30891.84,30487.3068,24894.365,303357.8688,299385.3528,,,4.601
000881,中广核技,化工原料,辽宁,19980902,000881.SZ,20100823,9.45,9.95,9.38,9.87,9.42,0.45,4.78,138643.06,133666.3076,4.5476,5.5693,1.37,27.6217,22.0137,2.5683,1.7924,1.7988,2.0263,2.0263,30891.84,30487.3068,24894.365,304902.4608,300909.7181,,,4.601
000881,中广核技,化工原料,辽宁,19980902,000881.SZ,20100820,9.23,9.67,9.2,9.42,9.27,0.15,1.62,172763.47,163566.4413,5.6667,6.9399,2.24,26.3623,21.0101,2.4512,1.7107,1.7168,2.1231,2.1231,30891.84,30487.3068,24894.365,291001.1328,287190.4301,,,4.601
000881,中广核技,化工原料,辽宁,19980902,000881.SZ,20100819,9.29,9.37,9.14,9.27,9.29,-0.02,-0.22,71464.67,66196.9975,2.3441,2.8707,0.97,25.9426,20.6755,2.4122,1.6834,1.6894,2.1575,2.1575,30891.84,30487.3068,24894.365,286367.3568,282617.334,,,4.601
000881,中广核技,化工原料,辽宁,19980902,000881.SZ,20100818,9.41,9.46,9.15,9.29,9.29,0.0,0.0,76294.21,70924.8778,2.5025,3.0647,1.04,25.9985,20.7201,2.4174,1.6871,1.6931,2.1529,2.1529,30891.84,30487.3068,24894.365,286985.1936,283227.0802,,,4.601
000881,中广核技,化工原料,辽宁,19980902,000881.SZ,20100817,9.58,9.59,9.15,9.29,9.27,0.02,0.22,90271.73,84259.0178,2.961,3.6262,1.11,25.9985,20.7201,2.4174,1.6871,1.6931,2.1529,2.1529,30891.84,30487.3068,24894.365,286985.1936,283227.0802,,,4.601
000881,中广核技,化工原料,辽宁,19980902,000881.SZ,20100816,9.0,9.34,8.97,9.27,9.04,0.23,2.54,93652.61,86243.1444,3.0719,3.762,1.2,25.9426,20.6755,2.4122,1.6834,1.6894,2.1575,2.1575,30891.84,30487.3068,24894.365,286367.3568,282617.334,,,4.601
000881,中广核技,化工原料,辽宁,19980902,000881.SZ,20100813,8.8,9.04,8.71,9.04,8.78,0.26,2.96,54500.26,48509.6923,1.7876,2.1893,0.62,25.2989,20.1625,2.3524,1.6417,1.6475,2.2124,2.2124,30891.84,30487.3068,24894.365,279262.2336,275605.2535,,,4.601
000881,中广核技,化工原料,辽宁,19980902,000881.SZ,20100812,8.8,8.96,8.72,8.78,8.94,-0.16,-1.79,52952.75,46763.9315,1.7369,2.1271,0.59,24.5713,19.5826,2.2847,1.5945,1.6001,2.2779,2.2779,30891.84,30487.3068,24894.365,271230.3552,267678.5537,,,4.601
000881,中广核技,化工原料,辽宁,19980902,000881.SZ,20100811,8.88,9.05,8.75,8.94,8.94,0.0,0.0,74081.55,65880.0909,2.4299,2.9758,0.82,25.019,19.9395,2.3263,1.6235,1.6293,2.2371,2.2371,30891.84,30487.3068,24894.365,276173.0496,272556.5228,,,4.601
000881,中广核技,化工原料,辽宁,19980902,000881.SZ,20100810,9.03,9.27,8.92,8.94,9.04,-0.1,-1.11,131665.47,119782.578,4.3187,5.289,1.65,25.019,19.9395,2.3263,1.6235,1.6293,2.2371,2.2371,30891.84,30487.3068,24894.365,276173.0496,272556.5228,,,4.601
000881,中广核技,化工原料,辽宁,19980902,000881.SZ,20100809,8.98,9.07,8.86,9.04,8.98,0.06,0.67,78123.6,70158.1376,2.5625,3.1382,0.96,25.2989,20.1625,2.3524,1.6417,1.6475,2.2124,2.2124,30891.84,30487.3068,24894.365,279262.2336,275605.2535,,,4.601
000881,中广核技,化工原料,辽宁,19980902,000881.SZ,20100806,8.68,9.03,8.65,8.98,8.67,0.31,3.58,104671.12,92653.274,3.4333,4.2046,1.37,25.131,20.0287,2.3367,1.6308,1.6366,2.2272,2.2272,30891.84,30487.3068,24894.365,277408.7232,273776.0151,,,4.601
000881,中广核技,化工原料,辽宁,19980902,000881.SZ,20100805,8.67,8.77,8.61,8.67,8.69,-0.02,-0.23,60879.32,53003.8939,1.9969,2.4455,0.77,24.2634,19.3373,2.2561,1.5745,1.5801,2.3068,2.3068,30891.84,30487.3068,24894.365,267832.2528,264324.95,,,4.601
000881,中广核技,化工原料,辽宁,19980902,000881.SZ,20100804,8.68,8.74,8.44,8.69,8.69,0.0,0.0,78440.35,67319.9683,2.5729,3.1509,0.98,24.3194,19.3819,2.2613,1.5781,1.5837,2.3015,2.3015,30891.84,30487.3068,24894.365,268450.0896,264934.6961,,,4.601
000881,中广核技,化工原料,辽宁,19980902,000881.SZ,20100803,8.89,8.92,8.69,8.69,8.92,-0.23,-2.58,76668.6,67531.6583,2.5148,3.0798,0.92,24.3194,19.3819,2.2613,1.5781,1.5837,2.3015,2.3015,30891.84,30487.3068,24894.365,268450.0896,264934.6961,,,4.601
000881,中广核技,化工原料,辽宁,19980902,000881.SZ,20100802,8.88,8.92,8.69,8.92,8.81,0.11,1.25,87691.83,77377.7185,2.8763,3.5226,1.15,24.9631,19.8949,2.3211,1.6199,1.6256,2.2422,2.2422,30891.84,30487.3068,24894.365,275555.2128,271946.7767,,,4.601
000881,中广核技,化工原料,辽宁,19980902,000881.SZ,20100730,8.59,8.84,8.54,8.81,8.62,0.19,2.2,77927.23,68048.0452,2.5561,3.1303,1.1,24.6552,19.6495,2.2925,1.5999,1.6056,2.2701,2.2701,30891.84,30487.3068,24894.365,272157.1104,268593.1729,,,4.601
000881,中广核技,化工原料,辽宁,19980902,000881.SZ,20100729,8.52,8.67,8.46,8.62,8.52,0.1,1.17,73017.74,62637.4262,2.395,2.9331,1.08,24.1235,19.2258,2.2431,1.5654,1.571,2.3202,2.3202,30891.84,30487.3068,24894.365,266287.6608,262800.5846,,,4.601
000881,中广核技,化工原料,辽宁,19980902,000881.SZ,20100728,8.23,8.55,8.23,8.52,8.29,0.23,2.77,83073.1,70372.0706,2.7248,3.337,1.33,23.8436,19.0027,2.217,1.5472,1.5527,2.3474,2.3474,30891.84,30487.3068,24894.365,263198.4768,259751.8539,,,4.601
000881,中广核技,化工原料,辽宁,19980902,000881.SZ,20100727,8.36,8.52,8.28,8.29,8.17,0.12,1.47,96231.88,80701.2195,3.1565,3.8656,1.74,23.2,18.4897,2.1572,1.5055,1.5108,2.4125,2.4125,30891.84,30487.3068,24894.365,256093.3536,252739.7734,,,4.601
000881,中广核技,化工原料,辽宁,19980902,000881.SZ,20100726,8.08,8.19,7.99,8.17,8.08,0.09,1.11,51610.66,41785.6547,1.6926,2.0728,0.96,22.8642,20.3436,2.0555,1.4837,1.4937,2.448,2.448,30891.84,30492.3564,24899.4146,252386.3328,249122.5518,,,4.601
000881,中广核技,化工原料,辽宁,19980902,000881.SZ,20100723,8.08,8.13,7.96,8.08,8.12,-0.04,-0.49,49065.96,39409.1243,1.6091,1.9706,0.97,22.6123,20.1195,2.0329,1.4673,1.4773,2.4752,2.4752,30891.84,30492.3564,24899.4146,249606.0672,246378.2397,,,4.601
000881,中广核技,化工原料,辽宁,19980902,000881.SZ,20100722,7.96,8.16,7.88,8.12,7.94,0.18,2.27,58186.44,46791.6639,1.9082,2.3369,1.23,22.7242,20.2191,2.043,1.4746,1.4846,2.4631,2.4631,30891.84,30492.3564,24899.4146,250841.7408,247597.934,,,4.601
000881,中广核技,化工原料,辽宁,19980902,000881.SZ,20100721,7.93,8.04,7.86,7.94,7.96,-0.02,-0.25,57751.22,45871.8478,1.894,2.3194,1.22,22.2205,19.7709,1.9977,1.4419,1.4517,2.5189,2.5189,30891.84,30492.3564,24899.4146,245281.2096,242109.3098,,,4.601
000881,中广核技,化工原料,辽宁,19980902,000881.SZ,20100720,7.68,7.99,7.68,7.96,7.7,0.26,3.38,60101.32,47354.0424,1.971,2.4138,1.35,22.2765,19.8207,2.0027,1.4455,1.4553,2.5126,2.5126,30891.84,30492.3564,24899.4146,245899.0464,242719.1569,,,4.601
000881,中广核技,化工原料,辽宁,19980902,000881.SZ,20100719,7.46,7.74,7.46,7.7,7.55,0.15,1.99,42745.53,32610.7095,1.4018,1.7167,0.88,21.5488,19.1733,1.9373,1.3983,1.4078,2.5974,2.5974,30891.84,30492.3564,24899.4146,237867.168,234791.1443,,,4.601
000881,中广核技,化工原料,辽宁,19980902,000881.SZ,20100716,7.39,7.57,7.33,7.55,7.4,0.15,2.03,33545.01,24955.7613,1.1001,1.3472,0.62,21.1291,18.7998,1.8996,1.3711,1.3804,2.649,2.649,30891.84,30492.3564,24899.4146,233233.392,230217.2908,,,4.601
000881,中广核技,化工原料,辽宁,19980902,000881.SZ,20100715,7.6,7.7,7.38,7.4,7.6,-0.2,-2.63,42173.59,31874.0202,1.3831,1.6938,0.81,20.7093,18.4263,1.8618,1.3438,1.353,2.7027,2.7027,30891.84,30492.3564,24899.4146,228599.616,225643.4374,,,4.601
000881,中广核技,化工原料,辽宁,19980902,000881.SZ,20100714,7.62,7.72,7.52,7.6,7.55,0.05,0.66,57408.24,43839.408,1.8827,2.3056,1.16,21.269,18.9243,1.9121,1.3802,1.3895,2.6316,2.6316,30891.84,30492.3564,24899.4146,234777.984,231741.9086,,,4.601
000881,中广核技,化工原料,辽宁,19980902,000881.SZ,20100713,7.79,7.83,7.58,7.75,7.9,-0.15,-1.9,46510.66,35895.168,1.5253,1.8679,0.93,21.6888,19.2978,1.9499,1.4074,1.417,2.5806,,30891.84,30492.3564,24899.4146,239411.76,236315.7621,,,4.601
000881,中广核技,化工原料,辽宁,19980902,000881.SZ,20100712,7.83,7.93,7.73,7.9,7.78,0.12,1.54,63428.55,49610.8877,2.0801,2.5474,1.31,22.1085,19.6713,1.9876,1.4346,1.4444,2.5316,,30891.84,30492.3564,24899.4146,244045.536,240889.6156,,,4.601
000881,中广核技,化工原料,辽宁,19980902,000881.SZ,20100709,7.47,7.8,7.43,7.78,7.47,0.31,4.15,59243.98,45471.3636,1.9429,2.3793,1.25,21.7727,19.3725,1.9574,1.4129,1.4224,2.5707,2.5707,30891.84,30492.3564,24899.4146,240338.5152,237230.5328,,,4.601
000881,中广核技,化工原料,辽宁,19980902,000881.SZ,20100708,7.5,7.55,7.36,7.47,7.47,0.0,0.0,35250.37,26296.2035,1.156,1.4157,0.78,20.9052,18.6006,1.8794,1.3566,1.3658,2.6774,2.6774,30891.84,30492.3564,24899.4146,230762.0448,227777.9023,,,4.601
000881,中广核技,化工原料,辽宁,19980902,000881.SZ,20100707,7.32,7.51,7.28,7.47,7.38,0.09,1.22,43871.98,32377.0557,1.4388,1.762,1.02,20.9052,18.6006,1.8794,1.3566,1.3658,2.6774,2.6774,30891.84,30492.3564,24899.4146,230762.0448,227777.9023,,,4.601
000881,中广核技,化工原料,辽宁,19980902,000881.SZ,20100706,7.16,7.38,7.1,7.38,7.1,0.28,3.94,49541.59,36087.9967,1.6247,1.9897,1.15,20.6533,18.3765,1.8568,1.3402,1.3493,2.71,2.71,30891.84,30492.3564,24899.4146,227981.7792,225033.5902,,,4.601
000881,中广核技,化工原料,辽宁,19980902,000881.SZ,20100705,7.22,7.24,7.02,7.1,7.29,-0.19,-2.61,54558.13,38812.9169,1.7892,2.1911,1.51,19.8697,17.6793,1.7863,1.2894,1.2981,2.8169,2.8169,30891.84,30492.3564,24899.4146,219332.064,216495.7304,,,4.601
000881,中广核技,化工原料,辽宁,19980902,000881.SZ,20100702,7.4,7.49,7.0,7.29,7.46,-0.17,-2.28,54166.95,39199.3852,1.7764,2.1754,1.7,20.4014,18.1524,1.8341,1.3239,1.3328,2.7435,2.7435,30891.84,30492.3564,24899.4146,225201.5136,222289.2782,,,4.601
000881,中广核技,化工原料,辽宁,19980902,000881.SZ,20100701,7.63,7.7,7.45,7.46,7.62,-0.16,-2.1,24868.54,18823.1077,0.8156,0.9988,0.73,20.8772,18.5757,1.8769,1.3547,1.3639,2.681,2.681,30891.84,30492.3564,24899.4146,230453.1264,227472.9787,,,4.601
000881,中广核技,化工原料,辽宁,19980902,000881.SZ,20100630,7.86,7.94,7.51,7.62,7.89,-0.27,-3.42,32512.72,24871.7684,1.0663,1.3058,0.89,21.325,18.9741,1.9172,1.3838,1.3932,2.6247,2.6247,30891.84,30492.3564,24899.4146,235395.8208,232351.7558,,,4.601
000881,中广核技,化工原料,辽宁,19980902,000881.SZ,20100629,8.4,8.57,7.85,7.89,8.4,-0.51,-6.07,49400.32,40173.4232,1.6201,1.984,1.41,22.0806,19.6464,1.9851,1.4328,1.4425,2.5349,2.5349,30891.84,30492.3564,24899.4146,243736.6176,240584.692,,,4.601
000881,中广核技,化工原料,辽宁,19980902,000881.SZ,20100628,8.5,8.56,8.37,8.4,8.52,-0.12,-1.41,19501.37,16461.3747,0.6395,0.7832,0.5,23.5078,20.9163,2.1134,1.5255,1.5358,2.381,2.381,30891.84,30492.3564,24899.4146,259491.456,256135.7938,,,4.601
000881,中广核技,化工原料,辽宁,19980902,000881.SZ,20100625,8.66,8.66,8.41,8.52,8.7,-0.18,-2.07,33052.05,28182.0107,1.0839,1.3274,0.77,23.8436,21.2151,2.1436,1.5472,1.5577,2.3474,2.3474,30891.84,30492.3564,24899.4146,263198.4768,259794.8765,,,4.601
000881,中广核技,化工原料,辽宁,19980902,000881.SZ,20100624,8.65,8.73,8.54,8.7,8.68,0.02,0.23,36967.63,31946.64,1.2124,1.4847,0.87,24.3474,21.6633,2.1889,1.5799,1.5906,2.2989,2.2989,30891.84,30492.3564,24899.4146,268759.008,265283.5007,,,4.601
000881,中广核技,化工原料,辽宁,19980902,000881.SZ,20100623,8.69,8.73,8.48,8.68,8.68,0.0,0.0,43639.77,37579.0198,1.4312,1.7526,0.94,24.2914,21.6135,2.1839,1.5763,1.587,2.3041,2.3041,30891.84,30492.3564,24899.4146,268141.1712,264673.6536,,,4.601
000881,中广核技,化工原料,辽宁,19980902,000881.SZ,20100622,8.59,8.74,8.54,8.68,8.6,0.08,0.93,41638.08,36166.568,1.3655,1.6723,0.73,24.2914,21.6135,2.1839,1.5763,1.587,2.3041,2.3041,30891.84,30492.3564,24899.4146,268141.1712,264673.6536,,,4.601
000881,中广核技,化工原料,辽宁,19980902,000881.SZ,20100621,8.25,8.65,8.24,8.6,8.28,0.32,3.86,40585.32,34426.104,1.331,1.63,0.57,24.0675,21.4143,2.1637,1.5618,1.5724,2.3256,2.3256,30891.84,30492.3564,24899.4146,265669.824,262234.265,,,4.601
000881,中广核技,化工原料,辽宁,19980902,000881.SZ,20100618,8.61,8.65,8.22,8.28,8.6,-0.32,-3.72,50945.74,43091.2568,1.6708,2.0461,0.69,23.172,20.6175,2.0832,1.5037,1.5139,2.4155,2.4155,30891.84,30492.3564,24899.4146,255784.4352,252476.711,,,4.601
000881,中广核技,化工原料,辽宁,19980902,000881.SZ,20100617,8.8,8.81,8.6,8.6,8.71,-0.11,-1.26,36248.96,31558.9136,1.1888,1.4558,0.44,24.0675,21.4143,2.1637,1.5618,1.5724,2.3256,2.3256,30891.84,30492.3564,24899.4146,265669.824,262234.265,,,4.601
000881,中广核技,化工原料,辽宁,19980902,000881.SZ,20100611,8.71,8.96,8.67,8.71,8.71,0.0,0.0,61975.95,54388.8305,2.0325,2.4891,0.77,24.3754,21.6882,2.1914,1.5817,1.5925,2.2962,2.2962,30891.84,30492.3564,24899.4146,269067.9264,265588.4242,,,4.601
000881,中广核技,化工原料,辽宁,19980902,000881.SZ,20100610,8.52,8.85,8.48,8.71,8.6,0.11,1.28,95547.04,82752.247,3.1335,3.8373,1.32,24.3754,21.6882,2.1914,1.5817,1.5925,2.2962,2.2962,30891.84,30492.3564,24899.4146,269067.9264,265588.4242,,,4.601
000881,中广核技,化工原料,辽宁,19980902,000881.SZ,20100609,8.4,8.68,8.2,8.6,8.33,0.27,3.24,112136.79,94714.0812,3.6775,4.5036,1.92,24.0675,21.4143,2.1637,1.5618,1.5724,2.3256,2.3256,30891.84,30492.3564,24899.4146,265669.824,262234.265,,,4.601
000881,中广核技,化工原料,辽宁,19980902,000881.SZ,20100608,8.3,8.43,8.16,8.33,8.28,0.05,0.6,61428.97,51115.5852,2.0146,2.4671,0.97,23.3119,20.742,2.0958,1.5127,1.523,2.401,2.401,30891.84,30492.3564,24899.4146,257329.0272,254001.3288,,,4.601
000881,中广核技,化工原料,辽宁,19980902,000881.SZ,20100607,8.45,8.55,8.14,8.28,8.63,-0.35,-4.06,83480.31,69317.8617,2.7377,3.3527,1.3,23.172,20.6175,2.0832,1.5037,1.5139,2.4155,2.4155,30891.84,30492.3564,24899.4146,255784.4352,252476.711,,,4.601
000881,中广核技,化工原料,辽宁,19980902,000881.SZ,20100604,8.61,8.72,8.49,8.63,8.74,-0.11,-1.26,50190.42,43232.7156,1.646,2.0157,0.71,24.1515,21.489,2.1713,1.5672,1.5778,2.3175,2.3175,30891.84,30492.3564,24899.4146,266596.5792,263149.0357,,,4.601
000881,中广核技,化工原料,辽宁,19980902,000881.SZ,20100603,9.0,9.05,8.72,8.74,8.93,-0.19,-2.13,54366.1,48381.0192,1.7829,2.1834,0.81,24.4593,21.7629,2.199,1.5872,1.598,2.2883,2.2883,30891.84,30492.3564,24899.4146,269994.6816,266503.1949,,,4.601
000881,中广核技,化工原料,辽宁,19980902,000881.SZ,20100602,8.9,8.95,8.66,8.93,8.81,0.12,1.36,42413.79,37393.7357,1.391,1.7034,0.61,24.9911,22.236,2.2468,1.6217,1.6327,2.2396,2.2396,30891.84,30492.3564,24899.4146,275864.1312,272296.7427,,,4.601
000881,中广核技,化工原料,辽宁,19980902,000881.SZ,20100601,9.15,9.17,8.53,8.81,9.47,-0.66,-6.97,87391.93,77714.3943,2.866,3.5098,1.22,24.6552,21.9372,2.2166,1.5999,1.6108,2.2701,2.2701,30891.84,30492.3564,24899.4146,272157.1104,268637.6599,,,4.601
000881,中广核技,化工原料,辽宁,19980902,000881.SZ,20100528,9.51,9.64,9.33,9.47,9.44,0.03,0.32,86521.64,82228.4343,2.8375,3.4748,1.21,26.5023,23.5807,2.3826,1.7198,1.7314,2.1119,2.1119,30891.84,30492.3564,24899.4146,292545.7248,288762.6151,,,4.601
000881,中广核技,化工原料,辽宁,19980902,000881.SZ,20100527,9.12,9.5,9.0,9.44,9.12,0.32,3.51,80954.63,75408.1348,2.6549,3.2513,1.28,26.4183,23.506,2.3751,1.7143,1.7259,2.1186,2.1186,30891.84,30492.3564,24899.4146,291618.9696,287847.8444,,,4.601
000881,中广核技,化工原料,辽宁,19980902,000881.SZ,20100526,9.06,9.23,9.02,9.12,9.09,0.03,0.33,39836.2,36356.1392,1.3064,1.5999,0.61,25.5228,22.7091,2.2946,1.6562,1.6674,2.193,2.193,30891.84,30492.3564,24899.4146,281733.5808,278090.2904,,,4.601
000881,中广核技,化工原料,辽宁,19980902,000881.SZ,20100525,9.1,9.25,8.99,9.09,9.23,-0.14,-1.52,55722.42,50693.4506,1.8274,2.2379,0.86,25.4388,22.6344,2.287,1.6508,1.6619,2.2002,2.2002,30891.84,30492.3564,24899.4146,280806.8256,277175.5197,,,4.601
000881,中广核技,化工原料,辽宁,19980902,000881.SZ,20100524,8.76,9.38,8.75,9.23,8.7,0.53,6.09,95429.77,86969.751,3.1296,3.8326,1.47,25.8306,22.9831,2.3222,1.6762,1.6875,2.1668,2.1668,30891.84,30492.3564,24899.4146,285131.6832,281444.4496,,,4.601
000881,中广核技,化工原料,辽宁,19980902,000881.SZ,20100521,8.36,8.7,8.1,8.7,8.62,0.08,0.93,85001.86,71209.3592,2.7876,3.4138,1.32,24.3474,21.6633,2.1889,1.5799,1.5906,2.2989,2.2989,30891.84,30492.3564,24899.4146,268759.008,265283.5007,,,4.601
000881,中广核技,化工原料,辽宁,19980902,000881.SZ,20100520,8.85,9.08,8.58,8.62,8.91,-0.29,-3.25,39927.44,35390.9712,1.3094,1.6035,0.51,24.1235,21.4641,2.1688,1.5654,1.576,2.3202,2.3202,30891.84,30492.3564,24899.4146,266287.6608,262844.1122,,,4.601
000881,中广核技,化工原料,辽宁,19980902,000881.SZ,20100519,8.85,9.21,8.7,8.91,8.95,-0.04,-0.45,48029.47,42935.0987,1.5751,1.9289,0.5,24.9351,22.1862,2.2417,1.6181,1.629,2.2447,2.2447,30891.84,30492.3564,24899.4146,275246.2944,271686.8955,,,4.601
000881,中广核技,化工原料,辽宁,19980902,000881.SZ,20100518,8.69,9.09,8.58,8.95,8.7,0.25,2.87,57186.07,50527.7635,1.8754,2.2967,0.56,25.047,22.2858,2.2518,1.6253,1.6363,2.2346,2.2346,30891.84,30492.3564,24899.4146,276481.968,272906.5898,,,4.601
000881,中广核技,化工原料,辽宁,19980902,000881.SZ,20100517,9.52,9.52,8.69,8.7,9.66,-0.96,-9.94,95536.88,86328.4959,3.1331,3.8369,0.87,24.3474,21.6633,2.1889,1.5799,1.5906,2.2989,2.2989,30891.84,30492.3564,24899.4146,268759.008,265283.5007,,,4.601
000881,中广核技,化工原料,辽宁,19980902,000881.SZ,20100514,9.62,9.88,9.49,9.66,9.82,-0.16,-1.63,81846.04,79145.9627,2.6841,3.2871,0.66,27.034,24.0538,2.4304,1.7543,1.7662,2.0704,2.0704,30891.84,30492.3564,24899.4146,298415.1744,294556.1628,,,4.601
000881,中广核技,化工原料,辽宁,19980902,000881.SZ,20100513,9.16,9.86,9.04,9.82,9.34,0.48,5.14,106673.5,100343.6253,3.4984,4.2842,0.85,27.4818,24.4522,2.4707,1.7833,1.7954,2.0367,2.0367,30891.84,30492.3564,24899.4146,303357.8688,299434.9398,,,4.601
000881,中广核技,化工原料,辽宁,19980902,000881.SZ,20100512,10.2,10.73,9.34,9.34,10.38,-1.04,-10.02,140294.73,140417.785,4.601,5.6345,1.21,26.1385,23.257,2.3499,1.6962,1.7077,2.1413,2.1413,30891.84,30492.3564,24899.4146,288529.7856,284798.6088,,,4.601
000881,中广核技,化工原料,辽宁,19980902,000881.SZ,20100511,11.0,11.13,10.35,10.38,10.76,-0.38,-3.53,82346.81,87390.7,2.7006,3.3072,0.71,29.049,25.8466,2.6116,1.885,1.8978,1.9268,1.9268,30891.84,30492.3564,24899.4146,320657.2992,316510.6594,,,4.601
000881,中广核技,化工原料,辽宁,19980902,000881.SZ,20100510,11.02,11.22,10.3,10.76,11.0,-0.24,-2.18,137359.76,148906.6165,4.5047,5.5166,1.29,30.1124,26.7928,2.7072,1.954,1.9673,1.8587,1.8587,30891.84,30492.3564,24899.4146,332396.1984,328097.7549,,,4.601
000881,中广核技,化工原料,辽宁,19980902,000881.SZ,20100507,10.27,11.17,10.27,11.0,10.55,0.45,4.27,149910.05,161679.8495,4.9163,6.0206,1.51,30.7841,27.3904,2.7676,1.9976,2.0112,1.8182,1.8182,30891.84,30492.3564,24899.4146,339810.24,335415.9204,,,4.601
000881,中广核技,化工原料,辽宁,19980902,000881.SZ,20100506,10.76,11.06,10.5,10.55,10.83,-0.28,-2.59,121085.13,131577.8102,3.971,4.863,1.2,29.5247,26.2699,2.6544,1.9159,1.9289,1.8957,1.8957,30891.84,30492.3564,24899.4146,325908.912,321694.36,,,4.601
000881,中广核技,化工原料,辽宁,19980902,000881.SZ,20100505,10.21,10.85,10.11,10.83,10.32,0.51,4.94,88212.6,93443.409,2.8929,3.5428,0.76,30.3083,26.9671,2.7248,1.9667,1.9801,1.8467,1.8467,30891.84,30492.3564,24899.4146,334558.6272,330232.2198,,,4.601
000881,中广核技,化工原料,辽宁,19980902,000881.SZ,20100504,9.8,10.48,9.75,10.32,9.96,0.36,3.61,81520.91,83791.9187,2.6735,3.274,0.64,28.881,25.6972,2.5965,1.8741,1.8868,1.938,1.938,30891.84,30492.3564,24899.4146,318803.7888,314681.118,,,4.601
000881,中广核技,化工原料,辽宁,19980902,000881.SZ,20100430,10.1,10.25,9.79,9.96,10.32,-0.36,-3.49,93301.83,93202.6823,3.0598,3.7471,0.57,27.8736,24.8008,2.5059,1.8087,1.821,2.008,2.008,30891.84,30492.3564,24899.4146,307682.7264,303703.8697,,,4.601
000881,中广核技,化工原料,辽宁,19980902,000881.SZ,20100429,11.02,11.18,10.28,10.32,11.18,-0.86,-7.69,110976.21,119534.0316,3.6395,4.457,0.61,28.881,25.6972,2.5965,1.8741,1.8868,1.938,1.938,30891.84,30492.3564,24899.4146,318803.7888,314681.118,,,4.601
000881,中广核技,化工原料,辽宁,19980902,000881.SZ,20100428,10.56,11.25,10.42,11.18,10.59,0.59,5.57,131252.41,142788.318,4.3044,5.2713,0.63,31.2878,27.8386,2.8129,2.0303,2.0441,1.7889,1.7889,30891.84,30492.3564,24899.4146,345370.7712,340904.5446,,,4.601
000881,中广核技,化工原料,辽宁,19980902,000881.SZ,20100427,11.35,11.39,10.32,10.59,11.3,-0.71,-6.28,166349.83,177614.1957,5.4555,6.6809,0.82,29.6366,26.3695,2.6644,1.9232,1.9362,1.8886,1.8886,30891.84,30492.3564,24899.4146,327144.5856,322914.0543,,,4.601
000881,中广核技,化工原料,辽宁,19980902,000881.SZ,20100426,11.8,11.8,11.26,11.3,11.75,-0.45,-3.83,137134.57,157290.5601,4.4973,5.5075,0.68,31.6236,31.6236,2.934,2.0521,2.0521,1.7699,1.7699,30891.84,30492.3564,24899.4146,349077.792,344563.6273,,,4.601
000881,中广核技,化工原料,辽宁,19980902,000881.SZ,20100423,11.47,12.05,11.03,11.75,11.38,0.37,3.25,271372.01,313811.0088,8.8997,10.8987,1.61,32.883,32.883,3.0508,2.1338,2.1338,1.7021,1.7021,30891.84,30492.3564,24899.4146,362979.12,358285.1877,,,4.601
000881,中广核技,化工原料,辽宁,19980902,000881.SZ,20100422,11.1,11.72,11.0,11.38,11.2,0.18,1.61,204101.13,233602.2981,6.6935,8.197,1.28,31.8475,31.8475,2.9548,2.0666,2.0666,1.7575,1.7575,30891.84,30492.3564,24899.4146,351549.1392,347003.0158,,,4.601
000881,中广核技,化工原料,辽宁,19980902,000881.SZ,20100421,10.51,11.3,10.44,11.2,10.56,0.64,6.06,260695.16,284932.4993,8.5495,10.4699,1.73,31.3438,31.3438,2.908,2.0339,2.0339,1.7857,1.7857,30891.84,30492.3564,24899.4146,345988.608,341514.3917,,,4.601
000881,中广核技,化工原料,辽宁,19980902,000881.SZ,20100420,10.24,10.58,10.12,10.56,10.24,0.32,3.13,141586.84,146144.4272,4.6434,5.6864,0.87,29.5527,29.5527,2.7418,1.9177,1.9177,1.8939,1.8939,30891.84,30492.3564,24899.4146,326217.8304,321999.2836,,,4.601
000881,中广核技,化工原料,辽宁,19980902,000881.SZ,20100419,10.32,10.63,10.17,10.24,10.47,-0.23,-2.2,134732.9,140209.9218,4.4186,5.4111,0.75,28.6572,28.6572,2.6588,1.8596,1.8596,1.9531,1.9531,30891.84,30492.3564,24899.4146,316332.4416,312241.7295,,,4.601
000881,中广核技,化工原料,辽宁,19980902,000881.SZ,20100416,10.65,10.69,10.33,10.47,10.71,-0.24,-2.24,101189.17,105896.0916,3.3185,4.0639,0.49,29.3008,29.3008,2.7185,1.9014,1.9014,1.9102,1.9102,30891.84,30492.3564,24899.4146,323437.5648,319254.9715,,,4.601
000881,中广核技,化工原料,辽宁,19980902,000881.SZ,20100415,10.7,11.08,10.59,10.71,10.75,-0.04,-0.37,156220.08,168827.314,5.1233,6.274,0.69,29.9725,29.9725,2.7808,1.9449,1.9449,1.8674,1.8674,30891.84,30492.3564,24899.4146,330851.6064,326573.137,,,4.601
000881,中广核技,化工原料,辽宁,19980902,000881.SZ,20100414,10.8,11.11,10.61,10.75,10.65,0.1,0.94,220187.88,238907.9688,7.2211,8.8431,0.95,30.0844,30.0844,2.7912,1.9522,1.9522,1.8605,1.8605,30891.84,30492.3564,24899.4146,332087.28,327792.8313,,,4.601
000881,中广核技,化工原料,辽宁,19980902,000881.SZ,20100413,10.6,10.86,10.31,10.65,10.6,0.05,0.47,202075.85,213864.0719,6.6271,8.1157,0.96,29.8046,29.8046,2.7652,1.9341,1.9341,1.8779,1.8779,30891.84,30492.3564,24899.4146,328998.096,324743.5957,,,4.601
000881,中广核技,化工原料,辽宁,19980902,000881.SZ,20100412,10.53,10.82,10.32,10.6,10.53,0.07,0.66,221811.95,233595.2686,7.2743,8.9083,1.21,29.6646,29.6646,2.7522,1.925,1.925,1.8868,1.8868,30891.84,30492.3564,24899.4146,327453.504,323218.9778,,,4.601
000881,中广核技,化工原料,辽宁,19980902,000881.SZ,20100409,10.4,10.64,10.13,10.53,10.4,0.13,1.25,233997.21,243866.7061,7.674,9.3977,1.43,29.4687,29.4687,2.7341,1.9123,1.9123,1.8993,1.8993,30891.84,30492.3564,24899.4146,325291.0752,321084.5129,,,4.601
000881,中广核技,化工原料,辽宁,19980902,000881.SZ,20100408,9.72,10.49,9.72,10.4,9.82,0.58,5.91,250531.3,255328.4562,8.2162,10.0617,2.02,29.1049,29.1049,2.7003,1.8887,1.8887,1.9231,1.9231,30891.84,30492.3564,24899.4146,321275.136,317120.5066,,,4.601
000881,中广核技,化工原料,辽宁,19980902,000881.SZ,20100407,9.5,10.18,9.45,9.82,9.45,0.37,3.92,246965.67,244221.1564,8.0993,9.9185,2.76,27.4818,27.4818,2.5497,1.7833,1.7833,2.0367,2.0367,30891.84,30492.3564,24899.4146,303357.8688,299434.9398,,,4.601
000881,中广核技,化工原料,辽宁,19980902,000881.SZ,20100406,9.37,9.47,9.26,9.45,9.29,0.16,1.72,101310.39,94837.1235,3.3225,4.0688,1.24,26.4463,26.4463,2.4536,1.7161,1.7161,2.1164,2.1164,30891.84,30492.3564,24899.4146,291927.888,288152.768,,,4.601
000881,中广核技,化工原料,辽宁,19980902,000881.SZ,20100402,9.27,9.37,9.2,9.29,9.28,0.01,0.11,85437.6,79356.3178,2.8019,3.4313,1.19,25.9985,25.9985,2.4121,1.6871,1.6871,2.1529,2.1529,30891.84,30492.3564,24899.4146,286985.1936,283273.991,,,4.601
000881,中广核技,化工原料,辽宁,19980902,000881.SZ,20100401,9.07,9.31,8.99,9.28,9.03,0.25,2.77,132882.44,122269.8421,4.3579,5.3368,2.35,25.9705,25.9705,2.4095,1.6853,1.6853,2.1552,2.1552,30891.84,30492.3564,24899.4146,286676.2752,282969.0674,,,4.601
000881,中广核技,化工原料,辽宁,19980902,000881.SZ,20100331,8.93,9.04,8.9,9.03,8.93,0.1,1.12,54436.7,48947.0576,1.7853,2.1863,0.99,25.2709,25.2709,2.3446,1.6399,1.6399,2.2148,2.2148,30891.84,30492.3564,24899.4146,278953.3152,275345.9783,,,4.601
000881,中广核技,化工原料,辽宁,19980902,000881.SZ,20100330,8.96,9.0,8.85,8.93,9.04,-0.11,-1.22,73804.75,65789.5663,2.4204,2.9641,1.45,24.9911,24.9911,2.3186,1.6217,1.6217,2.2396,2.2396,30891.84,30492.3564,24899.4146,275864.1312,272296.7427,,,4.601
000881,中广核技,化工原料,辽宁,19980902,000881.SZ,20100329,8.96,9.1,8.92,9.04,8.9,0.14,1.57,62964.65,56766.4602,2.0649,2.5496,1.21,17.3311,67.4246,2.4615,1.1166,1.2206,2.2124,2.2124,30891.84,30492.3564,24695.751,279262.2336,275650.9019,,,4.601
000881,中广核技,化工原料,辽宁,19980902,000881.SZ,20100326,8.73,8.94,8.71,8.9,8.74,0.16,1.83,35448.37,31399.2184,1.1625,1.4354,0.6,17.0627,66.3804,2.4234,1.0993,1.2017,2.2472,2.2472,30891.84,30492.3564,24695.751,274937.376,271381.972,,,4.601
000881,中广核技,化工原料,辽宁,19980902,000881.SZ,20100325,8.92,8.99,8.7,8.74,8.97,-0.23,-2.56,56373.09,49631.7968,1.8488,2.2827,0.96,16.756,65.1871,2.3798,1.0796,1.1801,2.2883,2.2883,30891.84,30492.3564,24695.751,269994.6816,266503.1949,,,4.601
000881,中广核技,化工原料,辽宁,19980902,000881.SZ,20100324,8.98,9.08,8.93,8.97,8.98,-0.01,-0.11,46052.9,41515.7008,1.5103,1.8648,0.72,17.1969,66.9025,2.4424,1.108,1.2111,2.2297,2.2297,30891.84,30492.3564,24695.751,277099.8048,273516.4369,,,4.601
000881,中广核技,化工原料,辽宁,19980902,000881.SZ,20100323,9.12,9.15,8.94,8.98,9.09,-0.11,-1.21,52800.33,47715.0703,1.7316,2.138,0.88,17.2161,66.9771,2.4451,1.1092,1.2125,2.2272,2.2272,30891.84,30492.3564,24695.751,277408.7232,273821.3605,,,4.601
000881,中广核技,化工原料,辽宁,19980902,000881.SZ,20100322,9.09,9.21,9.02,9.09,9.1,-0.01,-0.11,69366.87,63284.1558,2.2749,2.8089,1.33,17.427,67.7975,2.4751,1.1228,1.2273,2.2002,2.2002,30891.84,30492.3564,24695.751,280806.8256,277175.5197,,,4.601
000881,中广核技,化工原料,辽宁,19980902,000881.SZ,20100319,9.04,9.14,8.98,9.1,9.01,0.09,1.0,69626.19,63011.3632,2.2834,2.8194,1.44,17.4461,67.8721,2.4778,1.124,1.2287,2.1978,2.1978,30891.84,30492.3564,24695.751,281115.744,277480.4432,,,4.601
000881,中广核技,化工原料,辽宁,19980902,000881.SZ,20100318,9.1,9.17,8.95,9.01,9.15,-0.14,-1.53,55718.87,50474.8225,1.8273,2.2562,1.13,17.2736,67.2009,2.4533,1.1129,1.2165,2.2198,2.2198,30891.84,30492.3564,24695.751,278335.4784,274736.1312,,,4.601
000881,中广核技,化工原料,辽宁,19980902,000881.SZ,20100317,8.87,9.16,8.79,9.15,8.83,0.32,3.62,73300.59,66144.3287,2.4039,2.9681,1.63,17.542,68.245,2.4914,1.1302,1.2354,2.1858,2.1858,30891.84,30492.3564,24695.751,282660.336,279005.0611,,,4.601
000881,中广核技,化工原料,辽宁,19980902,000881.SZ,20100316,8.69,8.84,8.63,8.83,8.66,0.17,1.96,31629.87,27666.3696,1.0373,1.2808,0.64,16.9285,65.8583,2.4043,1.0907,1.1922,2.265,2.265,30891.84,30492.3564,24695.751,272774.9472,269247.507,,,4.601
000881,中广核技,化工原料,辽宁,19980902,000881.SZ,20100315,8.72,8.98,8.63,8.66,8.72,-0.06,-0.69,30343.16,26580.5444,0.9951,1.2287,0.49,16.6026,64.5904,2.358,1.0697,1.1693,2.3095,2.3095,30891.84,30492.3564,24695.751,267523.3344,264063.8064,,,4.601
000881,中广核技,化工原料,辽宁,19980902,000881.SZ,20100312,8.94,9.0,8.68,8.72,9.0,-0.28,-3.11,50126.9,44227.6784,1.6439,2.0298,0.58,16.7176,65.0379,2.3743,1.0771,1.1774,2.2936,2.2936,30891.84,30492.3564,24695.751,269376.8448,265893.3478,,,4.601
000881,中广核技,化工原料,辽宁,19980902,000881.SZ,20100311,8.8,9.04,8.7,9.0,8.78,0.22,2.51,61674.64,54895.1753,2.0226,2.4974,0.69,17.2544,67.1263,2.4506,1.1117,1.2152,2.2222,2.2222,30891.84,30492.3564,24695.751,278026.56,274431.2076,,,4.601
000881,中广核技,化工原料,辽宁,19980902,000881.SZ,20100310,8.98,9.01,8.74,8.78,8.97,-0.19,-2.12,50656.87,44732.8802,1.6613,2.0512,0.56,16.8327,65.4854,2.3907,1.0845,1.1855,2.2779,2.2779,30891.84,30492.3564,24695.751,271230.3552,267722.8892,,,4.601
000881,中广核技,化工原料,辽宁,19980902,000881.SZ,20100309,9.08,9.09,8.88,8.97,9.07,-0.1,-1.1,53682.9,48171.4193,1.7605,2.1738,0.6,17.1969,66.9025,2.4424,1.108,1.2111,2.2297,2.2297,30891.84,30492.3564,24695.751,277099.8048,273516.4369,,,4.601
000881,中广核技,化工原料,辽宁,19980902,000881.SZ,20100308,9.02,9.14,8.92,9.07,9.03,0.04,0.44,93462.71,84497.5826,3.0651,3.7846,1.13,17.3886,67.6484,2.4696,1.1203,1.2246,2.2051,2.2051,30891.84,30492.3564,24695.751,280188.9888,276565.6725,,,4.601
000881,中广核技,化工原料,辽宁,19980902,000881.SZ,20100305,8.7,9.23,8.63,9.03,8.65,0.38,4.39,169952.25,152876.4035,5.5736,6.8818,2.86,17.3119,67.35,2.4588,1.1154,1.2192,2.2148,2.2148,30891.84,30492.3564,24695.751,278953.3152,275345.9783,,,4.601
000881,中广核技,化工原料,辽宁,19980902,000881.SZ,20100304,8.85,9.01,8.6,8.65,8.84,-0.19,-2.15,80533.76,71273.6345,2.6411,3.261,1.57,16.5834,64.5158,2.3553,1.0684,1.1679,2.3121,2.3121,30891.84,30492.3564,24695.751,267214.416,263758.8829,,,4.601
000881,中广核技,化工原料,辽宁,19980902,000881.SZ,20100303,8.74,8.85,8.68,8.84,8.72,0.12,1.38,53183.0,46803.4712,1.7441,2.1535,1.13,16.9477,65.9329,2.407,1.0919,1.1936,2.2624,2.2624,30891.84,30492.3564,24695.751,273083.8656,269552.4306,,,4.601
000881,中广核技,化工原料,辽宁,19980902,000881.SZ,20100302,8.7,8.78,8.62,8.72,8.7,0.02,0.23,47971.42,41663.7935,1.5732,1.9425,1.13,16.7176,65.0379,2.3743,1.0771,1.1774,2.2936,2.2936,30891.84,30492.3564,24695.751,269376.8448,265893.3478,,,4.601
000881,中广核技,化工原料,辽宁,19980902,000881.SZ,20100301,8.86,8.89,8.69,8.7,8.69,0.01,0.12,61762.58,54246.6971,2.0255,2.5009,1.84,16.6793,64.8887,2.3689,1.0746,1.1747,2.2989,2.2989,30891.84,30492.3564,24695.751,268759.008,265283.5007,,,4.601
000881,中广核技,化工原料,辽宁,19980902,000881.SZ,20100226,8.55,8.77,8.53,8.69,8.58,0.11,1.28,54008.88,46910.7894,1.7712,2.187,2.09,16.6601,64.8141,2.3662,1.0734,1.1733,2.3015,2.3015,30891.84,30492.3564,24695.751,268450.0896,264978.5771,,,4.601
000881,中广核技,化工原料,辽宁,19980902,000881.SZ,20100225,8.51,8.6,8.48,8.58,8.51,0.07,0.82,39036.47,33427.6257,1.2802,1.5807,1.83,16.4492,63.9937,2.3362,1.0598,1.1585,2.331,2.331,30891.84,30492.3564,24695.751,265051.9872,261624.4179,,,4.601
000881,中广核技,化工原料,辽宁,19980902,000881.SZ,20100224,8.34,8.52,8.3,8.51,8.37,0.14,1.67,32149.26,27172.6361,1.0543,1.3018,1.76,16.315,63.4716,2.3172,1.0511,1.149,2.3502,2.3502,30891.84,30492.3564,24695.751,262889.5584,259489.953,,,4.601
000881,中广核技,化工原料,辽宁,19980902,000881.SZ,20100223,8.3,8.37,8.17,8.37,8.3,0.07,0.84,24726.25,20491.5736,0.8109,1.0012,1.45,16.0466,62.4274,2.279,1.0339,1.1301,2.3895,2.3895,30891.84,30492.3564,24695.751,258564.7008,255221.0231,,,4.601
000881,中广核技,化工原料,辽宁,19980902,000881.SZ,20100222,8.3,8.36,8.25,8.3,8.3,0.0,0.0,17509.75,14554.4514,0.5742,0.709,0.77,15.9124,61.9053,2.26,1.0252,1.1207,2.4096,2.4096,30891.84,30492.3564,24695.751,256402.272,253086.5581,,,4.601
000881,中广核技,化工原料,辽宁,19980902,000881.SZ,20100212,8.26,8.32,8.25,8.3,8.24,0.06,0.73,15499.82,12852.3124,0.5083,0.6276,0.52,15.9124,61.9053,2.26,1.0252,1.1207,2.4096,2.4096,30891.84,30492.3564,24695.751,256402.272,253086.5581,,,4.601
000881,中广核技,化工原料,辽宁,19980902,000881.SZ,20100211,8.31,8.32,8.23,8.24,8.31,-0.07,-0.84,16621.69,13764.9596,0.5451,0.6731,0.53,15.7974,61.4578,2.2436,1.0178,1.1126,2.4272,2.4272,30891.84,30492.3564,24695.751,254548.7616,251257.0167,,,4.601
000881,中广核技,化工原料,辽宁,19980902,000881.SZ,20100210,8.28,8.32,8.24,8.31,8.25,0.06,0.73,16836.09,13943.7479,0.5521,0.6817,0.51,15.9316,61.9799,2.2627,1.0264,1.122,2.4067,2.4067,30891.84,30492.3564,24695.751,256711.1904,253391.4817,,,4.601
000881,中广核技,化工原料,辽宁,19980902,000881.SZ,20100209,8.29,8.34,8.18,8.25,8.34,-0.09,-1.08,19077.56,15739.2052,0.6257,0.7725,0.57,15.8166,61.5324,2.2464,1.019,1.1139,2.4242,2.4242,30891.84,30492.3564,24695.751,254857.68,251561.9403,,,4.601
000881,中广核技,化工原料,辽宁,19980902,000881.SZ,20100208,8.23,8.46,8.23,8.34,8.22,0.12,1.46,45232.95,37787.3148,1.4834,1.8316,1.51,15.9891,62.2037,2.2709,1.0301,1.1261,2.3981,2.3981,30891.84,30492.3564,24695.751,257637.9456,254306.2524,,,4.601
000881,中广核技,化工原料,辽宁,19980902,000881.SZ,20100205,8.02,8.3,7.9,8.22,8.11,0.11,1.36,49926.82,40659.6516,1.6374,2.0217,1.99,15.759,61.3087,2.2382,1.0153,1.1099,2.4331,2.4331,30891.84,30492.3564,24695.751,253930.9248,250647.1696,,,4.601
000881,中广核技,化工原料,辽宁,19980902,000881.SZ,20100204,8.08,8.19,8.02,8.11,8.11,0.0,0.0,25845.42,21006.2817,0.8476,1.0466,1.07,15.5482,60.4882,2.2083,1.0017,1.095,2.4661,2.4661,30891.84,30492.3564,24695.751,250532.8224,247293.0104,,,4.601
000881,中广核技,化工原料,辽宁,19980902,000881.SZ,20100203,7.97,8.14,7.76,8.11,7.9,0.21,2.66,26385.24,21041.8343,0.8653,1.0684,1.13,15.5482,60.4882,2.2083,1.0017,1.095,2.4661,2.4661,30891.84,30492.3564,24695.751,250532.8224,247293.0104,,,4.601
000881,中广核技,化工原料,辽宁,19980902,000881.SZ,20100202,7.9,8.04,7.88,7.9,7.9,0.0,0.0,21282.55,16946.7141,0.698,0.8618,0.81,15.1456,58.9219,2.1511,0.9758,1.0667,2.5316,2.5316,30891.84,30492.3564,24695.751,244045.536,240889.6156,,,4.601
000881,中广核技,化工原料,辽宁,19980902,000881.SZ,20100201,8.11,8.11,7.81,7.9,8.07,-0.17,-2.11,25866.41,20467.5185,0.8483,1.0474,0.98,15.1456,58.9219,2.1511,0.9758,1.0667,2.5316,2.5316,30891.84,30492.3564,24695.751,244045.536,240889.6156,,,4.601
000881,中广核技,化工原料,辽宁,19980902,000881.SZ,20100129,8.07,8.18,8.02,8.07,8.09,-0.02,-0.25,26063.02,21124.3245,0.8547,1.0554,0.83,15.4715,60.1899,2.1974,0.9968,1.0896,2.4783,2.4783,30891.84,30492.3564,24695.751,249297.1488,246073.3161,,,4.601
000881,中广核技,化工原料,辽宁,19980902,000881.SZ,20100128,8.03,8.13,8.0,8.09,8.0,0.09,1.13,21638.1,17426.1204,0.7096,0.8762,0.63,15.5098,60.3391,2.2028,0.9993,1.0923,2.4722,2.4722,30891.84,30492.3564,24695.751,249914.9856,246683.1633,,,4.601
000881,中广核技,化工原料,辽宁,19980902,000881.SZ,20100127,8.08,8.14,7.97,8.0,8.09,-0.09,-1.11,21559.29,17355.5374,0.707,0.873,0.49,15.3373,59.6678,2.1783,0.9881,1.0802,2.5,2.5,30891.84,30492.3564,24695.751,247134.72,243938.8512,,,4.601
000881,中广核技,化工原料,辽宁,19980902,000881.SZ,20100126,8.36,8.43,7.98,8.09,8.36,-0.27,-3.23,36013.22,29471.5906,1.1811,1.4583,0.78,15.5098,60.3391,2.2028,0.9993,1.0923,2.4722,2.4722,30891.84,30492.3564,24695.751,249914.9856,246683.1633,,,4.601
000881,中广核技,化工原料,辽宁,19980902,000881.SZ,20100125,8.4,8.54,8.3,8.36,8.48,-0.12,-1.42,26979.7,22829.5247,0.8848,1.0925,0.52,16.0274,62.3528,2.2763,1.0326,1.1288,2.3923,2.3923,30891.84,30492.3564,24695.751,258255.7824,254916.0995,,,4.601
000881,中广核技,化工原料,辽宁,19980902,000881.SZ,20100122,8.59,8.65,8.35,8.48,8.69,-0.21,-2.42,50140.46,42496.2678,1.6444,2.0303,0.95,16.2575,63.2479,2.309,1.0474,1.145,2.3585,2.3585,30891.84,30492.3564,24695.751,261962.8032,258575.1823,,,4.601
000881,中广核技,化工原料,辽宁,19980902,000881.SZ,20100121,8.57,8.76,8.52,8.69,8.56,0.13,1.52,37105.06,32013.0726,1.2169,1.5025,0.63,16.6601,64.8141,2.3662,1.0734,1.1733,2.3015,2.3015,30891.84,30492.3564,24695.751,268450.0896,264978.5771,,,4.601
000881,中广核技,化工原料,辽宁,19980902,000881.SZ,20100120,8.86,8.92,8.54,8.56,8.87,-0.31,-3.49,69956.35,60989.6649,2.2942,2.8327,1.13,16.4109,63.8445,2.3308,1.0573,1.1558,2.3364,2.3364,30891.84,30492.3564,24695.751,264434.1504,261014.5708,,,4.601
000881,中广核技,化工原料,辽宁,19980902,000881.SZ,20100119,8.95,8.95,8.81,8.87,8.93,-0.06,-0.67,46338.3,41062.4867,1.5197,1.8764,0.75,17.0052,66.1567,2.4152,1.0956,1.1976,2.2548,2.2548,30891.84,30492.3564,24695.751,274010.6208,270467.2013,10.76,8.8,4.601
000881,中广核技,化工原料,辽宁,19980902,000881.SZ,20100118,8.87,8.93,8.81,8.93,8.86,0.07,0.79,57350.75,50891.2031,1.8808,2.3223,1.02,17.1202,66.6042,2.4315,1.103,1.2057,2.2396,2.2396,30891.84,30492.3564,24695.751,275864.1312,272296.7427,,,4.601
000881,中广核技,化工原料,辽宁,19980902,000881.SZ,20100115,8.85,8.96,8.74,8.86,8.85,0.01,0.11,54345.06,48106.3425,1.7823,2.2006,1.04,16.986,66.0821,2.4125,1.0944,1.1963,2.2573,2.2573,30891.84,30492.3564,24695.751,273701.7024,270162.2777,,,4.601
000881,中广核技,化工原料,辽宁,19980902,000881.SZ,20100114,8.76,8.87,8.68,8.85,8.76,0.09,1.03,66666.6,58666.0302,2.1863,2.6995,1.41,16.9669,66.0075,2.4097,1.0931,1.1949,2.2599,2.2599,30891.84,30492.3564,24695.751,273392.784,269857.3541,10.54,8.62,4.601
000881,中广核技,化工原料,辽宁,19980902,000881.SZ,20100113,8.51,8.84,8.47,8.76,8.62,0.14,1.62,84671.39,73547.6501,2.7768,3.4286,2.11,16.7943,65.3362,2.3852,1.082,1.1828,2.2831,2.2831,30891.84,30492.3564,24695.751,270612.5184,267113.0421,,,4.601
000881,中广核技,化工原料,辽宁,19980902,000881.SZ,20100112,8.42,8.66,8.4,8.62,8.42,0.2,2.38,46538.68,39895.8585,1.5262,1.8845,1.22,16.5259,64.292,2.3471,1.0647,1.1639,2.3202,2.3202,30891.84,30492.3564,24695.751,266287.6608,262844.1122,,,4.601
000881,中广核技,化工原料,辽宁,19980902,000881.SZ,20100111,8.53,8.61,8.39,8.42,8.5,-0.08,-0.94,29602.66,25088.0537,0.9708,1.1987,0.74,16.1425,62.8004,2.2927,1.04,1.1369,2.3753,2.3753,30891.84,30492.3564,24695.751,260109.2928,256745.6409,,,4.601
000881,中广核技,化工原料,辽宁,19980902,000881.SZ,20100108,8.28,8.52,8.23,8.5,8.3,0.2,2.41,32906.42,27573.7534,1.0792,1.3325,0.79,16.2958,63.397,2.3144,1.0499,1.1477,2.3529,2.3529,30891.84,30492.3564,24695.751,262580.64,259185.0294,,,4.601
000881,中广核技,化工原料,辽宁,19980902,000881.SZ,20100107,8.63,8.63,8.29,8.3,8.61,-0.31,-3.6,41895.79,35503.6685,1.374,1.6965,1.03,15.9124,61.9053,2.26,1.0252,1.1207,2.4096,2.4096,30891.84,30492.3564,24695.751,256402.272,253086.5581,,,4.601
000881,中广核技,化工原料,辽宁,19980902,000881.SZ,20100106,8.56,8.7,8.51,8.61,8.56,0.05,0.58,50163.42,43184.1844,1.6451,2.0313,1.4,16.5067,64.2175,2.3444,1.0635,1.1625,2.3229,2.3229,30891.84,30492.3564,24695.751,265978.7424,262539.1886,,,4.601
000881,中广核技,化工原料,辽宁,19980902,000881.SZ,20100105,8.51,8.58,8.44,8.56,8.51,0.05,0.59,35400.07,30169.2206,1.1609,1.4334,1.02,16.4109,63.8445,2.3308,1.0573,1.1558,2.3364,2.3364,30891.84,30492.3564,24695.751,264434.1504,261014.5708,,,4.601
000881,中广核技,化工原料,辽宁,19980902,000881.SZ,20100104,8.61,8.62,8.44,8.51,8.55,-0.04,-0.47,38707.65,32949.5246,1.2694,1.5674,1.16,16.315,63.4716,2.3172,1.0511,1.149,2.3502,2.3502,30891.84,30492.3564,24695.751,262889.5584,259489.953,,,4.601
000881,中广核技,化工原料,辽宁,19980902,000881.SZ,20091231,8.61,8.63,8.46,8.55,8.58,-0.03,-0.3497,42847.12,36577.0222,1.4052,1.735,1.38,16.3917,63.77,2.3281,1.0561,1.1544,0.0,2.3392,30891.84,30492.3564,24695.751,264125.232,260709.6472,10.3,8.42,4.601
000881,中广核技,化工原料,辽宁,19980902,000881.SZ,20091230,8.51,8.59,8.47,8.58,8.5,0.08,0.9412,36745.0,31371.5043,1.2051,1.4879,1.28,16.4492,63.9937,2.3362,1.0598,1.1585,0.0,2.331,30891.84,30492.3564,24695.751,265051.9872,261624.4179,,,4.601
000881,中广核技,化工原料,辽宁,19980902,000881.SZ,20091229,8.49,8.56,8.4,8.5,8.49,0.01,0.1178,25577.03,21716.6914,0.8388,1.0357,0.86,16.2958,63.397,2.3144,1.0499,1.1477,0.0,2.3529,30891.84,30492.3564,24695.751,262580.64,259185.0294,,,4.601
000881,中广核技,化工原料,辽宁,19980902,000881.SZ,20091228,8.45,8.55,8.39,8.49,8.41,0.08,0.9512,30277.25,25627.4621,0.9929,1.226,0.92,16.2767,63.3224,2.3117,1.0487,1.1463,0.0,2.3557,30891.84,30492.3564,24695.751,262271.7216,258880.1058,,,4.601
000881,中广核技,化工原料,辽宁,19980902,000881.SZ,20091225,8.33,8.44,8.29,8.41,8.32,0.09,1.0817,30785.19,25811.5689,1.0096,1.2466,0.91,16.1233,62.7258,2.2899,1.0388,1.1355,0.0,2.3781,30891.84,30492.3564,24695.751,259800.3744,256440.7173,10.03,8.21,4.601
000881,中广核技,化工原料,辽宁,19980902,000881.SZ,20091224,8.12,8.35,8.11,8.32,8.12,0.2,2.4631,31454.2,25999.804,1.0315,1.2737,0.9,15.9508,62.0545,2.2654,1.0277,1.1234,0.0,2.4038,30891.84,30492.3564,24695.751,257020.1088,253696.4052,,,4.601
000881,中广核技,化工原料,辽宁,19980902,000881.SZ,20091223,8.06,8.17,7.96,8.12,8.06,0.06,0.7444,25757.61,20837.3727,0.8447,1.043,0.7,15.5673,60.5628,2.211,1.003,1.0964,0.0,2.4631,30891.84,30492.3564,24695.751,250841.7408,247597.934,,,4.601
000881,中广核技,化工原料,辽宁,19980902,000881.SZ,20091222,8.32,8.36,8.02,8.06,8.3,-0.24,-2.8916,30535.11,24961.2459,1.0014,1.2365,0.75,15.4523,60.1153,2.1946,0.9956,1.0883,0.0,2.4814,30891.84,30492.3564,24695.751,248988.2304,245768.3926,9.98,8.16,4.601
000881,中广核技,化工原料,辽宁,19980902,000881.SZ,20091221,8.2,8.31,8.15,8.3,8.49,-0.19,-2.2379,46863.15,38497.3929,1.5369,1.8976,1.24,15.9124,61.9053,2.26,1.0252,1.1207,0.0,2.4096,30891.84,30492.3564,24695.751,256402.272,253086.5581,,,4.601
000881,中广核技,化工原料,辽宁,19980902,000881.SZ,20091217,8.8,8.85,8.46,8.49,8.8,-0.31,-3.5227,35050.64,30185.725,1.1495,1.4193,0.91,16.2767,63.3224,2.3117,1.0487,1.1463,0.0,2.3557,30891.84,30492.3564,24695.751,262271.7216,258880.1058,,,4.601
000881,中广核技,化工原料,辽宁,19980902,000881.SZ,20091216,8.85,8.92,8.78,8.8,8.88,-0.08,-0.9009,36341.53,32178.6706,1.1918,1.4716,0.79,16.871,65.6346,2.3961,1.087,1.1882,0.0,2.2727,30891.84,30492.3564,24695.751,271848.192,268332.7363,,,4.601
000881,中广核技,化工原料,辽宁,19980902,000881.SZ,20091215,8.91,8.99,8.84,8.88,8.95,-0.07,-0.7821,36183.19,32291.7269,1.1866,1.4652,0.72,17.0244,66.2312,2.4179,1.0968,1.199,0.0,2.2523,30891.84,30492.3564,24695.751,274319.5392,270772.1248,10.76,8.8,4.601
000881,中广核技,化工原料,辽宁,19980902,000881.SZ,20091214,8.78,8.97,8.51,8.95,8.77,0.18,2.0525,48584.67,42421.3604,1.5933,1.9673,0.92,17.1586,66.7533,2.437,1.1055,1.2084,0.0,2.2346,30891.84,30492.3564,24695.751,276481.968,272906.5898,10.55,8.63,4.601
000881,中广核技,化工原料,辽宁,19980902,000881.SZ,20091211,8.74,8.86,8.73,8.77,8.74,0.03,0.3432,33405.04,29386.5176,1.0955,1.3527,0.51,16.8135,65.4108,2.388,1.0833,1.1841,0.0,2.2805,30891.84,30492.3564,24695.751,270921.4368,267417.9656,,,4.601
000881,中广核技,化工原料,辽宁,19980902,000881.SZ,20091210,8.75,8.84,8.63,8.74,8.72,0.02,0.2294,39058.09,34099.4702,1.2809,1.5816,0.53,16.756,65.1871,2.3798,1.0796,1.1801,0.0,2.2883,30891.84,30492.3564,24695.751,269994.6816,266503.1949,,,4.601
000881,中广核技,化工原料,辽宁,19980902,000881.SZ,20091209,8.98,8.98,8.68,8.72,9.06,-0.34,-3.7528,72023.74,63602.6936,2.362,2.9164,0.98,16.7176,65.0379,2.3743,1.0771,1.1774,0.0,2.2936,30891.84,30492.3564,24695.751,269376.8448,265893.3478,,,4.601
000881,中广核技,化工原料,辽宁,19980902,000881.SZ,20091208,9.11,9.25,8.96,9.06,9.15,-0.09,-0.9836,57212.7,52045.1829,1.8763,2.3167,0.77,17.3695,67.5738,2.4669,1.1191,1.2233,0.0,2.2075,30891.84,30492.3564,24695.751,279880.0704,276260.749,,,4.601
000881,中广核技,化工原料,辽宁,19980902,000881.SZ,20091207,8.93,9.15,8.83,9.15,8.92,0.23,2.5785,63425.06,57544.5678,2.08,2.5683,0.88,17.542,68.245,2.4914,1.1302,1.2354,0.0,2.1858,30891.84,30492.3564,24695.751,282660.336,279005.0611,10.7,8.76,4.601
000881,中广核技,化工原料,辽宁,19980902,000881.SZ,20091204,9.01,9.2,8.66,8.92,9.05,-0.13,-1.4365,96164.94,86297.8443,3.1537,3.894,1.49,17.1011,66.5296,2.4288,1.1018,1.2044,0.0,2.2422,30891.84,30492.3564,24695.751,275555.2128,271991.8191,,,4.601
000881,中广核技,化工原料,辽宁,19980902,000881.SZ,20091203,8.97,9.14,8.88,9.05,8.96,0.09,1.0045,77978.16,70143.2533,2.5573,3.1576,1.16,17.3503,67.4992,2.4642,1.1178,1.2219,0.0,2.2099,30891.84,30492.3564,24695.751,279571.152,275955.8254,,,4.601
000881,中广核技,化工原料,辽宁,19980902,000881.SZ,20091202,8.82,9.1,8.82,8.96,8.81,0.15,1.7026,73748.24,66132.8989,2.4186,2.9863,1.08,17.1777,66.8279,2.4397,1.1067,1.2098,0.0,2.2321,30891.84,30492.3564,24695.751,276790.8864,273211.5133,,,4.601
000881,中广核技,化工原料,辽宁,19980902,000881.SZ,20091201,8.68,8.83,8.58,8.81,8.66,0.15,1.7321,58457.93,51039.5297,1.9171,2.3671,0.74,16.8902,65.7092,2.3989,1.0882,1.1895,0.0,2.2701,30891.84,30492.3564,24695.751,272157.1104,268637.6599,,,4.601
000881,中广核技,化工原料,辽宁,19980902,000881.SZ,20091130,8.4,8.68,8.4,8.66,8.38,0.28,3.3413,54301.23,46513.2466,1.7808,2.1988,0.64,16.6026,64.5904,2.358,1.0697,1.1693,0.0,2.3095,30891.84,30492.3564,24695.751,267523.3344,264063.8064,,,4.601
000881,中广核技,化工原料,辽宁,19980902,000881.SZ,20091127,8.36,8.64,8.27,8.38,8.47,-0.09,-1.0626,59172.32,49845.9391,1.9406,2.3961,0.64,16.0658,62.502,2.2818,1.0351,1.1315,0.0,2.3866,30891.84,30492.3564,24695.751,258873.6192,255525.9466,,,4.601
000881,中广核技,化工原料,辽宁,19980902,000881.SZ,20091126,9.0,9.01,8.43,8.47,8.94,-0.47,-5.2573,90724.48,79082.7424,2.9753,3.6737,0.97,16.2383,63.1733,2.3063,1.0462,1.1436,0.0,2.3613,30891.84,30492.3564,24695.751,261653.8848,258270.2587,,,4.601
000881,中广核技,化工原料,辽宁,19980902,000881.SZ,20091125,8.72,8.97,8.6,8.94,8.72,0.22,2.5229,77514.22,68353.6961,2.5421,3.1388,0.82,17.1394,66.6788,2.4342,1.1043,1.2071,0.0,2.2371,30891.84,30492.3564,24695.751,276173.0496,272601.6662,,,4.601
000881,中广核技,化工原料,辽宁,19980902,000881.SZ,20091124,9.36,9.38,8.68,8.72,9.35,-0.63,-6.738,114818.65,104082.2845,3.7655,4.6493,1.33,16.7176,65.0379,2.3743,1.0771,1.1774,0.0,2.2936,30891.84,30492.3564,24695.751,269376.8448,265893.3478,,,4.601
000881,中广核技,化工原料,辽宁,19980902,000881.SZ,20091123,9.29,9.35,9.15,9.35,9.22,0.13,1.41,79834.23,73716.2997,2.6182,3.2327,0.79,17.9254,69.7367,2.5459,1.1549,1.2624,0.0,2.139,30891.84,30492.3564,24695.751,288838.704,285103.5323,,,4.601
000881,中广核技,化工原料,辽宁,19980902,000881.SZ,20091120,9.31,9.4,9.2,9.22,9.38,-0.16,-1.7058,102500.6,95017.2059,3.3615,4.1505,1.02,17.6762,68.7671,2.5105,1.1388,1.2449,0.0,2.1692,30891.84,30492.3564,24695.751,284822.7648,281139.526,,,4.601
000881,中广核技,化工原料,辽宁,19980902,000881.SZ,20091119,9.18,9.45,9.1,9.38,9.12,0.26,2.8509,94738.86,87964.1104,3.107,3.8362,1.0,17.9829,69.9605,2.5541,1.1586,1.2665,0.0,2.1322,30891.84,30492.3564,24695.751,289765.4592,286018.303,,,4.601
000881,中广核技,化工原料,辽宁,19980902,000881.SZ,20091118,9.17,9.23,8.98,9.12,9.17,-0.05,-0.5453,79843.1,72554.3721,2.6185,3.2331,0.81,17.4845,68.0213,2.4833,1.1265,1.2314,0.0,2.193,30891.84,30492.3564,24695.751,281733.5808,278090.2904,,,4.601
000881,中广核技,化工原料,辽宁,19980902,000881.SZ,20091117,9.21,9.29,9.0,9.17,9.21,-0.04,-0.4343,76301.01,69675.3074,2.5023,3.0896,0.81,17.5803,68.3942,2.4969,1.1327,1.2381,0.0,2.181,30891.84,30492.3564,24695.751,283278.1728,279614.9082,,,4.601
000881,中广核技,化工原料,辽宁,19980902,000881.SZ,20091116,8.84,9.31,8.82,9.21,8.82,0.39,4.4218,152979.19,139386.2039,5.017,6.1946,2.02,17.657,68.6925,2.5078,1.1376,1.2435,0.0,2.1716,30891.84,30492.3564,24695.751,284513.8464,280834.6024,,,4.601
000881,中广核技,化工原料,辽宁,19980902,000881.SZ,20091113,8.6,8.82,8.6,8.82,8.59,0.23,2.6775,98431.54,86120.6818,3.2281,3.9858,1.44,16.9093,65.7837,2.4016,1.0894,1.1909,0.0,2.2676,30891.84,30492.3564,24695.751,272466.0288,268942.5834,,,4.601
000881,中广核技,化工原料,辽宁,19980902,000881.SZ,20091112,8.63,8.77,8.56,8.59,8.69,-0.1,-1.1507,68407.88,59359.5453,2.2648,2.77,0.99,16.4684,64.0683,2.3389,1.061,1.1598,0.0,2.3283,30891.84,30204.3564,24695.751,265360.9056,259455.4215,,,4.601
000881,中广核技,化工原料,辽宁,19980902,000881.SZ,20091111,8.46,8.78,8.37,8.69,8.48,0.21,2.4764,97745.94,84112.3006,3.2362,3.958,1.37,16.6601,64.8141,2.3662,1.0734,1.1733,0.0,2.3015,30891.84,30204.3564,24695.751,268450.0896,262475.8571,,,4.601
000881,中广核技,化工原料,辽宁,19980902,000881.SZ,20091110,8.46,8.56,8.46,8.48,8.44,0.04,0.4739,51330.82,43696.8203,1.6995,2.0785,0.64,16.2575,63.2479,2.309,1.0474,1.145,0.0,2.3585,30891.84,30204.3564,24695.751,261962.8032,256132.9423,,,4.601
000881,中广核技,化工原料,辽宁,19980902,000881.SZ,20091109,8.48,8.52,8.34,8.44,8.5,-0.06,-0.7059,62392.02,52519.6676,2.0657,2.5264,0.68,16.1808,62.9495,2.2981,1.0425,1.1396,0.0,2.3697,30891.84,30204.3564,24695.751,260727.1296,254924.768,,,4.601
000881,中广核技,化工原料,辽宁,19980902,000881.SZ,20091106,8.5,8.67,8.48,8.5,8.49,0.01,0.1178,61277.4,52429.5693,2.0288,2.4813,0.64,16.2958,63.397,2.3144,1.0499,1.1477,0.0,2.3529,30891.84,30204.3564,24695.751,262580.64,256737.0294,,,4.601
000881,中广核技,化工原料,辽宁,19980902,000881.SZ,20091105,8.6,8.65,8.4,8.49,8.6,-0.11,-1.2791,71670.64,60873.4359,2.3729,2.9021,0.8,16.2767,63.3224,2.3117,1.0487,1.1463,0.0,2.3557,30891.84,30204.3564,24695.751,262271.7216,256434.9858,,,4.601
000881,中广核技,化工原料,辽宁,19980902,000881.SZ,20091104,8.5,8.75,8.41,8.6,8.46,0.14,1.6548,109774.08,94640.7333,3.6344,4.4451,1.4,16.4876,64.1429,2.3417,1.0623,1.1612,0.0,2.3256,30891.84,30204.3564,24695.751,265669.824,259757.465,,,4.601
000881,中广核技,化工原料,辽宁,19980902,000881.SZ,20091103,8.42,8.55,8.37,8.46,8.45,0.01,0.1183,96848.33,81866.4486,3.2064,3.9217,1.44,16.2192,63.0987,2.3036,1.045,1.1423,0.0,2.3641,30891.84,30204.3564,24695.751,261344.9664,255528.8551,,,4.601
000881,中广核技,化工原料,辽宁,19980902,000881.SZ,20091102,7.89,8.52,7.85,8.45,8.07,0.38,4.7088,116069.53,96598.1441,3.8428,4.7,2.25,16.2,63.0241,2.3008,1.0437,1.1409,0.0,2.3669,30891.84,30204.3564,24695.751,261036.048,255226.8116,9.69,7.93,4.601
000881,中广核技,化工原料,辽宁,19980902,000881.SZ,20091030,8.01,8.27,8.01,8.07,7.98,0.09,1.1278,83222.85,67852.1945,2.7553,3.3699,1.77,15.4715,60.1899,2.1974,0.9968,1.0896,0.0,2.4783,30891.84,30204.3564,24695.751,249297.1488,243749.1561,,,4.601
000881,中广核技,化工原料,辽宁,19980902,000881.SZ,20091029,7.97,8.08,7.84,7.98,8.07,-0.09,-1.1152,41649.69,33131.8884,1.3789,1.6865,0.86,15.2989,59.5186,2.1729,0.9857,1.0775,0.0,2.5063,30891.84,30204.3564,24695.751,246516.8832,241030.7641,,,4.601
000881,中广核技,化工原料,辽宁,19980902,000881.SZ,20091028,7.73,8.09,7.7,8.07,7.72,0.35,4.5337,53226.19,42026.8017,1.7622,2.1553,1.01,15.4715,60.1899,2.1974,0.9968,1.0896,0.0,2.4783,30891.84,30204.3564,24695.751,249297.1488,243749.1561,,,4.601
000881,中广核技,化工原料,辽宁,19980902,000881.SZ,20091027,7.99,7.99,7.72,7.72,8.0,-0.28,-3.5,41279.91,32423.9125,1.3667,1.6715,0.74,14.8005,57.5794,2.1021,0.9536,1.0424,0.0,2.5907,30891.84,30204.3564,24695.751,238485.0048,233177.6314,,,4.601
000881,中广核技,化工原料,辽宁,19980902,000881.SZ,20091026,8.03,8.08,7.9,8.0,8.02,-0.02,-0.2494,38396.61,30623.5881,1.2712,1.5548,0.66,15.3373,13.6915,2.3254,0.9881,0.9536,0.0,2.5,30891.84,30204.3564,24695.751,247134.72,241634.8512,,,4.601
000881,中广核技,化工原料,辽宁,19980902,000881.SZ,20091023,7.95,8.15,7.95,8.02,7.94,0.08,1.0076,60463.12,48625.0366,2.0018,2.4483,1.07,15.3756,13.7257,2.3312,0.9906,0.956,0.0,2.4938,30891.84,30204.3564,24695.751,247752.5568,242238.9383,,,4.601
000881,中广核技,化工原料,辽宁,19980902,000881.SZ,20091022,8.09,8.1,7.9,7.94,8.09,-0.15,-1.8541,47618.41,38025.6875,1.5765,1.9282,0.87,15.2222,13.5888,2.308,0.9807,0.9465,0.0,2.5189,30891.84,30204.3564,24695.751,245281.2096,239822.5898,,,4.601
000881,中广核技,化工原料,辽宁,19980902,000881.SZ,20091021,7.99,8.16,7.89,8.09,8.0,0.09,1.125,76594.94,61693.082,2.5359,3.1015,1.62,15.5098,13.8455,2.3516,0.9993,0.9644,0.0,2.4722,30891.84,30204.3564,24695.751,249914.9856,244353.2433,8.76,7.16,4.601
000881,中广核技,化工原料,辽宁,19980902,000881.SZ,20091020,7.95,8.05,7.89,8.0,7.91,0.09,1.1378,55680.97,44323.4627,1.8435,2.2547,1.32,15.3373,13.6915,2.3254,0.9881,0.9536,0.0,2.5,30891.84,30204.3564,24695.751,247134.72,241634.8512,,,4.601
000881,中广核技,化工原料,辽宁,19980902,000881.SZ,20091019,7.8,7.97,7.76,7.91,7.81,0.1,1.2804,49964.9,39476.6572,1.6542,2.0232,1.29,15.1647,13.5375,2.2992,0.977,0.9429,0.0,2.5284,30891.84,30204.3564,24695.751,244354.4544,238916.4591,,,4.601
000881,中广核技,化工原料,辽宁,19980902,000881.SZ,20091016,7.68,7.84,7.62,7.81,7.67,0.14,1.8253,53550.55,41422.1211,1.7729,2.1684,1.54,14.973,13.3663,2.2702,0.9647,0.931,0.0,2.5608,30891.84,30204.3564,24695.751,241265.2704,235896.0235,,,4.601
000881,中广核技,化工原料,辽宁,19980902,000881.SZ,20091015,7.65,7.74,7.6,7.67,7.58,0.09,1.1873,36350.48,27846.5001,1.2035,1.4719,1.12,14.7046,13.1267,2.2295,0.9474,0.9143,0.0,2.6076,30891.84,30204.3564,24695.751,236940.4128,231667.4136,8.36,6.84,4.601
000881,中广核技,化工原料,辽宁,19980902,000881.SZ,20091014,7.54,7.73,7.51,7.58,7.51,0.07,0.9321,40951.24,31234.6731,1.3558,1.6582,1.41,14.5321,12.9727,2.2033,0.9363,0.9036,0.0,2.6385,30891.84,30204.3564,24695.751,234160.1472,228949.0215,,,4.601
000881,中广核技,化工原料,辽宁,19980902,000881.SZ,20091013,7.43,7.51,7.4,7.51,7.44,0.07,0.9409,30597.96,22832.1646,1.013,1.239,1.09,14.3979,12.8529,2.183,0.9276,0.8952,0.0,2.6631,30891.84,30204.3564,24695.751,231997.7184,226834.7166,,,4.482
000881,中广核技,化工原料,辽宁,19980902,000881.SZ,20091012,7.52,7.57,7.44,7.44,7.51,-0.07,-0.9321,31877.18,23864.8711,1.0554,1.2908,1.25,14.2637,12.7331,2.1626,0.919,0.8869,0.0,2.6882,30891.84,30204.3564,24695.751,229835.2896,224720.4116,,,4.482
000881,中广核技,化工原料,辽宁,19980902,000881.SZ,20091009,7.34,7.53,7.25,7.51,7.22,0.29,4.0166,34446.95,25510.2977,1.1405,1.3949,1.38,14.3979,12.8529,2.183,0.9276,0.8952,0.0,2.6631,30891.84,30204.3564,24695.751,231997.7184,226834.7166,,,4.482
000881,中广核技,化工原料,辽宁,19980902,000881.SZ,20090930,7.18,7.3,7.18,7.22,7.15,0.07,0.979,23928.45,17296.9366,0.7922,0.9689,0.89,13.8419,12.3566,2.0987,0.8918,0.8607,0.0,2.7701,30891.84,30204.3564,24695.751,223039.0848,218075.4532,,,4.482
000881,中广核技,化工原料,辽宁,19980902,000881.SZ,20090929,7.21,7.28,7.01,7.15,7.2,-0.05,-0.6944,24704.84,17591.2808,0.8179,1.0004,0.77,13.7077,12.2368,2.0783,0.8832,0.8523,0.0,2.7972,30891.84,30204.3564,24695.751,220876.656,215961.1483,,,4.482
000881,中广核技,化工原料,辽宁,19980902,000881.SZ,20090928,7.6,7.68,7.08,7.2,7.58,-0.38,-5.0132,25642.88,19109.1419,0.849,1.0384,0.67,13.8035,12.3224,2.0929,0.8893,0.8583,0.0,2.7778,30891.84,30204.3564,24695.751,222421.248,217471.3661,,,4.482
000881,中广核技,化工原料,辽宁,19980902,000881.SZ,20090925,7.59,7.65,7.53,7.58,7.56,0.02,0.2646,18487.37,14041.8777,0.6121,0.7486,0.36,14.5321,12.9727,2.2033,0.9363,0.9036,0.0,2.6385,30891.84,30204.3564,24695.751,234160.1472,228949.0215,,,4.482
000881,中广核技,化工原料,辽宁,19980902,000881.SZ,20090924,7.53,7.71,7.39,7.56,7.61,-0.05,-0.657,32271.06,24381.5372,1.0684,1.3067,0.43,14.4937,12.9385,2.1975,0.9338,0.9012,0.0,2.6455,30891.84,30204.3564,24695.751,233542.3104,228344.9344,,,4.482
000881,中广核技,化工原料,辽宁,19980902,000881.SZ,20090923,7.78,7.84,7.57,7.61,7.8,-0.19,-2.4359,34003.88,26185.8153,1.1258,1.3769,0.35,14.5896,13.024,2.212,0.94,0.9072,0.0,2.6281,30891.84,30204.3564,24695.751,235086.9024,229855.1522,,,4.482
000881,中广核技,化工原料,辽宁,19980902,000881.SZ,20090922,7.96,8.08,7.74,7.8,8.0,-0.2,-2.5,50104.73,39642.6831,1.6589,2.0289,0.51,14.9538,13.3492,2.2673,0.9634,0.9298,0.0,2.5641,30891.84,30204.3564,24695.751,240956.352,235593.9799,,,4.482
000881,中广核技,化工原料,辽宁,19980902,000881.SZ,20090921,7.75,8.05,7.5,8.0,7.83,0.17,2.1711,57124.88,44412.6016,1.8913,2.3131,0.58,15.3373,13.6915,2.3254,0.9881,0.9536,0.0,2.5,30891.84,30204.3564,24695.751,247134.72,241634.8512,,,4.482
000881,中广核技,化工原料,辽宁,19980902,000881.SZ,20090918,8.16,8.18,7.8,7.83,8.19,-0.36,-4.3956,83341.59,66865.6155,2.7593,3.3747,0.93,15.0114,13.4006,2.276,0.9672,0.9334,0.0,2.5543,30891.84,30204.3564,24695.751,241883.1072,236500.1106,,,4.482
000881,中广核技,化工原料,辽宁,19980902,000881.SZ,20090917,7.95,8.31,7.85,8.19,7.92,0.27,3.4091,152433.51,123317.4306,5.0467,6.1725,2.28,15.7015,14.0167,2.3806,1.0116,0.9763,0.0,2.442,30891.84,30204.3564,24695.751,253004.1696,247373.6789,,,4.482
000881,中广核技,化工原料,辽宁,19980902,000881.SZ,20090916,7.73,7.96,7.73,7.92,7.69,0.23,2.9909,137031.5,107680.1195,4.5368,5.5488,2.81,15.1839,13.5546,2.3022,0.9783,0.9441,0.0,2.5253,30891.84,30204.3564,24695.751,244663.3728,239218.5027,,,4.482
000881,中广核技,化工原料,辽宁,19980902,000881.SZ,20090915,7.65,7.74,7.58,7.69,7.64,0.05,0.6545,62140.29,47601.8712,2.0573,2.5162,1.29,14.743,13.161,2.2353,0.9499,0.9167,0.0,2.6008,30891.84,30204.3564,24695.751,237558.2496,232271.5007,,,4.482
000881,中广核技,化工原料,辽宁,19980902,000881.SZ,20090914,7.53,7.69,7.5,7.64,7.5,0.14,1.8667,56229.99,42738.7553,1.8617,2.2769,1.12,14.6471,13.0754,2.2208,0.9437,0.9107,0.0,2.6178,30891.84,30204.3564,24695.751,236013.6576,230761.2829,,,4.482
000881,中广核技,化工原料,辽宁,19980902,000881.SZ,20090911,7.35,7.55,7.33,7.5,7.4,0.1,1.3514,41046.2,30736.0726,1.3589,1.6621,0.83,14.3787,12.8358,2.1801,0.9264,0.894,0.0,2.6667,30891.84,30204.3564,24695.751,231688.8,226532.673,,,4.482
000881,中广核技,化工原料,辽宁,19980902,000881.SZ,20090910,7.51,7.58,7.38,7.4,7.54,-0.14,-1.8568,37690.21,28203.4717,1.2478,1.5262,0.77,14.187,12.6646,2.151,0.914,0.8821,0.0,2.7027,30891.84,30204.3564,24695.751,228599.616,223512.2374,,,4.482
000881,中广核技,化工原料,辽宁,19980902,000881.SZ,20090909,7.57,7.63,7.45,7.54,7.56,-0.02,-0.2646,46702.72,35188.536,1.5462,1.8911,1.05,14.4554,12.9042,2.1917,0.9313,0.8988,0.0,2.6525,30891.84,30204.3564,24695.751,232924.4736,227740.8473,,,4.482
000881,中广核技,化工原料,辽宁,19980902,000881.SZ,20090908,7.58,7.59,7.45,7.56,7.54,0.02,0.2653,59396.72,44627.4316,1.9665,2.4051,1.53,14.4937,12.9385,2.1975,0.9338,0.9012,0.0,2.6455,30891.84,30204.3564,24695.751,233542.3104,228344.9344,,,4.482
000881,中广核技,化工原料,辽宁,19980902,000881.SZ,20090907,7.37,7.58,7.32,7.54,7.34,0.2,2.7248,65754.31,49167.8638,2.177,2.6626,1.93,14.4554,12.9042,2.1917,0.9313,0.8988,0.0,2.6525,30891.84,30204.3564,24695.751,232924.4736,227740.8473,,,4.482
000881,中广核技,化工原料,辽宁,19980902,000881.SZ,20090904,7.25,7.37,7.23,7.34,7.28,0.06,0.8242,36423.31,26582.8104,1.2059,1.4749,0.97,14.0719,12.562,2.1336,0.9066,0.875,0.0,2.7248,30891.84,30204.3564,24695.751,226746.1056,221699.976,,,4.482
000881,中广核技,化工原料,辽宁,19980902,000881.SZ,20090903,7.0,7.3,6.98,7.28,7.0,0.28,4.0,37932.74,27230.7611,1.2559,1.536,0.78,13.9569,12.4593,2.1161,0.8992,0.8678,0.0,2.7473,30891.84,30204.3564,24695.751,224892.5952,219887.7146,,,4.482
000881,中广核技,化工原料,辽宁,19980902,000881.SZ,20090902,6.98,7.01,6.86,7.0,6.94,0.06,0.8646,22196.68,15428.8271,0.7349,0.8988,0.32,13.4201,11.9801,2.0347,0.8646,0.8344,0.0,2.8571,30891.84,30204.3564,24695.751,216242.88,211430.4948,,,4.482
000881,中广核技,化工原料,辽宁,19980902,000881.SZ,20090901,6.96,7.08,6.84,6.94,6.92,0.02,0.289,31774.1,22090.6109,1.052,1.2866,0.35,13.3051,11.8774,2.0173,0.8572,0.8273,0.0,2.8818,30891.84,30204.3564,24695.751,214389.3696,209618.2334,,,4.482
000881,中广核技,化工原料,辽宁,19980902,000881.SZ,20090831,7.36,7.39,6.88,6.92,7.43,-0.51,-6.8641,41913.62,29675.8,1.3877,1.6972,0.43,13.2667,11.8431,2.0115,0.8547,0.8249,0.0,2.8902,30891.84,30204.3564,24695.751,213771.5328,209014.1463,,,4.482
000881,中广核技,化工原料,辽宁,19980902,000881.SZ,20090828,7.7,7.89,7.41,7.43,7.77,-0.34,-4.3758,54238.53,40983.6995,1.7957,2.1963,0.57,14.2445,12.716,2.1597,0.9177,0.8857,0.0,2.6918,30891.84,30204.3564,24695.751,229526.3712,224418.3681,,,4.482
000881,中广核技,化工原料,辽宁,19980902,000881.SZ,20090827,7.67,7.93,7.58,7.77,7.69,0.08,1.0403,92348.72,71423.948,3.0575,3.7395,1.1,14.8963,13.2979,2.2585,0.9597,0.9262,0.0,2.574,30891.84,30204.3564,24695.751,240029.5968,234687.8492,,,4.482
000881,中广核技,化工原料,辽宁,19980902,000881.SZ,20090826,7.67,7.87,7.51,7.69,7.66,0.03,0.3916,125465.6,96738.4212,4.1539,5.0805,1.86,14.743,13.161,2.2353,0.9499,0.9167,0.0,2.6008,30891.84,30204.3564,24695.751,237558.2496,232271.5007,,,4.482
000881,中广核技,化工原料,辽宁,19980902,000881.SZ,20090825,7.4,7.77,7.16,7.66,7.41,0.25,3.3738,142274.54,106392.8148,4.7104,5.7611,3.09,14.6854,13.1096,2.2266,0.9462,0.9131,0.0,2.611,30891.84,30204.3564,24695.751,236631.4944,231365.37,,,4.482
000881,中广核技,化工原料,辽宁,19980902,000881.SZ,20090824,7.16,7.49,7.11,7.41,7.18,0.23,3.2033,68487.5,49922.6774,2.2675,2.7733,1.62,14.2061,12.6818,2.1539,0.9153,0.8833,0.0,2.6991,30891.84,30204.3564,24695.751,228908.5344,223814.2809,,,4.482
000881,中广核技,化工原料,辽宁,19980902,000881.SZ,20090821,7.03,7.19,6.98,7.18,7.06,0.12,1.6997,45807.05,32593.4853,1.5166,1.8549,1.06,13.7652,12.2881,2.0871,0.8869,0.8559,0.0,2.7855,30891.84,30204.3564,24695.751,221803.4112,216867.279,,,4.482
000881,中广核技,化工原料,辽宁,19980902,000881.SZ,20090820,6.8,7.06,6.78,7.06,6.78,0.28,4.1298,38972.31,27088.0402,1.2903,1.5781,0.93,13.5351,12.0828,2.0522,0.872,0.8416,0.0,2.8329,30891.84,30204.3564,24695.751,218096.3904,213242.7562,,,4.482
000881,中广核技,化工原料,辽宁,19980902,000881.SZ,20090819,7.23,7.27,6.7,6.78,7.22,-0.44,-6.0942,41242.68,28910.5405,1.3655,1.67,0.93,12.9983,11.6035,1.9708,0.8375,0.8082,0.0,2.9499,30891.84,30204.3564,24695.751,209446.6752,204785.5364,,,4.482
000881,中广核技,化工原料,辽宁,19980902,000881.SZ,20090818,7.01,7.23,7.0,7.22,7.07,0.15,2.1216,35802.1,25581.0293,1.1853,1.4497,0.83,13.8419,12.3566,2.0987,0.8918,0.8607,0.0,2.7701,30891.84,30204.3564,24695.751,223039.0848,218075.4532,,,4.482
000881,中广核技,化工原料,辽宁,19980902,000881.SZ,20090817,7.47,7.47,7.07,7.07,7.48,-0.41,-5.4813,49987.87,36324.2568,1.655,2.0241,1.2,13.5543,12.0999,2.0551,0.8733,0.8428,0.0,2.8289,30891.84,30204.3564,24695.751,218405.3088,213544.7997,,,4.482
000881,中广核技,化工原料,辽宁,19980902,000881.SZ,20090814,7.89,7.94,7.46,7.48,7.89,-0.41,-5.1965,50416.94,38574.9957,1.6692,2.0415,1.14,14.3403,12.8016,2.1743,0.9239,0.8917,0.0,2.6738,30891.84,30204.3564,24695.751,231070.9632,225928.5859,,,4.482
000881,中广核技,化工原料,辽宁,19980902,000881.SZ,20090813,7.89,7.98,7.76,7.89,7.86,0.03,0.3817,33140.86,26101.2825,1.0972,1.342,0.65,15.1264,13.5032,2.2934,0.9746,0.9405,0.0,2.5349,30891.84,30204.3564,24695.751,243736.6176,238312.372,,,4.482
000881,中广核技,化工原料,辽宁,19980902,000881.SZ,20090812,8.3,8.3,7.85,7.86,8.31,-0.45,-5.4152,52385.05,42156.5678,1.7344,2.1212,0.92,15.0689,13.4519,2.2847,0.9709,0.937,0.0,2.5445,30891.84,30204.3564,24695.751,242809.8624,237406.2413,,,4.482
000881,中广核技,化工原料,辽宁,19980902,000881.SZ,20090811,8.3,8.32,8.23,8.31,8.27,0.04,0.4837,28977.28,24000.6249,0.9594,1.1734,0.43,15.9316,14.222,2.4155,1.0264,0.9906,0.0,2.4067,30891.84,30204.3564,24695.751,256711.1904,250998.2017,,,4.482
000881,中广核技,化工原料,辽宁,19980902,000881.SZ,20090810,8.25,8.32,8.14,8.27,8.17,0.1,1.224,42586.06,35010.6642,1.4099,1.7244,0.56,15.8549,14.1536,2.4039,1.0215,0.9858,0.0,2.4184,30891.84,30204.3564,24695.751,255475.5168,249790.0274,,,4.482
000881,中广核技,化工原料,辽宁,19980902,000881.SZ,20090807,8.41,8.47,8.1,8.17,8.42,-0.25,-2.9691,63268.89,52606.8364,2.0947,2.5619,0.81,15.6632,13.9824,2.3748,1.0091,0.9739,0.0,2.448,30891.84,30204.3564,24695.751,252386.3328,246769.5918,,,4.482
000881,中广核技,化工原料,辽宁,19980902,000881.SZ,20090806,8.58,8.59,8.33,8.42,8.67,-0.25,-2.8835,66566.56,56192.9062,2.2039,2.6955,0.82,16.1425,14.4103,2.4475,1.04,1.0037,0.0,2.3753,30891.84,30204.3564,24695.751,260109.2928,254320.6809,,,4.482
000881,中广核技,化工原料,辽宁,19980902,000881.SZ,20090805,8.64,8.76,8.5,8.67,8.61,0.06,0.6969,83930.37,72422.588,2.7788,3.3986,0.91,16.6218,14.8382,2.5202,1.0709,1.0335,0.0,2.3068,30891.84,30204.3564,24695.751,267832.2528,261871.77,,,4.482
000881,中广核技,化工原料,辽宁,19980902,000881.SZ,20090804,8.64,8.73,8.48,8.61,8.6,0.01,0.1163,83795.35,72014.7284,2.7743,3.3931,0.91,16.5067,14.7355,2.5027,1.0635,1.0264,0.0,2.3229,30891.84,30204.3564,24695.751,265978.7424,260059.5086,,,4.482
000881,中广核技,化工原料,辽宁,19980902,000881.SZ,20090803,8.38,8.64,8.33,8.6,8.36,0.24,2.8708,82056.68,69768.8004,2.7167,3.3227,0.92,16.4876,14.7184,2.4998,1.0623,1.0252,0.0,2.3256,30891.84,30204.3564,24695.751,265669.824,259757.465,,,4.482
000881,中广核技,化工原料,辽宁,19980902,000881.SZ,20090731,8.23,8.4,8.14,8.36,8.17,0.19,2.3256,72570.15,59995.4207,2.4026,2.9386,0.8,16.0274,14.3076,2.43,1.0326,0.9966,0.0,2.3923,30891.84,30204.3564,24695.751,258255.7824,252508.4195,,,4.482
000881,中广核技,化工原料,辽宁,19980902,000881.SZ,20090730,8.18,8.33,7.93,8.17,8.14,0.03,0.3686,83335.82,67460.6174,2.7591,3.3745,0.97,15.6632,13.9824,2.3748,1.0091,0.9739,0.0,2.448,30891.84,30204.3564,24695.751,252386.3328,246769.5918,,,4.482
000881,中广核技,化工原料,辽宁,19980902,000881.SZ,20090729,8.82,8.96,7.9,8.14,8.78,-0.64,-7.2893,141341.67,121017.2311,4.6795,5.7233,1.94,15.6057,13.9311,2.3661,1.0054,0.9703,0.0,2.457,30891.84,30204.3564,24695.751,251459.5776,245863.4611,,,4.482
000881,中广核技,化工原料,辽宁,19980902,000881.SZ,20090728,8.64,8.8,8.52,8.78,8.61,0.17,1.9744,81554.41,70916.3478,2.7001,3.3024,1.02,16.8327,16.3363,2.5521,1.0845,1.0508,0.0,2.2779,30891.84,30204.3564,24695.751,271230.3552,265194.2492,,,4.482
000881,中广核技,化工原料,辽宁,19980902,000881.SZ,20090727,8.53,8.65,8.5,8.61,8.52,0.09,1.0563,68344.99,58581.3032,2.2628,2.7675,0.7,16.5067,16.02,2.5027,1.0635,1.0304,0.0,2.3229,30891.84,30204.3564,24695.751,265978.7424,260059.5086,,,4.482
000881,中广核技,化工原料,辽宁,19980902,000881.SZ,20090724,8.7,8.79,8.42,8.52,8.67,-0.15,-1.7301,79818.47,68711.9812,2.6426,3.2321,0.57,16.3342,15.8525,2.4766,1.0524,1.0196,0.0,2.3474,30891.84,30204.3564,24695.751,263198.4768,257341.1165,,,4.482
000881,中广核技,化工原料,辽宁,19980902,000881.SZ,20090723,8.72,8.78,8.6,8.67,8.72,-0.05,-0.5734,57314.68,49735.1265,1.8976,2.3208,0.36,16.6218,16.1316,2.5202,1.0709,1.0376,0.0,2.3068,30891.84,30204.3564,24695.751,267832.2528,261871.77,,,4.482
000881,中广核技,化工原料,辽宁,19980902,000881.SZ,20090722,8.6,8.81,8.59,8.72,8.58,0.14,1.6317,76362.81,66197.4548,2.5282,3.0921,0.45,16.7176,16.2246,2.5347,1.0771,1.0436,0.0,2.2936,30891.84,30204.3564,24695.751,269376.8448,263381.9878,,,4.482
000881,中广核技,化工原料,辽宁,19980902,000881.SZ,20090721,9.03,9.07,8.51,8.58,9.01,-0.43,-4.7725,119904.17,105096.3904,3.9698,4.8553,0.72,16.4492,15.9641,2.494,1.0598,1.0268,0.0,2.331,30891.84,30204.3564,24695.751,265051.9872,259153.3779,,,4.482
000881,中广核技,化工原料,辽宁,19980902,000881.SZ,20090720,9.0,9.15,8.8,9.01,9.04,-0.03,-0.3319,152720.6,136649.6622,5.0562,6.1841,1.01,17.2736,16.7642,2.619,1.1129,1.0783,0.0,2.2198,30891.84,30204.3564,24695.751,278335.4784,272141.2512,,,4.482
000881,中广核技,化工原料,辽宁,19980902,000881.SZ,20090717,8.61,9.2,8.61,9.04,8.53,0.51,5.9789,294495.13,262473.4557,9.7501,11.9249,2.68,17.3311,16.82,2.6277,1.1166,1.0819,0.0,2.2124,30891.84,30204.3564,24695.751,279262.2336,273047.3819,,,4.482
000881,中广核技,化工原料,辽宁,19980902,000881.SZ,20090716,8.47,8.65,8.25,8.53,8.43,0.1,1.1862,151367.95,127682.9325,5.0115,6.1293,1.51,16.3534,15.8711,2.4795,1.0536,1.0208,0.0,2.3447,30891.84,30204.3564,24695.751,263507.3952,257643.1601,,,4.482
000881,中广核技,化工原料,辽宁,19980902,000881.SZ,20090715,8.35,8.48,8.29,8.43,8.33,0.1,1.2005,126927.08,106516.6108,4.2023,5.1396,1.45,16.1616,15.6851,2.4504,1.0413,1.0089,0.0,2.3725,30891.84,30204.3564,24695.751,260418.2112,254622.7245,,,4.482
000881,中广核技,化工原料,辽宁,19980902,000881.SZ,20090714,8.26,8.33,8.19,8.33,8.22,0.11,1.3382,103881.83,85842.3139,3.4393,4.2065,1.27,15.9699,15.499,2.4213,1.0289,0.9969,0.0,2.401,30891.84,30204.3564,24695.751,257329.0272,251602.2888,,,4.482
000881,中广核技,化工原料,辽宁,19980902,000881.SZ,20090713,8.17,8.33,8.1,8.22,8.18,0.04,0.489,81147.47,66639.4885,2.6866,3.2859,0.95,15.759,15.2943,2.3894,1.0153,0.9837,0.0,2.4331,30891.84,30204.3564,24695.751,253930.9248,248279.8096,,,4.482
000881,中广核技,化工原料,辽宁,19980902,000881.SZ,20090710,8.28,8.36,8.14,8.18,8.26,-0.08,-0.9685,85509.21,70150.0948,2.831,3.4625,0.87,15.6824,15.2199,2.3777,1.0104,0.9789,0.0,2.445,30891.84,30204.3564,24695.751,252695.2512,247071.6354,,,4.482
000881,中广核技,化工原料,辽宁,19980902,000881.SZ,20090709,8.28,8.46,8.28,8.46,8.26,0.2,2.4213,104354.28,87745.1912,3.4549,4.2256,0.94,16.2192,15.7409,2.3316,1.045,1.0125,0.0,,30891.84,30204.3564,24695.751,261344.9664,255528.8551,,,4.482
000881,中广核技,化工原料,辽宁,19980902,000881.SZ,20090708,8.21,8.27,8.12,8.26,8.21,0.05,0.609,61958.79,50835.3131,2.0513,2.5089,0.48,15.8357,15.3687,2.2765,1.0203,0.9885,0.0,,30891.84,30204.3564,24695.751,255166.5984,249487.9839,,,4.482
000881,中广核技,化工原料,辽宁,19980902,000881.SZ,20090707,8.25,8.36,8.2,8.21,8.28,-0.07,-0.8454,75528.72,62411.085,2.5006,3.0584,0.59,15.7399,15.2757,2.2627,1.0141,0.9825,0.0,,30891.84,30204.3564,24695.751,253622.0064,247977.766,,,4.482
000881,中广核技,化工原料,辽宁,19980902,000881.SZ,20090706,8.45,8.47,8.21,8.28,8.42,-0.14,-1.6627,100157.03,83010.4465,3.316,4.0556,0.79,15.8741,15.406,2.282,1.0227,0.9909,0.0,,30891.84,30204.3564,24695.751,255784.4352,250092.071,,,4.482
000881,中广核技,化工原料,辽宁,19980902,000881.SZ,20090703,8.18,8.5,8.14,8.42,8.24,0.18,2.1845,148024.05,123826.7993,4.9008,5.9939,1.45,16.1425,15.6664,2.3206,1.04,1.0077,0.0,,30891.84,30204.3564,24695.751,260109.2928,254320.6809,,,4.482
000881,中广核技,化工原料,辽宁,19980902,000881.SZ,20090702,8.35,8.47,8.11,8.24,8.19,0.05,0.6105,169968.65,140599.3209,5.6273,6.8825,2.16,15.7974,15.3315,2.2709,1.0178,0.9861,0.0,,30891.84,30204.3564,24695.751,254548.7616,248883.8967,,,4.482
000881,中广核技,化工原料,辽宁,19980902,000881.SZ,20090701,7.88,8.22,7.84,8.19,7.88,0.31,3.934,155022.49,125484.3632,5.1325,6.2773,2.8,15.7015,15.2385,2.2572,1.0116,0.9801,0.0,,30891.84,30204.3564,24695.751,253004.1696,247373.6789,,,4.482
000881,中广核技,化工原料,辽宁,19980902,000881.SZ,20090630,7.94,8.07,7.85,7.88,7.9,-0.02,-0.2532,66523.67,52902.6822,2.2025,2.6937,1.31,15.1072,14.6617,2.1717,0.9733,0.943,0.0,,30891.84,30204.3564,24695.751,243427.6992,238010.3284,,,4.482
000881,中广核技,化工原料,辽宁,19980902,000881.SZ,20090629,7.76,8.0,7.75,7.9,7.76,0.14,1.8041,94538.98,74796.9525,3.13,3.8281,2.11,15.1456,14.6989,2.1772,0.9758,0.9454,0.0,,30891.84,30204.3564,24695.751,244045.536,238614.4156,,,4.482
000881,中广核技,化工原料,辽宁,19980902,000881.SZ,20090626,7.73,7.77,7.67,7.76,7.69,0.07,0.9103,25605.57,19801.1211,0.8477,1.0368,0.43,14.8772,14.4384,2.1387,0.9585,0.9287,0.0,,30891.84,30204.3564,24695.751,239720.6784,234385.8057,,,4.482
000881,中广核技,化工原料,辽宁,19980902,000881.SZ,20090625,7.85,7.86,7.68,7.69,7.8,-0.11,-1.4103,51106.41,39560.567,1.692,2.0694,0.68,14.743,14.3082,2.1194,0.9499,0.9203,0.0,,30891.84,30204.3564,24695.751,237558.2496,232271.5007,,,4.482
000881,中广核技,化工原料,辽宁,19980902,000881.SZ,20090624,7.74,7.83,7.71,7.8,7.74,0.06,0.7752,39463.48,30694.2638,1.3065,1.598,0.51,14.9538,14.5129,2.1497,0.9634,0.9335,0.0,,30891.84,30204.3564,24695.751,240956.352,235593.9799,,,4.482
000881,中广核技,化工原料,辽宁,19980902,000881.SZ,20090623,7.7,7.85,7.66,7.74,7.8,-0.06,-0.7692,43934.99,34065.6604,1.4546,1.7791,0.56,14.8388,14.4012,2.1331,0.956,0.9263,0.0,,30891.84,30204.3564,24695.751,239102.8416,233781.7185,,,4.482
000881,中广核技,化工原料,辽宁,19980902,000881.SZ,20090622,7.93,8.01,7.77,7.8,7.93,-0.13,-1.6393,64192.03,50545.9214,2.1253,2.5993,0.89,14.9538,14.5129,2.1497,0.9634,0.9335,0.0,,30891.84,30204.3564,24695.751,240956.352,235593.9799,,,4.482
000881,中广核技,化工原料,辽宁,19980902,000881.SZ,20090619,7.99,8.11,7.9,7.93,8.06,-0.13,-1.6129,95971.01,76548.9926,3.1774,3.8861,1.54,15.2031,14.7547,2.1855,0.9795,0.949,0.0,,30891.84,30204.3564,24695.751,244972.2912,239520.5463,,,4.482
000881,中广核技,化工原料,辽宁,19980902,000881.SZ,20090618,7.81,8.11,7.75,8.06,7.8,0.26,3.3333,133811.69,106288.9125,4.4302,5.4184,2.73,15.4523,14.9966,2.2213,0.9956,0.9646,0.0,,30891.84,30204.3564,24695.751,248988.2304,243447.1126,,,4.482
000881,中广核技,化工原料,辽宁,19980902,000881.SZ,20090617,7.75,7.83,7.65,7.8,7.77,0.03,0.3861,48968.55,37988.6568,1.6212,1.9829,0.85,14.9538,14.5129,2.1497,0.9634,0.9335,0.0,,30891.84,30204.3564,24695.751,240956.352,235593.9799,,,4.482
000881,中广核技,化工原料,辽宁,19980902,000881.SZ,20090616,7.63,7.83,7.59,7.77,7.67,0.1,1.3038,52185.17,40289.3615,1.7277,2.1131,0.91,14.8963,14.457,2.1414,0.9597,0.9299,0.0,,30891.84,30204.3564,24695.751,240029.5968,234687.8492,,,4.482
000881,中广核技,化工原料,辽宁,19980902,000881.SZ,20090615,7.52,7.67,7.5,7.67,7.52,0.15,1.9947,30504.39,23169.5779,1.0099,1.2352,0.52,14.7046,14.271,2.1139,0.9474,0.9179,0.0,,30891.84,30204.3564,24695.751,236940.4128,231667.4136,,,4.482
000881,中广核技,化工原料,辽宁,19980902,000881.SZ,20090612,7.68,7.74,7.5,7.52,7.68,-0.16,-2.0833,46569.88,35378.5612,1.5418,1.8857,0.81,14.417,13.9919,2.0725,0.9289,0.9,0.0,,30891.84,30204.3564,24695.751,232306.6368,227136.7601,,,4.482
000881,中广核技,化工原料,辽宁,19980902,000881.SZ,20090611,7.88,7.89,7.63,7.68,7.9,-0.22,-2.7848,67011.0,52021.4095,2.2186,2.7135,1.21,14.7238,14.2896,2.1166,0.9486,0.9191,0.0,,30891.84,30204.3564,24695.751,237249.3312,231969.4572,,,4.482
000881,中广核技,化工原料,辽宁,19980902,000881.SZ,20090610,7.82,7.95,7.76,7.9,7.75,0.15,1.9355,92408.79,72746.6778,3.0595,3.7419,1.69,15.1456,14.6989,2.1772,0.9758,0.9454,0.0,,30891.84,30204.3564,24695.751,244045.536,238614.4156,,,4.482
000881,中广核技,化工原料,辽宁,19980902,000881.SZ,20090609,7.56,7.75,7.5,7.75,7.55,0.2,2.649,48889.94,37251.4971,1.6186,1.9797,0.91,14.858,14.4198,2.1359,0.9573,0.9275,0.0,,30891.84,30204.3564,24695.751,239411.76,234083.7621,,,4.482
000881,中广核技,化工原料,辽宁,19980902,000881.SZ,20090608,7.61,7.67,7.52,7.55,7.63,-0.08,-1.0485,36321.28,27534.6158,1.2025,1.4708,0.66,14.4745,14.0477,2.0808,0.9326,0.9036,0.0,,30891.84,30204.3564,24695.751,233233.392,228042.8908,,,4.482
000881,中广核技,化工原料,辽宁,19980902,000881.SZ,20090605,7.7,7.73,7.6,7.63,7.68,-0.05,-0.651,42498.72,32608.053,1.407,1.7209,0.81,14.6279,14.1966,2.1028,0.9424,0.9131,0.0,,30891.84,30204.3564,24695.751,235704.7392,230459.2393,,,4.482
000881,中广核技,化工原料,辽宁,19980902,000881.SZ,20090604,7.8,7.8,7.54,7.68,7.79,-0.11,-1.4121,57017.32,43711.5308,1.8877,2.3088,1.16,14.7238,14.2896,2.1166,0.9486,0.9191,0.0,,30891.84,30204.3564,24695.751,237249.3312,231969.4572,,,4.482
000881,中广核技,化工原料,辽宁,19980902,000881.SZ,20090603,7.7,7.86,7.64,7.79,7.64,0.15,1.9634,88612.66,68806.5839,2.9338,3.5882,2.19,14.9347,14.4943,2.1469,0.9622,0.9323,0.0,,30891.84,30204.3564,24695.751,240647.4336,235291.9364,,,4.482
000881,中广核技,化工原料,辽宁,19980902,000881.SZ,20090602,7.64,7.76,7.61,7.64,7.66,-0.02,-0.2611,45488.78,34901.1883,1.506,1.842,1.19,14.6471,14.2152,2.1056,0.9437,0.9143,0.0,,30891.84,30204.3564,24695.751,236013.6576,230761.2829,,,4.482
000881,中广核技,化工原料,辽宁,19980902,000881.SZ,20090601,7.63,7.7,7.54,7.66,7.52,0.14,1.8617,42611.78,32440.7158,1.4108,1.7255,0.99,14.6854,14.2524,2.1111,0.9462,0.9167,0.0,,30891.84,30204.3564,24695.751,236631.4944,231365.37,,,4.482
000881,中广核技,化工原料,辽宁,19980902,000881.SZ,20090527,7.53,7.6,7.43,7.52,7.5,0.02,0.2667,28683.19,21535.3397,0.9496,1.1615,0.56,14.417,13.9919,2.0725,0.9289,0.9,0.0,,30891.84,30204.3564,24695.751,232306.6368,227136.7601,,,4.482
000881,中广核技,化工原料,辽宁,19980902,000881.SZ,20090526,7.47,7.64,7.43,7.5,7.46,0.04,0.5362,39452.69,29767.664,1.3062,1.5975,0.71,14.3787,13.9547,2.067,0.9264,0.8976,0.0,,30891.84,30204.3564,24695.751,231688.8,226532.673,,,4.482
000881,中广核技,化工原料,辽宁,19980902,000881.SZ,20090525,7.35,7.5,7.23,7.46,7.52,-0.06,-0.7979,46406.91,34042.752,1.5364,1.8791,0.77,14.302,13.8802,2.056,0.9214,0.8928,0.0,,30891.84,30204.3564,24695.751,230453.1264,225324.4987,,,4.482
000881,中广核技,化工原料,辽宁,19980902,000881.SZ,20090522,7.47,7.62,7.45,7.52,7.5,0.02,0.2667,33736.93,25398.6622,1.117,1.3661,0.51,14.417,13.9919,2.0725,0.9289,0.9,0.0,,30891.84,30204.3564,24695.751,232306.6368,227136.7601,,,4.482
000881,中广核技,化工原料,辽宁,19980902,000881.SZ,20090521,7.69,7.79,7.43,7.5,7.73,-0.23,-2.9754,66598.51,50499.8036,2.2049,2.6968,1.08,14.3787,13.9547,2.067,0.9264,0.8976,0.0,,30891.84,30204.3564,24695.751,231688.8,226532.673,,,4.482
000881,中广核技,化工原料,辽宁,19980902,000881.SZ,20090520,7.9,7.98,7.73,7.73,7.93,-0.2,-2.5221,68391.08,53602.3953,2.2643,2.7693,1.21,14.8196,14.3826,2.1304,0.9548,0.9251,0.0,,30891.84,30204.3564,24695.751,238793.9232,233479.675,,,4.482
000881,中广核技,化工原料,辽宁,19980902,000881.SZ,20090519,7.95,7.98,7.83,7.93,7.9,0.03,0.3797,60760.95,47962.743,2.0117,2.4604,1.0,15.2031,14.7547,2.1855,0.9795,0.949,0.0,,30891.84,30204.3564,24695.751,244972.2912,239520.5463,,,4.482
000881,中广核技,化工原料,辽宁,19980902,000881.SZ,20090518,7.8,8.04,7.78,7.9,7.75,0.15,1.9355,71511.31,56503.2569,2.3676,2.8957,1.09,15.1456,14.6989,2.1772,0.9758,0.9454,0.0,,30891.84,30204.3564,24695.751,244045.536,238614.4156,,,4.482
000881,中广核技,化工原料,辽宁,19980902,000881.SZ,20090514,7.61,7.85,7.56,7.75,7.66,0.09,1.1749,64348.66,49928.3798,2.1304,2.6057,0.72,14.858,14.4198,2.1359,0.9573,0.9275,0.0,,30891.84,30204.3564,24695.751,239411.76,234083.7621,,,4.482
000881,中广核技,化工原料,辽宁,19980902,000881.SZ,20090513,7.62,7.7,7.56,7.66,7.63,0.03,0.3932,44739.38,34225.7575,1.4812,1.8116,0.45,14.6854,14.2524,2.1111,0.9462,0.9167,0.0,,30891.84,30204.3564,24695.751,236631.4944,231365.37,9.17,7.51,4.482
000881,中广核技,化工原料,辽宁,19980902,000881.SZ,20090512,7.38,7.65,7.35,7.63,7.48,0.15,2.0053,40387.06,30347.7278,1.3371,1.6354,0.38,14.6279,14.1966,2.1028,0.9424,0.9131,0.0,,30891.84,30204.3564,24695.751,235704.7392,230459.2393,,,4.482
000881,中广核技,化工原料,辽宁,19980902,000881.SZ,20090511,7.9,7.95,7.48,7.48,7.89,-0.41,-5.1965,81569.28,63008.2736,2.7006,3.303,0.75,14.3403,13.9175,2.0615,0.9239,0.8952,0.0,,30891.84,30204.3564,24695.751,231070.9632,225928.5859,,,4.482
000881,中广核技,化工原料,辽宁,19980902,000881.SZ,20090508,7.98,7.98,7.71,7.89,7.99,-0.1,-1.2516,97519.1,76711.8507,3.2286,3.9488,0.92,15.1264,14.6803,2.1745,0.9746,0.9442,0.0,,30891.84,30204.3564,24695.751,243736.6176,238312.372,,,4.482
000881,中广核技,化工原料,辽宁,19980902,000881.SZ,20090507,7.95,8.15,7.84,7.99,7.83,0.16,2.0434,182267.93,146178.5392,6.0345,7.3805,2.09,15.3181,14.8664,2.202,0.9869,0.9562,0.0,,30891.84,30204.3564,24695.751,246825.8016,241332.8076,,,4.482
000881,中广核技,化工原料,辽宁,19980902,000881.SZ,20090506,7.72,7.87,7.67,7.83,7.74,0.09,1.1628,98554.59,76618.6852,3.2629,3.9908,1.22,15.0114,14.5687,2.1579,0.9672,0.9371,0.0,,30891.84,30204.3564,24695.751,241883.1072,236500.1106,,,4.482
000881,中广核技,化工原料,辽宁,19980902,000881.SZ,20090505,7.81,7.84,7.66,7.74,7.78,-0.04,-0.5141,76176.67,58911.3849,2.522,3.0846,1.01,14.8388,14.4012,2.1331,0.956,0.9263,0.0,,30891.84,30204.3564,24695.751,239102.8416,233781.7185,,,4.482
000881,中广核技,化工原料,辽宁,19980902,000881.SZ,20090504,7.61,7.82,7.58,7.78,7.58,0.2,2.6385,87619.67,67585.0565,2.9009,3.548,1.3,14.9155,14.4756,2.1442,0.961,0.9311,0.0,,30891.84,30204.3564,24695.751,240338.5152,234989.8928,,,4.482
000881,中广核技,化工原料,辽宁,19980902,000881.SZ,20090430,7.54,7.68,7.41,7.58,7.52,0.06,0.7979,84064.59,63469.1502,2.7832,3.404,1.33,14.5321,14.1035,2.089,0.9363,0.9071,0.0,,30891.84,30204.3564,24695.751,234160.1472,228949.0215,,,4.482
000881,中广核技,化工原料,辽宁,19980902,000881.SZ,20090429,7.5,7.56,7.32,7.52,7.42,0.1,1.3477,89166.81,66531.1981,2.9521,3.6106,1.3,14.417,13.9919,2.0725,0.9289,0.9,0.0,,30891.84,30204.3564,24695.751,232306.6368,227136.7601,8.9,7.28,4.482
000881,中广核技,化工原料,辽宁,19980902,000881.SZ,20090428,7.01,7.46,7.0,7.42,7.07,0.35,4.9505,67291.56,48818.2341,2.2279,2.7248,0.87,14.2253,13.8058,2.045,0.9165,0.888,0.0,,30891.84,30204.3564,24695.751,229217.4528,224116.3245,,,4.482
000881,中广核技,化工原料,辽宁,19980902,000881.SZ,20090427,7.18,7.27,7.0,7.07,7.21,-0.14,-1.9417,49936.45,35536.261,1.6533,2.0221,0.57,13.5543,13.1546,1.9485,0.8733,0.8461,0.0,,30891.84,30204.3564,24695.751,218405.3088,213544.7997,,,4.482
000881,中广核技,化工原料,辽宁,19980902,000881.SZ,20090424,7.34,7.39,7.2,7.21,7.33,-0.12,-1.6371,46421.16,33780.1638,1.5369,1.8797,0.48,13.8227,13.4151,1.9871,0.8906,0.8629,0.0,,30891.84,30204.3564,24695.751,222730.1664,217773.4096,,,4.482
000881,中广核技,化工原料,辽宁,19980902,000881.SZ,20090423,7.3,7.4,7.15,7.33,7.32,0.01,0.1366,62164.85,45177.7492,2.0581,2.5172,0.56,14.0528,13.6384,2.0201,0.9054,0.8772,0.0,,30891.84,30204.3564,24695.751,226437.1872,221397.9324,,,4.482
000881,中广核技,化工原料,辽宁,19980902,000881.SZ,20090422,7.77,7.88,7.3,7.32,7.69,-0.37,-4.8114,117603.21,89800.3579,3.8936,4.7621,1.07,14.0336,13.6198,2.0174,0.9042,0.876,0.0,,30891.84,30204.3564,24695.751,226128.2688,221095.8888,,,4.482
000881,中广核技,化工原料,辽宁,19980902,000881.SZ,20090421,7.64,7.93,7.55,7.69,7.74,-0.05,-0.646,110678.66,85571.7741,3.6643,4.4817,1.06,14.743,14.743,2.2194,0.9499,0.9499,0.0,,30891.84,30204.3564,24695.751,237558.2496,232271.5007,,,4.482
000881,中广核技,化工原料,辽宁,19980902,000881.SZ,20090420,7.35,7.74,7.34,7.74,7.4,0.34,4.5946,102549.34,78061.9661,3.3952,4.1525,0.97,14.8388,14.8388,2.2339,0.956,0.956,0.0,,30891.84,30204.3564,24695.751,239102.8416,233781.7185,,,4.482
000881,中广核技,化工原料,辽宁,19980902,000881.SZ,20090417,7.68,7.69,7.35,7.4,7.68,-0.28,-3.6458,94019.56,70201.2853,3.1128,3.8071,0.95,14.187,14.187,2.1357,0.914,0.914,0.0,,30891.84,30204.3564,24695.751,228599.616,223512.2374,,,4.482
000881,中广核技,化工原料,辽宁,19980902,000881.SZ,20090416,7.57,7.7,7.45,7.68,7.53,0.15,1.992,127540.13,97212.575,4.2226,5.1645,1.48,14.7238,14.7238,2.2166,0.9486,0.9486,0.0,,30891.84,30204.3564,24695.751,237249.3312,231969.4572,,,4.482
000881,中广核技,化工原料,辽宁,19980902,000881.SZ,20090415,7.39,7.56,7.3,7.53,7.39,0.14,1.8945,112755.28,84270.412,3.7331,4.5658,1.46,14.4362,14.4362,2.1733,0.9301,0.9301,0.0,,30891.84,30204.3564,24695.751,232615.5552,227438.8037,,,4.482
000881,中广核技,化工原料,辽宁,19980902,000881.SZ,20090414,7.4,7.42,7.29,7.39,7.37,0.02,0.2714,84632.09,62300.1415,2.802,3.427,1.22,14.1678,14.1678,2.1329,0.9128,0.9128,0.0,,30891.84,30204.3564,24695.751,228290.6976,223210.1938,,,4.482
000881,中广核技,化工原料,辽宁,19980902,000881.SZ,20090413,7.27,7.45,7.27,7.37,7.25,0.12,1.6552,108377.6,79805.0308,3.5881,4.3885,1.74,14.1295,14.1295,2.1271,0.9103,0.9103,0.0,,30891.84,30204.3564,24695.751,227672.8608,222606.1067,,,4.482
000881,中广核技,化工原料,辽宁,19980902,000881.SZ,20090410,7.03,7.26,7.03,7.25,7.1,0.15,2.1127,63130.39,45277.3512,2.0901,2.5563,0.87,13.8994,13.8994,2.0925,0.8955,0.8955,0.0,,30891.84,30204.3564,24695.751,223965.84,218981.5839,,,4.482
000881,中广核技,化工原料,辽宁,19980902,000881.SZ,20090409,7.1,7.18,6.88,7.1,7.12,-0.02,-0.2809,61207.05,43063.7435,2.0264,2.4784,0.78,13.6118,13.6118,2.0492,0.877,0.877,0.0,,30891.84,30204.3564,24695.751,219332.064,214450.9304,,,4.482
000881,中广核技,化工原料,辽宁,19980902,000881.SZ,20090408,7.29,7.36,7.12,7.12,7.3,-0.18,-2.4658,69632.62,50667.089,2.3054,2.8196,0.95,13.6502,13.6502,2.0549,0.8795,0.8795,0.0,,30891.84,30204.3564,24695.751,219949.9008,215055.0176,,,4.482
000881,中广核技,化工原料,辽宁,19980902,000881.SZ,20090407,7.22,7.3,7.17,7.3,7.19,0.11,1.5299,43755.74,31604.4612,1.4487,1.7718,0.59,13.9953,13.9953,2.1069,0.9017,0.9017,0.0,,30891.84,30204.3564,24695.751,225510.432,220491.8017,,,4.482
000881,中广核技,化工原料,辽宁,19980902,000881.SZ,20090403,7.45,7.45,7.17,7.19,7.38,-0.19,-2.5745,73939.01,53845.9328,2.448,2.994,0.95,13.7844,13.7844,2.0751,0.8881,0.8881,0.0,,30891.84,30204.3564,24695.751,222112.3296,217169.3225,,,4.482
000881,中广核技,化工原料,辽宁,19980902,000881.SZ,20090402,7.33,7.45,7.28,7.38,7.32,0.06,0.8197,113947.19,84030.4241,3.7725,4.614,1.63,14.1486,14.1486,2.13,0.9116,0.9116,0.0,,30891.84,30204.3564,24695.751,227981.7792,222908.1502,,,4.482
000881,中广核技,化工原料,辽宁,19980902,000881.SZ,20090401,7.2,7.34,7.2,7.32,7.18,0.14,1.9499,88921.53,64698.0273,2.944,3.6007,1.33,14.0336,14.0336,2.1127,0.9042,0.9042,0.0,,30891.84,30204.3564,24695.751,226128.2688,221095.8888,,,4.482
000881,中广核技,化工原料,辽宁,19980902,000881.SZ,20090331,7.05,7.18,6.98,7.18,7.21,-0.03,-0.4161,46964.37,33273.1714,1.5549,1.9017,0.68,13.7652,13.7652,2.0722,0.8869,0.8869,0.0,,30891.84,30204.3564,24695.751,221803.4112,216867.279,,,4.482
000881,中广核技,化工原料,辽宁,19980902,000881.SZ,20090330,7.29,7.29,7.19,7.21,7.22,-0.01,-0.1385,45232.67,32686.1857,1.4976,1.8316,0.6,13.8227,13.8227,2.0809,0.8906,0.8906,0.0,,30891.84,30204.3564,24695.751,222730.1664,217773.4096,,,4.482
000881,中广核技,化工原料,辽宁,19980902,000881.SZ,20090327,7.09,7.4,7.05,7.22,7.02,0.2,2.849,93898.98,68111.5872,3.1088,3.8022,1.24,13.8419,13.8419,2.0838,0.8918,0.8918,0.0,,30891.84,30204.3564,24695.751,223039.0848,218075.4532,,,4.482
000881,中广核技,化工原料,辽宁,19980902,000881.SZ,20090326,6.88,7.05,6.7,7.02,6.9,0.12,1.7391,75571.57,52097.5773,2.502,3.0601,1.0,13.4585,13.4585,2.0261,0.8671,0.8671,0.0,,30891.84,30204.3564,24695.751,216860.7168,212034.5819,,,4.482
000881,中广核技,化工原料,辽宁,19980902,000881.SZ,20090325,7.2,7.2,6.9,6.9,7.21,-0.31,-4.2996,71375.37,50444.4011,2.3631,2.8902,0.9,13.2284,13.2284,1.9914,0.8523,0.8523,0.0,,30891.84,30204.3564,24695.751,213153.696,208410.0592,,,4.482
000881,中广核技,化工原料,辽宁,19980902,000881.SZ,20090324,7.24,7.28,7.14,7.21,7.18,0.03,0.4178,61589.72,44399.6789,2.0391,2.4939,0.73,13.8227,13.8227,2.0809,0.8906,0.8906,0.0,,30891.84,30204.3564,24695.751,222730.1664,217773.4096,,,4.482
000881,中广核技,化工原料,辽宁,19980902,000881.SZ,20090323,7.13,7.24,7.11,7.18,7.12,0.06,0.8427,72478.15,52110.7996,2.3996,2.9348,0.87,13.7652,13.7652,2.0722,0.8869,0.8869,0.0,,30891.84,30204.3564,24695.751,221803.4112,216867.279,,,4.482
000881,中广核技,化工原料,辽宁,19980902,000881.SZ,20090320,7.32,7.36,7.03,7.12,7.25,-0.13,-1.7931,97596.92,70159.8826,3.2312,3.952,1.17,13.6502,13.6502,2.0549,0.8795,0.8795,0.0,,30891.84,30204.3564,24695.751,219949.9008,215055.0176,,,4.482
000881,中广核技,化工原料,辽宁,19980902,000881.SZ,20090319,7.21,7.29,7.15,7.25,7.21,0.04,0.5548,75825.48,54743.5287,2.5104,3.0704,0.92,17.6869,9.653,2.0428,1.0509,0.9622,0.0,,30891.84,30204.3564,24695.7508,223965.84,218981.5839,,,4.482
000881,中广核技,化工原料,辽宁,19980902,000881.SZ,20090318,7.26,7.33,7.14,7.21,7.25,-0.04,-0.5517,89200.38,64556.5776,2.9532,3.612,1.15,17.5893,9.5998,2.0315,1.0451,0.9569,0.0,,30891.84,30204.3564,24695.7508,222730.1664,217773.4096,,,4.482
000881,中广核技,化工原料,辽宁,19980902,000881.SZ,20090317,7.12,7.27,6.96,7.25,7.07,0.18,2.546,86451.09,61975.7733,2.8622,3.5006,1.28,17.6869,9.653,2.0428,1.0509,0.9622,0.0,,30891.84,30204.3564,24695.7508,223965.84,218981.5839,,,4.482
000881,中广核技,化工原料,辽宁,19980902,000881.SZ,20090316,6.8,7.15,6.75,7.07,6.84,0.23,3.3626,68798.83,48462.6789,2.2778,2.7859,1.06,17.2477,9.4134,1.9921,1.0248,0.9383,0.0,,30891.84,30204.3564,24695.7508,218405.3088,213544.7997,,,4.482
000881,中广核技,化工原料,辽宁,19980902,000881.SZ,20090313,6.94,7.05,6.8,6.84,6.85,-0.01,-0.146,96086.8,66518.7305,3.1812,3.8908,1.79,16.6866,9.1072,1.9273,0.9915,0.9078,0.0,,30891.84,30204.3564,24695.7508,211300.1856,206597.7978,,,4.482
000881,中广核技,化工原料,辽宁,19980902,000881.SZ,20090312,6.63,6.91,6.44,6.85,6.68,0.17,2.5449,69542.37,46675.7052,2.3024,2.816,1.16,16.711,9.1205,1.9301,0.993,0.9091,0.0,,30891.84,30204.3564,24695.7508,211609.104,206899.8413,,,4.482
000881,中广核技,化工原料,辽宁,19980902,000881.SZ,20090311,6.7,6.81,6.54,6.68,6.52,0.16,2.454,66137.93,44188.4068,2.1897,2.6781,1.13,16.2963,8.8941,1.8822,0.9683,0.8866,0.0,,30891.84,30204.3564,24695.7508,206357.4912,201765.1008,,,4.482
000881,中广核技,化工原料,辽宁,19980902,000881.SZ,20090310,6.3,6.54,6.08,6.52,6.32,0.2,3.1646,37002.74,23461.7122,1.2251,1.4983,0.63,15.906,8.6811,1.8371,0.9451,0.8653,0.0,,30891.84,30204.3564,24695.7508,201414.7968,196932.4037,,,4.482
000881,中广核技,化工原料,辽宁,19980902,000881.SZ,20090309,6.71,6.9,6.21,6.32,6.74,-0.42,-6.2315,54870.69,36140.7601,1.8166,2.2219,0.99,15.4181,8.4148,1.7807,0.9161,0.8388,0.0,,30891.84,30204.3564,24695.7508,195236.4288,190891.5324,,,4.482
000881,中广核技,化工原料,辽宁,19980902,000881.SZ,20090306,6.75,6.85,6.64,6.74,6.83,-0.09,-1.3177,40596.38,27380.8871,1.3441,1.6439,0.69,16.4427,8.974,1.8991,0.977,0.8945,0.0,,30891.84,30204.3564,24695.7508,208211.0016,203577.3621,,,4.482
000881,中广核技,化工原料,辽宁,19980902,000881.SZ,20090305,6.8,7.05,6.68,6.83,6.67,0.16,2.3988,101178.17,69508.6541,3.3498,4.097,1.99,16.6622,9.0938,1.9244,0.9901,0.9065,0.0,,30891.84,30204.3564,24695.7508,210991.2672,206295.7542,,,4.482
000881,中广核技,化工原料,辽宁,19980902,000881.SZ,20090304,6.3,6.68,6.3,6.67,6.27,0.4,6.3796,58639.92,38314.6048,1.9414,2.3745,1.11,16.2719,8.8808,1.8794,0.9669,0.8853,0.0,,30891.84,30204.3564,24695.7508,206048.5728,201463.0572,,,4.482
000881,中广核技,化工原料,辽宁,19980902,000881.SZ,20090303,6.11,6.34,6.02,6.27,6.25,0.02,0.32,37476.55,23301.9535,1.2408,1.5175,0.58,15.2961,8.3482,1.7667,0.9089,0.8322,0.0,,30891.84,30204.3564,24695.7508,193691.8368,189381.3146,,,4.482
000881,中广核技,化工原料,辽宁,19980902,000881.SZ,20090302,6.08,6.28,6.05,6.25,6.08,0.17,2.7961,38496.71,23807.4606,1.2745,1.5588,0.5,15.2473,8.3216,1.761,0.906,0.8295,0.0,,30891.84,30204.3564,24695.7508,193074.0,188777.2275,,,4.482
000881,中广核技,化工原料,辽宁,19980902,000881.SZ,20090227,6.38,6.48,6.0,6.08,6.44,-0.36,-5.5901,59758.07,36949.2664,1.9785,2.4198,0.76,14.8326,8.0952,1.7131,0.8813,0.807,0.0,,30891.84,30204.3564,24695.7508,187822.3872,183642.4869,,,4.482
000881,中广核技,化工原料,辽宁,19980902,000881.SZ,20090226,7.07,7.18,6.36,6.44,7.07,-0.63,-8.9109,59406.83,40702.4626,1.9668,2.4055,0.7,15.7108,8.5746,1.8146,0.9335,0.8547,0.0,,30891.84,30204.3564,24695.7508,198943.4496,194516.0552,,,4.482
000881,中广核技,化工原料,辽宁,19980902,000881.SZ,20090225,7.13,7.28,6.74,7.07,7.11,-0.04,-0.5626,68206.62,47877.0062,2.2582,2.7619,0.71,17.2477,9.4134,1.9921,1.0248,0.9383,0.0,,30891.84,30204.3564,24695.7508,218405.3088,213544.7997,,,4.482
000881,中广核技,化工原料,辽宁,19980902,000881.SZ,20090224,7.4,7.5,7.05,7.11,7.51,-0.4,-5.3262,99939.74,72655.0416,3.3088,4.0468,0.93,17.3453,9.4666,2.0033,1.0306,0.9437,0.0,,30891.84,30204.3564,24695.7508,219640.9824,214752.974,,,4.482
000881,中广核技,化工原料,辽宁,19980902,000881.SZ,20090223,7.33,7.55,7.26,7.51,7.15,0.36,5.035,95442.78,70850.0758,3.1599,3.8647,0.71,18.3211,9.9992,2.116,1.0886,0.9967,0.0,,30891.84,30204.3564,24695.7508,231997.7184,226834.7166,,,4.482
000881,中广核技,化工原料,辽宁,19980902,000881.SZ,20090219,7.0,7.25,6.92,7.15,6.92,0.23,3.3237,72550.42,51396.7909,2.402,2.9378,0.42,17.4429,9.5199,2.0146,1.0364,0.949,0.0,,30891.84,30204.3564,24695.7508,220876.656,215961.1483,,,4.482
000881,中广核技,化工原料,辽宁,19980902,000881.SZ,20090218,6.99,7.28,6.84,6.92,7.13,-0.21,-2.9453,88088.73,62690.0059,2.9164,3.567,0.46,16.8818,9.2137,1.9498,1.0031,0.9184,0.0,,30891.84,30204.3564,24695.7508,213771.5328,209014.1463,,,4.482
000881,中广核技,化工原料,辽宁,19980902,000881.SZ,20090217,7.63,7.63,7.13,7.13,7.65,-0.52,-6.7974,122728.11,90127.6347,4.0633,4.9696,0.66,17.3941,9.4933,2.009,1.0335,0.9463,0.0,,30891.84,30204.3564,24695.7508,220258.8192,215357.0611,,,4.482
000881,中广核技,化工原料,辽宁,19980902,000881.SZ,20090216,7.7,7.78,7.36,7.65,7.62,0.03,0.3937,159586.96,120630.371,5.2836,6.4621,0.88,18.6627,10.1856,2.1555,1.1089,1.0153,0.0,,30891.84,30204.3564,24695.7508,236322.576,231063.3265,,,4.482
000881,中广核技,化工原料,辽宁,19980902,000881.SZ,20090213,7.3,8.03,7.25,7.62,7.5,0.12,1.6,229760.8,175738.9729,7.6069,9.3037,1.5,18.5895,10.1457,2.147,1.1046,1.0113,0.0,,30891.84,30204.3564,24695.7508,235395.8208,230157.1958,,,4.482
000881,中广核技,化工原料,辽宁,19980902,000881.SZ,20090212,7.3,7.59,7.13,7.5,6.9,0.6,8.6957,269957.77,199608.4568,8.9377,10.9313,2.36,18.2967,9.9859,2.1132,1.0872,0.9954,0.0,,30891.84,30204.3564,24695.7508,231688.8,226532.673,,,4.482
000881,中广核技,化工原料,辽宁,19980902,000881.SZ,20090211,6.5,7.1,6.42,6.9,6.64,0.26,3.9157,168664.36,114825.0935,5.5841,6.8297,1.72,16.833,9.187,1.9442,1.0002,0.9158,0.0,,30891.84,30204.3564,24695.7508,213153.696,208410.0592,,,4.482
000881,中广核技,化工原料,辽宁,19980902,000881.SZ,20090210,6.5,6.65,6.3,6.64,6.51,0.13,1.9969,101791.26,65564.4303,3.3701,4.1218,1.12,16.1987,8.8409,1.8709,0.9625,0.8813,0.0,,30891.84,30204.3564,24695.7508,205121.8176,200556.9265,,,4.482
000881,中广核技,化工原料,辽宁,19980902,000881.SZ,20090209,6.33,6.61,6.33,6.51,6.17,0.34,5.5105,141418.49,91181.8891,4.6821,5.7264,1.97,15.8816,8.6678,1.8343,0.9437,0.864,0.0,,30891.84,30204.3564,24695.7508,201105.8784,196630.3602,,,4.482
000881,中广核技,化工原料,辽宁,19980902,000881.SZ,20090206,5.92,6.2,5.91,6.17,5.87,0.3,5.1107,84493.6,51317.1913,2.7974,3.4214,1.32,15.0521,8.2151,1.7385,0.8944,0.8189,0.0,,30891.84,30204.3564,24695.7508,190602.6528,186360.879,,,4.482
000881,中广核技,化工原料,辽宁,19980902,000881.SZ,20090205,6.0,6.06,5.82,5.87,6.01,-0.14,-2.3295,76658.85,45627.5789,2.538,3.1041,1.33,14.3203,7.8156,1.654,0.8509,0.7791,0.0,,30891.84,30204.3564,24695.7508,181335.1008,177299.5721,,,4.482
000881,中广核技,化工原料,辽宁,19980902,000881.SZ,20090204,5.92,6.04,5.81,6.01,5.89,0.12,2.0374,84858.19,50379.1211,2.8095,3.4361,1.59,14.6618,8.002,1.6934,0.8712,0.7977,0.0,,30891.84,30204.3564,24695.7508,185659.9584,181528.182,,,4.482
000881,中广核技,化工原料,辽宁,19980902,000881.SZ,20090203,5.75,5.92,5.71,5.89,5.75,0.14,2.4348,68856.01,40405.0414,2.2797,2.7882,1.51,14.369,7.8423,1.6596,0.8538,0.7817,0.0,,30891.84,30204.3564,24695.7508,181952.9376,177903.6592,,,4.482
000881,中广核技,化工原料,辽宁,19980902,000881.SZ,20090202,5.62,5.78,5.62,5.75,5.58,0.17,3.0466,43435.95,24846.9421,1.4381,1.7588,0.98,14.0275,7.6559,1.6201,0.8335,0.7632,0.0,,30891.84,30204.3564,24695.7508,177628.08,173675.0493,,,4.482
000881,中广核技,化工原料,辽宁,19980902,000881.SZ,20090123,5.7,5.76,5.56,5.58,5.73,-0.15,-2.6178,45610.51,25705.1865,1.5101,1.8469,1.0,13.6128,7.4295,1.5722,0.8089,0.7406,0.0,,30891.84,30204.3564,24695.7508,172376.4672,168540.3087,,,4.482
000881,中广核技,化工原料,辽宁,19980902,000881.SZ,20090122,5.71,5.79,5.65,5.73,5.66,0.07,1.2367,45418.12,26013.3402,1.5037,1.8391,0.96,13.9787,7.6292,1.6145,0.8306,0.7605,0.0,,30891.84,30204.3564,24695.7508,177010.2432,173070.9622,,,4.482
000881,中广核技,化工原料,辽宁,19980902,000881.SZ,20090121,5.53,5.75,5.5,5.66,5.6,0.06,1.0714,63155.78,35882.5865,2.0909,2.5574,1.58,13.8079,7.536,1.5948,0.8205,0.7512,0.0,,30891.84,30204.3564,24695.7508,174847.8144,170956.6572,,,4.482
000881,中广核技,化工原料,辽宁,19980902,000881.SZ,20090120,5.48,5.6,5.44,5.6,5.5,0.1,1.8182,31122.91,17205.687,1.0304,1.2603,0.8,13.6616,7.4561,1.5779,0.8118,0.7432,0.0,,30891.84,30204.3564,24695.7508,172994.304,169144.3958,,,4.482
000881,中广核技,化工原料,辽宁,19980902,000881.SZ,20090119,5.54,5.66,5.44,5.5,5.49,0.01,0.1821,35719.99,19780.6967,1.1826,1.4464,0.92,13.4176,7.323,1.5497,0.7973,0.73,0.0,,30891.84,30204.3564,24695.7508,169905.12,166123.9602,,,4.482
000881,中广核技,化工原料,辽宁,19980902,000881.SZ,20090116,5.49,5.61,5.45,5.49,5.47,0.02,0.3656,51885.62,28865.1771,1.7178,2.101,1.57,13.3932,7.3097,1.5469,0.7958,0.7286,0.0,,30891.84,30204.3564,24695.7508,169596.2016,165821.9166,,,4.482
000881,中广核技,化工原料,辽宁,19980902,000881.SZ,20090115,5.31,5.55,5.3,5.47,5.38,0.09,1.6729,54921.73,30035.3824,1.8183,2.2239,2.01,13.3444,7.2831,1.5412,0.7929,0.726,0.0,,30891.84,30204.3564,24695.7508,168978.3648,165217.8295,,,4.482
000881,中广核技,化工原料,辽宁,19980902,000881.SZ,20090114,5.12,5.38,5.12,5.38,5.18,0.2,3.861,26109.33,13860.7455,0.8644,1.0572,0.88,13.1249,7.1632,1.5159,0.7799,0.714,0.0,,30891.84,30204.3564,24695.7508,166198.0992,162499.4374,,,4.482
000881,中广核技,化工原料,辽宁,19980902,000881.SZ,20090113,5.32,5.36,5.18,5.18,5.36,-0.18,-3.3582,24752.51,13034.0243,0.8195,1.0023,0.76,12.637,6.8969,1.4595,0.7509,0.6875,0.0,,30891.84,30204.3564,24695.7508,160019.7312,156458.5662,,,4.482
000881,中广核技,化工原料,辽宁,19980902,000881.SZ,20090112,5.35,5.48,5.32,5.36,5.36,0.0,0.0,37340.79,20172.8064,1.2363,1.512,1.25,13.0761,7.1366,1.5103,0.777,0.7114,0.0,,30891.84,30204.3564,24695.7508,165580.2624,161895.3503,,,4.482
000881,中广核技,化工原料,辽宁,19980902,000881.SZ,20090109,5.18,5.37,5.18,5.36,5.2,0.16,3.0769,21796.94,11552.6212,0.7216,0.8826,0.74,13.0761,7.1366,1.5103,0.777,0.7114,0.0,,30891.84,30204.3564,24695.7508,165580.2624,161895.3503,,,4.482
000881,中广核技,化工原料,辽宁,19980902,000881.SZ,20090108,5.35,5.35,5.14,5.2,5.41,-0.21,-3.8817,26413.08,13840.2302,0.8745,1.0695,0.91,12.6857,6.9236,1.4652,0.7538,0.6902,0.0,,30891.84,30204.3564,24695.7508,160637.568,157062.6533,,,4.482
000881,中广核技,化工原料,辽宁,19980902,000881.SZ,20090107,5.4,5.45,5.34,5.41,5.39,0.02,0.3711,37762.02,20365.5836,1.2502,1.5291,1.46,13.1981,7.2032,1.5243,0.7842,0.718,0.0,,30891.84,30204.3564,24695.7508,167124.8544,163405.5681,,,4.482
000881,中广核技,化工原料,辽宁,19980902,000881.SZ,20090106,5.19,5.41,5.13,5.39,5.19,0.2,3.8536,39502.31,20966.487,1.3078,1.5996,1.75,13.1493,7.1765,1.5187,0.7813,0.7154,0.0,,30891.84,30204.3564,24695.7508,166507.0176,162801.481,,,4.482
000881,中广核技,化工原料,辽宁,19980902,000881.SZ,20090105,5.14,5.22,5.09,5.19,5.02,0.17,3.3865,24161.59,12442.272,0.7999,0.9784,1.0,12.6613,6.9103,1.4624,0.7523,0.6888,0.0,,30891.84,30204.3564,24695.7508,160328.6496,156760.6097,,,4.482
000881,中广核技,化工原料,辽宁,19980902,000881.SZ,20081231,5.11,5.14,4.98,5.02,5.11,-0.09,-1.76,20363.63,10232.6865,0.6742,0.8246,0.69,12.2466,6.6839,1.4145,0.7277,0.6663,1.992,,30891.84,30204.3564,24695.7508,155077.0368,151625.8691,,,4.482
000881,中广核技,化工原料,辽宁,19980902,000881.SZ,20081230,5.15,5.18,5.06,5.11,5.13,-0.02,-0.39,22890.66,11725.7557,0.9269,0.9269,0.53,12.4662,6.8037,1.4398,0.7407,0.6782,1.9569,,30891.84,24695.751,24695.7508,157857.3024,126195.2876,,,4.482
000881,中广核技,化工原料,辽宁,19980902,000881.SZ,20081229,5.17,5.18,4.98,5.13,5.16,-0.03,-0.58,22085.08,11176.9066,0.8943,0.8943,0.33,12.515,6.8304,1.4454,0.7436,0.6809,1.9493,,30891.84,24695.751,24695.7508,158475.1392,126689.2026,,,4.482
000881,中广核技,化工原料,辽宁,19980902,000881.SZ,20081226,5.23,5.28,5.14,5.16,5.2,-0.04,-0.77,23307.85,12130.7635,0.9438,0.9438,0.22,12.5882,6.8703,1.4539,0.748,0.6848,1.938,,30891.84,24695.751,24695.7508,159401.8944,127430.0752,,,4.482
000881,中广核技,化工原料,辽宁,19980902,000881.SZ,20081225,5.28,5.35,5.15,5.2,5.25,-0.05,-0.95,31783.46,16662.0411,1.287,1.287,0.26,12.6857,6.9236,1.4652,0.7538,0.6902,1.9231,,30891.84,24695.751,24695.7508,160637.568,128417.9052,,,4.482
000881,中广核技,化工原料,辽宁,19980902,000881.SZ,20081224,5.3,5.44,5.14,5.25,5.42,-0.17,-3.14,48521.59,25753.9811,1.9648,1.9648,0.39,12.8077,6.9901,1.4793,0.761,0.6968,1.9048,,30891.84,24695.751,24695.7508,162182.16,129652.6928,,,4.482
000881,中广核技,化工原料,辽宁,19980902,000881.SZ,20081223,5.99,5.99,5.42,5.42,6.01,-0.59,-9.82,89788.72,50849.4041,3.6358,3.6358,0.8,13.2224,7.2165,1.5272,0.7857,0.7194,1.845,,30891.84,24695.751,24695.7508,167433.7728,133850.9704,,,4.482
000881,中广核技,化工原料,辽宁,19980902,000881.SZ,20081222,5.88,6.1,5.77,6.01,5.9,0.11,1.86,139868.45,82798.6048,5.6637,5.6637,1.57,14.6618,8.002,1.6934,0.8712,0.7977,1.6639,,30891.84,24695.751,24695.7508,185659.9584,148421.4635,,,4.482
000881,中广核技,化工原料,辽宁,19980902,000881.SZ,20081219,5.9,6.34,5.76,5.9,5.76,0.14,2.43,213249.35,128719.5108,8.6351,8.6351,3.85,14.3934,7.8556,1.6624,0.8552,0.7831,1.6949,,30891.84,24695.751,24695.7508,182261.856,145704.9309,,,4.482
000881,中广核技,化工原料,辽宁,19980902,000881.SZ,20081218,5.42,5.77,5.36,5.76,5.42,0.34,6.27,124164.71,70062.9564,5.0278,5.0278,3.03,14.0519,7.6692,1.623,0.835,0.7645,1.7361,,30891.84,24695.751,24695.7508,177936.9984,142247.5258,,,4.482
000881,中广核技,化工原料,辽宁,19980902,000881.SZ,20081217,5.29,5.57,5.29,5.42,5.29,0.13,2.46,55350.76,30081.0762,2.2413,2.2413,1.41,13.2224,7.2165,1.5272,0.7857,0.7194,1.845,,30891.84,24695.751,24695.7508,167433.7728,133850.9704,,,4.482
000881,中广核技,化工原料,辽宁,19980902,000881.SZ,20081216,5.18,5.3,5.05,5.29,5.19,0.1,1.93,27535.61,14282.1482,1.115,1.115,0.6,12.9053,7.0434,1.4905,0.7668,0.7021,1.8904,,30891.84,24695.751,24695.7508,163417.8336,130640.5228,,,4.482
000881,中广核技,化工原料,辽宁,19980902,000881.SZ,20081215,5.17,5.26,5.07,5.19,5.12,0.07,1.37,26248.24,13564.0412,1.0629,1.0629,0.46,12.6613,6.9103,1.4624,0.7523,0.6888,1.9268,,30891.84,24695.751,24695.7508,160328.6496,128170.9477,,,4.482
000881,中广核技,化工原料,辽宁,19980902,000881.SZ,20081212,5.38,5.43,5.06,5.12,5.43,-0.31,-5.71,43623.2,22708.7284,1.7664,1.7664,0.68,12.4906,6.817,1.4426,0.7422,0.6795,1.9531,,30891.84,24695.751,24695.7508,158166.2208,126442.2451,,,4.482
000881,中广核技,化工原料,辽宁,19980902,000881.SZ,20081211,5.63,5.69,5.42,5.43,5.67,-0.24,-4.23,52380.16,29080.9939,2.121,2.121,0.74,13.2468,7.2298,1.53,0.7871,0.7207,1.8416,,30891.84,24695.751,24695.7508,167742.6912,134097.9279,,,4.482
000881,中广核技,化工原料,辽宁,19980902,000881.SZ,20081210,5.5,5.69,5.45,5.67,5.51,0.16,2.9,46180.41,25814.4268,1.87,1.87,0.6,13.8323,7.5493,1.5976,0.8219,0.7525,1.7637,,30891.84,24695.751,24695.7508,175156.7328,140024.9082,,,4.482
000881,中广核技,化工原料,辽宁,19980902,000881.SZ,20081209,5.76,5.76,5.5,5.51,5.77,-0.26,-4.51,60272.23,33810.2966,2.4406,2.4406,0.79,13.442,7.3363,1.5525,0.7987,0.7313,1.8149,,30891.84,24695.751,24695.7508,170214.0384,136073.588,,,4.482
000881,中广核技,化工原料,辽宁,19980902,000881.SZ,20081208,5.69,5.78,5.61,5.77,5.57,0.2,3.59,84491.08,48173.6977,3.4213,3.4213,1.29,14.0763,7.6825,1.6258,0.8364,0.7658,1.7331,,30891.84,24695.751,24695.7508,178245.9168,142494.4833,,,4.482
000881,中广核技,化工原料,辽宁,19980902,000881.SZ,20081205,5.29,5.59,5.27,5.57,5.33,0.24,4.5,76815.83,41896.0797,3.1105,3.1105,1.35,13.5884,7.4162,1.5694,0.8074,0.7393,1.7953,,30891.84,24695.751,24695.7508,172067.5488,137555.3331,,,4.482
000881,中广核技,化工原料,辽宁,19980902,000881.SZ,20081204,5.45,5.59,5.32,5.33,5.38,-0.05,-0.93,86767.29,47360.8054,3.5135,3.5135,1.56,13.0029,7.0967,1.5018,0.7726,0.7074,1.8762,,30891.84,24695.751,24695.7508,164653.5072,131628.3528,,,4.482
000881,中广核技,化工原料,辽宁,19980902,000881.SZ,20081203,5.26,5.45,5.22,5.38,5.2,0.18,3.46,75826.67,40400.0989,3.0704,3.0704,1.56,13.1249,7.1632,1.5159,0.7799,0.714,1.8587,,30891.84,24695.751,24695.7508,166198.0992,132863.1404,,,4.482
000881,中广核技,化工原料,辽宁,19980902,000881.SZ,20081202,5.06,5.32,5.0,5.2,5.16,0.04,0.78,57252.85,29789.5786,2.3183,2.3183,1.33,12.6857,6.9236,1.4652,0.7538,0.6902,1.9231,,30891.84,24695.751,24695.7508,160637.568,128417.9052,,,4.482
000881,中广核技,化工原料,辽宁,19980902,000881.SZ,20081201,4.93,5.17,4.87,5.16,4.96,0.2,4.03,32025.54,16215.4213,1.2968,1.2968,0.75,12.5882,6.8703,1.4539,0.748,0.6848,1.938,,30891.84,24695.751,24695.7508,159401.8944,127430.0752,,,4.482
000881,中广核技,化工原料,辽宁,19980902,000881.SZ,20081128,5.1,5.1,4.88,4.96,5.12,-0.16,-3.13,32320.2,16178.0966,1.3087,1.3087,0.71,12.1002,6.604,1.3975,0.719,0.6583,2.0161,,30891.84,24695.751,24695.7508,153223.5264,122490.925,,,4.482
000881,中广核技,化工原料,辽宁,19980902,000881.SZ,20081127,5.43,5.54,5.1,5.12,5.1,0.02,0.39,80203.66,42776.0988,3.2477,3.2477,1.81,12.4906,6.817,1.4426,0.7422,0.6795,1.9531,,30891.84,24695.751,24695.7508,158166.2208,126442.2451,,,4.482
000881,中广核技,化工原料,辽宁,19980902,000881.SZ,20081126,4.97,5.19,4.94,5.1,4.98,0.12,2.41,40926.6,20898.7075,1.6572,1.6572,0.79,12.4418,6.7904,1.437,0.7393,0.6769,1.9608,,30891.84,24695.751,24695.7508,157548.384,125948.3301,,,4.482
000881,中广核技,化工原料,辽宁,19980902,000881.SZ,20081125,5.01,5.06,4.83,4.98,4.86,0.12,2.47,28989.26,14314.3896,1.1739,1.1739,0.43,12.149,6.6306,1.4032,0.7219,0.661,2.008,,30891.84,24695.751,24695.7508,153841.3632,122984.84,,,4.482
000881,中广核技,化工原料,辽宁,19980902,000881.SZ,20081124,5.05,5.14,4.86,4.86,5.08,-0.22,-4.33,29964.94,14985.3917,1.2134,1.2134,0.36,11.8563,6.4709,1.3694,0.7045,0.645,2.0576,,30891.84,24695.751,24695.7508,150134.3424,120021.3499,,,4.482
000881,中广核技,化工原料,辽宁,19980902,000881.SZ,20081121,4.79,5.2,4.73,5.08,5.08,0.0,0.0,47880.27,23964.7184,1.9388,1.9388,0.49,12.393,6.7638,1.4314,0.7364,0.6742,1.9685,,30891.84,24695.751,24695.7508,156930.5472,125454.4151,,,4.482
000881,中广核技,化工原料,辽宁,19980902,000881.SZ,20081120,5.16,5.24,4.9,5.08,5.24,-0.16,-3.05,74246.34,37926.4037,3.0064,3.0064,0.66,12.393,6.7638,1.4314,0.7364,0.6742,1.9685,,30891.84,24695.751,24695.7508,156930.5472,125454.4151,,,4.482
000881,中广核技,化工原料,辽宁,19980902,000881.SZ,20081119,4.85,5.27,4.85,5.24,4.91,0.33,6.72,77013.63,39264.9417,3.1185,3.1185,0.67,12.7833,6.9768,1.4764,0.7596,0.6955,1.9084,,30891.84,24695.751,24695.7508,161873.2416,129405.7352,,,4.482
000881,中广核技,化工原料,辽宁,19980902,000881.SZ,20081118,5.34,5.44,4.91,4.91,5.46,-0.55,-10.07,107627.13,55137.9315,4.3581,4.3581,0.84,11.9783,6.5374,1.3835,0.7117,0.6517,2.0367,,30891.84,24695.751,24695.7508,151678.9344,121256.1374,,,4.482
000881,中广核技,化工原料,辽宁,19980902,000881.SZ,20081117,5.25,5.48,5.13,5.46,5.25,0.21,4.0,112272.21,59193.6507,4.5462,4.5462,0.85,13.32,7.2697,1.5384,0.7915,0.7247,1.8315,,30891.84,24695.751,24695.7508,168669.4464,134838.8005,,,4.482
000881,中广核技,化工原料,辽宁,19980902,000881.SZ,20081114,5.11,5.29,5.02,5.25,5.1,0.15,2.94,122172.16,62871.6264,4.9471,4.9471,0.98,12.8077,6.9901,1.4793,0.761,0.6968,1.9048,,30891.84,24695.751,24695.7508,162182.16,129652.6928,,,4.482
000881,中广核技,化工原料,辽宁,19980902,000881.SZ,20081113,4.87,5.28,4.8,5.1,4.93,0.17,3.45,143535.75,72554.383,5.8122,5.8122,1.44,12.4418,6.7904,1.437,0.7393,0.6769,1.9608,,30891.84,24695.751,24695.7508,157548.384,125948.3301,,,4.482
000881,中广核技,化工原料,辽宁,19980902,000881.SZ,20081112,4.74,4.98,4.73,4.93,4.87,0.06,1.23,92614.92,45195.7654,3.7502,3.7502,1.09,12.0271,6.5641,1.3891,0.7146,0.6543,2.0284,,30891.84,24695.751,24695.7508,152296.7712,121750.0524,,,4.482
000881,中广核技,化工原料,辽宁,19980902,000881.SZ,20081111,4.9,5.08,4.78,4.87,4.8,0.07,1.46,173180.67,84514.1234,7.0126,7.0126,3.17,11.8807,6.4842,1.3722,0.7059,0.6464,2.0534,,30891.84,24695.751,24695.7508,150443.2608,120268.3074,,,4.482
000881,中广核技,化工原料,辽宁,19980902,000881.SZ,20081110,4.59,4.8,4.5,4.8,4.36,0.44,10.09,130659.22,62121.4617,5.2908,5.2908,4.14,11.7099,6.391,1.3525,0.6958,0.6371,2.0833,,30891.84,24695.751,24695.7508,148280.832,118539.6048,,,4.482
000881,中广核技,化工原料,辽宁,19980902,000881.SZ,20081107,3.96,4.36,3.96,4.36,3.96,0.4,10.1,85730.11,37193.3543,3.4715,3.4715,4.46,10.6365,5.8051,1.2285,0.632,0.5787,2.2936,,30891.84,24695.751,24695.7508,134688.4224,107673.4744,,,4.482
000881,中广核技,化工原料,辽宁,19980902,000881.SZ,20081106,4.05,4.06,3.94,3.96,4.11,-0.15,-3.65,15882.19,6346.3845,0.6431,0.6431,0.59,9.6607,5.2726,1.1158,0.574,0.5256,2.5253,,30891.84,24695.751,24695.7508,122331.6864,97795.174,,,4.482
000881,中广核技,化工原料,辽宁,19980902,000881.SZ,20081105,3.99,4.15,3.99,4.11,3.98,0.13,3.27,20500.79,8391.9038,0.8301,0.8301,0.74,10.0266,5.4723,1.158,0.5958,0.5455,2.4331,,30891.84,24695.751,24695.7508,126965.4624,101499.5366,,,4.482
000881,中广核技,化工原料,辽宁,19980902,000881.SZ,20081104,3.9,4.04,3.89,3.98,3.88,0.1,2.58,20630.33,8182.576,0.8354,0.8354,0.79,9.7095,5.2992,1.1214,0.5769,0.5282,2.5126,,30891.84,24695.751,24695.7508,122949.5232,98289.089,,,4.482
000881,中广核技,化工原料,辽宁,19980902,000881.SZ,20081103,4.01,4.05,3.88,3.88,4.05,-0.17,-4.2,14963.34,5918.99,0.6059,0.6059,0.58,9.4655,5.166,1.0932,0.5624,0.515,2.5773,,30891.84,24695.751,24695.7508,119860.3392,95819.5139,,,4.482
000881,中广核技,化工原料,辽宁,19980902,000881.SZ,20081031,4.23,4.26,4.01,4.05,4.24,-0.19,-4.48,24038.15,9933.9728,0.9734,0.9734,1.02,9.8802,5.3924,1.1411,0.5871,0.5375,2.4691,,30891.84,24695.751,24695.7508,125111.952,100017.7916,,,4.482
000881,中广核技,化工原料,辽宁,19980902,000881.SZ,20081030,4.46,4.46,4.07,4.24,4.39,-0.15,-3.42,54204.35,23009.914,2.1949,2.1949,3.7,10.3438,5.6454,1.1947,0.6146,0.5627,2.3585,,30891.84,24695.751,24695.7508,130981.4016,104709.9842,,,4.482
000881,中广核技,化工原料,辽宁,19980902,000881.SZ,20081029,4.45,4.54,4.35,4.39,4.36,0.03,0.69,24494.74,10879.4244,0.9919,0.9919,2.19,10.7097,15.5962,1.4254,0.6364,0.683,2.2779,,30891.84,24695.751,24695.7508,135615.1776,108414.3469,,,4.482
000881,中广核技,化工原料,辽宁,19980902,000881.SZ,20081028,4.12,4.4,4.06,4.36,4.14,0.22,5.31,13617.22,5795.8426,0.5514,0.5514,1.3,10.6365,15.4896,1.4157,0.632,0.6783,2.2936,,30891.84,24695.751,24695.7508,134688.4224,107673.4744,,,4.482
000881,中广核技,化工原料,辽宁,19980902,000881.SZ,20081027,4.35,4.48,4.13,4.14,4.52,-0.38,-8.41,13147.89,5678.4392,0.5324,0.5324,1.28,10.0998,14.708,1.3443,0.6001,0.6441,2.4155,,30891.84,24695.751,24695.7508,127892.2176,102240.4091,,,4.482
000881,中广核技,化工原料,辽宁,19980902,000881.SZ,20081024,4.48,4.58,4.45,4.52,4.48,0.04,0.89,12834.57,5811.35,0.5197,0.5197,1.29,11.0268,16.058,1.4676,0.6552,0.7032,2.2124,,30891.84,24695.751,24695.7508,139631.1168,111624.7945,,,4.482
000881,中广核技,化工原料,辽宁,19980902,000881.SZ,20081023,4.32,4.49,4.31,4.48,4.37,0.11,2.52,9107.6,4014.4883,0.3688,0.3688,0.8,10.9293,15.9159,1.4547,0.6494,0.697,2.2321,,30891.84,24695.751,24695.7508,138395.4432,110636.9645,,,4.482
000881,中广核技,化工原料,辽宁,19980902,000881.SZ,20081022,4.44,4.5,4.36,4.37,4.46,-0.09,-2.02,7121.66,3155.271,0.2884,0.2884,0.6,10.6609,15.5251,1.4189,0.6335,0.6799,2.2883,,30891.84,24695.751,24695.7508,134997.3408,107920.4319,,,4.482
000881,中广核技,化工原料,辽宁,19980902,000881.SZ,20081021,4.48,4.58,4.44,4.46,4.44,0.02,0.45,10186.75,4588.3542,0.4125,0.4125,0.82,10.8805,15.8448,1.4482,0.6465,0.6939,2.2422,,30891.84,24695.751,24695.7508,137777.6064,110143.0495,,,4.482
000881,中广核技,化工原料,辽宁,19980902,000881.SZ,20081020,4.39,4.47,4.21,4.44,4.28,0.16,3.74,11940.47,5235.0821,0.4835,0.4835,0.91,10.8317,15.7738,1.4417,0.6436,0.6908,2.2523,,30891.84,24695.751,24695.7508,137159.7696,109649.1344,,,4.482
000881,中广核技,化工原料,辽宁,19980902,000881.SZ,20081017,4.27,4.34,4.18,4.28,4.22,0.06,1.42,11208.96,4774.804,0.4539,0.4539,0.81,10.4413,15.2054,1.3897,0.6204,0.6659,2.3364,,30891.84,24695.751,24695.7508,132217.0752,105697.8143,,,4.482
000881,中广核技,化工原料,辽宁,19980902,000881.SZ,20081016,4.36,4.43,4.2,4.22,4.6,-0.38,-8.26,16496.79,7102.514,0.668,0.668,1.33,10.295,14.9922,1.3702,0.6117,0.6565,2.3697,,30891.84,24695.751,24695.7508,130363.5648,104216.0692,,,4.482
000881,中广核技,化工原料,辽宁,19980902,000881.SZ,20081015,4.63,4.74,4.5,4.6,4.63,-0.03,-0.65,9295.6,4263.361,0.3764,0.3764,0.75,11.222,16.3422,1.4936,0.6668,0.7157,2.1739,,30891.84,24695.751,24695.7508,142102.464,113600.4546,,,4.482
000881,中广核技,化工原料,辽宁,19980902,000881.SZ,20081014,4.98,5.02,4.6,4.63,4.83,-0.2,-4.14,13504.21,6616.6977,0.5468,0.5468,1.13,11.2952,16.4488,1.5034,0.6712,0.7203,2.1598,,30891.84,24695.751,24695.7508,143029.2192,114341.3271,,,4.482
000881,中广核技,化工原料,辽宁,19980902,000881.SZ,20081013,4.79,4.85,4.31,4.83,4.79,0.04,0.84,15132.08,7024.7367,0.6127,0.6127,1.26,11.7831,17.1593,1.5683,0.7001,0.7514,2.0704,,30891.84,24695.751,24695.7508,149207.5872,119280.4773,,,4.482
000881,中广核技,化工原料,辽宁,19980902,000881.SZ,20081010,5.0,5.0,4.78,4.79,5.16,-0.37,-7.17,14385.0,6991.3893,0.5825,0.5825,1.02,11.6855,17.0172,1.5553,0.6943,0.7452,2.0877,,30891.84,24695.751,24695.7508,147971.9136,118292.6473,,,4.482
000881,中广核技,化工原料,辽宁,19980902,000881.SZ,20081009,5.28,5.29,5.15,5.16,5.17,-0.01,-0.19,9482.08,4937.3069,0.384,0.384,0.6,12.5882,18.3317,1.6755,0.748,0.8028,1.938,,30891.84,24695.751,24695.7508,159401.8944,127430.0752,,,4.482
000881,中广核技,化工原料,辽宁,19980902,000881.SZ,20081008,5.16,5.25,5.1,5.17,5.26,-0.09,-1.71,9212.67,4766.5077,0.373,0.373,0.57,12.6126,18.3672,1.6787,0.7494,0.8043,1.9342,,30891.84,24695.751,24695.7508,159710.8128,127677.0327,,,4.482
000881,中广核技,化工原料,辽宁,19980902,000881.SZ,20081007,5.02,5.29,5.02,5.26,5.2,0.06,1.15,11751.01,6068.6858,0.4758,0.4758,0.66,12.8321,18.687,1.7079,0.7625,0.8183,1.9011,,30891.84,24695.751,24695.7508,162491.0784,129899.6503,,,4.376
000881,中广核技,化工原料,辽宁,19980902,000881.SZ,20081006,5.25,5.36,5.18,5.2,5.43,-0.23,-4.24,15173.71,7997.2902,0.6144,0.6144,0.68,12.6857,18.4738,1.6884,0.7538,0.809,1.9231,,30891.84,24695.751,24695.7508,160637.568,128417.9052,,,4.376
000881,中广核技,化工原料,辽宁,19980902,000881.SZ,20080926,5.3,5.47,5.3,5.43,5.27,0.16,3.04,24770.28,13373.5547,1.003,1.003,1.2,13.2468,19.2909,1.7631,0.7871,0.8448,1.8416,,30891.84,24695.751,24695.7508,167742.6912,134097.9279,,,4.376
000881,中广核技,化工原料,辽宁,19980902,000881.SZ,20080925,5.17,5.37,5.11,5.27,5.17,0.1,1.93,18412.78,9748.6156,0.7456,0.7456,0.85,12.8565,18.7225,1.7112,0.7639,0.8199,1.8975,,30891.84,24695.751,24695.7508,162799.9968,130146.6078,,,4.376
000881,中广核技,化工原料,辽宁,19980902,000881.SZ,20080924,5.0,5.17,4.96,5.17,5.08,0.09,1.77,10297.08,5261.3533,0.417,0.417,0.49,12.6126,18.3672,1.6787,0.7494,0.8043,1.9342,,30891.84,24695.751,24695.7508,159710.8128,127677.0327,,,4.376
000881,中广核技,化工原料,辽宁,19980902,000881.SZ,20080923,5.25,5.25,5.07,5.08,5.42,-0.34,-6.27,21027.58,10826.595,0.8515,0.8515,1.09,12.393,18.0475,1.6495,0.7364,0.7903,1.9685,,30891.84,24695.751,24695.7508,156930.5472,125454.4151,,,4.376
000881,中广核技,化工原料,辽宁,19980902,000881.SZ,20080922,5.46,5.64,5.28,5.42,5.13,0.29,5.65,37512.11,20421.2012,1.519,1.519,2.81,13.2224,19.2554,1.7599,0.7857,0.8432,1.845,,30891.84,24695.751,24695.7508,167433.7728,133850.9704,,,4.376
000881,中广核技,化工原料,辽宁,19980902,000881.SZ,20080919,5.13,5.13,5.01,5.13,4.66,0.47,10.09,15980.22,8178.9815,0.6471,0.6471,1.37,12.515,18.2251,1.6657,0.7436,0.7981,1.9493,,30891.84,24695.751,24695.7508,158475.1392,126689.2026,,,4.376
000881,中广核技,化工原料,辽宁,19980902,000881.SZ,20080918,4.85,4.87,4.45,4.66,4.94,-0.28,-5.67,23226.16,10730.9954,0.9405,0.9405,2.52,11.3684,16.5554,1.5131,0.6755,0.725,2.1459,,30891.84,24695.751,24695.7508,143955.9744,115082.1997,,,4.376
000881,中广核技,化工原料,辽宁,19980902,000881.SZ,20080917,4.93,5.1,4.91,4.94,5.0,-0.06,-1.2,7652.6,3821.7603,0.3099,0.3099,0.82,12.0515,17.5501,1.604,0.7161,0.7685,2.0243,,30891.84,24695.751,24695.7508,152605.6896,121997.0099,,,4.376
000881,中广核技,化工原料,辽宁,19980902,000881.SZ,20080916,5.16,5.19,4.98,5.0,5.15,-0.15,-2.91,12335.36,6250.1623,0.4995,0.4995,1.27,12.1978,17.7633,1.6235,0.7248,0.7779,2.0,,30891.84,24695.751,24695.7508,154459.2,123478.755,,,4.376
000881,中广核技,化工原料,辽宁,19980902,000881.SZ,20080912,5.14,5.22,5.1,5.15,5.08,0.07,1.38,7638.83,3948.556,0.3093,0.3093,0.69,12.5638,18.2962,1.6722,0.7465,0.8012,1.9417,,30891.84,24695.751,24695.7508,159092.976,127183.1177,,,4.376
000881,中广核技,化工原料,辽宁,19980902,000881.SZ,20080911,5.04,5.16,5.04,5.08,5.11,-0.03,-0.59,7635.11,3897.8167,0.3092,0.3092,0.69,12.393,18.0475,1.6495,0.7364,0.7903,1.9685,,30891.84,24695.751,24695.7508,156930.5472,125454.4151,,,4.376
000881,中广核技,化工原料,辽宁,19980902,000881.SZ,20080910,4.91,5.23,4.9,5.11,4.98,0.13,2.61,10834.17,5568.0489,0.4387,0.4387,0.98,12.4662,18.1541,1.6592,0.7407,0.795,1.9569,,30891.84,24695.751,24695.7508,157857.3024,126195.2876,,,4.376
000881,中广核技,化工原料,辽宁,19980902,000881.SZ,20080909,4.97,5.03,4.88,4.98,4.9,0.08,1.63,8425.91,4170.2187,0.3412,0.3412,0.71,12.149,17.6922,1.617,0.7219,0.7748,2.008,,30891.84,24695.751,24695.7508,153841.3632,122984.84,,,4.376
000881,中广核技,化工原料,辽宁,19980902,000881.SZ,20080908,5.09,5.17,4.89,4.9,5.08,-0.18,-3.54,14025.53,7013.9679,0.5679,0.5679,1.18,11.9539,17.408,1.591,0.7103,0.7623,2.0408,,30891.84,24695.751,24695.7508,151370.016,121009.1799,,,4.376
000881,中广核技,化工原料,辽宁,19980902,000881.SZ,20080905,5.21,5.23,5.07,5.08,5.4,-0.32,-5.93,14189.59,7318.5052,0.5746,0.5746,1.14,12.393,18.0475,1.6495,0.7364,0.7903,1.9685,,30891.84,24695.751,24695.7508,156930.5472,125454.4151,,,4.376
000881,中广核技,化工原料,辽宁,19980902,000881.SZ,20080904,5.4,5.48,5.34,5.4,5.4,0.0,0.0,7478.39,4045.3129,0.3028,0.3028,0.57,13.1737,19.1843,1.7534,0.7828,0.8401,1.8519,,30891.84,24695.751,24695.7508,166815.936,133357.0554,,,4.376
000881,中广核技,化工原料,辽宁,19980902,000881.SZ,20080903,5.38,5.46,5.26,5.4,5.4,0.0,0.0,11407.25,6113.4281,0.4619,0.4619,0.89,13.1737,19.1843,1.7534,0.7828,0.8401,1.8519,,30891.84,24695.751,24695.7508,166815.936,133357.0554,,,4.376
000881,中广核技,化工原料,辽宁,19980902,000881.SZ,20080902,5.27,5.46,5.2,5.4,5.29,0.11,2.08,12066.21,6473.2482,0.4886,0.4886,0.95,13.1737,19.1843,1.7534,0.7828,0.8401,1.8519,,30891.84,24695.751,24695.7508,166815.936,133357.0554,,,4.376
000881,中广核技,化工原料,辽宁,19980902,000881.SZ,20080901,5.31,5.46,5.2,5.29,5.41,-0.12,-2.22,14252.19,7577.525,0.5771,0.5771,1.18,12.9053,18.7936,1.7177,0.7668,0.823,1.8904,,30891.84,24695.751,24695.7508,163417.8336,130640.5228,,,4.376
000881,中广核技,化工原料,辽宁,19980902,000881.SZ,20080829,5.25,5.47,5.22,5.41,5.18,0.23,4.44,17256.4,9269.2571,0.6988,0.6988,1.48,13.1981,19.2199,1.7566,0.7842,0.8417,1.8484,,30891.84,24695.751,24695.7508,167124.8544,133604.0129,,,4.376
000881,中广核技,化工原料,辽宁,19980902,000881.SZ,20080828,5.1,5.23,5.06,5.18,5.07,0.11,2.17,10563.71,5453.0155,0.4278,0.4278,0.77,12.637,18.4028,1.6819,0.7509,0.8059,1.9305,,30891.84,24695.751,24695.7508,160019.7312,127923.9902,,,4.376
000881,中广核技,化工原料,辽宁,19980902,000881.SZ,20080827,4.96,5.13,4.9,5.07,4.97,0.1,2.01,9595.22,4830.3066,0.3885,0.3885,0.51,12.3686,18.012,1.6462,0.7349,0.7888,1.9724,,30891.84,24695.751,24695.7508,156621.6288,125207.4576,,,4.376
000881,中广核技,化工原料,辽宁,19980902,000881.SZ,20080826,5.18,5.24,4.88,4.97,5.32,-0.35,-6.58,11994.36,6067.3846,0.4857,0.4857,0.6,12.1246,17.6567,1.6138,0.7204,0.7732,2.0121,,30891.84,24695.751,24695.7508,153532.4448,122737.8825,,,4.376
000881,中广核技,化工原料,辽宁,19980902,000881.SZ,20080825,5.2,5.4,5.15,5.32,5.25,0.07,1.33,11036.09,5849.1235,0.4469,0.4469,0.51,12.9785,18.9001,1.7274,0.7712,0.8277,1.8797,,30891.84,24695.751,24695.7508,164344.5888,131381.3953,,,4.376
000881,中广核技,化工原料,辽宁,19980902,000881.SZ,20080822,5.29,5.37,5.08,5.25,5.35,-0.1,-1.87,15117.72,7874.4546,0.6122,0.6122,0.61,12.8077,18.6514,1.7047,0.761,0.8168,1.9048,,30891.84,24695.751,24695.7508,162182.16,129652.6928,,,4.376
000881,中广核技,化工原料,辽宁,19980902,000881.SZ,20080821,5.45,5.64,5.35,5.35,5.55,-0.2,-3.6,21061.35,11503.0259,0.8528,0.8528,0.83,13.0517,19.0067,1.7371,0.7755,0.8323,1.8692,,30891.84,24695.751,24695.7508,165271.344,132122.2679,,,4.376
000881,中广核技,化工原料,辽宁,19980902,000881.SZ,20080820,5.1,5.58,4.92,5.55,5.08,0.47,9.25,34400.11,18526.6806,1.393,1.393,1.2,13.5396,19.7172,1.8021,0.8045,0.8634,1.8018,,30891.84,24695.751,24695.7508,171449.712,137061.4181,,,4.376
000881,中广核技,化工原料,辽宁,19980902,000881.SZ,20080819,4.85,5.15,4.81,5.08,4.95,0.13,2.63,17535.85,8835.7658,0.7101,0.7101,0.59,12.393,18.0475,1.6495,0.7364,0.7903,1.9685,,30891.84,24695.751,24695.7508,156930.5472,125454.4151,,,4.376
000881,中广核技,化工原料,辽宁,19980902,000881.SZ,20080818,5.52,5.57,4.95,4.95,5.5,-0.55,-10.0,20448.51,10719.8735,0.828,0.828,0.65,12.0759,17.5857,1.6073,0.7175,0.7701,2.0202,,30891.84,24695.751,24695.7508,152914.608,122243.9675,,,4.376
000881,中广核技,化工原料,辽宁,19980902,000881.SZ,20080814,5.41,5.64,5.34,5.5,5.51,-0.01,-0.18,31045.1,17085.5037,1.2571,1.2571,1.0,13.4176,19.5396,1.7859,0.7973,0.8557,1.8182,,30891.84,24695.751,24695.7508,169905.12,135826.6305,,,4.376
000881,中广核技,化工原料,辽宁,19980902,000881.SZ,20080813,5.55,5.56,5.2,5.51,5.57,-0.06,-1.08,23242.46,12515.2215,0.9412,0.9412,0.72,13.442,19.5751,1.7891,0.7987,0.8572,1.8149,,30891.84,24695.751,24695.7508,170214.0384,136073.588,,,4.376
000881,中广核技,化工原料,辽宁,19980902,000881.SZ,20080812,5.9,5.9,5.43,5.57,6.03,-0.46,-7.63,50928.22,28535.4036,2.0622,2.0622,1.89,13.5884,19.7883,1.8086,0.8074,0.8666,1.7953,,30891.84,24695.751,24695.7508,172067.5488,137555.3331,,,4.376
000881,中广核技,化工原料,辽宁,19980902,000881.SZ,20080811,6.64,6.64,6.03,6.03,6.7,-0.67,-10.0,22354.7,13772.9928,0.9052,0.9052,0.78,14.7106,21.4225,1.9579,0.8741,0.9381,1.6584,,30891.84,24695.751,24695.7508,186277.7952,148915.3785,,,4.376
000881,中广核技,化工原料,辽宁,19980902,000881.SZ,20080808,6.99,7.07,6.4,6.7,6.99,-0.29,-4.15,30382.52,20559.7917,1.2303,1.2303,0.93,16.3451,23.8028,2.1755,0.9712,1.0424,1.4925,,30891.84,24695.751,24695.7508,206975.328,165461.5317,,,4.376
000881,中广核技,化工原料,辽宁,19980902,000881.SZ,20080807,6.86,7.05,6.78,6.99,6.95,0.04,0.58,27808.96,19199.1877,1.1261,1.1261,0.71,17.0526,24.8331,2.2697,1.0132,1.0875,1.4306,,30891.84,24695.751,24695.7508,215933.9616,172623.2995,,,4.376
000881,中广核技,化工原料,辽宁,19980902,000881.SZ,20080806,7.18,7.2,6.86,6.95,7.18,-0.23,-3.2,28875.48,20227.5389,1.1692,1.1692,0.51,16.955,24.691,2.2567,1.0075,1.0813,1.4388,,30891.84,24695.751,24695.7508,214698.288,171635.4695,,,4.376
000881,中广核技,化工原料,辽宁,19980902,000881.SZ,20080805,7.27,7.28,7.07,7.18,7.27,-0.09,-1.24,25509.91,18289.0541,1.033,1.033,0.37,17.5161,25.5081,2.3314,1.0408,1.117,1.3928,,30891.84,24695.751,24695.7508,221803.4112,177315.4922,,,4.376
000881,中广核技,化工原料,辽宁,19980902,000881.SZ,20080804,7.3,7.3,7.1,7.27,7.3,-0.03,-0.41,31199.21,22549.7488,1.2633,1.2633,0.34,17.7356,25.8278,2.3606,1.0538,1.131,1.3755,,30891.84,24695.751,24695.7508,224583.6768,179538.1098,,,4.376
000881,中广核技,化工原料,辽宁,19980902,000881.SZ,20080801,7.29,7.34,6.91,7.3,7.35,-0.05,-0.68,50690.47,36401.2564,2.0526,2.0526,0.54,17.8088,25.9344,2.3703,1.0582,1.1357,1.3699,,30891.84,24695.751,24695.7508,225510.432,180278.9823,,,4.376
000881,中广核技,化工原料,辽宁,19980902,000881.SZ,20080731,7.48,7.49,7.07,7.35,7.45,-0.1,-1.34,60835.78,43893.1293,2.4634,2.4634,0.7,17.9308,26.112,2.3866,1.0654,1.1435,1.3605,,30891.84,24695.751,24695.7508,227055.024,181513.7699,,,4.376
000881,中广核技,化工原料,辽宁,19980902,000881.SZ,20080730,7.88,7.95,7.25,7.45,7.27,0.18,2.48,113757.28,84010.0984,4.6064,4.6064,1.69,18.1748,26.4673,2.419,1.0799,1.159,1.3423,,30891.84,24695.751,24695.7508,230144.208,183983.345,,,4.376
000881,中广核技,化工原料,辽宁,19980902,000881.SZ,20080729,7.18,7.35,7.03,7.27,7.37,-0.1,-1.36,89133.98,64082.7085,3.6093,3.6093,1.67,17.7356,15.8304,2.4199,1.0538,1.102,1.3755,,30891.84,24695.7508,24695.7508,224583.6768,179538.1083,,,4.376
000881,中广核技,化工原料,辽宁,19980902,000881.SZ,20080728,6.85,7.39,6.66,7.37,6.72,0.65,9.67,149546.28,106971.1834,6.0555,6.0555,5.41,17.9796,16.0482,2.4532,1.0683,1.1171,1.3569,,30891.84,24695.7508,24695.7508,227672.8608,182007.6834,,,4.376
000881,中广核技,化工原料,辽宁,19980902,000881.SZ,20080725,6.43,6.87,6.39,6.72,6.47,0.25,3.86,59692.97,39987.7718,2.4171,2.4171,3.3,16.3939,14.6328,2.2369,0.9741,1.0186,1.4881,,30891.84,24695.7508,24695.7508,207593.1648,165955.4454,,,4.376
000881,中广核技,化工原料,辽宁,19980902,000881.SZ,20080724,6.31,6.54,6.31,6.47,6.28,0.19,3.03,22682.88,14636.482,0.9185,0.9185,1.37,15.784,14.0884,2.1537,0.9379,0.9807,1.5456,,30891.84,24695.7508,24695.7508,199870.2048,159781.5077,,,4.376
000881,中广核技,化工原料,辽宁,19980902,000881.SZ,20080723,6.38,6.5,6.27,6.28,6.39,-0.11,-1.72,14516.58,9265.0977,0.5878,0.5878,0.81,15.3205,13.6747,2.0904,0.9103,0.9519,1.5924,,30891.84,24695.7508,24695.7508,194000.7552,155089.315,,,4.376
000881,中广核技,化工原料,辽宁,19980902,000881.SZ,20080722,6.37,6.5,6.28,6.39,6.37,0.02,0.31,19814.03,12619.8219,0.8023,0.8023,0.93,15.5888,13.9142,2.127,0.9263,0.9686,1.5649,,30891.84,24695.7508,24695.7508,197398.8576,157805.8476,,,4.376
000881,中广核技,化工原料,辽宁,19980902,000881.SZ,20080721,6.05,6.42,6.01,6.37,6.14,0.23,3.75,21404.62,13478.1196,0.8667,0.8667,0.63,15.54,13.8707,2.1204,0.9234,0.9656,1.5699,,30891.84,24695.7508,24695.7508,196781.0208,157311.9326,,,4.376
000881,中广核技,化工原料,辽宁,19980902,000881.SZ,20080718,5.95,6.22,5.75,6.14,5.89,0.25,4.24,11968.76,7156.9082,0.4846,0.4846,0.31,14.9789,13.3698,2.0438,0.89,0.9307,1.6287,,30891.84,24695.7508,24695.7508,189675.8976,151631.9099,,,4.376
000881,中广核技,化工原料,辽宁,19980902,000881.SZ,20080717,6.05,6.12,5.8,5.89,5.9,-0.01,-0.17,15149.13,9053.9443,0.6134,0.6134,0.35,14.369,12.8255,1.9606,0.8538,0.8928,1.6978,,30891.84,24695.7508,24695.7508,181952.9376,145457.9722,,,4.376
000881,中广核技,化工原料,辽宁,19980902,000881.SZ,20080716,6.2,6.28,5.8,5.9,6.33,-0.43,-6.79,21659.91,13115.9732,0.8771,0.8771,0.46,14.3934,12.8472,1.9639,0.8552,0.8943,1.6949,1.6949,30891.84,24695.7508,24695.7508,182261.856,145704.9297,,,4.376
000881,中广核技,化工原料,辽宁,19980902,000881.SZ,20080715,6.54,6.68,6.23,6.33,6.63,-0.3,-4.52,36406.1,23530.4233,1.4742,1.4742,0.83,15.4425,13.7836,2.1071,0.9176,0.9595,1.5798,1.5798,30891.84,24695.7508,24695.7508,195545.3472,156324.1026,,,4.376
000881,中广核技,化工原料,辽宁,19980902,000881.SZ,20080714,6.69,6.86,6.51,6.63,6.51,0.12,1.84,84472.76,56418.7374,3.4205,3.4205,2.65,16.1743,14.4368,2.2069,0.9611,1.005,1.5083,1.5083,30891.84,24695.7508,24695.7508,204812.8992,163732.8278,,,4.376
000881,中广核技,化工原料,辽宁,19980902,000881.SZ,20080711,6.4,6.51,6.24,6.51,6.36,0.15,2.36,33220.4,21175.925,1.3452,1.3452,1.2,15.8816,14.1755,2.167,0.9437,0.9868,1.5361,1.5361,30891.84,24695.7508,24695.7508,201105.8784,160769.3377,,,4.376
000881,中广核技,化工原料,辽宁,19980902,000881.SZ,20080710,6.31,6.53,6.26,6.36,6.4,-0.04,-0.63,42095.43,26981.4712,1.7046,1.7046,1.84,15.5156,13.8489,2.117,0.9219,0.964,1.5723,1.5723,30891.84,24695.7508,24695.7508,196472.1024,157064.9751,,,4.376
000881,中广核技,化工原料,辽宁,19980902,000881.SZ,20080709,6.18,6.42,6.17,6.4,6.19,0.21,3.39,37460.86,23720.7024,1.5169,1.5169,2.19,15.6132,13.936,2.1304,0.9277,0.9701,1.5625,1.5625,30891.84,24695.7508,24695.7508,197707.776,158052.8051,,,4.376
000881,中广核技,化工原料,辽宁,19980902,000881.SZ,20080708,6.1,6.24,5.98,6.19,6.15,0.04,0.65,23209.85,14235.3375,0.9398,0.9398,1.68,15.1009,13.4787,2.0605,0.8973,0.9383,1.6155,1.6155,30891.84,24695.7508,24695.7508,191220.4896,152866.6975,,,4.376
000881,中广核技,化工原料,辽宁,19980902,000881.SZ,20080707,5.81,6.17,5.75,6.15,5.84,0.31,5.31,23658.41,14332.2087,0.958,0.958,2.11,15.0033,13.3916,2.0471,0.8915,0.9322,1.626,1.626,30891.84,24695.7508,24695.7508,189984.816,151878.8674,,,4.376
000881,中广核技,化工原料,辽宁,19980902,000881.SZ,20080704,5.9,5.98,5.75,5.84,5.92,-0.08,-1.35,12022.63,7029.4837,0.4868,0.4868,0.82,14.2471,12.7166,1.9439,0.8465,0.8852,1.7123,1.7123,30891.84,24695.7508,24695.7508,180408.3456,144223.1847,,,4.376
000881,中广核技,化工原料,辽宁,19980902,000881.SZ,20080703,5.66,6.02,5.56,5.92,5.69,0.23,4.04,18255.13,10654.5729,0.7392,0.7392,0.84,14.4422,12.8908,1.9706,0.8581,0.8973,1.6892,1.6892,30891.84,24695.7508,24695.7508,182879.6928,146198.8447,,,4.376
000881,中广核技,化工原料,辽宁,19980902,000881.SZ,20080702,5.64,5.83,5.64,5.69,5.64,0.05,0.89,8559.41,4901.2229,0.3466,0.3466,0.29,13.8811,12.39,1.894,0.8248,0.8625,1.7575,1.7575,30891.84,24695.7508,24695.7508,175774.5696,140518.8221,,,4.376
000881,中广核技,化工原料,辽宁,19980902,000881.SZ,20080701,5.74,5.8,5.56,5.64,5.74,-0.1,-1.74,6539.77,3699.7096,0.2648,0.2648,0.2,13.7592,12.2811,1.8774,0.8176,0.8549,1.773,1.773,30891.84,24695.7508,24695.7508,174229.9776,139284.0345,,,4.376
000881,中广核技,化工原料,辽宁,19980902,000881.SZ,20080630,5.68,5.83,5.4,5.74,5.68,0.06,1.06,10667.62,6045.5631,0.432,0.432,0.34,14.0031,12.4988,1.9107,0.8321,0.8701,1.7422,1.7422,30891.84,24695.7508,24695.7508,177319.1616,141753.6096,,,4.376
000881,中广核技,化工原料,辽宁,19980902,000881.SZ,20080627,6.1,6.1,5.59,5.68,6.21,-0.53,-8.53,29212.13,16878.0069,1.1829,1.1829,0.97,13.8567,12.3682,1.8907,0.8234,0.861,1.7606,1.7606,30891.84,24695.7508,24695.7508,175465.6512,140271.8645,,,4.376
000881,中广核技,化工原料,辽宁,19980902,000881.SZ,20080626,6.4,6.4,6.2,6.21,6.27,-0.06,-0.96,53959.79,33988.2754,2.185,2.185,2.4,15.1497,13.5223,2.0671,0.9002,0.9413,1.6103,1.6103,30891.84,24695.7508,24695.7508,191838.3264,153360.6125,,,4.376
000881,中广核技,化工原料,辽宁,19980902,000881.SZ,20080625,5.71,6.27,5.65,6.27,5.7,0.57,10.0,46634.9,28294.2741,1.8884,1.8884,2.61,15.2961,13.6529,2.0871,0.9089,0.9504,1.5949,1.5949,30891.84,24695.7508,24695.7508,193691.8368,154842.3575,,,4.376
000881,中广核技,化工原料,辽宁,19980902,000881.SZ,20080624,5.42,5.7,5.34,5.7,5.38,0.32,5.95,20584.69,11411.5468,0.8335,0.8335,1.17,13.9055,12.4117,1.8973,0.8263,0.864,1.7544,1.7544,30891.84,24695.7508,24695.7508,176083.488,140765.7796,,,4.376
000881,中广核技,化工原料,辽宁,19980902,000881.SZ,20080623,5.43,5.55,5.28,5.38,5.55,-0.17,-3.06,8286.83,4491.1019,0.3356,0.3356,0.46,13.1249,11.7149,1.7908,0.7799,0.8155,1.8587,1.8587,30891.84,24695.7508,24695.7508,166198.0992,132863.1393,,,4.376
000881,中广核技,化工原料,辽宁,19980902,000881.SZ,20080620,5.42,5.79,5.18,5.55,5.42,0.13,2.4,21047.8,11629.1369,0.8523,0.8523,1.32,13.5396,12.0851,1.8474,0.8045,0.8413,1.8018,1.8018,30891.84,24695.7508,24695.7508,171449.712,137061.4169,,,4.376
000881,中广核技,化工原料,辽宁,19980902,000881.SZ,20080619,5.99,5.99,5.42,5.42,6.02,-0.6,-9.97,15713.04,8920.8734,0.6363,0.6363,1.02,13.2224,11.802,1.8041,0.7857,0.8216,1.845,1.845,30891.84,24695.7508,24695.7508,167433.7728,133850.9693,,,4.376
000881,中广核技,化工原料,辽宁,19980902,000881.SZ,20080618,5.72,6.12,5.14,6.02,5.7,0.32,5.61,23620.08,13605.4908,0.9564,0.9564,1.59,14.6862,13.1085,2.0039,0.8726,0.9125,1.6611,1.6611,30891.84,24695.7508,24695.7508,185968.8768,148668.4198,,,4.376
000881,中广核技,化工原料,辽宁,19980902,000881.SZ,20080617,6.3,6.32,5.66,5.7,6.29,-0.59,-9.38,18928.08,11196.6972,0.7665,0.7665,1.29,13.9055,12.4117,1.8973,0.8263,0.864,1.7544,1.7544,30891.84,24695.7508,24695.7508,176083.488,140765.7796,,,4.376
000881,中广核技,化工原料,辽宁,19980902,000881.SZ,20080616,6.25,6.39,6.01,6.29,6.27,0.02,0.32,11456.18,7126.524,0.4639,0.4639,0.77,15.3449,13.6965,2.0937,0.9118,0.9534,1.5898,1.5898,30891.84,24695.7508,24695.7508,194309.6736,155336.2725,,,4.376
000881,中广核技,化工原料,辽宁,19980902,000881.SZ,20080613,6.6,6.64,6.25,6.27,6.53,-0.26,-3.98,10145.94,6552.4383,0.4108,0.4108,0.7,15.2961,13.6529,2.0871,0.9089,0.9504,1.5949,1.5949,30891.84,24695.7508,24695.7508,193691.8368,154842.3575,,,4.376
000881,中广核技,化工原料,辽宁,19980902,000881.SZ,20080612,6.68,6.77,6.45,6.53,6.64,-0.11,-1.66,13128.41,8619.3864,0.5316,0.5316,0.86,15.9304,14.2191,2.1736,0.9466,0.9898,1.5314,1.5314,30891.84,24695.7508,24695.7508,201723.7152,161263.2527,7.93,6.49,4.376
000881,中广核技,化工原料,辽宁,19980902,000881.SZ,20080611,6.98,6.98,6.52,6.64,7.09,-0.45,-6.35,20401.65,13621.195,0.8261,0.8261,1.42,16.1987,14.4586,2.2102,0.9625,1.0065,1.506,1.506,30891.84,24695.7508,24695.7508,205121.8176,163979.7853,,,4.376
000881,中广核技,化工原料,辽宁,19980902,000881.SZ,20080610,7.59,7.6,7.09,7.09,7.88,-0.79,-10.03,18515.5,13355.8702,0.7497,0.7497,1.22,17.2965,15.4385,2.36,1.0277,1.0747,1.4104,1.4104,30891.84,24695.7508,24695.7508,219023.1456,175092.8732,,,4.376
000881,中广核技,化工原料,辽宁,19980902,000881.SZ,20080606,8.06,8.08,7.83,7.88,8.0,-0.12,-1.5,12547.16,9930.3592,0.5081,0.5081,0.52,19.2238,17.1587,2.623,1.1423,1.1944,1.269,1.269,30891.84,24695.7508,24695.7508,243427.6992,194602.5163,,,4.376
000881,中广核技,化工原料,辽宁,19980902,000881.SZ,20080605,7.97,8.08,7.91,8.0,8.05,-0.05,-0.62,8388.71,6702.0419,0.3397,0.3397,0.26,19.5165,17.42,2.6629,1.1597,1.2126,1.25,1.25,30891.84,24695.7508,24695.7508,247134.72,197566.0064,,,4.376
000881,中广核技,化工原料,辽宁,19980902,000881.SZ,20080604,8.18,8.21,7.91,8.05,8.22,-0.17,-2.07,16330.16,13108.5496,0.6613,0.6613,0.5,19.6385,17.5289,2.6796,1.1669,1.2202,1.2422,1.2422,30891.84,24695.7508,24695.7508,248679.312,198800.7939,,,4.376
000881,中广核技,化工原料,辽宁,19980902,000881.SZ,20080603,8.33,8.34,8.13,8.22,8.28,-0.06,-0.72,16120.5,13289.2915,0.6528,0.6528,0.48,20.0532,17.899,2.7362,1.1915,1.246,1.2165,1.2165,30891.84,24695.7508,24695.7508,253930.9248,202999.0716,,,4.376
000881,中广核技,化工原料,辽宁,19980902,000881.SZ,20080602,8.4,8.4,8.18,8.28,8.46,-0.18,-2.13,22618.84,18707.4477,0.9159,0.9159,0.63,20.1996,18.0297,2.7561,1.2002,1.2551,1.2077,1.2077,30891.84,24695.7508,24695.7508,255784.4352,204480.8166,,,4.376
000881,中广核技,化工原料,辽宁,19980902,000881.SZ,20080530,8.51,8.58,8.3,8.46,8.48,-0.02,-0.24,56182.07,47569.4377,2.275,2.275,1.79,20.6387,18.4216,2.8161,1.2263,1.2824,1.182,1.182,30891.84,24695.7508,24695.7508,261344.9664,208926.0518,,,4.376
000881,中广核技,化工原料,辽宁,19980902,000881.SZ,20080529,8.37,8.63,8.22,8.48,8.36,0.12,1.44,47505.23,40135.7531,1.9236,1.9236,1.79,20.6875,18.4652,2.8227,1.2292,1.2854,1.1792,1.1792,30891.84,24695.7508,24695.7508,261962.8032,209419.9668,,,4.376
000881,中广核技,化工原料,辽宁,19980902,000881.SZ,20080528,8.03,8.36,7.91,8.36,8.02,0.34,4.24,22410.41,18214.1182,0.9075,0.9075,0.82,20.3948,18.2039,2.7828,1.2118,1.2672,1.1962,1.1962,30891.84,24695.7508,24695.7508,258255.7824,206456.4767,,,4.376
000881,中广核技,化工原料,辽宁,19980902,000881.SZ,20080527,8.06,8.1,7.82,8.02,8.05,-0.03,-0.37,17477.1,13885.4235,0.7077,0.7077,0.58,19.5653,17.4635,2.6696,1.1626,1.2157,1.2469,1.2469,30891.84,24695.7508,24695.7508,247752.5568,198059.9214,,,4.376
000881,中广核技,化工原料,辽宁,19980902,000881.SZ,20080526,8.43,8.69,8.04,8.05,8.45,-0.4,-4.73,35971.65,30282.0925,1.4566,1.4566,1.32,19.6385,17.5289,2.6796,1.1669,1.2202,1.2422,1.2422,30891.84,24695.7508,24695.7508,248679.312,198800.7939,,,4.376
000881,中广核技,化工原料,辽宁,19980902,000881.SZ,20080523,8.12,8.49,8.12,8.45,8.15,0.3,3.68,33490.89,27882.5855,1.3561,1.3561,1.25,20.6143,18.3999,2.8127,1.2249,1.2808,1.1834,1.1834,30891.84,24695.7508,24695.7508,261036.048,208679.0943,,,4.376
000881,中广核技,化工原料,辽宁,19980902,000881.SZ,20080522,8.26,8.39,8.15,8.15,8.26,-0.11,-1.33,23423.02,19432.0493,0.9485,0.9485,0.78,19.8825,17.7466,2.7129,1.1814,1.2354,1.227,1.227,30891.84,24695.7508,24695.7508,251768.496,201270.369,,,4.376
000881,中广核技,化工原料,辽宁,19980902,000881.SZ,20080521,8.0,8.35,7.82,8.26,8.1,0.16,1.98,27011.69,21793.8849,1.0938,1.0938,0.76,20.1508,17.9861,2.7495,1.1973,1.252,1.2107,1.2107,30891.84,24695.7508,24695.7508,255166.5984,203986.9016,,,4.376
000881,中广核技,化工原料,辽宁,19980902,000881.SZ,20080520,8.73,8.85,8.0,8.1,8.77,-0.67,-7.64,30585.0,26128.1754,1.2385,1.2385,0.55,19.7605,17.6377,2.6962,1.1742,1.2278,1.2346,1.2346,30891.84,24695.7508,24695.7508,250223.904,200035.5815,,,4.376
000881,中广核技,化工原料,辽宁,19980902,000881.SZ,20080519,8.75,8.86,8.59,8.77,8.8,-0.03,-0.34,21646.1,18805.5401,0.8765,0.8765,0.36,21.395,19.0967,2.9192,1.2713,1.3293,1.1403,1.1403,30891.84,24695.7508,24695.7508,270921.4368,216581.7345,,,4.376
000881,中广核技,化工原料,辽宁,19980902,000881.SZ,20080516,9.03,9.17,8.66,8.8,9.09,-0.29,-3.19,31749.44,28233.2536,1.2856,1.2856,0.52,21.4682,19.162,2.9292,1.2756,1.3339,1.1364,1.1364,30891.84,24695.7508,24695.7508,271848.192,217322.607,,,4.376
000881,中广核技,化工原料,辽宁,19980902,000881.SZ,20080515,9.26,9.39,9.08,9.09,9.28,-0.19,-2.05,39246.38,36290.9405,1.5892,1.5892,0.66,22.1757,19.7935,3.0258,1.3177,1.3779,1.1001,1.1001,30891.84,24695.7508,24695.7508,280806.8256,224484.3748,,,4.376
000881,中广核技,化工原料,辽宁,19980902,000881.SZ,20080514,9.29,9.37,9.14,9.28,9.43,-0.15,-1.59,55295.61,51029.3738,2.2391,2.2391,0.98,22.6392,20.2072,3.089,1.3452,1.4067,1.0776,1.0776,30891.84,24695.7508,24695.7508,286676.2752,229176.5674,,,4.376
000881,中广核技,化工原料,辽宁,19980902,000881.SZ,20080513,8.85,9.58,8.72,9.43,8.98,0.45,5.01,129447.12,120714.9976,5.2417,5.2417,3.54,23.0051,20.5338,3.1389,1.3669,1.4294,1.0604,1.0604,30891.84,24695.7508,24695.7508,291310.0512,232880.93,,,4.376
000881,中广核技,化工原料,辽宁,19980902,000881.SZ,20080512,8.65,9.1,8.39,8.98,8.66,0.32,3.7,42878.19,37834.1551,1.7363,1.7363,1.22,21.9073,19.5539,2.9892,1.3017,1.3612,1.1136,1.1136,30891.84,24695.7508,24695.7508,277408.7232,221767.8422,,,4.376
000881,中广核技,化工原料,辽宁,19980902,000881.SZ,20080509,8.72,8.77,8.34,8.66,8.68,-0.02,-0.23,36282.91,30953.1482,1.4692,1.4692,1.12,21.1266,18.8571,2.8826,1.2553,1.3127,1.1547,1.1547,30891.84,24695.7508,24695.7508,267523.3344,213865.2019,,,4.376
000881,中广核技,化工原料,辽宁,19980902,000881.SZ,20080508,8.28,8.72,8.2,8.68,8.77,-0.09,-1.03,34804.77,29408.2825,1.4093,1.4093,1.11,21.1754,18.9007,2.8893,1.2582,1.3157,1.1521,1.1521,30891.84,24695.7508,24695.7508,268141.1712,214359.1169,,,4.376
000881,中广核技,化工原料,辽宁,19980902,000881.SZ,20080506,9.0,9.0,8.72,8.77,9.06,-0.29,-3.2,37936.86,33492.7827,1.5362,1.5362,1.08,21.395,19.0967,2.9192,1.2713,1.3293,1.1403,1.1403,30891.84,24695.7508,24695.7508,270921.4368,216581.7345,,,4.376
000881,中广核技,化工原料,辽宁,19980902,000881.SZ,20080505,8.9,9.14,8.88,9.06,8.9,0.16,1.8,31033.53,27878.0849,1.2566,1.2566,0.71,22.1025,19.7281,3.0158,1.3133,1.3733,1.1038,1.1038,30891.84,24695.7508,24695.7508,279880.0704,223743.5022,,,4.376
000881,中广核技,化工原料,辽宁,19980902,000881.SZ,20080430,8.77,8.98,8.7,8.9,8.71,0.19,2.18,36272.65,32116.5886,1.4688,1.4688,0.9,21.7121,19.3797,2.9625,1.2901,1.3491,1.1236,1.1236,30891.84,24695.7508,24695.7508,274937.376,219792.1821,,,4.376
000881,中广核技,化工原料,辽宁,19980902,000881.SZ,20080429,8.7,8.82,8.65,8.71,8.65,0.06,0.69,22324.29,19463.8448,0.904,0.904,0.57,21.2486,18.966,2.8993,1.2626,1.3203,1.1481,1.1481,30891.84,24695.7508,24695.7508,269067.9264,215099.9895,,,4.376
000881,中广核技,化工原料,辽宁,19980902,000881.SZ,20080428,8.77,8.79,8.58,8.65,8.87,-0.22,-2.48,29101.7,25275.9299,1.1784,1.1784,0.77,21.1022,21.1022,2.979,1.2539,1.2539,1.1561,1.1561,30891.84,24695.7508,24695.7508,267214.416,213618.2444,,,4.376
000881,中广核技,化工原料,辽宁,19980902,000881.SZ,20080425,8.8,9.18,8.65,8.87,8.87,0.0,0.0,57563.0,51842.8407,2.3309,2.3309,1.91,21.639,21.639,3.0548,1.2858,1.2858,1.1274,1.1274,30891.84,24695.7508,24695.7508,274010.6208,219051.3096,,,4.376
000881,中广核技,化工原料,辽宁,19980902,000881.SZ,20080424,8.85,8.87,8.5,8.87,8.06,0.81,10.05,71943.5,63096.5156,2.9132,2.9132,3.78,21.639,21.639,3.0548,1.2858,1.2858,1.1274,1.1274,30891.84,24695.7508,24695.7508,274010.6208,219051.3096,,,4.376
000881,中广核技,化工原料,辽宁,19980902,000881.SZ,20080423,7.6,8.16,7.55,8.06,7.59,0.47,6.19,19595.7,15496.1815,0.7935,0.7935,1.05,19.6629,19.6629,2.7758,1.1684,1.1684,1.2407,1.2407,30891.84,24695.7508,24695.7508,248988.2304,199047.7514,,,4.376
000881,中广核技,化工原料,辽宁,19980902,000881.SZ,20080422,7.56,7.68,7.18,7.59,7.6,-0.01,-0.13,17528.04,13062.3457,0.7098,0.7098,0.8,18.5163,18.5163,2.614,1.1002,1.1002,1.3175,1.3175,30891.84,24695.7508,24695.7508,234469.0656,187440.7486,,,4.376
000881,中广核技,化工原料,辽宁,19980902,000881.SZ,20080421,8.15,8.25,7.6,7.6,7.6,0.0,0.0,22069.95,17475.3133,0.8937,0.8937,0.75,18.5407,18.5407,2.6174,1.1017,1.1017,1.3158,1.3158,30891.84,24695.7508,24695.7508,234777.984,187687.7061,,,4.376
000881,中广核技,化工原料,辽宁,19980902,000881.SZ,20080418,8.12,8.13,7.56,7.6,8.12,-0.52,-6.4,19584.03,15280.5217,0.793,0.793,0.6,18.5407,18.5407,2.6174,1.1017,1.1017,1.3158,1.3158,30891.84,24695.7508,24695.7508,234777.984,187687.7061,,,4.376
000881,中广核技,化工原料,辽宁,19980902,000881.SZ,20080417,8.36,8.61,7.96,8.12,8.42,-0.3,-3.56,16478.49,13631.5255,0.6673,0.6673,0.48,19.8093,19.8093,2.7965,1.1771,1.1771,1.2315,1.2315,30891.84,24695.7508,24695.7508,250841.7408,200529.4965,,,4.376
000881,中广核技,化工原料,辽宁,19980902,000881.SZ,20080416,8.61,8.83,8.37,8.42,8.8,-0.38,-4.32,17715.01,15175.5201,0.7173,0.7173,0.48,20.5411,20.5411,2.8998,1.2205,1.2205,1.1876,1.1876,30891.84,24695.7508,24695.7508,260109.2928,207938.2217,,,4.376
000881,中广核技,化工原料,辽宁,19980902,000881.SZ,20080415,8.67,8.8,7.96,8.8,8.61,0.19,2.21,33798.73,28551.9248,1.3686,1.3686,0.96,21.4682,21.4682,3.0307,1.2756,1.2756,1.1364,1.1364,30891.84,24695.7508,24695.7508,271848.192,217322.607,,,4.376
000881,中广核技,化工原料,辽宁,19980902,000881.SZ,20080414,8.6,8.88,8.31,8.61,8.58,0.03,0.35,58952.64,51159.3975,2.3872,2.3872,1.95,21.0047,21.0047,2.9652,1.2481,1.2481,1.1614,1.1614,30891.84,24695.7508,24695.7508,265978.7424,212630.4144,,,4.376
000881,中广核技,化工原料,辽宁,19980902,000881.SZ,20080410,7.64,8.58,7.6,8.58,7.8,0.78,10.0,36106.0,29734.4721,1.462,1.462,1.23,20.9315,20.9315,2.9549,1.2437,1.2437,1.1655,1.1655,30891.84,24695.7508,24695.7508,265051.9872,211889.5419,,,4.376
000881,中广核技,化工原料,辽宁,19980902,000881.SZ,20080409,8.45,8.5,7.77,7.8,8.51,-0.71,-8.34,24167.12,19938.1762,0.9786,0.9786,0.8,19.0286,19.0286,2.6863,1.1307,1.1307,1.2821,1.2821,30891.84,24695.7508,24695.7508,240956.352,192626.8562,,,4.376
000881,中广核技,化工原料,辽宁,19980902,000881.SZ,20080408,8.43,8.63,8.2,8.51,8.42,0.09,1.07,31652.22,26684.9775,1.2817,1.2817,1.09,20.7607,20.7607,2.9308,1.2336,1.2336,1.1751,1.1751,30891.84,24695.7508,24695.7508,262889.5584,210160.8393,,,4.376
000881,中广核技,化工原料,辽宁,19980902,000881.SZ,20080407,7.95,8.47,7.7,8.42,8.0,0.42,5.25,25906.8,21315.9805,1.049,1.049,0.85,20.5411,20.5411,2.8998,1.2205,1.2205,1.1876,1.1876,30891.84,24695.7508,24695.7508,260109.2928,207938.2217,,,4.376
000881,中广核技,化工原料,辽宁,19980902,000881.SZ,20080403,7.35,8.2,7.3,8.0,7.65,0.35,4.58,33090.21,25542.9346,1.3399,1.3399,1.23,19.5165,19.5165,2.7552,1.1597,1.1597,1.25,1.25,30891.84,24695.7508,24695.7508,247134.72,197566.0064,,,4.376
000881,中广核技,化工原料,辽宁,19980902,000881.SZ,20080402,8.41,8.69,7.56,7.65,8.37,-0.72,-8.6,31567.84,25289.6838,1.2783,1.2783,1.35,18.6627,18.6627,2.6346,1.1089,1.1089,1.3072,1.3072,30891.84,24695.7508,24695.7508,236322.576,188922.4936,,,4.376
000881,中广核技,化工原料,辽宁,19980902,000881.SZ,20080401,9.28,9.5,8.37,8.37,9.3,-0.93,-10.0,29432.46,25513.0003,1.1918,1.1918,1.48,20.4192,20.4192,2.8826,1.2133,1.2133,1.1947,1.1947,30891.84,24695.7508,24695.7508,258564.7008,206703.4342,,,4.376
000881,中广核技,化工原料,辽宁,19980902,000881.SZ,20080331,9.97,9.97,9.3,9.3,10.16,-0.86,-8.46,25524.26,24452.2187,1.0335,1.0335,1.42,22.688,22.688,3.2029,1.3481,1.3481,1.0753,1.0753,30891.84,24695.7508,24695.7508,287294.112,229670.4824,,,4.376
000881,中广核技,化工原料,辽宁,19980902,000881.SZ,20080328,9.98,10.2,9.12,10.16,10.09,0.07,0.69,32582.26,31817.2042,1.3193,1.3193,2.01,24.786,24.786,3.4991,1.4728,1.4728,0.9843,0.9843,30891.84,24695.7508,24695.7508,313861.0944,250908.8281,,,4.376
000881,中广核技,化工原料,辽宁,19980902,000881.SZ,20080327,10.68,10.68,10.06,10.09,10.73,-0.64,-5.96,15767.28,16212.0785,0.6386,0.6386,0.73,58.8948,26.4453,3.5493,1.7496,1.6044,0.9911,0.9911,30891.84,24689.6179,24689.6179,311698.6656,249118.2446,,,4.376
000881,中广核技,化工原料,辽宁,19980902,000881.SZ,20080326,10.54,10.8,10.5,10.73,10.54,0.19,1.8,13580.64,14485.1008,0.5501,0.5501,0.55,62.6304,28.1227,3.7744,1.8605,1.7061,0.932,0.932,30891.84,24689.6179,24689.6179,331469.4432,264919.6001,,,4.376
000881,中广核技,化工原料,辽宁,19980902,000881.SZ,20080325,10.26,10.65,10.1,10.54,10.42,0.12,1.15,12022.04,12542.4013,0.4869,0.4869,0.42,61.5214,27.6247,3.7076,1.8276,1.6759,0.9488,0.9488,30891.84,24689.6179,24689.6179,325599.9936,260228.5727,,,4.376
000881,中广核技,化工原料,辽宁,19980902,000881.SZ,20080324,11.03,11.05,10.4,10.42,10.81,-0.39,-3.61,16026.69,17273.4436,0.6491,0.6491,0.49,60.821,27.3102,3.6654,1.8068,1.6568,0.9597,0.9597,30891.84,24689.6179,24689.6179,321892.9728,257265.8185,,,4.376
000881,中广核技,化工原料,辽宁,19980902,000881.SZ,20080321,10.74,10.88,10.6,10.81,10.79,0.02,0.19,23663.38,25448.5732,0.9584,0.9584,0.71,63.0974,28.3324,3.8025,1.8744,1.7189,0.9251,0.9251,30891.84,24689.6179,24689.6179,333940.7904,266894.7695,,,4.376
000881,中广核技,化工原料,辽宁,19980902,000881.SZ,20080320,10.47,10.9,9.85,10.79,10.46,0.33,3.15,42831.41,44674.8614,1.7348,1.7348,1.46,62.9806,28.2799,3.7955,1.8709,1.7157,0.9268,0.9268,30891.84,24689.6179,24689.6179,333322.9536,266400.9771,,,4.376
000881,中广核技,化工原料,辽宁,19980902,000881.SZ,20080319,10.1,10.56,9.98,10.46,10.08,0.38,3.77,28311.64,29257.77,1.1467,1.1467,1.04,61.0545,27.415,3.6794,1.8137,1.6632,0.956,0.956,30891.84,24689.6179,24689.6179,323128.6464,258253.4032,,,4.376
000881,中广核技,化工原料,辽宁,19980902,000881.SZ,20080318,10.97,11.08,9.9,10.08,11.0,-0.92,-8.36,32863.29,34012.5208,1.3311,1.3311,1.36,58.8364,26.4191,3.5458,1.7478,1.6028,0.9921,0.9921,30891.84,24689.6179,24689.6179,311389.7472,248871.3484,,,4.376
000881,中广核技,化工原料,辽宁,19980902,000881.SZ,20080317,11.13,11.26,10.6,11.0,11.12,-0.12,-1.08,36481.42,40210.445,1.4776,1.4776,1.61,64.2064,28.8303,3.8694,1.9074,1.7491,0.9091,0.9091,30891.84,24689.6179,24689.6179,339810.24,271585.7969,,,4.376
000881,中广核技,化工原料,辽宁,19980902,000881.SZ,20080314,10.6,11.15,10.6,11.12,10.7,0.42,3.93,25867.9,28281.3713,1.0477,1.0477,1.13,64.9068,29.1449,3.9116,1.9282,1.7681,0.8993,0.8993,30891.84,24689.6179,24689.6179,343517.2608,274548.551,,,4.376
000881,中广核技,化工原料,辽宁,19980902,000881.SZ,20080313,11.0,11.11,10.45,10.7,11.14,-0.44,-3.95,23346.57,25230.7938,0.9456,0.9456,0.89,62.4553,28.0441,3.7639,1.8553,1.7014,0.9346,0.9346,30891.84,24689.6179,24689.6179,330542.688,264178.9115,,,4.376
000881,中广核技,化工原料,辽宁,19980902,000881.SZ,20080312,11.7,11.75,11.09,11.14,11.48,-0.34,-2.96,18013.51,20397.0107,0.7296,0.7296,0.61,65.0236,29.1973,3.9186,1.9316,1.7713,0.8977,0.8977,30891.84,24689.6179,24689.6179,344135.0976,275042.3434,,,4.376
000881,中广核技,化工原料,辽宁,19980902,000881.SZ,20080311,11.33,11.49,11.12,11.48,11.33,0.15,1.32,17043.61,19363.1031,0.6903,0.6903,0.49,67.0081,30.0884,4.0382,1.9906,1.8254,0.8711,0.8711,30891.84,24689.6179,24689.6179,354638.3232,283436.8135,,,4.376
000881,中广核技,化工原料,辽宁,19980902,000881.SZ,20080310,11.75,11.75,11.28,11.33,11.8,-0.47,-3.98,29250.01,33421.5707,1.1847,1.1847,0.79,66.1326,29.6952,3.9855,1.9646,1.8015,0.8826,0.8826,30891.84,24689.6179,24689.6179,350004.5472,279733.3708,,,4.376
000881,中广核技,化工原料,辽宁,19980902,000881.SZ,20080307,12.2,12.2,11.76,11.8,12.21,-0.41,-3.36,27114.03,32327.9007,1.0982,1.0982,0.73,68.876,30.9271,4.1508,2.0461,1.8763,0.8475,0.8475,30891.84,24689.6179,24689.6179,364523.712,291337.4912,,,4.376
000881,中广核技,化工原料,辽宁,19980902,000881.SZ,20080306,11.95,12.4,11.95,12.21,11.99,0.22,1.83,39588.16,48478.1329,1.6034,1.6034,1.07,71.2691,32.0017,4.295,2.1172,1.9415,0.819,0.819,30891.84,24689.6179,24689.6179,377189.3664,301460.2346,,,4.376
000881,中广核技,化工原料,辽宁,19980902,000881.SZ,20080305,11.94,11.99,11.61,11.99,11.96,0.03,0.25,34830.85,41150.4371,1.4107,1.4107,0.67,69.985,31.4251,4.2176,2.079,1.9065,0.834,0.834,30891.84,24689.6179,24689.6179,370393.1616,296028.5186,,,4.376
000881,中广核技,化工原料,辽宁,19980902,000881.SZ,20080304,12.31,12.36,11.92,11.96,12.3,-0.34,-2.76,42219.64,51155.4675,1.71,1.71,0.81,69.8099,31.3464,4.2071,2.0738,1.9017,0.8361,0.8361,30891.84,24689.6179,24689.6179,369466.4064,295287.8301,,,4.376
000881,中广核技,化工原料,辽宁,19980902,000881.SZ,20080303,12.1,12.38,11.8,12.3,12.12,0.18,1.49,41347.63,50447.7545,1.6747,1.6747,0.84,71.7944,32.2376,4.3267,2.1328,1.9558,0.813,0.813,30891.84,24689.6179,24689.6179,379969.632,303682.3002,,,4.376
000881,中广核技,化工原料,辽宁,19980902,000881.SZ,20080229,12.1,12.2,11.96,12.12,12.05,0.07,0.58,27765.52,33562.7978,1.1246,1.1246,0.5,70.7438,31.7658,4.2634,2.1016,1.9271,0.8251,0.8251,30891.84,24689.6179,24689.6179,374409.1008,299238.1689,,,4.376
000881,中广核技,化工原料,辽宁,19980902,000881.SZ,20080228,12.2,12.26,11.93,12.05,12.24,-0.19,-1.55,38545.03,46594.1397,1.5612,1.5612,0.74,70.3352,31.5823,4.2387,2.0894,1.916,0.8299,0.8299,30891.84,24689.6179,24689.6179,372246.672,297509.8957,,,4.376
000881,中广核技,化工原料,辽宁,19980902,000881.SZ,20080227,11.84,12.38,11.75,12.24,11.7,0.54,4.62,109681.73,133124.93,4.4424,4.4424,3.05,71.4442,32.0803,4.3056,2.1224,1.9462,0.817,0.817,30891.84,24689.6179,24689.6179,378116.1216,302200.9231,,,4.376
000881,中广核技,化工原料,辽宁,19980902,000881.SZ,20080226,11.57,11.78,11.4,11.7,11.38,0.32,2.81,41942.36,48597.8776,1.6988,1.6988,1.29,68.2923,30.665,4.1156,2.0287,1.8604,0.8547,0.8547,30891.84,24689.6179,24689.6179,361434.528,288868.5294,,,4.376
000881,中广核技,化工原料,辽宁,19980902,000881.SZ,20080225,11.85,11.87,11.3,11.38,11.81,-0.43,-3.64,27115.7,31362.7165,1.0983,1.0983,0.89,66.4244,29.8263,4.0031,1.9733,1.8095,0.8787,0.8787,30891.84,24689.6179,24689.6179,351549.1392,280967.8517,,,4.376
000881,中广核技,化工原料,辽宁,19980902,000881.SZ,20080222,11.42,11.84,11.38,11.81,11.49,0.32,2.79,59093.12,68525.1878,2.3934,2.3934,2.79,68.9343,30.9533,4.1543,2.0478,1.8779,0.8467,0.8467,30891.84,24689.6179,24689.6179,364832.6304,291584.3874,,,4.376
000881,中广核技,化工原料,辽宁,19980902,000881.SZ,20080221,11.36,11.54,11.18,11.49,11.4,0.09,0.79,24348.8,27708.8265,0.9862,0.9862,1.29,67.0665,30.1146,4.0417,1.9923,1.827,0.8703,0.8703,30891.84,24689.6179,24689.6179,354947.2416,283683.7097,,,4.376
000881,中广核技,化工原料,辽宁,19980902,000881.SZ,20080220,11.81,11.84,11.39,11.4,11.74,-0.34,-2.9,27023.65,31226.6675,1.0945,1.0945,1.34,66.5412,29.8787,4.0101,1.9767,1.8127,0.8772,0.8772,30891.84,24689.6179,24689.6179,352166.976,281461.6441,,,4.376
000881,中广核技,化工原料,辽宁,19980902,000881.SZ,20080219,11.5,11.75,11.42,11.74,11.49,0.25,2.18,24714.22,28808.7008,1.001,1.001,1.31,68.5257,30.7698,4.1297,2.0357,1.8667,0.8518,0.8518,30891.84,24689.6179,24689.6179,362670.2016,289856.1141,,,4.376
000881,中广核技,化工原料,辽宁,19980902,000881.SZ,20080218,11.45,11.57,11.25,11.49,11.21,0.28,2.5,16591.46,19030.488,0.672,0.672,0.85,67.0665,30.1146,4.0417,1.9923,1.827,0.8703,0.8703,30891.84,24689.6179,24689.6179,354947.2416,283683.7097,,,4.376
000881,中广核技,化工原料,辽宁,19980902,000881.SZ,20080215,11.5,11.5,11.03,11.21,11.5,-0.29,-2.52,13227.94,14847.1681,0.5358,0.5358,0.63,65.4322,29.3807,3.9433,1.9438,1.7825,0.8921,0.8921,30891.84,24689.6179,24689.6179,346297.5264,276770.6167,,,4.376
000881,中广核技,化工原料,辽宁,19980902,000881.SZ,20080214,11.5,11.63,11.4,11.5,11.41,0.09,0.79,13103.53,15082.9767,0.5307,0.5307,0.63,67.1249,30.1408,4.0453,1.9941,1.8286,0.8696,0.8696,30891.84,24689.6179,24689.6179,355256.16,283930.6059,,,4.376
000881,中广核技,化工原料,辽宁,19980902,000881.SZ,20080213,11.12,11.75,10.87,11.41,11.13,0.28,2.52,33470.99,38171.1093,1.3557,1.3557,1.81,66.5995,29.9049,4.0136,1.9785,1.8143,0.8764,0.8764,30891.84,24689.6179,24689.6179,352475.8944,281708.5402,,,4.376
000881,中广核技,化工原料,辽宁,19980902,000881.SZ,20080205,11.03,11.35,11.03,11.13,11.24,-0.11,-0.98,18190.6,20303.3179,0.7368,0.7368,0.97,64.9652,29.1711,3.9151,1.9299,1.7697,0.8985,0.8985,30891.84,24689.6179,24689.6179,343826.1792,274795.4472,,,4.376
000881,中广核技,化工原料,辽宁,19980902,000881.SZ,20080204,10.57,11.25,10.57,11.24,10.31,0.93,9.02,19694.5,21590.6803,0.7977,0.7977,0.92,65.6073,29.4594,3.9538,1.949,1.7872,0.8897,0.8897,30891.84,24689.6179,24689.6179,347224.2816,277511.3052,,,4.376
000881,中广核技,化工原料,辽宁,19980902,000881.SZ,20080201,10.85,10.99,9.72,10.31,10.8,-0.49,-4.54,20294.91,20922.6236,0.822,0.822,0.84,60.1789,27.0219,3.6267,1.7877,1.6393,0.9699,0.9699,30891.84,24689.6179,24689.6179,318494.8704,254549.9605,,,4.376
000881,中广核技,化工原料,辽宁,19980902,000881.SZ,20080131,10.99,11.07,10.8,10.8,11.02,-0.22,-2.0,12282.79,13443.3267,0.4975,0.4975,0.4,63.039,28.3062,3.799,1.8727,1.7173,0.9259,0.9259,30891.84,24689.6179,24689.6179,333631.872,266647.8733,,,4.376
000881,中广核技,化工原料,辽宁,19980902,000881.SZ,20080130,11.03,11.28,10.75,11.02,11.01,0.01,0.09,22236.58,24527.9912,0.9006,0.9006,0.57,64.3231,28.8828,3.8764,1.9108,1.7522,0.9074,0.9074,30891.84,24689.6179,24689.6179,340428.0768,272079.5893,,,4.376
000881,中广核技,化工原料,辽宁,19980902,000881.SZ,20080129,10.83,11.18,10.66,11.01,10.6,0.41,3.87,18837.35,20584.892,0.763,0.763,0.39,64.2648,28.8565,3.8729,1.9091,1.7507,0.9083,0.9083,30891.84,24689.6179,24689.6179,340119.1584,271832.6931,,,4.376
000881,中广核技,化工原料,辽宁,19980902,000881.SZ,20080128,11.55,11.75,10.6,10.6,11.75,-1.15,-9.79,33242.47,36609.5383,1.3464,1.3464,0.68,61.8716,27.782,3.7287,1.838,1.6855,0.9434,0.9434,30891.84,24689.6179,24689.6179,327453.504,261709.9497,,,4.376
000881,中广核技,化工原料,辽宁,19980902,000881.SZ,20080125,11.85,11.96,11.62,11.75,11.89,-0.14,-1.18,34392.55,40548.0699,1.393,1.393,0.68,68.5841,30.796,4.1332,2.0374,1.8683,0.8511,0.8511,30891.84,24689.6179,24689.6179,362979.12,290103.0103,,,4.376
000881,中广核技,化工原料,辽宁,19980902,000881.SZ,20080124,11.78,12.17,11.5,11.89,11.69,0.2,1.71,45674.59,54455.1446,1.85,1.85,0.88,69.4013,31.163,4.1825,2.0617,1.8906,0.841,0.841,30891.84,24689.6179,24689.6179,367303.9776,293559.5568,,,4.376
000881,中广核技,化工原料,辽宁,19980902,000881.SZ,20080123,11.0,11.76,10.98,11.69,10.82,0.87,8.04,64347.5,72987.87,2.6063,2.6063,1.31,68.2339,30.6388,4.1121,2.027,1.8588,0.8554,0.8554,30891.84,24689.6179,24689.6179,361125.6096,288621.6333,,,4.376
000881,中广核技,化工原料,辽宁,19980902,000881.SZ,20080122,11.78,11.79,10.76,10.82,11.95,-1.13,-9.46,61379.84,67791.1334,2.4861,2.4861,1.31,63.1558,28.3586,3.8061,1.8761,1.7204,0.9242,0.9242,30891.84,24689.6179,24689.6179,334249.7088,267141.6657,,,4.376
000881,中广核技,化工原料,辽宁,19980902,000881.SZ,20080121,12.66,12.8,11.85,11.95,12.66,-0.71,-5.61,37033.0,45849.346,1.4999,1.4999,0.75,69.7515,31.3202,4.2036,2.0721,1.9001,0.8368,0.8368,30891.84,24689.6179,24689.6179,369157.488,295040.9339,,,4.376
000881,中广核技,化工原料,辽宁,19980902,000881.SZ,20080118,12.3,12.73,12.21,12.66,12.24,0.42,3.43,43192.49,53725.6177,1.7494,1.7494,0.87,73.8957,33.1811,4.4533,2.1952,2.013,0.7899,0.7899,30891.84,24689.6179,24689.6179,391090.6944,312570.5626,,,4.376
000881,中广核技,化工原料,辽宁,19980902,000881.SZ,20080117,12.7,12.95,11.91,12.24,12.81,-0.57,-4.45,53882.44,67134.7461,2.1824,2.1824,1.04,71.4442,32.0803,4.3056,2.1224,1.9462,0.817,0.817,30891.84,24689.6179,24689.6179,378116.1216,302200.9231,,,4.376
000881,中广核技,化工原料,辽宁,19980902,000881.SZ,20080116,13.25,13.25,12.8,12.81,13.24,-0.43,-3.25,49291.46,63887.0269,1.9964,1.9964,0.94,74.7713,33.5742,4.5061,2.2212,2.0369,0.7806,0.7806,30891.84,24689.6179,24689.6179,395724.4704,316274.0053,,,4.376
000881,中广核技,化工原料,辽宁,19980902,000881.SZ,20080115,13.28,13.4,13.1,13.24,13.19,0.05,0.38,50272.23,66542.2156,2.0362,2.0362,0.82,77.2812,34.7012,4.6573,2.2958,2.1052,0.7553,0.7553,30891.84,24689.6179,24689.6179,409007.9616,326890.541,,,4.376
000881,中广核技,化工原料,辽宁,19980902,000881.SZ,20080114,13.1,13.31,12.81,13.19,12.95,0.24,1.85,49245.25,64409.8811,1.9946,1.9946,0.54,76.9893,34.5702,4.6397,2.2871,2.0973,0.7582,0.7582,30891.84,24689.6179,24689.6179,407463.3696,325656.0601,,,4.376
000881,中广核技,化工原料,辽宁,19980902,000881.SZ,20080111,13.15,13.18,12.65,12.95,13.05,-0.1,-0.77,46443.19,59751.1465,1.8811,1.8811,0.43,75.5884,33.9412,4.5553,2.2455,2.0591,0.7722,0.7722,30891.84,24689.6179,24689.6179,400049.328,319730.5518,,,4.376
000881,中广核技,化工原料,辽宁,19980902,000881.SZ,20080110,13.25,13.47,13.0,13.05,13.28,-0.23,-1.73,64727.39,85406.574,2.6216,2.6216,0.56,76.1721,34.2033,4.5905,2.2628,2.075,0.7663,0.7663,30891.84,24689.6179,24689.6179,403138.512,322199.5136,,,4.376
000881,中广核技,化工原料,辽宁,19980902,000881.SZ,20080109,12.9,13.3,12.8,13.28,12.91,0.37,2.87,51969.06,68274.9756,2.1049,2.1049,0.45,77.5146,34.8061,4.6714,2.3027,2.1116,0.753,0.753,30891.84,24689.6179,24689.6179,410243.6352,327878.1257,,,4.376
000881,中广核技,化工原料,辽宁,19980902,000881.SZ,20080108,13.45,13.45,12.78,12.91,13.43,-0.52,-3.87,95181.48,125125.1289,3.8551,3.8551,0.89,75.355,33.8363,4.5412,2.2385,2.0528,0.7746,0.7746,30891.84,24689.6179,24689.6179,398813.6544,318742.9671,,,4.376
000881,中广核技,化工原料,辽宁,19980902,000881.SZ,20080107,13.16,13.65,13.08,13.43,13.08,0.35,2.68,195979.9,260320.5815,7.9377,7.9377,2.43,78.3902,35.1992,4.7242,2.3287,2.1354,0.7446,0.7446,30891.84,24689.6179,24689.6179,414877.4112,331581.5684,,,4.376
000881,中广核技,化工原料,辽宁,19980902,000881.SZ,20080104,12.68,13.16,12.38,13.08,12.69,0.39,3.07,137183.34,176333.8402,5.5563,5.5563,2.13,76.3472,34.2819,4.601,2.268,2.0798,0.7645,0.7645,30891.84,24689.6179,24689.6179,404065.2672,322940.2021,,,4.376
000881,中广核技,化工原料,辽宁,19980902,000881.SZ,20080103,12.27,12.7,12.17,12.69,12.21,0.48,3.93,95326.51,118837.9831,3.861,3.861,1.77,74.0708,33.2597,4.4639,2.2004,2.0178,0.788,0.788,30891.84,24689.6179,24689.6179,392017.4496,313311.2512,,,4.376
000881,中广核技,化工原料,辽宁,19980902,000881.SZ,20080102,11.95,12.32,11.88,12.21,11.89,0.32,2.69,49659.18,60257.243,2.0113,2.0113,0.9,71.2691,32.0017,4.295,2.1172,1.9415,0.819,0.819,30891.84,24689.6179,24689.6179,377189.3664,301460.2346,,,4.376
000881,中广核技,化工原料,辽宁,19980902,000881.SZ,20071228,12.18,12.25,11.84,11.89,12.17,-0.28,-2.3,59141.09,70559.0713,2.3954,2.3954,1.14,69.4013,31.163,4.1825,2.0617,1.8906,0.4205,0.841,30891.84,24689.6179,24689.6179,367303.9776,293559.5568,,,4.376
000881,中广核技,化工原料,辽宁,19980902,000881.SZ,20071227,12.35,12.35,12.1,12.17,12.17,0.0,0.0,62732.37,76545.2935,2.5408,2.5408,1.37,71.0356,31.8968,4.2809,2.1102,1.9351,0.4108,0.8217,30891.84,24689.6179,24689.6179,375953.6928,300472.6498,,,4.376
000881,中广核技,化工原料,辽宁,19980902,000881.SZ,20071226,11.93,12.2,11.84,12.17,11.89,0.28,2.35,54491.35,65821.943,2.2071,2.2071,1.31,71.0356,31.8968,4.2809,2.1102,1.9351,0.4108,0.8217,30891.84,24689.6179,24689.6179,375953.6928,300472.6498,,,4.376
000881,中广核技,化工原料,辽宁,19980902,000881.SZ,20071225,11.85,11.99,11.75,11.89,11.82,0.07,0.59,42644.49,50604.5032,1.7272,1.7272,1.08,69.4013,31.163,4.1825,2.0617,1.8906,0.4205,0.841,30891.84,24689.6179,24689.6179,367303.9776,293559.5568,,,4.376
000881,中广核技,化工原料,辽宁,19980902,000881.SZ,20071224,11.86,12.1,11.8,11.82,11.77,0.05,0.42,57421.78,68643.0448,2.3257,2.3257,1.55,68.9927,30.9795,4.1578,2.0495,1.8794,0.423,0.846,30891.84,24689.6179,24689.6179,365141.5488,291831.2836,,,4.376
000881,中广核技,化工原料,辽宁,19980902,000881.SZ,20071221,11.56,11.96,11.52,11.77,11.65,0.12,1.03,41848.39,49249.006,1.695,1.695,0.96,68.7008,30.8485,4.1402,2.0409,1.8715,0.4248,0.8496,30891.84,24689.6179,24689.6179,363596.9568,290596.8027,,,4.376
000881,中广核技,化工原料,辽宁,19980902,000881.SZ,20071220,11.63,11.76,11.5,11.65,11.63,0.02,0.17,33126.15,38522.0185,1.3417,1.3417,0.5,68.0004,30.5339,4.098,2.0201,1.8524,0.4292,0.8584,30891.84,24689.6179,24689.6179,359889.936,287634.0485,,,4.376
000881,中广核技,化工原料,辽宁,19980902,000881.SZ,20071219,11.55,11.68,11.4,11.63,11.51,0.12,1.04,32685.92,37855.4319,1.3239,1.3239,0.36,67.8837,30.4815,4.091,2.0166,1.8492,0.4299,0.8598,30891.84,24689.6179,24689.6179,359272.0992,287140.2562,,,4.376
000881,中广核技,化工原料,辽宁,19980902,000881.SZ,20071217,11.52,11.75,11.32,11.51,11.52,-0.01,-0.09,32230.69,37125.3016,1.3054,1.3054,0.36,67.1832,30.167,4.0488,1.9958,1.8302,0.4344,0.8688,30891.84,24689.6179,24689.6179,355565.0784,284177.502,,,4.376
000881,中广核技,化工原料,辽宁,19980902,000881.SZ,20071214,11.24,11.55,11.16,11.52,11.17,0.35,3.13,44941.12,51046.2422,1.8202,1.8202,0.53,67.2416,30.1932,4.0523,1.9975,1.8317,0.434,0.8681,30891.84,24689.6179,24689.6179,355873.9968,284424.3982,,,4.376
000881,中广核技,化工原料,辽宁,19980902,000881.SZ,20071213,11.81,11.99,11.03,11.17,11.8,-0.63,-5.34,74116.88,85656.4636,3.0019,3.0019,1.03,65.1987,29.2759,3.9292,1.9368,1.7761,0.4476,0.8953,30891.84,24689.6179,24689.6179,345061.8528,275783.0319,,,4.376
000881,中广核技,化工原料,辽宁,19980902,000881.SZ,20071212,12.4,12.4,11.8,11.8,11.99,-0.19,-1.58,148984.38,180239.881,6.0343,6.0343,3.23,68.876,30.9271,4.1508,2.0461,1.8763,0.4237,0.8475,30891.84,24689.6179,24689.6179,364523.712,291337.4912,,,4.376
000881,中广核技,化工原料,辽宁,19980902,000881.SZ,20071211,10.95,11.99,10.9,11.99,10.9,1.09,10.0,149532.01,173180.0865,6.0565,6.0565,7.89,69.985,31.4251,4.2176,2.079,1.9065,0.417,0.834,30891.84,24689.6179,24689.6179,370393.1616,296028.5186,,,4.376
000881,中广核技,化工原料,辽宁,19980902,000881.SZ,20071210,10.63,10.94,10.58,10.9,10.73,0.17,1.58,29659.98,32059.1598,1.2013,1.2013,1.97,63.6227,28.5682,3.8342,1.89,1.7332,0.4587,0.9174,30891.84,24689.6179,24689.6179,336721.056,269116.8351,,,4.376
000881,中广核技,化工原料,辽宁,19980902,000881.SZ,20071207,10.6,10.75,10.55,10.73,10.54,0.19,1.8,18900.06,20164.3259,0.7655,0.7655,1.41,62.6304,28.1227,3.7744,1.8605,1.7061,0.466,0.932,30891.84,24689.6179,24689.6179,331469.4432,264919.6001,,,4.376
000881,中广核技,化工原料,辽宁,19980902,000881.SZ,20071206,10.7,10.7,10.5,10.54,10.7,-0.16,-1.5,13843.76,14612.7638,0.5607,0.5607,1.02,61.5214,27.6247,3.7076,1.8276,1.6759,0.4744,0.9488,30891.84,24689.6179,24689.6179,325599.9936,260228.5727,,,4.376
000881,中广核技,化工原料,辽宁,19980902,000881.SZ,20071205,10.5,10.75,10.45,10.7,10.43,0.27,2.59,18991.69,20174.3535,0.7692,0.7692,1.57,62.4553,28.0441,3.7639,1.8553,1.7014,0.4673,0.9346,30891.84,24689.6179,24689.6179,330542.688,264178.9115,,,4.376
000881,中广核技,化工原料,辽宁,19980902,000881.SZ,20071204,10.42,10.58,10.41,10.43,10.4,0.03,0.29,13383.76,14068.3732,0.5421,0.5421,1.09,60.8793,27.3364,3.6689,1.8085,1.6584,0.4794,0.9588,30891.84,24689.6179,24689.6179,322201.8912,257512.7147,,,4.376
000881,中广核技,化工原料,辽宁,19980902,000881.SZ,20071203,10.33,10.45,10.27,10.4,10.33,0.07,0.68,10163.28,10555.4337,0.4116,0.4116,0.77,60.7042,27.2578,3.6583,1.8033,1.6537,0.4808,0.9615,30891.84,24689.6179,24689.6179,321275.136,256772.0262,,,4.376
000881,中广核技,化工原料,辽宁,19980902,000881.SZ,20071130,10.55,10.66,10.31,10.33,10.55,-0.22,-2.09,10498.1,10994.6903,0.4252,0.4252,0.76,60.2956,27.0743,3.6337,1.7912,1.6425,0.484,0.9681,30891.84,24689.6179,24689.6179,319112.7072,255043.7529,,,4.376
000881,中广核技,化工原料,辽宁,19980902,000881.SZ,20071129,10.38,10.6,10.3,10.55,10.3,0.25,2.43,14582.0,15312.5633,0.5906,0.5906,0.92,61.5798,27.6509,3.7111,1.8293,1.6775,0.4739,0.9479,30891.84,24689.6179,24689.6179,325908.912,260475.4688,,,4.376
000881,中广核技,化工原料,辽宁,19980902,000881.SZ,20071128,10.34,10.46,10.24,10.3,10.25,0.05,0.49,11884.56,12307.0696,0.4814,0.4814,0.63,60.1205,26.9957,3.6231,1.786,1.6378,0.4854,0.9709,30891.84,24689.6179,24689.6179,318185.952,254303.0644,,,4.376
000881,中广核技,化工原料,辽宁,19980902,000881.SZ,20071127,10.23,10.42,10.22,10.25,10.21,0.04,0.39,14395.26,14830.2469,0.583,0.583,0.65,59.8287,26.8646,3.6056,1.7773,1.6298,0.4878,0.9756,30891.84,24689.6179,24689.6179,316641.36,253068.5835,,,4.376
000881,中广核技,化工原料,辽宁,19980902,000881.SZ,20071126,10.54,10.74,10.2,10.21,10.48,-0.27,-2.58,14902.56,15579.8208,0.6036,0.6036,0.44,59.5952,26.7598,3.5915,1.7704,1.6234,0.4897,0.9794,30891.84,24689.6179,24689.6179,315405.6864,252080.9988,,,4.376
000881,中广核技,化工原料,辽宁,19980902,000881.SZ,20071123,10.2,10.48,10.12,10.48,10.25,0.23,2.24,13529.31,13922.2096,0.548,0.548,0.29,61.1712,27.4674,3.6865,1.8172,1.6664,0.4771,0.9542,30891.84,24689.6179,24689.6179,323746.4832,258747.1956,,,4.376
000881,中广核技,化工原料,辽宁,19980902,000881.SZ,20071122,10.72,10.81,10.22,10.25,10.9,-0.65,-5.96,24924.8,26090.7147,1.0095,1.0095,0.48,59.8287,26.8646,3.6056,1.7773,1.6298,0.4878,0.9756,30891.84,24689.6179,24689.6179,316641.36,253068.5835,,,4.376
000881,中广核技,化工原料,辽宁,19980902,000881.SZ,20071121,11.17,11.37,10.85,10.9,11.16,-0.26,-2.33,26195.4,28895.1072,1.061,1.061,0.48,63.6227,28.5682,3.8342,1.89,1.7332,0.4587,0.9174,30891.84,24689.6179,24689.6179,336721.056,269116.8351,,,4.376
000881,中广核技,化工原料,辽宁,19980902,000881.SZ,20071120,11.2,11.27,11.0,11.16,11.27,-0.11,-0.98,31660.11,35286.8864,1.2823,1.2823,0.6,65.1403,29.2497,3.9257,1.9351,1.7745,0.448,0.8961,30891.84,24689.6179,24689.6179,344752.9344,275536.1358,,,4.376
000881,中广核技,化工原料,辽宁,19980902,000881.SZ,20071119,11.18,11.59,11.18,11.27,10.9,0.37,3.39,72796.98,82833.4741,2.9485,2.9485,1.72,65.7824,29.538,3.9644,1.9542,1.792,0.4437,0.8873,30891.84,24689.6179,24689.6179,348151.0368,278251.9937,,,4.376
000881,中广核技,化工原料,辽宁,19980902,000881.SZ,20071116,11.0,11.06,10.74,10.9,10.85,0.05,0.46,74187.65,81010.5755,3.0048,3.0048,2.41,63.6227,28.5682,3.8342,1.89,1.7332,0.4587,0.9174,30891.84,24689.6179,24689.6179,336721.056,269116.8351,,,4.376
000881,中广核技,化工原料,辽宁,19980902,000881.SZ,20071115,10.7,11.05,10.7,10.85,10.91,-0.06,-0.55,55772.31,60963.2751,2.2589,2.2589,2.31,63.3309,28.4372,3.8166,1.8814,1.7252,0.4608,0.9217,30891.84,24689.6179,24689.6179,335176.464,267882.3542,,,4.376
000881,中广核技,化工原料,辽宁,19980902,000881.SZ,20071114,10.4,10.94,10.25,10.91,10.26,0.65,6.34,38815.86,41072.0447,1.5722,1.5722,1.95,63.6811,28.5945,3.8377,1.8918,1.7348,0.4583,0.9166,30891.84,24689.6179,24689.6179,337029.9744,269363.7313,,,4.376
000881,中广核技,化工原料,辽宁,19980902,000881.SZ,20071113,10.08,10.48,10.08,10.26,10.0,0.26,2.6,22567.99,23162.14,0.9141,0.9141,1.22,59.8871,26.8908,3.6091,1.779,1.6314,0.4873,0.9747,30891.84,24689.6179,24689.6179,316950.2784,253315.4797,,,4.376
000881,中广核技,化工原料,辽宁,19980902,000881.SZ,20071112,9.95,10.09,9.8,10.0,10.05,-0.05,-0.5,20555.26,20404.7108,0.8325,0.8325,1.11,58.3695,26.2094,3.5176,1.734,1.5901,0.5,1.0,30891.84,24689.6179,24689.6179,308918.4,246896.179,,,4.376
000881,中广核技,化工原料,辽宁,19980902,000881.SZ,20071109,10.19,10.37,9.98,10.05,10.18,-0.13,-1.28,16120.48,16321.2498,0.6529,0.6529,0.72,58.6613,26.3404,3.5352,1.7426,1.598,0.4975,0.995,30891.84,24689.6179,24689.6179,310462.992,248130.6599,,,4.376
000881,中广核技,化工原料,辽宁,19980902,000881.SZ,20071108,10.56,10.58,10.17,10.18,10.58,-0.4,-3.78,22429.19,23111.6599,0.9084,0.9084,0.89,59.4201,26.6812,3.5809,1.7652,1.6187,0.4912,0.9823,30891.84,24689.6179,24689.6179,314478.9312,251340.3102,,,4.376
000881,中广核技,化工原料,辽宁,19980902,000881.SZ,20071107,10.56,10.75,10.19,10.58,10.55,0.03,0.28,17824.33,18579.8889,0.7219,0.7219,0.55,61.7549,27.7295,3.7216,1.8345,1.6823,0.4726,0.9452,30891.84,24689.6179,24689.6179,326835.6672,261216.1574,,,4.376
000881,中广核技,化工原料,辽宁,19980902,000881.SZ,20071106,10.57,10.75,10.51,10.55,10.56,-0.01,-0.09,15580.96,16596.1812,0.6311,0.6311,0.33,61.5798,27.6509,3.7111,1.8293,1.6775,0.4739,0.9479,30891.84,24689.6179,24689.6179,325908.912,260475.4688,,,4.376
000881,中广核技,化工原料,辽宁,19980902,000881.SZ,20071105,10.29,10.75,10.15,10.56,10.37,0.19,1.83,20660.96,21658.8101,0.8368,0.8368,0.35,61.6381,27.6771,3.7146,1.8311,1.6791,0.4735,0.947,30891.84,24689.6179,24689.6179,326217.8304,260722.365,,,4.376
000881,中广核技,化工原料,辽宁,19980902,000881.SZ,20071102,10.91,10.93,10.3,10.37,10.95,-0.58,-5.3,35722.48,37335.0516,1.4469,1.4469,0.62,60.5291,27.1791,3.6478,1.7981,1.6489,0.4822,0.9643,30891.84,24689.6179,24689.6179,320348.3808,256031.3376,,,4.376
000881,中广核技,化工原料,辽宁,19980902,000881.SZ,20071101,11.48,11.49,10.92,10.95,11.44,-0.49,-4.28,35722.82,39666.9293,1.4469,1.4469,0.59,63.9146,28.6993,3.8518,1.8987,1.7411,0.4566,0.9132,30891.84,24689.6179,24689.6179,338265.648,270351.316,,,4.376
000881,中广核技,化工原料,辽宁,19980902,000881.SZ,20071031,11.24,11.58,11.0,11.44,11.2,0.24,2.14,54438.83,61623.9891,2.2049,2.2049,1.0,66.7747,29.9836,4.0242,1.9837,1.819,0.4371,0.8741,30891.84,24689.6179,24689.6179,353402.6496,282449.2288,,,4.376
000881,中广核技,化工原料,辽宁,19980902,000881.SZ,20071030,11.25,11.96,11.08,11.2,11.19,0.01,0.09,86424.64,99164.6278,3.5004,3.5004,2.01,65.3738,29.3545,3.9397,1.942,1.7809,0.4464,0.8929,30891.84,24689.6179,24689.6179,345988.608,276523.7205,,,4.376
000881,中广核技,化工原料,辽宁,19980902,000881.SZ,20071029,10.5,11.19,10.36,11.19,10.17,1.02,10.03,79944.9,86787.1469,3.238,3.238,2.38,65.3154,30.1515,4.3963,1.9403,1.7959,0.4468,0.8937,30891.84,24689.6179,24689.6179,345679.6896,276276.8243,,,4.376
000881,中广核技,化工原料,辽宁,19980902,000881.SZ,20071026,9.98,10.2,9.7,10.17,9.9,0.27,2.73,30912.19,30987.9416,1.252,1.252,0.95,59.3617,27.4031,3.9956,1.7634,1.6322,0.4916,0.9833,30891.84,24689.6179,24689.6179,314170.0128,251093.414,,,4.376
000881,中广核技,化工原料,辽宁,19980902,000881.SZ,20071025,10.9,10.9,9.86,9.9,10.96,-1.06,-9.67,51730.55,52621.688,2.0952,2.0952,1.73,57.7858,26.6756,3.8895,1.7166,1.5888,0.5051,1.0101,30891.84,24689.6179,24689.6179,305829.216,244427.2172,,,4.376
000881,中广核技,化工原料,辽宁,19980902,000881.SZ,20071024,11.0,11.2,10.84,10.96,10.95,0.01,0.09,24085.13,26448.1326,0.9755,0.9755,0.77,63.9729,29.5317,4.306,1.9004,1.759,0.4562,0.9124,30891.84,24689.6179,24689.6179,338574.5664,270598.2122,,,4.376
000881,中广核技,化工原料,辽宁,19980902,000881.SZ,20071023,11.13,11.3,10.68,10.95,11.15,-0.2,-1.79,28755.99,31492.8197,1.1647,1.1647,0.85,63.9146,29.5048,4.3021,1.8987,1.7574,0.4566,0.9132,30891.84,24689.6179,24689.6179,338265.648,270351.316,,,4.376
000881,中广核技,化工原料,辽宁,19980902,000881.SZ,20071022,11.25,11.6,11.01,11.15,11.31,-0.16,-1.41,32262.27,36668.5637,1.3067,1.3067,0.87,65.0819,30.0437,4.3806,1.9334,1.7895,0.4484,0.8969,30891.84,24689.6179,24689.6179,344444.016,275289.2396,,,4.376
000881,中广核技,化工原料,辽宁,19980902,000881.SZ,20071019,11.27,11.63,11.27,11.31,11.41,-0.1,-0.88,26042.19,29860.5054,1.0548,1.0548,0.53,66.0159,30.4748,4.4435,1.9611,1.8151,0.4421,0.8842,30891.84,24689.6179,24689.6179,349386.7104,279239.5784,,,4.376
000881,中广核技,化工原料,辽宁,19980902,000881.SZ,20071018,11.41,11.59,11.05,11.41,11.43,-0.02,-0.18,38796.52,43692.4228,1.5714,1.5714,0.72,66.5995,30.7443,4.4828,1.9785,1.8312,0.4382,0.8764,30891.84,24689.6179,24689.6179,352475.8944,281708.5402,,,4.376
000881,中广核技,化工原料,辽宁,19980902,000881.SZ,20071017,11.64,11.74,11.33,11.43,11.64,-0.21,-1.8,30896.51,35373.5936,1.2514,1.2514,0.53,66.7163,30.7982,4.4906,1.9819,1.8344,0.4374,0.8749,30891.84,24689.6179,24689.6179,353093.7312,282202.3326,,,4.376
000881,中广核技,化工原料,辽宁,19980902,000881.SZ,20071016,11.22,11.74,11.16,11.64,11.19,0.45,4.02,41967.87,47885.8653,1.6998,1.6998,0.73,67.942,31.364,4.5731,2.0183,1.8681,0.4296,0.8591,30891.84,24689.6179,24689.6179,359581.0176,287387.1524,,,4.376
000881,中广核技,化工原料,辽宁,19980902,000881.SZ,20071015,11.4,11.56,10.87,11.19,11.38,-0.19,-1.67,48252.65,53690.0794,1.9544,1.9544,0.84,65.3154,30.1515,4.3963,1.9403,1.7959,0.4468,0.8937,30891.84,24689.6179,24689.6179,345679.6896,276276.8243,,,4.376
000881,中广核技,化工原料,辽宁,19980902,000881.SZ,20071012,11.83,11.88,10.68,11.38,11.84,-0.46,-3.89,84630.75,95338.192,3.4278,3.4278,1.73,66.4244,30.6634,4.471,1.9733,1.8264,0.4394,0.8787,30891.84,24689.6179,24689.6179,351549.1392,280967.8517,,,4.376
000881,中广核技,化工原料,辽宁,19980902,000881.SZ,20071011,12.34,12.34,11.8,11.84,12.34,-0.5,-4.05,65348.94,78742.0653,2.6468,2.6468,1.53,69.1094,31.9029,4.6517,2.053,1.9002,0.4223,0.8446,30891.84,24689.6179,24689.6179,365759.3856,292325.0759,,,4.376
000881,中广核技,化工原料,辽宁,19980902,000881.SZ,20071010,12.7,12.75,12.25,12.34,12.58,-0.24,-1.91,53169.91,66148.2498,2.1535,2.1535,1.39,72.0279,33.2501,4.8482,2.1397,1.9804,0.4052,0.8104,30891.84,24689.6179,24689.6179,381205.3056,304669.8849,,,4.376
000881,中广核技,化工原料,辽宁,19980902,000881.SZ,20071009,12.41,12.7,12.36,12.58,12.52,0.06,0.48,35039.95,43834.337,1.4192,1.4192,0.89,73.4288,33.8968,4.9424,2.1813,2.019,0.3975,0.7949,30891.84,24689.6179,24689.6179,388619.3472,310595.3932,,,4.376
000881,中广核技,化工原料,辽宁,19980902,000881.SZ,20071008,12.62,13.04,12.48,12.52,12.45,0.07,0.56,48522.95,61820.4093,1.9653,1.9653,1.23,73.0786,33.7352,4.9189,2.1709,2.0093,0.3994,0.7987,30891.84,24689.6179,24689.6179,386765.8368,309114.0161,,,4.376
000881,中广核技,化工原料,辽宁,19980902,000881.SZ,20070928,12.39,12.6,12.25,12.45,12.23,0.22,1.8,42660.15,53021.0917,1.7279,1.7279,0.89,72.67,33.5465,4.8914,2.1588,1.9981,0.4016,0.8032,30891.84,24689.6179,24689.6179,384603.408,307385.7429,,,4.376
000881,中广核技,化工原料,辽宁,19980902,000881.SZ,20070927,12.45,12.57,12.02,12.23,12.38,-0.15,-1.21,33935.93,41436.2266,1.3745,1.3745,0.6,71.3858,32.9538,4.8049,2.1206,1.9628,0.4088,0.8177,30891.84,24689.6179,24689.6179,377807.2032,301954.0269,,,4.376
000881,中广核技,化工原料,辽宁,19980902,000881.SZ,20070926,12.72,12.86,12.35,12.38,12.66,-0.28,-2.21,30912.92,38715.275,1.2521,1.2521,0.41,72.2614,33.3579,4.8639,2.1466,1.9869,0.4039,0.8078,30891.84,24689.6179,24689.6179,382440.9792,305657.4696,,,4.376
000881,中广核技,化工原料,辽宁,19980902,000881.SZ,20070925,12.65,12.99,12.6,12.66,12.64,0.02,0.16,40331.51,51400.129,1.6335,1.6335,0.48,73.8957,34.1124,4.9739,2.1952,2.0318,0.3949,0.7899,30891.84,24689.6179,24689.6179,391090.6944,312570.5626,,,4.376
000881,中广核技,化工原料,辽宁,19980902,000881.SZ,20070924,12.74,12.87,12.35,12.64,12.74,-0.1,-0.78,49851.78,62583.841,2.0191,2.0191,0.54,73.779,34.0585,4.966,2.1917,2.0286,0.3956,0.7911,30891.84,24689.6179,24689.6179,390472.8576,312076.7703,,,4.376
000881,中广核技,化工原料,辽宁,19980902,000881.SZ,20070921,13.19,13.19,12.35,12.74,13.18,-0.44,-3.34,85009.09,108078.5071,3.4431,3.4431,0.94,74.3627,34.3279,5.0053,2.2091,2.0446,0.3925,0.7849,30891.84,24689.6179,24689.6179,393562.0416,314545.732,,,4.376
000881,中广核技,化工原料,辽宁,19980902,000881.SZ,20070920,13.52,13.62,13.0,13.18,13.41,-0.23,-1.72,78723.54,104174.3009,3.1885,3.1885,0.86,76.9309,35.5135,5.1782,2.2854,2.1153,0.3794,0.7587,30891.84,24689.6179,24689.6179,407154.4512,325409.1639,,,4.376
000881,中广核技,化工原料,辽宁,19980902,000881.SZ,20070919,13.1,13.75,13.1,13.41,13.09,0.32,2.44,123366.04,166082.9261,4.9967,4.9967,1.43,78.2734,36.1333,5.2685,2.3252,2.1522,0.3729,0.7457,30891.84,24689.6179,24689.6179,414259.5744,331087.776,,,4.376
000881,中广核技,化工原料,辽宁,19980902,000881.SZ,20070918,13.15,13.5,12.9,13.09,13.17,-0.08,-0.61,82085.87,108417.994,3.3247,3.3247,0.83,76.4056,35.271,5.1428,2.2698,2.1008,0.382,0.7639,30891.84,24689.6179,24689.6179,404374.1856,323187.0983,,,4.376
000881,中广核技,化工原料,辽宁,19980902,000881.SZ,20070917,12.58,13.29,12.51,13.17,12.76,0.41,3.21,90026.58,116389.8652,3.6463,3.6463,0.74,76.8726,35.4866,5.1742,2.2836,2.1136,0.3797,0.7593,30891.84,24689.6179,24689.6179,406845.5328,325162.2677,,,4.376
000881,中广核技,化工原料,辽宁,19980902,000881.SZ,20070914,13.0,13.0,12.49,12.76,13.0,-0.24,-1.85,77942.25,98861.9429,3.1569,3.1569,0.46,74.4794,34.3818,5.0132,2.2125,2.0478,0.3918,0.7837,30891.84,24689.6179,24689.6179,394179.8784,315039.5244,,,4.376
000881,中广核技,化工原料,辽宁,19980902,000881.SZ,20070913,12.8,13.0,12.5,13.0,12.82,0.18,1.4,82724.55,105251.5763,3.3506,3.3506,0.46,75.8803,35.0285,5.1075,2.2542,2.0864,0.3846,0.7692,30891.84,24689.6179,24689.6179,401593.92,320965.0327,,,4.376
000881,中广核技,化工原料,辽宁,19980902,000881.SZ,20070912,13.07,13.45,12.38,12.82,13.12,-0.3,-2.29,98407.51,125709.7107,3.9858,3.9858,0.56,74.8296,34.5435,5.0367,2.2229,2.0575,0.39,0.78,30891.84,24689.6179,24689.6179,396033.3888,316520.9015,,,4.376
000881,中广核技,化工原料,辽宁,19980902,000881.SZ,20070911,14.5,14.6,13.0,13.12,14.35,-1.23,-8.57,145494.88,201802.1094,5.893,5.893,0.85,76.5807,35.3519,5.1546,2.275,2.1056,0.3811,0.7622,30891.84,24689.6179,24689.6179,405300.9408,323927.7868,,,4.376
000881,中广核技,化工原料,辽宁,19980902,000881.SZ,20070910,13.77,14.78,13.53,14.35,14.01,0.34,2.43,203278.33,292179.0495,8.2334,8.2334,1.27,83.7602,38.6661,5.6378,2.4882,2.303,0.3484,0.6969,30891.84,24689.6179,24689.6179,443297.904,354296.0169,,,4.376
000881,中广核技,化工原料,辽宁,19980902,000881.SZ,20070907,13.41,14.57,13.21,14.01,13.43,0.58,4.32,317272.41,444805.3377,12.8504,12.8504,2.6,81.7756,37.75,5.5043,2.4293,2.2485,0.3569,0.7138,30891.84,24689.6179,24689.6179,432794.6784,345901.5468,,,4.376
000881,中广核技,化工原料,辽宁,19980902,000881.SZ,20070906,12.93,13.47,12.88,13.43,12.88,0.55,4.27,140611.45,185526.8618,5.6952,5.6952,1.12,78.3902,36.1872,5.2764,2.3287,2.1554,0.3723,0.7446,30891.84,24689.6179,24689.6179,414877.4112,331581.5684,,,4.376
000881,中广核技,化工原料,辽宁,19980902,000881.SZ,20070905,13.13,13.29,12.55,12.88,13.11,-0.23,-1.75,79822.96,102793.1095,3.2331,3.2331,0.66,75.1799,34.7052,5.0603,2.2333,2.0671,0.3882,0.7764,30891.84,24689.6179,24689.6179,397886.8992,318002.2786,,,4.376
000881,中广核技,化工原料,辽宁,19980902,000881.SZ,20070904,13.5,13.6,13.01,13.11,13.36,-0.25,-1.87,111893.32,148849.7006,4.532,4.532,0.94,76.5224,35.3249,5.1507,2.2732,2.104,0.3814,0.7628,30891.84,24689.6179,24689.6179,404992.0224,323680.8907,,,4.376
000881,中广核技,化工原料,辽宁,19980902,000881.SZ,20070903,12.99,13.49,12.98,13.36,12.84,0.52,4.05,148295.36,197572.6663,6.0064,6.0064,1.4,77.9816,35.9985,5.2489,2.3166,2.1441,0.3743,0.7485,30891.84,24689.6179,24689.6179,412714.9824,329853.2951,,,4.376
000881,中广核技,化工原料,辽宁,19980902,000881.SZ,20070831,13.0,13.23,12.8,12.84,12.96,-0.12,-0.93,128449.9,166923.1747,5.2026,5.2026,1.34,74.9464,34.5974,5.0446,2.2264,2.0607,0.3894,0.7788,30891.84,24689.6179,24689.6179,396651.2256,317014.6938,,,4.376
000881,中广核技,化工原料,辽宁,19980902,000881.SZ,20070830,12.35,13.17,12.22,12.96,12.22,0.74,6.06,157180.07,201478.1264,6.3662,6.3662,1.89,75.6468,34.9207,5.0917,2.2472,2.0799,0.3858,0.7716,30891.84,24689.6179,24689.6179,400358.2464,319977.448,,,4.376
000881,中广核技,化工原料,辽宁,19980902,000881.SZ,20070829,12.6,12.6,12.18,12.22,12.63,-0.41,-3.25,62991.24,77635.3835,2.5513,2.5513,0.71,71.3275,32.9268,4.801,2.1189,1.9612,0.4092,0.8183,30891.84,24689.6179,24689.6179,377498.2848,301707.1307,,,4.376
000881,中广核技,化工原料,辽宁,19980902,000881.SZ,20070828,12.17,12.86,12.11,12.63,12.16,0.47,3.87,99144.74,124301.2225,4.0156,4.0156,1.13,73.7206,34.0316,4.9621,2.19,2.027,0.3959,0.7918,30891.84,24689.6179,24689.6179,390163.9392,311829.8741,,,4.376
000881,中广核技,化工原料,辽宁,19980902,000881.SZ,20070827,12.5,12.67,12.1,12.16,12.5,-0.34,-2.72,81527.57,100378.3642,3.3021,3.3021,0.93,70.9773,32.7651,4.7774,2.1085,1.9516,0.4112,0.8224,30891.84,24689.6179,24689.6179,375644.7744,300225.7537,,,4.376
000881,中广核技,化工原料,辽宁,19980902,000881.SZ,20070824,12.78,12.88,12.4,12.5,12.75,-0.25,-1.96,76905.02,97007.9919,3.1149,3.1149,0.93,72.9618,33.6813,4.911,2.1675,2.0061,0.4,0.8,30891.84,24689.6179,24689.6179,386148.0,308620.2238,,,4.376
000881,中广核技,化工原料,辽宁,19980902,000881.SZ,20070823,12.59,12.84,12.45,12.75,12.59,0.16,1.27,95021.5,120251.9877,3.8486,3.8486,1.29,74.4211,34.3549,5.0092,2.2108,2.0462,0.3922,0.7843,30891.84,24689.6179,24689.6179,393870.96,314792.6282,,,4.376
000881,中广核技,化工原料,辽宁,19980902,000881.SZ,20070822,12.49,12.75,12.3,12.59,12.67,-0.08,-0.63,88492.92,110793.0072,3.5842,3.5842,1.31,73.4871,33.9238,4.9464,2.1831,2.0206,0.3971,0.7943,30891.84,24689.6179,24689.6179,388928.2656,310842.2894,,,4.376
000881,中广核技,化工原料,辽宁,19980902,000881.SZ,20070821,12.85,12.98,12.61,12.67,12.55,0.12,0.96,95644.87,122433.995,3.8739,3.8739,1.62,73.9541,34.1393,4.9778,2.1969,2.0334,0.3946,0.7893,30891.84,24689.6179,24689.6179,391399.6128,312817.4588,,,4.376
000881,中广核技,化工原料,辽宁,19980902,000881.SZ,20070820,12.18,12.58,12.06,12.55,11.94,0.61,5.11,80657.04,99310.5575,3.2668,3.2668,1.37,73.2537,33.816,4.9307,2.1761,2.0141,0.3984,0.7968,30891.84,24689.6179,24689.6179,387692.592,309854.7046,,,4.376
000881,中广核技,化工原料,辽宁,19980902,000881.SZ,20070817,11.9,12.16,11.8,11.94,11.86,0.08,0.67,53741.37,64438.9267,2.1767,2.1767,0.81,69.6931,32.1723,4.691,2.0704,1.9162,0.4188,0.8375,30891.84,24689.6179,24689.6179,368848.5696,294794.0377,,,4.376
000881,中广核技,化工原料,辽宁,19980902,000881.SZ,20070816,11.7,11.97,11.5,11.86,11.84,0.02,0.17,48952.28,57226.2093,1.9827,1.9827,0.68,69.2262,31.9568,4.6596,2.0565,1.9034,0.4216,0.8432,30891.84,24689.6179,24689.6179,366377.2224,292818.8683,,,4.376
000881,中广核技,化工原料,辽宁,19980902,000881.SZ,20070815,12.07,12.15,11.5,11.84,12.03,-0.19,-1.58,59915.57,70473.7571,2.4268,2.4268,0.69,69.1094,31.9029,4.6517,2.053,1.9002,0.4223,0.8446,30891.84,24689.6179,24689.6179,365759.3856,292325.0759,,,4.376
000881,中广核技,化工原料,辽宁,19980902,000881.SZ,20070814,11.7,12.1,11.65,12.03,11.68,0.35,3.0,51287.66,61259.3971,2.0773,2.0773,0.55,70.2185,32.4149,4.7264,2.086,1.9307,0.4156,0.8313,30891.84,24689.6179,24689.6179,371628.8352,297016.1033,,,4.376
000881,中广核技,化工原料,辽宁,19980902,000881.SZ,20070813,11.8,12.0,11.45,11.68,11.96,-0.28,-2.34,80160.16,92911.6258,3.2467,3.2467,0.83,68.1755,31.4718,4.5889,2.0253,1.8745,0.4281,0.8562,30891.84,24689.6179,24689.6179,360816.6912,288374.7371,,,4.376
000881,中广核技,化工原料,辽宁,19980902,000881.SZ,20070810,12.58,12.61,11.59,11.96,12.58,-0.62,-4.93,90981.21,109422.4032,3.685,3.685,0.94,69.8099,32.2262,4.6989,2.0738,1.9195,0.4181,0.8361,30891.84,24689.6179,24689.6179,369466.4064,295287.8301,,,4.376
000881,中广核技,化工原料,辽宁,19980902,000881.SZ,20070809,12.99,12.99,12.54,12.58,12.8,-0.22,-1.72,75586.0,96282.2172,3.0614,3.0614,0.76,73.4288,33.8968,4.9424,2.1813,2.019,0.3975,0.7949,30891.84,24689.6179,24689.6179,388619.3472,310595.3932,,,4.376
000881,中广核技,化工原料,辽宁,19980902,000881.SZ,20070808,12.51,13.25,12.5,12.8,12.39,0.41,3.31,135639.22,174835.6518,5.4938,5.4938,1.3,74.7129,34.4896,5.0289,2.2195,2.0543,0.3906,0.7813,30891.84,24689.6179,24689.6179,395415.552,316027.1091,,,4.376
000881,中广核技,化工原料,辽宁,19980902,000881.SZ,20070807,12.72,12.79,12.22,12.39,12.68,-0.29,-2.29,87364.59,108157.9259,3.5385,3.5385,0.78,72.3198,33.3849,4.8678,2.1484,1.9885,0.4036,0.8071,30891.84,24689.6179,24689.6179,382749.8976,305904.3658,,,4.376
000881,中广核技,化工原料,辽宁,19980902,000881.SZ,20070806,12.38,12.88,12.38,12.68,12.31,0.37,3.01,91770.43,116213.4017,3.717,3.717,0.77,74.0125,34.1663,4.9817,2.1987,2.035,0.3943,0.7886,30891.84,24689.6179,24689.6179,391708.5312,313064.355,,,4.376
000881,中广核技,化工原料,辽宁,19980902,000881.SZ,20070803,12.31,12.51,12.09,12.31,12.3,0.01,0.08,95128.7,116833.1319,3.853,3.853,0.76,71.8528,33.1693,4.8364,2.1345,1.9756,0.4062,0.8123,30891.84,24689.6179,24689.6179,380278.5504,303929.1963,,,4.376
000881,中广核技,化工原料,辽宁,19980902,000881.SZ,20070802,11.8,12.6,11.75,12.3,11.92,0.38,3.19,90282.61,110420.1613,3.6567,3.6567,0.7,71.7944,33.1424,4.8324,2.1328,1.974,0.4065,0.813,30891.84,24689.6179,24689.6179,379969.632,303682.3002,,,4.376
000881,中广核技,化工原料,辽宁,19980902,000881.SZ,20070801,13.24,13.33,11.9,11.92,13.17,-1.25,-9.49,155926.12,197135.3353,6.3155,6.3155,1.23,69.5764,32.1185,4.6831,2.0669,1.913,0.4195,0.8389,30891.84,24689.6179,24689.6179,368230.7328,294300.2454,,,4.376
000881,中广核技,化工原料,辽宁,19980902,000881.SZ,20070731,13.46,13.6,13.05,13.17,13.32,-0.15,-1.13,128993.82,171004.902,5.2246,5.2246,0.76,76.8726,35.4866,5.1742,2.2836,2.1136,0.3797,0.7593,30891.84,24689.6179,24689.6179,406845.5328,325162.2677,,,4.376
000881,中广核技,化工原料,辽宁,19980902,000881.SZ,20070730,13.15,13.73,13.15,13.32,13.14,0.18,1.37,126169.95,169281.5887,5.1115,5.1127,0.68,77.7481,77.4297,5.2332,2.3096,2.2744,0.3754,0.7508,30891.84,24683.433,24677.7757,411479.3088,328783.3276,,,4.376
000881,中广核技,化工原料,辽宁,19980902,000881.SZ,20070727,12.9,13.25,12.66,13.14,12.99,0.15,1.15,128373.23,167285.2973,5.2008,5.202,0.65,76.6975,76.3834,5.1625,2.2784,2.2437,0.3805,0.761,30891.84,24683.433,24677.7757,405918.7776,324340.3096,,,4.376
000881,中广核技,化工原料,辽宁,19980902,000881.SZ,20070726,13.11,13.2,12.69,12.99,13.0,-0.01,-0.08,107363.86,139224.9667,4.3496,4.3506,0.56,75.8219,75.5114,5.1035,2.2524,2.218,0.3849,0.7698,30891.84,24683.433,24677.7757,401285.0016,320637.7947,,,4.376
000881,中广核技,化工原料,辽宁,19980902,000881.SZ,20070725,12.97,13.27,12.69,13.0,12.65,0.35,2.77,141163.1,183522.9438,5.7189,5.7203,0.82,75.8803,75.5695,5.1075,2.2542,2.2197,0.3846,0.7692,30891.84,24683.433,24677.7757,401593.92,320884.629,,,4.376
000881,中广核技,化工原料,辽宁,19980902,000881.SZ,20070724,12.99,13.28,12.56,12.65,12.86,-0.21,-1.63,350904.19,449388.1387,14.2162,14.2194,3.23,73.8374,73.535,4.97,2.1935,2.16,0.3953,0.7905,30891.84,24683.433,24677.7757,390781.776,312245.4275,,,4.376
000881,中广核技,化工原料,辽宁,19980902,000881.SZ,20070723,12.0,13.08,11.83,12.86,12.04,0.82,6.81,199559.93,250525.7945,8.0848,8.0866,2.58,75.0631,74.7557,5.0525,2.2299,2.1958,0.3888,0.7776,30891.84,24683.433,24677.7757,397269.0624,317428.9484,,,4.376
000881,中广核技,化工原料,辽宁,19980902,000881.SZ,20070720,11.3,12.1,11.03,12.04,11.0,1.04,9.45,187698.65,219865.0536,7.6042,7.606,4.02,70.2768,69.989,4.7303,2.0877,2.0558,0.4153,0.8306,30891.84,24683.433,24677.7757,371937.7536,297188.5333,,,4.376
000881,中广核技,化工原料,辽宁,19980902,000881.SZ,20070719,10.0,11.0,10.0,11.0,10.0,1.0,10.0,85222.88,90567.5534,3.4526,3.4534,2.3,64.2064,63.9435,4.3217,1.9074,1.8782,0.4545,0.9091,30891.84,24683.433,24677.7757,339810.24,271517.763,,,4.376
000881,中广核技,化工原料,辽宁,19980902,000881.SZ,20070718,10.1,10.26,9.91,10.0,10.0,0.0,0.0,32707.41,33054.1396,1.3251,1.3254,0.84,58.3695,58.1304,3.9288,1.734,1.7075,0.5,1.0,30891.84,24683.433,24677.7757,308918.4,246834.33,,,4.376
000881,中广核技,化工原料,辽宁,19980902,000881.SZ,20070717,9.88,10.28,9.8,10.0,9.79,0.21,2.15,37674.78,37719.9868,1.5263,1.5267,0.75,58.3695,58.1304,3.9288,1.734,1.7075,0.5,1.0,30891.84,24683.433,24677.7757,308918.4,246834.33,,,4.376
000881,中广核技,化工原料,辽宁,19980902,000881.SZ,20070716,10.4,10.41,9.8,9.89,10.4,-0.51,-4.9,43201.3,43481.9317,1.7502,1.7506,0.71,57.7274,57.491,3.7387,1.7149,1.6887,0.5056,0.5056,30891.84,24683.433,24677.7757,305520.2976,244119.1524,,,4.376
000881,中广核技,化工原料,辽宁,19980902,000881.SZ,20070713,10.58,10.6,10.15,10.4,10.64,-0.24,-2.26,34829.21,35919.0263,1.411,1.4114,0.43,60.7042,60.4556,3.9315,1.8033,1.7758,0.4808,0.4808,30891.84,24683.433,24677.7757,321275.136,256707.7032,,,4.376
000881,中广核技,化工原料,辽宁,19980902,000881.SZ,20070712,10.5,10.78,10.28,10.64,10.42,0.22,2.11,36566.33,38630.8385,1.4814,1.4818,0.41,62.1051,61.8508,4.0222,1.8449,1.8168,0.4699,0.4699,30891.84,24683.433,24677.7757,328689.1776,262631.7271,,,4.376
000881,中广核技,化工原料,辽宁,19980902,000881.SZ,20070711,10.27,10.57,10.02,10.42,10.3,0.12,1.17,41917.47,43508.3797,1.6982,1.6986,0.44,60.821,60.5719,3.9391,1.8068,1.7792,0.4798,0.4798,30891.84,24683.433,24677.7757,321892.9728,257201.3719,,,4.376
000881,中广核技,化工原料,辽宁,19980902,000881.SZ,20070710,11.12,11.12,10.29,10.3,11.18,-0.88,-7.87,94317.21,99654.9866,3.8211,3.8219,1.04,60.1205,59.8743,3.8937,1.786,1.7587,0.4854,0.4854,30891.84,24683.433,24677.7757,318185.952,254239.3599,,,4.376
000881,中广核技,化工原料,辽宁,19980902,000881.SZ,20070709,11.0,11.4,10.8,11.18,11.08,0.1,0.9,95710.04,106332.0054,3.8775,3.8784,0.94,65.2571,64.9898,4.2264,1.9386,1.909,0.4472,0.4472,30891.84,24683.433,24677.7757,345370.7712,275960.7809,,,4.376
000881,中广核技,化工原料,辽宁,19980902,000881.SZ,20070706,10.4,11.23,9.67,11.08,10.67,0.41,3.84,134966.81,141031.2809,5.4679,5.4692,1.22,64.6734,64.4085,4.1886,1.9212,1.8919,0.4513,0.4513,30891.84,24683.433,24677.7757,342281.5872,273492.4376,,,4.376
000881,中广核技,化工原料,辽宁,19980902,000881.SZ,20070705,11.69,11.8,10.67,10.67,11.85,-1.18,-9.96,79898.23,88773.312,3.2369,3.2377,0.68,62.2802,62.0252,4.0336,1.8501,1.8219,0.4686,0.4686,30891.84,24683.433,24677.7757,329615.9328,263372.2301,,,4.376
000881,中广核技,化工原料,辽宁,19980902,000881.SZ,20070704,11.95,12.28,11.5,11.85,11.95,-0.1,-0.84,73768.74,87834.7272,2.9886,2.9893,0.57,69.1678,68.8845,4.4796,2.0547,2.0234,0.4219,0.4219,30891.84,24683.433,24677.7757,366068.304,292498.6811,,,4.376
000881,中广核技,化工原料,辽宁,19980902,000881.SZ,20070703,12.09,12.19,11.38,11.95,11.98,-0.03,-0.25,70541.71,83421.2899,2.8579,2.8585,0.5,69.7515,69.4658,4.5175,2.0721,2.0405,0.4184,0.4184,30891.84,24683.433,24677.7757,369157.488,294967.0244,,,4.376
000881,中广核技,化工原料,辽宁,19980902,000881.SZ,20070702,12.5,12.98,11.35,11.98,12.5,-0.52,-4.16,148496.59,179303.7123,6.016,6.0174,1.08,69.9266,69.6402,4.5288,2.0773,2.0456,0.4174,0.4174,30891.84,24683.433,24677.7757,370084.2432,295707.5273,,,4.376
000881,中广核技,化工原料,辽宁,19980902,000881.SZ,20070629,11.7,13.05,11.03,12.5,12.21,0.29,2.38,180895.17,220207.8574,7.3286,7.3303,1.46,72.9618,72.663,4.7254,2.1675,2.1344,0.4,0.4,30891.84,24683.433,24677.7757,386148.0,308542.9125,,,4.376
000881,中广核技,化工原料,辽宁,19980902,000881.SZ,20070628,13.56,13.56,12.21,12.21,13.44,-1.23,-9.15,110153.21,142271.262,4.4626,4.4637,0.9,71.2691,70.9772,4.6157,2.1172,2.0849,0.4095,0.4095,30891.84,24683.433,24677.7757,377189.3664,301384.7169,,,4.376
000881,中广核技,化工原料,辽宁,19980902,000881.SZ,20070627,13.33,13.75,13.25,13.44,13.2,0.24,1.82,134586.02,181572.6095,5.4525,5.4537,1.12,78.4485,78.1273,5.0807,2.3304,2.2949,0.372,0.372,30891.84,24683.433,24677.7757,415186.3296,331745.3395,,,4.376
000881,中广核技,化工原料,辽宁,19980902,000881.SZ,20070626,11.61,13.2,11.61,13.2,12.0,1.2,10.0,138107.85,170720.63,5.5952,5.5964,1.13,77.0477,76.7321,4.99,2.2888,2.2539,0.3788,0.3788,30891.84,24683.433,24677.7757,407772.288,325821.3156,,,4.376
000881,中广核技,化工原料,辽宁,19980902,000881.SZ,20070625,12.2,12.78,11.26,12.0,12.25,-0.25,-2.04,124918.55,150511.4633,5.0608,5.062,1.03,70.0433,69.7565,4.5364,2.0808,2.049,0.4167,0.4167,30891.84,24683.433,24677.7757,370702.08,296201.196,,,4.376
000881,中广核技,化工原料,辽宁,19980902,000881.SZ,20070622,13.12,13.35,11.81,12.25,13.12,-0.87,-6.63,110299.3,137834.71,4.4686,4.4696,0.9,71.5026,71.2098,4.6309,2.1241,2.0917,0.4082,0.4082,30891.84,24683.433,24677.7757,378425.04,302372.0543,,,4.376
000881,中广核技,化工原料,辽宁,19980902,000881.SZ,20070621,13.5,13.94,12.74,13.12,13.6,-0.48,-3.53,107210.1,142423.5975,4.3434,4.3444,0.79,76.5807,76.2671,4.9597,2.275,2.2402,0.3811,0.3811,30891.84,24683.433,24677.7757,405300.9408,323846.641,,,4.376
000881,中广核技,化工原料,辽宁,19980902,000881.SZ,20070620,14.4,14.4,13.3,13.6,14.4,-0.8,-5.56,119563.65,167837.3799,4.8439,4.845,0.74,79.3825,79.0574,5.1412,2.3582,2.3222,0.3676,0.3676,30891.84,24683.433,24677.7757,420129.024,335694.6888,,,4.376
000881,中广核技,化工原料,辽宁,19980902,000881.SZ,20070619,14.06,14.5,13.76,14.4,14.0,0.4,2.86,151719.54,217667.6884,6.1466,6.148,0.86,84.052,83.7078,5.4436,2.4969,2.4588,0.3472,0.3472,30891.84,24683.433,24677.7757,444842.496,355441.4352,,,4.376
000881,中广核技,化工原料,辽宁,19980902,000881.SZ,20070618,13.86,14.25,13.8,14.0,13.68,0.32,2.34,119514.28,167538.988,4.8419,4.843,0.49,81.7172,81.3826,5.2924,2.4276,2.3905,0.3571,0.3571,30891.84,24683.433,24677.7757,432485.76,345568.062,,,4.376
000881,中广核技,化工原料,辽宁,19980902,000881.SZ,20070615,13.87,14.43,13.68,13.68,14.0,-0.32,-2.29,115484.34,160791.8535,4.6786,4.6797,0.52,79.8494,79.5224,5.1714,2.3721,2.3359,0.3655,0.3655,30891.84,24683.433,24677.7757,422600.3712,337669.3634,,,4.376
000881,中广核技,化工原料,辽宁,19980902,000881.SZ,20070614,14.7,14.79,13.9,14.0,14.96,-0.96,-6.42,169248.86,243077.3125,6.8568,6.8584,0.86,81.7172,81.3826,5.2924,2.4276,2.3905,0.3571,0.3571,30891.84,24683.433,24677.7757,432485.76,345568.062,,,4.376
000881,中广核技,化工原料,辽宁,19980902,000881.SZ,20070613,14.31,15.45,13.9,14.96,14.3,0.66,4.62,250553.56,369127.3234,10.1507,10.153,1.28,87.3207,86.9631,5.6553,2.594,2.5544,0.3342,0.3342,30891.84,24683.433,24677.7757,462141.9264,369264.1577,,,4.376
000881,中广核技,化工原料,辽宁,19980902,000881.SZ,20070612,13.97,14.7,13.61,14.3,13.98,0.32,2.29,226730.65,323857.6596,9.1855,9.1876,1.33,83.4683,83.1265,5.4058,2.4796,2.4417,0.3497,0.3497,30891.84,24683.433,24677.7757,441753.312,352973.0919,,,4.376
000881,中广核技,化工原料,辽宁,19980902,000881.SZ,20070611,14.47,14.47,13.48,13.98,13.15,0.83,6.31,451221.75,637734.366,18.2803,18.2845,4.23,81.6005,81.2663,5.2849,2.4241,2.3871,0.3577,0.3577,30891.84,24683.433,24677.7757,431867.9232,345074.3933,,,4.376
000881,中广核技,化工原料,辽宁,19980902,000881.SZ,20070608,13.15,13.15,13.15,13.15,11.95,1.2,10.04,18941.01,24907.4282,0.7674,0.7675,0.14,76.7558,76.4415,4.9711,2.2802,2.2454,0.3802,0.3802,30891.84,24683.433,24677.7757,406227.696,324587.144,,,4.376
000881,中广核技,化工原料,辽宁,19980902,000881.SZ,20070607,11.95,11.95,11.95,11.95,10.86,1.09,10.04,33144.51,39607.6895,1.3428,1.3431,0.21,69.7515,69.4658,4.5175,2.0721,2.0405,0.4184,0.4184,30891.84,24683.433,24677.7757,369157.488,294967.0244,,,4.376
000881,中广核技,化工原料,辽宁,19980902,000881.SZ,20070605,9.2,10.87,9.2,10.86,10.22,0.64,6.26,246011.24,232170.4532,9.9667,9.9689,1.69,63.3892,63.1296,4.1054,1.8831,1.8543,0.4604,0.4604,30891.84,24683.433,24677.7757,335485.3824,268062.0824,,,4.376
000881,中广核技,化工原料,辽宁,19980902,000881.SZ,20070604,10.31,10.7,10.22,10.22,11.35,-1.13,-9.96,100988.93,103723.8783,4.0914,4.0923,0.64,59.6536,59.4093,3.8635,1.7721,1.7451,0.4892,0.4892,30891.84,24683.433,24677.7757,315714.6048,252264.6853,,,4.376
000881,中广核技,化工原料,辽宁,19980902,000881.SZ,20070601,12.0,12.8,11.35,11.35,12.61,-1.26,-9.99,134045.24,158648.7059,5.4306,5.4318,0.81,66.2493,65.978,4.2906,1.968,1.938,0.4405,0.4405,30891.84,24683.433,24677.7757,350622.384,280156.9646,,,4.376
000881,中广核技,化工原料,辽宁,19980902,000881.SZ,20070530,13.09,14.0,12.61,12.61,14.01,-1.4,-9.99,174037.74,228526.9229,7.0508,7.0524,0.88,73.6039,73.3025,4.767,2.1865,2.1532,0.3965,0.3965,30891.84,24683.433,24677.7757,389546.1024,311258.0901,,,4.376
000881,中广核技,化工原料,辽宁,19980902,000881.SZ,20070529,14.25,14.36,13.86,14.01,14.25,-0.24,-1.68,136213.57,191951.1399,5.5184,5.5197,0.54,81.7756,81.4407,5.2962,2.4293,2.3922,0.3569,0.3569,30891.84,24683.433,24677.7757,432794.6784,345814.8963,,,4.376
000881,中广核技,化工原料,辽宁,19980902,000881.SZ,20070528,14.36,14.6,13.97,14.25,14.24,0.01,0.07,182828.68,259936.4207,7.4069,7.4086,0.68,83.1765,82.8358,5.3869,2.4709,2.4332,0.3509,0.3509,30891.84,24683.433,24677.7757,440208.72,351738.9203,,,4.376
000881,中广核技,化工原料,辽宁,19980902,000881.SZ,20070525,13.57,14.7,13.33,14.24,13.68,0.56,4.09,165932.1,236523.8306,6.7224,6.7239,0.63,83.1181,82.7777,5.3831,2.4692,2.4315,0.3511,0.3511,30891.84,24683.433,24677.7757,439899.8016,351492.0859,,,4.376
000881,中广核技,化工原料,辽宁,19980902,000881.SZ,20070524,14.1,14.12,13.02,13.68,14.13,-0.45,-3.18,169269.04,233098.9046,6.8576,6.8592,0.68,79.8494,79.5224,5.1714,2.3721,2.3359,0.3655,0.3655,30891.84,24683.433,24677.7757,422600.3712,337669.3634,,,4.376
000881,中广核技,化工原料,辽宁,19980902,000881.SZ,20070523,13.45,14.56,13.24,14.13,13.24,0.89,6.72,337749.1,477096.7748,13.6832,13.6864,1.69,82.476,82.1383,5.3416,2.4501,2.4127,0.3539,0.3539,30891.84,24683.433,24677.7757,436501.6992,348776.9083,,,4.376
000881,中广核技,化工原料,辽宁,19980902,000881.SZ,20070522,12.8,13.24,12.34,13.24,12.04,1.2,9.97,415855.88,534402.7544,16.8476,16.8514,2.92,77.2812,76.9647,5.0051,2.2958,2.2607,0.3776,0.3776,30891.84,24683.433,24677.7757,409007.9616,326808.6529,,,4.376
000881,中广核技,化工原料,辽宁,19980902,000881.SZ,20070521,10.89,12.19,10.6,12.04,11.33,0.71,6.27,247047.74,290762.1227,10.0086,10.0109,2.18,70.2768,69.989,4.5515,2.0877,2.0558,0.4153,0.4153,30891.84,24683.433,24677.7757,371937.7536,297188.5333,,,4.376
000881,中广核技,化工原料,辽宁,19980902,000881.SZ,20070518,11.05,11.48,10.9,11.33,10.91,0.42,3.85,147978.02,166107.4775,5.995,5.9964,1.37,66.1326,65.8618,4.2831,1.9646,1.9346,0.4413,0.4413,30891.84,24683.433,24677.7757,350004.5472,279663.2959,,,4.376
000881,中广核技,化工原料,辽宁,19980902,000881.SZ,20070517,10.77,11.12,10.75,10.91,10.74,0.17,1.58,96001.4,105163.2244,3.8893,3.8902,0.85,63.6811,63.4203,4.1243,1.8918,1.8629,0.4583,0.4583,30891.84,24683.433,24677.7757,337029.9744,269296.254,12.87,10.53,4.376
000881,中广核技,化工原料,辽宁,19980902,000881.SZ,20070516,10.34,10.8,10.3,10.74,10.34,0.4,3.87,92067.27,97422.6164,3.7299,3.7308,0.65,62.6888,62.4321,4.06,1.8623,1.8339,0.4655,0.4655,30891.84,24683.433,24677.7757,331778.3616,265100.0704,,,4.376
000881,中广核技,化工原料,辽宁,19980902,000881.SZ,20070515,11.11,11.11,10.29,10.34,11.11,-0.77,-6.93,128639.15,138304.4448,5.2116,5.2128,0.87,60.354,60.1068,3.9088,1.7929,1.7656,0.4836,0.4836,30891.84,24683.433,24677.7757,319421.6256,255226.6972,,,4.376
000881,中广核技,化工原料,辽宁,19980902,000881.SZ,20070514,11.0,11.4,10.63,11.11,11.25,-0.14,-1.24,103133.99,114667.9313,4.1783,4.1792,0.67,64.8485,64.5829,4.1999,1.9264,1.897,0.45,0.45,30891.84,24683.433,24677.7757,343208.3424,274232.9406,,,4.376
000881,中广核技,化工原料,辽宁,19980902,000881.SZ,20070511,11.5,11.5,11.1,11.25,11.7,-0.45,-3.85,121112.28,136894.7079,4.9066,4.9077,0.78,65.6656,65.3967,4.2528,1.9507,1.9209,0.4444,0.4444,30891.84,24683.433,24677.7757,347533.2,277688.6213,,,4.376
000881,中广核技,化工原料,辽宁,19980902,000881.SZ,20070510,12.06,12.2,11.57,11.7,11.97,-0.27,-2.26,119833.51,141095.0985,4.8548,4.8559,0.6,68.2923,68.0126,4.4229,2.0287,1.9978,0.4274,0.4274,30891.84,24683.433,24677.7757,361434.528,288796.1661,,,4.376
000881,中广核技,化工原料,辽宁,19980902,000881.SZ,20070509,11.07,12.1,11.05,11.97,11.04,0.93,8.42,235079.93,276441.4309,9.5238,9.526,1.2,69.8682,69.5821,4.525,2.0756,2.0439,0.4177,0.4177,30891.84,24683.433,24677.7757,369775.3248,295460.693,,,4.376
000881,中广核技,化工原料,辽宁,19980902,000881.SZ,20070508,11.0,11.1,10.78,11.04,10.79,0.25,2.32,155927.01,170620.4056,6.3171,6.3185,0.76,64.4399,64.176,4.1734,1.9143,1.8851,0.4529,0.4529,30891.84,24683.433,24677.7757,341045.9136,272505.1003,,,4.376
000881,中广核技,化工原料,辽宁,19980902,000881.SZ,20070430,10.49,11.08,10.4,10.79,10.78,0.01,0.09,136971.7,147511.9782,5.5491,5.5504,0.67,62.9806,62.7227,4.0789,1.8709,1.8424,0.4634,0.4634,30891.84,24683.433,24677.7757,333322.9536,266334.2421,,,4.376
000881,中广核技,化工原料,辽宁,19980902,000881.SZ,20070427,11.08,11.12,10.67,10.78,11.23,-0.45,-4.01,129618.32,140999.2126,5.2512,5.2524,0.62,62.9223,62.6646,4.0752,1.8692,1.8407,0.4638,0.4638,30891.84,24683.433,24677.7757,333014.0352,266087.4077,,,4.376
000881,中广核技,化工原料,辽宁,19980902,000881.SZ,20070426,11.48,11.68,10.85,11.23,10.78,0.45,4.17,342883.21,386078.8042,13.8912,13.8944,2.02,65.5489,65.8336,4.2853,1.9472,1.9472,0.4452,0.4452,30891.84,24683.433,24677.7757,346915.3632,277194.9526,,,4.376
000881,中广核技,化工原料,辽宁,19980902,000881.SZ,20070425,10.64,10.78,10.4,10.78,9.8,0.98,10.0,212055.66,228282.7682,8.591,8.593,1.31,62.9223,63.1956,4.1136,1.8692,1.8692,0.4638,0.4638,30891.84,24683.433,24677.7757,333014.0352,266087.4077,,,4.376
000881,中广核技,化工原料,辽宁,19980902,000881.SZ,20070423,8.96,9.8,8.96,9.8,8.91,0.89,9.99,206492.99,195284.899,8.3657,8.3676,1.31,57.2021,57.4505,3.7396,1.6993,1.6993,0.5102,0.5102,30891.84,24683.433,24677.7757,302740.032,241897.6434,,,4.376
000881,中广核技,化工原料,辽宁,19980902,000881.SZ,20070420,8.52,9.01,8.52,8.91,8.45,0.46,5.44,126389.88,111767.243,5.1204,5.1216,0.63,52.0072,52.2331,3.4,1.545,1.545,0.5612,0.5612,30891.84,24683.433,24677.7757,275246.2944,219929.388,,,4.376
000881,中广核技,化工原料,辽宁,19980902,000881.SZ,20070419,9.18,9.18,8.27,8.45,9.19,-0.74,-8.05,158848.33,138455.927,6.4354,6.4369,0.74,49.3222,49.5364,3.2244,1.4652,1.4652,0.5917,0.5917,30891.84,24683.433,24677.7757,261036.048,208575.0089,,,4.376
000881,中广核技,化工原料,辽宁,19980902,000881.SZ,20070418,8.99,9.4,8.8,9.19,8.99,0.2,2.22,142839.45,129949.6973,5.7869,5.7882,0.69,53.6415,53.8745,3.5068,1.5935,1.5935,0.5441,0.5441,30891.84,24683.433,24677.7757,283896.0096,226840.7493,,,4.376
000881,中广核技,化工原料,辽宁,19980902,000881.SZ,20070417,8.89,9.0,8.52,8.99,8.92,0.07,0.78,177741.33,156387.2718,7.2008,7.2025,0.91,52.4741,52.7021,3.4305,1.5588,1.5588,0.5562,0.5562,30891.84,24683.433,24677.7757,277717.6416,221904.0627,,,4.376
000881,中广核技,化工原料,辽宁,19980902,000881.SZ,20070416,8.88,9.15,8.76,8.92,8.77,0.15,1.71,182994.47,163167.946,7.4137,7.4154,0.95,52.0656,52.2917,3.4038,1.5467,1.5467,0.5605,0.5605,30891.84,24683.433,24677.7757,275555.2128,220176.2224,,,4.376
000881,中广核技,化工原料,辽宁,19980902,000881.SZ,20070413,8.42,9.11,8.42,8.77,8.28,0.49,5.92,348065.22,306039.5438,14.1044,14.1044,2.38,51.19,51.4123,3.3466,1.5207,1.5207,0.5701,0.5701,30891.84,24677.7757,24677.7757,270921.4368,216424.0929,,,4.376
000881,中广核技,化工原料,辽宁,19980902,000881.SZ,20070412,7.76,8.43,7.68,8.28,7.75,0.53,6.84,215149.53,172322.0729,8.7184,8.7184,1.75,48.3299,48.5398,3.1596,1.4357,1.4357,0.6039,0.6039,30891.84,24677.7757,24677.7757,255784.4352,204331.9828,,,4.376
000881,中广核技,化工原料,辽宁,19980902,000881.SZ,20070411,7.71,7.8,7.5,7.75,7.78,-0.03,-0.39,113311.92,86679.5413,4.5917,4.5917,0.88,45.2363,45.4328,2.9573,1.3438,1.3438,0.6452,0.6452,30891.84,24677.7757,24677.7757,239411.76,191252.7617,,,4.376
000881,中广核技,化工原料,辽宁,19980902,000881.SZ,20070410,7.87,7.98,7.43,7.78,7.87,-0.09,-1.14,121259.08,93430.7707,4.9137,4.9137,0.97,45.4114,45.6087,2.9688,1.349,1.349,0.6427,0.6427,30891.84,24677.7757,24677.7757,240338.5152,191993.0949,,,4.376
000881,中广核技,化工原料,辽宁,19980902,000881.SZ,20070409,7.51,8.0,7.48,7.87,7.54,0.33,4.38,170158.42,132224.3636,6.8952,6.8952,1.52,45.9368,46.1363,3.0031,1.3646,1.3646,0.6353,0.6353,30891.84,24677.7757,24677.7757,243118.7808,194214.0948,,,4.376
000881,中广核技,化工原料,辽宁,19980902,000881.SZ,20070406,7.4,7.6,7.33,7.54,7.49,0.05,0.67,111181.65,83218.1334,4.5053,4.5053,1.08,44.0106,44.2017,2.8772,1.3074,1.3074,0.6631,0.6631,30891.84,24677.7757,24677.7757,232924.4736,186070.4288,,,4.376
000881,中广核技,化工原料,辽宁,19980902,000881.SZ,20070405,7.4,7.6,7.31,7.49,7.37,0.12,1.63,97689.57,72912.6164,3.9586,3.9586,0.9,43.7187,43.9086,2.8581,1.2987,1.2987,0.6676,0.6676,30891.84,24677.7757,24677.7757,231379.8816,184836.54,,,4.376
000881,中广核技,化工原料,辽宁,19980902,000881.SZ,20070404,7.31,7.63,7.24,7.37,7.3,0.07,0.96,143341.01,106912.5898,5.8085,5.8085,1.26,43.0183,43.2051,2.8123,1.2779,1.2779,0.6784,0.6784,30891.84,24677.7757,24677.7757,227672.8608,181875.2069,,,4.376
000881,中广核技,化工原料,辽宁,19980902,000881.SZ,20070403,7.4,7.47,7.24,7.3,7.29,0.01,0.14,105847.24,77618.1022,4.2892,4.2892,0.79,42.6097,42.7948,2.7856,1.2658,1.2658,0.6849,0.6849,30891.84,24677.7757,24677.7757,225510.432,180147.7626,,,4.376
000881,中广核技,化工原料,辽宁,19980902,000881.SZ,20070402,6.95,7.33,6.95,7.29,7.0,0.29,4.14,101686.71,72558.9078,4.1206,4.1206,0.71,42.5513,42.7361,2.7818,1.2641,1.2641,0.6859,0.6859,30891.84,24677.7757,24677.7757,225201.5136,179900.9849,,,4.376
000881,中广核技,化工原料,辽宁,19980902,000881.SZ,20070330,6.93,7.18,6.9,7.0,6.9,0.1,1.45,67937.66,47607.3922,2.753,2.753,0.45,40.8586,41.0361,2.6711,1.2138,1.2138,0.7143,0.7143,30891.84,24677.7757,24677.7757,216242.88,172744.4299,,,4.376
000881,中广核技,化工原料,辽宁,19980902,000881.SZ,20070329,7.39,7.4,6.89,6.9,7.35,-0.45,-6.12,122447.6,87197.3331,4.9619,6.0689,0.78,47.0751,42.4962,2.7458,1.2297,1.1526,0.7246,0.7246,30891.84,24677.7757,20176.3584,213153.696,170276.6523,,,4.376
000881,中广核技,化工原料,辽宁,19980902,000881.SZ,20070328,7.55,7.59,6.93,7.35,7.52,-0.17,-2.26,169473.14,123899.4827,6.8674,8.3996,1.19,50.1452,45.2677,2.9249,1.3099,1.2277,0.6803,0.6803,30891.84,24677.7757,20176.3584,227055.024,181381.6514,,,4.376
000881,中广核技,化工原料,辽宁,19980902,000881.SZ,20070327,7.29,7.63,7.28,7.52,7.22,0.3,4.16,211963.59,159006.0951,8.5893,10.5055,1.7,51.305,46.3147,2.9925,1.3402,1.2561,0.6649,0.6649,30891.84,24677.7757,20176.3584,232306.6368,185576.8733,,,4.376
000881,中广核技,化工原料,辽宁,19980902,000881.SZ,20070326,6.86,7.26,6.85,7.22,6.85,0.37,5.4,144539.28,102096.7458,5.8571,7.1638,1.25,49.2583,44.467,2.8731,1.2868,1.206,0.6925,0.6925,30891.84,24677.7757,20176.3584,223039.0848,178173.5406,,,4.376
000881,中广核技,化工原料,辽宁,19980902,000881.SZ,20070323,6.83,6.97,6.58,6.85,6.82,0.03,0.44,107237.2,72751.8736,4.3455,5.315,0.83,46.734,42.1882,2.7259,1.2208,1.1442,0.7299,0.7299,30891.84,24677.7757,20176.3584,211609.104,169042.7635,,,4.376
000881,中广核技,化工原料,辽宁,19980902,000881.SZ,20070322,6.75,7.1,6.7,6.82,6.72,0.1,1.49,150421.8,103092.593,6.0954,7.4553,1.01,46.5293,42.0035,2.7139,1.2155,1.1392,0.7331,0.7331,30891.84,24677.7757,20176.3584,210682.3488,168302.4303,,,4.376
000881,中广核技,化工原料,辽宁,19980902,000881.SZ,20070321,6.75,6.78,6.59,6.72,6.71,0.01,0.15,95151.8,63570.5896,3.8558,4.716,0.46,45.847,41.3876,2.6742,1.1977,1.1225,0.744,0.744,30891.84,24677.7757,20176.3584,207593.1648,165834.6527,,,4.376
000881,中广核技,化工原料,辽宁,19980902,000881.SZ,20070320,6.54,6.76,6.54,6.71,6.48,0.23,3.55,127550.9,85326.0517,5.1687,6.3218,0.63,45.7788,41.326,2.6702,1.1959,1.1208,0.7452,0.7452,30891.84,24677.7757,20176.3584,207284.2464,165587.8749,,,4.376
000881,中广核技,化工原料,辽宁,19980902,000881.SZ,20070319,6.05,6.57,6.01,6.48,6.39,0.09,1.41,96931.62,61543.5914,3.9279,4.8042,0.47,44.2097,39.9094,2.5786,1.1549,1.0824,0.7716,0.7716,30891.84,24677.7757,20176.3584,200179.1232,159911.9865,,,4.376
000881,中广核技,化工原料,辽宁,19980902,000881.SZ,20070316,6.79,6.8,6.3,6.39,6.75,-0.36,-5.33,173035.6,112673.1171,7.0118,8.5762,0.87,43.5956,39.3551,2.5428,1.1388,1.0674,0.7825,0.7825,30891.84,24677.7757,20176.3584,197398.8576,157690.9867,,,4.376
000881,中广核技,化工原料,辽宁,19980902,000881.SZ,20070315,6.56,6.86,6.53,6.75,6.86,-0.11,-1.6,255481.76,171593.6261,10.3527,12.6624,1.36,46.0517,41.5723,2.6861,1.203,1.1275,0.7407,0.7407,30891.84,24677.7757,20176.3584,208519.92,166574.986,,,4.376
000881,中广核技,化工原料,辽宁,19980902,000881.SZ,20070314,6.61,6.86,6.35,6.86,6.24,0.62,9.94,382979.48,259331.1174,15.5192,18.9816,3.02,46.8022,42.2498,2.7299,1.2226,1.1459,0.7289,0.7289,30891.84,24677.7757,20176.3584,211918.0224,169289.5413,,,4.376
000881,中广核技,化工原料,辽宁,19980902,000881.SZ,20070313,6.4,6.6,6.18,6.24,6.39,-0.15,-2.35,109823.71,70955.8903,4.4503,5.4432,0.9,42.5723,38.4313,2.4831,1.1121,1.0423,0.8013,0.8013,30891.84,24677.7757,20176.3584,192765.0816,153989.3204,,,4.376
000881,中广核技,化工原料,辽宁,19980902,000881.SZ,20070312,6.19,6.48,6.08,6.39,6.19,0.2,3.23,113361.91,71192.6709,4.5937,5.6186,0.81,43.5956,39.3551,2.5428,1.1388,1.0674,0.7825,0.7825,30891.84,24677.7757,20176.3584,197398.8576,157690.9867,,,4.376
000881,中广核技,化工原料,辽宁,19980902,000881.SZ,20070309,6.42,6.42,6.13,6.19,6.39,-0.2,-3.13,127923.59,80216.6566,5.1838,6.3403,0.71,42.2311,38.1234,2.4632,1.1032,1.034,0.8078,0.8078,30891.84,24677.7757,20176.3584,191220.4896,152755.4316,,,4.376
000881,中广核技,化工原料,辽宁,19980902,000881.SZ,20070308,6.11,6.72,5.97,6.39,6.11,0.28,4.58,203264.65,128411.0925,8.2367,10.0744,1.08,43.5956,39.3551,2.5428,1.1388,1.0674,0.7825,0.7825,30891.84,24677.7757,20176.3584,197398.8576,157690.9867,,,4.376
000881,中广核技,化工原料,辽宁,19980902,000881.SZ,20070307,6.0,6.33,5.99,6.11,5.98,0.13,2.17,80519.22,49614.5123,3.2628,3.9908,0.41,41.6853,37.6307,2.4314,1.0889,1.0206,0.8183,0.8183,30891.84,24677.7757,20176.3584,188749.1424,150781.2095,,,4.376
000881,中广核技,化工原料,辽宁,19980902,000881.SZ,20070306,6.05,6.23,5.9,5.98,6.16,-0.18,-2.92,84186.96,50621.3217,3.4114,4.1726,0.4,40.7984,36.83,2.3797,1.0658,0.9989,0.8361,0.8361,30891.84,24677.7757,20176.3584,184733.2032,147573.0987,,,4.376
000881,中广核技,化工原料,辽宁,19980902,000881.SZ,20070305,6.5,6.58,5.7,6.16,6.19,-0.03,-0.48,203286.74,125460.5063,8.2376,10.0755,1.09,42.0265,37.9386,2.4513,1.0978,1.029,0.8117,0.8117,30891.84,24677.7757,20176.3584,190293.7344,152015.0983,,,4.376
000881,中广核技,化工原料,辽宁,19980902,000881.SZ,20070302,5.46,6.19,5.46,6.19,5.63,0.56,9.95,334830.09,202097.5116,13.5681,16.5952,2.47,42.2311,38.1234,2.4632,1.1032,1.034,0.8078,0.8078,30891.84,24677.7757,20176.3584,191220.4896,152755.4316,,,4.376
000881,中广核技,化工原料,辽宁,19980902,000881.SZ,20070301,5.28,5.69,5.06,5.63,5.17,0.46,8.9,241456.88,130003.812,9.7844,11.9673,2.29,38.4105,34.6744,2.2404,1.0034,0.9404,0.8881,0.8881,30891.84,24677.7757,20176.3584,173921.0592,138935.8772,,,4.376
000881,中广核技,化工原料,辽宁,19980902,000881.SZ,20070228,4.7,5.17,4.68,5.17,4.7,0.47,10.0,123123.61,61299.1023,4.9893,6.1024,1.34,35.2722,31.8413,2.0573,0.9214,0.8636,0.9671,0.9671,30891.84,24677.7757,20176.3584,159710.8128,127584.1004,,,4.376
000881,中广核技,化工原料,辽宁,19980902,000881.SZ,20070227,5.19,5.56,4.65,4.7,5.16,-0.46,-8.91,155397.63,80357.2742,6.2971,7.702,2.08,32.0656,28.9467,1.8703,0.8376,0.7851,1.0638,1.0638,30891.84,24677.7757,20176.3584,145191.648,115985.5458,,,4.376
000881,中广核技,化工原料,辽宁,19980902,000881.SZ,20070226,4.92,5.17,4.83,5.16,4.92,0.24,4.88,81242.36,40868.2529,3.2921,4.0266,1.2,35.204,31.7797,2.0534,0.9196,0.8619,0.969,0.969,30891.84,24677.7757,20176.3584,159401.8944,127337.3226,,,4.376
000881,中广核技,化工原料,辽宁,19980902,000881.SZ,20070216,4.98,5.02,4.86,4.92,4.93,-0.01,-0.2,76382.7,37761.1254,3.0952,3.7858,1.28,33.5666,30.3016,1.9579,0.8769,0.8218,1.0163,1.0163,30891.84,24677.7757,20176.3584,151987.8528,121414.6564,,,4.376
000881,中广核技,化工原料,辽宁,19980902,000881.SZ,20070215,4.72,4.98,4.72,4.93,4.68,0.25,5.34,91606.55,44629.7332,3.7121,4.5403,1.8,33.6348,30.3632,1.9618,0.8786,0.8235,1.0142,1.0142,30891.84,24677.7757,20176.3584,152296.7712,121661.4342,,,4.376
000881,中广核技,化工原料,辽宁,19980902,000881.SZ,20070214,4.62,4.73,4.6,4.68,4.63,0.05,1.08,55498.12,25947.2,2.2489,2.7507,1.13,31.9292,28.8235,1.8624,0.8341,0.7817,1.0684,1.0684,30891.84,24677.7757,20176.3584,144573.8112,115491.9903,,,4.376
000881,中广核技,化工原料,辽宁,19980902,000881.SZ,20070213,4.49,4.66,4.48,4.63,4.48,0.15,3.35,68911.12,31503.9059,2.7924,3.4154,1.43,31.5881,28.5155,1.8425,0.8252,0.7734,1.0799,1.0799,30891.84,24677.7757,20176.3584,143029.2192,114258.1015,,,4.376
000881,中广核技,化工原料,辽宁,19980902,000881.SZ,20070212,4.39,4.49,4.39,4.48,4.4,0.08,1.82,45889.11,20469.2233,1.8595,2.2744,1.01,30.5647,27.5917,1.7828,0.7984,0.7483,1.1161,1.1161,30891.84,24677.7757,20176.3584,138395.4432,110556.4351,,,4.376
000881,中广核技,化工原料,辽宁,19980902,000881.SZ,20070209,4.46,4.48,4.38,4.4,4.46,-0.06,-1.35,35338.36,15576.7412,1.432,1.7515,0.79,30.0189,27.099,1.7509,0.7842,0.735,1.1364,1.1364,30891.84,24677.7757,20176.3584,135924.096,108582.2131,,,4.376
000881,中广核技,化工原料,辽宁,19980902,000881.SZ,20070208,4.43,4.5,4.37,4.46,4.41,0.05,1.13,48270.34,21409.9655,1.956,2.3924,1.03,30.4282,27.4685,1.7748,0.7949,0.745,1.1211,1.1211,30891.84,24677.7757,20176.3584,137777.6064,110062.8796,,,4.376
000881,中广核技,化工原料,辽宁,19980902,000881.SZ,20070207,4.51,4.53,4.36,4.41,4.46,-0.05,-1.12,47433.28,20949.0544,1.9221,2.3509,0.93,30.0871,27.1606,1.7549,0.786,0.7366,1.1338,1.1338,30891.84,24677.7757,20176.3584,136233.0144,108828.9908,,,4.376
000881,中广核技,化工原料,辽宁,19980902,000881.SZ,20070206,4.23,4.46,4.23,4.46,4.21,0.25,5.94,63437.15,27809.9398,2.5706,3.1441,1.26,30.4282,27.4685,1.7748,0.7949,0.745,1.1211,1.1211,30891.84,24677.7757,20176.3584,137777.6064,110062.8796,,,4.376
000881,中广核技,化工原料,辽宁,19980902,000881.SZ,20070205,4.19,4.29,4.15,4.21,4.18,0.03,0.72,32241.54,13640.2814,1.3065,1.598,0.57,28.7226,25.9288,1.6753,0.7503,0.7032,1.1876,1.1876,30891.84,24677.7757,20176.3584,130054.6464,103893.4357,,,4.376
000881,中广核技,化工原料,辽宁,19980902,000881.SZ,20070202,4.25,4.33,4.17,4.18,4.28,-0.1,-2.34,33300.51,14124.2085,1.3494,1.6505,0.5,28.518,25.7441,1.6634,0.745,0.6982,1.1962,1.1962,30891.84,24677.7757,20176.3584,129127.8912,103153.1024,,,4.376
000881,中广核技,化工原料,辽宁,19980902,000881.SZ,20070201,4.16,4.3,4.11,4.28,4.18,0.1,2.39,58574.86,24773.4374,2.3736,2.9031,0.8,29.2002,26.3599,1.7032,0.7628,0.7149,1.1682,1.1682,30891.84,24677.7757,20176.3584,132217.0752,105620.88,,,4.376
000881,中广核技,化工原料,辽宁,19980902,000881.SZ,20070131,4.27,4.37,4.13,4.18,4.28,-0.1,-2.34,68719.71,29154.7999,2.7847,3.406,0.88,28.518,25.7441,1.6634,0.745,0.6982,1.1962,1.1962,30891.84,24677.7757,20176.3584,129127.8912,103153.1024,,,4.376
000881,中广核技,化工原料,辽宁,19980902,000881.SZ,20070130,4.39,4.43,4.25,4.28,4.41,-0.13,-2.95,58316.61,25271.3156,2.3631,2.8903,0.6,29.2002,26.3599,1.7032,0.7628,0.7149,1.1682,1.1682,30891.84,24677.7757,20176.3584,132217.0752,105620.88,,,4.376
000881,中广核技,化工原料,辽宁,19980902,000881.SZ,20070129,4.33,4.44,4.3,4.41,4.33,0.08,1.85,65699.02,28814.9329,2.6623,3.2562,0.55,30.0871,27.1606,1.7549,0.786,0.7366,1.1338,1.1338,30891.84,24677.7757,20176.3584,136233.0144,108828.9908,,,4.376
000881,中广核技,化工原料,辽宁,19980902,000881.SZ,20070126,4.18,4.35,4.05,4.33,4.25,0.08,1.88,83357.67,34980.9741,3.3778,4.1315,0.66,29.5413,26.6679,1.7231,0.7717,0.7233,1.1547,1.1547,30891.84,24677.7757,20176.3584,133761.6672,106854.7688,,,4.376
000881,中广核技,化工原料,辽宁,19980902,000881.SZ,20070125,4.4,4.45,4.25,4.25,4.48,-0.23,-5.13,88322.41,38351.0217,3.579,4.3775,0.73,28.9955,26.1752,1.6912,0.7574,0.7099,1.1765,1.1765,30891.84,24677.7757,20176.3584,131290.32,104880.5467,,,4.376
000881,中广核技,化工原料,辽宁,19980902,000881.SZ,20070124,4.5,4.54,4.37,4.48,4.49,-0.01,-0.22,93168.29,41363.2561,3.7754,4.6177,0.76,30.5647,27.5917,1.7828,0.7984,0.7483,1.1161,1.1161,30891.84,24677.7757,20176.3584,138395.4432,110556.4351,,,4.376
000881,中广核技,化工原料,辽宁,19980902,000881.SZ,20070123,4.59,4.6,4.35,4.49,4.44,0.05,1.13,154045.11,68977.4993,6.2423,7.6349,1.42,30.6329,27.6533,1.7867,0.8002,0.75,1.1136,1.1136,30891.84,24677.7757,20176.3584,138704.3616,110803.2129,,,4.376
000881,中广核技,化工原料,辽宁,19980902,000881.SZ,20070122,4.15,4.44,4.12,4.44,4.04,0.4,9.9,173796.52,74338.5374,7.0426,8.6139,2.04,30.2918,27.3454,1.7669,0.7913,0.7417,1.1261,1.1261,30891.84,24677.7757,20176.3584,137159.7696,109569.3241,,,4.376
000881,中广核技,化工原料,辽宁,19980902,000881.SZ,20070119,3.9,4.06,3.9,4.04,3.89,0.15,3.86,121998.23,48809.0091,4.9436,6.0466,1.59,27.5628,24.8818,1.6077,0.72,0.6748,1.2376,1.2376,30891.84,24677.7757,20176.3584,124803.0336,99698.2138,,,4.376
000881,中广核技,化工原料,辽宁,19980902,000881.SZ,20070118,3.8,3.91,3.71,3.89,3.83,0.06,1.57,61291.67,23349.915,2.4837,3.0378,0.71,26.5394,23.958,1.548,0.6933,0.6498,1.2853,1.2853,30891.84,24677.7757,20176.3584,120169.2576,95996.5475,,,4.376
000881,中广核技,化工原料,辽宁,19980902,000881.SZ,20070117,3.93,4.02,3.78,3.83,3.93,-0.1,-2.54,99421.52,38877.2177,4.0288,4.9276,1.23,26.1301,23.5885,1.5241,0.6826,0.6398,1.3055,1.3055,30891.84,24677.7757,20176.3584,118315.7472,94515.8809,,,4.376
000881,中广核技,化工原料,辽宁,19980902,000881.SZ,20070116,3.83,3.95,3.77,3.93,3.83,0.1,2.61,86156.92,33435.9737,3.4913,4.2702,1.1,26.8123,24.2043,1.5639,0.7004,0.6565,1.2723,1.2723,30891.84,24677.7757,20176.3584,121404.9312,96983.6585,,,4.376
000881,中广核技,化工原料,辽宁,19980902,000881.SZ,20070115,3.63,3.87,3.63,3.83,3.63,0.2,5.51,56499.37,21287.4291,2.2895,2.8003,0.7,26.1301,23.5885,1.5241,0.6826,0.6398,1.3055,1.3055,30891.84,24677.7757,20176.3584,118315.7472,94515.8809,,,4.376
000881,中广核技,化工原料,辽宁,19980902,000881.SZ,20070112,3.88,3.89,3.63,3.63,3.88,-0.25,-6.44,80827.71,30482.1722,3.2753,4.0061,1.05,24.7656,22.3567,1.4445,0.6469,0.6064,1.3774,1.3774,30891.84,24677.7757,20176.3584,112137.3792,89580.3258,,,4.376
000881,中广核技,化工原料,辽宁,19980902,000881.SZ,20070111,3.9,4.08,3.86,3.88,3.88,0.0,0.0,111484.49,44563.9547,4.5176,5.5255,1.64,26.4712,23.8964,1.544,0.6915,0.6481,1.2887,1.2887,30891.84,24677.7757,20176.3584,119860.3392,95749.7697,,,4.376
000881,中广核技,化工原料,辽宁,19980902,000881.SZ,20070110,3.82,3.9,3.77,3.88,3.82,0.06,1.57,70168.81,27017.2718,2.8434,3.4778,1.02,26.4712,23.8964,1.544,0.6915,0.6481,1.2887,1.2887,30891.84,24677.7757,20176.3584,119860.3392,95749.7697,,,4.376
000881,中广核技,化工原料,辽宁,19980902,000881.SZ,20070109,3.83,3.89,3.7,3.82,3.8,0.02,0.53,72598.75,27575.3752,2.9419,3.5982,1.05,26.0619,23.5269,1.5201,0.6808,0.6381,1.3089,1.3089,30891.84,24677.7757,20176.3584,118006.8288,94269.1032,,,4.376
000881,中广核技,化工原料,辽宁,19980902,000881.SZ,20070108,3.66,3.85,3.61,3.8,3.67,0.13,3.54,67054.18,25116.7404,2.7172,3.3234,0.89,25.9254,23.4037,1.5122,0.6772,0.6347,1.3158,1.3158,30891.84,24677.7757,20176.3584,117388.992,93775.5477,,,4.376
000881,中广核技,化工原料,辽宁,19980902,000881.SZ,20070105,3.48,3.7,3.44,3.67,3.5,0.17,4.86,62021.85,22308.204,2.5133,3.074,0.77,25.0385,22.603,1.4604,0.6541,0.613,1.3624,1.3624,30891.84,24677.7757,20176.3584,113373.0528,90567.4368,,,4.376
000881,中广核技,化工原料,辽宁,19980902,000881.SZ,20070104,3.5,3.56,3.44,3.5,3.51,-0.01,-0.28,68598.72,24061.5687,2.7798,3.4,0.7,23.8787,21.556,1.3928,0.6238,0.5846,1.4286,1.4286,30891.84,24677.7757,20176.3584,108121.44,86372.215,,,4.376
000881,中广核技,化工原料,辽宁,19980902,000881.SZ,20061229,3.46,3.58,3.44,3.51,3.48,0.03,0.86,75003.55,26271.7981,3.0393,3.7174,0.65,23.9469,21.6176,1.3968,0.6256,0.5863,2.849,1.4245,30891.84,24677.7757,20176.3584,108430.3584,86618.9927,,,4.376
000881,中广核技,化工原料,辽宁,19980902,000881.SZ,20061228,3.67,3.67,3.46,3.48,3.69,-0.21,-5.69,73592.68,26088.5434,2.9821,3.6475,0.46,23.7422,21.4328,1.3848,0.6202,0.5813,2.8736,1.4368,30891.84,24677.7757,20176.3584,107503.6032,85878.6594,,,4.376
000881,中广核技,化工原料,辽宁,19980902,000881.SZ,20061227,3.68,3.74,3.48,3.69,3.75,-0.06,-1.6,98224.92,35696.8829,3.9803,4.8683,0.54,25.1749,22.7262,1.4684,0.6576,0.6164,2.71,1.355,30891.84,24677.7757,20176.3584,113990.8896,91060.9923,,,4.376
000881,中广核技,化工原料,辽宁,19980902,000881.SZ,20061226,3.96,3.99,3.73,3.75,3.94,-0.19,-4.82,84960.96,32264.4262,4.2109,4.2109,0.49,25.5843,23.0957,1.4923,0.6683,0.6264,2.6667,1.3333,30891.84,20176.3584,20176.3584,115844.4,75661.344,,,4.376
000881,中广核技,化工原料,辽宁,19980902,000881.SZ,20061225,3.71,4.09,3.67,3.94,3.75,0.19,5.07,161635.07,63926.594,8.0111,8.0111,1.09,26.8806,24.2659,1.5679,0.7022,0.6581,2.5381,1.269,30891.84,20176.3584,20176.3584,121713.8496,79494.8521,,,4.376
000881,中广核技,化工原料,辽宁,19980902,000881.SZ,20061222,3.88,3.95,3.7,3.75,3.94,-0.19,-4.82,157877.25,60164.3154,7.8249,7.8249,1.3,25.5843,23.0957,1.4923,0.6683,0.6264,2.6667,1.3333,30891.84,20176.3584,20176.3584,115844.4,75661.344,,,4.376
000881,中广核技,化工原料,辽宁,19980902,000881.SZ,20061221,3.71,3.94,3.67,3.94,3.58,0.36,10.06,304723.65,118161.0687,15.103,15.103,4.72,26.8806,24.2659,1.5679,0.7022,0.6581,2.5381,1.269,30891.84,20176.3584,20176.3584,121713.8496,79494.8521,,,4.376
000881,中广核技,化工原料,辽宁,19980902,000881.SZ,20061220,3.25,3.58,3.2,3.58,3.25,0.33,10.15,208581.36,72266.7657,10.3379,10.3379,8.01,24.4245,22.0487,1.4246,0.638,0.598,2.7933,1.3966,30891.84,20176.3584,20176.3584,110592.7872,72231.3631,,,4.376
000881,中广核技,化工原料,辽宁,19980902,000881.SZ,20061219,3.27,3.28,3.2,3.25,3.27,-0.02,-0.61,29741.3,9604.172,1.4741,1.4741,1.25,22.1731,20.0163,1.2933,0.5792,0.5429,3.0769,1.5385,30891.84,20176.3584,20176.3584,100398.48,65573.1648,,,4.376
000881,中广核技,化工原料,辽宁,19980902,000881.SZ,20061218,3.22,3.27,3.2,3.27,3.22,0.05,1.55,38605.22,12520.9724,1.9134,1.9134,1.99,22.3095,20.1395,1.3013,0.5828,0.5462,3.0581,1.5291,30891.84,20176.3584,20176.3584,101016.3168,65976.692,,,4.376
000881,中广核技,化工原料,辽宁,19980902,000881.SZ,20061215,3.2,3.24,3.17,3.22,3.19,0.03,0.94,24511.2,7852.7493,1.2148,1.2148,1.18,21.9684,19.8315,1.2814,0.5739,0.5379,3.1056,1.5528,30891.84,20176.3584,20176.3584,99471.7248,64967.874,,,4.376
000881,中广核技,化工原料,辽宁,19980902,000881.SZ,20061214,3.17,3.2,3.13,3.19,3.17,0.02,0.63,21477.9,6817.7696,1.0645,1.0645,0.87,21.7637,19.6468,1.2694,0.5685,0.5329,3.1348,1.5674,30891.84,20176.3584,20176.3584,98544.9696,64362.5833,,,4.376
000881,中广核技,化工原料,辽宁,19980902,000881.SZ,20061213,3.14,3.17,3.12,3.17,3.16,0.01,0.32,15814.61,4967.3583,0.7838,0.7838,0.52,21.6273,19.5236,1.2615,0.565,0.5295,3.1546,1.5773,30891.84,20176.3584,20176.3584,97927.1328,63959.0561,,,4.376
000881,中广核技,化工原料,辽宁,19980902,000881.SZ,20061212,3.19,3.19,3.11,3.16,3.17,-0.01,-0.32,18256.02,5752.0343,0.9048,0.9048,0.51,21.559,19.462,1.2575,0.5632,0.5278,3.1646,1.5823,30891.84,20176.3584,20176.3584,97618.2144,63757.2925,,,4.376
000881,中广核技,化工原料,辽宁,19980902,000881.SZ,20061211,3.1,3.17,3.09,3.17,3.12,0.05,1.6,16939.18,5321.7729,0.8396,0.8396,0.41,21.6273,19.5236,1.2615,0.565,0.5295,3.1546,1.5773,30891.84,20176.3584,20176.3584,97927.1328,63959.0561,,,4.376
000881,中广核技,化工原料,辽宁,19980902,000881.SZ,20061208,3.24,3.24,3.11,3.12,3.24,-0.12,-3.7,31413.6,9974.4837,1.557,1.557,0.75,21.2861,19.2157,1.2416,0.5561,0.5212,3.2051,1.6026,30891.84,20176.3584,20176.3584,96382.5408,62950.2382,,,4.376
000881,中广核技,化工原料,辽宁,19980902,000881.SZ,20061207,3.18,3.32,3.18,3.24,3.21,0.03,0.93,40375.1,13106.7912,2.0011,2.0011,0.94,22.1048,19.9547,1.2893,0.5774,0.5412,3.0864,1.5432,30891.84,20176.3584,20176.3584,100089.5616,65371.4012,,,4.376
000881,中广核技,化工原料,辽宁,19980902,000881.SZ,20061206,3.3,3.32,3.15,3.21,3.3,-0.09,-2.73,45680.75,14699.6234,2.2641,2.2641,1.19,21.9002,19.77,1.2774,0.5721,0.5362,3.1153,1.5576,30891.84,20176.3584,20176.3584,99162.8064,64766.1105,,,4.376
000881,中广核技,化工原料,辽宁,19980902,000881.SZ,20061205,3.29,3.34,3.27,3.3,3.28,0.02,0.61,44798.83,14807.1145,2.2204,2.2204,1.34,22.5142,20.3243,1.3132,0.5881,0.5512,3.0303,1.5152,30891.84,20176.3584,20176.3584,101943.072,66581.9827,,,4.376
000881,中广核技,化工原料,辽宁,19980902,000881.SZ,20061204,3.23,3.3,3.22,3.28,3.24,0.04,1.23,42490.65,13908.1732,2.106,2.106,1.49,22.3777,20.2011,1.3052,0.5846,0.5479,3.0488,1.5244,30891.84,20176.3584,20176.3584,101325.2352,66178.4556,,,4.376
000881,中广核技,化工原料,辽宁,19980902,000881.SZ,20061201,3.25,3.29,3.2,3.24,3.25,-0.01,-0.31,35375.61,11500.3884,1.7533,1.7533,1.32,22.1048,19.9547,1.2893,0.5774,0.5412,3.0864,1.5432,30891.84,20176.3584,20176.3584,100089.5616,65371.4012,,,4.376
000881,中广核技,化工原料,辽宁,19980902,000881.SZ,20061130,3.18,3.28,3.15,3.25,3.19,0.06,1.88,46592.67,15065.3305,2.3093,2.3093,1.79,22.1731,20.0163,1.2933,0.5792,0.5429,3.0769,1.5385,30891.84,20176.3584,20176.3584,100398.48,65573.1648,,,4.376
000881,中广核技,化工原料,辽宁,19980902,000881.SZ,20061129,3.18,3.22,3.13,3.19,3.19,0.0,0.0,23270.59,7399.6668,1.1534,1.1534,0.87,21.7637,19.6468,1.2694,0.5685,0.5329,3.1348,1.5674,30891.84,20176.3584,20176.3584,98544.9696,64362.5833,,,4.376
000881,中广核技,化工原料,辽宁,19980902,000881.SZ,20061128,3.25,3.25,3.16,3.19,3.23,-0.04,-1.24,19409.52,6223.4487,0.962,0.962,0.77,21.7637,19.6468,1.2694,0.5685,0.5329,3.1348,1.5674,30891.84,20176.3584,20176.3584,98544.9696,64362.5833,,,4.376
000881,中广核技,化工原料,辽宁,19980902,000881.SZ,20061127,3.25,3.25,3.18,3.23,3.23,0.0,0.0,17461.38,5608.3512,0.8654,0.8654,0.72,22.0366,19.8931,1.2853,0.5757,0.5395,3.096,1.548,30891.84,20176.3584,20176.3584,99780.6432,65169.6376,,,4.376
000881,中广核技,化工原料,辽宁,19980902,000881.SZ,20061124,3.18,3.26,3.13,3.23,3.19,0.04,1.25,26949.89,8654.1333,1.3357,1.3357,1.25,22.0366,19.8931,1.2853,0.5757,0.5395,3.096,1.548,30891.84,20176.3584,20176.3584,99780.6432,65169.6376,,,4.376
000881,中广核技,化工原料,辽宁,19980902,000881.SZ,20061123,3.15,3.23,3.15,3.19,3.15,0.04,1.27,43280.79,13772.5974,2.1451,2.1451,2.78,21.7637,19.6468,1.2694,0.5685,0.5329,3.1348,1.5674,30891.84,20176.3584,20176.3584,98544.9696,64362.5833,,,4.376
000881,中广核技,化工原料,辽宁,19980902,000881.SZ,20061122,3.07,3.15,3.03,3.15,3.07,0.08,2.61,27330.27,8426.5879,1.3546,1.3546,2.2,21.4908,19.4004,1.2535,0.5614,0.5262,3.1746,1.5873,30891.84,20176.3584,20176.3584,97309.296,63555.529,,,4.376
000881,中广核技,化工原料,辽宁,19980902,000881.SZ,20061121,3.08,3.08,3.02,3.07,3.06,0.01,0.33,10302.45,3137.0115,0.5106,0.5106,0.82,20.945,18.9077,1.2217,0.5471,0.5128,3.2573,1.6287,30891.84,20176.3584,20176.3584,94837.9488,61941.4203,,,4.376
000881,中广核技,化工原料,辽宁,19980902,000881.SZ,20061120,3.04,3.1,3.02,3.06,3.04,0.02,0.66,14146.99,4327.3301,0.7012,0.7012,1.04,20.8768,18.8461,1.2177,0.5454,0.5111,3.268,1.634,30891.84,20176.3584,20176.3584,94529.0304,61739.6567,,,4.376
000881,中广核技,化工原料,辽宁,19980902,000881.SZ,20061117,3.02,3.07,3.0,3.04,3.02,0.02,0.66,12607.82,3814.8616,0.6249,0.6249,0.83,20.7403,18.7229,1.2097,0.5418,0.5078,3.2895,1.6447,30891.84,20176.3584,20176.3584,93911.1936,61336.1295,,,4.376
000881,中广核技,化工原料,辽宁,19980902,000881.SZ,20061116,3.08,3.1,3.01,3.02,3.08,-0.06,-1.95,13488.32,4118.5709,0.6685,0.6685,0.82,20.6039,18.5998,1.2018,0.5382,0.5045,3.3113,1.6556,30891.84,20176.3584,20176.3584,93293.3568,60932.6024,,,4.376
000881,中广核技,化工原料,辽宁,19980902,000881.SZ,20061115,3.06,3.1,3.0,3.08,3.06,0.02,0.65,11627.3,3556.7903,0.5763,0.5763,0.71,21.0132,18.9693,1.2257,0.5489,0.5145,3.2468,1.6234,30891.84,20176.3584,20176.3584,95146.8672,62143.1839,,,4.376
000881,中广核技,化工原料,辽宁,19980902,000881.SZ,20061114,3.03,3.07,3.0,3.06,3.01,0.05,1.66,11077.98,3359.021,0.5491,0.5491,0.54,20.8768,18.8461,1.2177,0.5454,0.5111,3.268,1.634,30891.84,20176.3584,20176.3584,94529.0304,61739.6567,,,4.376
000881,中广核技,化工原料,辽宁,19980902,000881.SZ,20061113,3.13,3.15,2.99,3.01,3.15,-0.14,-4.44,18930.06,5794.5111,0.9382,0.9382,0.88,20.5357,18.5382,1.1978,0.5364,0.5028,3.3223,1.6611,30891.84,20176.3584,20176.3584,92984.4384,60730.8388,,,4.376
000881,中广核技,化工原料,辽宁,19980902,000881.SZ,20061110,3.23,3.23,3.12,3.15,3.23,-0.08,-2.48,21220.83,6718.7611,1.0518,1.0518,0.79,21.4908,19.4004,1.2535,0.5614,0.5262,3.1746,1.5873,30891.84,20176.3584,20176.3584,97309.296,63555.529,,,4.376
000881,中广核技,化工原料,辽宁,19980902,000881.SZ,20061109,3.17,3.23,3.15,3.23,3.17,0.06,1.89,18919.98,6025.373,0.9377,0.9377,0.58,22.0366,19.8931,1.2853,0.5757,0.5395,3.096,1.548,30891.84,20176.3584,20176.3584,99780.6432,65169.6376,,,4.376
000881,中广核技,化工原料,辽宁,19980902,000881.SZ,20061108,3.19,3.21,3.16,3.17,3.18,-0.01,-0.31,11588.78,3695.4024,0.5744,0.5744,0.33,21.6273,19.5236,1.2615,0.565,0.5295,3.1546,1.5773,30891.84,20176.3584,20176.3584,97927.1328,63959.0561,,,4.376
000881,中广核技,化工原料,辽宁,19980902,000881.SZ,20061107,3.26,3.27,3.15,3.18,3.26,-0.08,-2.45,31044.47,9895.1166,1.5387,1.5387,0.94,21.6955,19.5852,1.2654,0.5667,0.5312,3.1447,1.5723,30891.84,20176.3584,20176.3584,98236.0512,64160.8197,,,4.376
000881,中广核技,化工原料,辽宁,19980902,000881.SZ,20061106,3.3,3.33,3.25,3.26,3.34,-0.08,-2.4,24506.7,8036.8174,1.2146,1.2146,0.74,22.2413,20.0779,1.2973,0.581,0.5445,3.0675,1.5337,30891.84,20176.3584,20176.3584,100707.3984,65774.9284,,,4.376
000881,中广核技,化工原料,辽宁,19980902,000881.SZ,20061103,3.33,3.43,3.3,3.34,3.33,0.01,0.3,48763.62,16418.9202,2.4169,2.4169,1.17,22.7871,20.5706,1.3291,0.5953,0.5579,2.994,1.497,30891.84,20176.3584,20176.3584,103178.7456,67389.0371,,,4.376
000881,中广核技,化工原料,辽宁,19980902,000881.SZ,20061102,3.29,3.36,3.25,3.33,3.28,0.05,1.52,47580.71,15769.3741,2.3582,2.3582,1.3,22.7189,20.509,1.3251,0.5935,0.5562,3.003,1.5015,30891.84,20176.3584,20176.3584,102869.8272,67187.2735,,,4.376
000881,中广核技,化工原料,辽宁,19980902,000881.SZ,20061101,3.28,3.3,3.25,3.28,3.28,0.0,0.0,21255.53,6964.7002,1.0535,1.0535,0.59,22.3777,20.2011,1.3052,0.5846,0.5479,3.0488,1.5244,30891.84,20176.3584,20176.3584,101325.2352,66178.4556,,,4.376
000881,中广核技,化工原料,辽宁,19980902,000881.SZ,20061031,3.28,3.29,3.23,3.28,3.29,-0.01,-0.3,23299.68,7588.6871,1.1548,1.1548,0.66,22.3777,20.2011,1.3052,0.5846,0.5479,3.0488,1.5244,30891.84,20176.3584,20176.3584,101325.2352,66178.4556,,,4.376
000881,中广核技,化工原料,辽宁,19980902,000881.SZ,20061030,3.26,3.3,3.21,3.29,3.24,0.05,1.54,24012.89,7825.1288,1.1901,1.1901,0.68,22.446,20.2627,1.3092,0.5864,0.5496,3.0395,1.5198,30891.84,20176.3584,20176.3584,101634.1536,66380.2191,,,4.376
000881,中广核技,化工原料,辽宁,19980902,000881.SZ,20061027,3.21,3.33,3.19,3.24,3.18,0.06,1.89,93004.48,30387.9297,4.6096,4.6096,4.6,22.1048,24.6252,1.323,0.5774,0.5584,3.0864,1.5432,30891.84,20176.3584,20176.3584,100089.5616,65371.4012,,,4.376
000881,中广核技,化工原料,辽宁,19980902,000881.SZ,20061026,3.23,3.23,3.15,3.18,3.23,-0.05,-1.55,21818.46,6957.1035,1.0814,1.0814,1.05,21.6955,24.1692,1.2985,0.5667,0.5481,3.1447,1.5723,30891.84,20176.3584,20176.3584,98236.0512,64160.8197,,,4.376
000881,中广核技,化工原料,辽宁,19980902,000881.SZ,20061025,3.21,3.23,3.13,3.23,3.21,0.02,0.62,17869.05,5682.9324,0.8856,0.8856,0.89,22.0366,24.5492,1.3189,0.5757,0.5567,3.096,1.548,30891.84,20176.3584,20176.3584,99780.6432,65169.6376,,,4.376
000881,中广核技,化工原料,辽宁,19980902,000881.SZ,20061024,3.1,3.22,3.09,3.21,3.1,0.11,3.55,20347.18,6452.161,1.0085,1.0085,1.05,21.9002,24.3972,1.3107,0.5721,0.5533,3.1153,1.5576,30891.84,20176.3584,20176.3584,99162.8064,64766.1105,,,4.376
000881,中广核技,化工原料,辽宁,19980902,000881.SZ,20061023,3.25,3.25,3.08,3.1,3.25,-0.15,-4.62,24299.94,7698.881,1.2044,1.2044,1.39,21.1497,23.5612,1.2658,0.5525,0.5343,3.2258,1.6129,30891.84,20176.3584,20176.3584,95764.704,62546.711,,,4.376
000881,中广核技,化工原料,辽宁,19980902,000881.SZ,20061020,3.28,3.3,3.24,3.25,3.3,-0.05,-1.52,16798.27,5469.3129,0.8326,0.8326,1.02,22.1731,24.7013,1.327,0.5792,0.5602,3.0769,1.5385,30891.84,20176.3584,20176.3584,100398.48,65573.1648,,,4.376
000881,中广核技,化工原料,辽宁,19980902,000881.SZ,20061019,3.28,3.32,3.24,3.3,3.28,0.02,0.61,24350.63,7987.4987,1.2069,1.2069,1.46,22.5142,25.0813,1.3475,0.5881,0.5688,3.0303,1.5152,30891.84,20176.3584,20176.3584,101943.072,66581.9827,,,4.376
000881,中广核技,化工原料,辽宁,19980902,000881.SZ,20061018,3.22,3.28,3.21,3.28,3.22,0.06,1.86,14969.55,4865.3483,0.7419,0.7419,0.83,22.3777,24.9293,1.3393,0.5846,0.5653,3.0488,1.5244,30891.84,20176.3584,20176.3584,101325.2352,66178.4556,,,4.376
000881,中广核技,化工原料,辽宁,19980902,000881.SZ,20061017,3.24,3.27,3.21,3.22,3.24,-0.02,-0.62,16203.0,5256.705,0.8031,0.8031,0.5,21.9684,24.4732,1.3148,0.5739,0.555,3.1056,1.5528,30891.84,20176.3584,20176.3584,99471.7248,64967.874,,,4.376
000881,中广核技,化工原料,辽宁,19980902,000881.SZ,20061016,3.27,3.28,3.23,3.24,3.27,-0.03,-0.92,15000.12,4865.9909,0.7435,0.7435,0.4,22.1048,24.6252,1.323,0.5774,0.5584,3.0864,1.5432,30891.84,20176.3584,20176.3584,100089.5616,65371.4012,,,4.376
000881,中广核技,化工原料,辽宁,19980902,000881.SZ,20061013,3.27,3.29,3.24,3.27,3.27,0.0,0.0,11917.48,3891.5848,0.5907,0.5907,0.28,22.3095,24.8533,1.3352,0.5828,0.5636,3.0581,1.5291,30891.84,20176.3584,20176.3584,101016.3168,65976.692,,,4.376
000881,中广核技,化工原料,辽宁,19980902,000881.SZ,20061012,3.32,3.32,3.24,3.27,3.32,-0.05,-1.51,25180.65,8240.1931,1.248,1.248,0.61,22.3095,24.8533,1.3352,0.5828,0.5636,3.0581,1.5291,30891.84,20176.3584,20176.3584,101016.3168,65976.692,,,4.376
000881,中广核技,化工原料,辽宁,19980902,000881.SZ,20061011,3.35,3.35,3.29,3.32,3.34,-0.02,-0.6,21405.67,7080.6298,1.0609,1.0609,0.52,22.6506,25.2333,1.3556,0.5917,0.5722,3.012,1.506,30891.84,20176.3584,20176.3584,102560.9088,66985.5099,,,4.376
000881,中广核技,化工原料,辽宁,19980902,000881.SZ,20061010,3.34,3.36,3.29,3.34,3.3,0.04,1.21,87099.9,29000.7052,4.3169,4.3169,2.98,22.7871,25.3853,1.3638,0.5953,0.5757,2.994,1.497,30891.84,20176.3584,20176.3584,103178.7456,67389.0371,,,4.376
000881,中广核技,化工原料,辽宁,19980902,000881.SZ,20061009,3.28,3.32,3.24,3.3,3.24,0.06,1.85,42397.26,13945.8869,2.1013,2.1013,1.47,22.5142,25.0813,1.3475,0.5881,0.5688,3.0303,1.5152,30891.84,20176.3584,20176.3584,101943.072,66581.9827,,,4.376
000881,中广核技,化工原料,辽宁,19980902,000881.SZ,20060929,3.2,3.27,3.19,3.24,3.2,0.04,1.25,34411.14,11130.0384,1.7055,1.7055,1.01,22.1048,24.6252,1.323,0.5774,0.5584,3.0864,1.5432,30891.84,20176.3584,20176.3584,100089.5616,65371.4012,,,4.376
000881,中广核技,化工原料,辽宁,19980902,000881.SZ,20060928,3.23,3.24,3.18,3.2,3.21,-0.01,-0.31,21866.83,7002.7486,1.0838,1.0838,0.66,21.8319,24.3212,1.3066,0.5703,0.5516,3.125,1.5625,30891.84,20176.3584,20176.3584,98853.888,64564.3469,,,4.376
000881,中广核技,化工原料,辽宁,19980902,000881.SZ,20060927,3.18,3.22,3.17,3.21,3.2,0.01,0.31,18407.82,5873.9076,0.9123,0.9123,0.54,21.9002,24.3972,1.3107,0.5721,0.5533,3.1153,1.5576,30891.84,20176.3584,20176.3584,99162.8064,64766.1105,,,4.376
000881,中广核技,化工原料,辽宁,19980902,000881.SZ,20060926,3.27,3.28,3.17,3.2,3.28,-0.08,-2.44,29235.29,9408.0937,1.449,1.449,0.94,21.8319,24.3212,1.3066,0.5703,0.5516,3.125,1.5625,30891.84,20176.3584,20176.3584,98853.888,64564.3469,,,4.376
000881,中广核技,化工原料,辽宁,19980902,000881.SZ,20060925,3.25,3.28,3.16,3.28,3.25,0.03,0.92,40649.69,13112.2057,2.0147,2.0147,1.46,22.3777,24.9293,1.3393,0.5846,0.5653,3.0488,1.5244,30891.84,20176.3584,20176.3584,101325.2352,66178.4556,,,4.376
000881,中广核技,化工原料,辽宁,19980902,000881.SZ,20060922,3.18,3.28,3.16,3.25,3.18,0.07,2.2,60777.52,19707.7499,3.0123,3.0123,3.19,22.1731,24.7013,1.327,0.5792,0.5602,3.0769,1.5385,30891.84,20176.3584,20176.3584,100398.48,65573.1648,,,4.332
000881,中广核技,化工原料,辽宁,19980902,000881.SZ,20060921,3.21,3.23,3.16,3.18,3.21,-0.03,-0.93,17468.42,5556.0639,0.8658,0.8658,1.02,21.6955,24.1692,1.2985,0.5667,0.5481,3.1447,1.5723,30891.84,20176.3584,20176.3584,98236.0512,64160.8197,,,4.332
000881,中广核技,化工原料,辽宁,19980902,000881.SZ,20060920,3.18,3.25,3.15,3.21,3.18,0.03,0.94,21181.71,6786.9558,1.0498,1.0498,1.4,21.9002,24.3972,1.3107,0.5721,0.5533,3.1153,1.5576,30891.84,20176.3584,20176.3584,99162.8064,64766.1105,,,4.332
000881,中广核技,化工原料,辽宁,19980902,000881.SZ,20060919,3.22,3.22,3.17,3.18,3.2,-0.02,-0.63,15925.34,5082.6672,0.7893,0.7893,0.93,21.6955,24.1692,1.2985,0.5667,0.5481,3.1447,1.5723,30891.84,20176.3584,20176.3584,98236.0512,64160.8197,,,4.332
000881,中广核技,化工原料,辽宁,19980902,000881.SZ,20060918,3.18,3.22,3.16,3.2,3.17,0.03,0.95,23474.25,7510.436,1.1635,1.1635,1.64,21.8319,24.3212,1.3066,0.5703,0.5516,3.125,1.5625,30891.84,20176.3584,20176.3584,98853.888,64564.3469,,,4.332
000881,中广核技,化工原料,辽宁,19980902,000881.SZ,20060915,3.1,3.18,3.1,3.17,3.11,0.06,1.93,17224.1,5419.1935,0.8537,0.8537,1.36,21.6273,24.0932,1.2944,0.565,0.5464,3.1546,1.5773,30891.84,20176.3584,20176.3584,97927.1328,63959.0561,,,4.332
000881,中广核技,化工原料,辽宁,19980902,000881.SZ,20060914,3.13,3.15,3.09,3.11,3.14,-0.03,-0.96,7941.28,2468.5834,0.3936,0.3936,0.61,21.2179,23.6372,1.2699,0.5543,0.536,3.2154,1.6077,30891.84,20176.3584,20176.3584,96073.6224,62748.4746,,,4.332
000881,中广核技,化工原料,辽宁,19980902,000881.SZ,20060913,3.2,3.21,3.13,3.14,3.19,-0.05,-1.57,11107.91,3519.0175,0.5505,0.5505,0.8,21.4226,23.8652,1.2821,0.5596,0.5412,3.1847,1.5924,30891.84,20176.3584,20176.3584,97000.3776,63353.7654,,,4.332
000881,中广核技,化工原料,辽宁,19980902,000881.SZ,20060912,3.12,3.2,3.1,3.19,3.12,0.07,2.24,26002.45,8267.4463,1.2888,1.2888,1.3,21.7637,24.2452,1.3025,0.5685,0.5498,3.1348,1.5674,30891.84,20176.3584,20176.3584,98544.9696,64362.5833,,,4.332
000881,中广核技,化工原料,辽宁,19980902,000881.SZ,20060911,3.1,3.13,3.06,3.12,3.11,0.01,0.32,9155.09,2834.4626,0.4538,0.4538,0.42,21.2861,23.7132,1.274,0.5561,0.5378,3.2051,1.6026,30891.84,20176.3584,20176.3584,96382.5408,62950.2382,,,4.332
000881,中广核技,化工原料,辽宁,19980902,000881.SZ,20060908,3.11,3.14,3.1,3.11,3.12,-0.01,-0.32,9303.97,2899.4761,0.4611,0.4611,0.43,21.2179,23.6372,1.2699,0.5543,0.536,3.2154,1.6077,30891.84,20176.3584,20176.3584,96073.6224,62748.4746,,,4.332
000881,中广核技,化工原料,辽宁,19980902,000881.SZ,20060907,3.18,3.19,3.1,3.12,3.18,-0.06,-1.89,9846.72,3084.6392,0.488,0.488,0.43,21.2861,23.7132,1.274,0.5561,0.5378,3.2051,1.6026,30891.84,20176.3584,20176.3584,96382.5408,62950.2382,,,4.332
000881,中广核技,化工原料,辽宁,19980902,000881.SZ,20060906,3.17,3.2,3.14,3.18,3.2,-0.02,-0.63,14820.12,4694.9869,0.7345,0.7345,0.66,21.6955,24.1692,1.2985,0.5667,0.5481,3.1447,1.5723,30891.84,20176.3584,20176.3584,98236.0512,64160.8197,,,4.332
000881,中广核技,化工原料,辽宁,19980902,000881.SZ,20060905,3.17,3.27,3.17,3.2,3.14,0.06,1.91,56836.53,18291.9864,2.817,2.817,3.75,21.8319,24.3212,1.3066,0.5703,0.5516,3.125,1.5625,30891.84,20176.3584,20176.3584,98853.888,64564.3469,,,4.332
000881,中广核技,化工原料,辽宁,19980902,000881.SZ,20060904,3.04,3.16,3.04,3.14,3.04,0.1,3.29,16916.88,5241.0833,0.8385,0.8385,1.13,21.4226,23.8652,1.2821,0.5596,0.5412,3.1847,1.5924,30891.84,20176.3584,20176.3584,97000.3776,63353.7654,,,4.332
000881,中广核技,化工原料,辽宁,19980902,000881.SZ,20060901,3.12,3.14,3.03,3.04,3.14,-0.1,-3.18,10985.99,3365.0908,0.5445,0.5445,0.68,20.7403,23.1052,1.2413,0.5418,0.524,3.2895,1.6447,30891.84,20176.3584,20176.3584,93911.1936,61336.1295,,,4.332
000881,中广核技,化工原料,辽宁,19980902,000881.SZ,20060831,3.08,3.16,3.08,3.14,3.09,0.05,1.62,15794.08,4944.6827,0.7828,0.7828,1.07,21.4226,23.8652,1.2821,0.5596,0.5412,3.1847,1.5924,30891.84,20176.3584,20176.3584,97000.3776,63353.7654,,,4.332
000881,中广核技,化工原料,辽宁,19980902,000881.SZ,20060830,3.08,3.12,3.06,3.09,3.09,0.0,0.0,11296.85,3487.7002,0.5599,0.5599,0.76,21.0815,23.4852,1.2617,0.5507,0.5326,3.2362,1.6181,30891.84,20176.3584,20176.3584,95455.7856,62344.9475,,,4.332
000881,中广核技,化工原料,辽宁,19980902,000881.SZ,20060829,3.11,3.16,3.08,3.09,3.1,-0.01,-0.32,20872.97,6522.5124,1.0345,1.0345,1.61,21.0815,23.4852,1.2617,0.5507,0.5326,3.2362,1.6181,30891.84,20176.3584,20176.3584,95455.7856,62344.9475,,,4.332
000881,中广核技,化工原料,辽宁,19980902,000881.SZ,20060828,3.04,3.11,3.04,3.1,3.05,0.05,1.64,16052.65,4960.2981,0.7956,0.7956,1.27,21.1497,23.5612,1.2658,0.5525,0.5343,3.2258,1.6129,30891.84,20176.3584,20176.3584,95764.704,62546.711,,,4.332
000881,中广核技,化工原料,辽宁,19980902,000881.SZ,20060825,3.0,3.09,2.99,3.05,3.01,0.04,1.33,16731.16,5083.2157,0.8292,0.8292,1.49,20.8086,23.1812,1.2454,0.5436,0.5257,3.2787,1.6393,30891.84,20176.3584,20176.3584,94220.112,61537.8931,,,4.332
000881,中广核技,化工原料,辽宁,19980902,000881.SZ,20060824,2.99,3.02,2.96,3.01,3.0,0.01,0.33,9134.08,2731.72,0.4527,0.4527,0.66,20.5357,22.8772,1.229,0.5364,0.5188,3.3223,1.6611,30891.84,20176.3584,20176.3584,92984.4384,60730.8388,,,4.332
000881,中广核技,化工原料,辽宁,19980902,000881.SZ,20060823,3.03,3.03,2.99,3.0,3.04,-0.04,-1.32,11095.87,3340.6813,0.5499,0.5499,0.68,20.4674,22.8012,1.225,0.5347,0.5171,3.3333,1.6667,30891.84,20176.3584,20176.3584,92675.52,60529.0752,,,4.332
000881,中广核技,化工原料,辽宁,19980902,000881.SZ,20060822,3.01,3.07,2.97,3.04,3.01,0.03,1.0,11708.12,3556.4799,0.5803,0.5803,0.62,20.7403,23.1052,1.2413,0.5418,0.524,3.2895,1.6447,30891.84,20176.3584,20176.3584,93911.1936,61336.1295,,,4.332
000881,中广核技,化工原料,辽宁,19980902,000881.SZ,20060821,2.9,3.02,2.9,3.01,3.06,-0.05,-1.63,14296.22,4236.6851,0.7086,0.7086,0.5,20.5357,22.8772,1.229,0.5364,0.5188,3.3223,1.6611,30891.84,20176.3584,20176.3584,92984.4384,60730.8388,,,4.332
000881,中广核技,化工原料,辽宁,19980902,000881.SZ,20060818,3.05,3.11,3.05,3.06,3.09,-0.03,-0.97,9991.56,3076.8511,0.4952,0.4952,0.34,20.8768,23.2572,1.2495,0.5454,0.5274,3.268,1.634,30891.84,20176.3584,20176.3584,94529.0304,61739.6567,,,4.332
000881,中广核技,化工原料,辽宁,19980902,000881.SZ,20060817,3.13,3.14,3.06,3.09,3.13,-0.04,-1.28,21982.1,6810.2479,1.0895,1.0895,0.82,21.0815,23.4852,1.2617,0.5507,0.5326,3.2362,1.6181,30891.84,20176.3584,20176.3584,95455.7856,62344.9475,,,4.332
000881,中广核技,化工原料,辽宁,19980902,000881.SZ,20060816,3.1,3.15,3.04,3.13,3.09,0.04,1.29,23951.07,7430.7503,1.1871,1.1871,1.02,21.3544,23.7892,1.278,0.5578,0.5395,3.1949,1.5974,30891.84,20176.3584,20176.3584,96691.4592,63152.0018,,,4.332
000881,中广核技,化工原料,辽宁,19980902,000881.SZ,20060815,3.06,3.1,2.98,3.09,3.07,0.02,0.65,24546.13,7473.0632,1.2166,1.2166,1.11,21.0815,23.4852,1.2617,0.5507,0.5326,3.2362,1.6181,30891.84,20176.3584,20176.3584,95455.7856,62344.9475,,,4.332
000881,中广核技,化工原料,辽宁,19980902,000881.SZ,20060814,3.01,3.15,2.97,3.07,2.98,0.09,3.02,63484.06,19381.7934,3.1465,3.1465,5.1,20.945,23.3332,1.2535,0.5471,0.5291,3.2573,1.6287,30891.84,20176.3584,20176.3584,94837.9488,61941.4203,,,4.332
000881,中广核技,化工原料,辽宁,19980902,000881.SZ,20060811,2.94,2.99,2.9,2.98,2.94,0.04,1.36,13768.19,4055.5126,0.6824,0.6824,1.17,20.331,22.6491,1.2168,0.5311,0.5136,3.3557,1.6779,30891.84,20176.3584,20176.3584,92057.6832,60125.548,,,4.332
000881,中广核技,化工原料,辽宁,19980902,000881.SZ,20060810,2.9,2.95,2.88,2.94,2.9,0.04,1.38,7986.67,2337.7827,0.3958,0.3958,0.68,20.0581,22.3451,1.2005,0.524,0.5067,3.4014,1.7007,30891.84,20176.3584,20176.3584,90822.0096,59318.4937,,,4.332
000881,中广核技,化工原料,辽宁,19980902,000881.SZ,20060809,2.96,2.96,2.88,2.9,2.96,-0.06,-2.03,8147.36,2370.7166,0.4038,0.4038,0.65,19.7852,22.0411,1.1841,0.5168,0.4998,3.4483,1.7241,30891.84,20176.3584,20176.3584,89586.336,58511.4394,,,4.332
000881,中广核技,化工原料,辽宁,19980902,000881.SZ,20060808,2.85,2.98,2.84,2.96,2.85,0.11,3.86,17363.65,5027.9182,0.8606,0.8606,1.43,20.1945,22.4971,1.2086,0.5275,0.5102,3.3784,1.6892,30891.84,20176.3584,20176.3584,91439.8464,59722.0209,,,4.332
000881,中广核技,化工原料,辽宁,19980902,000881.SZ,20060807,2.89,2.89,2.79,2.85,2.89,-0.04,-1.38,14988.99,4222.0024,0.7429,0.7429,1.07,19.4441,21.6611,1.1637,0.5079,0.4912,3.5088,1.7544,30891.84,20176.3584,20176.3584,88041.744,57502.6214,,,4.332
000881,中广核技,化工原料,辽宁,19980902,000881.SZ,20060804,3.0,3.0,2.88,2.89,2.99,-0.1,-3.34,10426.6,3063.2414,0.5168,0.5168,0.68,19.717,21.9651,1.18,0.5151,0.4981,3.4602,1.7301,30891.84,20176.3584,20176.3584,89277.4176,58309.6758,,,4.332
000881,中广核技,化工原料,辽宁,19980902,000881.SZ,20060803,2.98,3.02,2.94,2.99,2.97,0.02,0.67,7712.58,2294.6371,0.3823,0.3823,0.45,20.3992,22.7252,1.2209,0.5329,0.5154,3.3445,1.6722,30891.84,20176.3584,20176.3584,92366.6016,60327.3116,,,4.332
000881,中广核技,化工原料,辽宁,19980902,000881.SZ,20060802,3.01,3.03,2.91,2.97,3.01,-0.04,-1.33,12625.36,3748.592,0.6258,0.6258,0.63,20.2628,22.5731,1.2127,0.5293,0.5119,3.367,1.6835,30891.84,20176.3584,20176.3584,91748.7648,59923.7844,,,4.332
000881,中广核技,化工原料,辽宁,19980902,000881.SZ,20060801,3.0,3.06,2.99,3.01,3.01,0.0,0.0,14832.4,4477.6886,0.7351,0.7351,0.61,20.5357,22.8772,1.229,0.5364,0.5188,3.3223,1.6611,30891.84,20176.3584,20176.3584,92984.4384,60730.8388,,,4.332
000881,中广核技,化工原料,辽宁,19980902,000881.SZ,20060731,3.13,3.14,3.0,3.01,3.13,-0.12,-3.83,24630.22,7501.3445,1.2207,1.2207,1.06,20.5357,22.8772,1.229,0.5364,0.5188,3.3223,1.6611,30891.84,20176.3584,20176.3584,92984.4384,60730.8388,,,4.332
000881,中广核技,化工原料,辽宁,19980902,000881.SZ,20060728,3.18,3.19,3.1,3.13,3.19,-0.06,-1.88,16595.85,5196.7302,0.8225,0.8225,0.74,21.3544,23.7892,1.278,0.5578,0.5395,3.1949,1.5974,30891.84,20176.3584,20176.3584,96691.4592,63152.0018,,,4.332
000881,中广核技,化工原料,辽宁,19980902,000881.SZ,20060727,3.27,3.29,3.15,3.19,3.26,-0.07,-2.15,17963.88,5761.9724,0.8903,0.8903,0.8,21.7637,24.2452,1.3025,0.5685,0.5498,3.1348,1.5674,30891.84,20176.3584,20176.3584,98544.9696,64362.5833,,,4.332
000881,中广核技,化工原料,辽宁,19980902,000881.SZ,20060726,3.23,3.33,3.23,3.26,3.23,0.03,0.93,25842.87,8477.1067,1.2808,1.2808,1.22,22.2413,24.7773,1.3311,0.581,0.5619,3.0675,1.5337,30891.84,20176.3584,20176.3584,100707.3984,65774.9284,,,4.332
000881,中广核技,化工原料,辽宁,19980902,000881.SZ,20060725,3.2,3.28,3.15,3.23,3.18,0.05,1.57,35986.66,11608.2995,1.7836,1.7836,2.1,22.0366,24.5492,1.3189,0.5757,0.5567,3.096,1.548,30891.84,20176.3584,20176.3584,99780.6432,65169.6376,,,4.332
000881,中广核技,化工原料,辽宁,19980902,000881.SZ,20060724,3.14,3.18,3.06,3.18,3.16,0.02,0.63,19381.83,6035.8225,0.9606,0.9606,1.17,21.6955,21.4223,1.2889,0.5667,0.5627,3.1447,1.5723,30891.84,20176.3584,20176.3584,98236.0512,64160.8197,,,4.332
000881,中广核技,化工原料,辽宁,19980902,000881.SZ,20060721,3.14,3.17,3.12,3.16,3.14,0.02,0.64,13665.86,4310.937,0.6773,0.6773,0.68,21.559,21.2876,1.2808,0.5632,0.5591,3.1646,1.5823,30891.84,20176.3584,20176.3584,97618.2144,63757.2925,,,4.332
000881,中广核技,化工原料,辽宁,19980902,000881.SZ,20060720,3.11,3.14,3.08,3.14,3.12,0.02,0.64,16778.18,5224.7397,0.8316,0.8316,0.62,21.4226,21.1529,1.2727,0.5596,0.5556,3.1847,1.5924,30891.84,20176.3584,20176.3584,97000.3776,63353.7654,,,4.332
000881,中广核技,化工原料,辽宁,19980902,000881.SZ,20060719,3.2,3.21,3.11,3.12,3.22,-0.1,-3.11,19842.6,6251.4855,0.9835,0.9835,0.57,21.2861,21.0181,1.2646,0.5561,0.552,3.2051,1.6026,30891.84,20176.3584,20176.3584,96382.5408,62950.2382,,,4.332
000881,中广核技,化工原料,辽宁,19980902,000881.SZ,20060718,3.2,3.23,3.15,3.22,3.2,0.02,0.63,16167.05,5144.2928,0.8013,0.8013,0.29,21.9684,21.6918,1.3051,0.5739,0.5697,3.1056,1.5528,30891.84,20176.3584,20176.3584,99471.7248,64967.874,,,4.332
000881,中广核技,化工原料,辽宁,19980902,000881.SZ,20060717,3.16,3.2,3.11,3.2,3.16,0.04,1.27,16510.66,5226.7429,0.8183,0.8183,0.27,21.8319,21.5571,1.297,0.5703,0.5662,3.125,1.5625,30891.84,20176.3584,20176.3584,98853.888,64564.3469,,,4.332
000881,中广核技,化工原料,辽宁,19980902,000881.SZ,20060714,3.18,3.23,3.15,3.21,3.18,0.03,0.94,31013.67,9892.9553,1.5371,1.5371,0.49,21.9002,21.6244,1.3011,0.5721,0.568,3.1153,,30891.84,20176.3584,20176.3584,99162.8064,64766.1105,,,4.332
000881,中广核技,化工原料,辽宁,19980902,000881.SZ,20060713,3.45,3.46,3.18,3.18,3.46,-0.28,-8.09,52392.44,17282.6888,2.5967,2.5967,0.88,21.6955,21.4223,1.2889,0.5667,0.5627,3.1447,3.1447,30891.84,20176.3584,20176.3584,98236.0512,64160.8197,,,4.332
000881,中广核技,化工原料,辽宁,19980902,000881.SZ,20060712,3.52,3.55,3.44,3.46,3.51,-0.05,-1.42,56768.0,19762.0116,2.8136,2.8136,1.07,23.6058,23.3086,1.4024,0.6166,0.6122,2.8902,2.8902,30891.84,20176.3584,20176.3584,106885.7664,69810.2001,,,4.332
000881,中广核技,化工原料,辽宁,19980902,000881.SZ,20060711,3.45,3.54,3.43,3.51,3.41,0.1,2.93,124798.97,43606.2173,6.1854,6.1854,3.58,23.9469,23.6454,1.4227,0.6256,0.621,2.849,2.849,30891.84,20176.3584,20176.3584,108430.3584,70819.018,,,4.332
000881,中广核技,化工原料,辽宁,19980902,000881.SZ,20060710,3.38,3.43,3.31,3.41,3.37,0.04,1.19,35541.99,12038.4727,1.7616,1.7616,1.01,23.2646,22.9717,1.3821,0.6077,0.6033,2.9326,2.9326,30891.84,20176.3584,20176.3584,105341.1744,68801.3821,,,4.332
000881,中广核技,化工原料,辽宁,19980902,000881.SZ,20060707,3.38,3.43,3.32,3.37,3.34,0.03,0.9,44142.62,14863.1235,2.1878,2.1878,1.35,22.9917,22.7023,1.3659,0.6006,0.5963,2.9674,2.9674,30891.84,20176.3584,20176.3584,104105.5008,67994.3278,,,4.332
000881,中广核技,化工原料,辽宁,19980902,000881.SZ,20060706,3.29,3.37,3.23,3.34,3.22,0.12,3.73,36313.98,12041.483,1.7998,1.7998,1.0,22.7871,22.5002,1.3538,0.5953,0.591,2.994,2.994,30891.84,20176.3584,20176.3584,103178.7456,67389.0371,,,4.332
000881,中广核技,化工原料,辽宁,19980902,000881.SZ,20060705,3.29,3.29,3.2,3.22,3.29,-0.07,-2.13,23813.84,7704.4308,1.1803,1.1803,0.67,21.9684,21.6918,1.3051,0.5739,0.5697,3.1056,3.1056,30891.84,20176.3584,20176.3584,99471.7248,64967.874,,,4.332
000881,中广核技,化工原料,辽宁,19980902,000881.SZ,20060704,3.38,3.4,3.27,3.29,3.37,-0.08,-2.37,34495.2,11456.5685,1.7097,1.7097,1.03,22.446,22.1634,1.3335,0.5864,0.5821,3.0395,3.0395,30891.84,20176.3584,20176.3584,101634.1536,66380.2191,,,4.332
000881,中广核技,化工原料,辽宁,19980902,000881.SZ,20060703,3.34,3.39,3.32,3.37,3.34,0.03,0.9,37103.73,12454.3588,1.839,1.839,1.08,22.9917,22.7023,1.3659,0.6006,0.5963,2.9674,2.9674,30891.84,20176.3584,20176.3584,104105.5008,67994.3278,,,4.332
000881,中广核技,化工原料,辽宁,19980902,000881.SZ,20060630,3.37,3.38,3.28,3.34,3.35,-0.01,-0.3,32133.28,10669.2622,1.5926,1.5926,0.97,22.7871,22.5002,1.3538,0.5953,0.591,2.994,2.994,30891.84,20176.3584,20176.3584,103178.7456,67389.0371,,,4.332
000881,中广核技,化工原料,辽宁,19980902,000881.SZ,20060629,3.25,3.37,3.24,3.35,3.24,0.11,3.4,53181.7,17630.4757,2.6358,2.6358,2.08,22.8553,22.5675,1.3578,0.597,0.5927,2.9851,2.9851,30891.84,20176.3584,20176.3584,103487.664,67590.8006,,,4.332
000881,中广核技,化工原料,辽宁,19980902,000881.SZ,20060628,3.25,3.28,3.2,3.24,3.27,-0.03,-0.92,19510.25,6308.8261,0.967,0.967,0.73,22.1048,21.8265,1.3132,0.5774,0.5733,3.0864,3.0864,30891.84,20176.3584,20176.3584,100089.5616,65371.4012,,,4.332
000881,中广核技,化工原料,辽宁,19980902,000881.SZ,20060627,3.28,3.29,3.2,3.27,3.29,-0.02,-0.61,25860.13,8410.2616,1.2817,1.2817,0.95,22.3095,22.0286,1.3254,0.5828,0.5786,3.0581,3.0581,30891.84,20176.3584,20176.3584,101016.3168,65976.692,,,4.332
000881,中广核技,化工原料,辽宁,19980902,000881.SZ,20060626,3.25,3.3,3.22,3.29,3.24,0.05,1.54,41108.04,13449.3061,2.0374,2.0374,1.29,22.446,22.1634,1.3335,0.5864,0.5821,3.0395,3.0395,30891.84,20176.3584,20176.3584,101634.1536,66380.2191,,,4.332
000881,中广核技,化工原料,辽宁,19980902,000881.SZ,20060623,3.15,3.25,3.12,3.24,3.17,0.07,2.21,26744.9,8485.3689,1.3256,1.3256,0.77,22.1048,21.8265,1.3132,0.5774,0.5733,3.0864,3.0864,30891.84,20176.3584,20176.3584,100089.5616,65371.4012,,,4.332
000881,中广核技,化工原料,辽宁,19980902,000881.SZ,20060622,3.18,3.22,3.14,3.17,3.18,-0.01,-0.31,14424.84,4569.9951,0.7149,0.7149,0.42,21.6273,21.355,1.2849,0.565,0.5609,3.1546,3.1546,30891.84,20176.3584,20176.3584,97927.1328,63959.0561,,,4.332
000881,中广核技,化工原料,辽宁,19980902,000881.SZ,20060621,3.22,3.27,3.17,3.18,3.25,-0.07,-2.15,25428.0,8142.5545,1.2603,1.2603,0.78,21.6955,21.4223,1.2889,0.5667,0.5627,3.1447,3.1447,30891.84,20176.3584,20176.3584,98236.0512,64160.8197,,,4.332
000881,中广核技,化工原料,辽宁,19980902,000881.SZ,20060620,3.28,3.33,3.23,3.25,3.33,-0.08,-2.4,28797.91,9381.3984,1.4273,1.4273,0.97,22.1731,21.8939,1.3173,0.5792,0.575,3.0769,3.0769,30891.84,20176.3584,20176.3584,100398.48,65573.1648,,,4.332
000881,中广核技,化工原料,辽宁,19980902,000881.SZ,20060619,3.29,3.45,3.16,3.33,3.29,0.04,1.22,63883.91,21134.3522,3.1663,3.1663,3.22,22.7189,22.4328,1.3497,0.5935,0.5892,3.003,3.003,30891.84,20176.3584,20176.3584,102869.8272,67187.2735,,,4.332
000881,中广核技,化工原料,辽宁,19980902,000881.SZ,20060616,3.18,3.33,3.16,3.29,3.15,0.14,4.44,40763.68,13269.3401,2.0204,2.0204,2.12,22.446,22.1634,1.3335,0.5864,0.5821,3.0395,3.0395,30891.84,20176.3584,20176.3584,101634.1536,66380.2191,,,4.332
000881,中广核技,化工原料,辽宁,19980902,000881.SZ,20060615,3.1,3.18,3.1,3.15,3.09,0.06,1.94,13215.93,4142.99,0.655,0.655,0.53,21.4908,21.2202,1.2768,0.5614,0.5573,3.1746,3.1746,30891.84,20176.3584,20176.3584,97309.296,63555.529,,,4.332
000881,中广核技,化工原料,辽宁,19980902,000881.SZ,20060614,3.13,3.13,3.01,3.09,3.13,-0.04,-1.28,16255.32,4985.6737,0.8057,0.8057,0.49,21.0815,20.816,1.2524,0.5507,0.5467,3.2362,3.2362,30891.84,20176.3584,20176.3584,95455.7856,62344.9475,,,4.332
000881,中广核技,化工原料,辽宁,19980902,000881.SZ,20060613,3.18,3.19,3.1,3.13,3.15,-0.02,-0.63,13776.48,4329.9414,0.6828,0.6828,0.35,21.3544,21.0855,1.2687,0.5578,0.5538,3.1949,3.1949,30891.84,20176.3584,20176.3584,96691.4592,63152.0018,,,4.332
000881,中广核技,化工原料,辽宁,19980902,000881.SZ,20060612,3.11,3.18,3.08,3.15,3.11,0.04,1.29,15322.12,4817.4893,0.7594,0.7594,0.33,21.4908,21.2202,1.2768,0.5614,0.5573,3.1746,3.1746,30891.84,20176.3584,20176.3584,97309.296,63555.529,,,4.332
000881,中广核技,化工原料,辽宁,19980902,000881.SZ,20060609,3.22,3.25,3.1,3.11,3.21,-0.1,-3.12,37413.66,11913.211,1.8543,1.8543,0.69,21.2179,20.9508,1.2606,0.5543,0.5503,3.2154,3.2154,30891.84,20176.3584,20176.3584,96073.6224,62748.4746,,,4.332
000881,中广核技,化工原料,辽宁,19980902,000881.SZ,20060608,3.14,3.24,3.08,3.21,3.16,0.05,1.58,41275.01,12991.4695,2.0457,2.0457,0.72,21.9002,21.6244,1.3011,0.5721,0.568,3.1153,3.1153,30891.84,20176.3584,20176.3584,99162.8064,64766.1105,,,4.332
000881,中广核技,化工原料,辽宁,19980902,000881.SZ,20060607,3.5,3.5,3.14,3.16,3.49,-0.33,-9.46,59509.83,19444.4451,2.9495,2.9495,1.07,21.559,21.2876,1.2808,0.5632,0.5591,3.1646,3.1646,30891.84,20176.3584,20176.3584,97618.2144,63757.2925,,,4.332
000881,中广核技,化工原料,辽宁,19980902,000881.SZ,20060606,3.66,3.66,3.45,3.49,3.63,-0.14,-3.86,44827.01,15844.7501,2.2218,2.2218,0.77,23.8104,23.5107,1.4146,0.622,0.6175,2.8653,2.8653,30891.84,20176.3584,20176.3584,107812.5216,70415.4908,,,4.332
000881,中广核技,化工原料,辽宁,19980902,000881.SZ,20060605,3.6,3.72,3.5,3.63,3.56,0.07,1.97,51738.69,18653.3674,2.5643,2.5643,0.71,24.7656,24.4538,1.4713,0.6469,0.6423,2.7548,2.7548,30891.84,20176.3584,20176.3584,112137.3792,73240.181,,,4.332
000881,中广核技,化工原料,辽宁,19980902,000881.SZ,20060602,3.55,3.6,3.4,3.56,3.51,0.05,1.42,75336.13,26442.2192,3.7339,3.7339,0.88,24.288,23.9822,1.4429,0.6345,0.6299,2.809,2.809,30891.84,20176.3584,20176.3584,109974.9504,71827.8359,,,4.332
000881,中广核技,化工原料,辽宁,19980902,000881.SZ,20060601,3.4,3.51,3.38,3.51,3.44,0.07,2.03,57165.82,19861.139,2.8333,2.8333,0.67,23.9469,23.6454,1.4227,0.6256,0.621,2.849,2.849,30891.84,20176.3584,20176.3584,108430.3584,70819.018,,,4.332
000881,中广核技,化工原料,辽宁,19980902,000881.SZ,20060531,3.49,3.52,3.4,3.44,3.5,-0.06,-1.71,49005.5,16881.9085,2.4289,2.4289,0.56,23.4693,23.1738,1.3943,0.6131,0.6087,2.907,2.907,30891.84,20176.3584,20176.3584,106267.9296,69406.6729,,,4.332
000881,中广核技,化工原料,辽宁,19980902,000881.SZ,20060530,3.56,3.56,3.38,3.5,3.53,-0.03,-0.85,58162.32,20130.4807,2.8827,2.8827,0.66,23.8787,23.578,1.4186,0.6238,0.6193,2.8571,2.8571,30891.84,20176.3584,20176.3584,108121.44,70617.2544,,,4.332
000881,中广核技,化工原料,辽宁,19980902,000881.SZ,20060529,3.35,3.68,3.35,3.53,3.35,0.18,5.37,125321.18,44427.5373,6.2113,6.2113,1.65,24.0833,23.7801,1.4308,0.6291,0.6246,2.8329,2.8329,30891.84,20176.3584,20176.3584,109048.1952,71222.5452,,,4.332
000881,中广核技,化工原料,辽宁,19980902,000881.SZ,20060526,3.28,3.4,3.22,3.35,3.2,0.15,4.69,137987.99,45824.5309,6.8391,6.8391,2.08,22.8553,22.5675,1.3578,0.597,0.5927,2.9851,2.9851,30891.84,20176.3584,20176.3584,103487.664,67590.8006,,,4.332
000881,中广核技,化工原料,辽宁,19980902,000881.SZ,20060525,3.02,3.2,2.99,3.2,3.02,0.18,5.96,58241.24,18040.6395,2.8866,2.8866,0.9,21.8319,21.5571,1.297,0.5703,0.5662,3.125,3.125,30891.84,20176.3584,20176.3584,98853.888,64564.3469,,,4.332
000881,中广核技,化工原料,辽宁,19980902,000881.SZ,20060524,3.12,3.18,2.99,3.02,3.27,-0.25,-7.65,55702.94,17036.2453,2.7608,2.7608,0.83,20.6039,20.3445,1.2241,0.5382,0.5343,3.3113,3.3113,30891.84,20176.3584,20176.3584,93293.3568,60932.6024,,,4.332
000881,中广核技,化工原料,辽宁,19980902,000881.SZ,20060522,3.19,3.32,3.15,3.27,3.2,0.07,2.19,66067.09,21489.0183,3.2745,3.2745,0.92,22.3095,22.0286,1.3254,0.5828,0.5786,3.0581,3.0581,30891.84,20176.3584,20176.3584,101016.3168,65976.692,,,4.332
000881,中广核技,化工原料,辽宁,19980902,000881.SZ,20060519,3.19,3.23,3.12,3.2,3.19,0.01,0.31,62891.49,19999.3822,3.1171,3.1171,0.89,21.8319,21.5571,1.297,0.5703,0.5662,3.125,3.125,30891.84,20176.3584,20176.3584,98853.888,64564.3469,,,4.332
000881,中广核技,化工原料,辽宁,19980902,000881.SZ,20060518,3.11,3.24,3.11,3.19,3.11,0.08,2.57,88902.7,28217.568,4.4063,4.4063,1.26,21.7637,21.4897,1.293,0.5685,0.5644,3.1348,3.1348,30891.84,20176.3584,20176.3584,98544.9696,64362.5833,,,4.332
000881,中广核技,化工原料,辽宁,19980902,000881.SZ,20060517,2.99,3.12,2.95,3.11,2.99,0.12,4.01,50964.08,15361.5865,2.5259,2.5259,0.62,21.2179,20.9508,1.2606,0.5543,0.5503,3.2154,3.2154,30891.84,20176.3584,20176.3584,96073.6224,62748.4746,,,4.332
000881,中广核技,化工原料,辽宁,19980902,000881.SZ,20060516,3.18,3.18,2.97,2.99,3.18,-0.19,-5.97,65147.72,20057.3611,3.2289,3.2289,0.77,20.3992,20.1424,1.2119,0.5329,0.529,3.3445,3.3445,30891.84,20176.3584,20176.3584,92366.6016,60327.3116,,,4.332
000881,中广核技,化工原料,辽宁,19980902,000881.SZ,20060515,3.12,3.19,3.05,3.18,3.12,0.06,1.92,91290.65,28646.3253,4.5246,4.5246,1.05,21.6955,21.4223,1.2889,0.5667,0.5627,3.1447,3.1447,30891.84,20176.3584,20176.3584,98236.0512,64160.8197,,,4.332
000881,中广核技,化工原料,辽宁,19980902,000881.SZ,20060512,3.03,3.14,3.0,3.12,3.07,0.05,1.63,57381.61,17648.2081,2.844,2.844,0.69,21.2861,21.0181,1.2646,0.5561,0.552,3.2051,3.2051,30891.84,20176.3584,20176.3584,96382.5408,62950.2382,,,4.332
000881,中广核技,化工原料,辽宁,19980902,000881.SZ,20060511,3.15,3.25,3.06,3.07,3.15,-0.08,-2.54,88756.44,27898.9436,4.399,4.399,1.28,20.945,20.6813,1.2443,0.5471,0.5432,3.2573,3.2573,30891.84,20176.3584,20176.3584,94837.9488,61941.4203,,,4.332
000881,中广核技,化工原料,辽宁,19980902,000881.SZ,20060510,3.03,3.18,2.95,3.15,3.03,0.12,3.96,106263.87,32829.9375,5.2668,5.2668,1.99,21.4908,21.2202,1.2768,0.5614,0.5573,3.1746,3.1746,30891.84,20176.3584,20176.3584,97309.296,63555.529,,,4.332
000881,中广核技,化工原料,辽宁,19980902,000881.SZ,20060509,2.99,3.1,2.93,3.03,2.99,0.04,1.34,79278.2,24023.5143,3.9293,3.9293,1.81,20.6721,20.4118,1.2281,0.54,0.5361,3.3003,3.3003,30891.84,20176.3584,20176.3584,93602.2752,61134.366,,,4.332
000881,中广核技,化工原料,辽宁,19980902,000881.SZ,20060508,2.88,3.0,2.88,2.99,2.87,0.12,4.18,104919.4,30731.6039,5.2001,5.2001,3.65,20.3992,20.1424,1.2119,0.5329,0.529,3.3445,3.3445,30891.84,20176.3584,20176.3584,92366.6016,60327.3116,,,4.332
000881,中广核技,化工原料,辽宁,19980902,000881.SZ,20060428,2.73,2.87,2.68,2.87,2.76,0.11,3.99,38034.64,10660.4996,1.8851,1.8851,1.44,19.5805,19.334,1.1633,0.5115,0.5078,3.4843,3.4843,30891.84,20176.3584,20176.3584,88659.5808,57906.1486,,,4.332
000881,中广核技,化工原料,辽宁,19980902,000881.SZ,20060427,2.82,2.82,2.7,2.76,2.76,0.0,0.0,17735.6,4884.763,0.879,0.879,0.6,18.83,18.593,1.1187,0.4919,0.4883,3.6232,3.6232,30891.84,20176.3584,20176.3584,85261.4784,55686.7492,,,4.332
000881,中广核技,化工原料,辽宁,19980902,000881.SZ,20060426,2.75,2.77,2.65,2.76,2.68,0.08,2.99,27323.26,7441.4732,1.3542,1.3542,0.88,18.83,18.593,1.1187,0.4919,0.4883,3.6232,3.6232,30891.84,20176.3584,20176.3584,85261.4784,55686.7492,,,4.332
000881,中广核技,化工原料,辽宁,19980902,000881.SZ,20060425,2.72,2.73,2.6,2.68,2.72,-0.04,-1.47,30907.86,8186.8187,1.5319,1.5319,0.99,18.2842,18.054,1.0863,0.4776,0.4742,3.7313,3.7313,30891.84,20176.3584,20176.3584,82790.1312,54072.6405,,,4.332
000881,中广核技,化工原料,辽宁,19980902,000881.SZ,20060424,2.86,2.86,2.69,2.72,2.85,-0.13,-4.56,29767.5,8210.0609,1.4754,1.4754,0.66,18.5571,18.3235,1.1025,0.4848,0.4813,3.6765,3.6765,30891.84,20176.3584,20176.3584,84025.8048,54879.6948,,,4.332
000881,中广核技,化工原料,辽宁,19980902,000881.SZ,20060421,2.82,2.86,2.78,2.85,2.82,0.03,1.06,26427.14,7470.5172,1.3098,1.3098,0.56,19.4441,19.1993,1.1552,0.5079,0.5043,3.5088,3.5088,30891.84,20176.3584,20176.3584,88041.744,57502.6214,,,4.332
000881,中广核技,化工原料,辽宁,19980902,000881.SZ,20060420,2.86,2.89,2.75,2.82,2.88,-0.06,-2.08,32241.83,9021.7906,1.598,1.598,0.63,19.2394,18.9972,1.143,0.5026,0.499,3.5461,3.5461,30891.84,20176.3584,20176.3584,87114.9888,56897.3307,,,4.332
000881,中广核技,化工原料,辽宁,19980902,000881.SZ,20060419,2.94,2.95,2.84,2.88,2.95,-0.07,-2.37,35041.14,10093.1517,1.7367,1.7367,0.62,19.6487,19.4014,1.1673,0.5133,0.5096,3.4722,3.4722,30891.84,20176.3584,20176.3584,88968.4992,58107.9122,,,4.332
000881,中广核技,化工原料,辽宁,19980902,000881.SZ,20060418,2.97,2.99,2.92,2.95,2.99,-0.04,-1.34,32886.06,9693.7759,1.6299,1.6299,0.54,20.1263,20.1263,1.209,0.5258,0.5258,3.3898,3.3898,30891.84,20176.3584,20176.3584,91130.928,59520.2573,,,4.332
000881,中广核技,化工原料,辽宁,19980902,000881.SZ,20060417,2.96,3.06,2.94,2.99,2.92,0.07,2.4,99030.87,29618.9879,4.9083,4.9083,1.87,20.3992,20.3992,1.2254,0.5329,0.5329,3.3445,3.3445,30891.84,20176.3584,20176.3584,92366.6016,60327.3116,,,4.332
000881,中广核技,化工原料,辽宁,19980902,000881.SZ,20060414,2.82,2.92,2.8,2.92,2.81,0.11,3.91,35669.23,10213.8919,1.7679,1.7679,0.67,19.9216,19.9216,1.1967,0.5204,0.5204,3.4247,3.4247,30891.84,20176.3584,20176.3584,90204.1728,58914.9665,,,4.332
000881,中广核技,化工原料,辽宁,19980902,000881.SZ,20060413,2.91,2.97,2.8,2.81,2.92,-0.11,-3.77,51808.75,14981.5874,2.5678,2.5678,1.0,19.1712,19.1712,1.1516,0.5008,0.5008,3.5587,3.5587,30891.84,20176.3584,20176.3584,86806.0704,56695.5671,,,4.332
000881,中广核技,化工原料,辽宁,19980902,000881.SZ,20060412,2.92,2.99,2.9,2.92,2.9,0.02,0.69,62117.89,18318.7703,3.0787,3.0787,1.13,19.9216,19.9216,1.1967,0.5204,0.5204,3.4247,3.4247,30891.84,20176.3584,20176.3584,90204.1728,58914.9665,,,4.332
000881,中广核技,化工原料,辽宁,19980902,000881.SZ,20060411,2.92,2.95,2.85,2.9,2.91,-0.01,-0.34,57133.71,16521.9422,2.8317,2.8317,1.17,19.7852,19.7852,1.1885,0.5168,0.5168,3.4483,3.4483,30891.84,20176.3584,20176.3584,89586.336,58511.4394,,,4.332
000881,中广核技,化工原料,辽宁,19980902,000881.SZ,20060410,2.82,2.93,2.81,2.91,2.8,0.11,3.93,58674.95,16915.6327,2.9081,2.9081,1.39,19.8534,19.8534,1.1926,0.5186,0.5186,3.4364,3.4364,30891.84,20176.3584,20176.3584,89895.2544,58713.2029,,,4.332
000881,中广核技,化工原料,辽宁,19980902,000881.SZ,20060407,2.78,2.86,2.76,2.8,2.79,0.01,0.36,35207.99,9888.3932,1.745,1.745,0.92,19.1029,19.1029,1.1475,0.499,0.499,3.5714,3.5714,30891.84,20176.3584,20176.3584,86497.152,56493.8035,,,4.332
000881,中广核技,化工原料,辽宁,19980902,000881.SZ,20060406,2.85,2.86,2.78,2.79,2.86,-0.07,-2.45,47079.0,13258.9699,2.3334,2.3334,1.42,19.0347,19.0347,1.1434,0.4972,0.4972,3.5842,3.5842,30891.84,20176.3584,20176.3584,86188.2336,56292.0399,,,4.332
000881,中广核技,化工原料,辽宁,19980902,000881.SZ,20060405,2.71,2.94,2.71,2.86,2.74,0.12,4.38,76680.16,21719.5805,3.8005,3.8005,2.92,19.5123,19.5123,1.1721,0.5097,0.5097,3.4965,3.4965,30891.84,20176.3584,20176.3584,88350.6624,57704.385,,,4.332
000881,中广核技,化工原料,辽宁,19980902,000881.SZ,20060404,2.75,2.76,2.68,2.74,2.76,-0.02,-0.72,25537.6,6927.886,1.2657,1.2657,0.7,18.6936,18.6936,1.123,0.4883,0.4883,3.6496,3.6496,30891.84,20176.3584,20176.3584,84643.6416,55283.222,,,4.332
000881,中广核技,化工原料,辽宁,19980902,000881.SZ,20060403,2.7,2.78,2.65,2.76,2.71,0.05,1.85,25905.31,7069.4951,1.2839,1.2839,0.67,18.83,18.83,1.1311,0.4919,0.4919,3.6232,3.6232,30891.84,20176.3584,20176.3584,85261.4784,55686.7492,,,4.332
000881,中广核技,化工原料,辽宁,19980902,000881.SZ,20060331,2.68,2.72,2.65,2.71,2.69,0.02,0.74,15155.89,4054.6137,0.7512,0.7512,0.39,18.4889,18.4889,1.1107,0.483,0.483,3.69,3.69,30891.84,20176.3584,20176.3584,83716.8864,54677.9313,,,4.332
000881,中广核技,化工原料,辽宁,19980902,000881.SZ,20060330,2.77,2.78,2.68,2.69,2.77,-0.08,-2.89,22188.23,6064.8222,1.0997,1.0997,0.58,18.3525,18.3525,1.1025,0.4794,0.4794,3.7175,3.7175,30891.84,20176.3584,20176.3584,83099.0496,54274.4041,,,4.332
000881,中广核技,化工原料,辽宁,19980902,000881.SZ,20060329,2.8,2.83,2.73,2.77,2.8,-0.03,-1.07,42576.13,11846.0589,2.1102,2.1102,1.29,18.8983,18.8983,1.1352,0.4937,0.4937,3.6101,3.6101,30891.84,20176.3584,20176.3584,85570.3968,55888.5128,,,4.332
000881,中广核技,化工原料,辽宁,19980902,000881.SZ,20060328,2.71,2.86,2.68,2.8,2.71,0.09,3.32,76179.88,21064.0265,3.7757,3.7757,3.92,19.1029,19.1029,1.1475,0.499,0.499,3.5714,3.5714,30891.84,20176.3584,20176.3584,86497.152,56493.8035,,,4.332
000881,中广核技,化工原料,辽宁,19980902,000881.SZ,20060327,2.61,2.73,2.61,2.71,2.63,0.08,3.04,36065.51,9653.3131,1.7875,1.7875,2.56,18.4889,18.4889,1.1107,0.483,0.483,3.69,3.69,30891.84,20176.3584,20176.3584,83716.8864,54677.9313,,,4.332
000881,中广核技,化工原料,辽宁,19980902,000881.SZ,20060324,2.67,2.68,2.62,2.63,2.66,-0.03,-1.13,15791.56,4169.5879,0.7827,0.7827,1.32,17.9431,17.9431,1.0779,0.4687,0.4687,3.8023,3.8023,30891.84,20176.3584,20176.3584,81245.5392,53063.8226,,,4.332
000881,中广核技,化工原料,辽宁,19980902,000881.SZ,20060323,2.66,2.69,2.64,2.66,2.64,0.02,0.76,19343.74,5145.9297,0.9587,0.9587,2.15,18.1478,18.1478,1.0902,0.4741,0.4741,3.7594,3.7594,30891.84,20176.3584,20176.3584,82172.2944,53669.1133,,,4.332
000881,中广核技,化工原料,辽宁,19980902,000881.SZ,20060322,2.58,2.66,2.56,2.64,2.59,0.05,1.93,18103.98,4743.7518,0.8973,1.1464,2.78,22.3459,17.5603,1.0977,0.466,0.4293,3.7879,3.7879,30891.84,20176.3584,15792.0,81554.4576,53265.5862,,,4.332
000881,中广核技,化工原料,辽宁,19980902,000881.SZ,20060321,2.61,2.61,2.56,2.59,2.6,-0.01,-0.38,7903.54,2047.2079,0.3917,0.5005,1.21,21.9227,17.2277,1.0769,0.4572,0.4212,3.861,3.861,30891.84,20176.3584,15792.0,80009.8656,52256.7683,,,4.332
000881,中广核技,化工原料,辽宁,19980902,000881.SZ,20060320,2.54,2.6,2.52,2.6,2.54,0.06,2.36,9218.88,2373.3551,0.4569,0.5838,1.58,22.0074,17.2942,1.081,0.459,0.4228,3.8462,3.8462,30891.84,20176.3584,15792.0,80318.784,52458.5318,,,4.332
000881,中广核技,化工原料,辽宁,19980902,000881.SZ,20060317,2.54,2.56,2.52,2.54,2.54,0.0,0.0,5363.98,1362.257,0.2659,0.3397,0.81,21.4995,16.8951,1.0561,0.4484,0.4131,3.937,3.937,30891.84,20176.3584,15792.0,78465.2736,51247.9503,,,4.332
000881,中广核技,化工原料,辽宁,19980902,000881.SZ,20060316,2.54,2.56,2.54,2.54,2.57,-0.03,-1.17,4328.0,1102.8182,0.2145,0.2741,0.6,21.4995,16.8951,1.0561,0.4484,0.4131,3.937,3.937,30891.84,20176.3584,15792.0,78465.2736,51247.9503,,,4.332
000881,中广核技,化工原料,辽宁,19980902,000881.SZ,20060315,2.55,2.57,2.52,2.57,2.56,0.01,0.39,5772.53,1472.0444,0.2861,0.3655,0.74,21.7534,17.0947,1.0686,0.4537,0.418,3.8911,3.8911,30891.84,20176.3584,15792.0,79392.0288,51853.2411,,,4.332
000881,中广核技,化工原料,辽宁,19980902,000881.SZ,20060314,2.57,2.57,2.5,2.56,2.57,-0.01,-0.39,8020.76,2026.1525,0.3975,0.5079,0.99,21.6688,17.0281,1.0644,0.4519,0.4163,3.9063,3.9063,30891.84,20176.3584,15792.0,79083.1104,51651.4775,,,4.332
000881,中广核技,化工原料,辽宁,19980902,000881.SZ,20060313,2.57,2.58,2.53,2.57,2.57,0.0,0.0,5630.81,1436.2618,0.2791,0.3566,0.68,21.7534,17.0947,1.0686,0.4537,0.418,3.8911,3.8911,30891.84,20176.3584,15792.0,79392.0288,51853.2411,,,4.332
000881,中广核技,化工原料,辽宁,19980902,000881.SZ,20060310,2.57,2.6,2.54,2.57,2.56,0.01,0.39,9292.89,2386.07,0.4606,0.5885,1.03,21.7534,17.0947,1.0686,0.4537,0.418,3.8911,3.8911,30891.84,20176.3584,15792.0,79392.0288,51853.2411,,,4.332
000881,中广核技,化工原料,辽宁,19980902,000881.SZ,20060309,2.5,2.56,2.48,2.56,2.5,0.06,2.4,7238.06,1820.677,0.3587,0.4583,0.76,21.6688,17.0281,1.0644,0.4519,0.4163,3.9063,3.9063,30891.84,20176.3584,15792.0,79083.1104,51651.4775,,,4.332
000881,中广核技,化工原料,辽宁,19980902,000881.SZ,20060308,2.51,2.53,2.47,2.5,2.51,-0.01,-0.4,8660.77,2164.5846,0.4293,0.5484,0.91,21.1609,16.629,1.0395,0.4413,0.4066,4.0,4.0,30891.84,20176.3584,15792.0,77229.6,50440.896,,,4.332
000881,中广核技,化工原料,辽宁,19980902,000881.SZ,20060307,2.6,2.61,2.5,2.51,2.62,-0.11,-4.2,9701.9,2479.3914,0.4809,0.6144,0.97,21.2456,16.6956,1.0436,0.4431,0.4082,3.9841,3.9841,30891.84,20176.3584,15792.0,77538.5184,50642.6596,,,4.332
000881,中广核技,化工原料,辽宁,19980902,000881.SZ,20060306,2.62,2.62,2.58,2.62,2.62,0.0,0.0,6634.33,1723.8885,0.3288,0.4201,0.59,22.1767,17.4272,1.0894,0.4625,0.4261,3.8168,3.8168,30891.84,20176.3584,15792.0,80936.6208,52862.059,,,4.332
000881,中广核技,化工原料,辽宁,19980902,000881.SZ,20060303,2.6,2.64,2.56,2.62,2.62,0.0,0.0,12817.6,3329.962,0.6353,0.8117,1.03,22.1767,17.4272,1.0894,0.4625,0.4261,3.8168,3.8168,30891.84,20176.3584,15792.0,80936.6208,52862.059,,,4.332
000881,中广核技,化工原料,辽宁,19980902,000881.SZ,20060302,2.66,2.69,2.6,2.62,2.66,-0.04,-1.5,9925.8,2637.085,0.492,0.6285,0.64,22.1767,17.4272,1.0894,0.4625,0.4261,3.8168,3.8168,30891.84,20176.3584,15792.0,80936.6208,52862.059,,,4.332
000881,中广核技,化工原料,辽宁,19980902,000881.SZ,20060301,2.65,2.68,2.64,2.66,2.67,-0.01,-0.37,8526.48,2270.1985,0.4226,0.5399,0.28,22.5152,17.6933,1.106,0.4696,0.4326,3.7594,3.7594,30891.84,20176.3584,15792.0,82172.2944,53669.1133,,,4.332
000881,中广核技,化工原料,辽宁,19980902,000881.SZ,20060228,2.68,2.68,2.62,2.67,2.7,-0.03,-1.11,12093.2,3204.0009,0.5994,0.7658,0.37,22.5999,17.7598,1.1101,0.4713,0.4342,3.7453,3.7453,30891.84,20176.3584,15792.0,82481.2128,53870.8769,,,4.332
000881,中广核技,化工原料,辽宁,19980902,000881.SZ,20060227,2.75,2.75,2.69,2.7,2.75,-0.05,-1.82,12964.14,3515.0192,0.6425,0.8209,0.39,22.8538,17.9594,1.1226,0.4766,0.4391,3.7037,3.7037,30891.84,20176.3584,15792.0,83407.968,54476.1677,,,4.332
000881,中广核技,化工原料,辽宁,19980902,000881.SZ,20060224,2.74,2.76,2.7,2.75,2.74,0.01,0.37,18822.69,5150.5495,0.9329,1.1919,0.59,23.277,18.2919,1.1434,0.4855,0.4472,3.6364,3.6364,30891.84,20176.3584,15792.0,84952.56,55484.9856,,,4.332
000881,中广核技,化工原料,辽宁,19980902,000881.SZ,20060223,2.72,2.76,2.66,2.74,2.74,0.0,0.0,24887.2,6740.5266,1.2335,1.5759,0.79,23.1924,18.2254,1.1392,0.4837,0.4456,3.6496,3.6496,30891.84,20176.3584,15792.0,84643.6416,55283.222,,,4.332
000881,中广核技,化工原料,辽宁,19980902,000881.SZ,20060222,2.72,2.8,2.72,2.74,2.7,0.04,1.48,83005.05,22972.884,4.114,5.2561,4.61,23.1924,18.2254,1.1392,0.4837,0.4456,3.6496,3.6496,30891.84,20176.3584,15792.0,84643.6416,55283.222,,,4.332
000881,中广核技,化工原料,辽宁,19980902,000881.SZ,20060221,2.63,2.7,2.57,2.7,2.59,0.11,4.25,23323.51,6156.9366,1.156,1.4769,1.37,22.8538,17.9594,1.1226,0.4766,0.4391,3.7037,3.7037,30891.84,20176.3584,15792.0,83407.968,54476.1677,,,4.332
000881,中广核技,化工原料,辽宁,19980902,000881.SZ,20060220,2.61,2.64,2.56,2.59,2.58,0.01,0.39,14177.6,3703.4574,0.7027,0.8978,0.76,21.9227,17.2277,1.0769,0.4572,0.4212,3.861,3.861,30891.84,20176.3584,15792.0,80009.8656,52256.7683,,,4.332
000881,中广核技,化工原料,辽宁,19980902,000881.SZ,20060217,2.63,2.64,2.57,2.58,2.63,-0.05,-1.9,15364.38,3997.2018,0.7615,0.9729,0.81,21.8381,17.1612,1.0727,0.4554,0.4196,3.876,3.876,30891.84,20176.3584,15792.0,79700.9472,52055.0047,,,4.332
000881,中广核技,化工原料,辽宁,19980902,000881.SZ,20060216,2.75,2.75,2.61,2.63,2.74,-0.11,-4.01,20811.55,5527.7392,1.0315,1.3179,0.99,22.2613,17.4937,1.0935,0.4643,0.4277,3.8023,3.8023,30891.84,20176.3584,15792.0,81245.5392,53063.8226,,,4.332
000881,中广核技,化工原料,辽宁,19980902,000881.SZ,20060215,2.76,2.76,2.71,2.74,2.76,-0.02,-0.72,16305.8,4461.2044,0.8082,1.0325,0.65,23.1924,18.2254,1.1392,0.4837,0.4456,3.6496,3.6496,30891.84,20176.3584,15792.0,84643.6416,55283.222,,,4.332
000881,中广核技,化工原料,辽宁,19980902,000881.SZ,20060214,2.74,2.77,2.72,2.76,2.74,0.02,0.73,18318.37,5042.2656,0.9079,1.16,0.71,23.3617,18.3585,1.1476,0.4872,0.4489,3.6232,3.6232,30891.84,20176.3584,15792.0,85261.4784,55686.7492,,,4.332
000881,中广核技,化工原料,辽宁,19980902,000881.SZ,20060213,2.7,2.76,2.69,2.74,2.7,0.04,1.48,22179.02,6039.9051,1.0993,1.4044,0.89,23.1924,18.2254,1.1392,0.4837,0.4456,3.6496,3.6496,30891.84,20176.3584,15792.0,84643.6416,55283.222,,,4.332
000881,中广核技,化工原料,辽宁,19980902,000881.SZ,20060210,2.67,2.71,2.67,2.7,2.69,0.01,0.37,17812.78,4801.9679,0.8829,1.128,0.75,22.8538,17.9594,1.1226,0.4766,0.4391,3.7037,3.7037,30891.84,20176.3584,15792.0,83407.968,54476.1677,,,4.332
000881,中广核技,化工原料,辽宁,19980902,000881.SZ,20060209,2.74,2.76,2.68,2.69,2.74,-0.05,-1.82,30861.26,8416.2899,1.5296,1.9542,1.39,22.7692,17.8928,1.1185,0.4749,0.4375,3.7175,3.7175,30891.84,20176.3584,15792.0,83099.0496,54274.4041,,,4.332
000881,中广核技,化工原料,辽宁,19980902,000881.SZ,20060208,2.66,2.76,2.6,2.74,2.66,0.08,3.01,36421.02,9690.538,1.8051,2.3063,1.35,23.1924,18.2254,1.1392,0.4837,0.4456,3.6496,3.6496,30891.84,20176.3584,15792.0,84643.6416,55283.222,,,4.332
000881,中广核技,化工原料,辽宁,19980902,000881.SZ,20060207,2.67,2.68,2.61,2.66,2.67,-0.01,-0.37,22411.28,5919.7839,1.1108,1.4192,0.81,22.5152,17.6933,1.106,0.4696,0.4326,3.7594,3.7594,30891.84,20176.3584,15792.0,82172.2944,53669.1133,,,4.332
000881,中广核技,化工原料,辽宁,19980902,000881.SZ,20060206,2.64,2.68,2.63,2.67,2.64,0.03,1.14,16886.72,4479.4827,0.837,1.0693,0.61,22.5999,17.7598,1.1101,0.4713,0.4342,3.7453,3.7453,30891.84,20176.3584,15792.0,82481.2128,53870.8769,,,4.332
000881,中广核技,化工原料,辽宁,19980902,000881.SZ,20060125,2.62,2.67,2.62,2.64,2.64,0.0,0.0,12252.44,3242.4298,0.6073,0.7759,0.42,22.3459,17.5603,1.0977,0.466,0.4293,3.7879,3.7879,30891.84,20176.3584,15792.0,81554.4576,53265.5862,,,4.332
000881,中广核技,化工原料,辽宁,19980902,000881.SZ,20060124,2.64,2.68,2.61,2.64,2.64,0.0,0.0,23287.01,6170.5624,1.1542,1.4746,0.88,22.3459,17.5603,1.0977,0.466,0.4293,3.7879,3.7879,30891.84,20176.3584,15792.0,81554.4576,53265.5862,,,4.332
000881,中广核技,化工原料,辽宁,19980902,000881.SZ,20060123,2.68,2.71,2.62,2.64,2.64,0.0,0.0,60434.73,16091.3351,2.9953,3.8269,3.39,22.3459,17.5603,1.0977,0.466,0.4293,3.7879,3.7879,30891.84,20176.3584,15792.0,81554.4576,53265.5862,,,4.332
000881,中广核技,化工原料,辽宁,19980902,000881.SZ,20060120,2.61,2.65,2.57,2.64,2.62,0.02,0.76,25198.11,6589.0037,1.2489,1.5956,1.34,22.3459,17.5603,1.0977,0.466,0.4293,3.7879,3.7879,30891.84,20176.3584,15792.0,81554.4576,53265.5862,,,4.332
000881,中广核技,化工原料,辽宁,19980902,000881.SZ,20060119,2.62,2.63,2.59,2.62,2.6,0.02,0.77,18004.44,4702.9011,0.8924,1.1401,0.89,22.1767,17.4272,1.0894,0.4625,0.4261,3.8168,3.8168,30891.84,20176.3584,15792.0,80936.6208,52862.059,,,4.332
000881,中广核技,化工原料,辽宁,19980902,000881.SZ,20060118,2.53,2.61,2.53,2.6,2.54,0.06,2.36,18935.37,4891.5795,0.9385,1.199,0.94,22.0074,17.2942,1.081,0.459,0.4228,3.8462,3.8462,30891.84,20176.3584,15792.0,80318.784,52458.5318,,,4.332
000881,中广核技,化工原料,辽宁,19980902,000881.SZ,20060117,2.55,2.56,2.52,2.54,2.55,-0.01,-0.39,9579.74,2426.8216,0.4748,0.6066,0.45,21.4995,16.8951,1.0561,0.4484,0.4131,3.937,3.937,30891.84,20176.3584,15792.0,78465.2736,51247.9503,,,4.332
000881,中广核技,化工原料,辽宁,19980902,000881.SZ,20060116,2.62,2.65,2.55,2.55,2.63,-0.08,-3.04,17548.03,4559.9291,0.8697,1.1112,0.8,21.5841,16.9616,1.0602,0.4501,0.4147,3.9216,3.9216,30891.84,20176.3584,15792.0,78774.192,51449.7139,,,4.332
000881,中广核技,化工原料,辽宁,19980902,000881.SZ,20060113,2.58,2.65,2.56,2.63,2.58,0.05,1.94,29690.62,7764.9523,1.4716,1.8801,1.37,22.2613,17.4937,1.0935,0.4643,0.4277,3.8023,3.8023,30891.84,20176.3584,15792.0,81245.5392,53063.8226,,,4.332
000881,中广核技,化工原料,辽宁,19980902,000881.SZ,20060112,2.52,2.58,2.49,2.58,2.52,0.06,2.38,24959.17,6361.9843,1.2371,1.5805,1.2,21.8381,17.1612,1.0727,0.4554,0.4196,3.876,3.876,30891.84,20176.3584,15792.0,79700.9472,52055.0047,,,4.332
000881,中广核技,化工原料,辽宁,19980902,000881.SZ,20060111,2.56,2.58,2.52,2.52,2.57,-0.05,-1.95,18577.24,4727.1811,0.9207,1.1764,0.93,21.3302,16.7621,1.0478,0.4449,0.4098,3.9683,3.9683,30891.84,20176.3584,15792.0,77847.4368,50844.4232,,,4.332
000881,中广核技,化工原料,辽宁,19980902,000881.SZ,20060110,2.56,2.57,2.53,2.57,2.57,0.0,0.0,15242.37,3884.9692,0.7555,0.9652,0.78,21.7534,17.0947,1.0686,0.4537,0.418,3.8911,3.8911,30891.84,20176.3584,15792.0,79392.0288,51853.2411,,,4.332
000881,中广核技,化工原料,辽宁,19980902,000881.SZ,20060109,2.54,2.59,2.53,2.57,2.54,0.03,1.18,21268.3,5433.4875,1.0541,1.3468,1.12,21.7534,17.0947,1.0686,0.4537,0.418,3.8911,3.8911,30891.84,20176.3584,15792.0,79392.0288,51853.2411,,,4.332
000881,中广核技,化工原料,辽宁,19980902,000881.SZ,20060106,2.49,2.54,2.48,2.54,2.49,0.05,2.01,27962.91,7056.0317,1.3859,1.7707,1.64,21.4995,16.8951,1.0561,0.4484,0.4131,3.937,3.937,30891.84,20176.3584,15792.0,78465.2736,51247.9503,,,4.332
000881,中广核技,化工原料,辽宁,19980902,000881.SZ,20060105,2.47,2.49,2.45,2.49,2.47,0.02,0.81,21367.87,5274.0325,1.0591,1.3531,0.92,21.0763,16.5625,1.0353,0.4396,0.4049,4.0161,4.0161,30891.84,20176.3584,15792.0,76920.6816,50239.1324,,,4.332
000881,中广核技,化工原料,辽宁,19980902,000881.SZ,20060104,2.48,2.5,2.46,2.47,2.46,0.01,0.41,14440.03,3574.4796,0.7157,0.9144,0.65,20.907,16.4295,1.027,0.436,0.4017,4.0486,4.0486,30891.84,20176.3584,15792.0,76302.8448,49835.6052,,,4.332
000881,中广核技,化工原料,辽宁,19980902,000881.SZ,20051230,2.47,2.49,2.45,2.46,2.47,-0.01,-0.4,13109.26,3236.272,0.6497,0.8301,0.62,20.8224,16.363,1.0228,0.4343,0.4001,0.0,4.065,30891.84,20176.3584,15792.0,75993.9264,49633.8417,,,4.332
000881,中广核技,化工原料,辽宁,19980902,000881.SZ,20051229,2.46,2.5,2.45,2.47,2.48,-0.01,-0.4,18050.29,4464.8799,0.8946,1.143,0.98,20.907,16.4295,1.027,0.436,0.4017,0.0,4.0486,30891.84,20176.3584,15792.0,76302.8448,49835.6052,,,4.332
000881,中广核技,化工原料,辽宁,19980902,000881.SZ,20051228,2.46,2.48,2.44,2.48,2.48,0.0,0.0,18047.6,4445.1501,0.8945,1.1428,1.13,20.9916,16.496,1.0311,0.4378,0.4033,0.0,4.0323,30891.84,20176.3584,15792.0,76611.7632,50037.3688,,,4.332
000881,中广核技,化工原料,辽宁,19980902,000881.SZ,20051227,2.36,2.48,2.36,2.48,2.74,-0.26,-9.49,53054.7,12950.8632,2.6295,3.3596,8.59,20.9916,16.496,1.0311,0.4378,0.4033,0.0,4.0323,30891.84,20176.3584,15792.0,76611.7632,50037.3688,,,4.332
000881,中广核技,化工原料,辽宁,19980902,000881.SZ,20051205,2.83,2.83,2.7,2.74,2.86,-0.12,-4.2,9340.0,2591.217,0.5914,0.5914,1.79,23.1924,18.2254,1.1392,0.4837,0.4456,0.0,7.1393,30891.84,15792.0,15792.0,84643.6416,43270.08,,,4.332
000881,中广核技,化工原料,辽宁,19980902,000881.SZ,20051202,2.92,2.92,2.85,2.86,2.92,-0.06,-2.05,7424.5,2143.081,0.4701,0.4701,1.56,24.2081,19.0236,1.1891,0.5049,0.4651,0.0,6.8398,30891.84,15792.0,15792.0,88350.6624,45165.12,,,4.332
000881,中广核技,化工原料,辽宁,19980902,000881.SZ,20051201,2.9,2.96,2.9,2.92,2.93,-0.01,-0.34,4072.7,1190.7951,0.2579,0.2579,0.71,24.716,19.4227,1.2141,0.5155,0.4749,0.0,6.6992,30891.84,15792.0,15792.0,90204.1728,46112.64,,,4.332
000881,中广核技,化工原料,辽宁,19980902,000881.SZ,20051130,2.96,2.96,2.89,2.93,2.96,-0.03,-1.01,5940.1,1733.7951,0.3761,0.3761,1.0,24.8006,19.4892,1.2182,0.5172,0.4765,0.0,6.6763,30891.84,15792.0,15792.0,90513.0912,46270.56,,,4.332
000881,中广核技,化工原料,辽宁,19980902,000881.SZ,20051129,2.98,2.98,2.93,2.96,3.0,-0.04,-1.33,4114.43,1215.7397,0.2605,0.2605,0.59,25.0545,19.6888,1.2307,0.5225,0.4814,0.0,6.6087,30891.84,15792.0,15792.0,91439.8464,46744.32,,,4.332
000881,中广核技,化工原料,辽宁,19980902,000881.SZ,20051128,2.97,3.02,2.97,3.0,2.98,0.02,0.67,4537.49,1357.2946,0.2873,0.2873,0.6,25.3931,19.9548,1.2473,0.5296,0.4879,0.0,6.5206,30891.84,15792.0,15792.0,92675.52,47376.0,,,4.332
000881,中广核技,化工原料,辽宁,19980902,000881.SZ,20051125,2.97,3.02,2.93,2.98,2.99,-0.01,-0.33,5180.5,1538.271,0.328,0.328,0.66,25.2238,19.8218,1.239,0.5261,0.4846,0.0,6.5643,30891.84,15792.0,15792.0,92057.6832,47060.16,,,4.332
000881,中广核技,化工原料,辽宁,19980902,000881.SZ,20051124,3.05,3.08,2.99,2.99,3.02,-0.03,-0.99,8972.15,2717.9694,0.5681,0.5681,1.21,25.3085,19.8883,1.2432,0.5278,0.4863,0.0,6.5424,30891.84,15792.0,15792.0,92366.6016,47218.08,,,4.332
000881,中广核技,化工原料,辽宁,19980902,000881.SZ,20051111,3.0,3.04,2.96,3.02,2.99,0.03,1.0,6839.34,2047.1133,0.4331,0.4331,0.62,25.5624,20.0879,1.2557,0.5331,0.4911,0.0,6.4774,30891.84,15792.0,15792.0,93293.3568,47691.84,,,4.332
000881,中广核技,化工原料,辽宁,19980902,000881.SZ,20051110,3.09,3.09,2.97,2.99,3.12,-0.13,-4.17,9553.16,2893.3321,0.6049,0.6049,0.81,25.3085,19.8883,1.2432,0.5278,0.4863,0.0,6.5424,30891.84,15792.0,15792.0,92366.6016,47218.08,,,4.332
000881,中广核技,化工原料,辽宁,19980902,000881.SZ,20051109,3.14,3.17,3.08,3.12,3.14,-0.02,-0.64,7138.0,2235.318,0.452,0.452,0.57,26.4088,20.753,1.2972,0.5508,0.5074,0.0,6.2698,30891.84,15792.0,15792.0,96382.5408,49271.04,,,4.332
000881,中广核技,化工原料,辽宁,19980902,000881.SZ,20051108,3.15,3.15,3.06,3.14,3.16,-0.02,-0.63,6464.7,2013.7854,0.4094,0.4094,0.5,26.5781,20.8861,1.3056,0.5543,0.5107,0.0,6.2298,30891.84,15792.0,15792.0,97000.3776,49586.88,,,4.332
000881,中广核技,化工原料,辽宁,19980902,000881.SZ,20051107,3.16,3.17,3.08,3.16,3.15,0.01,0.32,7053.95,2209.4525,0.4467,0.4467,0.48,26.7474,21.0191,1.3139,0.5578,0.5139,0.0,6.1904,30891.84,15792.0,15792.0,97618.2144,49902.72,,,4.332
000881,中广核技,化工原料,辽宁,19980902,000881.SZ,20051104,3.09,3.19,3.09,3.15,3.08,0.07,2.27,24578.35,7727.699,1.5564,1.5564,1.84,26.6628,20.9526,1.3097,0.5561,0.5123,0.0,6.2101,30891.84,15792.0,15792.0,97309.296,49744.8,,,4.332
000881,中广核技,化工原料,辽宁,19980902,000881.SZ,20051103,3.02,3.09,2.95,3.08,3.02,0.06,1.99,13840.28,4176.2605,0.8764,0.8764,1.07,26.0703,20.487,1.2806,0.5437,0.5009,0.0,6.3512,30891.84,15792.0,15792.0,95146.8672,48639.36,,,4.332
000881,中广核技,化工原料,辽宁,19980902,000881.SZ,20051102,2.92,3.04,2.92,3.02,2.92,0.1,3.42,11208.8,3365.7893,0.7098,0.7098,0.84,25.5624,20.0879,1.2557,0.5331,0.4911,0.0,6.4774,30891.84,15792.0,15792.0,93293.3568,47691.84,,,4.332
000881,中广核技,化工原料,辽宁,19980902,000881.SZ,20051101,2.93,2.97,2.89,2.92,2.93,-0.01,-0.34,7398.43,2163.6106,0.4685,0.4685,0.48,24.716,19.4227,1.2141,0.5155,0.4749,0.0,6.6992,30891.84,15792.0,15792.0,90204.1728,46112.64,,,4.332
000881,中广核技,化工原料,辽宁,19980902,000881.SZ,20051031,3.08,3.11,2.92,2.93,3.11,-0.18,-5.79,16102.09,4829.8412,1.0196,1.0196,1.0,24.8006,19.4892,1.2182,0.5172,0.4765,0.0,6.6763,30891.84,15792.0,15792.0,90513.0912,46270.56,,,4.332
000881,中广核技,化工原料,辽宁,19980902,000881.SZ,20051028,3.28,3.32,3.05,3.11,3.25,-0.14,-4.31,18224.09,5805.9592,1.154,1.154,0.86,26.3242,20.6865,1.2931,0.549,0.5058,0.0,6.2899,30891.84,15792.0,15792.0,96073.6224,49113.12,,,4.332
000881,中广核技,化工原料,辽宁,19980902,000881.SZ,20051027,3.2,3.28,3.19,3.25,3.2,0.05,1.56,11515.1,3729.6055,0.7292,0.7292,0.46,27.5092,21.6177,1.3513,0.5737,0.5285,0.0,6.019,30891.84,15792.0,15792.0,100398.48,51324.0,,,4.332
000881,中广核技,化工原料,辽宁,19980902,000881.SZ,20051026,3.2,3.32,3.18,3.2,3.23,-0.03,-0.93,13711.15,4443.684,0.8682,0.8682,0.57,27.086,22.6655,1.3458,0.5649,0.5478,0.0,6.113,30891.84,15792.0,15792.0,98853.888,50534.4,,,4.332
000881,中广核技,化工原料,辽宁,19980902,000881.SZ,20051025,3.33,3.37,3.2,3.23,3.37,-0.14,-4.15,16960.91,5551.142,1.074,1.074,0.73,27.3399,22.878,1.3585,0.5702,0.553,0.0,6.0563,30891.84,15792.0,15792.0,99780.6432,51008.16,,,4.332
000881,中广核技,化工原料,辽宁,19980902,000881.SZ,20051024,3.43,3.48,3.35,3.37,3.42,-0.05,-1.46,20198.43,6886.4735,1.279,1.279,0.99,28.5249,23.8696,1.4173,0.5949,0.5769,0.0,5.8047,30891.84,15792.0,15792.0,104105.5008,53219.04,,,4.332
000881,中广核技,化工原料,辽宁,19980902,000881.SZ,20051021,3.36,3.47,3.27,3.42,3.37,0.05,1.48,43828.12,14804.6527,2.7753,2.7753,3.46,28.9481,24.2237,1.4384,0.6037,0.5855,0.0,5.7198,30891.84,15792.0,15792.0,105650.0928,54008.64,,,4.332
000881,中广核技,化工原料,辽宁,19980902,000881.SZ,20051020,3.2,3.39,3.1,3.37,3.16,0.21,6.65,30151.76,9860.8118,1.9093,1.9093,3.88,28.5249,23.8696,1.4173,0.5949,0.5769,0.0,5.8047,30891.84,15792.0,15792.0,104105.5008,53219.04,,,4.332
000881,中广核技,化工原料,辽宁,19980902,000881.SZ,20051019,3.18,3.23,3.15,3.16,3.2,-0.04,-1.25,9599.6,3065.3334,0.6079,0.6079,1.35,26.7474,22.3822,1.329,0.5578,0.541,0.0,6.1904,30891.84,15792.0,15792.0,97618.2144,49902.72,,,4.332
000881,中广核技,化工原料,辽宁,19980902,000881.SZ,20051018,3.1,3.26,3.08,3.2,3.11,0.09,2.89,11912.92,3795.0515,0.7544,0.7544,2.0,27.086,22.6655,1.3458,0.5649,0.5478,0.0,6.113,30891.84,15792.0,15792.0,98853.888,50534.4,,,4.332
000881,中广核技,化工原料,辽宁,19980902,000881.SZ,20051017,3.14,3.14,3.05,3.11,3.14,-0.03,-0.96,6013.44,1855.072,0.3808,0.3808,1.06,26.3242,22.028,1.308,0.549,0.5324,0.0,6.2899,30891.84,15792.0,15792.0,96073.6224,49113.12,,,4.332
000881,中广核技,化工原料,辽宁,19980902,000881.SZ,20051014,3.15,3.22,3.13,3.14,3.18,-0.04,-1.26,5664.0,1791.64,0.3587,0.3587,1.05,26.5781,22.2405,1.3206,0.5543,0.5376,0.0,6.2298,30891.84,15792.0,15792.0,97000.3776,49586.88,,,4.332
000881,中广核技,化工原料,辽宁,19980902,000881.SZ,20051013,3.18,3.23,3.17,3.18,3.23,-0.05,-1.55,5651.23,1799.9023,0.3579,0.3579,0.93,26.9167,22.5238,1.3374,0.5614,0.5444,0.0,6.1515,30891.84,15792.0,15792.0,98236.0512,50218.56,,,4.332
000881,中广核技,化工原料,辽宁,19980902,000881.SZ,20051012,3.18,3.23,3.15,3.23,3.19,0.04,1.25,6188.07,1976.0535,0.3918,0.3918,1.04,27.3399,22.878,1.3585,0.5702,0.553,0.0,6.0563,30891.84,15792.0,15792.0,99780.6432,51008.16,,,4.332
000881,中广核技,化工原料,辽宁,19980902,000881.SZ,20051011,3.09,3.2,3.08,3.19,3.14,0.05,1.59,6332.18,1994.1334,0.401,0.401,1.0,27.0013,22.5947,1.3416,0.5631,0.5461,0.0,6.1322,30891.84,15792.0,15792.0,98544.9696,50376.48,,,4.332
000881,中广核技,化工原料,辽宁,19980902,000881.SZ,20051010,3.15,3.17,3.11,3.14,3.13,0.01,0.32,4433.55,1390.6495,0.2807,0.2807,0.68,26.5781,22.2405,1.3206,0.5543,0.5376,0.0,6.2298,30891.84,15792.0,15792.0,97000.3776,49586.88,,,4.332
000881,中广核技,化工原料,辽宁,19980902,000881.SZ,20050930,3.16,3.16,3.12,3.13,3.17,-0.04,-1.26,4442.14,1395.637,0.2813,0.2813,0.58,26.4935,22.1697,1.3164,0.5525,0.5359,0.0,6.2497,30891.84,15792.0,15792.0,96691.4592,49428.96,,,4.332
000881,中广核技,化工原料,辽宁,19980902,000881.SZ,20050929,3.07,3.19,3.07,3.17,3.07,0.1,3.26,8845.1,2759.5041,0.5601,0.5601,0.96,26.8321,22.453,1.3332,0.5596,0.5427,0.0,6.1709,30891.84,15792.0,15792.0,97927.1328,50060.64,,,4.332
000881,中广核技,化工原料,辽宁,19980902,000881.SZ,20050928,3.08,3.12,3.06,3.07,3.08,-0.01,-0.32,5697.52,1760.0551,0.3608,0.3608,0.48,25.9856,21.7447,1.2912,0.5419,0.5256,0.0,6.3719,30891.84,15792.0,15792.0,94837.9488,48481.44,,,4.332
000881,中广核技,化工原料,辽宁,19980902,000881.SZ,20050927,3.19,3.22,3.07,3.08,3.19,-0.11,-3.45,8258.0,2586.6181,0.5229,0.5229,0.61,26.0703,21.8155,1.2954,0.5437,0.5273,0.0,6.3512,30891.84,15792.0,15792.0,95146.8672,48639.36,,,4.332
000881,中广核技,化工原料,辽宁,19980902,000881.SZ,20050926,3.23,3.23,3.16,3.19,3.19,0.0,0.0,5560.0,1773.397,0.3521,0.3521,0.33,27.0013,22.5947,1.3416,0.5631,0.5461,0.0,6.1322,30891.84,15792.0,15792.0,98544.9696,50376.48,,,4.332
000881,中广核技,化工原料,辽宁,19980902,000881.SZ,20050923,3.18,3.24,3.18,3.19,3.19,0.0,0.0,9644.0,3094.8777,0.6107,0.6107,0.37,27.0013,22.5947,1.3416,0.5631,0.5461,0.0,6.1322,30891.84,15792.0,15792.0,98544.9696,50376.48,,,4.332
000881,中广核技,化工原料,辽宁,19980902,000881.SZ,20050922,3.36,3.37,3.11,3.19,3.37,-0.18,-5.34,16998.04,5518.7164,1.0764,1.0764,0.49,27.0013,22.5947,1.3416,0.5631,0.5461,0.0,6.1322,30891.84,15792.0,15792.0,98544.9696,50376.48,,,4.332
000881,中广核技,化工原料,辽宁,19980902,000881.SZ,20050921,3.5,3.51,3.36,3.37,3.51,-0.14,-3.99,18655.31,6363.0043,1.1813,1.1813,0.5,28.5249,23.8696,1.4173,0.5949,0.5769,0.0,5.8047,30891.84,15792.0,15792.0,104105.5008,53219.04,,,4.332
000881,中广核技,化工原料,辽宁,19980902,000881.SZ,20050920,3.56,3.57,3.49,3.51,3.56,-0.05,-1.4,17216.41,6043.4181,1.0902,1.0902,0.45,29.7099,24.8612,1.4762,0.6196,0.6009,0.0,5.5731,30891.84,15792.0,15792.0,108430.3584,55429.92,,,4.332
000881,中广核技,化工原料,辽宁,19980902,000881.SZ,20050919,3.56,3.57,3.49,3.56,3.57,-0.01,-0.28,20494.56,7239.3324,1.2978,1.2978,0.57,30.1332,25.2154,1.4972,0.6284,0.6095,0.0,5.4949,30891.84,15792.0,15792.0,109974.9504,56219.52,,,4.332
000881,中广核技,化工原料,辽宁,19980902,000881.SZ,20050916,3.7,3.7,3.5,3.57,3.59,-0.02,-0.56,55754.11,19776.796,3.5305,3.5305,1.98,30.2178,25.2862,1.5015,0.6302,0.6112,0.0,5.4795,30891.84,15792.0,15792.0,110283.8688,56377.44,,,4.332
000881,中广核技,化工原料,辽宁,19980902,000881.SZ,20050915,3.66,3.66,3.53,3.59,3.55,0.04,1.13,60097.88,21548.3482,3.8056,3.8056,2.75,30.3871,25.4279,1.5099,0.6337,0.6146,0.0,5.4489,30891.84,15792.0,15792.0,110901.7056,56693.28,,,4.332
000881,中广核技,化工原料,辽宁,19980902,000881.SZ,20050914,3.44,3.55,3.41,3.55,3.44,0.11,3.2,31283.12,10906.1773,1.9809,1.9809,1.68,30.0485,25.1445,1.493,0.6267,0.6078,0.0,5.5103,30891.84,15792.0,15792.0,109666.032,56061.6,,,4.332
000881,中广核技,化工原料,辽宁,19980902,000881.SZ,20050913,3.4,3.45,3.34,3.44,3.36,0.08,2.38,22160.52,7552.2567,1.4033,1.4033,1.23,29.1174,24.3654,1.4468,0.6073,0.5889,0.0,5.6865,30891.84,15792.0,15792.0,106267.9296,54324.48,,,4.332
000881,中广核技,化工原料,辽宁,19980902,000881.SZ,20050912,3.4,3.4,3.3,3.36,3.35,0.01,0.3,11310.36,3792.6816,0.7162,0.7162,0.6,28.4403,23.7988,1.4131,0.5931,0.5752,0.0,5.8219,30891.84,15792.0,15792.0,103796.5824,53061.12,,,4.332
000881,中广核技,化工原料,辽宁,19980902,000881.SZ,20050909,3.43,3.43,3.33,3.35,3.39,-0.04,-1.18,16081.34,5414.4899,1.0183,1.0183,0.75,28.3556,23.7279,1.4089,0.5914,0.5735,0.0,5.8393,30891.84,15792.0,15792.0,103487.664,52903.2,,,4.332
000881,中广核技,化工原料,辽宁,19980902,000881.SZ,20050908,3.34,3.42,3.27,3.39,3.34,0.05,1.5,28325.59,9502.5036,1.7937,1.7937,0.88,28.6942,24.0113,1.4258,0.5984,0.5804,0.0,5.7704,30891.84,15792.0,15792.0,104723.3376,53534.88,,,4.332
000881,中广核技,化工原料,辽宁,19980902,000881.SZ,20050907,3.25,3.34,3.21,3.34,3.26,0.08,2.45,15422.05,5038.952,0.9766,0.9766,0.37,28.271,23.6571,1.4047,0.5896,0.5718,0.0,5.8568,30891.84,15792.0,15792.0,103178.7456,52745.28,,,4.332
000881,中广核技,化工原料,辽宁,19980902,000881.SZ,20050906,3.32,3.39,3.24,3.26,3.32,-0.06,-1.81,18819.74,6260.5597,1.1917,1.1917,0.44,27.5939,23.0905,1.3711,0.5755,0.5581,0.0,6.0005,30891.84,15792.0,15792.0,100707.3984,51481.92,,,4.332
000881,中广核技,化工原料,辽宁,19980902,000881.SZ,20050905,3.28,3.33,3.27,3.32,3.3,0.02,0.61,15675.06,5176.2247,0.9926,0.9926,0.36,28.1017,23.5155,1.3963,0.5861,0.5684,0.0,5.8921,30891.84,15792.0,15792.0,102560.9088,52429.44,,,4.332
000881,中广核技,化工原料,辽宁,19980902,000881.SZ,20050902,3.34,3.35,3.27,3.3,3.37,-0.07,-2.08,29268.9,9657.3609,1.8534,1.8534,0.71,27.9324,23.3738,1.3879,0.5825,0.565,0.0,5.9278,30891.84,15792.0,15792.0,101943.072,52113.6,,,4.332
000881,中广核技,化工原料,辽宁,19980902,000881.SZ,20050901,3.38,3.52,3.33,3.37,3.33,0.04,1.2,81172.36,27750.4624,5.1401,5.1401,2.98,28.5249,23.8696,1.4173,0.5949,0.5769,0.0,5.8047,30891.84,15792.0,15792.0,104105.5008,53219.04,,,4.332
000881,中广核技,化工原料,辽宁,19980902,000881.SZ,20050831,3.21,3.36,3.19,3.33,3.19,0.14,4.39,62939.11,20643.6672,3.9855,3.9855,3.53,28.1864,23.5863,1.4005,0.5878,0.5701,0.0,5.8744,30891.84,15792.0,15792.0,102869.8272,52587.36,,,4.332
000881,中广核技,化工原料,辽宁,19980902,000881.SZ,20050830,3.15,3.22,3.1,3.19,3.14,0.05,1.59,26577.36,8434.4359,1.683,1.683,1.69,27.0013,22.5947,1.3416,0.5631,0.5461,0.0,6.1322,30891.84,15792.0,15792.0,98544.9696,50376.48,,,4.332
000881,中广核技,化工原料,辽宁,19980902,000881.SZ,20050829,3.13,3.17,3.07,3.14,3.11,0.03,0.96,19312.69,6038.3555,1.2229,1.2229,1.29,26.5781,22.2405,1.3206,0.5543,0.5376,0.0,6.2298,30891.84,15792.0,15792.0,97000.3776,49586.88,,,4.332
000881,中广核技,化工原料,辽宁,19980902,000881.SZ,20050826,3.1,3.13,3.05,3.11,3.06,0.05,1.63,17003.63,5262.3409,1.0767,1.0767,0.77,26.3242,22.028,1.308,0.549,0.5324,0.0,6.2899,30891.84,15792.0,15792.0,96073.6224,49113.12,,,4.332
000881,中广核技,化工原料,辽宁,19980902,000881.SZ,20050825,3.05,3.06,2.99,3.06,3.07,-0.01,-0.33,10283.03,3111.6745,0.6512,0.6512,0.3,25.901,21.6739,1.287,0.5402,0.5239,0.0,6.3927,30891.84,15792.0,15792.0,94529.0304,48323.52,,,4.332
000881,中广核技,化工原料,辽宁,19980902,000881.SZ,20050824,3.04,3.11,2.98,3.07,3.04,0.03,0.99,15909.62,4833.3791,1.0074,1.0074,0.43,25.9856,21.7447,1.2912,0.5419,0.5256,0.0,6.3719,30891.84,15792.0,15792.0,94837.9488,48481.44,,,4.332
000881,中广核技,化工原料,辽宁,19980902,000881.SZ,20050823,3.13,3.13,3.02,3.04,3.13,-0.09,-2.88,16142.64,4942.1944,1.0222,1.0222,0.44,25.7317,21.5322,1.2785,0.5366,0.5204,0.0,6.4348,30891.84,15792.0,15792.0,93911.1936,48007.68,,,4.332
000881,中广核技,化工原料,辽宁,19980902,000881.SZ,20050822,3.1,3.15,3.04,3.13,3.12,0.01,0.32,15775.15,4885.21,0.9989,0.9989,0.44,26.4935,22.1697,1.3164,0.5525,0.5359,0.0,6.2497,30891.84,15792.0,15792.0,96691.4592,49428.96,,,4.332
000881,中广核技,化工原料,辽宁,19980902,000881.SZ,20050819,3.03,3.14,2.99,3.12,3.03,0.09,2.97,52667.61,16175.7136,3.3351,3.3351,1.81,26.4088,22.0989,1.3122,0.5508,0.5341,0.0,6.2698,30891.84,15792.0,15792.0,96382.5408,49271.04,,,4.332
000881,中广核技,化工原料,辽宁,19980902,000881.SZ,20050818,3.08,3.24,3.02,3.03,3.06,-0.03,-0.98,73355.74,23002.2632,4.6451,4.6451,3.91,25.647,21.4614,1.2743,0.5349,0.5187,0.0,6.456,30891.84,15792.0,15792.0,93602.2752,47849.76,,,4.265
000881,中广核技,化工原料,辽宁,19980902,000881.SZ,20050817,2.97,3.06,2.91,3.06,2.97,0.09,3.03,28704.96,8547.9327,1.8177,1.8177,1.59,25.901,21.6739,1.287,0.5402,0.5239,0.0,6.3927,30891.84,15792.0,15792.0,94529.0304,48323.52,,,4.265
000881,中广核技,化工原料,辽宁,19980902,000881.SZ,20050816,3.0,3.02,2.93,2.97,3.01,-0.04,-1.33,12211.55,3634.0777,0.7733,0.7733,0.54,25.1392,21.0364,1.2491,0.5243,0.5085,0.0,6.5864,30891.84,15792.0,15792.0,91748.7648,46902.24,,,4.265
000881,中广核技,化工原料,辽宁,19980902,000881.SZ,20050815,2.91,3.03,2.91,3.01,2.93,0.08,2.73,11954.46,3557.9643,0.757,0.757,0.5,25.4778,21.3197,1.2659,0.5314,0.5153,0.0,6.4989,30891.84,15792.0,15792.0,92984.4384,47533.92,,,4.265
000881,中广核技,化工原料,辽宁,19980902,000881.SZ,20050812,3.05,3.06,2.91,2.93,3.04,-0.11,-3.62,19342.6,5763.3058,1.2248,1.2248,0.82,24.8006,20.7531,1.2323,0.5172,0.5016,0.0,6.6763,30891.84,15792.0,15792.0,90513.0912,46270.56,,,4.265
000881,中广核技,化工原料,辽宁,19980902,000881.SZ,20050811,3.0,3.08,2.99,3.04,3.02,0.02,0.66,21661.12,6556.0763,1.3717,1.3717,0.98,25.7317,21.5322,1.2785,0.5366,0.5204,0.0,6.4348,30891.84,15792.0,15792.0,93911.1936,48007.68,,,4.265
000881,中广核技,化工原料,辽宁,19980902,000881.SZ,20050810,3.01,3.04,2.94,3.02,3.01,0.01,0.33,25188.95,7550.3708,1.595,1.595,1.09,25.5624,21.3906,1.2701,0.5331,0.517,0.0,6.4774,30891.84,15792.0,15792.0,93293.3568,47691.84,,,4.265
000881,中广核技,化工原料,辽宁,19980902,000881.SZ,20050809,2.89,3.03,2.86,3.01,2.9,0.11,3.79,34325.96,10165.9542,2.1736,2.1736,1.87,25.4778,21.3197,1.2659,0.5314,0.5153,0.0,6.4989,30891.84,15792.0,15792.0,92984.4384,47533.92,,,4.265
000881,中广核技,化工原料,辽宁,19980902,000881.SZ,20050808,2.9,2.95,2.85,2.9,2.88,0.02,0.69,19820.9,5732.0524,1.2551,1.2551,1.24,24.5467,20.5406,1.2197,0.5119,0.4965,0.0,6.7454,30891.84,15792.0,15792.0,89586.336,45796.8,,,4.265
000881,中广核技,化工原料,辽宁,19980902,000881.SZ,20050805,2.81,2.9,2.81,2.88,2.81,0.07,2.49,17545.92,5026.7524,1.1111,1.1111,1.24,24.3774,20.3989,1.2113,0.5084,0.4931,0.0,6.7923,30891.84,15792.0,15792.0,88968.4992,45480.96,,,4.265
000881,中广核技,化工原料,辽宁,19980902,000881.SZ,20050804,2.85,2.89,2.8,2.81,2.86,-0.05,-1.75,13156.72,3733.4405,0.8331,0.8331,0.91,23.7849,19.9031,1.1818,0.496,0.4811,0.0,6.9615,30891.84,15792.0,15792.0,86806.0704,44375.52,,,4.265
000881,中广核技,化工原料,辽宁,19980902,000881.SZ,20050803,2.81,2.99,2.78,2.86,2.79,0.07,2.51,31142.57,8979.2886,1.972,1.972,2.76,24.2081,20.2573,1.2028,0.5049,0.4896,0.0,6.8398,30891.84,15792.0,15792.0,88350.6624,45165.12,,,4.265
000881,中广核技,化工原料,辽宁,19980902,000881.SZ,20050802,2.73,2.79,2.71,2.79,2.73,0.06,2.2,10312.3,2851.9344,0.653,0.653,0.85,23.6156,19.7615,1.1734,0.4925,0.4776,0.0,7.0114,30891.84,15792.0,15792.0,86188.2336,44059.68,,,4.265
000881,中广核技,化工原料,辽宁,19980902,000881.SZ,20050801,2.7,2.73,2.68,2.73,2.69,0.04,1.49,7457.5,2021.0754,0.4722,0.4722,0.61,23.1077,19.3365,1.1482,0.4819,0.4674,0.0,7.1655,30891.84,15792.0,15792.0,84334.7232,43112.16,,,4.265
000881,中广核技,化工原料,辽宁,19980902,000881.SZ,20050729,2.73,2.75,2.68,2.69,2.75,-0.06,-2.18,8533.84,2316.4666,0.5404,0.5404,0.6,22.7692,19.0532,1.1313,0.4749,0.4605,0.0,7.272,30891.84,15792.0,15792.0,83099.0496,42480.48,,,4.265
000881,中广核技,化工原料,辽宁,19980902,000881.SZ,20050728,2.78,2.83,2.73,2.75,2.76,-0.01,-0.36,15227.74,4226.2152,0.9643,0.9643,0.85,23.277,19.4782,1.1566,0.4855,0.4708,0.0,7.1133,30891.84,15792.0,15792.0,84952.56,43428.0,,,4.265
000881,中广核技,化工原料,辽宁,19980902,000881.SZ,20050727,2.72,2.77,2.68,2.76,2.71,0.05,1.85,14816.83,4032.1869,0.9382,0.9382,0.82,23.3617,21.1042,1.1356,0.4872,0.4823,0.0,7.0876,30891.84,15792.0,15792.0,85261.4784,43585.92,,,4.265
000881,中广核技,化工原料,辽宁,19980902,000881.SZ,20050726,2.68,2.72,2.64,2.71,2.68,0.03,1.12,14523.05,3917.8534,0.9196,0.9196,0.86,22.9384,20.7219,1.115,0.4784,0.4736,0.0,7.2183,30891.84,15792.0,15792.0,83716.8864,42796.32,,,4.265
000881,中广核技,化工原料,辽宁,19980902,000881.SZ,20050725,2.64,2.7,2.61,2.68,2.66,0.02,0.75,8103.79,2145.3053,0.5132,0.5132,0.44,22.6845,20.4925,1.1027,0.4731,0.4684,0.0,7.2991,30891.84,15792.0,15792.0,82790.1312,42322.56,,,4.265
000881,中广核技,化工原料,辽宁,19980902,000881.SZ,20050722,2.56,2.72,2.56,2.66,2.65,0.01,0.38,18576.71,4919.4104,1.1763,1.1763,0.97,22.5152,20.3396,1.0944,0.4696,0.4649,0.0,7.354,30891.84,15792.0,15792.0,82172.2944,42006.72,,,4.265
000881,中广核技,化工原料,辽宁,19980902,000881.SZ,20050721,2.78,2.79,2.62,2.65,2.55,0.1,3.92,33367.13,8983.6233,2.1129,2.1129,2.37,22.4306,20.2631,1.0903,0.4678,0.4631,0.0,7.3818,30891.84,15792.0,15792.0,81863.376,41848.8,,,4.265
000881,中广核技,化工原料,辽宁,19980902,000881.SZ,20050720,2.46,2.6,2.41,2.55,2.46,0.09,3.66,15290.84,3890.4178,0.9683,0.9683,1.23,21.5841,19.4985,1.0492,0.4501,0.4456,0.0,7.6713,30891.84,15792.0,15792.0,78774.192,40269.6,,,4.265
000881,中广核技,化工原料,辽宁,19980902,000881.SZ,20050719,2.42,2.47,2.34,2.46,2.46,0.0,0.0,8700.31,2093.7298,0.5509,0.5509,0.74,20.8224,18.8103,1.0121,0.4343,0.4299,0.0,7.9519,30891.84,15792.0,15792.0,75993.9264,38848.32,,,4.265
000881,中广核技,化工原料,辽宁,19980902,000881.SZ,20050718,2.71,2.72,2.46,2.46,2.73,-0.27,-9.89,16876.07,4233.5721,1.0686,1.0686,1.85,20.8224,18.8103,1.0121,0.4343,0.4299,0.0,7.9519,30891.84,15792.0,15792.0,75993.9264,38848.32,,,4.265
000881,中广核技,化工原料,辽宁,19980902,000881.SZ,20050715,2.69,2.86,2.66,2.73,2.7,0.03,1.11,21576.12,5970.5668,1.3663,1.3663,3.79,23.1077,20.8748,1.1232,0.4819,0.4771,0.0,7.1655,30891.84,15792.0,15792.0,84334.7232,43112.16,,,4.265
000881,中广核技,化工原料,辽宁,19980902,000881.SZ,20050714,2.61,2.75,2.6,2.7,2.66,0.04,1.5,8074.71,2177.9224,0.5113,0.5113,1.69,22.8538,20.6454,1.1109,0.4766,0.4719,0.0,7.2451,30891.84,15792.0,15792.0,83407.968,42638.4,,,4.265
000881,中广核技,化工原料,辽宁,19980902,000881.SZ,20050713,2.73,2.78,2.66,2.76,2.72,0.04,1.47,6886.87,1881.4571,0.4361,0.4361,1.67,23.3617,21.1042,1.1356,0.4872,0.4823,0.0,,30891.84,15792.0,15792.0,85261.4784,43585.92,,,4.265
000881,中广核技,化工原料,辽宁,19980902,000881.SZ,20050712,2.62,2.75,2.6,2.72,2.62,0.1,3.82,5083.07,1363.2446,0.3219,0.3219,1.42,23.0231,20.7984,1.1191,0.4802,0.4753,0.0,,30891.84,15792.0,15792.0,84025.8048,42954.24,,,4.265
000881,中广核技,化工原料,辽宁,19980902,000881.SZ,20050711,2.62,2.77,2.61,2.62,2.62,0.0,0.0,3913.0,1040.9898,0.2478,0.2478,1.01,22.1767,20.0337,1.078,0.4625,0.4579,0.0,,30891.84,15792.0,15792.0,80936.6208,41375.04,,,4.265
000881,中广核技,化工原料,辽宁,19980902,000881.SZ,20050708,2.7,2.72,2.62,2.62,2.75,-0.13,-4.73,4479.0,1195.634,0.2836,0.2836,0.84,22.1767,20.0337,1.078,0.4625,0.4579,0.0,,30891.84,15792.0,15792.0,80936.6208,41375.04,,,4.265
000881,中广核技,化工原料,辽宁,19980902,000881.SZ,20050707,2.71,2.78,2.69,2.75,2.71,0.04,1.48,3592.16,986.3761,0.2275,0.2275,0.62,23.277,21.0278,1.1315,0.4855,0.4806,0.0,,30891.84,15792.0,15792.0,84952.56,43428.0,,,4.265
000881,中广核技,化工原料,辽宁,19980902,000881.SZ,20050706,2.67,2.72,2.66,2.71,2.67,0.04,1.5,3602.22,969.8162,0.2281,0.2281,0.57,22.9384,20.7219,1.115,0.4784,0.4736,0.0,,30891.84,15792.0,15792.0,83716.8864,42796.32,,,4.265
000881,中广核技,化工原料,辽宁,19980902,000881.SZ,20050705,2.69,2.69,2.65,2.67,2.68,-0.01,-0.37,2302.0,615.194,0.1458,0.1458,0.34,22.5999,20.416,1.0986,0.4713,0.4666,0.0,,30891.84,15792.0,15792.0,82481.2128,42164.64,,,4.265
000881,中广核技,化工原料,辽宁,19980902,000881.SZ,20050704,2.74,2.75,2.61,2.68,2.74,-0.06,-2.19,5398.2,1441.8144,0.3418,0.3418,0.69,22.6845,20.4925,1.1027,0.4731,0.4684,0.0,,30891.84,15792.0,15792.0,82790.1312,42322.56,,,4.265
000881,中广核技,化工原料,辽宁,19980902,000881.SZ,20050701,2.9,3.0,2.74,2.74,3.04,-0.3,-9.87,11813.0,3369.8539,0.748,0.748,1.44,23.1924,20.9513,1.1274,0.4837,0.4788,0.0,,30891.84,15792.0,15792.0,84643.6416,43270.08,,,4.265
000881,中广核技,化工原料,辽宁,19980902,000881.SZ,20050630,3.13,3.14,3.04,3.04,3.16,-0.12,-3.8,5626.0,1731.4665,0.3563,0.3563,0.62,25.7317,23.2452,1.2508,0.5366,0.5313,0.0,,30891.84,15792.0,15792.0,93911.1936,48007.68,,,4.265
000881,中广核技,化工原料,辽宁,19980902,000881.SZ,20050629,3.1,3.16,3.08,3.16,3.11,0.05,1.61,6449.06,2003.9944,0.4084,0.4084,0.71,26.7474,24.1628,1.3002,0.5578,0.5522,0.0,,30891.84,15792.0,15792.0,97618.2144,49902.72,,,4.265
000881,中广核技,化工原料,辽宁,19980902,000881.SZ,20050628,3.16,3.19,3.09,3.11,3.21,-0.1,-3.12,4301.4,1346.961,0.2724,0.2724,0.43,26.3242,23.7805,1.2796,0.549,0.5435,0.0,,30891.84,15792.0,15792.0,96073.6224,49113.12,,,4.265
000881,中广核技,化工原料,辽宁,19980902,000881.SZ,20050627,3.13,3.22,3.12,3.21,3.1,0.11,3.55,11102.49,3531.2986,0.703,0.703,1.21,27.1706,24.5451,1.3207,0.5667,0.561,0.0,,30891.84,15792.0,15792.0,99162.8064,50692.32,,,4.265
000881,中广核技,化工原料,辽宁,19980902,000881.SZ,20050624,3.16,3.17,3.03,3.1,3.17,-0.07,-2.21,13439.92,4132.4455,0.8511,0.8511,1.82,26.2396,23.704,1.2755,0.5472,0.5418,0.0,,30891.84,15792.0,15792.0,95764.704,48955.2,,,4.265
000881,中广核技,化工原料,辽宁,19980902,000881.SZ,20050623,3.19,3.25,3.17,3.17,3.22,-0.05,-1.55,10308.0,3295.081,0.6527,0.6527,1.67,26.8321,24.2393,1.3043,0.5596,0.554,0.0,,30891.84,15792.0,15792.0,97927.1328,50060.64,,,4.265
000881,中广核技,化工原料,辽宁,19980902,000881.SZ,20050622,3.2,3.24,3.17,3.22,3.22,0.0,0.0,6474.6,2069.616,0.41,0.41,0.96,27.2553,24.6216,1.3248,0.5684,0.5627,0.0,,30891.84,15792.0,15792.0,99471.7248,50850.24,,,4.265
000881,中广核技,化工原料,辽宁,19980902,000881.SZ,20050621,3.27,3.27,3.19,3.22,3.28,-0.06,-1.83,8972.01,2884.4932,0.5681,0.5681,1.32,27.2553,24.6216,1.3248,0.5684,0.5627,0.0,,30891.84,15792.0,15792.0,99471.7248,50850.24,,,4.265
000881,中广核技,化工原料,辽宁,19980902,000881.SZ,20050620,3.23,3.29,3.17,3.28,3.21,0.07,2.18,6619.55,2144.3637,0.4192,0.4192,1.01,27.7631,25.0804,1.3495,0.579,0.5732,0.0,,30891.84,15792.0,15792.0,101325.2352,51797.76,,,4.265
000881,中广核技,化工原料,辽宁,19980902,000881.SZ,20050617,3.2,3.25,3.16,3.21,3.22,-0.01,-0.31,4455.0,1426.2879,0.2821,0.2821,0.59,27.1706,24.5451,1.3207,0.5667,0.561,0.0,,30891.84,15792.0,15792.0,99162.8064,50692.32,,,4.265
000881,中广核技,化工原料,辽宁,19980902,000881.SZ,20050616,3.23,3.25,3.15,3.22,3.21,0.01,0.31,4300.79,1372.3599,0.2723,0.2723,0.42,27.2553,24.6216,1.3248,0.5684,0.5627,0.0,,30891.84,15792.0,15792.0,99471.7248,50850.24,,,4.265
000881,中广核技,化工原料,辽宁,19980902,000881.SZ,20050615,3.34,3.34,3.19,3.21,3.35,-0.14,-4.18,9315.44,3028.6768,0.5899,0.5899,0.74,27.1706,24.5451,1.3207,0.5667,0.561,0.0,,30891.84,15792.0,15792.0,99162.8064,50692.32,,,4.265
000881,中广核技,化工原料,辽宁,19980902,000881.SZ,20050614,3.39,3.43,3.35,3.35,3.39,-0.04,-1.18,9178.4,3110.1936,0.5812,0.5812,0.74,28.3556,25.6156,1.3783,0.5914,0.5854,0.0,,30891.84,15792.0,15792.0,103487.664,52903.2,,,4.265
000881,中广核技,化工原料,辽宁,19980902,000881.SZ,20050613,3.33,3.4,3.3,3.39,3.34,0.05,1.5,5429.28,1818.2977,0.3438,0.3438,0.44,28.6942,25.9215,1.3948,0.5984,0.5924,0.0,,30891.84,15792.0,15792.0,104723.3376,53534.88,,,4.265
000881,中广核技,化工原料,辽宁,19980902,000881.SZ,20050610,3.42,3.42,3.33,3.34,3.42,-0.08,-2.34,9686.24,3267.7551,0.6134,0.6134,0.88,28.271,25.5392,1.3742,0.5896,0.5837,0.0,,30891.84,15792.0,15792.0,103178.7456,52745.28,,,4.265
000881,中广核技,化工原料,辽宁,19980902,000881.SZ,20050609,3.44,3.46,3.36,3.42,3.44,-0.02,-0.58,17118.36,5833.1251,1.084,1.084,2.02,28.9481,26.1509,1.4071,0.6037,0.5977,0.0,,30891.84,15792.0,15792.0,105650.0928,54008.64,,,4.265
000881,中广核技,化工原料,辽宁,19980902,000881.SZ,20050608,3.2,3.5,3.2,3.44,3.21,0.23,7.17,21346.65,7156.4755,1.3517,1.3517,4.53,29.1174,26.3038,1.4154,0.6073,0.6012,0.0,,30891.84,15792.0,15792.0,106267.9296,54324.48,,,4.265
000881,中广核技,化工原料,辽宁,19980902,000881.SZ,20050607,3.27,3.28,3.21,3.21,3.25,-0.04,-1.23,8522.0,2773.0487,0.5396,0.5396,2.29,27.1706,24.5451,1.3207,0.5667,0.561,0.0,,30891.84,15792.0,15792.0,99162.8064,50692.32,,,4.265
000881,中广核技,化工原料,辽宁,19980902,000881.SZ,20050606,3.2,3.28,3.17,3.25,3.2,0.05,1.56,5090.29,1637.1373,0.3223,0.3223,1.26,27.5092,24.851,1.3372,0.5737,0.568,0.0,,30891.84,15792.0,15792.0,100398.48,51324.0,,,4.265
000881,中广核技,化工原料,辽宁,19980902,000881.SZ,20050603,3.2,3.23,3.17,3.2,3.22,-0.02,-0.62,2785.04,892.0637,0.1764,0.1764,0.45,27.086,24.4687,1.3166,0.5649,0.5592,0.0,,30891.84,15792.0,15792.0,98853.888,50534.4,,,4.265
000881,中广核技,化工原料,辽宁,19980902,000881.SZ,20050602,3.24,3.26,3.19,3.22,3.24,-0.02,-0.62,4608.5,1485.838,0.2918,0.2918,0.77,27.2553,24.6216,1.3248,0.5684,0.5627,0.0,,30891.84,15792.0,15792.0,99471.7248,50850.24,,,4.265
000881,中广核技,化工原料,辽宁,19980902,000881.SZ,20050601,3.31,3.32,3.23,3.24,3.31,-0.07,-2.11,2571.72,838.0526,0.1628,0.1628,0.39,27.4246,24.7745,1.3331,0.572,0.5662,0.0,,30891.84,15792.0,15792.0,100089.5616,51166.08,,,4.265
000881,中广核技,化工原料,辽宁,19980902,000881.SZ,20050531,3.37,3.37,3.29,3.31,3.35,-0.04,-1.19,3542.0,1178.522,0.2243,0.2243,0.54,28.0171,25.3098,1.3619,0.5843,0.5785,0.0,,30891.84,15792.0,15792.0,102251.9904,52271.52,,,4.265
000881,中广核技,化工原料,辽宁,19980902,000881.SZ,20050530,3.34,3.37,3.27,3.35,3.35,0.0,0.0,6703.15,2216.8394,0.4245,0.4245,1.15,28.3556,25.6156,1.3783,0.5914,0.5854,0.0,,30891.84,15792.0,15792.0,103487.664,52903.2,,,4.265
000881,中广核技,化工原料,辽宁,19980902,000881.SZ,20050527,3.32,3.43,3.3,3.35,3.29,0.06,1.82,13237.78,4461.1437,0.8383,0.8383,3.13,28.3556,25.6156,1.3783,0.5914,0.5854,0.0,,30891.84,15792.0,15792.0,103487.664,52903.2,,,4.265
000881,中广核技,化工原料,辽宁,19980902,000881.SZ,20050526,3.35,3.38,3.28,3.29,3.31,-0.02,-0.6,4021.1,1332.3306,0.2546,0.2546,0.94,27.8478,25.1569,1.3536,0.5808,0.575,0.0,,30891.84,15792.0,15792.0,101634.1536,51955.68,,,4.265
000881,中广核技,化工原料,辽宁,19980902,000881.SZ,20050525,3.3,3.35,3.26,3.31,3.19,0.12,3.76,5693.51,1877.4192,0.3605,0.3605,1.48,28.0171,25.3098,1.3619,0.5843,0.5785,0.0,,30891.84,15792.0,15792.0,102251.9904,52271.52,,,4.265
000881,中广核技,化工原料,辽宁,19980902,000881.SZ,20050523,3.31,3.32,3.18,3.19,3.33,-0.14,-4.2,3208.25,1032.6669,0.2032,0.2032,0.81,27.0013,24.3922,1.3125,0.5631,0.5575,0.0,,30891.84,15792.0,15792.0,98544.9696,50376.48,,,4.265
000881,中广核技,化工原料,辽宁,19980902,000881.SZ,20050520,3.37,3.38,3.32,3.33,3.37,-0.04,-1.19,3002.36,1004.1816,0.1901,0.1901,0.71,28.1864,25.4627,1.3701,0.5878,0.5819,0.0,,30891.84,15792.0,15792.0,102869.8272,52587.36,,,4.265
000881,中广核技,化工原料,辽宁,19980902,000881.SZ,20050519,3.31,3.4,3.24,3.37,3.32,0.05,1.51,5194.97,1734.1883,0.329,0.329,1.39,28.5249,25.7686,1.3866,0.5949,0.5889,0.0,,30891.84,15792.0,15792.0,104105.5008,53219.04,,,4.265
000881,中广核技,化工原料,辽宁,19980902,000881.SZ,20050518,3.28,3.32,3.24,3.32,3.3,0.02,0.61,4326.08,1415.7669,0.2739,0.2739,1.16,28.1017,25.3862,1.366,0.5861,0.5802,0.0,,30891.84,15792.0,15792.0,102560.9088,52429.44,,,4.265
000881,中广核技,化工原料,辽宁,19980902,000881.SZ,20050517,3.23,3.3,3.2,3.3,3.24,0.06,1.85,3484.9,1142.6558,0.2207,0.2207,0.9,27.9324,25.2333,1.3578,0.5825,0.5767,0.0,,30891.84,15792.0,15792.0,101943.072,52113.6,,,4.265
000881,中广核技,化工原料,辽宁,19980902,000881.SZ,20050516,3.29,3.3,3.2,3.24,3.3,-0.06,-1.82,3849.64,1247.4138,0.2438,0.2438,0.92,27.4246,24.7745,1.3331,0.572,0.5662,0.0,,30891.84,15792.0,15792.0,100089.5616,51166.08,,,4.265
000881,中广核技,化工原料,辽宁,19980902,000881.SZ,20050513,3.27,3.35,3.22,3.3,3.26,0.04,1.23,4211.0,1384.0785,0.2667,0.2667,0.77,27.9324,25.2333,1.3578,0.5825,0.5767,0.0,,30891.84,15792.0,15792.0,101943.072,52113.6,,,4.265
000881,中广核技,化工原料,辽宁,19980902,000881.SZ,20050512,3.25,3.33,3.25,3.26,3.29,-0.03,-0.91,2812.9,924.4653,0.1781,0.1781,0.43,27.5939,24.9275,1.3413,0.5755,0.5697,0.0,,30891.84,15792.0,15792.0,100707.3984,51481.92,,,4.265
000881,中广核技,化工原料,辽宁,19980902,000881.SZ,20050511,3.35,3.38,3.28,3.29,3.37,-0.08,-2.37,4280.55,1421.6735,0.2711,0.2711,0.58,27.8478,25.1569,1.3536,0.5808,0.575,0.0,,30891.84,15792.0,15792.0,101634.1536,51955.68,,,4.265
000881,中广核技,化工原料,辽宁,19980902,000881.SZ,20050510,3.2,3.37,3.15,3.37,3.3,0.07,2.12,4210.78,1372.8518,0.2666,0.2666,0.48,28.5249,25.7686,1.3866,0.5949,0.5889,0.0,,30891.84,15792.0,15792.0,104105.5008,53219.04,,,4.265
000881,中广核技,化工原料,辽宁,19980902,000881.SZ,20050509,3.4,3.46,3.3,3.3,3.32,-0.02,-0.6,5469.4,1846.2025,0.3463,0.3463,0.49,27.9324,25.2333,1.3578,0.5825,0.5767,0.0,,30891.84,15792.0,15792.0,101943.072,52113.6,,,4.265
000881,中广核技,化工原料,辽宁,19980902,000881.SZ,20050429,3.4,3.48,3.32,3.32,3.37,-0.05,-1.48,10676.16,3639.2269,0.676,0.676,0.77,28.1017,25.3862,1.366,0.5861,0.5802,0.0,,30891.84,15792.0,15792.0,102560.9088,52429.44,,,4.265
000881,中广核技,化工原料,辽宁,19980902,000881.SZ,20050428,3.2,3.42,3.2,3.37,3.25,0.12,3.69,8172.87,2712.1739,0.5175,0.5175,0.37,28.5249,25.7686,1.3866,0.5949,0.5889,0.0,,30891.84,15792.0,15792.0,104105.5008,53219.04,,,4.265
000881,中广核技,化工原料,辽宁,19980902,000881.SZ,20050427,3.38,3.4,3.24,3.25,3.39,-0.14,-4.13,8093.11,2660.8288,0.5125,0.5125,0.26,27.5092,24.851,1.3372,0.5737,0.568,0.0,,30891.84,15792.0,15792.0,100398.48,51324.0,,,4.265
000881,中广核技,化工原料,辽宁,19980902,000881.SZ,20050426,3.27,3.48,3.15,3.39,3.37,0.02,0.59,11027.19,3624.6633,0.6983,0.6983,0.31,28.6942,25.9215,1.3948,0.5984,0.5924,0.0,,30891.84,15792.0,15792.0,104723.3376,53534.88,,,4.265
000881,中广核技,化工原料,辽宁,19980902,000881.SZ,20050425,3.68,3.68,3.37,3.37,3.74,-0.37,-9.89,18047.96,6181.7619,1.1429,1.1429,0.55,28.5249,25.7686,1.3866,0.5949,0.5889,0.0,,30891.84,15792.0,15792.0,104105.5008,53219.04,,,4.265
000881,中广核技,化工原料,辽宁,19980902,000881.SZ,20050422,3.97,3.98,3.64,3.74,4.04,-0.3,-7.43,24056.23,9050.3871,1.5233,1.5233,0.84,31.6567,28.5978,1.5388,0.6602,0.6536,0.0,,30891.84,15792.0,15792.0,115535.4816,59062.08,,,4.265
000881,中广核技,化工原料,辽宁,19980902,000881.SZ,20050421,4.1,4.19,3.91,4.04,4.04,0.0,0.0,49912.05,20302.6407,3.1606,3.1606,2.59,34.1961,30.8917,1.6622,0.7132,0.706,0.0,,30891.84,15792.0,15792.0,124803.0336,63799.68,,,4.265
000881,中广核技,化工原料,辽宁,19980902,000881.SZ,20050420,4.0,4.24,3.9,4.04,3.97,0.07,1.76,54750.34,22238.1839,3.467,3.467,5.79,34.1961,30.8917,1.6622,0.7132,0.706,0.0,,30891.84,15792.0,15792.0,124803.0336,63799.68,,,4.265
000881,中广核技,化工原料,辽宁,19980902,000881.SZ,20050419,3.85,3.97,3.75,3.97,3.61,0.36,9.97,33101.1,12890.6585,2.0961,2.0961,9.11,33.6036,33.6036,1.6517,0.7008,0.7008,0.0,,30891.84,15792.0,15792.0,122640.6048,62694.24,,,4.265
000881,中广核技,化工原料,辽宁,19980902,000881.SZ,20050418,3.58,3.63,3.55,3.61,3.62,-0.01,-0.28,1723.1,617.3596,0.1091,0.1091,0.41,30.5564,30.5564,1.5019,0.6373,0.6373,0.0,,30891.84,15792.0,15792.0,111519.5424,57009.12,,,4.265
000881,中广核技,化工原料,辽宁,19980902,000881.SZ,20050415,3.6,3.74,3.56,3.62,3.72,-0.1,-2.69,3954.94,1428.0346,0.2504,0.2504,0.94,30.641,30.641,1.5061,0.639,0.639,0.0,,30891.84,15792.0,15792.0,111828.4608,57167.04,,,4.265
000881,中广核技,化工原料,辽宁,19980902,000881.SZ,20050414,3.82,3.84,3.69,3.72,3.82,-0.1,-2.62,2921.13,1102.6351,0.185,0.185,0.61,31.4875,31.4875,1.5477,0.6567,0.6567,0.0,,30891.84,15792.0,15792.0,114917.6448,58746.24,,,4.265
000881,中广核技,化工原料,辽宁,19980902,000881.SZ,20050413,3.72,3.82,3.72,3.82,3.71,0.11,2.97,5539.69,2100.9019,0.3508,0.3508,1.22,32.3339,32.3339,1.5893,0.6743,0.6743,0.0,,30891.84,15792.0,15792.0,118006.8288,60325.44,,,4.265
000881,中广核技,化工原料,辽宁,19980902,000881.SZ,20050412,3.82,3.82,3.7,3.71,3.82,-0.11,-2.88,4026.2,1504.8017,0.255,0.255,0.92,31.4028,31.4028,1.5435,0.6549,0.6549,0.0,,30891.84,15792.0,15792.0,114608.7264,58588.32,,,4.265
000881,中广核技,化工原料,辽宁,19980902,000881.SZ,20050411,3.83,3.85,3.76,3.82,3.82,0.0,0.0,4443.9,1689.2935,0.2814,0.2814,1.12,32.3339,32.3339,1.5893,0.6743,0.6743,0.0,,30891.84,15792.0,15792.0,118006.8288,60325.44,,,4.265
000881,中广核技,化工原料,辽宁,19980902,000881.SZ,20050408,3.75,3.82,3.71,3.82,3.76,0.06,1.6,4155.51,1567.2554,0.2631,0.2631,1.11,32.3339,32.3339,1.5893,0.6743,0.6743,0.0,,30891.84,15792.0,15792.0,118006.8288,60325.44,,,4.265
000881,中广核技,化工原料,辽宁,19980902,000881.SZ,20050407,3.71,3.82,3.7,3.76,3.71,0.05,1.35,5716.39,2155.7727,0.362,0.362,1.78,31.826,31.826,1.5643,0.6637,0.6637,0.0,,30891.84,15792.0,15792.0,116153.3184,59377.92,,,4.265
000881,中广核技,化工原料,辽宁,19980902,000881.SZ,20050406,3.63,3.73,3.61,3.71,3.63,0.08,2.2,4429.66,1616.9759,0.2805,0.2805,1.53,31.4028,31.4028,1.5435,0.6549,0.6549,0.0,,30891.84,15792.0,15792.0,114608.7264,58588.32,,,4.265
000881,中广核技,化工原料,辽宁,19980902,000881.SZ,20050405,3.71,3.72,3.62,3.63,3.71,-0.08,-2.16,3020.48,1100.8469,0.1913,0.1913,1.15,30.7257,30.7257,1.5102,0.6408,0.6408,0.0,,30891.84,15792.0,15792.0,112137.3792,57324.96,,,4.265
000881,中广核技,化工原料,辽宁,19980902,000881.SZ,20050404,3.72,3.77,3.65,3.71,3.72,-0.01,-0.27,2541.47,943.9718,0.1609,0.1609,0.96,31.4028,31.4028,1.5435,0.6549,0.6549,0.0,,30891.84,15792.0,15792.0,114608.7264,58588.32,,,4.265
000881,中广核技,化工原料,辽宁,19980902,000881.SZ,20050401,3.64,3.78,3.58,3.72,3.64,0.08,2.2,2966.8,1094.6175,0.1879,0.1879,1.09,31.4875,31.4875,1.5477,0.6567,0.6567,0.0,,30891.84,15792.0,15792.0,114917.6448,58746.24,,,4.265
000881,中广核技,化工原料,辽宁,19980902,000881.SZ,20050331,3.68,3.7,3.55,3.64,3.64,0.0,0.0,3108.3,1123.0134,0.1968,0.1968,1.18,30.8103,30.8103,1.5144,0.6426,0.6426,0.0,,30891.84,15792.0,15792.0,112446.2976,57482.88,,,4.265
000881,中广核技,化工原料,辽宁,19980902,000881.SZ,20050330,3.81,3.82,3.64,3.64,3.83,-0.19,-4.96,2874.0,1067.476,0.182,0.182,1.02,30.8103,30.8103,1.5144,0.6426,0.6426,0.0,,30891.84,15792.0,15792.0,112446.2976,57482.88,,,4.265
000881,中广核技,化工原料,辽宁,19980902,000881.SZ,20050329,3.84,3.87,3.8,3.83,3.84,-0.01,-0.26,1664.5,639.5732,0.1054,0.1054,0.49,32.4185,32.4185,1.5934,0.6761,0.6761,0.0,,30891.84,15792.0,15792.0,118315.7472,60483.36,,,4.265
000881,中广核技,化工原料,辽宁,19980902,000881.SZ,20050328,3.81,3.89,3.8,3.84,3.87,-0.03,-0.78,2667.39,1020.841,0.1689,0.1689,0.85,32.5032,32.5032,1.5976,0.6779,0.6779,0.0,,30891.84,15792.0,15792.0,118624.6656,60641.28,,,4.265
000881,中广核技,化工原料,辽宁,19980902,000881.SZ,20050325,3.9,3.97,3.84,3.87,3.88,-0.01,-0.26,3307.5,1294.8865,0.2094,0.2094,1.11,32.7571,32.7571,1.6101,0.6832,0.6832,0.0,,30891.84,15792.0,15792.0,119551.4208,61115.04,,,4.265
000881,中广核技,化工原料,辽宁,19980902,000881.SZ,20050324,3.8,3.88,3.72,3.88,3.79,0.09,2.37,2634.25,1001.9412,0.1668,0.1668,0.73,54.4651,33.5188,1.5995,0.9813,0.8676,0.0,,30891.84,15792.0,15792.0,119860.3392,61272.96,,,4.265
000881,中广核技,化工原料,辽宁,19980902,000881.SZ,20050323,3.8,3.85,3.76,3.79,3.8,-0.01,-0.26,3802.43,1445.8124,0.2408,0.2408,1.02,53.2017,32.7413,1.5624,0.9586,0.8474,0.0,,30891.84,15792.0,15792.0,117080.0736,59851.68,,,4.265
000881,中广核技,化工原料,辽宁,19980902,000881.SZ,20050322,4.12,4.12,3.78,3.8,4.09,-0.29,-7.09,4511.0,1757.181,0.2857,0.2857,1.04,53.3421,32.8277,1.5665,0.9611,0.8497,0.0,,30891.84,15792.0,15792.0,117388.992,60009.6,,,4.265
000881,中广核技,化工原料,辽宁,19980902,000881.SZ,20050321,4.08,4.11,4.05,4.09,4.08,0.01,0.25,1474.5,601.8115,0.0934,0.0934,0.15,57.4129,35.333,1.6861,1.0344,0.9145,0.0,,30891.84,15792.0,15792.0,126347.6256,64589.28,,,4.265
000881,中广核技,化工原料,辽宁,19980902,000881.SZ,20050318,4.09,4.15,4.05,4.08,4.1,-0.02,-0.49,2517.91,1030.8876,0.1594,0.1594,0.25,57.2726,35.2466,1.682,1.0319,0.9123,0.0,,30891.84,15792.0,15792.0,126038.7072,64431.36,,,4.265
000881,中广核技,化工原料,辽宁,19980902,000881.SZ,20050317,4.21,4.21,4.09,4.1,4.22,-0.12,-2.84,5660.47,2340.8897,0.3584,0.3584,0.55,57.5533,35.4194,1.6902,1.037,0.9168,0.0,,30891.84,15792.0,15792.0,126656.544,64747.2,,,4.265
000881,中广核技,化工原料,辽宁,19980902,000881.SZ,20050316,4.29,4.29,4.17,4.22,4.31,-0.09,-2.09,4447.0,1876.5574,0.2816,0.2816,0.41,59.2378,36.456,1.7397,1.0673,0.9436,0.0,,30891.84,15792.0,15792.0,130363.5648,66642.24,,,4.265
000881,中广核技,化工原料,辽宁,19980902,000881.SZ,20050315,4.43,4.43,4.3,4.31,4.43,-0.12,-2.71,7627.97,3313.6931,0.483,0.483,0.75,60.5012,37.2335,1.7768,1.0901,0.9637,0.0,,30891.84,15792.0,15792.0,133143.8304,68063.52,,,4.265
000881,中广核技,化工原料,辽宁,19980902,000881.SZ,20050314,4.4,4.48,4.33,4.43,4.31,0.12,2.78,28081.63,12397.1665,1.7782,1.7782,5.49,62.1856,38.2702,1.8263,1.1204,0.9906,0.0,,30891.84,15792.0,15792.0,136850.8512,69958.56,,,4.265
000881,中广核技,化工原料,辽宁,19980902,000881.SZ,20050311,4.27,4.34,4.23,4.31,4.25,0.06,1.41,4299.22,1841.2739,0.2722,0.2722,0.88,60.5012,37.2335,1.7768,1.0901,0.9637,0.0,,30891.84,15792.0,15792.0,133143.8304,68063.52,,,4.265
000881,中广核技,化工原料,辽宁,19980902,000881.SZ,20050310,4.34,4.35,4.22,4.25,4.33,-0.08,-1.85,6976.4,2990.7786,0.4418,0.4418,1.63,59.6589,36.7152,1.7521,1.0749,0.9503,0.0,,30891.84,15792.0,15792.0,131290.32,67116.0,,,4.265
000881,中广核技,化工原料,辽宁,19980902,000881.SZ,20050309,4.27,4.33,4.25,4.33,4.27,0.06,1.41,6765.97,2900.5259,0.4284,0.4284,1.92,60.7819,37.4063,1.785,1.0951,0.9682,0.0,,30891.84,15792.0,15792.0,133761.6672,68379.36,,,4.265
000881,中广核技,化工原料,辽宁,19980902,000881.SZ,20050308,4.19,4.27,4.15,4.27,4.19,0.08,1.91,4736.47,2001.4878,0.2999,0.2999,1.41,59.9397,36.888,1.7603,1.08,0.9548,0.0,,30891.84,15792.0,15792.0,131908.1568,67431.84,,,4.265
000881,中广核技,化工原料,辽宁,19980902,000881.SZ,20050307,4.2,4.24,4.15,4.19,4.21,-0.02,-0.48,2777.11,1167.0748,0.1759,0.1759,0.83,58.8167,36.1969,1.7273,1.0597,0.9369,0.0,,30891.84,15792.0,15792.0,129436.8096,66168.48,,,4.265
000881,中广核技,化工原料,辽宁,19980902,000881.SZ,20050304,4.26,4.27,4.15,4.21,4.28,-0.07,-1.64,3087.0,1298.2028,0.1955,0.1955,0.76,59.0974,36.3697,1.7356,1.0648,0.9414,0.0,,30891.84,15792.0,15792.0,130054.6464,66484.32,,,4.265
000881,中广核技,化工原料,辽宁,19980902,000881.SZ,20050303,4.25,4.28,4.18,4.28,4.26,0.02,0.47,4075.86,1715.0622,0.2581,0.2581,0.92,60.08,36.9744,1.7644,1.0825,0.957,0.0,,30891.84,15792.0,15792.0,132217.0752,67589.76,,,4.265
000881,中广核技,化工原料,辽宁,19980902,000881.SZ,20050302,4.3,4.34,4.22,4.26,4.3,-0.04,-0.93,2928.61,1254.846,0.1854,0.1854,0.59,59.7993,36.8016,1.7562,1.0774,0.9525,0.0,,30891.84,15792.0,15792.0,131599.2384,67273.92,,,4.265
000881,中广核技,化工原料,辽宁,19980902,000881.SZ,20050301,4.33,4.33,4.26,4.3,4.31,-0.01,-0.23,3932.0,1683.175,0.249,0.249,0.76,60.3608,37.1472,1.7727,1.0875,0.9615,0.0,,30891.84,15792.0,15792.0,132834.912,67905.6,,,4.265
000881,中广核技,化工原料,辽宁,19980902,000881.SZ,20050228,4.31,4.35,4.28,4.31,4.33,-0.02,-0.46,2749.0,1185.4815,0.1741,0.1741,0.53,60.5012,37.2335,1.7768,1.0901,0.9637,0.0,,30891.84,15792.0,15792.0,133143.8304,68063.52,,,4.265
000881,中广核技,化工原料,辽宁,19980902,000881.SZ,20050225,4.29,4.41,4.29,4.33,4.37,-0.04,-0.92,6564.81,2863.2607,0.4157,0.4157,1.62,60.7819,37.4063,1.785,1.0951,0.9682,0.0,,30891.84,15792.0,15792.0,133761.6672,68379.36,,,4.265
000881,中广核技,化工原料,辽宁,19980902,000881.SZ,20050224,4.35,4.38,4.31,4.37,4.32,0.05,1.16,5873.59,2555.6044,0.3719,0.3719,1.86,61.3434,37.7519,1.8015,1.1052,0.9771,0.0,,30891.84,15792.0,15792.0,134997.3408,69011.04,,,4.265
000881,中广核技,化工原料,辽宁,19980902,000881.SZ,20050223,4.28,4.35,4.27,4.32,4.32,0.0,0.0,5526.02,2373.776,0.3499,0.3499,2.26,60.6415,37.3199,1.7809,1.0926,0.966,0.0,,30891.84,15792.0,15792.0,133452.7488,68221.44,,,4.265
000881,中广核技,化工原料,辽宁,19980902,000881.SZ,20050222,4.25,4.33,4.2,4.32,4.24,0.08,1.89,5317.91,2280.0384,0.3367,0.3367,2.69,60.6415,37.3199,1.7809,1.0926,0.966,0.0,,30891.84,15792.0,15792.0,133452.7488,68221.44,,,4.265
000881,中广核技,化工原料,辽宁,19980902,000881.SZ,20050221,4.17,4.25,4.17,4.24,4.17,0.07,1.68,2503.08,1053.6344,0.1585,0.1585,1.09,59.5185,36.6288,1.7479,1.0724,0.9481,0.0,,30891.84,15792.0,15792.0,130981.4016,66958.08,,,4.265
000881,中广核技,化工原料,辽宁,19980902,000881.SZ,20050218,4.21,4.22,4.14,4.17,4.21,-0.04,-0.95,1095.0,457.2017,0.0693,0.0693,0.4,58.5359,36.0241,1.7191,1.0547,0.9324,0.0,,30891.84,15792.0,15792.0,128818.9728,65852.64,,,4.265
000881,中广核技,化工原料,辽宁,19980902,000881.SZ,20050217,4.13,4.22,4.13,4.21,4.18,0.03,0.72,1336.91,558.4565,0.0847,0.0847,0.45,59.0974,36.3697,1.7356,1.0648,0.9414,0.0,,30891.84,15792.0,15792.0,130054.6464,66484.32,,,4.265
000881,中广核技,化工原料,辽宁,19980902,000881.SZ,20050216,4.19,4.23,4.16,4.18,4.16,0.02,0.48,1946.7,815.1562,0.1233,0.1233,0.55,58.6763,36.1105,1.7232,1.0572,0.9347,0.0,,30891.84,15792.0,15792.0,129127.8912,66010.56,,,4.265
000881,中广核技,化工原料,辽宁,19980902,000881.SZ,20050204,4.01,4.16,4.01,4.16,4.09,0.07,1.71,3013.41,1239.5054,0.1908,0.1908,0.95,58.3955,35.9377,1.715,1.0521,0.9302,0.0,,30891.84,15792.0,15792.0,128510.0544,65694.72,,,4.265
000881,中广核技,化工原料,辽宁,19980902,000881.SZ,20050203,4.18,4.2,4.09,4.09,4.17,-0.08,-1.92,4062.0,1683.225,0.2572,0.2572,1.44,57.4129,35.333,1.6861,1.0344,0.9145,0.0,,30891.84,15792.0,15792.0,126347.6256,64589.28,,,4.265
000881,中广核技,化工原料,辽宁,19980902,000881.SZ,20050202,4.0,4.19,4.0,4.17,4.0,0.17,4.25,3329.27,1375.0015,0.2108,0.2108,1.38,58.5359,36.0241,1.7191,1.0547,0.9324,0.0,,30891.84,15792.0,15792.0,128818.9728,65852.64,,,4.265
000881,中广核技,化工原料,辽宁,19980902,000881.SZ,20050201,4.07,4.14,3.98,4.0,4.07,-0.07,-1.72,2480.0,1007.154,0.157,0.157,1.09,56.1496,34.5555,1.649,1.0117,0.8944,0.0,,30891.84,15792.0,15792.0,123567.36,63168.0,,,4.265
000881,中广核技,化工原料,辽宁,19980902,000881.SZ,20050131,4.28,4.28,4.0,4.07,4.29,-0.22,-5.13,4944.79,2050.4308,0.3131,0.3131,2.52,57.1322,35.1602,1.6779,1.0294,0.9101,0.0,,30891.84,15792.0,15792.0,125729.7888,64273.44,,,3.332
000881,中广核技,化工原料,辽宁,19980902,000881.SZ,20050128,4.42,4.42,4.29,4.29,4.35,-0.06,-1.38,1123.0,485.7062,0.0711,0.0711,0.45,60.2204,37.0608,1.7685,1.085,0.9593,0.0,,30891.84,15792.0,15792.0,132525.9936,67747.68,,,3.332
000881,中广核技,化工原料,辽宁,19980902,000881.SZ,20050127,4.43,4.45,4.35,4.35,4.45,-0.1,-2.25,2242.5,983.2617,0.142,0.142,0.92,61.0626,37.5791,1.7933,1.1002,0.9727,0.0,,30891.84,15792.0,15792.0,134379.504,68695.2,,,3.332
000881,中广核技,化工原料,辽宁,19980902,000881.SZ,20050126,4.48,4.49,4.41,4.45,4.48,-0.03,-0.67,1301.94,580.0565,0.0824,0.0824,0.53,62.4664,38.443,1.8345,1.1255,0.995,0.0,,30891.84,15792.0,15792.0,137468.688,70274.4,,,3.332
000881,中广核技,化工原料,辽宁,19980902,000881.SZ,20050125,4.42,4.48,4.42,4.48,4.49,-0.01,-0.22,1796.44,799.6127,0.1138,0.1138,0.63,62.8875,38.7022,1.8469,1.1331,1.0017,0.0,,30891.84,15792.0,15792.0,138395.4432,70748.16,,,3.332
000881,中广核技,化工原料,辽宁,19980902,000881.SZ,20050124,4.55,4.6,4.45,4.49,4.42,0.07,1.58,3332.44,1494.5556,0.211,0.211,1.15,63.0279,38.7885,1.851,1.1356,1.004,0.0,,30891.84,15792.0,15792.0,138704.3616,70906.08,,,3.332
000881,中广核技,化工原料,辽宁,19980902,000881.SZ,20050121,4.27,4.42,4.27,4.42,4.37,0.05,1.14,3938.95,1714.2355,0.2494,0.2494,1.51,62.0453,38.1838,1.8221,1.1179,0.9883,0.0,,30891.84,15792.0,15792.0,136541.9328,69800.64,,,3.332
000881,中广核技,化工原料,辽宁,19980902,000881.SZ,20050120,4.33,4.39,4.33,4.37,4.4,-0.03,-0.68,1881.84,818.8845,0.1192,0.1192,0.68,61.3434,37.7519,1.8015,1.1052,0.9771,0.0,,30891.84,15792.0,15792.0,134997.3408,69011.04,,,3.332
000881,中广核技,化工原料,辽宁,19980902,000881.SZ,20050119,4.38,4.43,4.35,4.4,4.42,-0.02,-0.45,1395.0,611.289,0.0883,0.0883,0.52,61.7645,38.011,1.8139,1.1128,0.9838,0.0,,30891.84,15792.0,15792.0,135924.096,69484.8,,,3.332
000881,中广核技,化工原料,辽宁,19980902,000881.SZ,20050118,4.35,4.42,4.33,4.42,4.34,0.08,1.84,3731.3,1624.5952,0.2363,0.2363,1.63,62.0453,38.1838,1.8221,1.1179,0.9883,0.0,,30891.84,15792.0,15792.0,136541.9328,69800.64,,,3.332
000881,中广核技,化工原料,辽宁,19980902,000881.SZ,20050117,4.36,4.4,4.32,4.34,4.4,-0.06,-1.36,3594.0,1565.11,0.2276,0.2276,1.33,60.9223,37.4927,1.7892,1.0977,0.9704,0.0,,30891.84,15792.0,15792.0,134070.5856,68537.28,,,3.332
000881,中广核技,化工原料,辽宁,19980902,000881.SZ,20050114,4.4,4.45,4.38,4.4,4.41,-0.01,-0.23,2398.0,1056.525,0.1518,0.1518,0.88,61.7645,38.011,1.8139,1.1128,0.9838,0.0,,30891.84,15792.0,15792.0,135924.096,69484.8,,,3.332
000881,中广核技,化工原料,辽宁,19980902,000881.SZ,20050113,4.41,4.45,4.4,4.41,4.46,-0.05,-1.12,2778.84,1229.2006,0.176,0.176,1.15,61.9049,38.0974,1.818,1.1154,0.9861,0.0,,30891.84,15792.0,15792.0,136233.0144,69642.72,,,3.332
000881,中广核技,化工原料,辽宁,19980902,000881.SZ,20050112,4.49,4.49,4.42,4.46,4.48,-0.02,-0.45,943.6,418.4459,0.0598,0.0598,0.36,62.6068,38.5294,1.8386,1.128,0.9973,0.0,,30891.84,15792.0,15792.0,137777.6064,70432.32,,,3.332
000881,中广核技,化工原料,辽宁,19980902,000881.SZ,20050111,4.48,4.49,4.43,4.48,4.48,0.0,0.0,1701.99,759.111,0.1078,0.1078,0.69,62.8875,38.7022,1.8469,1.1331,1.0017,0.0,,30891.84,15792.0,15792.0,138395.4432,70748.16,,,3.332
000881,中广核技,化工原料,辽宁,19980902,000881.SZ,20050110,4.46,4.52,4.45,4.48,4.45,0.03,0.67,5681.46,2548.2011,0.3598,0.3598,3.41,62.8875,38.7022,1.8469,1.1331,1.0017,0.0,,30891.84,15792.0,15792.0,138395.4432,70748.16,,,3.332
000881,中广核技,化工原料,辽宁,19980902,000881.SZ,20050107,4.32,4.45,4.31,4.45,4.33,0.12,2.77,2531.05,1112.5051,0.1603,0.1603,1.34,62.4664,38.443,1.8345,1.1255,0.995,0.0,,30891.84,15792.0,15792.0,137468.688,70274.4,,,3.332
000881,中广核技,化工原料,辽宁,19980902,000881.SZ,20050106,4.35,4.41,4.32,4.33,4.42,-0.09,-2.04,1186.5,517.0435,0.0751,0.0751,0.6,60.7819,37.4063,1.785,1.0951,0.9682,0.0,,30891.84,15792.0,15792.0,133761.6672,68379.36,,,3.332
000881,中广核技,化工原料,辽宁,19980902,000881.SZ,20050105,4.38,4.44,4.36,4.42,4.37,0.05,1.14,1863.6,818.6364,0.118,0.118,0.87,62.0453,38.1838,1.8221,1.1179,0.9883,0.0,,30891.84,15792.0,15792.0,136541.9328,69800.64,,,3.332
000881,中广核技,化工原料,辽宁,19980902,000881.SZ,20050104,4.37,4.41,4.31,4.37,4.39,-0.02,-0.46,1111.0,483.58,0.0704,0.0704,0.49,61.3434,37.7519,1.8015,1.1052,0.9771,0.0,,30891.84,15792.0,15792.0,134997.3408,69011.04,,,3.332
000881,中广核技,化工原料,辽宁,19980902,000881.SZ,20041231,4.44,4.44,4.36,4.39,4.4,-0.01,-0.23,1631.01,715.7014,0.1033,0.1033,0.72,61.6241,37.9247,1.8098,1.1103,0.9816,0.0,,30891.84,15792.0,15792.0,135615.1776,69326.88,,,3.332
000881,中广核技,化工原料,辽宁,19980902,000881.SZ,20041230,4.4,4.46,4.38,4.4,4.42,-0.02,-0.45,3636.6,1601.854,0.2303,0.2303,1.21,61.7645,38.011,1.8139,1.1128,0.9838,0.0,,30891.84,15792.0,15792.0,135924.096,69484.8,,,3.332
000881,中广核技,化工原料,辽宁,19980902,000881.SZ,20041229,4.41,4.53,4.41,4.42,4.51,-0.09,-2.0,1667.0,745.281,0.1056,0.1056,0.48,62.0453,38.1838,1.8221,1.1179,0.9883,0.0,,30891.84,15792.0,15792.0,136541.9328,69800.64,,,3.332
000881,中广核技,化工原料,辽宁,19980902,000881.SZ,20041228,4.42,4.53,4.4,4.51,4.44,0.07,1.58,2711.0,1210.421,0.1717,0.1717,0.85,63.3086,38.9613,1.8592,1.1407,1.0084,0.0,,30891.84,15792.0,15792.0,139322.1984,71221.92,,,3.332
000881,中广核技,化工原料,辽宁,19980902,000881.SZ,20041227,4.46,4.54,4.43,4.44,4.5,-0.06,-1.33,1762.8,788.5494,0.1116,0.1116,0.53,62.326,38.3566,1.8304,1.1229,0.9928,0.0,,30891.84,15792.0,15792.0,137159.7696,70116.48,,,3.332
000881,中广核技,化工原料,辽宁,19980902,000881.SZ,20041224,4.49,4.57,4.47,4.5,4.51,-0.01,-0.22,1491.0,671.889,0.0944,0.0944,0.42,63.1683,38.8749,1.8551,1.1381,1.0062,0.0,,30891.84,15792.0,15792.0,139013.28,71064.0,,,3.332
000881,中广核技,化工原料,辽宁,19980902,000881.SZ,20041223,4.6,4.68,4.5,4.51,4.58,-0.07,-1.53,7354.57,3387.8234,0.4657,0.4657,2.75,63.3086,38.9613,1.8592,1.1407,1.0084,0.0,,30891.84,15792.0,15792.0,139322.1984,71221.92,,,3.332
000881,中广核技,化工原料,辽宁,19980902,000881.SZ,20041222,4.41,4.59,4.41,4.58,4.43,0.15,3.39,3961.89,1787.2451,0.2509,0.2509,1.43,64.2912,39.566,1.8881,1.1584,1.0241,0.0,,30891.84,15792.0,15792.0,141484.6272,72327.36,,,3.332
000881,中广核技,化工原料,辽宁,19980902,000881.SZ,20041221,4.48,4.48,4.4,4.43,4.41,0.02,0.45,1430.45,632.262,0.0906,0.0906,0.47,62.1856,38.2702,1.8263,1.1204,0.9906,0.0,,30891.84,15792.0,15792.0,136850.8512,69958.56,,,3.332
000881,中广核技,化工原料,辽宁,19980902,000881.SZ,20041220,4.42,4.43,4.38,4.41,4.41,0.0,0.0,2239.0,985.5618,0.1418,0.1418,0.72,61.9049,38.0974,1.818,1.1154,0.9861,0.0,,30891.84,15792.0,15792.0,136233.0144,69642.72,,,3.332
000881,中广核技,化工原料,辽宁,19980902,000881.SZ,20041217,4.45,4.47,4.41,4.41,4.46,-0.05,-1.12,2630.1,1166.3611,0.1665,0.1665,0.79,61.9049,38.0974,1.818,1.1154,0.9861,0.0,,30891.84,15792.0,15792.0,136233.0144,69642.72,,,3.332
000881,中广核技,化工原料,辽宁,19980902,000881.SZ,20041216,4.51,4.51,4.45,4.46,4.5,-0.04,-0.89,3105.24,1387.1437,0.1966,0.1966,0.79,62.6068,38.5294,1.8386,1.128,0.9973,0.0,,30891.84,15792.0,15792.0,137777.6064,70432.32,,,3.332
000881,中广核技,化工原料,辽宁,19980902,000881.SZ,20041215,4.51,4.56,4.44,4.5,4.5,0.0,0.0,4488.73,2014.7447,0.2842,0.2842,1.22,63.1683,38.8749,1.8551,1.1381,1.0062,0.0,,30891.84,15792.0,15792.0,139013.28,71064.0,,,3.332
000881,中广核技,化工原料,辽宁,19980902,000881.SZ,20041214,4.46,4.51,4.45,4.5,4.48,0.02,0.45,2880.62,1292.4149,0.1824,0.1824,0.77,63.1683,38.8749,1.8551,1.1381,1.0062,0.0,,30891.84,15792.0,15792.0,139013.28,71064.0,,,3.332
000881,中广核技,化工原料,辽宁,19980902,000881.SZ,20041213,4.43,4.51,4.43,4.48,4.51,-0.03,-0.67,2482.19,1112.2323,0.1572,0.1572,0.62,62.8875,38.7022,1.8469,1.1331,1.0017,0.0,,30891.84,15792.0,15792.0,138395.4432,70748.16,,,3.332
000881,中广核技,化工原料,辽宁,19980902,000881.SZ,20041210,4.63,4.65,4.48,4.51,4.6,-0.09,-1.96,3782.7,1719.538,0.2395,0.2395,0.91,63.3086,38.9613,1.8592,1.1407,1.0084,0.0,,30891.84,15792.0,15792.0,139322.1984,71221.92,,,3.332
000881,中广核技,化工原料,辽宁,19980902,000881.SZ,20041209,4.64,4.64,4.55,4.6,4.61,-0.01,-0.22,5941.52,2730.1333,0.3762,0.3762,1.66,64.572,39.7388,1.8963,1.1634,1.0286,0.0,,30891.84,15792.0,15792.0,142102.464,72643.2,,,3.332
000881,中广核技,化工原料,辽宁,19980902,000881.SZ,20041208,4.66,4.66,4.55,4.61,4.63,-0.02,-0.43,3370.04,1546.3298,0.2134,0.2134,1.01,64.7124,39.8252,1.9005,1.1659,1.0308,0.0,,30891.84,15792.0,15792.0,142411.3824,72801.12,,,3.332
000881,中广核技,化工原料,辽宁,19980902,000881.SZ,20041207,4.62,4.65,4.56,4.63,4.66,-0.03,-0.64,3208.73,1476.1541,0.2032,0.2032,0.92,64.9931,39.998,1.9087,1.171,1.0353,0.0,,30891.84,15792.0,15792.0,143029.2192,73116.96,,,3.332
000881,中广核技,化工原料,辽宁,19980902,000881.SZ,20041206,4.67,4.69,4.58,4.66,4.67,-0.01,-0.21,3670.51,1697.4576,0.2324,0.2324,1.08,65.4142,40.2571,1.9211,1.1786,1.042,0.0,,30891.84,15792.0,15792.0,143955.9744,73590.72,,,3.332
000881,中广核技,化工原料,辽宁,19980902,000881.SZ,20041203,4.59,4.69,4.58,4.67,4.6,0.07,1.52,4604.21,2139.6354,0.2916,0.2916,1.45,65.5546,40.3435,1.9252,1.1811,1.0442,0.0,,30891.84,15792.0,15792.0,144264.8928,73748.64,,,3.332
000881,中广核技,化工原料,辽宁,19980902,000881.SZ,20041202,4.61,4.63,4.56,4.6,4.59,0.01,0.22,2989.17,1374.0905,0.1893,0.1893,0.74,64.572,39.7388,1.8963,1.1634,1.0286,0.0,,30891.84,15792.0,15792.0,142102.464,72643.2,,,3.332
000881,中广核技,化工原料,辽宁,19980902,000881.SZ,20041201,4.57,4.64,4.55,4.59,4.59,0.0,0.0,2196.22,1006.2183,0.1391,0.1391,0.43,64.4316,39.6524,1.8922,1.1609,1.0263,0.0,,30891.84,15792.0,15792.0,141793.5456,72485.28,,,3.332
000881,中广核技,化工原料,辽宁,19980902,000881.SZ,20041130,4.6,4.67,4.56,4.59,4.65,-0.06,-1.29,4049.98,1861.8819,0.2565,0.2565,0.73,64.4316,39.6524,1.8922,1.1609,1.0263,0.0,,30891.84,15792.0,15792.0,141793.5456,72485.28,,,3.332
000881,中广核技,化工原料,辽宁,19980902,000881.SZ,20041129,4.73,4.83,4.61,4.65,4.73,-0.08,-1.69,3168.5,1486.3775,0.2006,0.2006,0.51,65.2739,40.1708,1.917,1.1761,1.0397,0.0,,30891.84,15792.0,15792.0,143647.056,73432.8,,,3.332
000881,中广核技,化工原料,辽宁,19980902,000881.SZ,20041126,4.75,4.78,4.71,4.73,4.74,-0.01,-0.21,3437.52,1627.874,0.2177,0.2177,0.56,66.3969,40.8619,1.9499,1.1963,1.0576,0.0,,30891.84,15792.0,15792.0,146118.4032,74696.16,,,3.332
000881,中广核技,化工原料,辽宁,19980902,000881.SZ,20041125,4.83,4.83,4.72,4.74,4.84,-0.1,-2.07,7434.9,3541.4173,0.4708,0.4708,1.35,66.5372,40.9483,1.9541,1.1988,1.0599,0.0,,30891.84,15792.0,15792.0,146427.3216,74854.08,,,3.332
000881,中广核技,化工原料,辽宁,19980902,000881.SZ,20041124,4.8,4.85,4.77,4.84,4.81,0.03,0.62,7706.77,3703.9817,0.488,0.488,1.69,67.941,41.8121,1.9953,1.2241,1.0822,0.0,,30891.84,15792.0,15792.0,149516.5056,76433.28,,,3.332
000881,中广核技,化工原料,辽宁,19980902,000881.SZ,20041123,4.75,4.83,4.75,4.81,4.8,0.01,0.21,5979.11,2865.8484,0.3786,0.3786,1.45,67.5198,41.553,1.9829,1.2165,1.0755,0.0,,30891.84,15792.0,15792.0,148589.7504,75959.52,,,3.332
000881,中广核技,化工原料,辽宁,19980902,000881.SZ,20041122,4.79,4.83,4.68,4.8,4.74,0.06,1.27,6318.57,3016.0642,0.4001,0.4001,1.65,67.3795,41.4666,1.9788,1.214,1.0733,0.0,,30891.84,15792.0,15792.0,148280.832,75801.6,,,3.332
000881,中广核技,化工原料,辽宁,19980902,000881.SZ,20041119,4.74,4.76,4.7,4.74,4.71,0.03,0.64,3463.88,1637.2543,0.2193,0.2193,0.79,66.5372,40.9483,1.9541,1.1988,1.0599,0.0,,30891.84,15792.0,15792.0,146427.3216,74854.08,,,3.332
000881,中广核技,化工原料,辽宁,19980902,000881.SZ,20041118,4.68,4.71,4.64,4.71,4.69,0.02,0.43,4113.81,1921.0739,0.2605,0.2605,0.66,66.1161,40.6891,1.9417,1.1912,1.0532,0.0,,30891.84,15792.0,15792.0,145500.5664,74380.32,,,3.332
000881,中广核技,化工原料,辽宁,19980902,000881.SZ,20041117,4.76,4.76,4.64,4.69,4.75,-0.06,-1.26,2945.56,1378.8328,0.1865,0.1865,0.33,65.8354,40.5163,1.9334,1.1862,1.0487,0.0,,30891.84,15792.0,15792.0,144882.7296,74064.48,,,3.332
000881,中广核技,化工原料,辽宁,19980902,000881.SZ,20041116,4.79,4.8,4.7,4.75,4.78,-0.03,-0.63,3713.01,1752.0557,0.2351,0.2351,0.42,66.6776,41.0346,1.9582,1.2014,1.0621,0.0,,30891.84,15792.0,15792.0,146736.24,75012.0,,,3.332
000881,中广核技,化工原料,辽宁,19980902,000881.SZ,20041115,4.69,4.82,4.68,4.78,4.69,0.09,1.92,4867.03,2319.1025,0.3082,0.3082,0.58,67.0987,41.2938,1.9706,1.2089,1.0688,0.0,,30891.84,15792.0,15792.0,147662.9952,75485.76,,,3.332
000881,中广核技,化工原料,辽宁,19980902,000881.SZ,20041112,4.8,4.81,4.66,4.69,4.7,-0.01,-0.21,6379.01,3010.2787,0.4039,0.4039,0.83,65.8354,40.5163,1.9334,1.1862,1.0487,0.0,,30891.84,15792.0,15792.0,144882.7296,74064.48,,,3.332
000881,中广核技,化工原料,辽宁,19980902,000881.SZ,20041111,4.8,4.85,4.69,4.7,4.79,-0.09,-1.88,13463.55,6422.666,0.8526,0.8526,2.4,65.9757,40.6027,1.9376,1.1887,1.0509,0.0,,30891.84,15792.0,15792.0,145191.648,74222.4,,,3.332
000881,中广核技,化工原料,辽宁,19980902,000881.SZ,20041110,4.6,4.82,4.6,4.79,4.58,0.21,4.59,16152.34,7642.166,1.0228,1.0228,4.49,67.2391,41.3802,1.9747,1.2115,1.0711,0.0,,30891.84,15792.0,15792.0,147971.9136,75643.68,,,3.332
000881,中广核技,化工原料,辽宁,19980902,000881.SZ,20041109,4.48,4.58,4.44,4.58,4.5,0.08,1.78,3796.37,1719.1422,0.2404,0.2404,0.84,64.2912,39.566,1.8881,1.1584,1.0241,0.0,,30891.84,15792.0,15792.0,141484.6272,72327.36,,,3.332
000881,中广核技,化工原料,辽宁,19980902,000881.SZ,20041108,4.45,4.53,4.45,4.5,4.48,0.02,0.45,2370.5,1066.9455,0.1501,0.1501,0.45,63.1683,38.8749,1.8551,1.1381,1.0062,0.0,,30891.84,15792.0,15792.0,139013.28,71064.0,,,3.332
000881,中广核技,化工原料,辽宁,19980902,000881.SZ,20041105,4.48,4.5,4.46,4.48,4.48,0.0,0.0,2468.2,1103.9944,0.1563,0.1563,0.39,62.8875,38.7022,1.8469,1.1331,1.0017,0.0,,30891.84,15792.0,15792.0,138395.4432,70748.16,,,3.332
000881,中广核技,化工原料,辽宁,19980902,000881.SZ,20041104,4.58,4.62,4.47,4.48,4.57,-0.09,-1.97,3264.0,1473.4475,0.2067,0.2067,0.48,62.8875,38.7022,1.8469,1.1331,1.0017,0.0,,30891.84,15792.0,15792.0,138395.4432,70748.16,,,3.332
000881,中广核技,化工原料,辽宁,19980902,000881.SZ,20041103,4.55,4.57,4.45,4.57,4.56,0.01,0.22,6094.04,2753.8561,0.3859,0.3859,0.92,64.1509,39.4796,1.884,1.1558,1.0219,0.0,,30891.84,15792.0,15792.0,141175.7088,72169.44,,,3.332
000881,中广核技,化工原料,辽宁,19980902,000881.SZ,20041102,4.48,4.65,4.43,4.56,4.48,0.08,1.79,8469.5,3835.9726,0.5363,0.5363,1.39,64.0105,39.3933,1.8799,1.1533,1.0196,0.0,,30891.84,15792.0,15792.0,140866.7904,72011.52,,,3.332
000881,中广核技,化工原料,辽宁,19980902,000881.SZ,20041101,4.46,4.55,4.46,4.48,4.52,-0.04,-0.89,6130.16,2756.3863,0.3882,0.3882,1.0,62.8875,38.7022,1.8469,1.1331,1.0017,0.0,,30891.84,15792.0,15792.0,138395.4432,70748.16,,,3.332
000881,中广核技,化工原料,辽宁,19980902,000881.SZ,20041029,4.4,4.6,4.34,4.52,4.7,-0.18,-3.83,7440.0,3366.8892,0.4711,0.4711,1.1,63.449,39.0477,1.8634,1.1432,1.0107,0.0,,30891.84,15792.0,15792.0,139631.1168,71379.84,,,3.332
000881,中广核技,化工原料,辽宁,19980902,000881.SZ,20041028,4.72,4.75,4.65,4.7,4.72,-0.02,-0.42,5994.5,2813.0245,0.3796,0.3796,0.82,65.9757,40.6027,1.9376,1.1887,1.0509,0.0,,30891.84,15792.0,15792.0,145191.648,74222.4,,,3.332
000881,中广核技,化工原料,辽宁,19980902,000881.SZ,20041027,4.64,4.75,4.56,4.72,4.63,0.09,1.94,5051.69,2346.6985,0.3199,0.3199,0.64,66.2565,40.7755,1.9458,1.1938,1.0554,0.0,,30891.84,15792.0,15792.0,145809.4848,74538.24,,,3.332
000881,中广核技,化工原料,辽宁,19980902,000881.SZ,20041026,4.59,4.65,4.49,4.63,4.63,0.0,0.0,5853.1,2656.0554,0.3706,0.3706,0.61,64.9931,39.998,1.9087,1.171,1.0353,0.0,,30891.84,15792.0,15792.0,143029.2192,73116.96,,,3.332
000881,中广核技,化工原料,辽宁,19980902,000881.SZ,20041025,4.8,4.88,4.63,4.63,4.83,-0.2,-4.14,6249.49,2946.1997,0.3957,0.3957,0.36,64.9931,39.998,1.9087,1.171,1.0353,0.0,,30891.84,15792.0,15792.0,143029.2192,73116.96,,,3.332
000881,中广核技,化工原料,辽宁,19980902,000881.SZ,20041022,4.6,4.87,4.41,4.83,4.66,0.17,3.65,10790.16,4976.7688,0.6833,0.6833,0.53,67.8006,49.6501,2.0138,1.2216,1.0733,0.0,,30891.84,15792.0,15792.0,149207.5872,76275.36,,,3.332
000881,中广核技,化工原料,辽宁,19980902,000881.SZ,20041021,4.89,4.98,4.65,4.66,4.89,-0.23,-4.7,8469.0,4044.31,0.5363,0.5363,0.37,65.4142,47.9026,1.943,1.1786,1.0355,0.0,,30891.84,15792.0,15792.0,143955.9744,73590.72,,,3.332
000881,中广核技,化工原料,辽宁,19980902,000881.SZ,20041020,4.95,4.95,4.75,4.89,4.96,-0.07,-1.41,7917.9,3828.7408,0.5014,0.5014,0.35,68.6428,50.2668,2.0389,1.2368,1.0866,0.0,,30891.84,15792.0,15792.0,151061.0976,77222.88,,,3.332
000881,中广核技,化工原料,辽宁,19980902,000881.SZ,20041019,5.0,5.08,4.92,4.96,5.01,-0.05,-1.0,14574.79,7295.1729,0.9229,0.9229,0.68,69.6255,50.9864,2.068,1.2545,1.1022,0.0,,30891.84,15792.0,15792.0,153223.5264,78328.32,,,3.332
000881,中广核技,化工原料,辽宁,19980902,000881.SZ,20041018,4.88,5.24,4.85,5.01,4.84,0.17,3.51,44939.34,22637.2715,2.8457,2.8457,3.02,70.3273,51.5004,2.0889,1.2671,1.1133,0.0,,30891.84,15792.0,15792.0,154768.1184,79117.92,,,3.332
000881,中广核技,化工原料,辽宁,19980902,000881.SZ,20041015,4.78,4.84,4.51,4.84,4.71,0.13,2.76,25473.6,11938.9393,1.6131,1.6131,2.2,67.941,49.7529,2.018,1.2241,1.0755,0.0,,30891.84,15792.0,15792.0,149516.5056,76433.28,,,3.332
000881,中广核技,化工原料,辽宁,19980902,000881.SZ,20041014,4.77,4.9,4.68,4.71,4.83,-0.12,-2.48,22592.76,10837.3041,1.4306,1.4306,2.65,66.1161,48.4165,1.9638,1.1912,1.0466,0.0,,30891.84,15792.0,15792.0,145500.5664,74380.32,,,3.332
000881,中广核技,化工原料,辽宁,19980902,000881.SZ,20041013,4.88,4.88,4.74,4.83,4.86,-0.03,-0.62,6716.1,3219.8195,0.4253,0.4253,0.75,67.8006,49.6501,2.0138,1.2216,1.0733,0.0,,30891.84,15792.0,15792.0,149207.5872,76275.36,,,3.332
000881,中广核技,化工原料,辽宁,19980902,000881.SZ,20041012,4.95,4.95,4.76,4.86,4.9,-0.04,-0.82,7002.89,3381.7518,0.4434,0.4434,0.42,68.2217,49.9585,2.0263,1.2292,1.0799,0.0,,30891.84,15792.0,15792.0,150134.3424,76749.12,,,3.332
000881,中广核技,化工原料,辽宁,19980902,000881.SZ,20041011,4.99,5.02,4.88,4.9,5.0,-0.1,-2.0,12503.06,6156.8567,0.7917,0.7917,0.8,68.7832,50.3696,2.043,1.2393,1.0888,0.0,,30891.84,15792.0,15792.0,151370.016,77380.8,,,3.332
000881,中广核技,化工原料,辽宁,19980902,000881.SZ,20041008,4.94,5.0,4.88,5.0,4.95,0.05,1.01,9062.0,4460.727,0.5738,0.5738,0.54,70.187,51.3976,2.0847,1.2646,1.111,0.0,,30891.84,15792.0,15792.0,154459.2,78960.0,,,3.332
000881,中广核技,化工原料,辽宁,19980902,000881.SZ,20040930,5.1,5.1,4.93,4.95,5.1,-0.15,-2.94,7342.22,3657.492,0.4649,0.4649,0.41,69.4851,50.8836,2.0639,1.2519,1.0999,0.0,,30891.84,15792.0,15792.0,152914.608,78170.4,,,3.332
000881,中广核技,化工原料,辽宁,19980902,000881.SZ,20040929,5.13,5.18,5.05,5.1,5.15,-0.05,-0.97,8706.72,4438.286,0.5513,0.5513,0.37,71.5907,52.4255,2.1264,1.2899,1.1333,0.0,,30891.84,15792.0,15792.0,157548.384,80539.2,,,3.332
000881,中广核技,化工原料,辽宁,19980902,000881.SZ,20040928,5.19,5.34,5.13,5.15,4.97,0.18,3.62,45056.32,23503.6757,2.8531,2.8531,2.45,72.2926,52.9395,2.1473,1.3025,1.1444,0.0,,30891.84,15792.0,15792.0,159092.976,81328.8,,,3.332
000881,中广核技,化工原料,辽宁,19980902,000881.SZ,20040927,4.99,5.04,4.84,4.97,4.95,0.02,0.4,8207.0,4042.3399,0.5197,0.5197,0.38,69.7658,51.0892,2.0722,1.257,1.1044,0.0,,30891.84,15792.0,15792.0,153532.4448,78486.24,,,3.332
000881,中广核技,化工原料,辽宁,19980902,000881.SZ,20040924,5.25,5.25,4.95,4.95,5.14,-0.19,-3.7,15149.24,7742.4836,0.9593,0.9593,0.72,69.4851,50.8836,2.0639,1.2519,1.0999,0.0,,30891.84,15792.0,15792.0,152914.608,78170.4,,,3.332
000881,中广核技,化工原料,辽宁,19980902,000881.SZ,20040923,5.05,5.14,5.03,5.14,5.03,0.11,2.19,12448.32,6334.9511,0.7883,0.7883,0.6,72.1522,52.8367,2.1431,1.3,1.1422,0.0,,30891.84,15792.0,15792.0,158784.0576,81170.88,,,3.332
000881,中广核技,化工原料,辽宁,19980902,000881.SZ,20040922,5.17,5.29,5.03,5.03,5.07,-0.04,-0.79,36668.97,18972.7302,2.322,2.322,2.0,70.6081,51.706,2.0972,1.2722,1.1177,0.0,,30891.84,15792.0,15792.0,155385.9552,79433.76,,,3.332
000881,中广核技,化工原料,辽宁,19980902,000881.SZ,20040921,5.05,5.1,4.92,5.07,5.1,-0.03,-0.59,19308.15,9643.8408,1.2227,1.2227,1.17,71.1696,52.1172,2.1139,1.2823,1.1266,0.0,,30891.84,15792.0,15792.0,156621.6288,80065.44,,,3.332
000881,中广核技,化工原料,辽宁,19980902,000881.SZ,20040920,4.88,5.1,4.85,5.1,4.88,0.22,4.51,23063.36,11423.7482,1.4604,1.4604,1.85,71.5907,52.4255,2.1264,1.2899,1.1333,0.0,,30891.84,15792.0,15792.0,157548.384,80539.2,,,3.332
000881,中广核技,化工原料,辽宁,19980902,000881.SZ,20040917,4.76,4.89,4.74,4.88,4.77,0.11,2.31,13387.13,6436.7895,0.8477,0.8477,1.26,68.5025,50.164,2.0347,1.2342,1.0844,0.0,,30891.84,15792.0,15792.0,150752.1792,77064.96,,,3.332
000881,中广核技,化工原料,辽宁,19980902,000881.SZ,20040916,4.8,4.85,4.71,4.77,4.75,0.02,0.42,10647.15,5086.7644,0.6742,0.6742,1.11,66.9584,49.0333,1.9888,1.2064,1.0599,0.0,,30891.84,15792.0,15792.0,147354.0768,75327.84,,,3.332
000881,中广核技,化工原料,辽宁,19980902,000881.SZ,20040915,4.58,4.88,4.53,4.75,4.6,0.15,3.26,25414.78,12073.5309,1.6093,1.6093,4.82,66.6776,48.8277,1.9805,1.2014,1.0555,0.0,,30891.84,15792.0,15792.0,146736.24,75012.0,,,3.332
000881,中广核技,化工原料,辽宁,19980902,000881.SZ,20040914,4.48,4.64,4.47,4.6,4.45,0.15,3.37,9807.89,4453.2214,0.6211,0.6211,2.29,64.572,47.2858,1.9179,1.1634,1.0222,0.0,,30891.84,15792.0,15792.0,142102.464,72643.2,,,3.332
000881,中广核技,化工原料,辽宁,19980902,000881.SZ,20040913,4.44,4.52,4.37,4.45,4.53,-0.08,-1.77,3187.01,1409.2881,0.2018,0.2018,0.71,62.4664,45.7439,1.8554,1.1255,0.9888,0.0,,30891.84,15792.0,15792.0,137468.688,70274.4,,,3.332
000881,中广核技,化工原料,辽宁,19980902,000881.SZ,20040910,4.58,4.58,4.42,4.53,4.56,-0.03,-0.66,4040.8,1803.8756,0.2559,0.2559,0.83,63.5894,46.5662,1.8888,1.1457,1.0066,0.0,,30891.84,15792.0,15792.0,139940.0352,71537.76,,,3.332
000881,中广核技,化工原料,辽宁,19980902,000881.SZ,20040909,4.54,4.58,4.46,4.56,4.53,0.03,0.66,5411.6,2444.1265,0.3427,0.3427,1.3,64.0105,46.8746,1.9013,1.1533,1.0133,0.0,,30891.84,15792.0,15792.0,140866.7904,72011.52,,,3.332
000881,中广核技,化工原料,辽宁,19980902,000881.SZ,20040908,4.6,4.6,4.53,4.53,4.59,-0.06,-1.31,3941.0,1797.994,0.2496,0.2496,1.09,63.5894,46.5662,1.8888,1.1457,1.0066,0.0,,30891.84,15792.0,15792.0,139940.0352,71537.76,,,3.332
000881,中广核技,化工原料,辽宁,19980902,000881.SZ,20040907,4.58,4.6,4.52,4.59,4.56,0.03,0.66,4807.41,2192.3824,0.3044,0.3044,1.44,64.4316,47.183,1.9138,1.1609,1.0199,0.0,,30891.84,15792.0,15792.0,141793.5456,72485.28,,,3.332
000881,中广核技,化工原料,辽宁,19980902,000881.SZ,20040906,4.53,4.59,4.5,4.56,4.52,0.04,0.89,4098.41,1866.1361,0.2595,0.2595,1.52,64.0105,46.8746,1.9013,1.1533,1.0133,0.0,,30891.84,15792.0,15792.0,140866.7904,72011.52,,,3.332
000881,中广核技,化工原料,辽宁,19980902,000881.SZ,20040903,4.45,4.53,4.44,4.52,4.48,0.04,0.89,5956.03,2685.9268,0.3772,0.3772,3.26,63.449,46.4634,1.8846,1.1432,1.0044,0.0,,30891.84,15792.0,15792.0,139631.1168,71379.84,,,3.332
000881,中广核技,化工原料,辽宁,19980902,000881.SZ,20040902,4.43,4.49,4.38,4.48,4.44,0.04,0.9,2037.45,904.967,0.129,0.129,1.15,62.8875,46.0522,1.8679,1.1331,0.9955,0.0,,30891.84,15792.0,15792.0,138395.4432,70748.16,,,3.332
000881,中广核技,化工原料,辽宁,19980902,000881.SZ,20040901,4.53,4.53,4.43,4.44,4.51,-0.07,-1.55,1126.59,502.06,0.0713,0.0713,0.55,62.326,45.6411,1.8512,1.1229,0.9866,0.0,,30891.84,15792.0,15792.0,137159.7696,70116.48,,,3.332
000881,中广核技,化工原料,辽宁,19980902,000881.SZ,20040831,4.46,4.56,4.46,4.51,4.43,0.08,1.81,3448.54,1557.962,0.2184,0.2184,1.34,63.3086,46.3606,1.8804,1.1407,1.0022,0.0,,30891.84,15792.0,15792.0,139322.1984,71221.92,,,3.332
000881,中广核技,化工原料,辽宁,19980902,000881.SZ,20040830,4.35,4.44,4.32,4.43,4.4,0.03,0.68,934.0,408.7601,0.0591,0.0591,0.35,62.1856,45.5383,1.8471,1.1204,0.9844,0.0,,30891.84,15792.0,15792.0,136850.8512,69958.56,,,3.332
000881,中广核技,化工原料,辽宁,19980902,000881.SZ,20040827,4.47,4.47,4.38,4.4,4.47,-0.07,-1.57,1587.5,700.6115,0.1005,0.1005,0.51,61.7645,45.2299,1.8346,1.1128,0.9777,0.0,,30891.84,15792.0,15792.0,135924.096,69484.8,,,3.332
000881,中广核技,化工原料,辽宁,19980902,000881.SZ,20040826,4.57,4.57,4.44,4.47,4.5,-0.03,-0.67,1757.51,786.5506,0.1113,0.1113,0.52,62.7471,45.9494,1.8637,1.1305,0.9933,0.0,,30891.84,15792.0,15792.0,138086.5248,70590.24,,,3.332
000881,中广核技,化工原料,辽宁,19980902,000881.SZ,20040825,4.5,4.54,4.46,4.5,4.52,-0.02,-0.44,2499.0,1124.5774,0.1582,0.1582,0.7,63.1683,46.2578,1.8762,1.1381,0.9999,0.0,,30891.84,15792.0,15792.0,139013.28,71064.0,,,3.332
000881,中广核技,化工原料,辽宁,19980902,000881.SZ,20040824,4.41,4.6,4.38,4.52,4.4,0.12,2.73,6096.91,2763.791,0.3861,0.3861,1.51,63.449,46.4634,1.8846,1.1432,1.0044,0.0,,30891.84,15792.0,15792.0,139631.1168,71379.84,,,3.332
000881,中广核技,化工原料,辽宁,19980902,000881.SZ,20040823,4.4,4.45,4.33,4.4,4.42,-0.02,-0.45,1367.0,596.702,0.0866,0.0866,0.29,61.7645,45.2299,1.8346,1.1128,0.9777,0.0,,30891.84,15792.0,15792.0,135924.096,69484.8,,,3.332
000881,中广核技,化工原料,辽宁,19980902,000881.SZ,20040820,4.48,4.48,4.34,4.42,4.39,0.03,0.68,3970.9,1746.8225,0.2515,0.2515,0.91,62.0453,45.4355,1.8429,1.1179,0.9822,0.0,,30891.84,15792.0,15792.0,136541.9328,69800.64,,,3.332
000881,中广核技,化工原料,辽宁,19980902,000881.SZ,20040819,4.41,4.41,4.31,4.39,4.42,-0.03,-0.68,2976.35,1298.9515,0.1885,0.1885,0.7,61.6241,45.1271,1.8304,1.1103,0.9755,0.0,,30891.84,15792.0,15792.0,135615.1776,69326.88,,,3.332
000881,中广核技,化工原料,辽宁,19980902,000881.SZ,20040818,4.54,4.55,4.4,4.42,4.54,-0.12,-2.64,3425.25,1532.5421,0.2169,0.2169,0.89,62.0453,45.4355,1.8429,1.1179,0.9822,0.0,,30891.84,15792.0,15792.0,136541.9328,69800.64,,,3.332
000881,中广核技,化工原料,辽宁,19980902,000881.SZ,20040817,4.43,4.61,4.43,4.54,4.53,0.01,0.22,8404.61,3816.4296,0.5322,0.5322,3.47,63.7298,46.669,1.8929,1.1482,1.0088,0.0,,30891.84,15792.0,15792.0,140248.9536,71695.68,,,3.211
000881,中广核技,化工原料,辽宁,19980902,000881.SZ,20040816,4.38,4.55,4.32,4.53,4.4,0.13,2.95,4816.4,2111.1008,0.305,0.305,2.92,63.5894,46.5662,1.8888,1.1457,1.0066,0.0,,30891.84,15792.0,15792.0,139940.0352,71537.76,,,3.211
000881,中广核技,化工原料,辽宁,19980902,000881.SZ,20040813,4.37,4.44,4.32,4.4,4.37,0.03,0.69,2261.15,990.9686,0.1432,0.1432,1.46,61.7645,45.2299,1.8346,1.1128,0.9777,0.0,,30891.84,15792.0,15792.0,135924.096,69484.8,,,3.211
000881,中广核技,化工原料,辽宁,19980902,000881.SZ,20040812,4.32,4.39,4.3,4.37,4.38,-0.01,-0.23,2450.27,1064.0512,0.1552,0.1552,1.17,61.3434,44.9215,1.822,1.1052,0.9711,0.0,,30891.84,15792.0,15792.0,134997.3408,69011.04,,,3.211
000881,中广核技,化工原料,辽宁,19980902,000881.SZ,20040811,4.46,4.46,4.36,4.38,4.46,-0.08,-1.79,1277.0,563.009,0.0809,0.0809,0.46,61.4838,45.0243,1.8262,1.1078,0.9733,0.0,,30891.84,15792.0,15792.0,135306.2592,69168.96,,,3.211
000881,中广核技,化工原料,辽宁,19980902,000881.SZ,20040810,4.46,4.49,4.4,4.46,4.46,0.0,0.0,1315.5,583.6335,0.0833,0.0833,0.42,62.6068,45.8467,1.8596,1.128,0.9911,0.0,,30891.84,15792.0,15792.0,137777.6064,70432.32,,,3.211
000881,中广核技,化工原料,辽宁,19980902,000881.SZ,20040809,4.48,4.5,4.45,4.46,4.48,-0.02,-0.45,953.0,426.4698,0.0603,0.0603,0.25,62.6068,45.8467,1.8596,1.128,0.9911,0.0,,30891.84,15792.0,15792.0,137777.6064,70432.32,,,3.211
000881,中广核技,化工原料,辽宁,19980902,000881.SZ,20040806,4.48,4.6,4.46,4.48,4.5,-0.02,-0.44,1734.54,781.2671,0.1098,0.1098,0.44,62.8875,46.0522,1.8679,1.1331,0.9955,0.0,,30891.84,15792.0,15792.0,138395.4432,70748.16,,,3.211
000881,中广核技,化工原料,辽宁,19980902,000881.SZ,20040805,4.54,4.61,4.5,4.5,4.53,-0.03,-0.66,5224.7,2389.4022,0.3308,0.3308,1.59,63.1683,46.2578,1.8762,1.1381,0.9999,0.0,,30891.84,15792.0,15792.0,139013.28,71064.0,,,3.211
000881,中广核技,化工原料,辽宁,19980902,000881.SZ,20040804,4.36,4.55,4.36,4.53,4.41,0.12,2.72,4718.22,2108.6625,0.2988,0.2988,1.21,63.5894,58.9049,1.9189,1.1457,1.0765,0.0,,30891.84,15792.0,15792.0,139940.0352,71537.76,,,3.211
000881,中广核技,化工原料,辽宁,19980902,000881.SZ,20040803,4.45,4.48,4.35,4.41,4.45,-0.04,-0.9,3172.93,1404.1474,0.2009,0.2009,0.8,61.9049,57.3445,1.8681,1.1154,1.048,0.0,,30891.84,15792.0,15792.0,136233.0144,69642.72,,,3.211
000881,中广核技,化工原料,辽宁,19980902,000881.SZ,20040802,4.29,4.46,4.26,4.45,4.4,0.05,1.14,4230.35,1845.0115,0.2679,0.2679,1.16,62.4664,57.8646,1.885,1.1255,1.0575,0.0,,30891.84,15792.0,15792.0,137468.688,70274.4,,,3.211
000881,中广核技,化工原料,辽宁,19980902,000881.SZ,20040730,4.47,4.48,4.4,4.4,4.46,-0.06,-1.35,2242.45,994.9191,0.142,0.142,0.53,61.7645,57.2145,1.8639,1.1128,1.0457,0.0,,30891.84,15792.0,15792.0,135924.096,69484.8,,,3.211
000881,中广核技,化工原料,辽宁,19980902,000881.SZ,20040729,4.43,4.51,4.43,4.46,4.44,0.02,0.45,2026.76,901.526,0.1283,0.1283,0.44,62.6068,57.9947,1.8893,1.128,1.0599,0.0,,30891.84,15792.0,15792.0,137777.6064,70432.32,,,3.211
000881,中广核技,化工原料,辽宁,19980902,000881.SZ,20040728,4.48,4.5,4.3,4.44,4.46,-0.02,-0.45,7880.82,3479.0804,0.499,0.499,2.19,62.326,57.7346,1.8808,1.1229,1.0552,0.0,,30891.84,15792.0,15792.0,137159.7696,70116.48,,,3.211
000881,中广核技,化工原料,辽宁,19980902,000881.SZ,20040727,4.51,4.53,4.44,4.46,4.59,-0.13,-2.83,3444.04,1541.6718,0.2181,0.2181,0.97,62.6068,57.9947,1.8893,1.128,1.0599,0.0,,30891.84,15792.0,15792.0,137777.6064,70432.32,,,3.211
000881,中广核技,化工原料,辽宁,19980902,000881.SZ,20040726,4.56,4.63,4.48,4.59,4.62,-0.03,-0.65,2660.79,1202.7023,0.1685,0.1685,0.64,64.4316,59.6851,1.9443,1.1609,1.0908,0.0,,30891.84,15792.0,15792.0,141793.5456,72485.28,,,3.211
000881,中广核技,化工原料,辽宁,19980902,000881.SZ,20040723,4.61,4.64,4.48,4.62,4.63,-0.01,-0.22,5232.56,2371.2621,0.3313,0.3313,0.66,64.8527,60.0752,1.957,1.1685,1.0979,0.0,,30891.84,15792.0,15792.0,142720.3008,72959.04,,,3.211
000881,中广核技,化工原料,辽宁,19980902,000881.SZ,20040722,4.72,4.72,4.62,4.63,4.7,-0.07,-1.49,3710.0,1729.285,0.2349,0.2349,0.47,64.9931,60.2052,1.9613,1.171,1.1003,0.0,,30891.84,15792.0,15792.0,143029.2192,73116.96,,,3.211
000881,中广核技,化工原料,辽宁,19980902,000881.SZ,20040721,4.73,4.75,4.68,4.7,4.73,-0.03,-0.63,2912.83,1370.9394,0.1844,0.1844,0.31,65.9757,61.1154,1.9909,1.1887,1.1169,0.0,,30891.84,15792.0,15792.0,145191.648,74222.4,,,3.211
000881,中广核技,化工原料,辽宁,19980902,000881.SZ,20040720,4.82,4.85,4.71,4.73,4.83,-0.1,-2.07,3206.39,1523.6442,0.203,0.203,0.27,66.3969,61.5055,2.0036,1.1963,1.1241,0.0,,30891.84,15792.0,15792.0,146118.4032,74696.16,,,3.211
000881,中广核技,化工原料,辽宁,19980902,000881.SZ,20040719,4.87,4.87,4.81,4.83,4.94,-0.11,-2.23,5638.33,2728.1233,0.357,0.357,0.47,67.8006,62.8059,2.046,1.2216,1.1478,0.0,,30891.84,15792.0,15792.0,149207.5872,76275.36,,,3.211
000881,中广核技,化工原料,辽宁,19980902,000881.SZ,20040716,4.82,4.95,4.8,4.94,4.82,0.12,2.49,24441.76,11822.8916,1.5477,1.5477,3.19,69.3447,64.2362,2.0926,1.2494,1.174,0.0,,30891.84,15792.0,15792.0,152605.6896,78012.48,,,3.211
000881,中广核技,化工原料,辽宁,19980902,000881.SZ,20040715,4.8,4.9,4.76,4.82,4.84,-0.02,-0.41,3495.01,1688.7733,0.2213,0.2213,0.47,67.6602,62.6758,2.0418,1.2191,1.1455,0.0,,30891.84,15792.0,15792.0,148898.6688,76117.44,,,3.211
000881,中广核技,化工原料,辽宁,19980902,000881.SZ,20040714,4.8,4.86,4.66,4.84,4.83,0.01,0.21,10217.92,4876.745,0.647,0.647,1.74,67.941,62.9359,2.0502,1.2241,1.1502,0.0,,30891.84,15792.0,15792.0,149516.5056,76433.28,,,3.211
000881,中广核技,化工原料,辽宁,19980902,000881.SZ,20040713,4.75,4.85,4.6,4.83,4.73,0.1,2.11,16072.02,7628.5877,1.0177,1.0177,4.95,67.8006,62.8059,2.046,1.2216,1.1478,0.0,,30891.84,15792.0,15792.0,149207.5872,76275.36,,,3.211
000881,中广核技,化工原料,辽宁,19980902,000881.SZ,20040712,4.78,4.8,4.65,4.73,4.75,-0.02,-0.42,6060.33,2861.3861,0.3838,0.3838,2.8,66.3969,61.5055,2.0036,1.1963,1.1241,0.0,,30891.84,15792.0,15792.0,146118.4032,74696.16,,,3.211
000881,中广核技,化工原料,辽宁,19980902,000881.SZ,20040709,4.71,4.76,4.68,4.75,4.68,0.07,1.5,2417.94,1139.1905,0.1531,0.1531,0.92,66.6776,61.7656,2.0121,1.2014,1.1288,0.0,,30891.84,15792.0,15792.0,146736.24,75012.0,,,3.211
000881,中广核技,化工原料,辽宁,19980902,000881.SZ,20040708,4.7,4.72,4.64,4.68,4.72,-0.04,-0.85,2733.98,1278.7354,0.1731,0.1731,0.65,65.695,60.8554,1.9825,1.1836,1.1122,0.0,,30891.84,15792.0,15792.0,144573.8112,73906.56,,,3.211
000881,中广核技,化工原料,辽宁,19980902,000881.SZ,20040707,4.81,4.83,4.72,4.72,4.83,-0.11,-2.28,2096.51,995.8137,0.1328,0.1328,0.43,66.2565,61.3755,1.9994,1.1938,1.1217,0.0,,30891.84,15792.0,15792.0,145809.4848,74538.24,,,3.211
000881,中广核技,化工原料,辽宁,19980902,000881.SZ,20040706,4.86,4.9,4.8,4.83,4.85,-0.02,-0.41,2924.84,1419.5683,0.1852,0.1852,0.54,67.8006,62.8059,2.046,1.2216,1.1478,0.0,,30891.84,15792.0,15792.0,149207.5872,76275.36,,,3.211
000881,中广核技,化工原料,辽宁,19980902,000881.SZ,20040705,4.86,4.86,4.8,4.85,4.86,-0.01,-0.21,661.0,318.584,0.0419,0.0419,0.1,68.0813,63.0659,2.0545,1.2266,1.1526,0.0,,30891.84,15792.0,15792.0,149825.424,76591.2,,,3.211
000881,中广核技,化工原料,辽宁,19980902,000881.SZ,20040702,4.85,4.91,4.77,4.86,4.87,-0.01,-0.21,4759.1,2312.974,0.3014,0.3014,0.75,68.2217,63.196,2.0587,1.2292,1.155,0.0,,30891.84,15792.0,15792.0,150134.3424,76749.12,,,3.211
000881,中广核技,化工原料,辽宁,19980902,000881.SZ,20040701,4.75,4.95,4.75,4.87,4.8,0.07,1.46,10608.8,5167.7325,0.6718,0.6718,2.1,68.3621,63.326,2.0629,1.2317,1.1573,0.0,,30891.84,15792.0,15792.0,150443.2608,76907.04,,,3.211
000881,中广核技,化工原料,辽宁,19980902,000881.SZ,20040630,4.85,4.95,4.75,4.8,4.85,-0.05,-1.03,5537.58,2683.5318,0.3507,0.3507,1.18,67.3795,62.4158,2.0333,1.214,1.1407,0.0,,30891.84,15792.0,15792.0,148280.832,75801.6,,,3.211
000881,中广核技,化工原料,辽宁,19980902,000881.SZ,20040629,4.76,4.88,4.63,4.85,4.71,0.14,2.97,5460.91,2586.7579,0.3458,0.3458,1.04,68.0813,63.0659,2.0545,1.2266,1.1526,0.0,,30891.84,15792.0,15792.0,149825.424,76591.2,,,3.211
000881,中广核技,化工原料,辽宁,19980902,000881.SZ,20040628,4.75,4.75,4.61,4.71,4.79,-0.08,-1.67,5515.0,2587.9416,0.3492,0.3492,1.0,66.1161,61.2455,1.9952,1.1912,1.1193,0.0,,30891.84,15792.0,15792.0,145500.5664,74380.32,,,3.211
000881,中广核技,化工原料,辽宁,19980902,000881.SZ,20040625,4.8,4.9,4.62,4.79,4.83,-0.04,-0.83,4672.16,2225.916,0.2959,0.2959,0.83,67.2391,62.2857,2.0291,1.2115,1.1383,0.0,,30891.84,15792.0,15792.0,147971.9136,75643.68,,,3.211
000881,中广核技,化工原料,辽宁,19980902,000881.SZ,20040624,4.8,4.91,4.79,4.83,4.85,-0.02,-0.41,4125.0,2000.2331,0.2612,0.2612,0.71,67.8006,62.8059,2.046,1.2216,1.1478,0.0,,30891.84,15792.0,15792.0,149207.5872,76275.36,,,3.211
000881,中广核技,化工原料,辽宁,19980902,000881.SZ,20040623,4.92,4.92,4.77,4.85,4.9,-0.05,-1.02,3771.71,1817.6758,0.2388,0.2388,0.62,68.0813,63.0659,2.0545,1.2266,1.1526,0.0,,30891.84,15792.0,15792.0,149825.424,76591.2,,,3.211
000881,中广核技,化工原料,辽宁,19980902,000881.SZ,20040622,4.86,4.93,4.8,4.9,4.86,0.04,0.82,8149.0,3983.7864,0.516,0.516,1.44,68.7832,63.7161,2.0757,1.2393,1.1645,0.0,,30891.84,15792.0,15792.0,151370.016,77380.8,,,3.211
000881,中广核技,化工原料,辽宁,19980902,000881.SZ,20040621,4.85,4.86,4.76,4.86,4.8,0.06,1.25,6905.0,3320.731,0.4372,0.4372,1.22,68.2217,63.196,2.0587,1.2292,1.155,0.0,,30891.84,15792.0,15792.0,150134.3424,76749.12,,,3.211
000881,中广核技,化工原料,辽宁,19980902,000881.SZ,20040618,4.76,4.83,4.7,4.8,4.78,0.02,0.42,5318.78,2528.3869,0.3368,0.3368,0.89,67.3795,62.4158,2.0333,1.214,1.1407,0.0,,30891.84,15792.0,15792.0,148280.832,75801.6,,,3.211
000881,中广核技,化工原料,辽宁,19980902,000881.SZ,20040617,4.89,4.89,4.7,4.78,4.91,-0.13,-2.65,5068.69,2430.8094,0.321,0.321,0.89,67.0987,62.1557,2.0248,1.2089,1.136,0.0,,30891.84,15792.0,15792.0,147662.9952,75485.76,,,3.211
000881,中广核技,化工原料,辽宁,19980902,000881.SZ,20040616,4.92,4.93,4.82,4.91,4.92,-0.01,-0.2,4966.89,2423.6308,0.3145,0.3145,0.78,68.9236,63.8461,2.0799,1.2418,1.1669,0.0,,30891.84,15792.0,15792.0,151678.9344,77538.72,,,3.211
000881,中广核技,化工原料,辽宁,19980902,000881.SZ,20040615,4.78,4.93,4.78,4.92,4.81,0.11,2.29,6133.13,2988.1782,0.3884,0.3884,1.02,69.064,63.9762,2.0841,1.2443,1.1692,0.0,,30891.84,15792.0,15792.0,151987.8528,77696.64,,,3.211
000881,中广核技,化工原料,辽宁,19980902,000881.SZ,20040614,5.08,5.08,4.71,4.81,5.08,-0.27,-5.32,6786.62,3314.1055,0.4298,0.4298,1.08,67.5198,62.5458,2.0375,1.2165,1.1431,0.0,,30891.84,15792.0,15792.0,148589.7504,75959.52,,,3.211
000881,中广核技,化工原料,辽宁,19980902,000881.SZ,20040611,5.01,5.13,5.01,5.08,5.01,0.07,1.4,6978.24,3546.9668,0.4419,0.4419,1.12,71.3099,66.0567,2.1519,1.2848,1.2073,0.0,,30891.84,15792.0,15792.0,156930.5472,80223.36,,,3.211
000881,中广核技,化工原料,辽宁,19980902,000881.SZ,20040610,5.0,5.05,4.97,5.01,4.97,0.04,0.8,3676.64,1840.6268,0.2328,0.2328,0.57,70.3273,65.1465,2.1223,1.2671,1.1906,0.0,,30891.84,15792.0,15792.0,154768.1184,79117.92,,,3.211
000881,中广核技,化工原料,辽宁,19980902,000881.SZ,20040609,5.05,5.15,4.91,4.97,5.07,-0.1,-1.97,8211.49,4119.7954,0.52,0.52,1.39,69.7658,64.6263,2.1053,1.257,1.1811,0.0,,30891.84,15792.0,15792.0,153532.4448,78486.24,,,3.211
000881,中广核技,化工原料,辽宁,19980902,000881.SZ,20040608,5.14,5.16,5.05,5.07,5.14,-0.07,-1.36,4295.92,2187.5087,0.272,0.272,0.62,71.1696,65.9267,2.1477,1.2823,1.2049,0.0,,30891.84,15792.0,15792.0,156621.6288,80065.44,,,3.211
000881,中广核技,化工原料,辽宁,19980902,000881.SZ,20040607,5.22,5.3,5.08,5.14,5.22,-0.08,-1.53,8162.3,4228.7302,0.5169,0.5169,0.91,72.1522,66.8369,2.1773,1.3,1.2215,0.0,,30891.84,15792.0,15792.0,158784.0576,81170.88,,,3.211
000881,中广核技,化工原料,辽宁,19980902,000881.SZ,20040604,5.08,5.23,5.06,5.22,5.13,0.09,1.75,6684.18,3439.8172,0.4233,0.4233,0.63,73.2752,67.8772,2.2112,1.3202,1.2405,0.0,,30891.84,15792.0,15792.0,161255.4048,82434.24,,,3.211
000881,中广核技,化工原料,辽宁,19980902,000881.SZ,20040603,5.21,5.26,5.1,5.13,5.27,-0.14,-2.66,5064.26,2615.1667,0.3207,0.3207,0.45,72.0118,66.7069,2.1731,1.2975,1.2191,0.0,,30891.84,15792.0,15792.0,158475.1392,81012.96,,,3.211
000881,中广核技,化工原料,辽宁,19980902,000881.SZ,20040602,5.33,5.33,5.21,5.27,5.33,-0.06,-1.13,5275.53,2768.474,0.3341,0.3341,0.46,73.977,68.5273,2.2324,1.3329,1.2524,0.0,,30891.84,15792.0,15792.0,162799.9968,83223.84,,,3.211
000881,中广核技,化工原料,辽宁,19980902,000881.SZ,20040601,5.31,5.34,5.25,5.33,5.31,0.02,0.38,9730.9,5154.7139,0.6162,0.6162,0.93,74.8193,69.3075,2.2578,1.348,1.2667,0.0,,30891.84,15792.0,15792.0,164653.5072,84171.36,,,3.211
000881,中广核技,化工原料,辽宁,19980902,000881.SZ,20040531,5.35,5.37,5.25,5.31,5.29,0.02,0.38,17997.23,9518.9727,1.1396,1.1396,2.3,74.5385,69.0475,2.2493,1.343,1.2619,0.0,,30891.84,15792.0,15792.0,164035.6704,83855.52,,,3.211
000881,中广核技,化工原料,辽宁,19980902,000881.SZ,20040528,5.25,5.35,5.17,5.29,5.25,0.04,0.76,15031.49,7970.9802,0.9518,0.9518,1.92,74.2578,68.7874,2.2409,1.3379,1.2572,0.0,,30891.84,15792.0,15792.0,163417.8336,83539.68,,,3.211
000881,中广核技,化工原料,辽宁,19980902,000881.SZ,20040527,5.09,5.26,5.02,5.25,5.1,0.15,2.94,8858.95,4585.3599,0.561,0.561,1.29,73.6963,68.2673,2.2239,1.3278,1.2477,0.0,,30891.84,15792.0,15792.0,162182.16,82908.0,,,3.211
000881,中广核技,化工原料,辽宁,19980902,000881.SZ,20040526,5.02,5.15,4.98,5.1,5.03,0.07,1.39,5258.0,2654.7913,0.333,0.333,0.83,71.5907,66.3168,2.1604,1.2899,1.212,0.0,,30891.84,15792.0,15792.0,157548.384,80539.2,,,3.211
000881,中广核技,化工原料,辽宁,19980902,000881.SZ,20040525,5.15,5.15,4.97,5.03,5.14,-0.11,-2.14,4970.2,2495.204,0.3147,0.3147,0.87,70.6081,65.4065,2.1307,1.2722,1.1954,0.0,,30891.84,15792.0,15792.0,155385.9552,79433.76,,,3.211
000881,中广核技,化工原料,辽宁,19980902,000881.SZ,20040524,5.2,5.28,5.1,5.14,5.28,-0.14,-2.65,5002.57,2584.7107,0.3168,0.3168,0.92,72.1522,66.8369,2.1773,1.3,1.2215,0.0,,30891.84,15792.0,15792.0,158784.0576,81170.88,,,3.211
000881,中广核技,化工原料,辽宁,19980902,000881.SZ,20040520,5.1,5.35,5.08,5.28,5.07,0.21,4.14,15021.38,7861.5996,0.9512,0.9512,4.89,74.1174,68.6574,2.2366,1.3354,1.2548,0.0,,30891.84,15792.0,15792.0,163108.9152,83381.76,,,3.211
000881,中广核技,化工原料,辽宁,19980902,000881.SZ,20040519,5.06,5.16,5.03,5.07,5.06,0.01,0.2,4199.4,2140.1132,0.2659,0.2659,1.33,71.1696,65.9267,2.1477,1.2823,1.2049,0.0,,30891.84,15792.0,15792.0,156621.6288,80065.44,,,3.211
000881,中广核技,化工原料,辽宁,19980902,000881.SZ,20040518,5.0,5.09,4.99,5.06,5.02,0.04,0.8,2294.78,1151.9731,0.1453,0.1453,0.63,71.0292,65.7966,2.1434,1.2798,1.2025,0.0,,30891.84,15792.0,15792.0,156312.7104,79907.52,,,3.211
000881,中广核技,化工原料,辽宁,19980902,000881.SZ,20040517,4.97,5.03,4.96,5.02,5.0,0.02,0.4,2093.61,1045.8496,0.1326,0.1326,0.54,70.4677,65.2765,2.1265,1.2696,1.193,0.0,,30891.84,15792.0,15792.0,155077.0368,79275.84,,,3.211
000881,中广核技,化工原料,辽宁,19980902,000881.SZ,20040514,5.11,5.14,4.96,5.0,5.1,-0.1,-1.96,3686.91,1852.3225,0.2335,0.2335,0.9,70.187,65.0164,2.118,1.2646,1.1882,0.0,,30891.84,15792.0,15792.0,154459.2,78960.0,,,3.211
000881,中广核技,化工原料,辽宁,19980902,000881.SZ,20040513,5.15,5.16,5.08,5.1,5.19,-0.09,-1.73,3083.38,1572.2399,0.1952,0.1952,0.45,71.5907,66.3168,2.1604,1.2899,1.212,0.0,,30891.84,15792.0,15792.0,157548.384,80539.2,,,3.211
000881,中广核技,化工原料,辽宁,19980902,000881.SZ,20040512,5.05,5.19,5.03,5.19,5.07,0.12,2.37,4682.98,2397.5656,0.2965,0.2965,0.61,72.8541,67.4871,2.1985,1.3126,1.2334,0.0,,30891.84,15792.0,15792.0,160328.6496,81960.48,,,3.211
000881,中广核技,化工原料,辽宁,19980902,000881.SZ,20040511,5.04,5.08,4.94,5.07,5.04,0.03,0.6,4720.13,2371.9341,0.2989,0.2989,0.53,71.1696,65.9267,2.1477,1.2823,1.2049,0.0,,30891.84,15792.0,15792.0,156621.6288,80065.44,,,3.211
000881,中广核技,化工原料,辽宁,19980902,000881.SZ,20040510,5.18,5.24,5.04,5.04,5.18,-0.14,-2.7,3292.89,1675.7026,0.2085,0.2085,0.31,70.7484,65.5366,2.135,1.2747,1.1977,0.0,,30891.84,15792.0,15792.0,155694.8736,79591.68,,,3.211
000881,中广核技,化工原料,辽宁,19980902,000881.SZ,20040430,5.1,5.2,5.1,5.18,5.15,0.03,0.58,4794.81,2469.0072,0.3036,0.3036,0.32,72.7137,67.357,2.1943,1.3101,1.231,0.0,,30891.84,15792.0,15792.0,160019.7312,81802.56,,,3.211
000881,中广核技,化工原料,辽宁,19980902,000881.SZ,20040429,5.15,5.28,5.11,5.15,5.06,0.09,1.78,16874.84,8787.9973,1.0686,1.0686,0.85,72.2926,66.9669,2.1816,1.3025,1.2239,0.0,,30891.84,15792.0,15792.0,159092.976,81328.8,,,3.211
000881,中广核技,化工原料,辽宁,19980902,000881.SZ,20040428,5.01,5.09,4.91,5.06,5.09,-0.03,-0.59,8583.2,4303.4886,0.5435,0.5435,0.39,71.0292,65.7966,2.1434,1.2798,1.2025,0.0,,30891.84,15792.0,15792.0,156312.7104,79907.52,,,3.211
000881,中广核技,化工原料,辽宁,19980902,000881.SZ,20040427,5.27,5.28,5.08,5.09,5.25,-0.16,-3.05,11252.66,5781.6054,0.7126,0.7126,0.44,71.4503,66.1867,2.1561,1.2873,1.2096,0.0,,30891.84,15792.0,15792.0,157239.4656,80381.28,,,3.211
000881,中广核技,化工原料,辽宁,19980902,000881.SZ,20040426,5.38,5.43,5.16,5.25,5.37,-0.12,-2.23,11304.97,5936.8791,0.7159,0.7159,0.42,73.6963,68.2673,2.2239,1.3278,1.2477,0.0,,30891.84,15792.0,15792.0,162182.16,82908.0,,,3.211
000881,中广核技,化工原料,辽宁,19980902,000881.SZ,20040423,5.32,5.54,5.32,5.37,5.3,0.07,1.32,26285.08,14285.1524,1.6645,1.6645,1.04,75.3808,69.8276,2.2747,1.3582,1.2762,0.0,,30891.84,15792.0,15792.0,165889.1808,84803.04,,,3.211
000881,中广核技,化工原料,辽宁,19980902,000881.SZ,20040422,5.68,5.69,5.1,5.3,5.67,-0.37,-6.53,42368.64,22420.9732,2.6829,2.6829,2.21,74.3982,68.9174,2.2451,1.3405,1.2595,0.0,,30891.84,15792.0,15792.0,163726.752,83697.6,,,3.211
000881,中广核技,化工原料,辽宁,19980902,000881.SZ,20040421,5.7,5.72,5.58,5.67,5.69,-0.02,-0.35,18381.81,10374.6403,1.164,1.164,1.06,79.592,73.7286,2.4018,1.434,1.3475,0.0,,30891.84,15792.0,15792.0,175156.7328,89540.64,,,3.211
000881,中广核技,化工原料,辽宁,19980902,000881.SZ,20040420,5.56,5.73,5.54,5.69,5.56,0.13,2.34,29696.44,16819.1967,1.8805,1.8805,2.3,79.8728,73.9887,2.4103,1.4391,1.3522,0.0,,30891.84,15792.0,15792.0,175774.5696,89856.48,,,3.211
000881,中广核技,化工原料,辽宁,19980902,000881.SZ,20040419,5.54,5.63,5.46,5.56,5.54,0.02,0.36,17441.21,9706.9694,1.1044,1.1044,1.61,78.0479,72.2983,2.3552,1.4062,1.3213,0.0,,30891.84,15792.0,15792.0,171758.6304,87803.52,,,3.211
000881,中广核技,化工原料,辽宁,19980902,000881.SZ,20040416,5.47,5.55,5.3,5.54,5.47,0.07,1.28,18822.32,10229.8721,1.1919,1.1919,2.08,77.7671,77.7671,2.3616,1.4012,1.4012,0.0,,30891.84,15792.0,15792.0,171140.7936,87487.68,,,3.211
000881,中广核技,化工原料,辽宁,19980902,000881.SZ,20040415,5.42,5.57,5.41,5.47,5.41,0.06,1.11,11588.91,6380.3725,0.7338,0.7338,1.31,76.7845,76.7845,2.3317,1.3835,1.3835,0.0,,30891.84,15792.0,15792.0,168978.3648,86382.24,,,3.211
000881,中广核技,化工原料,辽宁,19980902,000881.SZ,20040414,5.5,5.51,5.4,5.41,5.48,-0.07,-1.28,9559.59,5197.7354,0.6053,0.6053,1.07,75.9423,75.9423,2.3061,1.3683,1.3683,0.0,,30891.84,15792.0,15792.0,167124.8544,85434.72,,,3.211
000881,中广核技,化工原料,辽宁,19980902,000881.SZ,20040413,5.47,5.57,5.45,5.48,5.47,0.01,0.18,7280.38,4001.1663,0.461,0.461,0.73,76.9249,76.9249,2.336,1.386,1.386,0.0,,30891.84,15792.0,15792.0,169287.2832,86540.16,,,3.211
000881,中广核技,化工原料,辽宁,19980902,000881.SZ,20040412,5.42,5.53,5.38,5.47,5.42,0.05,0.92,6795.33,3695.1236,0.4303,0.4303,0.63,76.7845,76.7845,2.3317,1.3835,1.3835,0.0,,30891.84,15792.0,15792.0,168978.3648,86382.24,,,3.211
000881,中广核技,化工原料,辽宁,19980902,000881.SZ,20040409,5.56,5.65,5.4,5.42,5.57,-0.15,-2.69,10091.85,5545.9077,0.639,0.639,0.69,76.0827,76.0827,2.3104,1.3708,1.3708,0.0,,30891.84,15792.0,15792.0,167433.7728,85592.64,,,3.211
000881,中广核技,化工原料,辽宁,19980902,000881.SZ,20040408,5.68,5.68,5.55,5.57,5.65,-0.08,-1.42,10446.44,5843.4037,0.6615,0.6615,0.69,78.1883,78.1883,2.3743,1.4087,1.4087,0.0,,30891.84,15792.0,15792.0,172067.5488,87961.44,,,3.211
000881,中广核技,化工原料,辽宁,19980902,000881.SZ,20040407,5.76,5.78,5.65,5.65,5.76,-0.11,-1.91,9968.8,5670.4462,0.6313,0.6313,0.68,79.3113,79.3113,2.4084,1.429,1.429,0.0,,30891.84,15792.0,15792.0,174538.896,89224.8,,,3.211
000881,中广核技,化工原料,辽宁,19980902,000881.SZ,20040406,5.7,5.77,5.62,5.76,5.69,0.07,1.23,12381.16,7061.0357,0.784,0.784,0.94,80.8554,80.8554,2.4553,1.4568,1.4568,0.0,,30891.84,15792.0,15792.0,177936.9984,90961.92,,,3.211
000881,中广核技,化工原料,辽宁,19980902,000881.SZ,20040405,5.75,5.75,5.62,5.69,5.71,-0.02,-0.35,11126.81,6304.2319,0.7046,0.7046,0.91,79.8728,79.8728,2.4255,1.4391,1.4391,0.0,,30891.84,15792.0,15792.0,175774.5696,89856.48,,,3.211
000881,中广核技,化工原料,辽宁,19980902,000881.SZ,20040402,5.59,5.78,5.55,5.71,5.59,0.12,2.15,29068.55,16547.662,1.8407,1.8407,3.72,80.1535,80.1535,2.434,1.4442,1.4442,0.0,,30891.84,15792.0,15792.0,176392.4064,90172.32,,,3.211
000881,中广核技,化工原料,辽宁,19980902,000881.SZ,20040401,5.48,5.64,5.48,5.59,5.51,0.08,1.45,13443.88,7501.2784,0.8513,0.8513,2.03,78.469,78.469,2.3829,1.4138,1.4138,0.0,,30891.84,15792.0,15792.0,172685.3856,88277.28,,,3.211
000881,中广核技,化工原料,辽宁,19980902,000881.SZ,20040331,5.4,5.55,5.4,5.51,5.4,0.11,2.04,7763.49,4268.6847,0.4916,0.4916,1.09,77.346,77.346,2.3488,1.3936,1.3936,0.0,,30891.84,15792.0,15792.0,170214.0384,87013.92,,,3.211
000881,中广核技,化工原料,辽宁,19980902,000881.SZ,20040330,5.4,5.45,5.36,5.4,5.4,0.0,0.0,4237.29,2283.6172,0.2683,0.2683,0.5,75.8019,75.8019,2.3019,1.3657,1.3657,0.0,,30891.84,15792.0,15792.0,166815.936,85276.8,,,3.211
000881,中广核技,化工原料,辽宁,19980902,000881.SZ,20040329,5.42,5.49,5.38,5.4,5.49,-0.09,-1.64,6466.5,3508.174,0.4095,0.4095,0.63,75.8019,75.8019,2.3019,1.3657,1.3657,0.0,,30891.84,15792.0,15792.0,166815.936,85276.8,,,3.211
000881,中广核技,化工原料,辽宁,19980902,000881.SZ,20040326,5.58,5.58,5.46,5.49,5.56,-0.07,-1.26,7172.97,3941.3031,0.4542,0.4542,0.67,77.0653,77.0653,2.3402,1.3885,1.3885,0.0,,30891.84,15792.0,15792.0,169596.2016,86698.08,,,3.211
000881,中广核技,化工原料,辽宁,19980902,000881.SZ,20040325,5.59,5.65,5.51,5.56,5.59,-0.03,-0.54,7503.98,4175.6514,0.4752,0.4752,0.71,78.0479,78.0479,2.3701,1.4062,1.4062,0.0,,30891.84,15792.0,15792.0,171758.6304,87803.52,,,3.211
000881,中广核技,化工原料,辽宁,19980902,000881.SZ,20040324,5.64,5.66,5.56,5.59,5.6,-0.01,-0.18,10122.29,5679.4403,0.641,0.641,1.03,78.469,78.469,2.3829,1.4138,1.4138,0.0,,30891.84,15792.0,15792.0,172685.3856,88277.28,,,3.211
000881,中广核技,化工原料,辽宁,19980902,000881.SZ,20040323,5.58,5.64,5.52,5.6,5.6,0.0,0.0,11223.31,6270.4997,0.7107,0.7107,1.17,78.6094,78.6094,2.3871,1.4163,1.4163,0.0,,30891.84,15792.0,15792.0,172994.304,88435.2,,,3.211
000881,中广核技,化工原料,辽宁,19980902,000881.SZ,20040322,5.5,5.65,5.46,5.6,5.47,0.13,2.38,15246.75,8491.2038,0.9655,0.9655,1.8,78.6094,78.6094,2.3871,1.4163,1.4163,0.0,,30891.84,15792.0,15792.0,172994.304,88435.2,,,3.211
000881,中广核技,化工原料,辽宁,19980902,000881.SZ,20040319,5.42,5.48,5.36,5.47,5.44,0.03,0.55,9320.3,5049.5859,0.5902,0.5902,0.94,64.0186,74.6781,2.3773,1.7472,1.7263,0.0,,30891.84,15792.0,15792.0,168978.3648,86382.24,,,3.211
000881,中广核技,化工原料,辽宁,19980902,000881.SZ,20040318,5.54,5.56,5.41,5.44,5.54,-0.1,-1.81,6913.84,3802.0097,0.4378,0.4378,0.68,63.6675,74.2685,2.3643,1.7377,1.7168,0.0,,30891.84,15792.0,15792.0,168051.6096,85908.48,,,3.211
000881,中广核技,化工原料,辽宁,19980902,000881.SZ,20040317,5.53,5.55,5.43,5.54,5.53,0.01,0.18,6658.43,3646.6281,0.4216,0.4216,0.64,64.8378,75.6338,2.4078,1.7696,1.7484,0.0,,30891.84,15792.0,15792.0,171140.7936,87487.68,,,3.211
000881,中广核技,化工原料,辽宁,19980902,000881.SZ,20040316,5.5,5.56,5.47,5.53,5.51,0.02,0.36,9754.61,5383.7858,0.6177,0.6177,1.01,64.7208,75.4972,2.4034,1.7664,1.7452,0.0,,30891.84,15792.0,15792.0,170831.8752,87329.76,,,3.211
000881,中广核技,化工原料,辽宁,19980902,000881.SZ,20040315,5.41,5.53,5.4,5.51,5.48,0.03,0.55,9689.56,5314.6016,0.6136,0.6136,1.02,64.4867,75.2242,2.3947,1.76,1.7389,0.0,,30891.84,15792.0,15792.0,170214.0384,87013.92,,,3.211
000881,中广核技,化工原料,辽宁,19980902,000881.SZ,20040312,5.41,5.58,5.38,5.48,5.4,0.08,1.48,16584.43,9126.984,1.0502,1.0502,2.31,64.1356,74.8146,2.3817,1.7504,1.7295,0.0,,30891.84,15792.0,15792.0,169287.2832,86540.16,,,3.211
000881,中广核技,化工原料,辽宁,19980902,000881.SZ,20040311,5.37,5.42,5.29,5.4,5.37,0.03,0.56,8131.16,4366.9685,0.5149,0.5149,1.11,63.1993,73.7224,2.3469,1.7249,1.7042,0.0,,30891.84,15792.0,15792.0,166815.936,85276.8,,,3.211
000881,中广核技,化工原料,辽宁,19980902,000881.SZ,20040310,5.28,5.38,5.22,5.37,5.24,0.13,2.48,7695.7,4080.8857,0.4873,0.4873,0.96,62.8482,73.3129,2.3339,1.7153,1.6947,0.0,,30891.84,15792.0,15792.0,165889.1808,84803.04,,,3.211
000881,中广核技,化工原料,辽宁,19980902,000881.SZ,20040309,5.27,5.35,5.21,5.24,5.28,-0.04,-0.76,6140.0,3241.0324,0.3888,0.3888,0.65,61.3268,71.5381,2.2774,1.6738,1.6537,0.0,,30891.84,15792.0,15792.0,161873.2416,82750.08,,,3.211
000881,中广核技,化工原料,辽宁,19980902,000881.SZ,20040308,5.42,5.42,5.25,5.28,5.46,-0.18,-3.3,8843.95,4716.5719,0.56,0.56,0.87,61.7949,72.0842,2.2948,1.6865,1.6663,0.0,,30891.84,15792.0,15792.0,163108.9152,83381.76,,,3.211
000881,中广核技,化工原料,辽宁,19980902,000881.SZ,20040305,5.55,5.6,5.43,5.46,5.53,-0.07,-1.27,5162.05,2827.3692,0.3269,0.3269,0.37,63.9015,74.5416,2.373,1.744,1.7232,0.0,,30891.84,15792.0,15792.0,168669.4464,86224.32,,,3.211
000881,中广核技,化工原料,辽宁,19980902,000881.SZ,20040304,5.45,5.55,5.35,5.53,5.49,0.04,0.73,8850.73,4802.0291,0.5605,0.5605,0.59,64.7208,75.4972,2.4034,1.7664,1.7452,0.0,,30891.84,15792.0,15792.0,170831.8752,87329.76,,,3.211
000881,中广核技,化工原料,辽宁,19980902,000881.SZ,20040303,5.58,5.58,5.43,5.49,5.59,-0.1,-1.79,11221.51,6144.6752,0.7106,0.7106,0.72,64.2527,74.9511,2.386,1.7536,1.7326,0.0,,30891.84,15792.0,15792.0,169596.2016,86698.08,,,3.211
000881,中广核技,化工原料,辽宁,19980902,000881.SZ,20040302,5.65,5.66,5.51,5.59,5.65,-0.06,-1.06,12890.23,7185.3786,0.8163,0.8163,0.75,65.423,76.3164,2.4295,1.7856,1.7642,0.0,,30891.84,15792.0,15792.0,172685.3856,88277.28,,,3.211
000881,中广核技,化工原料,辽宁,19980902,000881.SZ,20040301,5.7,5.7,5.55,5.65,5.62,0.03,0.53,12595.16,7079.3835,0.7976,0.7976,0.61,66.1252,77.1355,2.4556,1.8047,1.7831,0.0,,30891.84,15792.0,15792.0,174538.896,89224.8,,,3.211
000881,中广核技,化工原料,辽宁,19980902,000881.SZ,20040227,5.55,5.7,5.43,5.62,5.36,0.26,4.85,24422.43,13660.7744,1.5465,1.5465,1.26,65.7741,76.7259,2.4425,1.7951,1.7736,0.0,,30891.84,15792.0,15792.0,173612.1408,88751.04,,,3.211
000881,中广核技,化工原料,辽宁,19980902,000881.SZ,20040226,5.3,5.42,5.21,5.36,5.34,0.02,0.37,13848.05,7367.1285,0.8769,0.8769,0.72,62.7312,73.1764,2.3295,1.7121,1.6916,0.0,,30891.84,15792.0,15792.0,165580.2624,84645.12,,,3.211
000881,中广核技,化工原料,辽宁,19980902,000881.SZ,20040225,5.56,5.67,5.3,5.34,5.55,-0.21,-3.78,13977.29,7718.9134,0.8851,0.8851,0.7,62.4971,72.9033,2.3208,1.7057,1.6853,0.0,,30891.84,15792.0,15792.0,164962.4256,84329.28,,,3.211
000881,中广核技,化工原料,辽宁,19980902,000881.SZ,20040224,5.6,5.65,5.45,5.55,5.66,-0.11,-1.94,21664.49,11962.4975,1.3719,1.3719,1.0,64.9549,75.7703,2.4121,1.7728,1.7516,0.0,,30891.84,15792.0,15792.0,171449.712,87645.6,,,3.211
000881,中广核技,化工原料,辽宁,19980902,000881.SZ,20040223,5.73,5.94,5.64,5.66,5.69,-0.03,-0.53,29581.8,17196.46,1.8732,1.8732,1.56,66.2423,77.272,2.4599,1.8079,1.7863,0.0,,30891.84,15792.0,15792.0,174847.8144,89382.72,,,3.211
000881,中广核技,化工原料,辽宁,19980902,000881.SZ,20040220,5.63,5.72,5.6,5.69,5.65,0.04,0.71,17461.18,9884.1671,1.1057,1.1057,0.93,66.5934,77.6816,2.473,1.8175,1.7957,0.0,,30891.84,15792.0,15792.0,175774.5696,89856.48,,,3.211
000881,中广核技,化工原料,辽宁,19980902,000881.SZ,20040219,5.61,5.7,5.6,5.65,5.62,0.03,0.53,13160.83,7414.393,0.8334,0.8334,0.6,66.1252,77.1355,2.4556,1.8047,1.7831,0.0,,30891.84,15792.0,15792.0,174538.896,89224.8,,,3.211
000881,中广核技,化工原料,辽宁,19980902,000881.SZ,20040218,5.68,5.69,5.57,5.62,5.68,-0.06,-1.06,18353.23,10311.6211,1.1622,1.1622,0.84,65.7741,76.7259,2.4425,1.7951,1.7736,0.0,,30891.84,15792.0,15792.0,173612.1408,88751.04,,,3.211
000881,中广核技,化工原料,辽宁,19980902,000881.SZ,20040217,5.56,5.72,5.5,5.68,5.52,0.16,2.9,30176.72,17022.0172,1.9109,1.9109,1.51,66.4763,77.5451,2.4686,1.8143,1.7926,0.0,,30891.84,15792.0,15792.0,175465.6512,89698.56,,,3.211
000881,中广核技,化工原料,辽宁,19980902,000881.SZ,20040216,5.4,5.52,5.4,5.52,5.42,0.1,1.85,15728.6,8622.9756,0.996,0.996,0.72,64.6038,75.3607,2.3991,1.7632,1.7421,0.0,,30891.84,15792.0,15792.0,170522.9568,87171.84,,,3.211
000881,中广核技,化工原料,辽宁,19980902,000881.SZ,20040213,5.45,5.56,5.39,5.42,5.52,-0.1,-1.81,16294.11,8847.5317,1.0318,1.0318,0.48,63.4334,73.9955,2.3556,1.7313,1.7105,0.0,,30891.84,15792.0,15792.0,167433.7728,85592.64,,,3.211
000881,中广核技,化工原料,辽宁,19980902,000881.SZ,20040212,5.3,5.64,5.28,5.52,5.34,0.18,3.37,29569.44,16282.881,1.8724,1.8724,0.79,64.6038,75.3607,2.3991,1.7632,1.7421,0.0,,30891.84,15792.0,15792.0,170522.9568,87171.84,,,3.211
000881,中广核技,化工原料,辽宁,19980902,000881.SZ,20040211,5.44,5.45,5.31,5.34,5.44,-0.1,-1.84,17554.81,9390.3329,1.1116,1.1116,0.47,62.4971,72.9033,2.3208,1.7057,1.6853,0.0,,30891.84,15792.0,15792.0,164962.4256,84329.28,,,3.211
000881,中广核技,化工原料,辽宁,19980902,000881.SZ,20040210,5.52,5.54,5.4,5.44,5.5,-0.06,-1.09,20499.07,11187.19,1.2981,1.2981,0.55,63.6675,74.2685,2.3643,1.7377,1.7168,0.0,,30891.84,15792.0,15792.0,168051.6096,85908.48,,,3.211
000881,中广核技,化工原料,辽宁,19980902,000881.SZ,20040209,5.4,5.5,5.3,5.5,5.48,0.02,0.37,25468.97,13770.0713,1.6128,1.6128,0.72,64.3697,75.0877,2.3904,1.7568,1.7358,0.0,,30891.84,15792.0,15792.0,169905.12,86856.0,,,3.211
000881,中广核技,化工原料,辽宁,19980902,000881.SZ,20040206,5.51,5.64,5.42,5.48,5.45,0.03,0.55,78359.11,43455.2807,4.9619,4.9619,3.54,64.1356,74.8146,2.3817,1.7504,1.7295,0.0,,30891.84,15792.0,15792.0,169287.2832,86540.16,,,3.211
000881,中广核技,化工原料,辽宁,19980902,000881.SZ,20040205,5.1,5.5,5.02,5.45,5.07,0.38,7.5,44870.45,23712.6797,2.8413,2.8413,2.9,63.7845,74.4051,2.3687,1.7408,1.72,0.0,,30891.84,15792.0,15792.0,168360.528,86066.4,,,3.211
000881,中广核技,化工原料,辽宁,19980902,000881.SZ,20040204,4.99,5.13,4.96,5.07,4.99,0.08,1.6,19409.67,9814.8898,1.2291,1.2291,1.48,59.3371,69.2172,2.2035,1.6195,1.6001,0.0,,30891.84,15792.0,15792.0,156621.6288,80065.44,,,3.211
000881,中广核技,化工原料,辽宁,19980902,000881.SZ,20040203,4.88,5.04,4.83,4.99,4.86,0.13,2.67,19808.07,9796.0693,1.2543,1.2543,1.84,58.4009,68.125,2.1687,1.5939,1.5748,0.0,,30891.84,15792.0,15792.0,154150.2816,78802.08,,,3.211
000881,中广核技,化工原料,辽宁,19980902,000881.SZ,20040202,4.82,4.89,4.76,4.86,4.76,0.1,2.1,14247.4,6890.8318,0.9022,0.9022,1.57,56.8794,66.3502,2.1122,1.5524,1.5338,0.0,,30891.84,15792.0,15792.0,150134.3424,76749.12,,,3.211
000881,中广核技,化工原料,辽宁,19980902,000881.SZ,20040130,4.81,4.95,4.75,4.76,4.78,-0.02,-0.42,12356.0,5948.1087,0.7824,0.7824,1.32,55.709,64.985,2.0688,1.5204,1.5022,0.0,,30891.84,15792.0,15792.0,147045.1584,75169.92,,,3.211
000881,中广核技,化工原料,辽宁,19980902,000881.SZ,20040129,4.71,4.81,4.56,4.78,4.59,0.19,4.14,11666.1,5504.2696,0.7387,0.7387,1.28,55.9431,65.258,2.0775,1.5268,1.5085,0.0,,30891.84,15792.0,15792.0,147662.9952,75485.76,,,3.211
000881,中广核技,化工原料,辽宁,19980902,000881.SZ,20040116,4.51,4.62,4.46,4.59,4.5,0.09,2.0,7513.36,3412.7061,0.4758,0.4758,0.69,53.7194,62.6641,1.9949,1.4661,1.4486,0.0,,30891.84,15792.0,15792.0,141793.5456,72485.28,,,3.211
000881,中广核技,化工原料,辽宁,19980902,000881.SZ,20040115,4.61,4.61,4.48,4.5,4.61,-0.11,-2.39,8178.81,3715.6861,0.5179,0.5179,0.7,52.6661,61.4354,1.9558,1.4374,1.4202,0.0,,30891.84,15792.0,15792.0,139013.28,71064.0,,,3.211
000881,中广核技,化工原料,辽宁,19980902,000881.SZ,20040114,4.62,4.65,4.55,4.61,4.62,-0.01,-0.22,5704.0,2621.9642,0.3612,0.3612,0.45,53.9535,62.9371,2.0036,1.4725,1.4549,0.0,,30891.84,15792.0,15792.0,142411.3824,72801.12,,,3.211
000881,中广核技,化工原料,辽宁,19980902,000881.SZ,20040113,4.52,4.66,4.51,4.62,4.52,0.1,2.21,13769.06,6295.1084,0.8719,0.8719,1.11,54.0705,63.0736,2.0079,1.4757,1.4581,0.0,,30891.84,15792.0,15792.0,142720.3008,72959.04,,,3.211
000881,中广核技,化工原料,辽宁,19980902,000881.SZ,20040112,4.5,4.58,4.46,4.52,4.5,0.02,0.44,10357.72,4682.9999,0.6559,0.6559,0.81,52.9002,61.7084,1.9645,1.4438,1.4265,0.0,,30891.84,15792.0,15792.0,139631.1168,71379.84,,,3.211
000881,中广核技,化工原料,辽宁,19980902,000881.SZ,20040109,4.42,4.57,4.4,4.5,4.42,0.08,1.81,16544.25,7406.1169,1.0476,1.0476,1.62,52.6661,61.4354,1.9558,1.4374,1.4202,0.0,,30891.84,15792.0,15792.0,139013.28,71064.0,,,3.211
000881,中广核技,化工原料,辽宁,19980902,000881.SZ,20040108,4.31,4.43,4.3,4.42,4.31,0.11,2.55,11676.42,5123.7181,0.7394,0.7394,1.32,51.7298,60.3432,1.921,1.4118,1.3949,0.0,,30891.84,15792.0,15792.0,136541.9328,69800.64,,,3.211
000881,中广核技,化工原料,辽宁,19980902,000881.SZ,20040107,4.31,4.35,4.26,4.31,4.3,0.01,0.23,11066.23,4757.7484,0.7007,0.7007,1.48,50.4424,58.8414,1.8732,1.3767,1.3602,0.0,,30891.84,15792.0,15792.0,133143.8304,68063.52,,,3.211
000881,中广核技,化工原料,辽宁,19980902,000881.SZ,20040106,4.3,4.42,4.23,4.3,4.3,0.0,0.0,12631.46,5435.9628,0.7999,0.7999,1.96,50.3254,58.7049,1.8688,1.3735,1.3571,0.0,,30891.84,15792.0,15792.0,132834.912,67905.6,,,3.211
000881,中广核技,化工原料,辽宁,19980902,000881.SZ,20040105,4.33,4.35,4.25,4.3,4.33,-0.03,-0.69,12051.55,5152.4171,0.7631,0.7631,2.36,50.3254,58.7049,1.8688,1.3735,1.3571,0.0,,30891.84,15792.0,15792.0,132834.912,67905.6,,,3.211
000881,中广核技,化工原料,辽宁,19980902,000881.SZ,20040102,4.38,4.38,4.3,4.33,4.33,0.0,0.0,3752.53,1624.6317,0.2376,0.2376,0.66,50.6765,59.1145,1.8819,1.3831,1.3665,0.0,,30891.84,15792.0,15792.0,133761.6672,68379.36,,,3.211
000881,中广核技,化工原料,辽宁,19980902,000881.SZ,20031231,4.47,4.47,4.31,4.33,4.39,-0.06,-1.37,4826.66,2090.963,0.3056,0.3056,0.74,50.6765,59.1145,1.8819,1.3831,1.3665,2.2589,,30891.84,15792.0,15792.0,133761.6672,68379.36,,,3.211
000881,中广核技,化工原料,辽宁,19980902,000881.SZ,20031230,4.38,4.5,4.36,4.39,4.46,-0.07,-1.57,4103.49,1804.8821,0.2598,0.2598,0.57,51.3787,59.9336,1.908,1.4023,1.3855,2.228,,30891.84,15792.0,15792.0,135615.1776,69326.88,,,3.211
000881,中广核技,化工原料,辽宁,19980902,000881.SZ,20031229,4.58,4.59,4.44,4.46,4.4,0.06,1.36,7433.46,3337.5782,0.4707,0.4707,0.93,52.198,60.8893,1.9384,1.4246,1.4076,2.193,,30891.84,15792.0,15792.0,137777.6064,70432.32,,,3.211
000881,中广核技,化工原料,辽宁,19980902,000881.SZ,20031226,4.35,4.49,4.34,4.4,4.35,0.05,1.15,5378.39,2368.7399,0.3406,0.3406,0.55,51.4957,60.0701,1.9123,1.4055,1.3886,2.2229,,30891.84,15792.0,15792.0,135924.096,69484.8,,,3.211
000881,中广核技,化工原料,辽宁,19980902,000881.SZ,20031225,4.39,4.39,4.31,4.35,4.39,-0.04,-0.91,6900.72,2997.1096,0.437,0.437,0.67,50.9106,59.3875,1.8906,1.3895,1.3728,2.2485,,30891.84,15792.0,15792.0,134379.504,68695.2,,,3.211
000881,中广核技,化工原料,辽宁,19980902,000881.SZ,20031224,4.42,4.46,4.35,4.39,4.45,-0.06,-1.35,8750.59,3849.1867,0.5541,0.5541,0.78,51.3787,59.9336,1.908,1.4023,1.3855,2.228,,30891.84,15792.0,15792.0,135615.1776,69326.88,,,3.211
000881,中广核技,化工原料,辽宁,19980902,000881.SZ,20031223,4.45,4.49,4.4,4.45,4.44,0.01,0.23,7254.12,3222.7473,0.4594,0.4594,0.66,52.0809,60.7528,1.934,1.4214,1.4044,2.1979,,30891.84,15792.0,15792.0,137468.688,70274.4,,,3.211
000881,中广核技,化工原料,辽宁,19980902,000881.SZ,20031222,4.33,4.46,4.2,4.44,4.34,0.1,2.3,11491.38,4919.7902,0.7277,0.7277,1.2,51.9639,60.6162,1.9297,1.4182,1.4012,2.2029,,30891.84,15792.0,15792.0,137159.7696,70116.48,,,3.211
000881,中广核技,化工原料,辽宁,19980902,000881.SZ,20031219,4.64,4.65,4.32,4.34,4.66,-0.32,-6.87,14843.08,6591.5397,0.9399,0.9399,1.93,50.7935,59.251,1.8862,1.3863,1.3697,2.2537,,30891.84,15792.0,15792.0,134070.5856,68537.28,,,3.211
000881,中广核技,化工原料,辽宁,19980902,000881.SZ,20031218,4.84,4.86,4.64,4.66,4.86,-0.2,-4.12,9004.75,4249.8864,0.5702,0.5702,1.27,54.5387,63.6197,2.0253,1.4885,1.4707,2.0989,,30891.84,15792.0,15792.0,143955.9744,73590.72,,,3.211
000881,中广核技,化工原料,辽宁,19980902,000881.SZ,20031217,4.71,4.95,4.68,4.86,4.72,0.14,2.97,13521.94,6514.9955,0.8563,0.8563,2.27,56.8794,66.3502,2.1122,1.5524,1.5338,2.0125,,30891.84,15792.0,15792.0,150134.3424,76749.12,,,3.211
000881,中广核技,化工原料,辽宁,19980902,000881.SZ,20031216,4.84,4.84,4.7,4.72,4.85,-0.13,-2.68,6332.06,3000.4844,0.401,0.401,1.09,55.2409,64.4389,2.0514,1.5077,1.4896,2.0722,,30891.84,15792.0,15792.0,145809.4848,74538.24,,,3.211
000881,中广核技,化工原料,辽宁,19980902,000881.SZ,20031215,4.83,4.85,4.78,4.85,4.85,0.0,0.0,4103.81,1975.6701,0.2599,0.2599,0.6,56.7624,66.2137,2.1079,1.5492,1.5306,2.0167,,30891.84,15792.0,15792.0,149825.424,76591.2,,,3.211
000881,中广核技,化工原料,辽宁,19980902,000881.SZ,20031212,4.9,4.9,4.81,4.85,4.9,-0.05,-1.02,5516.69,2670.0538,0.3493,0.3493,0.39,56.7624,66.2137,2.1079,1.5492,1.5306,2.0167,,30891.84,15792.0,15792.0,149825.424,76591.2,,,3.211
000881,中广核技,化工原料,辽宁,19980902,000881.SZ,20031211,4.91,4.94,4.86,4.9,4.9,0.0,0.0,5919.79,2893.3942,0.3749,0.3749,0.33,57.3475,66.8963,2.1296,1.5652,1.5464,1.9961,,30891.84,15792.0,15792.0,151370.016,77380.8,,,3.211
000881,中广核技,化工原料,辽宁,19980902,000881.SZ,20031210,4.83,4.94,4.8,4.9,4.83,0.07,1.45,7954.82,3879.8597,0.5037,0.5037,0.42,57.3475,66.8963,2.1296,1.5652,1.5464,1.9961,,30891.84,15792.0,15792.0,151370.016,77380.8,,,3.211
000881,中广核技,化工原料,辽宁,19980902,000881.SZ,20031209,4.81,4.84,4.76,4.83,4.84,-0.01,-0.21,5626.99,2700.728,0.3563,0.3563,0.29,56.5283,65.9406,2.0992,1.5428,1.5243,2.025,,30891.84,15792.0,15792.0,149207.5872,76275.36,,,3.211
000881,中广核技,化工原料,辽宁,19980902,000881.SZ,20031208,4.9,5.0,4.84,4.84,4.93,-0.09,-1.83,9237.0,4526.5994,0.5849,0.5849,0.48,56.6453,66.0772,2.1035,1.546,1.5275,2.0208,,30891.84,15792.0,15792.0,149516.5056,76433.28,,,3.211
000881,中广核技,化工原料,辽宁,19980902,000881.SZ,20031205,5.06,5.09,4.9,4.93,4.99,-0.06,-1.2,42113.09,21101.3093,2.6667,2.6667,3.61,57.6986,67.3059,2.1427,1.5747,1.5559,1.9839,,30891.84,15792.0,15792.0,152296.7712,77854.56,,,3.211
000881,中广核技,化工原料,辽宁,19980902,000881.SZ,20031204,4.79,4.99,4.75,4.99,4.79,0.2,4.18,25684.77,12604.4116,1.6264,1.6264,2.92,58.4009,68.125,2.1687,1.5939,1.5748,1.9601,,30891.84,15792.0,15792.0,154150.2816,78802.08,,,3.211
000881,中广核技,化工原料,辽宁,19980902,000881.SZ,20031203,4.73,4.85,4.66,4.79,4.74,0.05,1.05,12599.77,6038.9237,0.7979,0.7979,1.54,56.0601,65.3945,2.0818,1.53,1.5117,2.0419,,30891.84,15792.0,15792.0,147971.9136,75643.68,,,3.211
000881,中广核技,化工原料,辽宁,19980902,000881.SZ,20031202,4.71,4.81,4.68,4.74,4.71,0.03,0.64,8413.29,4011.5171,0.5328,0.5328,0.87,55.475,64.7119,2.0601,1.5141,1.4959,2.0635,,30891.84,15792.0,15792.0,146427.3216,74854.08,,,3.211
000881,中广核技,化工原料,辽宁,19980902,000881.SZ,20031201,4.58,4.73,4.58,4.71,4.57,0.14,3.06,6418.17,3008.5295,0.4064,0.4064,0.56,55.1239,64.3024,2.047,1.5045,1.4865,2.0766,,30891.84,15792.0,15792.0,145500.5664,74380.32,,,3.211
000881,中广核技,化工原料,辽宁,19980902,000881.SZ,20031128,4.61,4.66,4.56,4.57,4.63,-0.06,-1.3,5282.0,2429.407,0.3345,0.3345,0.44,53.4854,62.391,1.9862,1.4598,1.4423,2.1402,,30891.84,15792.0,15792.0,141175.7088,72169.44,,,3.211
000881,中广核技,化工原料,辽宁,19980902,000881.SZ,20031127,4.73,4.77,4.56,4.63,4.73,-0.1,-2.11,11321.42,5266.0852,0.7169,0.7169,0.92,54.1876,63.2102,2.0123,1.4789,1.4612,2.1125,,30891.84,15792.0,15792.0,143029.2192,73116.96,,,3.211
000881,中广核技,化工原料,辽宁,19980902,000881.SZ,20031126,4.7,4.82,4.62,4.73,4.69,0.04,0.85,9416.15,4454.9209,0.5963,0.5963,0.84,55.3579,64.5754,2.0557,1.5109,1.4928,2.0678,,30891.84,15792.0,15792.0,146118.4032,74696.16,,,3.211
000881,中广核技,化工原料,辽宁,19980902,000881.SZ,20031125,4.65,4.82,4.62,4.69,4.65,0.04,0.86,16123.58,7635.1205,1.021,1.021,1.89,54.8898,64.0293,2.0383,1.4981,1.4801,2.0855,,30891.84,15792.0,15792.0,144882.7296,74064.48,,,3.211
000881,中广核技,化工原料,辽宁,19980902,000881.SZ,20031124,4.49,4.77,4.49,4.65,4.42,0.23,5.2,14664.19,6816.8282,0.9286,0.9286,2.44,54.4216,63.4832,2.021,1.4853,1.4675,2.1034,,30891.84,15792.0,15792.0,143647.056,73432.8,,,3.211
000881,中广核技,化工原料,辽宁,19980902,000881.SZ,20031121,4.57,4.59,4.41,4.42,4.52,-0.1,-2.21,8908.69,4017.796,0.5641,0.5641,1.91,51.7298,60.3432,1.921,1.4118,1.3949,2.2129,,30891.84,15792.0,15792.0,136541.9328,69800.64,,,3.211
000881,中广核技,化工原料,辽宁,19980902,000881.SZ,20031120,4.33,4.54,4.32,4.52,4.36,0.16,3.67,12270.63,5495.6517,0.777,0.777,4.52,52.9002,61.7084,1.9645,1.4438,1.4265,2.1639,,30891.84,15792.0,15792.0,139631.1168,71379.84,,,3.211
000881,中广核技,化工原料,辽宁,19980902,000881.SZ,20031119,4.23,4.38,4.21,4.36,4.24,0.12,2.83,3978.6,1719.9232,0.2519,0.2519,1.21,51.0276,59.524,1.8949,1.3927,1.376,2.2433,,30891.84,15792.0,15792.0,134688.4224,68853.12,,,3.211
000881,中广核技,化工原料,辽宁,19980902,000881.SZ,20031118,4.34,4.35,4.23,4.24,4.35,-0.11,-2.53,2858.07,1221.9567,0.181,0.181,0.87,49.6232,57.8858,1.8428,1.3543,1.3381,2.3068,,30891.84,15792.0,15792.0,130981.4016,66958.08,,,3.211
000881,中广核技,化工原料,辽宁,19980902,000881.SZ,20031117,4.31,4.36,4.29,4.35,4.31,0.04,0.93,2082.33,902.372,0.1319,0.1319,0.61,50.9106,59.3875,1.8906,1.3895,1.3728,2.2485,,30891.84,15792.0,15792.0,134379.504,68695.2,,,3.211
000881,中广核技,化工原料,辽宁,19980902,000881.SZ,20031114,4.26,4.35,4.25,4.31,4.26,0.05,1.17,2100.11,903.9416,0.133,0.133,0.48,50.4424,58.8414,1.8732,1.3767,1.3602,2.2693,,30891.84,15792.0,15792.0,133143.8304,68063.52,,,3.211
000881,中广核技,化工原料,辽宁,19980902,000881.SZ,20031113,4.28,4.3,4.2,4.26,4.27,-0.01,-0.23,2552.14,1083.693,0.1616,0.1616,0.41,49.8572,58.1588,1.8515,1.3607,1.3444,2.296,,30891.84,15792.0,15792.0,131599.2384,67273.92,,,3.211
000881,中广核技,化工原料,辽宁,19980902,000881.SZ,20031112,4.26,4.45,4.25,4.27,4.24,0.03,0.71,6881.48,2971.9091,0.4358,0.4358,1.05,49.9743,58.2953,1.8558,1.3639,1.3476,2.2906,,30891.84,15792.0,15792.0,131908.1568,67431.84,,,3.211
000881,中广核技,化工原料,辽宁,19980902,000881.SZ,20031111,4.22,4.26,4.16,4.24,4.22,0.02,0.47,2799.91,1177.5272,0.1773,0.1773,0.38,49.6232,57.8858,1.8428,1.3543,1.3381,2.3068,,30891.84,15792.0,15792.0,130981.4016,66958.08,,,3.211
000881,中广核技,化工原料,辽宁,19980902,000881.SZ,20031110,4.27,4.27,4.15,4.22,4.26,-0.04,-0.94,2806.02,1183.6626,0.1777,0.1777,0.38,49.3891,57.6127,1.8341,1.348,1.3318,2.3177,,30891.84,15792.0,15792.0,130363.5648,66642.24,,,3.211
000881,中广核技,化工原料,辽宁,19980902,000881.SZ,20031107,4.29,4.29,4.11,4.26,4.29,-0.03,-0.7,6712.38,2818.6382,0.425,0.425,1.0,49.8572,58.1588,1.8515,1.3607,1.3444,2.296,,30891.84,15792.0,15792.0,131599.2384,67273.92,,,3.211
000881,中广核技,化工原料,辽宁,19980902,000881.SZ,20031106,4.5,4.52,4.28,4.29,4.54,-0.25,-5.51,11628.59,5050.6299,0.7364,0.7364,2.2,50.2084,58.5684,1.8645,1.3703,1.3539,2.2799,,30891.84,15792.0,15792.0,132525.9936,67747.68,,,3.211
000881,中广核技,化工原料,辽宁,19980902,000881.SZ,20031105,4.75,4.77,4.54,4.54,4.75,-0.21,-4.42,8783.78,4083.1279,0.5562,0.5562,1.48,53.1343,61.9815,1.9732,1.4502,1.4328,2.1544,,30891.84,15792.0,15792.0,140248.9536,71695.68,,,3.211
000881,中广核技,化工原料,辽宁,19980902,000881.SZ,20031104,4.69,4.84,4.69,4.75,4.69,0.06,1.28,6820.2,3247.3675,0.4319,0.4319,1.08,55.592,64.8484,2.0644,1.5172,1.4991,2.0591,,30891.84,15792.0,15792.0,146736.24,75012.0,,,3.211
000881,中广核技,化工原料,辽宁,19980902,000881.SZ,20031103,4.7,4.73,4.63,4.69,4.69,0.0,0.0,3297.0,1541.329,0.2088,0.2088,0.5,54.8898,64.0293,2.0383,1.4981,1.4801,2.0855,,30891.84,15792.0,15792.0,144882.7296,74064.48,,,3.211
000881,中广核技,化工原料,辽宁,19980902,000881.SZ,20031031,4.6,4.81,4.58,4.69,4.61,0.08,1.74,3098.55,1452.7406,0.1962,0.1962,0.42,54.8898,64.0293,2.0383,1.4981,1.4801,2.0855,,30891.84,15792.0,15792.0,144882.7296,74064.48,,,3.211
000881,中广核技,化工原料,辽宁,19980902,000881.SZ,20031030,4.68,4.7,4.58,4.61,4.7,-0.09,-1.91,4482.0,2080.4666,0.2838,0.2838,0.57,53.9535,62.9371,2.0036,1.4725,1.4549,2.1217,,30891.84,15792.0,15792.0,142411.3824,72801.12,,,3.211
000881,中广核技,化工原料,辽宁,19980902,000881.SZ,20031029,5.01,5.05,4.56,4.7,5.03,-0.33,-6.56,11947.3,5692.7233,0.7565,0.7565,1.88,55.0068,64.1658,2.0427,1.5013,1.4833,2.081,,30891.84,15792.0,15792.0,145191.648,74222.4,,,3.211
000881,中广核技,化工原料,辽宁,19980902,000881.SZ,20031028,5.22,5.28,4.99,5.03,5.21,-0.18,-3.45,8789.22,4468.0605,0.5566,0.5566,1.69,58.869,68.6711,2.1861,1.6067,1.5874,1.9445,,30891.84,15792.0,15792.0,155385.9552,79433.76,,,3.211
000881,中广核技,化工原料,辽宁,19980902,000881.SZ,20031027,5.27,5.3,5.17,5.21,5.27,-0.06,-1.14,4579.78,2382.8024,0.29,0.29,0.88,60.9756,69.649,2.2721,1.6642,1.6954,1.8773,,30891.84,15792.0,15792.0,160946.4864,82276.32,,,3.211
000881,中广核技,化工原料,辽宁,19980902,000881.SZ,20031024,5.4,5.44,5.26,5.27,5.4,-0.13,-2.41,6956.55,3700.2212,0.4405,0.4405,1.67,61.6779,70.4511,2.2983,1.6833,1.715,1.8559,,30891.84,15792.0,15792.0,162799.9968,83223.84,,,3.211
000881,中广核技,化工原料,辽宁,19980902,000881.SZ,20031023,5.34,5.44,5.3,5.4,5.36,0.04,0.75,6862.69,3697.5918,0.4346,0.4346,1.97,63.1993,72.1889,2.355,1.7249,1.7573,1.8113,,30891.84,15792.0,15792.0,166815.936,85276.8,,,3.211
000881,中广核技,化工原料,辽宁,19980902,000881.SZ,20031022,5.27,5.41,5.24,5.36,5.28,0.08,1.52,4627.62,2472.4129,0.293,0.293,1.32,62.7312,71.6542,2.3375,1.7121,1.7443,1.8248,,30891.84,15792.0,15792.0,165580.2624,84645.12,,,3.211
000881,中广核技,化工原料,辽宁,19980902,000881.SZ,20031021,5.19,5.29,5.15,5.28,5.19,0.09,1.73,2951.45,1532.3732,0.1869,0.1869,0.8,61.7949,70.5847,2.3026,1.6865,1.7182,1.8524,,30891.84,15792.0,15792.0,163108.9152,83381.76,,,3.211
000881,中广核技,化工原料,辽宁,19980902,000881.SZ,20031020,5.25,5.26,5.13,5.19,5.28,-0.09,-1.7,4525.46,2350.1621,0.2866,0.2866,0.97,60.7416,69.3816,2.2634,1.6578,1.6889,1.8846,,30891.84,15792.0,15792.0,160328.6496,81960.48,,,3.211
000881,中广核技,化工原料,辽宁,19980902,000881.SZ,20031017,5.25,5.33,5.23,5.28,5.26,0.02,0.38,1897.04,999.8755,0.1201,0.1201,0.35,61.7949,70.5847,2.3026,1.6865,1.7182,1.8524,,30891.84,15792.0,15792.0,163108.9152,83381.76,,,3.211
000881,中广核技,化工原料,辽宁,19980902,000881.SZ,20031016,5.34,5.38,5.25,5.26,5.36,-0.1,-1.87,3448.61,1829.2449,0.2184,0.2184,0.63,61.5608,70.3174,2.2939,1.6802,1.7117,1.8595,,30891.84,15792.0,15792.0,162491.0784,83065.92,,,3.211
000881,中广核技,化工原料,辽宁,19980902,000881.SZ,20031015,5.48,5.53,5.35,5.36,5.45,-0.09,-1.65,4766.0,2588.061,0.3018,0.3018,0.77,62.7312,71.6542,2.3375,1.7121,1.7443,1.8248,,30891.84,15792.0,15792.0,165580.2624,84645.12,,,3.211
000881,中广核技,化工原料,辽宁,19980902,000881.SZ,20031014,5.54,5.56,5.44,5.45,5.54,-0.09,-1.62,3758.47,2058.2429,0.238,0.238,0.63,63.7845,72.8574,2.3768,1.7408,1.7736,1.7947,,30891.84,15792.0,15792.0,168360.528,86066.4,,,3.211
000881,中广核技,化工原料,辽宁,19980902,000881.SZ,20031013,5.43,5.55,5.38,5.54,5.43,0.11,2.03,9560.18,5268.5217,0.6054,0.6054,2.04,64.8378,74.0605,2.416,1.7696,1.8028,1.7655,,30891.84,15792.0,15792.0,171140.7936,87487.68,,,3.211
000881,中广核技,化工原料,辽宁,19980902,000881.SZ,20031010,5.3,5.48,5.29,5.43,5.3,0.13,2.45,5603.65,3021.3574,0.3548,0.3548,1.32,63.5504,72.59,2.3681,1.7345,1.767,1.8013,,30891.84,15792.0,15792.0,167742.6912,85750.56,,,3.211
000881,中广核技,化工原料,辽宁,19980902,000881.SZ,20031009,5.44,5.44,5.3,5.3,5.44,-0.14,-2.57,3717.7,1994.8675,0.2354,0.2354,0.89,62.029,70.8521,2.3114,1.6929,1.7247,1.8454,,30891.84,15792.0,15792.0,163726.752,83697.6,,,3.211
000881,中广核技,化工原料,辽宁,19980902,000881.SZ,20031008,5.28,5.48,5.27,5.44,5.29,0.15,2.84,8385.86,4547.3301,0.531,0.531,1.97,63.6675,72.7237,2.3724,1.7377,1.7703,1.798,,30891.84,15792.0,15792.0,168051.6096,85908.48,,,3.211
000881,中广核技,化工原料,辽宁,19980902,000881.SZ,20030930,5.18,5.3,5.16,5.29,5.19,0.1,1.93,2708.77,1412.0065,0.1715,0.1715,0.68,61.9119,70.7184,2.307,1.6897,1.7215,1.8489,,30891.84,15792.0,15792.0,163417.8336,83539.68,,,3.211
000881,中广核技,化工原料,辽宁,19980902,000881.SZ,20030929,5.28,5.28,5.18,5.19,5.28,-0.09,-1.7,3048.0,1585.5336,0.193,0.193,0.81,60.7416,69.3816,2.2634,1.6578,1.6889,1.8846,,30891.84,15792.0,15792.0,160328.6496,81960.48,,,3.211
000881,中广核技,化工原料,辽宁,19980902,000881.SZ,20030926,5.35,5.35,5.25,5.28,5.37,-0.09,-1.68,3403.79,1796.418,0.2155,0.2155,0.94,61.7949,70.5847,2.3026,1.6865,1.7182,1.8524,,30891.84,15792.0,15792.0,163108.9152,83381.76,,,3.211
000881,中广核技,化工原料,辽宁,19980902,000881.SZ,20030925,5.46,5.47,5.35,5.37,5.49,-0.12,-2.19,3401.0,1833.612,0.2154,0.2154,1.0,62.8482,71.7879,2.3419,1.7153,1.7475,1.8214,,30891.84,15792.0,15792.0,165889.1808,84803.04,,,3.211
000881,中广核技,化工原料,辽宁,19980902,000881.SZ,20030924,5.3,5.51,5.27,5.49,5.3,0.19,3.58,8707.31,4742.1631,0.5514,0.5514,4.12,64.2527,73.3921,2.3942,1.7536,1.7866,1.7816,,30891.84,15792.0,15792.0,169596.2016,86698.08,,,3.211
000881,中广核技,化工原料,辽宁,19980902,000881.SZ,20030923,5.24,5.32,5.24,5.3,5.29,0.01,0.19,1401.59,739.9118,0.0888,0.0888,0.57,62.029,70.8521,2.3114,1.6929,1.7247,1.8454,,30891.84,15792.0,15792.0,163726.752,83697.6,,,3.211
000881,中广核技,化工原料,辽宁,19980902,000881.SZ,20030922,5.3,5.34,5.26,5.29,5.3,-0.01,-0.19,1797.0,951.1732,0.1138,0.1138,0.63,61.9119,70.7184,2.307,1.6897,1.7215,1.8489,,30891.84,15792.0,15792.0,163417.8336,83539.68,,,3.211
000881,中广核技,化工原料,辽宁,19980902,000881.SZ,20030919,5.35,5.36,5.24,5.3,5.3,0.0,0.0,2715.7,1430.8582,0.172,0.172,0.91,62.029,70.8521,2.3114,1.6929,1.7247,1.8454,,30891.84,15792.0,15792.0,163726.752,83697.6,,,3.211
000881,中广核技,化工原料,辽宁,19980902,000881.SZ,20030918,5.28,5.36,5.25,5.3,5.28,0.02,0.38,2322.57,1233.5606,0.1471,0.1471,0.67,62.029,70.8521,2.3114,1.6929,1.7247,1.8454,,30891.84,15792.0,15792.0,163726.752,83697.6,,,3.211
000881,中广核技,化工原料,辽宁,19980902,000881.SZ,20030917,5.35,5.4,5.28,5.28,5.39,-0.11,-2.04,2327.9,1239.754,0.1474,0.1474,0.6,61.7949,70.5847,2.3026,1.6865,1.7182,1.8524,,30891.84,15792.0,15792.0,163108.9152,83381.76,,,3.211
000881,中广核技,化工原料,辽宁,19980902,000881.SZ,20030916,5.27,5.39,5.25,5.39,5.28,0.11,2.08,3050.4,1618.956,0.1932,0.1932,0.65,63.0823,72.0553,2.3506,1.7217,1.754,1.8146,,30891.84,15792.0,15792.0,166507.0176,85118.88,,,3.211
000881,中广核技,化工原料,辽宁,19980902,000881.SZ,20030915,5.3,5.48,5.25,5.28,5.37,-0.09,-1.68,3800.5,2034.0195,0.2407,0.2407,0.47,61.7949,70.5847,2.3026,1.6865,1.7182,1.8524,,30891.84,15792.0,15792.0,163108.9152,83381.76,,,3.211
000881,中广核技,化工原料,辽宁,19980902,000881.SZ,20030912,5.38,5.49,5.34,5.37,5.46,-0.09,-1.65,3387.79,1830.7867,0.2145,0.2145,0.4,62.8482,71.7879,2.3419,1.7153,1.7475,1.8214,,30891.84,15792.0,15792.0,165889.1808,84803.04,,,3.211
000881,中广核技,化工原料,辽宁,19980902,000881.SZ,20030911,5.5,5.5,5.38,5.46,5.52,-0.06,-1.09,4869.49,2644.4493,0.3084,0.3084,0.52,63.9015,72.991,2.3811,1.744,1.7768,1.7914,,30891.84,15792.0,15792.0,168669.4464,86224.32,,,3.211
000881,中广核技,化工原料,辽宁,19980902,000881.SZ,20030910,5.55,5.63,5.49,5.52,5.53,-0.01,-0.18,4338.88,2405.3485,0.2748,0.2748,0.48,64.6038,73.7931,2.4073,1.7632,1.7963,1.7719,,30891.84,15792.0,15792.0,170522.9568,87171.84,,,3.211
000881,中广核技,化工原料,辽宁,19980902,000881.SZ,20030909,5.55,5.61,5.48,5.53,5.57,-0.04,-0.72,7201.99,3986.7206,0.4561,0.4561,0.82,64.7208,73.9268,2.4117,1.7664,1.7996,1.7687,,30891.84,15792.0,15792.0,170831.8752,87329.76,,,3.211
000881,中广核技,化工原料,辽宁,19980902,000881.SZ,20030908,5.46,5.61,5.46,5.57,5.41,0.16,2.96,20291.44,11237.1675,1.2849,1.2849,3.65,65.1889,74.4616,2.4291,1.7792,1.8126,1.756,,30891.84,15792.0,15792.0,172067.5488,87961.44,,,3.211
000881,中广核技,化工原料,辽宁,19980902,000881.SZ,20030905,5.46,5.46,5.3,5.41,5.46,-0.05,-0.92,5485.04,2952.4991,0.3473,0.3473,1.07,63.3164,72.3226,2.3593,1.7281,1.7605,1.8079,,30891.84,15792.0,15792.0,167124.8544,85434.72,,,3.211
000881,中广核技,化工原料,辽宁,19980902,000881.SZ,20030904,5.35,5.5,5.33,5.46,5.36,0.1,1.87,9132.53,4966.2132,0.5783,0.5783,2.45,63.9015,72.991,2.3811,1.744,1.7768,1.7914,,30891.84,15792.0,15792.0,168669.4464,86224.32,,,3.211
000881,中广核技,化工原料,辽宁,19980902,000881.SZ,20030903,5.39,5.39,5.3,5.36,5.39,-0.03,-0.56,2786.41,1489.3654,0.1764,0.1764,0.74,62.7312,71.6542,2.3375,1.7121,1.7443,1.8248,,30891.84,15792.0,15792.0,165580.2624,84645.12,,,3.211
000881,中广核技,化工原料,辽宁,19980902,000881.SZ,20030902,5.33,5.42,5.25,5.39,5.33,0.06,1.13,6234.8,3329.8369,0.3948,0.3948,1.93,63.0823,72.0553,2.3506,1.7217,1.754,1.8146,,30891.84,15792.0,15792.0,166507.0176,85118.88,,,3.211
000881,中广核技,化工原料,辽宁,19980902,000881.SZ,20030901,5.2,5.33,5.2,5.33,5.21,0.12,2.3,4144.9,2188.2356,0.2625,0.2625,1.25,62.3801,71.2532,2.3244,1.7025,1.7345,1.8351,,30891.84,15792.0,15792.0,164653.5072,84171.36,,,3.211
000881,中广核技,化工原料,辽宁,19980902,000881.SZ,20030829,5.21,5.22,5.13,5.21,5.21,0.0,0.0,3386.23,1750.4412,0.2144,0.2144,1.05,60.9756,69.649,2.2721,1.6642,1.6954,1.8773,,30891.84,15792.0,15792.0,160946.4864,82276.32,,,3.211
000881,中广核技,化工原料,辽宁,19980902,000881.SZ,20030828,5.25,5.29,5.2,5.21,5.25,-0.04,-0.76,2065.0,1081.406,0.1308,0.1308,0.61,60.9756,69.649,2.2721,1.6642,1.6954,1.8773,,30891.84,15792.0,15792.0,160946.4864,82276.32,,,3.211
000881,中广核技,化工原料,辽宁,19980902,000881.SZ,20030827,5.3,5.34,5.18,5.25,5.3,-0.05,-0.94,3103.89,1627.9067,0.1965,0.1965,0.86,61.4438,70.1837,2.2896,1.677,1.7085,1.863,,30891.84,15792.0,15792.0,162182.16,82908.0,,,3.211
000881,中广核技,化工原料,辽宁,19980902,000881.SZ,20030826,5.18,5.3,5.18,5.3,5.16,0.14,2.71,3437.0,1800.3953,0.2176,0.2176,1.01,62.029,70.8521,2.3114,1.6929,1.7247,1.8454,,30891.84,15792.0,15792.0,163726.752,83697.6,,,3.211
000881,中广核技,化工原料,辽宁,19980902,000881.SZ,20030825,5.35,5.35,5.16,5.16,5.35,-0.19,-3.55,4600.9,2407.5774,0.2913,0.2913,1.57,60.3905,68.9805,2.2503,1.6482,1.6792,1.8955,,30891.84,15792.0,15792.0,159401.8944,81486.72,,,3.211
000881,中广核技,化工原料,辽宁,19980902,000881.SZ,20030822,5.33,5.39,5.33,5.35,5.33,0.02,0.38,2945.61,1578.1333,0.1865,0.1865,0.98,62.6142,71.5205,2.3332,1.7089,1.741,1.8282,,30891.84,15792.0,15792.0,165271.344,84487.2,,,3.211
000881,中广核技,化工原料,辽宁,19980902,000881.SZ,20030821,5.39,5.4,5.33,5.33,5.4,-0.07,-1.3,2877.55,1540.4534,0.1822,0.1822,0.93,62.3801,71.2532,2.3244,1.7025,1.7345,1.8351,,30891.84,15792.0,15792.0,164653.5072,84171.36,,,3.211
000881,中广核技,化工原料,辽宁,19980902,000881.SZ,20030820,5.45,5.47,5.35,5.4,5.46,-0.06,-1.1,4094.8,2208.143,0.2593,0.2593,1.39,63.1993,72.1889,2.355,1.7249,1.7573,1.8113,,30891.84,15792.0,15792.0,166815.936,85276.8,,,3.211
000881,中广核技,化工原料,辽宁,19980902,000881.SZ,20030819,5.5,5.5,5.45,5.46,5.46,0.0,0.0,2479.0,1358.5903,0.157,0.157,0.83,63.9015,72.991,2.3811,1.744,1.7768,1.7914,,30891.84,15792.0,15792.0,168669.4464,86224.32,,,3.211
000881,中广核技,化工原料,辽宁,19980902,000881.SZ,20030818,5.45,5.54,5.43,5.46,5.49,-0.03,-0.55,2296.51,1253.3185,0.1454,0.1454,0.74,63.9015,72.991,2.3811,1.744,1.7768,1.7914,,30891.84,15792.0,15792.0,168669.4464,86224.32,,,3.211
000881,中广核技,化工原料,辽宁,19980902,000881.SZ,20030815,5.56,5.56,5.47,5.49,5.56,-0.07,-1.26,3263.0,1793.62,0.2066,0.2066,0.89,64.2527,73.3921,2.3942,1.7536,1.7866,1.7816,,30891.84,15792.0,15792.0,169596.2016,86698.08,,,3.211
000881,中广核技,化工原料,辽宁,19980902,000881.SZ,20030814,5.58,5.6,5.52,5.56,5.59,-0.03,-0.54,3400.99,1889.9945,0.2154,0.2154,0.98,65.0719,74.3279,2.4247,1.776,1.8093,1.7591,,30891.84,15792.0,15792.0,171758.6304,87803.52,,,3.211
000881,中广核技,化工原料,辽宁,19980902,000881.SZ,20030813,5.61,5.67,5.56,5.59,5.61,-0.02,-0.36,3307.8,1855.0918,0.2095,0.2095,0.87,65.423,74.7289,2.4378,1.7856,1.8191,1.7497,,30891.84,15792.0,15792.0,172685.3856,88277.28,,,3.211
000881,中广核技,化工原料,辽宁,19980902,000881.SZ,20030812,5.58,5.65,5.58,5.61,5.58,0.03,0.54,2672.02,1498.2173,0.1692,0.1692,0.5,65.6571,74.9963,2.4466,1.792,1.8256,1.7435,,30891.84,15792.0,15792.0,173303.2224,88593.12,,,3.211
000881,中广核技,化工原料,辽宁,19980902,000881.SZ,20030811,5.51,5.6,5.5,5.58,5.6,-0.02,-0.36,2820.08,1563.8589,0.1786,0.1786,0.46,65.306,74.5952,2.4335,1.7824,1.8159,1.7528,,30891.84,15792.0,15792.0,172376.4672,88119.36,,,3.211
000881,中广核技,化工原料,辽宁,19980902,000881.SZ,20030808,5.66,5.66,5.55,5.6,5.68,-0.08,-1.41,6075.98,3388.8829,0.3848,0.3848,0.97,65.54,74.8626,2.4422,1.7888,1.8224,1.7466,,30891.84,15792.0,15792.0,172994.304,88435.2,,,3.211
000881,中广核技,化工原料,辽宁,19980902,000881.SZ,20030807,5.7,5.75,5.66,5.68,5.7,-0.02,-0.35,2537.0,1447.6478,0.1607,0.1607,0.35,66.4763,75.9321,2.4771,1.8143,1.8484,1.722,,30891.84,15792.0,15792.0,175465.6512,89698.56,,,3.211
000881,中广核技,化工原料,辽宁,19980902,000881.SZ,20030806,5.73,5.81,5.6,5.7,5.75,-0.05,-0.87,4831.99,2738.0878,0.306,0.306,0.71,66.7104,76.1994,2.4858,1.8207,1.8549,1.7159,,30891.84,15792.0,15792.0,176083.488,90014.4,,,3.211
000881,中广核技,化工原料,辽宁,19980902,000881.SZ,20030805,5.65,5.84,5.62,5.75,5.62,0.13,2.31,10438.1,6013.4052,0.661,0.661,1.97,67.2956,76.8679,2.5076,1.8367,1.8712,1.701,,30891.84,15792.0,15792.0,177628.08,90804.0,,,3.211
000881,中广核技,化工原料,辽宁,19980902,000881.SZ,20030804,5.53,5.62,5.41,5.62,5.53,0.09,1.63,6827.68,3754.1953,0.4324,0.4324,1.49,65.7741,75.13,2.4509,1.7951,1.8289,1.7404,,30891.84,15792.0,15792.0,173612.1408,88751.04,,,3.211
000881,中广核技,化工原料,辽宁,19980902,000881.SZ,20030801,5.64,5.64,5.45,5.53,5.6,-0.07,-1.25,6843.32,3770.589,0.4333,0.4333,1.65,64.7208,73.9268,2.4117,1.7664,1.7996,1.7687,,30891.84,15792.0,15792.0,170831.8752,87329.76,,,3.211
000881,中广核技,化工原料,辽宁,19980902,000881.SZ,20030731,5.76,5.76,5.52,5.6,5.75,-0.15,-2.61,7279.1,4085.5018,0.4609,0.4609,1.71,65.54,74.8626,2.4422,1.7888,1.8224,1.7466,,30891.84,15792.0,15792.0,172994.304,88435.2,,,3.211
000881,中广核技,化工原料,辽宁,19980902,000881.SZ,20030730,5.76,5.79,5.69,5.75,5.78,-0.03,-0.52,2587.3,1482.9016,0.1638,0.1638,0.57,67.2956,68.6558,2.5216,1.8367,1.8118,1.701,,30891.84,15792.0,15792.0,177628.08,90804.0,,,3.211
000881,中广核技,化工原料,辽宁,19980902,000881.SZ,20030729,5.69,5.82,5.69,5.78,5.69,0.09,1.58,2919.0,1682.3635,0.1848,0.1848,0.6,67.6467,69.014,2.5348,1.8463,1.8212,1.6922,,30891.84,15792.0,15792.0,178554.8352,91277.76,,,3.211
000881,中广核技,化工原料,辽宁,19980902,000881.SZ,20030728,5.72,5.76,5.65,5.69,5.72,-0.03,-0.52,3283.6,1867.1522,0.2079,0.2079,0.56,66.5934,67.9394,2.4953,1.8175,1.7929,1.719,,30891.84,15792.0,15792.0,175774.5696,89856.48,,,3.211
000881,中广核技,化工原料,辽宁,19980902,000881.SZ,20030725,5.86,5.9,5.62,5.72,5.9,-0.18,-3.05,4674.0,2717.2328,0.296,0.296,0.74,66.9445,68.2976,2.5084,1.8271,1.8023,1.7099,,30891.84,15792.0,15792.0,176701.3248,90330.24,,,3.211
000881,中广核技,化工原料,辽宁,19980902,000881.SZ,20030724,5.9,5.97,5.86,5.9,5.85,0.05,0.85,7840.57,4647.8996,0.4965,0.4965,1.16,69.0511,70.4468,2.5874,1.8846,1.8591,1.6578,,30891.84,15792.0,15792.0,182261.856,93172.8,,,3.211
000881,中广核技,化工原料,辽宁,19980902,000881.SZ,20030723,5.78,5.86,5.76,5.85,5.78,0.07,1.21,4170.67,2424.1865,0.2641,0.2641,0.57,68.4659,69.8498,2.5655,1.8686,1.8433,1.6719,1.6719,30891.84,15792.0,15792.0,180717.264,92383.2,,,3.211
000881,中广核技,化工原料,辽宁,19980902,000881.SZ,20030722,5.84,5.87,5.7,5.78,5.77,0.01,0.17,4351.4,2502.805,0.2755,0.2755,0.59,67.6467,69.014,2.5348,1.8463,1.8212,1.6922,1.6922,30891.84,15792.0,15792.0,178554.8352,91277.76,,,3.211
000881,中广核技,化工原料,辽宁,19980902,000881.SZ,20030721,5.88,5.9,5.67,5.77,5.87,-0.1,-1.7,8250.54,4736.9128,0.5225,0.5225,1.28,67.5297,68.8946,2.5304,1.8431,1.8181,1.6951,1.6951,30891.84,15792.0,15792.0,178245.9168,91119.84,,,3.211
000881,中广核技,化工原料,辽宁,19980902,000881.SZ,20030718,5.95,6.02,5.86,5.87,5.96,-0.09,-1.51,7166.55,4255.7463,0.4538,0.4538,1.22,68.7,70.0886,2.5742,1.875,1.8496,1.6662,1.6662,30891.84,15792.0,15792.0,181335.1008,92699.04,,,3.211
000881,中广核技,化工原料,辽宁,19980902,000881.SZ,20030717,6.0,6.05,5.95,5.96,6.01,-0.05,-0.83,9970.27,5976.3103,0.6313,0.6313,1.97,69.7533,71.1632,2.6137,1.9037,1.878,1.6411,1.6411,30891.84,15792.0,15792.0,184115.3664,94120.32,,,3.211
000881,中广核技,化工原料,辽宁,19980902,000881.SZ,20030716,6.07,6.09,5.98,6.01,6.07,-0.06,-0.99,6945.82,4179.3747,0.4398,0.4398,1.62,70.3385,71.7602,2.6356,1.9197,1.8937,1.6274,1.6274,30891.84,15792.0,15792.0,185659.9584,94909.92,,,3.211
000881,中广核技,化工原料,辽宁,19980902,000881.SZ,20030715,6.13,6.17,6.05,6.07,6.13,-0.06,-0.98,4498.38,2742.6504,0.2849,0.2849,1.05,71.0407,72.4766,2.6619,1.9389,1.9126,1.6113,1.6113,30891.84,15792.0,15792.0,187513.4688,95857.44,,,3.211
000881,中广核技,化工原料,辽宁,19980902,000881.SZ,20030714,6.1,6.2,6.1,6.13,6.15,-0.02,-0.33,3557.75,2179.0737,0.2253,0.2253,0.81,71.7429,73.193,2.6882,1.9581,1.9315,1.5956,1.5956,30891.84,15792.0,15792.0,189366.9792,96804.96,,,3.211
000881,中广核技,化工原料,辽宁,19980902,000881.SZ,20030711,6.11,6.2,6.1,6.15,6.11,0.04,0.65,4285.89,2635.5808,0.2714,0.2714,0.97,71.977,73.4318,2.697,1.9644,1.9378,1.5904,1.5904,30891.84,15792.0,15792.0,189984.816,97120.8,,,3.211
000881,中广核技,化工原料,辽宁,19980902,000881.SZ,20030710,6.09,6.15,6.05,6.11,6.07,0.04,0.66,5989.1,3654.6566,0.3792,0.3792,0.99,71.5089,72.9542,2.6795,1.9517,1.9252,1.6008,1.6008,30891.84,15792.0,15792.0,188749.1424,96489.12,,,3.211
000881,中广核技,化工原料,辽宁,19980902,000881.SZ,20030709,6.16,6.16,6.05,6.07,6.14,-0.07,-1.14,3136.0,1907.334,0.1986,0.1986,0.43,71.0407,72.4766,2.6619,1.9389,1.9126,1.6113,1.6113,30891.84,15792.0,15792.0,187513.4688,95857.44,,,3.211
000881,中广核技,化工原料,辽宁,19980902,000881.SZ,20030708,6.05,6.17,6.03,6.14,6.05,0.09,1.49,4437.94,2713.3139,0.281,0.281,0.6,71.86,73.3124,2.6926,1.9612,1.9347,1.593,1.593,30891.84,15792.0,15792.0,189675.8976,96962.88,,,3.211
000881,中广核技,化工原料,辽宁,19980902,000881.SZ,20030707,6.02,6.15,6.02,6.05,6.1,-0.05,-0.82,4184.89,2536.6187,0.265,0.265,0.55,70.8067,72.2378,2.6532,1.9325,1.9063,1.6167,1.6167,30891.84,15792.0,15792.0,186895.632,95541.6,,,3.211
000881,中广核技,化工原料,辽宁,19980902,000881.SZ,20030704,6.18,6.19,6.09,6.1,6.19,-0.09,-1.45,4310.33,2640.5993,0.2729,0.2729,0.53,71.3918,72.8348,2.6751,1.9485,1.9221,1.6034,1.6034,30891.84,15792.0,15792.0,188440.224,96331.2,,,3.211
000881,中广核技,化工原料,辽宁,19980902,000881.SZ,20030703,6.18,6.24,6.1,6.19,6.14,0.05,0.81,14214.88,8778.7095,0.9001,0.9001,2.08,72.4452,73.9094,2.7146,1.9772,1.9504,1.5801,1.5801,30891.84,15792.0,15792.0,191220.4896,97752.48,,,3.211
000881,中广核技,化工原料,辽宁,19980902,000881.SZ,20030702,6.01,6.15,5.92,6.14,6.0,0.14,2.33,9618.75,5802.0617,0.6091,0.6091,1.61,71.86,73.3124,2.6926,1.9612,1.9347,1.593,1.593,30891.84,15792.0,15792.0,189675.8976,96962.88,,,3.211
000881,中广核技,化工原料,辽宁,19980902,000881.SZ,20030701,6.04,6.14,6.0,6.0,6.04,-0.04,-0.66,4917.98,2982.9867,0.3114,0.3114,0.83,70.2215,71.6408,2.6312,1.9165,1.8906,1.6301,1.6301,30891.84,15792.0,15792.0,185351.04,94752.0,,,3.211
000881,中广核技,化工原料,辽宁,19980902,000881.SZ,20030630,6.09,6.16,6.03,6.04,6.13,-0.09,-1.47,4947.9,3005.6957,0.3133,0.3133,0.76,70.6896,72.1184,2.6488,1.9293,1.9032,1.6193,1.6193,30891.84,15792.0,15792.0,186586.7136,95383.68,,,3.211
000881,中广核技,化工原料,辽宁,19980902,000881.SZ,20030627,6.26,6.33,6.1,6.13,6.25,-0.12,-1.92,7128.29,4441.158,0.4514,0.4514,1.11,71.7429,73.193,2.6882,1.9581,1.9315,1.5956,1.5956,30891.84,15792.0,15792.0,189366.9792,96804.96,,,3.211
000881,中广核技,化工原料,辽宁,19980902,000881.SZ,20030626,6.18,6.29,6.14,6.25,6.18,0.07,1.13,7623.77,4747.8748,0.4828,0.4828,0.99,73.1474,74.6258,2.7409,1.9964,1.9693,1.5649,1.5649,30891.84,15792.0,15792.0,193074.0,98700.0,,,3.211
000881,中广核技,化工原料,辽宁,19980902,000881.SZ,20030625,6.16,6.24,6.11,6.18,6.16,0.02,0.32,5181.63,3201.9733,0.3281,0.3281,0.67,72.3281,73.79,2.7102,1.974,1.9473,1.5827,1.5827,30891.84,15792.0,15792.0,190911.5712,97594.56,,,3.211
000881,中广核技,化工原料,辽宁,19980902,000881.SZ,20030624,6.1,6.23,6.08,6.16,6.1,0.06,0.98,4695.25,2886.8825,0.2973,0.2973,0.6,72.094,73.5512,2.7014,1.9676,1.941,1.5878,1.5878,30891.84,15792.0,15792.0,190293.7344,97278.72,,,3.211
000881,中广核技,化工原料,辽宁,19980902,000881.SZ,20030623,6.23,6.28,6.1,6.1,6.23,-0.13,-2.09,7710.93,4732.6833,0.4883,0.4883,1.08,71.3918,72.8348,2.6751,1.9485,1.9221,1.6034,1.6034,30891.84,15792.0,15792.0,188440.224,96331.2,,,3.211
000881,中广核技,化工原料,辽宁,19980902,000881.SZ,20030620,6.32,6.38,6.23,6.23,6.32,-0.09,-1.42,6971.85,4373.9686,0.4415,0.4415,0.95,72.9133,74.387,2.7321,1.99,1.963,1.57,1.57,30891.84,15792.0,15792.0,192456.1632,98384.16,,,3.211
000881,中广核技,化工原料,辽宁,19980902,000881.SZ,20030619,6.38,6.43,6.28,6.32,6.39,-0.07,-1.1,13759.4,8687.4852,0.8713,0.8713,2.29,73.9666,75.4616,2.7716,2.0187,1.9914,1.5476,1.5476,30891.84,15792.0,15792.0,195236.4288,99805.44,,,3.211
000881,中广核技,化工原料,辽宁,19980902,000881.SZ,20030618,6.46,6.54,6.36,6.39,6.48,-0.09,-1.39,5701.5,3684.5596,0.361,0.361,0.92,74.7859,76.2975,2.8023,2.0411,2.0135,1.5306,1.5306,30891.84,15792.0,15792.0,197398.8576,100910.88,,,3.211
000881,中广核技,化工原料,辽宁,19980902,000881.SZ,20030617,6.5,6.57,6.46,6.48,6.53,-0.05,-0.77,4811.21,3129.7462,0.3047,0.3047,0.78,75.8392,77.3721,2.8417,2.0698,2.0418,1.5094,1.5094,30891.84,15792.0,15792.0,200179.1232,102332.16,,,3.211
000881,中广核技,化工原料,辽宁,19980902,000881.SZ,20030616,6.6,6.62,6.53,6.53,6.63,-0.1,-1.51,4374.0,2875.059,0.277,0.277,0.65,76.4244,77.9691,2.8637,2.0858,2.0576,1.4978,1.4978,30891.84,15792.0,15792.0,201723.7152,103121.76,,,3.211
000881,中广核技,化工原料,辽宁,19980902,000881.SZ,20030613,6.5,6.65,6.5,6.63,6.49,0.14,2.16,8132.93,5342.3792,0.515,0.515,1.08,77.5947,79.1631,2.9075,2.1178,2.0891,1.4752,1.4752,30891.84,15792.0,15792.0,204812.8992,104700.96,,,3.211
000881,中广核技,化工原料,辽宁,19980902,000881.SZ,20030612,6.62,6.63,6.48,6.49,6.59,-0.1,-1.52,6971.5,4541.7095,0.4415,0.4415,0.83,75.9562,77.4915,2.8461,2.073,2.045,1.5071,1.5071,30891.84,15792.0,15792.0,200488.0416,102490.08,,,3.211
000881,中广核技,化工原料,辽宁,19980902,000881.SZ,20030611,6.55,6.62,6.53,6.59,6.53,0.06,0.92,6621.76,4359.2361,0.4193,0.4193,0.67,77.1266,78.6855,2.89,2.105,2.0765,1.4842,1.4842,30891.84,15792.0,15792.0,203577.2256,104069.28,,,3.211
000881,中广核技,化工原料,辽宁,19980902,000881.SZ,20030610,6.49,6.58,6.49,6.53,6.49,0.04,0.62,4648.84,3038.5594,0.2944,0.2944,0.36,76.4244,77.9691,2.8637,2.0858,2.0576,1.4978,1.4978,30891.84,15792.0,15792.0,201723.7152,103121.76,,,3.211
000881,中广核技,化工原料,辽宁,19980902,000881.SZ,20030609,6.52,6.58,6.46,6.49,6.46,0.03,0.46,7521.94,4892.3684,0.4763,0.4763,0.56,75.9562,77.4915,2.8461,2.073,2.045,1.5071,1.5071,30891.84,15792.0,15792.0,200488.0416,102490.08,,,3.211
000881,中广核技,化工原料,辽宁,19980902,000881.SZ,20030606,6.58,6.69,6.45,6.46,6.61,-0.15,-2.27,11871.9,7789.2277,0.7518,0.7518,0.78,75.6051,77.1333,2.833,2.0635,2.0355,1.5141,1.5141,30891.84,15792.0,15792.0,199561.2864,102016.32,,,3.211
000881,中广核技,化工原料,辽宁,19980902,000881.SZ,20030605,6.78,6.78,6.58,6.61,6.72,-0.11,-1.64,11279.49,7509.6012,0.7143,0.7143,0.67,77.3607,78.9243,2.8987,2.1114,2.0828,1.4797,1.4797,30891.84,15792.0,15792.0,204195.0624,104385.12,,,3.211
000881,中广核技,化工原料,辽宁,19980902,000881.SZ,20030604,6.83,6.87,6.64,6.72,6.83,-0.11,-1.61,14079.74,9462.2939,0.8916,0.8916,0.78,78.6481,80.2377,2.947,2.1465,2.1174,1.4555,1.4555,30891.84,15792.0,15792.0,207593.1648,106122.24,,,3.211
000881,中广核技,化工原料,辽宁,19980902,000881.SZ,20030603,6.9,7.02,6.81,6.83,6.88,-0.05,-0.73,19670.78,13651.9776,1.2456,1.2456,1.05,79.9354,81.5511,2.9952,2.1816,2.1521,1.432,1.432,30891.84,15792.0,15792.0,210991.2672,107859.36,,,3.211
000881,中广核技,化工原料,辽宁,19980902,000881.SZ,20030602,6.87,6.89,6.76,6.88,6.9,-0.02,-0.29,10510.88,7167.0426,0.6656,0.6656,0.51,80.5206,82.1481,3.0171,2.1976,2.1679,1.4216,1.4216,30891.84,15792.0,15792.0,212535.8592,108648.96,,,3.211
000881,中广核技,化工原料,辽宁,19980902,000881.SZ,20030530,6.82,6.98,6.72,6.9,6.79,0.11,1.62,20226.07,13865.5238,1.2808,1.2808,0.88,80.7547,82.3869,3.0259,2.204,2.1742,1.4175,1.4175,30891.84,15792.0,15792.0,213153.696,108964.8,,,3.211
000881,中广核技,化工原料,辽宁,19980902,000881.SZ,20030529,6.8,6.83,6.64,6.79,6.83,-0.04,-0.59,20007.57,13431.2984,1.2669,1.2669,0.87,79.4673,81.0735,2.9777,2.1689,2.1395,1.4405,1.4405,30891.84,15792.0,15792.0,209755.5936,107227.68,,,3.211
000881,中广核技,化工原料,辽宁,19980902,000881.SZ,20030528,6.79,7.04,6.75,6.83,6.79,0.04,0.59,19455.33,13347.4086,1.232,1.232,0.82,79.9354,81.5511,2.9952,2.1816,2.1521,1.432,1.432,30891.84,15792.0,15792.0,210991.2672,107859.36,,,3.211
000881,中广核技,化工原料,辽宁,19980902,000881.SZ,20030527,6.9,7.03,6.77,6.79,6.98,-0.19,-2.72,23044.91,15748.5809,1.4593,1.4593,0.84,79.4673,81.0735,2.9777,2.1689,2.1395,1.4405,1.4405,30891.84,15792.0,15792.0,209755.5936,107227.68,,,3.211
000881,中广核技,化工原料,辽宁,19980902,000881.SZ,20030526,7.11,7.15,6.95,6.98,7.12,-0.14,-1.97,20466.4,14304.6263,1.296,1.296,0.68,81.691,83.3421,3.061,2.2296,2.1994,1.4013,1.4013,30891.84,15792.0,15792.0,215625.0432,110228.16,,,3.211
000881,中广核技,化工原料,辽宁,19980902,000881.SZ,20030523,6.98,7.13,6.81,7.12,6.89,0.23,3.34,32006.52,22287.1986,2.0268,2.0268,0.86,83.3295,85.0138,3.1224,2.2743,2.2435,1.3737,1.3737,30891.84,15792.0,15792.0,219949.9008,112439.04,,,3.211
000881,中广核技,化工原料,辽宁,19980902,000881.SZ,20030522,6.89,6.96,6.72,6.89,6.86,0.03,0.44,19800.54,13542.7015,1.2538,1.2538,0.41,80.6377,82.2675,3.0215,2.2008,2.171,1.4196,1.4196,30891.84,15792.0,15792.0,212844.7776,108806.88,,,3.211
000881,中广核技,化工原料,辽宁,19980902,000881.SZ,20030521,6.89,6.99,6.81,6.86,6.9,-0.04,-0.58,23081.21,15892.745,1.4616,1.4616,0.34,80.2866,81.9093,3.0084,2.1912,2.1615,1.4258,1.4258,30891.84,15792.0,15792.0,211918.0224,108333.12,,,3.211
000881,中广核技,化工原料,辽宁,19980902,000881.SZ,20030520,7.24,7.26,6.89,6.9,7.24,-0.34,-4.7,41421.93,29039.4233,2.623,2.623,0.46,80.7547,82.3869,3.0259,2.204,2.1742,1.4175,1.4175,30891.84,15792.0,15792.0,213153.696,108964.8,,,3.211
000881,中广核技,化工原料,辽宁,19980902,000881.SZ,20030519,7.39,7.4,7.2,7.24,7.42,-0.18,-2.43,33361.62,24225.3765,2.1126,2.1126,0.37,84.7339,86.4466,3.175,2.3126,2.2813,1.3509,1.3509,30891.84,15792.0,15792.0,223656.9216,114334.08,,,3.211
000881,中广核技,化工原料,辽宁,19980902,000881.SZ,20030516,7.3,7.6,7.09,7.42,7.3,0.12,1.64,68741.74,50570.3121,4.3529,4.3529,0.73,86.8406,88.5958,3.254,2.3701,2.338,1.3182,1.3182,30891.84,15792.0,15792.0,229217.4528,117176.64,,,3.211
000881,中广核技,化工原料,辽宁,19980902,000881.SZ,20030515,7.3,7.38,7.05,7.3,7.37,-0.07,-0.95,73988.23,53372.4813,4.6852,4.6852,0.65,85.4361,87.163,3.2013,2.3318,2.3002,1.3398,1.3398,30891.84,15792.0,15792.0,225510.432,115281.6,,,3.211
000881,中广核技,化工原料,辽宁,19980902,000881.SZ,20030514,7.38,7.49,7.11,7.37,7.19,0.18,2.5,123951.14,90370.9581,7.849,7.849,1.14,86.2554,87.9988,3.232,2.3541,2.3222,1.3271,1.3271,30891.84,15792.0,15792.0,227672.8608,116387.04,,,3.211
000881,中广核技,化工原料,辽宁,19980902,000881.SZ,20030513,6.6,7.19,6.4,7.19,6.54,0.65,9.94,147366.83,104331.0439,9.3317,9.3317,1.81,84.1487,85.8496,3.1531,2.2966,2.2655,1.3603,1.3603,30891.84,15792.0,15792.0,222112.3296,113544.48,,,3.211
000881,中广核技,化工原料,辽宁,19980902,000881.SZ,20030512,6.73,6.75,6.38,6.54,6.8,-0.26,-3.82,40674.16,26526.052,2.5756,2.5756,0.53,76.5414,78.0885,2.868,2.089,2.0607,1.4955,1.4955,30891.84,15792.0,15792.0,202032.6336,103279.68,,,3.211
000881,中广核技,化工原料,辽宁,19980902,000881.SZ,20030430,6.95,7.0,6.58,6.8,7.08,-0.28,-3.95,83534.99,56666.3017,5.2897,5.2897,1.37,79.5843,81.1929,2.9821,2.1721,2.1426,1.4384,1.4384,30891.84,15792.0,15792.0,210064.512,107385.6,,,3.211
000881,中广核技,化工原料,辽宁,19980902,000881.SZ,20030428,6.58,7.12,6.58,7.08,6.48,0.6,9.26,176402.01,122105.0088,11.1703,11.1703,6.12,82.8613,84.5362,3.1049,2.2615,2.2309,1.3815,1.3815,30891.84,15792.0,15792.0,218714.2272,111807.36,,,3.211
000881,中广核技,化工原料,辽宁,19980902,000881.SZ,20030425,6.33,6.77,6.28,6.48,6.15,0.33,5.37,95635.0,62970.2793,6.0559,6.0559,4.25,75.8392,77.3721,2.8417,2.0698,2.0418,1.5094,1.5094,30891.84,15792.0,15792.0,200179.1232,102332.16,,,3.211
000881,中广核技,化工原料,辽宁,19980902,000881.SZ,20030424,6.28,6.32,6.06,6.15,6.27,-0.12,-1.91,10305.28,6355.9955,0.6526,0.6526,0.4,71.977,73.4318,2.697,1.9644,1.9378,1.5904,1.5904,30891.84,15792.0,15792.0,189984.816,97120.8,,,3.211
000881,中广核技,化工原料,辽宁,19980902,000881.SZ,20030423,6.25,6.36,6.13,6.27,6.24,0.03,0.48,15241.85,9508.232,0.9652,0.9652,0.57,73.3814,74.8646,2.7496,2.0028,1.9756,1.5599,1.5599,30891.84,15792.0,15792.0,193691.8368,99015.84,,,3.211
000881,中广核技,化工原料,辽宁,19980902,000881.SZ,20030422,6.2,6.3,6.2,6.24,6.24,0.0,0.0,7491.87,4680.252,0.4744,0.4744,0.25,73.0303,74.5064,2.7365,1.9932,1.9662,1.5674,1.5674,30891.84,15792.0,15792.0,192765.0816,98542.08,,,3.211
000881,中广核技,化工原料,辽宁,19980902,000881.SZ,20030421,6.42,6.42,6.18,6.24,6.42,-0.18,-2.8,15373.38,9612.6694,0.9735,0.9735,0.51,73.0303,74.5064,2.7365,1.9932,1.9662,1.5674,1.5674,30891.84,15792.0,15792.0,192765.0816,98542.08,,,3.211
000881,中广核技,化工原料,辽宁,19980902,000881.SZ,20030418,6.52,6.68,6.41,6.42,6.44,-0.02,-0.31,64204.85,42072.8693,4.0657,4.0657,3.17,75.137,75.137,2.8267,2.0507,2.0507,1.5235,1.5235,30891.84,15792.0,15792.0,198325.6128,101384.64,,,3.211
000881,中广核技,化工原料,辽宁,19980902,000881.SZ,20030417,6.3,6.45,6.14,6.44,6.19,0.25,4.04,25207.3,15885.9669,1.5962,1.5962,1.42,75.3711,75.3711,2.8355,2.0571,2.0571,1.5188,1.5188,30891.84,15792.0,15792.0,198943.4496,101700.48,,,3.211
000881,中广核技,化工原料,辽宁,19980902,000881.SZ,20030416,6.33,6.37,6.17,6.19,6.35,-0.16,-2.52,20535.89,12871.9605,1.3004,1.3004,1.31,72.4452,72.4452,2.7254,1.9772,1.9772,1.5801,1.5801,30891.84,15792.0,15792.0,191220.4896,97752.48,,,3.211
000881,中广核技,化工原料,辽宁,19980902,000881.SZ,20030415,6.25,6.4,6.18,6.35,6.23,0.12,1.93,23035.8,14494.2796,1.4587,1.4587,1.85,74.3177,74.3177,2.7959,2.0283,2.0283,1.5403,1.5403,30891.84,15792.0,15792.0,196163.184,100279.2,,,3.211
000881,中广核技,化工原料,辽宁,19980902,000881.SZ,20030414,6.07,6.25,6.06,6.23,6.06,0.17,2.81,18364.84,11367.5506,1.1629,1.1629,1.8,72.9133,72.9133,2.7431,1.99,1.99,1.57,1.57,30891.84,15792.0,15792.0,192456.1632,98384.16,,,3.211
000881,中广核技,化工原料,辽宁,19980902,000881.SZ,20030411,6.02,6.07,5.93,6.06,6.01,0.05,0.83,14227.45,8523.7062,0.9009,0.9009,1.75,70.9237,70.9237,2.6682,1.9357,1.9357,1.614,1.614,30891.84,15792.0,15792.0,187204.5504,95699.52,,,3.211
000881,中广核技,化工原料,辽宁,19980902,000881.SZ,20030410,5.96,6.02,5.85,6.01,5.95,0.06,1.01,12306.32,7281.1639,0.7793,0.7793,1.94,70.3385,70.3385,2.6462,1.9197,1.9197,1.6274,1.6274,30891.84,15792.0,15792.0,185659.9584,94909.92,,,3.211
000881,中广核技,化工原料,辽宁,19980902,000881.SZ,20030409,5.91,5.96,5.8,5.95,5.91,0.04,0.68,10541.1,6179.6812,0.6675,0.6675,1.89,69.6363,69.6363,2.6198,1.9006,1.9006,1.6438,1.6438,30891.84,15792.0,15792.0,183806.448,93962.4,,,3.211
000881,中广核技,化工原料,辽宁,19980902,000881.SZ,20030408,5.99,6.01,5.9,5.91,5.98,-0.07,-1.17,6776.88,4030.727,0.4291,0.4291,1.17,69.1682,69.1682,2.6022,1.8878,1.8878,1.655,1.655,30891.84,15792.0,15792.0,182570.7744,93330.72,,,3.211
000881,中广核技,化工原料,辽宁,19980902,000881.SZ,20030407,6.09,6.1,5.96,5.98,6.09,-0.11,-1.81,7108.0,4291.1164,0.4501,0.4501,1.22,69.9874,69.9874,2.633,1.9101,1.9101,1.6356,1.6356,30891.84,15792.0,15792.0,184733.2032,94436.16,,,3.211
000881,中广核技,化工原料,辽宁,19980902,000881.SZ,20030404,6.1,6.11,6.06,6.09,6.07,0.02,0.33,3899.03,2373.9891,0.2469,0.2469,0.62,71.2748,71.2748,2.6814,1.9453,1.9453,1.6061,1.6061,30891.84,15792.0,15792.0,188131.3056,96173.28,,,3.211
000881,中广核技,化工原料,辽宁,19980902,000881.SZ,20030403,6.12,6.15,6.06,6.07,6.11,-0.04,-0.65,3450.03,2095.0317,0.2185,0.2185,0.52,71.0407,71.0407,2.6726,1.9389,1.9389,1.6113,1.6113,30891.84,15792.0,15792.0,187513.4688,95857.44,,,3.211
000881,中广核技,化工原料,辽宁,19980902,000881.SZ,20030402,6.1,6.16,6.09,6.11,6.1,0.01,0.16,6665.94,4076.8669,0.4221,0.4221,1.09,71.5089,71.5089,2.6902,1.9517,1.9517,1.6008,1.6008,30891.84,15792.0,15792.0,188749.1424,96489.12,,,3.211
000881,中广核技,化工原料,辽宁,19980902,000881.SZ,20030401,6.06,6.13,6.04,6.1,6.07,0.03,0.49,7748.54,4716.1481,0.4907,0.4907,1.45,71.3918,71.3918,2.6858,1.9485,1.9485,1.6034,1.6034,30891.84,15792.0,15792.0,188440.224,96331.2,,,3.211
000881,中广核技,化工原料,辽宁,19980902,000881.SZ,20030331,6.02,6.07,5.96,6.07,6.02,0.05,0.83,7272.54,4375.8792,0.4605,0.4605,1.46,71.0407,71.0407,2.6726,1.9389,1.9389,1.6113,1.6113,30891.84,15792.0,15792.0,187513.4688,95857.44,,,3.211
000881,中广核技,化工原料,辽宁,19980902,000881.SZ,20030328,6.1,6.17,6.0,6.02,6.08,-0.06,-0.99,6093.83,3709.086,0.3859,0.3859,0.64,70.4555,70.4555,2.6506,1.9229,1.9229,1.6247,1.6247,30891.84,15792.0,15792.0,185968.8768,95067.84,,,3.211
000881,中广核技,化工原料,辽宁,19980902,000881.SZ,20030327,5.95,6.16,5.85,6.08,5.93,0.15,2.53,5562.86,3337.9507,0.3523,0.3523,0.58,37.8253,48.3413,2.7226,1.7316,1.8625,1.6087,1.6087,30891.84,15792.0,15792.0,187822.3872,96015.36,,,3.211
000881,中广核技,化工原料,辽宁,19980902,000881.SZ,20030326,6.01,6.05,5.9,5.93,6.02,-0.09,-1.5,4005.85,2384.3436,0.2537,0.2537,0.4,36.8921,47.1487,2.6554,1.6888,1.8165,1.6494,1.6494,30891.84,15792.0,15792.0,183188.6112,93646.56,,,3.211
000881,中广核技,化工原料,辽宁,19980902,000881.SZ,20030325,6.1,6.1,6.0,6.02,6.1,-0.08,-1.31,3696.1,2229.7883,0.234,0.234,0.35,37.452,47.8642,2.6957,1.7145,1.8441,1.6247,1.6247,30891.84,15792.0,15792.0,185968.8768,95067.84,,,3.211
000881,中广核技,化工原料,辽宁,19980902,000881.SZ,20030324,6.1,6.14,6.04,6.1,6.15,-0.05,-0.81,5602.87,3413.4868,0.3548,0.3548,0.53,37.9497,48.5003,2.7316,1.7373,1.8686,1.6034,1.6034,30891.84,15792.0,15792.0,188440.224,96331.2,,,3.211
000881,中广核技,化工原料,辽宁,19980902,000881.SZ,20030321,6.12,6.23,6.1,6.15,6.08,0.07,1.15,28529.43,17580.7674,1.8066,1.8066,4.93,38.2608,48.8978,2.754,1.7515,1.8839,1.5904,1.5904,30891.84,15792.0,15792.0,189984.816,97120.8,,,3.211
000881,中广核技,化工原料,辽宁,19980902,000881.SZ,20030320,6.02,6.09,5.93,6.08,5.99,0.09,1.5,6185.07,3711.7444,0.3917,0.3917,1.13,37.8253,48.3413,2.7226,1.7316,1.8625,1.6087,1.6087,30891.84,15792.0,15792.0,187822.3872,96015.36,,,3.211
000881,中广核技,化工原料,辽宁,19980902,000881.SZ,20030319,5.93,6.03,5.8,5.99,5.93,0.06,1.01,6058.59,3578.1231,0.3836,0.3836,1.13,37.2654,47.6257,2.6823,1.7059,1.8349,1.6329,1.6329,30891.84,15792.0,15792.0,185042.1216,94594.08,,,3.211
000881,中广核技,化工原料,辽宁,19980902,000881.SZ,20030318,6.05,6.09,5.92,5.93,6.05,-0.12,-1.98,6668.05,4009.2357,0.4222,0.4222,1.25,36.8921,47.1487,2.6554,1.6888,1.8165,1.6494,1.6494,30891.84,15792.0,15792.0,183188.6112,93646.56,,,3.211
000881,中广核技,化工原料,辽宁,19980902,000881.SZ,20030317,6.15,6.15,6.0,6.05,6.15,-0.1,-1.63,5869.7,3551.8277,0.3717,0.3717,0.98,37.6386,48.1028,2.7092,1.723,1.8533,1.6167,1.6167,30891.84,15792.0,15792.0,186895.632,95541.6,,,3.211
000881,中广核技,化工原料,辽宁,19980902,000881.SZ,20030314,6.18,6.19,6.09,6.15,6.17,-0.02,-0.32,4177.34,2560.0824,0.2645,0.2645,0.64,38.2608,48.8978,2.754,1.7515,1.8839,1.5904,1.5904,30891.84,15792.0,15792.0,189984.816,97120.8,,,3.211
000881,中广核技,化工原料,辽宁,19980902,000881.SZ,20030313,6.17,6.23,6.14,6.17,6.18,-0.01,-0.16,4595.63,2842.7664,0.291,0.291,0.68,38.3852,49.0569,2.7629,1.7572,1.89,1.5852,1.5852,30891.84,15792.0,15792.0,190602.6528,97436.64,,,3.211
000881,中广核技,化工原料,辽宁,19980902,000881.SZ,20030312,6.14,6.19,6.09,6.18,6.12,0.06,0.98,5607.23,3440.0574,0.3551,0.3551,0.86,38.4474,49.1364,2.7674,1.76,1.8931,1.5827,1.5827,30891.84,15792.0,15792.0,190911.5712,97594.56,,,3.211
000881,中广核技,化工原料,辽宁,19980902,000881.SZ,20030311,6.18,6.18,6.07,6.12,6.14,-0.02,-0.33,6397.95,3907.0596,0.4051,0.4051,1.03,38.0741,48.6593,2.7405,1.743,1.8747,1.5982,1.5982,30891.84,15792.0,15792.0,189058.0608,96647.04,,,3.211
000881,中广核技,化工原料,辽宁,19980902,000881.SZ,20030310,6.35,6.35,6.13,6.14,6.3,-0.16,-2.54,9030.35,5593.3213,0.5718,0.5718,1.61,38.1986,48.8183,2.7495,1.7487,1.8808,1.593,1.593,30891.84,15792.0,15792.0,189675.8976,96962.88,,,3.211
000881,中广核技,化工原料,辽宁,19980902,000881.SZ,20030307,6.3,6.38,6.26,6.3,6.29,0.01,0.16,7081.44,4477.4902,0.4484,0.4484,1.45,39.194,50.0905,2.8211,1.7942,1.9298,1.5525,1.5525,30891.84,15792.0,15792.0,194618.592,99489.6,,,3.211
000881,中广核技,化工原料,辽宁,19980902,000881.SZ,20030306,6.35,6.41,6.25,6.29,6.34,-0.05,-0.79,5794.39,3671.3656,0.3669,0.3669,1.18,39.1317,50.011,2.8167,1.7914,1.9268,1.555,1.555,30891.84,15792.0,15792.0,194309.6736,99331.68,,,3.211
000881,中广核技,化工原料,辽宁,19980902,000881.SZ,20030305,6.37,6.37,6.3,6.34,6.37,-0.03,-0.47,4341.21,2743.6597,0.2749,0.2749,0.85,39.4428,50.4085,2.839,1.8056,1.9421,1.5427,1.5427,30891.84,15792.0,15792.0,195854.2656,100121.28,,,3.211
000881,中广核技,化工原料,辽宁,19980902,000881.SZ,20030304,6.4,6.4,6.33,6.37,6.38,-0.01,-0.16,4872.86,3097.5641,0.3086,0.3086,0.89,39.6294,50.647,2.8525,1.8142,1.9513,1.5355,1.5355,30891.84,15792.0,15792.0,196781.0208,100595.04,,,3.211
000881,中广核技,化工原料,辽宁,19980902,000881.SZ,20030303,6.34,6.39,6.29,6.38,6.33,0.05,0.79,5916.66,3741.5889,0.3747,0.3747,1.17,39.6917,50.7265,2.857,1.817,1.9544,1.533,1.533,30891.84,15792.0,15792.0,197089.9392,100752.96,,,3.211
000881,中广核技,化工原料,辽宁,19980902,000881.SZ,20030228,6.4,6.42,6.31,6.33,6.4,-0.07,-1.09,3491.65,2215.6908,0.2211,0.2211,0.47,39.3806,50.329,2.8346,1.8028,1.939,1.5452,1.5452,30891.84,15792.0,15792.0,195545.3472,99963.36,,,3.211
000881,中广核技,化工原料,辽宁,19980902,000881.SZ,20030227,6.37,6.46,6.37,6.4,6.38,0.02,0.31,5854.21,3752.3608,0.3707,0.3707,0.43,39.8161,50.8856,2.8659,1.8227,1.9605,1.5283,1.5283,30891.84,15792.0,15792.0,197707.776,101068.8,,,3.211
000881,中广核技,化工原料,辽宁,19980902,000881.SZ,20030226,6.35,6.41,6.3,6.38,6.39,-0.01,-0.16,5533.4,3519.5428,0.3504,0.3504,0.4,39.6917,50.7265,2.857,1.817,1.9544,1.533,1.533,30891.84,15792.0,15792.0,197089.9392,100752.96,,,3.211
000881,中广核技,化工原料,辽宁,19980902,000881.SZ,20030225,6.26,6.39,6.25,6.39,6.25,0.14,2.24,6489.68,4120.1389,0.4109,0.4109,0.49,39.7539,50.8061,2.8614,1.8199,1.9574,1.5306,1.5306,30891.84,15792.0,15792.0,197398.8576,100910.88,,,3.211
000881,中广核技,化工原料,辽宁,19980902,000881.SZ,20030224,6.27,6.32,6.24,6.25,6.27,-0.02,-0.32,3907.0,2450.809,0.2474,0.2474,0.29,38.8829,49.6929,2.7987,1.78,1.9145,1.5649,1.5649,30891.84,15792.0,15792.0,193074.0,98700.0,,,3.211
000881,中广核技,化工原料,辽宁,19980902,000881.SZ,20030221,6.45,6.45,6.25,6.27,6.49,-0.22,-3.39,15506.17,9816.2563,0.9819,0.9819,1.34,39.0073,49.852,2.8077,1.7857,1.9207,1.5599,1.5599,30891.84,15792.0,15792.0,193691.8368,99015.84,,,3.211
000881,中广核技,化工原料,辽宁,19980902,000881.SZ,20030220,6.41,6.6,6.35,6.49,6.4,0.09,1.41,36639.87,23719.653,2.3202,2.3202,6.46,40.376,51.6011,2.9062,1.8483,1.988,1.5071,1.5071,30891.84,15792.0,15792.0,200488.0416,102490.08,,,3.211
000881,中广核技,化工原料,辽宁,19980902,000881.SZ,20030219,6.37,6.4,6.28,6.4,6.38,0.02,0.31,6139.83,3896.9028,0.3888,0.3888,1.11,39.8161,50.8856,2.8659,1.8227,1.9605,1.5283,1.5283,30891.84,15792.0,15792.0,197707.776,101068.8,,,3.211
000881,中广核技,化工原料,辽宁,19980902,000881.SZ,20030218,6.38,6.39,6.33,6.38,6.38,0.0,0.0,3772.38,2395.1765,0.2389,0.2389,0.67,39.6917,50.7265,2.857,1.817,1.9544,1.533,1.533,30891.84,15792.0,15792.0,197089.9392,100752.96,,,3.211
000881,中广核技,化工原料,辽宁,19980902,000881.SZ,20030217,6.43,6.48,6.34,6.38,6.43,-0.05,-0.78,6402.44,4103.571,0.4054,0.4054,1.15,39.6917,50.7265,2.857,1.817,1.9544,1.533,1.533,30891.84,15792.0,15792.0,197089.9392,100752.96,,,3.211
000881,中广核技,化工原料,辽宁,19980902,000881.SZ,20030214,6.38,6.45,6.36,6.43,6.38,0.05,0.78,5012.8,3215.0679,0.3174,0.3174,0.75,40.0027,51.1241,2.8793,1.8312,1.9697,1.5211,1.5211,30891.84,15792.0,15792.0,198634.5312,101542.56,,,3.211
000881,中广核技,化工原料,辽宁,19980902,000881.SZ,20030213,6.47,6.5,6.38,6.38,6.47,-0.09,-1.39,7030.92,4536.2159,0.4452,0.4452,0.94,39.6917,50.7265,2.857,1.817,1.9544,1.533,1.533,30891.84,15792.0,15792.0,197089.9392,100752.96,,,3.211
000881,中广核技,化工原料,辽宁,19980902,000881.SZ,20030212,6.39,6.47,6.32,6.47,6.39,0.08,1.25,5485.79,3526.8409,0.3474,0.3474,0.32,40.2516,51.4421,2.8973,1.8426,1.9819,1.5117,1.5117,30891.84,15792.0,15792.0,199870.2048,102174.24,,,3.211
000881,中广核技,化工原料,辽宁,19980902,000881.SZ,20030211,6.32,6.39,6.3,6.39,6.31,0.08,1.27,4082.14,2589.0429,0.2585,0.2585,0.18,39.7539,50.8061,2.8614,1.8199,1.9574,1.5306,1.5306,30891.84,15792.0,15792.0,197398.8576,100910.88,,,3.211
000881,中广核技,化工原料,辽宁,19980902,000881.SZ,20030210,6.45,6.45,6.28,6.31,6.46,-0.15,-2.32,6119.55,3893.9225,0.3875,0.3875,0.25,39.2562,50.17,2.8256,1.7971,1.9329,1.5501,1.5501,30891.84,15792.0,15792.0,194927.5104,99647.52,,,3.211
000881,中广核技,化工原料,辽宁,19980902,000881.SZ,20030129,6.5,6.54,6.45,6.46,6.5,-0.04,-0.62,10517.7,6834.6836,0.666,0.666,0.44,40.1894,51.3626,2.8928,1.8398,1.9789,1.5141,1.5141,30891.84,15792.0,15792.0,199561.2864,102016.32,,,3.211
000881,中广核技,化工原料,辽宁,19980902,000881.SZ,20030128,6.55,6.59,6.46,6.5,6.55,-0.05,-0.76,11206.62,7291.1597,0.7096,0.7096,0.48,40.4382,51.6807,2.9107,1.8512,1.9911,1.5047,1.5047,30891.84,15792.0,15792.0,200796.96,102648.0,,,3.211
000881,中广核技,化工原料,辽宁,19980902,000881.SZ,20030127,6.5,6.58,6.41,6.55,6.42,0.13,2.02,52487.41,34069.4016,3.3237,3.3237,3.7,40.7493,52.0782,2.9331,1.8654,2.0064,1.4933,1.4933,30891.84,15792.0,15792.0,202341.552,103437.6,,,3.211
000881,中广核技,化工原料,辽宁,19980902,000881.SZ,20030124,6.2,6.43,6.18,6.42,6.21,0.21,3.38,32266.7,20475.2535,2.0432,2.0432,3.28,39.9405,51.0446,2.8749,1.8284,1.9666,1.5235,1.5235,30891.84,15792.0,15792.0,198325.6128,101384.64,,,3.211
000881,中广核技,化工原料,辽宁,19980902,000881.SZ,20030123,6.15,6.32,6.15,6.21,6.18,0.03,0.49,13835.56,8626.931,0.8761,0.8761,1.38,38.634,49.3749,2.7808,1.7686,1.9023,1.575,1.575,30891.84,15792.0,15792.0,191838.3264,98068.32,,,3.211
000881,中广核技,化工原料,辽宁,19980902,000881.SZ,20030122,6.05,6.23,6.02,6.18,6.08,0.1,1.64,9836.8,6018.2432,0.6229,0.6229,0.93,38.4474,49.1364,2.7674,1.76,1.8931,1.5827,1.5827,30891.84,15792.0,15792.0,190911.5712,97594.56,,,3.211
000881,中广核技,化工原料,辽宁,19980902,000881.SZ,20030121,6.21,6.25,6.07,6.08,6.21,-0.13,-2.09,7650.84,4715.2664,0.4845,0.4845,0.59,37.8253,48.3413,2.7226,1.7316,1.8625,1.6087,1.6087,30891.84,15792.0,15792.0,187822.3872,96015.36,,,3.211
000881,中广核技,化工原料,辽宁,19980902,000881.SZ,20030120,6.18,6.25,6.11,6.21,6.2,0.01,0.16,7258.3,4473.2155,0.4596,0.4596,0.59,38.634,49.3749,2.7808,1.7686,1.9023,1.575,1.575,30891.84,15792.0,15792.0,191838.3264,98068.32,,,3.211
000881,中广核技,化工原料,辽宁,19980902,000881.SZ,20030117,6.28,6.31,6.17,6.2,6.28,-0.08,-1.27,10650.89,6626.289,0.6744,0.6744,0.88,38.5718,49.2954,2.7764,1.7657,1.8992,1.5776,1.5776,30891.84,15792.0,15792.0,191529.408,97910.4,,,3.211
000881,中广核技,化工原料,辽宁,19980902,000881.SZ,20030116,6.13,6.3,6.13,6.28,6.13,0.15,2.45,14740.1,9134.163,0.9334,0.9334,1.3,39.0695,49.9315,2.8122,1.7885,1.9237,1.5575,1.5575,30891.84,15792.0,15792.0,194000.7552,99173.76,,,3.211
000881,中广核技,化工原料,辽宁,19980902,000881.SZ,20030115,6.22,6.36,6.1,6.13,6.22,-0.09,-1.45,12405.74,7702.3622,0.7856,0.7856,1.26,38.1363,48.7388,2.745,1.7458,1.8778,1.5956,1.5956,30891.84,15792.0,15792.0,189366.9792,96804.96,,,3.211
000881,中广核技,化工原料,辽宁,19980902,000881.SZ,20030114,5.99,6.32,5.97,6.22,5.96,0.26,4.36,19569.66,12060.5357,1.2392,1.2392,2.99,38.6963,49.4544,2.7853,1.7714,1.9053,1.5725,1.5725,30891.84,15792.0,15792.0,192147.2448,98226.24,,,3.211
000881,中广核技,化工原料,辽宁,19980902,000881.SZ,20030113,5.91,6.0,5.89,5.96,5.96,0.0,0.0,4653.69,2761.4121,0.2947,0.2947,0.76,37.0787,47.3872,2.6689,1.6974,1.8257,1.6411,1.6411,30891.84,15792.0,15792.0,184115.3664,94120.32,,,3.211
000881,中广核技,化工原料,辽宁,19980902,000881.SZ,20030110,6.03,6.12,5.95,5.96,6.03,-0.07,-1.16,9428.01,5678.6561,0.597,0.597,2.0,37.0787,47.3872,2.6689,1.6974,1.8257,1.6411,1.6411,30891.84,15792.0,15792.0,184115.3664,94120.32,,,3.211
000881,中广核技,化工原料,辽宁,19980902,000881.SZ,20030109,5.94,6.08,5.85,6.03,5.94,0.09,1.52,10850.34,6498.4693,0.6871,0.6871,3.23,37.5142,47.9437,2.7002,1.7173,1.8471,1.622,1.622,30891.84,15792.0,15792.0,186277.7952,95225.76,,,3.211
000881,中广核技,化工原料,辽宁,19980902,000881.SZ,20030108,5.77,5.97,5.72,5.94,5.76,0.18,3.13,4830.49,2830.5928,0.3059,0.3059,1.51,36.9543,47.2282,2.6599,1.6917,1.8196,1.6466,1.6466,30891.84,15792.0,15792.0,183497.5296,93804.48,,,3.211
000881,中广核技,化工原料,辽宁,19980902,000881.SZ,20030107,5.7,5.9,5.7,5.76,5.78,-0.02,-0.35,2998.91,1741.6891,0.1899,0.1899,0.86,35.8345,45.797,2.5793,1.6404,1.7644,1.6981,1.6981,30891.84,15792.0,15792.0,177936.9984,90961.92,,,3.211
000881,中广核技,化工原料,辽宁,19980902,000881.SZ,20030106,5.7,5.79,5.62,5.78,5.67,0.11,1.94,2697.5,1541.9015,0.1708,0.1708,0.62,35.9589,45.956,2.5883,1.6461,1.7706,1.6922,1.6922,30891.84,15792.0,15792.0,178554.8352,91277.76,,,3.211
000881,中广核技,化工原料,辽宁,19980902,000881.SZ,20030103,5.63,5.7,5.6,5.67,5.64,0.03,0.53,2194.23,1240.4828,0.1389,0.1389,0.36,35.2746,45.0814,2.539,1.6148,1.7369,1.725,1.725,30891.84,15792.0,15792.0,175156.7328,89540.64,,,3.211
000881,中广核技,化工原料,辽宁,19980902,000881.SZ,20030102,5.7,5.78,5.6,5.64,5.71,-0.07,-1.23,4057.94,2297.3741,0.257,0.257,0.62,35.0879,44.8429,2.5256,1.6063,1.7277,1.7342,1.7342,30891.84,15792.0,15792.0,174229.9776,89066.88,,,3.211
000881,中广核技,化工原料,辽宁,19980902,000881.SZ,20021231,5.76,5.84,5.7,5.71,5.76,-0.05,-0.87,4082.5,2357.44,0.2585,0.2585,0.56,35.5234,45.3995,2.5569,1.6262,1.7491,0.5353,1.7129,30891.84,15792.0,15792.0,176392.4064,90172.32,,,3.211
000881,中广核技,化工原料,辽宁,19980902,000881.SZ,20021230,5.85,5.87,5.75,5.76,5.85,-0.09,-1.54,4344.42,2512.8143,0.2751,0.2751,0.47,35.8345,45.797,2.5793,1.6404,1.7644,0.5306,1.6981,30891.84,15792.0,15792.0,177936.9984,90961.92,,,3.211
000881,中广核技,化工原料,辽宁,19980902,000881.SZ,20021227,5.85,5.91,5.75,5.85,5.86,-0.01,-0.17,6997.25,4079.9421,0.4431,0.4431,0.41,36.3944,46.5126,2.6196,1.6661,1.792,0.5225,1.6719,30891.84,15792.0,15792.0,180717.264,92383.2,,,3.211
000881,中广核技,化工原料,辽宁,19980902,000881.SZ,20021226,6.09,6.15,5.86,5.86,6.13,-0.27,-4.4,10889.88,6525.0221,0.6896,0.6896,0.7,36.4566,46.5921,2.6241,1.6689,1.7951,0.5216,1.6691,30891.84,15792.0,15792.0,181026.1824,92541.12,,,3.211
000881,中广核技,化工原料,辽宁,19980902,000881.SZ,20021225,6.25,6.27,6.13,6.13,6.23,-0.1,-1.61,6388.26,3949.1214,0.4045,0.4045,0.42,38.1363,48.7388,2.745,1.7458,1.8778,0.4986,1.5956,30891.84,15792.0,15792.0,189366.9792,96804.96,,,3.211
000881,中广核技,化工原料,辽宁,19980902,000881.SZ,20021224,6.21,6.25,6.12,6.23,6.22,0.01,0.16,8103.31,5003.215,0.5131,0.5131,0.56,38.7585,49.5339,2.7898,1.7743,1.9084,0.4906,1.57,30891.84,15792.0,15792.0,192456.1632,98384.16,,,3.211
000881,中广核技,化工原料,辽宁,19980902,000881.SZ,20021223,6.28,6.3,6.2,6.22,6.28,-0.06,-0.96,13597.04,8498.6023,0.861,0.861,1.09,38.6963,49.4544,2.7853,1.7714,1.9053,0.4914,1.5725,30891.84,15792.0,15792.0,192147.2448,98226.24,,,3.211
000881,中广核技,化工原料,辽宁,19980902,000881.SZ,20021220,5.92,6.45,5.92,6.28,5.92,0.36,6.08,45627.09,28771.9499,2.8893,2.8893,9.99,39.0695,49.9315,2.8122,1.7885,1.9237,0.4867,1.5575,30891.84,15792.0,15792.0,194000.7552,99173.76,,,3.211
000881,中广核技,化工原料,辽宁,19980902,000881.SZ,20021219,5.91,5.98,5.86,5.92,5.94,-0.02,-0.34,4291.04,2539.8367,0.2717,0.2717,0.99,36.8299,47.0691,2.651,1.686,1.8134,0.5163,1.6522,30891.84,15792.0,15792.0,182879.6928,93488.64,,,3.211
000881,中广核技,化工原料,辽宁,19980902,000881.SZ,20021218,6.03,6.12,5.94,5.94,6.04,-0.1,-1.66,4567.38,2747.2551,0.2892,0.2892,1.11,36.9543,47.2282,2.6599,1.6917,1.8196,0.5146,1.6466,30891.84,15792.0,15792.0,183497.5296,93804.48,,,3.211
000881,中广核技,化工原料,辽宁,19980902,000881.SZ,20021217,5.96,6.07,5.91,6.04,5.97,0.07,1.17,3939.72,2366.8421,0.2495,0.2495,0.99,37.5764,48.0233,2.7047,1.7202,1.8502,0.506,1.6193,30891.84,15792.0,15792.0,186586.7136,95383.68,,,3.211
000881,中广核技,化工原料,辽宁,19980902,000881.SZ,20021216,5.95,6.0,5.85,5.97,5.89,0.08,1.36,4128.19,2458.9717,0.2614,0.2614,1.16,37.1409,47.4667,2.6734,1.7002,1.8288,0.512,1.6383,30891.84,15792.0,15792.0,184424.2848,94278.24,,,3.211
000881,中广核技,化工原料,辽宁,19980902,000881.SZ,20021213,5.68,5.94,5.62,5.89,5.76,0.13,2.26,5903.34,3426.1987,0.3738,0.3738,2.08,36.6432,46.8306,2.6375,1.6775,1.8043,0.5189,1.6606,30891.84,15792.0,15792.0,181952.9376,93014.88,,,3.211
000881,中广核技,化工原料,辽宁,19980902,000881.SZ,20021212,5.72,5.88,5.72,5.76,5.72,0.04,0.7,3181.24,1840.4256,0.2014,0.2014,1.02,35.8345,45.797,2.5793,1.6404,1.7644,0.5306,1.6981,30891.84,15792.0,15792.0,177936.9984,90961.92,,,3.211
000881,中广核技,化工原料,辽宁,19980902,000881.SZ,20021211,5.81,5.81,5.66,5.72,5.82,-0.1,-1.72,3341.83,1911.6438,0.2116,0.2116,0.67,35.5856,45.479,2.5614,1.629,1.7522,0.5344,1.7099,30891.84,15792.0,15792.0,176701.3248,90330.24,,,3.211
000881,中广核技,化工原料,辽宁,19980902,000881.SZ,20021210,5.9,5.96,5.8,5.82,5.91,-0.09,-1.52,3358.3,1968.6962,0.2127,0.2127,0.6,36.2078,46.2741,2.6062,1.6575,1.7828,0.5252,1.6806,30891.84,15792.0,15792.0,179790.5088,91909.44,,,3.211
000881,中广核技,化工原料,辽宁,19980902,000881.SZ,20021209,5.91,5.98,5.9,5.91,5.93,-0.02,-0.34,1946.96,1154.4974,0.1233,0.1233,0.32,36.7677,46.9896,2.6465,1.6832,1.8104,0.5172,1.655,30891.84,15792.0,15792.0,182570.7744,93330.72,,,3.211
000881,中广核技,化工原料,辽宁,19980902,000881.SZ,20021206,5.97,6.01,5.9,5.93,5.97,-0.04,-0.67,2332.9,1389.5529,0.1477,0.1477,0.28,36.8921,47.1487,2.6554,1.6888,1.8165,0.5154,1.6494,30891.84,15792.0,15792.0,183188.6112,93646.56,,,3.211
000881,中广核技,化工原料,辽宁,19980902,000881.SZ,20021205,6.04,6.05,5.88,5.97,6.04,-0.07,-1.16,4642.41,2771.4558,0.294,0.294,0.54,37.1409,47.4667,2.6734,1.7002,1.8288,0.512,1.6383,30891.84,15792.0,15792.0,184424.2848,94278.24,,,3.211
000881,中广核技,化工原料,辽宁,19980902,000881.SZ,20021204,6.07,6.15,6.0,6.04,6.01,0.03,0.5,12832.18,7807.3599,0.8126,0.8126,1.83,37.5764,48.0233,2.7047,1.7202,1.8502,0.506,1.6193,30891.84,15792.0,15792.0,186586.7136,95383.68,,,3.211
000881,中广核技,化工原料,辽宁,19980902,000881.SZ,20021203,5.75,6.05,5.71,6.01,5.77,0.24,4.16,6044.59,3579.0221,0.3828,0.3828,0.92,37.3898,47.7847,2.6913,1.7116,1.841,0.5086,1.6274,30891.84,15792.0,15792.0,185659.9584,94909.92,,,3.211
000881,中广核技,化工原料,辽宁,19980902,000881.SZ,20021202,6.03,6.03,5.76,5.77,6.04,-0.27,-4.47,4720.0,2777.2894,0.2989,0.2989,0.77,35.8967,45.8765,2.5838,1.6433,1.7675,0.5297,1.6951,30891.84,15792.0,15792.0,178245.9168,91119.84,,,3.211
000881,中广核技,化工原料,辽宁,19980902,000881.SZ,20021129,5.9,6.13,5.86,6.04,5.86,0.18,3.07,13943.05,8404.2847,0.8829,0.8829,3.01,37.5764,48.0233,2.7047,1.7202,1.8502,0.506,1.6193,30891.84,15792.0,15792.0,186586.7136,95383.68,,,3.211
000881,中广核技,化工原料,辽宁,19980902,000881.SZ,20021128,5.68,5.86,5.62,5.86,5.68,0.18,3.17,5811.31,3355.8379,0.368,0.368,1.19,36.4566,46.5921,2.6241,1.6689,1.7951,0.5216,1.6691,30891.84,15792.0,15792.0,181026.1824,92541.12,,,3.211
000881,中广核技,化工原料,辽宁,19980902,000881.SZ,20021127,5.59,5.75,5.51,5.68,5.65,0.03,0.53,4540.78,2547.4334,0.2875,0.2875,0.91,35.3368,45.1609,2.5435,1.6176,1.7399,0.5381,1.722,30891.84,15792.0,15792.0,175465.6512,89698.56,,,3.211
000881,中广核技,化工原料,辽宁,19980902,000881.SZ,20021126,5.83,5.88,5.64,5.65,5.83,-0.18,-3.09,3800.5,2190.0366,0.2407,0.2407,0.76,35.1501,44.9224,2.5301,1.6091,1.7307,0.541,1.7311,30891.84,15792.0,15792.0,174538.896,89224.8,,,3.211
000881,中广核技,化工原料,辽宁,19980902,000881.SZ,20021125,5.77,5.89,5.7,5.83,5.82,0.01,0.17,2727.58,1588.5683,0.1727,0.1727,0.53,36.27,46.3536,2.6107,1.6604,1.7859,0.5243,1.6777,30891.84,15792.0,15792.0,180099.4272,92067.36,,,3.211
000881,中广核技,化工原料,辽宁,19980902,000881.SZ,20021122,5.76,5.9,5.66,5.82,5.76,0.06,1.04,6267.96,3636.7302,0.3969,0.3969,1.26,36.2078,46.2741,2.6062,1.6575,1.7828,0.5252,1.6806,30891.84,15792.0,15792.0,179790.5088,91909.44,,,3.211
000881,中广核技,化工原料,辽宁,19980902,000881.SZ,20021121,6.02,6.02,5.75,5.76,6.07,-0.31,-5.11,7109.19,4185.7434,0.4502,0.4502,1.71,35.8345,45.797,2.5793,1.6404,1.7644,0.5306,1.6981,30891.84,15792.0,15792.0,177936.9984,90961.92,,,3.211
000881,中广核技,化工原料,辽宁,19980902,000881.SZ,20021120,6.28,6.28,6.02,6.07,6.25,-0.18,-2.88,5114.8,3122.5352,0.3239,0.3239,1.2,37.7631,48.2618,2.7181,1.7287,1.8594,0.5035,1.6113,30891.84,15792.0,15792.0,187513.4688,95857.44,,,3.211
000881,中广核技,化工原料,辽宁,19980902,000881.SZ,20021119,6.2,6.29,6.14,6.25,6.18,0.07,1.13,3748.69,2324.9439,0.2374,0.2374,0.76,38.8829,49.6929,2.7987,1.78,1.9145,0.489,1.5649,30891.84,15792.0,15792.0,193074.0,98700.0,,,3.211
000881,中广核技,化工原料,辽宁,19980902,000881.SZ,20021118,6.35,6.4,6.18,6.18,6.39,-0.21,-3.29,3621.9,2269.2779,0.2294,0.2294,0.68,38.4474,49.1364,2.7674,1.76,1.8931,0.4946,1.5827,30891.84,15792.0,15792.0,190911.5712,97594.56,,,3.211
000881,中广核技,化工原料,辽宁,19980902,000881.SZ,20021115,6.3,6.55,6.25,6.39,6.31,0.08,1.27,5192.8,3306.1507,0.3288,0.3288,0.96,39.7539,50.8061,2.8614,1.8199,1.9574,0.4783,1.5306,30891.84,15792.0,15792.0,197398.8576,100910.88,,,3.211
000881,中广核技,化工原料,辽宁,19980902,000881.SZ,20021114,6.52,6.52,6.3,6.31,6.52,-0.21,-3.22,3114.0,1993.5155,0.1972,0.1972,0.57,39.2562,50.17,2.8256,1.7971,1.9329,0.4844,1.5501,30891.84,15792.0,15792.0,194927.5104,99647.52,,,3.211
000881,中广核技,化工原料,辽宁,19980902,000881.SZ,20021113,6.5,6.52,6.34,6.52,6.5,0.02,0.31,5561.13,3583.8953,0.3521,0.3521,1.07,40.5626,51.8397,2.9196,1.8569,1.9972,0.4688,1.5001,30891.84,15792.0,15792.0,201414.7968,102963.84,,,3.211
000881,中广核技,化工原料,辽宁,19980902,000881.SZ,20021112,6.69,6.73,6.49,6.5,6.72,-0.22,-3.27,7274.2,4773.4256,0.4606,0.4606,1.42,40.4382,51.6807,2.9107,1.8512,1.9911,0.4702,1.5047,30891.84,15792.0,15792.0,200796.96,102648.0,,,3.211
000881,中广核技,化工原料,辽宁,19980902,000881.SZ,20021111,6.83,6.9,6.64,6.72,6.83,-0.11,-1.61,5329.0,3574.4226,0.3374,0.3374,1.1,41.8069,53.4298,3.0092,1.9138,2.0585,0.4548,1.4555,30891.84,15792.0,15792.0,207593.1648,106122.24,,,3.211
000881,中广核技,化工原料,辽宁,19980902,000881.SZ,20021108,7.09,7.16,6.8,6.83,7.06,-0.23,-3.26,5829.0,4042.1518,0.3691,0.3691,1.35,42.4912,54.3044,3.0585,1.9452,2.0922,0.4475,1.432,30891.84,15792.0,15792.0,210991.2672,107859.36,,,3.211
000881,中广核技,化工原料,辽宁,19980902,000881.SZ,20021107,7.03,7.1,7.0,7.06,7.02,0.04,0.57,3178.7,2236.5547,0.2013,0.2013,0.76,43.9221,56.1331,3.1615,2.0107,2.1627,0.4329,1.3854,30891.84,15792.0,15792.0,218096.3904,111491.52,,,3.211
000881,中广核技,化工原料,辽宁,19980902,000881.SZ,20021106,7.09,7.1,7.0,7.02,7.09,-0.07,-0.99,4404.81,3107.0476,0.2789,0.2789,1.2,43.6733,55.8151,3.1435,1.9993,2.1504,0.4354,1.3933,30891.84,15792.0,15792.0,216860.7168,110859.84,,,3.211
000881,中广核技,化工原料,辽宁,19980902,000881.SZ,20021105,7.0,7.14,6.98,7.09,6.95,0.14,2.01,6893.67,4873.5141,0.4365,0.4365,2.19,44.1088,56.3717,3.1749,2.0192,2.1718,0.4311,1.3795,30891.84,15792.0,15792.0,219023.1456,111965.28,,,3.211
000881,中广核技,化工原料,辽宁,19980902,000881.SZ,20021104,6.83,6.96,6.83,6.95,6.78,0.17,2.51,4011.3,2767.9511,0.254,0.254,1.2,43.2378,55.2585,3.1122,1.9793,2.129,0.4398,1.4073,30891.84,15792.0,15792.0,214698.288,109754.4,,,3.211
000881,中广核技,化工原料,辽宁,19980902,000881.SZ,20021101,6.81,6.84,6.73,6.78,6.82,-0.04,-0.59,3132.0,2125.0034,0.1983,0.1983,0.91,42.1802,53.9069,3.0361,1.9309,2.0769,0.4508,1.4426,30891.84,15792.0,15792.0,209446.6752,107069.76,,,3.211
000881,中广核技,化工原料,辽宁,19980902,000881.SZ,20021031,6.84,6.91,6.81,6.82,6.84,-0.02,-0.29,2492.6,1709.6893,0.1578,0.1578,0.66,42.429,54.2249,3.054,1.9423,2.0891,0.4482,1.4341,30891.84,15792.0,15792.0,210682.3488,107701.44,,,3.211
000881,中广核技,化工原料,辽宁,19980902,000881.SZ,20021030,6.91,6.91,6.78,6.84,6.9,-0.06,-0.87,1866.49,1275.7667,0.1182,0.1182,0.43,42.5534,54.3839,3.0629,1.948,2.0953,0.4469,1.4299,30891.84,15792.0,15792.0,211300.1856,108017.28,,,3.211
000881,中广核技,化工原料,辽宁,19980902,000881.SZ,20021029,6.86,6.92,6.74,6.9,6.85,0.05,0.73,4262.61,2903.2804,0.2699,0.2699,0.87,42.9267,54.861,3.0898,1.9651,2.1136,0.443,1.4175,30891.84,15792.0,15792.0,213153.696,108964.8,,,3.211
000881,中广核技,化工原料,辽宁,19980902,000881.SZ,20021028,6.95,6.99,6.82,6.85,6.98,-0.13,-1.86,5001.07,3430.7096,0.3167,0.3167,1.13,42.6157,54.4635,3.0674,1.9509,2.0983,0.4462,1.4279,30891.84,15792.0,15792.0,211609.104,108175.2,,,3.211
000881,中广核技,化工原料,辽宁,19980902,000881.SZ,20021025,7.08,7.13,6.95,6.98,7.08,-0.1,-1.41,3672.01,2577.8391,0.2325,0.2325,0.87,43.4244,55.4971,3.1418,1.9879,2.1381,0.4379,1.4013,30891.84,15792.0,15792.0,215625.0432,110228.16,,,3.211
000881,中广核技,化工原料,辽宁,19980902,000881.SZ,20021024,7.18,7.2,7.01,7.08,7.2,-0.12,-1.67,4033.0,2862.8667,0.2554,0.2554,1.03,44.0465,56.2922,3.1868,2.0164,2.1688,0.4317,1.3815,30891.84,15792.0,15792.0,218714.2272,111807.36,,,3.211
000881,中广核技,化工原料,辽宁,19980902,000881.SZ,20021023,7.11,7.24,7.11,7.2,7.18,0.02,0.28,4742.35,3395.932,0.3003,0.3003,1.26,44.7931,57.2463,3.2408,2.0505,2.2055,0.4245,1.3585,30891.84,15792.0,15792.0,222421.248,113702.4,,,3.211
000881,中广核技,化工原料,辽宁,19980902,000881.SZ,20021022,7.09,7.2,7.02,7.18,7.06,0.12,1.7,7148.7,5095.7377,0.4527,0.4527,2.67,44.6687,57.0872,3.2318,2.0448,2.1994,0.4257,1.3622,30891.84,15792.0,15792.0,221803.4112,113386.56,,,3.211
000881,中广核技,化工原料,辽宁,19980902,000881.SZ,20021021,7.03,7.06,6.93,7.06,7.0,0.06,0.86,2512.49,1758.0544,0.1591,0.1591,0.88,43.9221,56.1331,3.1778,2.0107,2.1627,0.4329,1.3854,30891.84,15792.0,15792.0,218096.3904,111491.52,,,3.211
000881,中广核技,化工原料,辽宁,19980902,000881.SZ,20021018,6.9,7.08,6.85,7.0,6.94,0.06,0.86,2751.89,1918.2909,0.1743,0.1743,0.85,43.5488,55.6561,3.1508,1.9936,2.1443,0.4366,1.3973,30891.84,15792.0,15792.0,216242.88,110544.0,,,3.211
000881,中广核技,化工原料,辽宁,19980902,000881.SZ,20021017,7.1,7.14,6.92,6.94,7.07,-0.13,-1.84,2517.0,1762.603,0.1594,0.1594,0.74,43.1756,55.179,3.1238,1.9765,2.1259,0.4404,1.4093,30891.84,15792.0,15792.0,214389.3696,109596.48,,,3.211
000881,中广核技,化工原料,辽宁,19980902,000881.SZ,20021016,6.98,7.18,6.98,7.07,6.95,0.12,1.73,3833.14,2723.333,0.2427,0.2427,1.07,43.9843,56.2126,3.1823,2.0135,2.1657,0.4323,1.3834,30891.84,15792.0,15792.0,218405.3088,111649.44,,,3.211
000881,中广核技,化工原料,辽宁,19980902,000881.SZ,20021015,6.95,6.99,6.9,6.95,6.95,0.0,0.0,1784.08,1238.9081,0.113,0.113,0.48,43.2378,55.2585,3.1283,1.9793,2.129,0.4398,1.4073,30891.84,15792.0,15792.0,214698.288,109754.4,,,3.211
000881,中广核技,化工原料,辽宁,19980902,000881.SZ,20021014,6.83,6.98,6.81,6.95,6.89,0.06,0.87,3352.68,2307.0476,0.2123,0.2123,0.88,43.2378,55.2585,3.1283,1.9793,2.129,0.4398,1.4073,30891.84,15792.0,15792.0,214698.288,109754.4,,,3.211
000881,中广核技,化工原料,辽宁,19980902,000881.SZ,20021011,7.0,7.08,6.85,6.89,6.98,-0.09,-1.29,4723.0,3290.5844,0.2991,0.2991,1.0,42.8645,54.7815,3.1013,1.9623,2.1106,0.4436,1.4196,30891.84,15792.0,15792.0,212844.7776,108806.88,,,3.211
000881,中广核技,化工原料,辽宁,19980902,000881.SZ,20021010,7.0,7.08,6.95,6.98,7.03,-0.05,-0.71,3342.0,2339.596,0.2116,0.2116,0.67,43.4244,55.4971,3.1418,1.9879,2.1381,0.4379,1.4013,30891.84,15792.0,15792.0,215625.0432,110228.16,,,3.211
000881,中广核技,化工原料,辽宁,19980902,000881.SZ,20021009,7.25,7.26,7.02,7.03,7.28,-0.25,-3.43,4651.2,3299.5941,0.2945,0.2945,0.95,43.7355,55.8946,3.1643,2.0021,2.1535,0.4348,1.3913,30891.84,15792.0,15792.0,217169.6352,111017.76,,,3.211
000881,中广核技,化工原料,辽宁,19980902,000881.SZ,20021008,7.25,7.3,7.2,7.28,7.29,-0.01,-0.14,2487.77,1804.5067,0.1575,0.1575,0.51,45.2908,57.8823,3.2768,2.0733,2.23,0.4199,1.3435,30891.84,15792.0,15792.0,224892.5952,114965.76,,,3.211
000881,中广核技,化工原料,辽宁,19980902,000881.SZ,20020927,7.25,7.38,7.25,7.29,7.28,0.01,0.14,3890.19,2843.998,0.2463,0.2463,0.81,45.353,57.9618,3.2813,2.0762,2.2331,0.4193,1.3417,30891.84,15792.0,15792.0,225201.5136,115123.68,,,3.211
000881,中广核技,化工原料,辽宁,19980902,000881.SZ,20020926,7.45,7.49,7.26,7.28,7.45,-0.17,-2.28,9250.84,6795.7487,0.5858,0.5858,2.16,45.2908,57.8823,3.2768,2.0733,2.23,0.4199,1.3435,30891.84,15792.0,15792.0,224892.5952,114965.76,,,3.211
000881,中广核技,化工原料,辽宁,19980902,000881.SZ,20020925,7.38,7.52,7.38,7.45,7.4,0.05,0.68,4588.0,3423.5108,0.2905,0.2905,1.04,46.3484,59.234,3.3533,2.1217,2.2821,0.4103,1.3129,30891.84,15792.0,15792.0,230144.208,117650.4,,,3.211
000881,中广核技,化工原料,辽宁,19980902,000881.SZ,20020924,7.49,7.5,7.39,7.4,7.49,-0.09,-1.2,4215.59,3134.4142,0.2669,0.2669,0.91,46.0373,58.8364,3.3308,2.1075,2.2668,0.413,1.3217,30891.84,15792.0,15792.0,228599.616,116860.8,,,3.211
000881,中广核技,化工原料,辽宁,19980902,000881.SZ,20020923,7.5,7.57,7.42,7.49,7.49,0.0,0.0,2237.42,1673.0296,0.1417,0.1417,0.47,46.5973,59.552,3.3714,2.1331,2.2944,0.4081,1.3059,30891.84,15792.0,15792.0,231379.8816,118282.08,,,3.211
000881,中广核技,化工原料,辽宁,19980902,000881.SZ,20020920,7.6,7.61,7.45,7.49,7.62,-0.13,-1.71,3771.43,2842.9206,0.2388,0.2388,0.79,46.5973,59.552,3.3714,2.1331,2.2944,0.4081,1.3059,30891.84,15792.0,15792.0,231379.8816,118282.08,,,3.211
000881,中广核技,化工原料,辽宁,19980902,000881.SZ,20020919,7.4,7.69,7.36,7.62,7.42,0.2,2.7,6631.45,4978.4038,0.4199,0.4199,1.44,47.406,60.5856,3.4299,2.1702,2.3342,0.4011,1.2836,30891.84,15792.0,15792.0,235395.8208,120335.04,,,3.211
000881,中广核技,化工原料,辽宁,19980902,000881.SZ,20020918,7.5,7.58,7.4,7.42,7.54,-0.12,-1.59,5132.8,3842.0198,0.325,0.325,1.24,46.1618,58.9955,3.3398,2.1132,2.2729,0.4119,1.3182,30891.84,15792.0,15792.0,229217.4528,117176.64,,,3.211
000881,中广核技,化工原料,辽宁,19980902,000881.SZ,20020916,7.63,7.65,7.53,7.54,7.62,-0.08,-1.05,5355.19,4054.1,0.3391,0.3391,1.14,46.9083,59.9496,3.3939,2.1474,2.3097,0.4054,1.2972,30891.84,15792.0,15792.0,232924.4736,119071.68,,,3.211
000881,中广核技,化工原料,辽宁,19980902,000881.SZ,20020913,7.6,7.7,7.6,7.62,7.68,-0.06,-0.78,2845.6,2172.8694,0.1802,0.1802,0.49,47.406,60.5856,3.4299,2.1702,2.3342,0.4011,1.2836,30891.84,15792.0,15792.0,235395.8208,120335.04,,,3.211
000881,中广核技,化工原料,辽宁,19980902,000881.SZ,20020912,7.56,7.8,7.56,7.68,7.68,0.0,0.0,3840.14,2949.0547,0.2432,0.2432,0.54,47.7793,61.0627,3.4569,2.1872,2.3526,0.398,1.2735,30891.84,15792.0,15792.0,237249.3312,121282.56,,,3.211
000881,中广核技,化工原料,辽宁,19980902,000881.SZ,20020911,7.75,7.75,7.56,7.68,7.74,-0.06,-0.78,5797.98,4420.2845,0.3671,0.3671,0.73,47.7793,61.0627,3.4569,2.1872,2.3526,0.398,1.2735,30891.84,15792.0,15792.0,237249.3312,121282.56,,,3.211
000881,中广核技,化工原料,辽宁,19980902,000881.SZ,20020910,7.7,7.78,7.66,7.74,7.76,-0.02,-0.26,2938.0,2267.9444,0.186,0.186,0.31,48.1526,61.5397,3.4839,2.2043,2.371,0.3949,1.2637,30891.84,15792.0,15792.0,239102.8416,122230.08,,,3.211
000881,中广核技,化工原料,辽宁,19980902,000881.SZ,20020909,7.61,7.77,7.54,7.76,7.7,0.06,0.78,8117.29,6194.3575,0.514,0.514,0.84,48.277,61.6987,3.4929,2.21,2.3771,0.3939,1.2604,30891.84,15792.0,15792.0,239720.6784,122545.92,,,3.211
000881,中广核技,化工原料,辽宁,19980902,000881.SZ,20020906,7.73,7.8,7.68,7.7,7.73,-0.03,-0.39,8057.42,6226.7541,0.5102,0.5102,0.78,47.9037,61.2217,3.4659,2.1929,2.3587,0.397,1.2702,30891.84,15792.0,15792.0,237867.168,121598.4,,,3.211
000881,中广核技,化工原料,辽宁,19980902,000881.SZ,20020905,7.84,7.9,7.68,7.73,7.86,-0.13,-1.65,10675.5,8315.4267,0.676,0.676,0.82,48.0904,61.4602,3.4794,2.2015,2.3679,0.3954,1.2653,30891.84,15792.0,15792.0,238793.9232,122072.16,,,3.211
000881,中广核技,化工原料,辽宁,19980902,000881.SZ,20020904,7.99,7.99,7.82,7.86,8.01,-0.15,-1.87,10048.02,7915.3557,0.6363,0.6363,0.64,48.8991,62.4938,3.5379,2.2385,2.4077,0.3889,1.2444,30891.84,15792.0,15792.0,242809.8624,124125.12,,,3.211
000881,中广核技,化工原料,辽宁,19980902,000881.SZ,20020903,8.05,8.1,7.95,8.01,8.05,-0.04,-0.5,10194.39,8178.9313,0.6455,0.6455,0.43,49.8323,63.6865,3.6054,2.2812,2.4537,0.3816,1.2211,30891.84,15792.0,15792.0,247443.6384,126493.92,,,3.211
000881,中广核技,化工原料,辽宁,19980902,000881.SZ,20020902,7.86,8.06,7.84,8.05,7.9,0.15,1.9,9349.61,7444.7611,0.592,0.592,0.2,50.0812,64.0045,3.6234,2.2926,2.4659,0.3797,1.215,30891.84,15792.0,15792.0,248679.312,127125.6,,,3.211
000881,中广核技,化工原料,辽宁,19980902,000881.SZ,20020830,7.85,8.0,7.8,7.9,7.85,0.05,0.64,11129.25,8818.3483,0.7047,0.7047,0.23,49.148,62.8119,3.5559,2.2499,2.42,0.3869,1.2381,30891.84,15792.0,15792.0,244045.536,124756.8,,,3.211
000881,中广核技,化工原料,辽宁,19980902,000881.SZ,20020829,8.06,8.09,7.83,7.85,8.05,-0.2,-2.48,24469.65,19378.3348,1.5495,1.5495,0.53,48.8369,62.4143,3.5334,2.2357,2.4047,0.3894,1.246,30891.84,15792.0,15792.0,242500.944,123967.2,,,3.211
000881,中广核技,化工原料,辽宁,19980902,000881.SZ,20020828,8.18,8.23,8.03,8.05,8.18,-0.13,-1.59,23948.44,19390.8308,1.5165,1.5165,0.57,50.0812,64.0045,3.6234,2.2926,2.4659,0.3797,1.215,30891.84,15792.0,15792.0,248679.312,127125.6,,,3.211
000881,中广核技,化工原料,辽宁,19980902,000881.SZ,20020827,8.16,8.26,8.09,8.18,8.23,-0.05,-0.61,50323.56,41155.9448,3.1866,3.1866,1.52,50.8899,65.0381,3.6819,2.3296,2.5057,0.3737,1.1957,30891.84,15792.0,15792.0,252695.2512,129178.56,,,3.211
000881,中广核技,化工原料,辽宁,19980902,000881.SZ,20020826,7.77,8.4,7.75,8.23,7.74,0.49,6.33,129142.48,104981.1889,8.1777,8.1777,16.73,51.201,65.4357,3.7044,2.3439,2.5211,0.3714,1.1884,30891.84,15792.0,15792.0,254239.8432,129968.16,,,3.211
000881,中广核技,化工原料,辽宁,19980902,000881.SZ,20020823,7.73,7.76,7.64,7.74,7.69,0.05,0.65,17185.8,13265.7333,1.0883,1.0883,3.43,48.1526,61.5397,3.4839,2.2043,2.371,0.3949,1.2637,30891.84,15792.0,15792.0,239102.8416,122230.08,,,3.211
000881,中广核技,化工原料,辽宁,19980902,000881.SZ,20020822,7.5,7.74,7.43,7.69,7.5,0.19,2.53,10046.91,7621.2941,0.6362,0.6362,2.85,47.8415,61.1422,3.4614,2.1901,2.3556,0.3975,1.2719,30891.84,15792.0,15792.0,237558.2496,121440.48,,,3.211
000881,中广核技,化工原料,辽宁,19980902,000881.SZ,20020821,7.5,7.5,7.38,7.5,7.46,0.04,0.54,4579.36,3406.6459,0.29,0.29,1.4,46.6595,59.6315,3.3759,2.136,2.2974,0.4075,1.3041,30891.84,15792.0,15792.0,231688.8,118440.0,,,3.211
000881,中广核技,化工原料,辽宁,19980902,000881.SZ,20020820,7.36,7.52,7.35,7.46,7.36,0.1,1.36,4334.8,3227.8854,0.2745,0.2745,1.45,46.4106,59.3135,3.3579,2.1246,2.2852,0.4097,1.3111,30891.84,15792.0,15792.0,230453.1264,117808.32,,,3.211
000881,中广核技,化工原料,辽宁,19980902,000881.SZ,20020819,7.4,7.4,7.35,7.36,7.4,-0.04,-0.54,2438.45,1798.3162,0.1544,0.1544,0.66,45.7885,58.5184,3.3128,2.0961,2.2546,0.4153,1.3289,30891.84,15792.0,15792.0,227363.9424,116229.12,,,3.211
000881,中广核技,化工原料,辽宁,19980902,000881.SZ,20020816,7.3,7.43,7.25,7.4,7.3,0.1,1.37,3660.67,2684.9251,0.2318,0.2318,0.96,46.0373,58.8364,3.3308,2.1075,2.2668,0.413,1.3217,30891.84,15792.0,15792.0,228599.616,116860.8,,,3.211
000881,中广核技,化工原料,辽宁,19980902,000881.SZ,20020815,7.42,7.42,7.3,7.3,7.44,-0.14,-1.88,2608.0,1912.218,0.1651,0.1651,0.59,45.4152,58.0413,3.2858,2.079,2.2362,0.4187,1.3398,30891.84,15792.0,15792.0,225510.432,115281.6,,,3.211
000881,中广核技,化工原料,辽宁,19980902,000881.SZ,20020814,7.31,7.5,7.31,7.44,7.3,0.14,1.92,3278.01,2422.2575,0.2076,0.2076,0.7,46.2862,46.2862,3.3898,2.1189,2.1189,0.4108,1.3146,30891.84,15792.0,15792.0,229835.2896,117492.48,,,3.211
000881,中广核技,化工原料,辽宁,19980902,000881.SZ,20020813,7.28,7.37,7.25,7.3,7.29,0.01,0.14,2925.14,2139.1325,0.1852,0.1852,0.53,45.4152,45.4152,3.326,2.079,2.079,0.4187,1.3398,30891.84,15792.0,15792.0,225510.432,115281.6,,,3.211
000881,中广核技,化工原料,辽宁,19980902,000881.SZ,20020812,7.44,7.45,7.28,7.29,7.44,-0.15,-2.02,6072.0,4461.349,0.3845,0.3845,1.3,45.353,45.353,3.3215,2.0762,2.0762,0.4193,1.3417,30891.84,15792.0,15792.0,225201.5136,115123.68,,,3.211
000881,中广核技,化工原料,辽宁,19980902,000881.SZ,20020809,7.48,7.51,7.42,7.44,7.49,-0.05,-0.67,4255.66,3172.4591,0.2695,0.2695,0.98,46.2862,46.2862,3.3898,2.1189,2.1189,0.4108,1.3146,30891.84,15792.0,15792.0,229835.2896,117492.48,,,3.211
000881,中广核技,化工原料,辽宁,19980902,000881.SZ,20020808,7.55,7.65,7.45,7.49,7.57,-0.08,-1.06,5422.0,4088.2956,0.3433,0.3433,1.3,46.5973,46.5973,3.4126,2.1331,2.1331,0.4081,1.3059,30891.84,15792.0,15792.0,231379.8816,118282.08,,,3.211
000881,中广核技,化工原料,辽宁,19980902,000881.SZ,20020807,7.65,7.65,7.54,7.57,7.63,-0.06,-0.79,4791.96,3637.7081,0.3034,0.3034,1.18,47.095,47.095,3.4491,2.1559,2.1559,0.4038,1.2921,30891.84,15792.0,15792.0,233851.2288,119545.44,,,3.211
000881,中广核技,化工原料,辽宁,19980902,000881.SZ,20020806,7.52,7.7,7.45,7.63,7.52,0.11,1.46,6964.99,5277.5856,0.441,0.441,1.54,47.4682,47.4682,3.4764,2.173,2.173,0.4006,1.2819,30891.84,15792.0,15792.0,235704.7392,120492.96,,,3.211
000881,中广核技,化工原料,辽宁,19980902,000881.SZ,20020805,7.57,7.57,7.48,7.52,7.57,-0.05,-0.66,1990.63,1495.9152,0.1261,0.1261,0.31,46.7839,46.7839,3.4263,2.1417,2.1417,0.4065,1.3006,30891.84,15792.0,15792.0,232306.6368,118755.84,,,3.211
000881,中广核技,化工原料,辽宁,19980902,000881.SZ,20020802,7.49,7.58,7.47,7.57,7.48,0.09,1.2,2632.89,1986.237,0.1667,0.1667,0.28,47.095,47.095,3.4491,2.1559,2.1559,0.4038,1.2921,30891.84,15792.0,15792.0,233851.2288,119545.44,,,3.211
000881,中广核技,化工原料,辽宁,19980902,000881.SZ,20020801,7.47,7.51,7.4,7.48,7.47,0.01,0.13,4518.2,3366.0215,0.2861,0.2861,0.46,46.5351,46.5351,3.408,2.1303,2.1303,0.4086,1.3076,30891.84,15792.0,15792.0,231070.9632,118124.16,,,3.211
000881,中广核技,化工原料,辽宁,19980902,000881.SZ,20020731,7.59,7.63,7.45,7.47,7.59,-0.12,-1.58,4176.84,3142.6406,0.2645,0.2645,0.43,46.4728,46.4728,3.4035,2.1274,2.1274,0.4092,1.3094,30891.84,15792.0,15792.0,230762.0448,117966.24,,,3.211
000881,中广核技,化工原料,辽宁,19980902,000881.SZ,20020730,7.6,7.62,7.45,7.59,7.58,0.01,0.13,9309.2,7011.3,0.5895,0.5895,1.03,47.2194,47.2194,3.4582,2.1616,2.1616,0.4027,1.2886,30891.84,15792.0,15792.0,234469.0656,119861.28,,,3.211
000881,中广核技,化工原料,辽宁,19980902,000881.SZ,20020729,7.58,7.6,7.4,7.58,7.51,0.07,0.93,11027.01,8265.8833,0.6983,0.6983,1.37,47.1572,47.1572,3.4536,2.1588,2.1588,0.4032,1.2903,30891.84,15792.0,15792.0,234160.1472,119703.36,,,3.211
000881,中广核技,化工原料,辽宁,19980902,000881.SZ,20020726,7.65,7.74,7.49,7.51,7.66,-0.15,-1.96,17877.1,13567.0033,1.132,1.132,3.32,46.7217,46.7217,3.4217,2.1388,2.1388,0.407,1.3024,30891.84,15792.0,15792.0,231997.7184,118597.92,,,3.211
000881,中广核技,化工原料,辽宁,19980902,000881.SZ,20020725,7.81,7.89,7.65,7.66,7.82,-0.16,-2.05,7075.93,5457.8006,0.4481,0.4481,1.3,47.6549,47.6549,3.4901,2.1815,2.1815,0.399,1.2769,30891.84,15792.0,15792.0,236631.4944,120966.72,,,3.211
000881,中广核技,化工原料,辽宁,19980902,000881.SZ,20020724,7.9,7.9,7.78,7.82,7.78,0.04,0.51,3308.38,2584.896,0.2095,0.2095,0.5,48.6503,48.6503,3.563,2.2271,2.2271,0.3909,1.2507,30891.84,15792.0,15792.0,241574.1888,123493.44,,,3.211
000881,中广核技,化工原料,辽宁,19980902,000881.SZ,20020723,7.83,7.9,7.81,7.83,7.85,-0.02,-0.25,5744.22,4508.2389,0.3637,0.3637,0.86,48.7125,48.7125,3.5675,2.23,2.23,0.3904,,30891.84,15792.0,15792.0,241883.1072,123651.36,,,3.211
000881,中广核技,化工原料,辽宁,19980902,000881.SZ,20020722,8.0,8.03,7.85,7.85,8.01,-0.16,-2.0,6374.02,5033.0621,0.4036,0.4036,0.89,48.8369,48.8369,3.5766,2.2357,2.2357,0.3894,,30891.84,15792.0,15792.0,242500.944,123967.2,,,3.211
000881,中广核技,化工原料,辽宁,19980902,000881.SZ,20020719,8.0,8.06,7.96,8.01,8.0,0.01,0.13,4443.5,3558.7372,0.2814,0.2814,0.55,49.8323,49.8323,3.6495,2.2812,2.2812,0.3816,,30891.84,15792.0,15792.0,247443.6384,126493.92,,,3.211
000881,中广核技,化工原料,辽宁,19980902,000881.SZ,20020718,7.97,8.05,7.88,8.0,7.98,0.02,0.25,7378.12,5901.1047,0.4672,0.4672,0.81,49.7701,49.7701,3.645,2.2784,2.2784,0.3821,,30891.84,15792.0,15792.0,247134.72,126336.0,,,3.211
000881,中广核技,化工原料,辽宁,19980902,000881.SZ,20020717,7.9,7.98,7.78,7.98,7.92,0.06,0.76,8858.09,6947.3131,0.5609,0.5609,0.79,49.6457,49.6457,3.6359,2.2727,2.2727,0.383,,30891.84,15792.0,15792.0,246516.8832,126020.16,,,3.211
000881,中广核技,化工原料,辽宁,19980902,000881.SZ,20020716,7.89,8.05,7.88,7.92,7.89,0.03,0.38,6485.7,5142.978,0.4107,0.4107,0.44,49.2724,49.2724,3.6085,2.2556,2.2556,0.3859,,30891.84,15792.0,15792.0,244663.3728,125072.64,,,3.211
000881,中广核技,化工原料,辽宁,19980902,000881.SZ,20020715,8.02,8.05,7.88,7.89,8.02,-0.13,-1.62,8578.44,6807.7749,0.5432,0.5432,0.36,49.0858,49.0858,3.5949,2.2471,2.2471,0.3874,,30891.84,15792.0,15792.0,243736.6176,124598.88,,,3.211
000881,中广核技,化工原料,辽宁,19980902,000881.SZ,20020712,8.11,8.17,7.98,8.02,8.05,-0.03,-0.37,8961.57,7231.9732,0.5675,0.5675,0.3,49.8945,49.8945,3.6541,2.2841,2.2841,0.3811,,30891.84,15792.0,15792.0,247752.5568,126651.84,,,3.211
000881,中广核技,化工原料,辽宁,19980902,000881.SZ,20020711,8.06,8.15,7.95,8.05,8.08,-0.03,-0.37,12901.37,10388.9953,0.817,0.817,0.4,50.0812,50.0812,3.6678,2.2926,2.2926,0.3797,,30891.84,15792.0,15792.0,248679.312,127125.6,,,3.211
000881,中广核技,化工原料,辽宁,19980902,000881.SZ,20020710,8.29,8.29,8.07,8.08,8.29,-0.21,-2.53,19387.6,15790.4614,1.2277,1.2277,0.65,50.2678,50.2678,3.6814,2.3012,2.3012,0.3783,,30891.84,15792.0,15792.0,249606.0672,127599.36,,,3.211
000881,中广核技,化工原料,辽宁,19980902,000881.SZ,20020709,8.43,8.46,8.27,8.29,8.43,-0.14,-1.66,23399.23,19470.6685,1.4817,1.4817,0.86,51.5743,51.5743,3.7771,2.361,2.361,0.3687,,30891.84,15792.0,15792.0,256093.3536,130915.68,,,3.211
000881,中广核技,化工原料,辽宁,19980902,000881.SZ,20020708,8.32,8.48,8.2,8.43,8.32,0.11,1.32,55273.1,46310.1186,3.5001,3.5001,2.97,52.4453,52.4453,3.8409,2.4008,2.4008,0.3626,,30891.84,15792.0,15792.0,260418.2112,133126.56,,,3.211
000881,中广核技,化工原料,辽宁,19980902,000881.SZ,20020705,8.0,8.37,7.95,8.32,8.02,0.3,3.74,37842.74,31174.2094,2.3963,2.3963,2.36,51.7609,51.7609,3.7908,2.3695,2.3695,0.3674,,30891.84,15792.0,15792.0,257020.1088,131389.44,,,3.211
000881,中广核技,化工原料,辽宁,19980902,000881.SZ,20020704,7.9,8.16,7.9,8.02,7.95,0.07,0.88,24560.37,19759.0582,1.5552,1.5552,1.55,49.8945,49.8945,3.6541,2.2841,2.2841,0.3811,,30891.84,15792.0,15792.0,247752.5568,126651.84,,,3.211
000881,中广核技,化工原料,辽宁,19980902,000881.SZ,20020703,7.98,8.0,7.87,7.95,7.97,-0.02,-0.25,8510.49,6756.2058,0.5389,0.5389,0.41,49.459,49.459,3.6222,2.2641,2.2641,0.3845,,30891.84,15792.0,15792.0,245590.128,125546.4,,,3.211
000881,中广核技,化工原料,辽宁,19980902,000881.SZ,20020702,7.79,7.98,7.71,7.97,7.82,0.15,1.92,10642.31,8325.7946,0.6739,0.6739,0.37,49.5835,49.5835,3.6313,2.2698,2.2698,0.3835,,30891.84,15792.0,15792.0,246207.9648,125862.24,,,3.211
000881,中广核技,化工原料,辽宁,19980902,000881.SZ,20020701,7.98,8.04,7.81,7.82,7.96,-0.14,-1.76,11463.77,9045.0392,0.7259,0.7259,0.27,48.6503,48.6503,3.563,2.2271,2.2271,0.3909,,30891.84,15792.0,15792.0,241574.1888,123493.44,,,3.211
000881,中广核技,化工原料,辽宁,19980902,000881.SZ,20020628,8.12,8.2,7.84,7.96,8.11,-0.15,-1.85,24908.59,19883.5369,1.5773,1.5773,0.55,49.5213,49.5213,3.6267,2.267,2.267,0.384,,30891.84,15792.0,15792.0,245899.0464,125704.32,,,3.211
000881,中广核技,化工原料,辽宁,19980902,000881.SZ,20020627,8.23,8.38,8.07,8.11,8.18,-0.07,-0.86,23732.87,19450.0131,1.5028,1.5028,0.55,50.4544,50.4544,3.6951,2.3097,2.3097,0.3769,,30891.84,15792.0,15792.0,250532.8224,128073.12,,,3.211
000881,中广核技,化工原料,辽宁,19980902,000881.SZ,20020626,8.0,8.2,7.88,8.18,8.0,0.18,2.25,32259.29,25979.3104,2.0428,2.0428,0.81,50.8899,50.8899,3.727,2.3296,2.3296,0.3737,,30891.84,15792.0,15792.0,252695.2512,129178.56,,,3.211
000881,中广核技,化工原料,辽宁,19980902,000881.SZ,20020625,8.21,8.34,7.97,8.0,8.21,-0.21,-2.56,51608.13,42111.9369,3.268,3.268,1.46,49.7701,49.7701,3.645,2.2784,2.2784,0.3821,,30891.84,15792.0,15792.0,247134.72,126336.0,,,3.211
000881,中广核技,化工原料,辽宁,19980902,000881.SZ,20020624,8.21,8.21,7.81,8.21,7.46,0.75,10.05,82270.95,66684.5893,5.2097,5.2097,3.07,51.0766,51.0766,3.7407,2.3382,2.3382,0.3723,,30891.84,15792.0,15792.0,253622.0064,129652.32,,,3.211
000881,中广核技,化工原料,辽宁,19980902,000881.SZ,20020621,7.15,7.58,7.15,7.46,7.14,0.32,4.48,36707.33,27228.4571,2.3244,2.3244,1.63,46.4106,46.4106,3.3989,2.1246,2.1246,0.4097,,30891.84,15792.0,15792.0,230453.1264,117808.32,,,3.211
000881,中广核技,化工原料,辽宁,19980902,000881.SZ,20020620,7.08,7.35,7.08,7.14,7.11,0.03,0.42,14232.44,10273.2609,0.9012,0.9012,0.68,44.4198,44.4198,3.2531,2.0335,2.0335,0.4281,,30891.84,15792.0,15792.0,220567.7376,112754.88,,,3.211
000881,中广核技,化工原料,辽宁,19980902,000881.SZ,20020619,7.29,7.29,7.11,7.11,7.32,-0.21,-2.87,13114.39,9419.092,0.8304,0.8304,0.69,44.2332,44.2332,3.2395,2.0249,2.0249,0.4299,,30891.84,15792.0,15792.0,219640.9824,112281.12,,,3.211
000881,中广核技,化工原料,辽宁,19980902,000881.SZ,20020618,7.2,7.39,7.15,7.32,7.23,0.09,1.24,29923.25,21821.3848,1.8948,1.8948,2.17,45.5396,45.5396,3.3351,2.0847,2.0847,0.4176,,30891.84,15792.0,15792.0,226128.2688,115597.44,,,3.211
000881,中广核技,化工原料,辽宁,19980902,000881.SZ,20020617,6.93,7.29,6.82,7.23,6.93,0.3,4.33,39879.35,28400.41,2.5253,2.5253,5.99,44.9797,44.9797,3.2941,2.0591,2.0591,0.4228,,30891.84,15792.0,15792.0,223348.0032,114176.16,,,3.211
000881,中广核技,化工原料,辽宁,19980902,000881.SZ,20020614,6.72,6.95,6.66,6.93,6.78,0.15,2.21,15629.82,10732.6468,0.9897,0.9897,2.97,43.1134,43.1134,3.1575,1.9736,1.9736,0.4411,,30891.84,15792.0,15792.0,214080.4512,109438.56,,,3.211
000881,中广核技,化工原料,辽宁,19980902,000881.SZ,20020613,6.69,6.85,6.68,6.78,6.71,0.07,1.04,6023.53,4089.39,0.3814,0.3814,1.06,42.1802,42.1802,3.0891,1.9309,1.9309,0.4508,,30891.84,15792.0,15792.0,209446.6752,107069.76,,,3.211
000881,中广核技,化工原料,辽宁,19980902,000881.SZ,20020612,6.8,6.85,6.68,6.71,6.82,-0.11,-1.61,3238.3,2178.2913,0.2051,0.2051,0.54,41.7447,41.7447,3.0572,1.911,1.911,0.4555,,30891.84,15792.0,15792.0,207284.2464,105964.32,,,3.211
000881,中广核技,化工原料,辽宁,19980902,000881.SZ,20020611,6.74,6.87,6.66,6.82,6.74,0.08,1.19,4218.58,2871.5093,0.2671,0.2671,0.69,42.429,42.429,3.1073,1.9423,1.9423,0.4482,,30891.84,15792.0,15792.0,210682.3488,107701.44,,,3.211
000881,中广核技,化工原料,辽宁,19980902,000881.SZ,20020610,6.8,6.8,6.66,6.74,6.79,-0.05,-0.74,4179.86,2807.2352,0.2647,0.2647,0.68,41.9313,41.9313,3.0709,1.9195,1.9195,0.4535,,30891.84,15792.0,15792.0,208211.0016,106438.08,,,3.211
000881,中广核技,化工原料,辽宁,19980902,000881.SZ,20020607,6.7,6.9,6.61,6.79,6.68,0.11,1.65,8618.17,5843.8967,0.5457,0.5457,1.7,42.2424,42.2424,3.0937,1.9338,1.9338,0.4501,,30891.84,15792.0,15792.0,209755.5936,107227.68,,,3.211
000881,中广核技,化工原料,辽宁,19980902,000881.SZ,20020606,6.3,6.78,6.24,6.68,6.3,0.38,6.03,8067.68,5270.0353,0.5109,0.5109,1.67,41.558,41.558,3.0436,1.9024,1.9024,0.4576,,30891.84,15792.0,15792.0,206357.4912,105490.56,,,3.211
000881,中广核技,化工原料,辽宁,19980902,000881.SZ,20020605,6.49,6.49,6.3,6.3,6.5,-0.2,-3.08,5016.6,3204.3394,0.3177,0.3177,0.99,39.194,39.194,2.8704,1.7942,1.7942,0.4852,,30891.84,15792.0,15792.0,194618.592,99489.6,,,3.211
000881,中广核技,化工原料,辽宁,19980902,000881.SZ,20020604,6.5,6.58,6.42,6.5,6.49,0.01,0.15,4602.4,2993.118,0.2914,0.2914,0.96,40.4382,40.4382,2.9615,1.8512,1.8512,0.4702,,30891.84,15792.0,15792.0,200796.96,102648.0,,,3.211
000881,中广核技,化工原料,辽宁,19980902,000881.SZ,20020603,6.7,6.7,6.47,6.49,6.68,-0.19,-2.84,4305.87,2813.117,0.2727,0.2727,0.86,40.376,40.376,2.957,1.8483,1.8483,0.471,,30891.84,15792.0,15792.0,200488.0416,102490.08,,,3.211
000881,中广核技,化工原料,辽宁,19980902,000881.SZ,20020531,6.72,6.8,6.66,6.68,6.7,-0.02,-0.3,3335.23,2240.3223,0.2112,0.2112,0.64,41.558,41.558,3.0436,1.9024,1.9024,0.4576,,30891.84,15792.0,15792.0,206357.4912,105490.56,,,3.211
000881,中广核技,化工原料,辽宁,19980902,000881.SZ,20020530,6.71,6.8,6.6,6.7,6.7,0.0,0.0,6896.13,4595.3619,0.4367,0.4367,1.38,41.6825,41.6825,3.0527,1.9081,1.9081,0.4562,,30891.84,15792.0,15792.0,206975.328,105806.4,,,3.211
000881,中广核技,化工原料,辽宁,19980902,000881.SZ,20020529,7.0,7.0,6.7,6.7,6.93,-0.23,-3.32,6092.0,4132.9977,0.3858,0.3858,1.02,41.6825,41.6825,3.0527,1.9081,1.9081,0.4562,,30891.84,15792.0,15792.0,206975.328,105806.4,,,3.211
000881,中广核技,化工原料,辽宁,19980902,000881.SZ,20020527,6.98,7.05,6.83,6.93,6.89,0.04,0.58,3312.1,2280.1243,0.2097,0.2097,0.52,43.1134,43.1134,3.1575,1.9736,1.9736,0.4411,,30891.84,15792.0,15792.0,214080.4512,109438.56,,,3.211
000881,中广核技,化工原料,辽宁,19980902,000881.SZ,20020524,7.05,7.08,6.85,6.89,7.05,-0.16,-2.27,5266.54,3633.6566,0.3335,0.3335,0.71,42.8645,42.8645,3.1392,1.9623,1.9623,0.4436,,30891.84,15792.0,15792.0,212844.7776,108806.88,,,3.211
000881,中广核技,化工原料,辽宁,19980902,000881.SZ,20020523,7.0,7.15,7.0,7.05,6.98,0.07,1.0,4553.5,3223.5555,0.2883,0.2883,0.51,43.8599,43.8599,3.2121,2.0078,2.0078,0.4335,,30891.84,15792.0,15792.0,217787.472,111333.6,,,3.211
000881,中广核技,化工原料,辽宁,19980902,000881.SZ,20020522,7.15,7.18,6.98,6.98,7.15,-0.17,-2.38,5827.19,4113.1492,0.369,0.369,0.69,43.4244,43.4244,3.1802,1.9879,1.9879,0.4379,,30891.84,15792.0,15792.0,215625.0432,110228.16,,,3.211
000881,中广核技,化工原料,辽宁,19980902,000881.SZ,20020521,7.0,7.3,7.0,7.15,6.76,0.39,5.77,10887.16,7780.9068,0.6894,0.6894,1.54,44.482,44.482,3.2577,2.0363,2.0363,0.4275,,30891.84,15792.0,15792.0,220876.656,112912.8,,,3.211
000881,中广核技,化工原料,辽宁,19980902,000881.SZ,20020520,6.97,7.02,6.72,6.76,6.96,-0.2,-2.87,5185.0,3532.8516,0.3283,0.3283,0.75,42.0557,42.0557,3.08,1.9252,1.9252,0.4521,,30891.84,15792.0,15792.0,208828.8384,106753.92,,,3.211
000881,中广核技,化工原料,辽宁,19980902,000881.SZ,20020517,6.96,7.15,6.86,6.96,6.96,0.0,0.0,10389.25,7213.3258,0.6579,0.6579,1.82,43.3,43.3,3.1711,1.9822,1.9822,0.4392,,30891.84,15792.0,15792.0,215007.2064,109912.32,,,3.211
000881,中广核技,化工原料,辽宁,19980902,000881.SZ,20020516,7.35,7.35,6.93,6.96,7.37,-0.41,-5.56,12181.0,8640.7678,0.7713,0.7713,2.89,43.3,43.3,3.1711,1.9822,1.9822,0.4392,,30891.84,15792.0,15792.0,215007.2064,109912.32,,,3.211
000881,中广核技,化工原料,辽宁,19980902,000881.SZ,20020515,7.42,7.48,7.35,7.37,7.42,-0.05,-0.67,3853.07,2850.238,0.244,0.244,0.89,45.8507,45.8507,3.3579,2.099,2.099,0.4147,,30891.84,15792.0,15792.0,227672.8608,116387.04,,,3.211
000881,中广核技,化工原料,辽宁,19980902,000881.SZ,20020514,7.43,7.55,7.4,7.42,7.42,0.0,0.0,3734.03,2779.5967,0.2365,0.2365,0.72,46.1618,46.1618,3.3807,2.1132,2.1132,0.4119,0.4119,30891.84,15792.0,15792.0,229217.4528,117176.64,,,3.211
000881,中广核技,化工原料,辽宁,19980902,000881.SZ,20020513,7.49,7.49,7.36,7.42,7.54,-0.12,-1.59,4403.9,3280.144,0.2789,0.2789,0.72,46.1618,46.1618,3.3807,2.1132,2.1132,0.4119,0.4119,30891.84,15792.0,15792.0,229217.4528,117176.64,,,3.211
000881,中广核技,化工原料,辽宁,19980902,000881.SZ,20020510,7.64,7.72,7.5,7.54,7.63,-0.09,-1.18,4366.03,3308.6843,0.2765,0.2765,0.67,46.9083,46.9083,3.4354,2.1474,2.1474,0.4054,0.4054,30891.84,15792.0,15792.0,232924.4736,119071.68,,,3.211
000881,中广核技,化工原料,辽宁,19980902,000881.SZ,20020509,7.61,7.7,7.57,7.63,7.64,-0.01,-0.13,4701.02,3585.4237,0.2977,0.2977,0.76,47.4682,47.4682,3.4764,2.173,2.173,0.4006,0.4006,30891.84,15792.0,15792.0,235704.7392,120492.96,,,3.211
000881,中广核技,化工原料,辽宁,19980902,000881.SZ,20020508,7.81,7.83,7.63,7.64,7.74,-0.1,-1.29,4478.51,3439.1972,0.2836,0.2836,0.76,47.5305,47.5305,3.4809,2.1759,2.1759,0.4001,0.4001,30891.84,15792.0,15792.0,236013.6576,120650.88,,,3.211
000881,中广核技,化工原料,辽宁,19980902,000881.SZ,20020430,7.75,7.88,7.69,7.74,7.76,-0.02,-0.26,8014.13,6227.1852,0.5075,0.5075,1.66,48.1526,48.1526,3.5265,2.2043,2.2043,0.3949,0.3949,30891.84,15792.0,15792.0,239102.8416,122230.08,,,3.211
000881,中广核技,化工原料,辽宁,19980902,000881.SZ,20020429,7.58,7.84,7.55,7.76,7.58,0.18,2.37,9214.27,7096.674,0.5835,0.5835,2.31,48.277,48.277,3.5356,2.21,2.21,0.3939,0.3939,30891.84,15792.0,15792.0,239720.6784,122545.92,,,3.211
000881,中广核技,化工原料,辽宁,19980902,000881.SZ,20020426,7.4,7.59,7.4,7.58,7.37,0.21,2.85,6143.25,4625.5851,0.389,0.389,1.2,47.1572,47.1572,3.4536,2.1588,2.1588,0.4032,0.4032,30891.84,15792.0,15792.0,234160.1472,119703.36,,,3.211
000881,中广核技,化工原料,辽宁,19980902,000881.SZ,20020425,7.35,7.4,7.31,7.37,7.38,-0.01,-0.14,3134.93,2309.5365,0.1985,0.1985,0.53,45.8507,45.8507,3.3579,2.099,2.099,0.4147,0.4147,30891.84,15792.0,15792.0,227672.8608,116387.04,,,3.211
000881,中广核技,化工原料,辽宁,19980902,000881.SZ,20020424,7.44,7.5,7.37,7.38,7.44,-0.06,-0.81,2949.36,2184.1181,0.1868,0.1868,0.46,45.9129,45.9129,3.3792,2.1018,2.1018,0.4142,0.4142,30891.84,15792.0,15792.0,227981.7792,116544.96,,,3.211
000881,中广核技,化工原料,辽宁,19980902,000881.SZ,20020423,7.42,7.54,7.4,7.44,7.44,0.0,0.0,2747.6,2050.2032,0.174,0.174,0.4,46.2862,46.2862,3.4066,2.1189,2.1189,0.4108,0.4108,30891.84,15792.0,15792.0,229835.2896,117492.48,,,3.211
000881,中广核技,化工原料,辽宁,19980902,000881.SZ,20020422,7.55,7.57,7.42,7.44,7.54,-0.1,-1.33,5007.54,3752.0776,0.3171,0.3171,0.71,46.2862,46.2862,3.4066,2.1189,2.1189,0.4108,0.4108,30891.84,15792.0,15792.0,229835.2896,117492.48,,,3.211
000881,中广核技,化工原料,辽宁,19980902,000881.SZ,20020419,7.5,7.55,7.3,7.54,7.61,-0.07,-0.92,11754.32,8724.7792,0.7443,0.7443,1.86,46.9083,46.9083,3.4524,2.1474,2.1474,0.4054,0.4054,30891.84,15792.0,15792.0,232924.4736,119071.68,,,3.211
000881,中广核技,化工原料,辽宁,19980902,000881.SZ,20020418,7.71,7.78,7.59,7.61,7.76,-0.15,-1.93,7308.32,5581.1447,0.4628,0.4628,1.05,47.3438,47.3438,3.4845,2.1673,2.1673,0.4016,0.4016,30891.84,15792.0,15792.0,235086.9024,120177.12,,,3.211
000881,中广核技,化工原料,辽宁,19980902,000881.SZ,20020417,7.75,7.8,7.6,7.76,7.75,0.01,0.13,5031.41,3870.9114,0.3186,0.3186,0.54,48.277,48.277,3.5531,2.21,2.21,0.3939,0.3939,30891.84,15792.0,15792.0,239720.6784,122545.92,,,3.211
000881,中广核技,化工原料,辽宁,19980902,000881.SZ,20020416,7.85,7.85,7.69,7.75,7.85,-0.1,-1.27,5604.56,4341.571,0.3549,0.3549,0.52,48.2148,48.2148,3.5486,2.2072,2.2072,0.3944,0.3944,30891.84,15792.0,15792.0,239411.76,122388.0,,,3.211
000881,中广核技,化工原料,辽宁,19980902,000881.SZ,20020415,7.86,7.89,7.74,7.85,7.88,-0.03,-0.38,5610.44,4380.1267,0.3553,0.3553,0.5,48.8369,48.8369,3.5944,2.2357,2.2357,0.3894,0.3894,30891.84,15792.0,15792.0,242500.944,123967.2,,,3.211
000881,中广核技,化工原料,辽宁,19980902,000881.SZ,20020412,7.73,7.97,7.7,7.88,7.73,0.15,1.94,8015.23,6275.5343,0.5076,0.5076,0.56,49.0236,49.0236,3.6081,2.2442,2.2442,0.3879,0.3879,30891.84,15792.0,15792.0,243427.6992,124440.96,,,3.211
000881,中广核技,化工原料,辽宁,19980902,000881.SZ,20020411,8.02,8.03,7.72,7.73,8.01,-0.28,-3.5,10637.44,8351.3664,0.6736,0.6736,0.75,48.0904,48.0904,3.5394,2.2015,2.2015,0.3954,0.3954,30891.84,15792.0,15792.0,238793.9232,122072.16,,,3.211
000881,中广核技,化工原料,辽宁,19980902,000881.SZ,20020410,7.92,8.08,7.85,8.01,7.92,0.09,1.14,17133.86,13678.8358,1.085,1.085,1.43,49.8323,49.8323,3.6676,2.2812,2.2812,0.3816,0.3816,30891.84,15792.0,15792.0,247443.6384,126493.92,,,3.211
000881,中广核技,化工原料,辽宁,19980902,000881.SZ,20020409,7.75,7.96,7.73,7.92,7.74,0.18,2.33,12542.26,9864.1206,0.7942,0.7942,1.07,49.2724,49.2724,3.6264,2.2556,2.2556,0.3859,0.3859,30891.84,15792.0,15792.0,244663.3728,125072.64,,,3.211
000881,中广核技,化工原料,辽宁,19980902,000881.SZ,20020408,7.8,7.85,7.67,7.74,7.81,-0.07,-0.9,7826.77,6051.2726,0.4956,0.4956,0.66,48.1526,48.1526,3.544,2.2043,2.2043,0.3949,0.3949,30891.84,15792.0,15792.0,239102.8416,122230.08,,,3.211
000881,中广核技,化工原料,辽宁,19980902,000881.SZ,20020405,7.76,7.98,7.6,7.81,7.56,0.25,3.31,22859.94,17933.9197,1.4476,1.4476,2.15,48.5881,48.5881,3.576,2.2243,2.2243,0.3914,0.3914,30891.84,15792.0,15792.0,241265.2704,123335.52,,,3.211
000881,中广核技,化工原料,辽宁,19980902,000881.SZ,20020404,7.3,7.58,7.26,7.56,7.29,0.27,3.7,10838.78,8084.0013,0.6863,0.6863,1.06,40.0134,37.3455,3.5124,3.0122,2.3564,0.4043,0.4043,30891.84,15792.0,15792.0,233542.3104,119387.52,,,3.211
000881,中广核技,化工原料,辽宁,19980902,000881.SZ,20020403,7.25,7.38,7.24,7.29,7.25,0.04,0.55,5781.54,4224.8103,0.3661,0.3661,0.51,38.5843,36.0117,3.3869,2.9046,2.2723,0.4193,0.4193,30891.84,15792.0,15792.0,225201.5136,115123.68,,,3.211
000881,中广核技,化工原料,辽宁,19980902,000881.SZ,20020402,7.5,7.56,7.2,7.25,7.5,-0.25,-3.33,11492.52,8451.8121,0.7277,0.7277,1.05,38.3726,35.8141,3.3683,2.8886,2.2598,0.4216,0.4216,30891.84,15792.0,15792.0,223965.84,114492.0,,,3.211
000881,中广核技,化工原料,辽宁,19980902,000881.SZ,20020401,7.38,7.5,7.31,7.5,7.41,0.09,1.21,8731.65,6474.0666,0.5529,0.5529,0.72,39.6958,37.0491,3.4845,2.9882,2.3377,0.4075,0.4075,30891.84,15792.0,15792.0,231688.8,118440.0,,,3.211
000881,中广核技,化工原料,辽宁,19980902,000881.SZ,20020329,7.8,7.82,7.38,7.41,7.82,-0.41,-5.24,16399.78,12407.3691,1.0385,1.0385,1.34,39.2195,36.6045,3.4427,2.9524,2.3097,0.4125,0.4125,30891.84,15792.0,15792.0,228908.5344,117018.72,,,3.211
000881,中广核技,化工原料,辽宁,19980902,000881.SZ,20020328,7.86,7.88,7.72,7.82,7.84,-0.02,-0.26,8690.15,6790.0463,0.5503,0.5503,0.58,41.3895,38.6298,3.6332,3.1157,2.4375,0.3909,0.3909,30891.84,15792.0,15792.0,241574.1888,123493.44,,,3.211
000881,中广核技,化工原料,辽宁,19980902,000881.SZ,20020327,7.7,7.85,7.56,7.84,7.74,0.1,1.29,10841.23,8370.1449,0.6865,0.6865,0.62,41.4954,38.7286,3.6425,3.1237,2.4437,0.3899,0.3899,30891.84,15792.0,15792.0,242192.0256,123809.28,,,3.211
000881,中广核技,化工原料,辽宁,19980902,000881.SZ,20020326,7.88,7.88,7.7,7.74,7.81,-0.07,-0.9,10070.02,7819.2422,0.6377,0.6377,0.54,40.9661,38.2346,3.596,3.0839,2.4125,0.3949,0.3949,30891.84,15792.0,15792.0,239102.8416,122230.08,,,3.211
000881,中广核技,化工原料,辽宁,19980902,000881.SZ,20020325,7.88,7.89,7.75,7.81,7.88,-0.07,-0.89,14742.4,11493.2775,0.9335,0.9335,0.75,41.3366,38.5804,3.6285,3.1118,2.4343,0.3914,0.3914,30891.84,15792.0,15792.0,241265.2704,123335.52,,,3.211
000881,中广核技,化工原料,辽宁,19980902,000881.SZ,20020322,8.03,8.06,7.8,7.88,8.01,-0.13,-1.62,16703.92,13154.3071,1.0577,1.0577,0.69,41.7071,38.9262,3.661,3.1397,2.4562,0.3879,0.3879,30891.84,15792.0,15792.0,243427.6992,124440.96,,,3.211
000881,中广核技,化工原料,辽宁,19980902,000881.SZ,20020321,8.11,8.25,7.97,8.01,8.11,-0.1,-1.23,22793.5,18421.627,1.4434,1.4434,0.83,42.3951,39.5684,3.7214,3.1914,2.4967,0.3816,0.3816,30891.84,15792.0,15792.0,247443.6384,126493.92,,,3.211
000881,中广核技,化工原料,辽宁,19980902,000881.SZ,20020320,8.04,8.25,8.01,8.11,8.0,0.11,1.38,23774.62,19269.1866,1.5055,1.5055,0.69,42.9244,40.0624,3.7679,3.2313,2.5279,0.3769,0.3769,30891.84,15792.0,15792.0,250532.8224,128073.12,,,3.211
000881,中广核技,化工原料,辽宁,19980902,000881.SZ,20020319,7.9,8.0,7.73,8.0,7.78,0.22,2.83,14741.94,11659.8392,0.9335,0.9335,0.28,42.3422,39.519,3.7168,3.1875,2.4936,0.3821,0.3821,30891.84,15792.0,15792.0,247134.72,126336.0,,,3.211
000881,中广核技,化工原料,辽宁,19980902,000881.SZ,20020318,7.9,8.11,7.71,7.78,7.82,-0.04,-0.51,19784.46,15587.1238,1.2528,1.2528,0.33,41.1778,38.4322,3.6146,3.0998,2.425,0.3929,0.3929,30891.84,15792.0,15792.0,240338.5152,122861.76,,,3.211
000881,中广核技,化工原料,辽宁,19980902,000881.SZ,20020315,8.36,8.44,7.8,7.82,8.2,-0.38,-4.63,40584.99,33176.0513,2.57,2.57,0.65,41.3895,38.6298,3.6332,3.1157,2.4375,0.3909,0.3909,30891.84,15792.0,15792.0,241574.1888,123493.44,,,3.211
000881,中广核技,化工原料,辽宁,19980902,000881.SZ,20020314,7.78,8.22,7.65,8.2,7.82,0.38,4.86,38427.28,30316.4657,2.4333,2.4333,0.63,43.4007,40.507,3.8097,3.2671,2.5559,0.3727,0.3727,30891.84,15792.0,15792.0,253313.088,129494.4,,,3.211
000881,中广核技,化工原料,辽宁,19980902,000881.SZ,20020313,8.29,8.47,7.81,7.82,8.35,-0.53,-6.35,57686.51,46813.2421,3.6529,3.6529,1.06,41.3895,38.6298,3.6332,3.1157,2.4375,0.3909,0.3909,30891.84,15792.0,15792.0,241574.1888,123493.44,,,3.211
000881,中广核技,化工原料,辽宁,19980902,000881.SZ,20020312,8.1,8.84,7.97,8.35,8.1,0.25,3.09,108994.51,92790.7241,6.9019,6.9019,3.03,44.1947,41.248,3.8794,3.3269,2.6027,0.366,0.366,30891.84,15792.0,15792.0,257946.864,131863.2,,,3.211
000881,中广核技,化工原料,辽宁,19980902,000881.SZ,20020311,7.68,8.11,7.5,8.1,7.54,0.56,7.43,51845.83,40469.3892,3.283,3.283,1.9,42.8715,40.013,3.7633,3.2273,2.5247,0.3773,0.3773,30891.84,15792.0,15792.0,250223.904,127915.2,,,3.211
000881,中广核技,化工原料,辽宁,19980902,000881.SZ,20020308,7.19,7.66,7.18,7.54,7.14,0.4,5.6,54184.51,40280.8748,3.4311,3.4311,2.87,39.9075,37.2467,3.5031,3.0042,2.3502,0.4054,0.4054,30891.84,15792.0,15792.0,232924.4736,119071.68,,,3.211
000881,中广核技,化工原料,辽宁,19980902,000881.SZ,20020307,6.83,7.2,6.82,7.14,6.83,0.31,4.54,30933.24,21814.6281,1.9588,1.9588,1.96,37.7904,35.2707,3.3172,2.8448,2.2255,0.4281,0.4281,30891.84,15792.0,15792.0,220567.7376,112754.88,,,3.211
000881,中广核技,化工原料,辽宁,19980902,000881.SZ,20020306,6.73,7.02,6.73,6.83,6.72,0.11,1.64,27175.36,18728.2164,1.7208,1.7208,2.1,36.1496,33.7394,3.1732,2.7213,2.1289,0.4475,0.4475,30891.84,15792.0,15792.0,210991.2672,107859.36,,,3.211
000881,中广核技,化工原料,辽宁,19980902,000881.SZ,20020305,6.5,6.76,6.5,6.72,6.59,0.13,1.97,15553.93,10419.175,0.9849,0.9849,1.29,35.5674,33.196,3.1221,2.6775,2.0946,0.4548,0.4548,30891.84,15792.0,15792.0,207593.1648,106122.24,,,3.211
000881,中广核技,化工原料,辽宁,19980902,000881.SZ,20020304,6.38,6.6,6.3,6.59,6.42,0.17,2.65,8945.6,5803.353,0.5665,0.5665,0.71,34.8794,32.5538,3.0617,2.6257,2.0541,0.4638,0.4638,30891.84,15792.0,15792.0,203577.2256,104069.28,,,3.211
000881,中广核技,化工原料,辽宁,19980902,000881.SZ,20020301,6.75,6.75,6.4,6.42,6.78,-0.36,-5.31,11940.0,7831.6256,0.7561,0.7561,0.98,33.9796,31.714,2.9827,2.5579,2.0011,0.4761,0.4761,30891.84,15792.0,15792.0,198325.6128,101384.64,,,3.211
000881,中广核技,化工原料,辽宁,19980902,000881.SZ,20020228,6.7,6.88,6.62,6.78,6.7,0.08,1.19,15374.74,10433.2492,0.9736,0.9736,1.34,35.885,33.4924,3.15,2.7014,2.1133,0.4508,0.4508,30891.84,15792.0,15792.0,209446.6752,107069.76,,,3.211
000881,中广核技,化工原料,辽宁,19980902,000881.SZ,20020227,6.62,6.75,6.5,6.7,6.62,0.08,1.21,12751.45,8484.2774,0.8075,0.8075,1.0,35.4616,33.0972,3.1128,2.6695,2.0884,0.4562,0.4562,30891.84,15792.0,15792.0,206975.328,105806.4,,,3.211
000881,中广核技,化工原料,辽宁,19980902,000881.SZ,20020226,6.63,6.64,6.48,6.62,6.63,-0.01,-0.15,11269.9,7387.4799,0.7136,0.7136,0.69,35.0382,32.702,3.0756,2.6376,2.0634,0.4617,0.4617,30891.84,15792.0,15792.0,204503.9808,104543.04,,,3.211
000881,中广核技,化工原料,辽宁,19980902,000881.SZ,20020225,6.65,6.69,6.51,6.63,6.37,0.26,4.08,11493.92,7584.0263,0.7278,0.7278,0.63,35.0911,32.7514,3.0803,2.6416,2.0665,0.461,0.461,30891.84,15792.0,15792.0,204812.8992,104700.96,,,3.211
000881,中广核技,化工原料,辽宁,19980902,000881.SZ,20020208,6.37,6.52,6.35,6.37,6.36,0.01,0.16,10298.28,6646.0248,0.6521,0.6521,0.51,33.715,31.467,2.9595,2.538,1.9855,0.4798,0.4798,30891.84,15792.0,15792.0,196781.0208,100595.04,,,3.211
000881,中广核技,化工原料,辽宁,19980902,000881.SZ,20020207,6.13,6.42,6.11,6.36,6.23,0.13,2.09,11758.65,7442.6317,0.7446,0.7446,0.51,33.662,31.4176,2.9549,2.534,1.9824,0.4806,0.4806,30891.84,15792.0,15792.0,196472.1024,100437.12,,,3.211
000881,中广核技,化工原料,辽宁,19980902,000881.SZ,20020206,6.6,6.6,6.22,6.23,6.61,-0.38,-5.75,18718.08,11940.2489,1.1853,1.1853,0.83,32.974,30.7754,2.8945,2.4822,1.9419,0.4906,0.4906,30891.84,15792.0,15792.0,192456.1632,98384.16,,,3.211
000881,中广核技,化工原料,辽宁,19980902,000881.SZ,20020205,6.3,6.68,6.24,6.61,6.32,0.29,4.59,29978.97,19589.9446,1.8984,1.8984,1.66,34.9852,32.6526,3.071,2.6336,2.0603,0.4624,0.4624,30891.84,15792.0,15792.0,204195.0624,104385.12,,,3.211
000881,中广核技,化工原料,辽宁,19980902,000881.SZ,20020204,5.98,6.39,5.9,6.32,5.98,0.34,5.69,20270.05,12580.705,1.2836,1.2836,1.23,33.4503,31.22,2.9363,2.5181,1.9699,0.4836,0.4836,30891.84,15792.0,15792.0,195236.4288,99805.44,,,3.211
000881,中广核技,化工原料,辽宁,19980902,000881.SZ,20020201,6.1,6.19,5.9,5.98,6.1,-0.12,-1.97,20708.56,12534.1146,1.3113,1.3113,1.39,31.6508,29.5405,2.7783,2.3826,1.8639,0.5111,0.5111,30891.84,15792.0,15792.0,184733.2032,94436.16,,,3.211
000881,中广核技,化工原料,辽宁,19980902,000881.SZ,20020131,5.75,6.16,5.73,6.1,5.66,0.44,7.77,26600.48,15971.6447,1.6844,1.6844,1.95,32.2859,30.1332,2.8341,2.4304,1.9013,0.5011,0.5011,30891.84,15792.0,15792.0,188440.224,96331.2,,,3.211
000881,中广核技,化工原料,辽宁,19980902,000881.SZ,20020130,5.44,5.78,5.35,5.66,5.4,0.26,4.81,14526.68,8186.7274,0.9199,0.9199,1.1,29.9571,27.9597,2.6296,2.2551,1.7642,0.54,0.54,30891.84,15792.0,15792.0,174847.8144,89382.72,,,3.211
000881,中广核技,化工原料,辽宁,19980902,000881.SZ,20020129,5.16,5.48,5.01,5.4,5.19,0.21,4.05,7935.31,4224.0922,0.5025,0.5025,0.58,28.581,26.6753,2.5088,2.1515,1.6832,0.566,0.566,30891.84,15792.0,15792.0,166815.936,85276.8,,,3.211
000881,中广核技,化工原料,辽宁,19980902,000881.SZ,20020128,5.68,5.77,5.18,5.19,5.7,-0.51,-8.95,12320.95,6706.1131,0.7802,0.7802,0.9,27.4695,25.638,2.4113,2.0679,1.6177,0.5889,0.5889,30891.84,15792.0,15792.0,160328.6496,81960.48,,,3.211
000881,中广核技,化工原料,辽宁,19980902,000881.SZ,20020125,5.65,5.8,5.53,5.7,5.65,0.05,0.89,13179.96,7484.3144,0.8346,0.8346,0.96,30.1688,28.1573,2.6482,2.2711,1.7767,0.5362,0.5362,30891.84,15792.0,15792.0,176083.488,90014.4,,,3.211
000881,中广核技,化工原料,辽宁,19980902,000881.SZ,20020124,5.5,5.8,5.3,5.65,5.5,0.15,2.73,20100.7,11344.1368,1.2728,1.2728,1.84,29.9042,27.9103,2.625,2.2511,1.7611,0.541,0.541,30891.84,15792.0,15792.0,174538.896,89224.8,,,3.211
000881,中广核技,化工原料,辽宁,19980902,000881.SZ,20020123,5.0,5.52,4.9,5.5,5.03,0.47,9.34,12440.17,6474.2393,0.7878,0.7878,1.34,29.1103,27.1693,2.5553,2.1914,1.7143,0.5557,0.5557,30891.84,15792.0,15792.0,169905.12,86856.0,,,3.211
000881,中广核技,化工原料,辽宁,19980902,000881.SZ,20020122,5.01,5.25,4.91,5.03,5.09,-0.06,-1.18,10803.29,5483.9702,0.6841,0.6841,1.29,26.6227,24.8476,2.3369,2.0041,1.5678,0.6077,0.6077,30891.84,15792.0,15792.0,155385.9552,79433.76,,,3.211
000881,中广核技,化工原料,辽宁,19980902,000881.SZ,20020121,5.66,5.66,5.09,5.09,5.66,-0.57,-10.07,12100.03,6384.0452,0.7662,0.7662,1.62,26.9402,25.144,2.3648,2.028,1.5865,0.6005,0.6005,30891.84,15792.0,15792.0,157239.4656,80381.28,,,3.211
000881,中广核技,化工原料,辽宁,19980902,000881.SZ,20020118,5.9,5.95,5.46,5.66,6.0,-0.34,-5.67,13079.0,7447.9721,0.8282,0.8282,2.32,29.9571,27.9597,2.6296,2.2551,1.7642,0.54,0.54,30891.84,15792.0,15792.0,174847.8144,89382.72,,,3.211
000881,中广核技,化工原料,辽宁,19980902,000881.SZ,20020117,6.4,6.46,6.0,6.0,6.44,-0.44,-6.83,6185.18,3830.1861,0.3917,0.3917,1.12,31.7566,29.6393,2.7876,2.3906,1.8702,0.5094,0.5094,30891.84,15792.0,15792.0,185351.04,94752.0,,,3.211
000881,中广核技,化工原料,辽宁,19980902,000881.SZ,20020116,6.36,6.48,6.3,6.44,6.32,0.12,1.9,4230.47,2707.7191,0.2679,0.2679,0.7,34.0855,31.8128,2.992,2.5659,2.0073,0.4746,0.4746,30891.84,15792.0,15792.0,198943.4496,101700.48,,,3.211
000881,中广核技,化工原料,辽宁,19980902,000881.SZ,20020115,6.35,6.55,6.26,6.32,6.41,-0.09,-1.4,6169.62,3945.2283,0.3907,0.3907,1.12,33.4503,31.22,2.9363,2.5181,1.9699,0.4836,0.4836,30891.84,15792.0,15792.0,195236.4288,99805.44,,,3.211
000881,中广核技,化工原料,辽宁,19980902,000881.SZ,20020114,6.88,6.88,6.4,6.41,6.9,-0.49,-7.1,7662.81,5063.8644,0.4852,0.4852,1.68,33.9267,31.6646,2.9781,2.554,1.998,0.4768,0.4768,30891.84,15792.0,15792.0,198016.6944,101226.72,,,3.211
000881,中广核技,化工原料,辽宁,19980902,000881.SZ,20020111,7.08,7.12,6.88,6.9,7.08,-0.18,-2.54,3936.0,2731.1083,0.2492,0.2492,0.84,36.5201,34.0851,3.2057,2.7492,2.1507,0.443,0.443,30891.84,15792.0,15792.0,213153.696,108964.8,,,3.211
000881,中广核技,化工原料,辽宁,19980902,000881.SZ,20020110,7.02,7.15,6.86,7.08,7.03,0.05,0.71,5715.75,3969.3842,0.3619,0.3619,1.21,37.4728,34.9743,3.2894,2.8209,2.2068,0.4317,0.4317,30891.84,15792.0,15792.0,218714.2272,111807.36,,,3.211
000881,中广核技,化工原料,辽宁,19980902,000881.SZ,20020109,7.28,7.28,6.91,7.03,7.28,-0.25,-3.43,6826.08,4838.1434,0.4322,0.4322,1.68,37.2082,34.7273,3.2661,2.801,2.1912,0.4348,0.4348,30891.84,15792.0,15792.0,217169.6352,111017.76,,,3.211
000881,中广核技,化工原料,辽宁,19980902,000881.SZ,20020108,7.23,7.46,7.22,7.28,7.25,0.03,0.41,3505.14,2572.3962,0.222,0.222,0.73,38.5314,35.9623,3.3823,2.9006,2.2691,0.4199,0.4199,30891.84,15792.0,15792.0,224892.5952,114965.76,,,3.211
000881,中广核技,化工原料,辽宁,19980902,000881.SZ,20020107,7.29,7.3,7.16,7.25,7.29,-0.04,-0.55,2866.16,2068.8652,0.1815,0.1815,0.54,38.3726,35.8141,3.3683,2.8886,2.2598,0.4216,0.4216,30891.84,15792.0,15792.0,223965.84,114492.0,,,3.211
000881,中广核技,化工原料,辽宁,19980902,000881.SZ,20020104,7.42,7.42,7.28,7.29,7.42,-0.13,-1.75,4428.75,3248.1245,0.2804,0.2804,0.85,38.5843,36.0117,3.3869,2.9046,2.2723,0.4193,0.4193,30891.84,15792.0,15792.0,225201.5136,115123.68,,,3.211
000881,中广核技,化工原料,辽宁,19980902,000881.SZ,20011231,7.5,7.6,7.39,7.42,7.55,-0.13,-1.72,5971.05,4452.773,0.3781,0.3781,1.19,39.2724,36.6539,3.4473,2.9564,2.3128,0.0,0.4119,30891.84,15792.0,15792.0,229217.4528,117176.64,,,3.211
000881,中广核技,化工原料,辽宁,19980902,000881.SZ,20011228,7.46,7.59,7.45,7.55,7.48,0.07,0.94,3572.4,2681.791,0.2262,0.2262,0.67,39.9604,37.2961,3.5077,3.0082,2.3533,0.0,0.4048,30891.84,15792.0,15792.0,233233.392,119229.6,,,3.211
000881,中广核技,化工原料,辽宁,19980902,000881.SZ,20011227,7.69,7.69,7.47,7.48,7.65,-0.17,-2.22,7016.39,5284.2127,0.4443,0.4443,1.29,39.59,36.9503,3.4752,2.9803,2.3315,0.0,0.4086,30891.84,15792.0,15792.0,231070.9632,118124.16,,,3.211
000881,中广核技,化工原料,辽宁,19980902,000881.SZ,20011226,7.56,7.68,7.38,7.65,7.59,0.06,0.79,5597.99,4213.3992,0.3545,0.3545,0.93,40.4897,37.7901,3.5542,3.048,2.3845,0.0,0.3995,30891.84,15792.0,15792.0,236322.576,120808.8,,,3.211
000881,中广核技,化工原料,辽宁,19980902,000881.SZ,20011225,7.58,7.6,7.36,7.59,7.52,0.07,0.93,3795.39,2844.8742,0.2403,0.2403,0.6,40.1722,37.4937,3.5263,3.0241,2.3658,0.0,0.4027,30891.84,15792.0,15792.0,234469.0656,119861.28,,,3.211
000881,中广核技,化工原料,辽宁,19980902,000881.SZ,20011224,7.7,7.75,7.5,7.52,7.72,-0.2,-2.59,5017.43,3802.7792,0.3177,0.3177,0.75,39.8017,37.1479,3.4938,2.9962,2.344,0.0,0.4065,30891.84,15792.0,15792.0,232306.6368,118755.84,,,3.211
000881,中广核技,化工原料,辽宁,19980902,000881.SZ,20011221,7.69,7.78,7.55,7.72,7.7,0.02,0.26,5417.5,4163.9415,0.3431,0.3431,0.72,40.8602,38.1358,3.5867,3.0759,2.4063,0.0,0.3959,30891.84,15792.0,15792.0,238485.0048,121914.24,,,3.211
000881,中广核技,化工原料,辽宁,19980902,000881.SZ,20011220,7.91,7.91,7.7,7.7,7.9,-0.2,-2.53,7462.98,5792.0474,0.4726,0.4726,0.86,40.7544,38.037,3.5774,3.0679,2.4001,0.0,0.397,30891.84,15792.0,15792.0,237867.168,121598.4,,,3.211
000881,中广核技,化工原料,辽宁,19980902,000881.SZ,20011219,8.0,8.15,7.88,7.9,8.0,-0.1,-1.25,8291.94,6652.1144,0.5251,0.5251,0.82,41.8129,39.025,3.6703,3.1476,2.4624,0.0,0.3869,30891.84,15792.0,15792.0,244045.536,124756.8,,,3.211
000881,中广核技,化工原料,辽宁,19980902,000881.SZ,20011218,7.82,8.0,7.75,8.0,7.8,0.2,2.56,5692.37,4478.6541,0.3605,0.3605,0.5,42.3422,39.519,3.7168,3.1875,2.4936,0.0,0.3821,30891.84,15792.0,15792.0,247134.72,126336.0,,,3.211
000881,中广核技,化工原料,辽宁,19980902,000881.SZ,20011217,7.95,8.0,7.76,7.8,7.96,-0.16,-2.01,6463.31,5071.022,0.4093,0.4093,0.47,41.2836,38.531,3.6239,3.1078,2.4312,0.0,0.3919,30891.84,15792.0,15792.0,240956.352,123177.6,,,3.211
000881,中广核技,化工原料,辽宁,19980902,000881.SZ,20011214,8.06,8.11,7.9,7.96,8.08,-0.12,-1.49,9534.99,7621.5456,0.6038,0.6038,0.4,42.1305,39.3214,3.6982,3.1715,2.4811,0.0,0.384,30891.84,15792.0,15792.0,245899.0464,125704.32,,,3.211
000881,中广核技,化工原料,辽宁,19980902,000881.SZ,20011213,8.2,8.36,8.05,8.08,8.25,-0.17,-2.06,13635.45,11125.0455,0.8634,0.8634,0.59,42.7656,39.9142,3.754,3.2193,2.5185,0.0,0.3783,30891.84,15792.0,15792.0,249606.0672,127599.36,,,3.211
000881,中广核技,化工原料,辽宁,19980902,000881.SZ,20011212,8.5,8.62,8.2,8.25,8.54,-0.29,-3.4,15032.81,12615.8817,0.9519,0.9519,0.66,43.6654,40.754,3.8329,3.2871,2.5715,0.0,0.3705,30891.84,15792.0,15792.0,254857.68,130284.0,,,3.211
000881,中广核技,化工原料,辽宁,19980902,000881.SZ,20011211,8.64,8.82,8.51,8.54,8.66,-0.12,-1.39,12547.2,10871.9656,0.7945,0.7945,0.56,45.2003,42.1865,3.9677,3.4026,2.6619,0.0,0.3579,30891.84,15792.0,15792.0,263816.3136,134863.68,,,3.211
000881,中广核技,化工原料,辽宁,19980902,000881.SZ,20011210,8.75,8.75,8.52,8.66,8.78,-0.12,-1.37,17890.75,15477.185,1.1329,1.1329,0.81,45.8354,42.7793,4.0234,3.4504,2.6993,0.0,0.3529,30891.84,15792.0,15792.0,267523.3344,136758.72,,,3.211
000881,中广核技,化工原料,辽宁,19980902,000881.SZ,20011207,8.29,9.04,8.25,8.78,8.24,0.54,6.55,59491.64,51843.5055,3.7672,3.7672,4.8,46.4706,43.3721,4.0792,3.4982,2.7367,0.0,0.3481,30891.84,15792.0,15792.0,271230.3552,138653.76,,,3.211
000881,中广核技,化工原料,辽宁,19980902,000881.SZ,20011206,8.12,8.25,8.05,8.24,8.16,0.08,0.98,10758.58,8745.3424,0.6813,0.6813,0.86,43.6125,40.7046,3.8283,3.2831,2.5684,0.0,0.3709,30891.84,15792.0,15792.0,254548.7616,130126.08,,,3.211
000881,中广核技,化工原料,辽宁,19980902,000881.SZ,20011205,8.35,8.45,8.15,8.16,8.39,-0.23,-2.74,12627.01,10460.7809,0.7996,0.7996,1.02,43.189,40.3094,3.7911,3.2512,2.5434,0.0,0.3746,30891.84,15792.0,15792.0,252077.4144,128862.72,,,3.211
000881,中广核技,化工原料,辽宁,19980902,000881.SZ,20011204,8.39,8.4,8.23,8.39,8.39,0.0,0.0,12243.92,10177.3125,0.7753,0.7753,1.1,44.4064,41.4456,3.898,3.3429,2.6151,0.0,0.3643,30891.84,15792.0,15792.0,259182.5376,132494.88,,,3.211
000881,中广核技,化工原料,辽宁,19980902,000881.SZ,20011203,8.3,8.46,8.26,8.39,8.28,0.11,1.33,14651.0,12233.4188,0.9277,0.9277,1.49,44.4064,41.4456,3.898,3.3429,2.6151,0.0,0.3643,30891.84,15792.0,15792.0,259182.5376,132494.88,,,3.211
000881,中广核技,化工原料,辽宁,19980902,000881.SZ,20011130,8.23,8.35,8.16,8.28,8.18,0.1,1.22,11723.17,9654.4079,0.7423,0.7423,1.07,43.8242,40.9022,3.8469,3.299,2.5808,0.0,0.3691,30891.84,15792.0,15792.0,255784.4352,130757.76,,,3.211
000881,中广核技,化工原料,辽宁,19980902,000881.SZ,20011129,8.15,8.28,8.08,8.18,8.13,0.05,0.62,11244.25,9194.8339,0.712,0.712,0.71,43.2949,40.4082,3.8004,3.2592,2.5497,0.0,0.3737,30891.84,15792.0,15792.0,252695.2512,129178.56,,,3.211
000881,中广核技,化工原料,辽宁,19980902,000881.SZ,20011128,8.1,8.19,8.04,8.13,8.05,0.08,0.99,12329.32,9985.0329,0.7807,0.7807,0.61,43.0303,40.1612,3.7772,3.2393,2.5341,0.0,0.376,30891.84,15792.0,15792.0,251150.6592,128388.96,,,3.211
000881,中广核技,化工原料,辽宁,19980902,000881.SZ,20011127,8.0,8.1,7.98,8.05,8.02,0.03,0.37,5544.7,4455.3361,0.3511,0.3511,0.26,42.6068,39.766,3.74,3.2074,2.5092,0.0,0.3797,30891.84,15792.0,15792.0,248679.312,127125.6,,,3.211
000881,中广核技,化工原料,辽宁,19980902,000881.SZ,20011126,8.0,8.15,7.9,8.02,8.05,-0.03,-0.37,8431.0,6742.2281,0.5339,0.5339,0.41,42.4481,39.6178,3.7261,3.1954,2.4998,0.0,0.3811,30891.84,15792.0,15792.0,247752.5568,126651.84,,,3.211
000881,中广核技,化工原料,辽宁,19980902,000881.SZ,20011123,8.2,8.2,8.0,8.05,8.24,-0.19,-2.31,16986.07,13723.2216,1.0756,1.0756,0.89,42.6068,39.766,3.74,3.2074,2.5092,0.0,0.3797,30891.84,15792.0,15792.0,248679.312,127125.6,,,3.211
000881,中广核技,化工原料,辽宁,19980902,000881.SZ,20011122,7.89,8.38,7.8,8.24,7.95,0.29,3.65,35862.1,29073.1386,2.2709,2.2709,2.85,43.6125,40.7046,3.8283,3.2831,2.5684,0.0,0.3709,30891.84,15792.0,15792.0,254548.7616,130126.08,,,3.211
000881,中广核技,化工原料,辽宁,19980902,000881.SZ,20011121,7.55,8.15,7.41,7.95,7.53,0.42,5.58,34176.09,26951.28,2.1641,2.1641,5.23,42.0776,39.272,3.6936,3.1675,2.478,0.0,0.3845,30891.84,15792.0,15792.0,245590.128,125546.4,,,3.211
000881,中广核技,化工原料,辽宁,19980902,000881.SZ,20011120,7.3,7.6,7.25,7.53,7.26,0.27,3.72,11085.79,8309.0788,0.702,0.702,2.22,39.8546,37.1973,3.4984,3.0002,2.3471,0.0,0.4059,30891.84,15792.0,15792.0,232615.5552,118913.76,,,3.211
000881,中广核技,化工原料,辽宁,19980902,000881.SZ,20011119,7.24,7.33,7.19,7.26,7.25,0.01,0.14,4457.7,3232.7882,0.2823,0.2823,0.95,38.4255,35.8635,3.373,2.8926,2.2629,0.0,0.421,30891.84,15792.0,15792.0,224274.7584,114649.92,,,3.211
000881,中广核技,化工原料,辽宁,19980902,000881.SZ,20011116,7.8,7.94,7.25,7.25,7.23,0.02,0.28,10308.31,7712.3862,0.6528,0.6528,3.02,38.3726,35.8141,3.3683,2.8886,2.2598,0.0,0.4216,30891.84,15792.0,15792.0,223965.84,114492.0,,,3.211
000881,中广核技,化工原料,辽宁,19980902,000881.SZ,20011115,7.18,7.25,7.15,7.23,7.16,0.07,0.98,2843.68,2042.1308,0.1801,0.1801,0.73,38.2668,35.7153,3.3591,2.8807,2.2536,0.0,0.4228,30891.84,15792.0,15792.0,223348.0032,114176.16,,,3.211
000881,中广核技,化工原料,辽宁,19980902,000881.SZ,20011114,7.22,7.37,7.14,7.16,7.22,-0.06,-0.83,3973.1,2861.6955,0.2516,0.2516,0.88,37.8963,35.3695,3.3265,2.8528,2.2317,0.0,0.4269,30891.84,15792.0,15792.0,221185.5744,113070.72,,,3.211
000881,中广核技,化工原料,辽宁,19980902,000881.SZ,20011113,7.3,7.31,7.16,7.22,7.35,-0.13,-1.77,3337.48,2409.7991,0.2113,0.2113,0.71,38.2138,35.6659,3.3544,2.8767,2.2504,0.0,0.4233,30891.84,15792.0,15792.0,223039.0848,114018.24,,,3.211
000881,中广核技,化工原料,辽宁,19980902,000881.SZ,20011112,7.5,7.58,7.35,7.35,7.4,-0.05,-0.68,2940.29,2192.8484,0.1862,0.1862,0.59,38.9019,36.3081,3.4148,2.9285,2.291,0.0,0.4159,30891.84,15792.0,15792.0,227055.024,116071.2,,,3.211
000881,中广核技,化工原料,辽宁,19980902,000881.SZ,20011109,7.3,7.47,7.28,7.4,7.37,0.03,0.41,3966.42,2923.3434,0.2512,0.2512,0.78,39.1665,36.5551,3.438,2.9484,2.3065,0.0,0.413,30891.84,15792.0,15792.0,228599.616,116860.8,,,3.211
000881,中广核技,化工原料,辽宁,19980902,000881.SZ,20011108,7.22,7.44,7.11,7.37,7.35,0.02,0.27,5218.34,3796.0207,0.3304,0.3304,0.9,39.0077,36.4069,3.4241,2.9365,2.2972,0.0,0.4147,30891.84,15792.0,15792.0,227672.8608,116387.04,,,3.211
000881,中广核技,化工原料,辽宁,19980902,000881.SZ,20011107,7.71,7.8,7.28,7.35,7.71,-0.36,-4.67,7183.6,5380.9101,0.4549,0.4549,1.17,38.9019,36.3081,3.4148,2.9285,2.291,0.0,0.4159,30891.84,15792.0,15792.0,227055.024,116071.2,,,3.211
000881,中广核技,化工原料,辽宁,19980902,000881.SZ,20011106,7.78,7.89,7.69,7.71,7.78,-0.07,-0.9,4274.15,3316.8838,0.2707,0.2707,0.63,40.8073,38.0864,3.5821,3.0719,2.4032,0.0,0.3964,30891.84,15792.0,15792.0,238176.0864,121756.32,,,3.211
000881,中广核技,化工原料,辽宁,19980902,000881.SZ,20011105,7.93,7.94,7.71,7.78,7.99,-0.21,-2.63,4258.63,3320.7917,0.2697,0.2697,0.57,41.1778,38.4322,3.6146,3.0998,2.425,0.0,0.3929,30891.84,15792.0,15792.0,240338.5152,122861.76,,,3.211
000881,中广核技,化工原料,辽宁,19980902,000881.SZ,20011102,8.08,8.11,7.96,7.99,8.06,-0.07,-0.87,4468.98,3587.5587,0.283,0.283,0.5,42.2893,39.4696,3.7121,3.1835,2.4904,0.0,0.3825,30891.84,15792.0,15792.0,246825.8016,126178.08,,,3.211
000881,中广核技,化工原料,辽宁,19980902,000881.SZ,20011101,8.04,8.17,7.91,8.06,7.98,0.08,1.0,8888.41,7184.459,0.5628,0.5628,0.83,42.6598,39.8154,3.7447,3.2114,2.5123,0.0,0.3792,30891.84,15792.0,15792.0,248988.2304,127283.52,,,3.211
000881,中广核技,化工原料,辽宁,19980902,000881.SZ,20011031,7.84,8.0,7.79,7.98,7.97,0.01,0.13,8724.7,6847.4104,0.5525,0.5525,0.59,42.2363,39.4202,3.7075,3.1795,2.4873,0.0,0.383,30891.84,15792.0,15792.0,246516.8832,126020.16,,,3.211
000881,中广核技,化工原料,辽宁,19980902,000881.SZ,20011030,8.08,8.09,7.93,7.97,8.06,-0.09,-1.12,7703.4,6151.2703,0.4878,0.4878,0.43,42.1834,39.3708,3.7029,3.1755,2.4842,0.0,0.3835,30891.84,15792.0,15792.0,246207.9648,125862.24,,,3.211
000881,中广核技,化工原料,辽宁,19980902,000881.SZ,20011029,7.88,8.08,7.82,8.06,7.86,0.2,2.54,7359.95,5856.8844,0.4661,0.4661,0.4,42.6598,39.8154,3.7447,3.2114,2.5123,0.0,0.3792,30891.84,15792.0,15792.0,248988.2304,127283.52,,,3.211
000881,中广核技,化工原料,辽宁,19980902,000881.SZ,20011026,7.94,8.04,7.71,7.86,8.0,-0.14,-1.75,11664.05,9105.139,0.7386,0.7386,0.61,41.6012,38.8274,3.6518,3.1317,2.4499,0.0,0.3889,30891.84,15792.0,15792.0,242809.8624,124125.12,,,3.211
000881,中广核技,化工原料,辽宁,19980902,000881.SZ,20011025,8.34,8.34,7.99,8.0,8.38,-0.38,-4.53,17791.24,14416.9194,1.1266,1.1266,1.02,42.3422,39.519,3.7168,3.1875,2.4936,0.0,0.3821,30891.84,15792.0,15792.0,247134.72,126336.0,,,3.211
000881,中广核技,化工原料,辽宁,19980902,000881.SZ,20011024,8.49,8.58,8.18,8.38,8.12,0.26,3.2,30004.34,25188.529,1.9,1.9,2.47,44.3534,41.3962,3.8933,3.3389,2.612,0.0,0.3647,30891.84,15792.0,15792.0,258873.6192,132336.96,,,3.211
000881,中广核技,化工原料,辽宁,19980902,000881.SZ,20011023,7.9,8.12,7.71,8.12,7.38,0.74,10.03,22506.2,18067.8676,1.4252,1.4252,2.65,42.9773,40.1118,3.7725,3.2353,2.531,0.0,0.3764,30891.84,15792.0,15792.0,250841.7408,128231.04,,,3.211
000881,中广核技,化工原料,辽宁,19980902,000881.SZ,20011022,7.29,7.68,7.22,7.38,7.35,0.03,0.41,9370.61,7019.0718,0.5934,0.5934,1.1,39.0607,36.4563,3.4287,2.9404,2.3003,0.0,0.4142,30891.84,15792.0,15792.0,227981.7792,116544.96,,,3.211
000881,中广核技,化工原料,辽宁,19980902,000881.SZ,20011019,7.79,7.79,7.17,7.35,7.81,-0.46,-5.89,15265.36,11332.5208,0.9667,0.9667,2.0,38.9019,36.3081,3.4148,2.9285,2.291,0.0,0.4159,30891.84,15792.0,15792.0,227055.024,116071.2,,,3.211
000881,中广核技,化工原料,辽宁,19980902,000881.SZ,20011018,8.12,8.24,7.77,7.81,8.14,-0.33,-4.05,9808.55,7777.6371,0.6211,0.6211,1.39,41.3366,38.5804,3.6285,3.1118,2.4343,0.0,0.3914,30891.84,15792.0,15792.0,241265.2704,123335.52,,,3.211
000881,中广核技,化工原料,辽宁,19980902,000881.SZ,20011017,8.06,8.26,8.06,8.14,8.24,-0.1,-1.21,3678.93,2995.1241,0.233,0.233,0.48,43.0832,40.2106,3.7818,3.2432,2.5372,0.0,0.3755,30891.84,15792.0,15792.0,251459.5776,128546.88,,,3.211
000881,中广核技,化工原料,辽宁,19980902,000881.SZ,20011016,8.45,8.45,8.2,8.24,8.4,-0.16,-1.9,4413.28,3644.4909,0.2795,0.2795,0.5,43.6125,40.7046,3.8283,3.2831,2.5684,0.0,0.3709,30891.84,15792.0,15792.0,254548.7616,130126.08,,,3.211
000881,中广核技,化工原料,辽宁,19980902,000881.SZ,20011015,8.45,8.58,8.25,8.4,8.51,-0.11,-1.29,9289.32,7777.8916,0.5882,0.5882,1.05,44.4593,41.495,3.9026,3.3468,2.6182,0.0,0.3639,30891.84,15792.0,15792.0,259491.456,132652.8,,,3.211
000881,中广核技,化工原料,辽宁,19980902,000881.SZ,20011012,8.21,8.58,8.03,8.51,8.15,0.36,4.42,11034.59,9231.2462,0.6987,0.6987,0.94,45.0415,42.0383,3.9537,3.3907,2.6525,0.0,0.3592,30891.84,15792.0,15792.0,262889.5584,134389.92,,,3.211
000881,中广核技,化工原料,辽宁,19980902,000881.SZ,20011011,8.21,8.35,8.01,8.15,8.24,-0.09,-1.09,6838.5,5595.2485,0.433,0.433,0.53,43.1361,40.26,3.7865,3.2472,2.5403,0.0,0.375,30891.84,15792.0,15792.0,251768.496,128704.8,,,3.211
000881,中广核技,化工原料,辽宁,19980902,000881.SZ,20011010,8.48,8.51,8.18,8.24,8.52,-0.28,-3.29,6394.59,5292.2611,0.4049,0.4049,0.43,43.6125,40.7046,3.8283,3.2831,2.5684,0.0,0.3709,30891.84,15792.0,15792.0,254548.7616,130126.08,,,3.211
000881,中广核技,化工原料,辽宁,19980902,000881.SZ,20011009,8.18,8.68,8.11,8.52,8.2,0.32,3.9,10820.86,9171.7772,0.6852,0.6852,0.75,45.0944,42.0877,3.9584,3.3946,2.6556,0.0,0.3587,30891.84,15792.0,15792.0,263198.4768,134547.84,,,3.211
000881,中广核技,化工原料,辽宁,19980902,000881.SZ,20011008,8.66,8.75,8.01,8.2,8.66,-0.46,-5.31,9337.81,7752.6004,0.5913,0.5913,0.7,43.4007,40.507,3.8097,3.2671,2.5559,0.0,0.3727,30891.84,15792.0,15792.0,253313.088,129494.4,,,3.211
000881,中广核技,化工原料,辽宁,19980902,000881.SZ,20010928,9.25,9.37,8.33,8.66,9.25,-0.59,-6.38,25595.34,22178.2303,1.6208,1.6208,2.62,45.8354,42.7793,4.0234,3.4504,2.6993,0.0,0.3529,30891.84,15792.0,15792.0,267523.3344,136758.72,,,3.211
000881,中广核技,化工原料,辽宁,19980902,000881.SZ,20010927,9.58,9.58,9.2,9.25,9.6,-0.35,-3.65,12670.28,11868.5273,0.8023,0.8023,1.51,48.9582,45.6939,4.2975,3.6855,2.8832,0.0,0.3304,30891.84,15792.0,15792.0,285749.52,146076.0,,,3.211
000881,中广核技,化工原料,辽宁,19980902,000881.SZ,20010926,9.92,9.99,9.6,9.6,9.92,-0.32,-3.23,15123.75,14690.9751,0.9577,0.9577,2.45,50.8106,47.4228,4.4602,3.825,2.9923,0.0,0.3184,30891.84,15792.0,15792.0,296561.664,151603.2,,,3.211
000881,中广核技,化工原料,辽宁,19980902,000881.SZ,20010925,10.12,10.2,9.9,9.92,10.1,-0.18,-1.78,9144.0,9138.4255,0.579,0.579,1.71,52.5043,49.0036,4.6088,3.9525,3.092,0.0,0.3081,30891.84,15792.0,15792.0,306447.0528,156656.64,,,3.211
000881,中广核技,化工原料,辽宁,19980902,000881.SZ,20010924,10.04,10.19,10.04,10.1,10.05,0.05,0.5,4209.34,4242.1238,0.2665,0.2665,0.56,53.457,49.8927,4.6925,4.0242,3.1481,0.0,0.3026,30891.84,15792.0,15792.0,312007.584,159499.2,,,3.211
000881,中广核技,化工原料,辽宁,19980902,000881.SZ,20010921,10.12,10.13,10.03,10.05,10.18,-0.13,-1.28,7632.46,7683.9545,0.4833,0.4833,0.92,53.1924,49.6458,4.6692,4.0043,3.1325,0.0,0.3041,30891.84,15792.0,15792.0,310462.992,158709.6,,,3.211
000881,中广核技,化工原料,辽宁,19980902,000881.SZ,20010920,10.35,10.36,10.16,10.18,10.3,-0.12,-1.17,5879.29,6024.1832,0.3723,0.3723,0.67,53.8804,50.2879,4.7296,4.056,3.1731,0.0,0.3002,30891.84,15792.0,15792.0,314478.9312,160762.56,,,3.211
000881,中广核技,化工原料,辽宁,19980902,000881.SZ,20010919,10.37,10.38,10.08,10.3,10.32,-0.02,-0.19,3984.37,4076.8913,0.2523,0.2523,0.32,54.5156,50.8807,4.7854,4.1039,3.2105,0.0,0.2967,30891.84,15792.0,15792.0,318185.952,162657.6,,,3.211
000881,中广核技,化工原料,辽宁,19980902,000881.SZ,20010918,10.02,10.4,10.0,10.32,10.02,0.3,2.99,5002.32,5097.9508,0.3168,0.3168,0.36,54.6214,50.9795,4.7947,4.1118,3.2167,0.0,0.2962,30891.84,15792.0,15792.0,318803.7888,162973.44,,,3.211
000881,中广核技,化工原料,辽宁,19980902,000881.SZ,20010917,10.28,10.28,10.0,10.02,10.29,-0.27,-2.62,15274.05,15386.6301,0.9672,0.9672,1.09,53.0336,49.4976,4.6553,3.9923,3.1232,0.0,0.305,30891.84,15792.0,15792.0,309536.2368,158235.84,,,3.211
000881,中广核技,化工原料,辽宁,19980902,000881.SZ,20010914,10.5,10.58,10.26,10.29,10.46,-0.17,-1.63,11505.3,11884.7773,0.7286,0.7286,0.74,54.4626,50.8313,4.7807,4.0999,3.2073,0.0,0.297,30891.84,15792.0,15792.0,317877.0336,162499.68,,,3.211
000881,中广核技,化工原料,辽宁,19980902,000881.SZ,20010913,10.55,10.65,10.45,10.46,10.57,-0.11,-1.04,8050.39,8456.9724,0.5098,0.5098,0.46,55.3624,51.6711,4.8597,4.1676,3.2603,0.0,0.2922,30891.84,15792.0,15792.0,323128.6464,165184.32,,,3.211
000881,中广核技,化工原料,辽宁,19980902,000881.SZ,20010912,10.6,10.68,10.2,10.57,10.81,-0.24,-2.22,22988.76,24074.8796,1.4557,1.4557,1.15,55.9446,52.2145,4.9108,4.2114,3.2946,0.0,0.2892,30891.84,15792.0,15792.0,326526.7488,166921.44,,,3.211
000881,中广核技,化工原料,辽宁,19980902,000881.SZ,20010911,10.9,11.04,10.7,10.81,10.87,-0.06,-0.55,11933.05,12915.8143,0.7556,0.7556,0.58,57.2149,53.4001,5.0223,4.3071,3.3694,0.0,0.2827,30891.84,15792.0,15792.0,333940.7904,170711.52,,,3.211
000881,中广核技,化工原料,辽宁,19980902,000881.SZ,20010910,10.5,10.9,10.2,10.87,10.61,0.26,2.45,15464.03,16477.9874,0.9792,0.9792,0.66,57.5325,53.6965,5.0502,4.331,3.3881,0.0,0.2812,30891.84,15792.0,15792.0,335794.3008,171659.04,,,3.211
000881,中广核技,化工原料,辽宁,19980902,000881.SZ,20010907,11.05,11.18,10.56,10.61,11.12,-0.51,-4.59,19404.35,21062.0847,1.2287,1.2287,0.84,56.1563,52.4121,4.9294,4.2274,3.3071,0.0,0.2881,30891.84,15792.0,15792.0,327762.4224,167553.12,,,3.211
000881,中广核技,化工原料,辽宁,19980902,000881.SZ,20010906,11.3,11.49,11.01,11.12,11.39,-0.27,-2.37,17827.18,20004.7004,1.1289,1.1289,0.7,58.8557,54.9314,5.1663,4.4306,3.4661,0.0,0.2749,30891.84,15792.0,15792.0,343517.2608,175607.04,,,3.211
000881,中广核技,化工原料,辽宁,19980902,000881.SZ,20010905,10.88,11.55,10.71,11.39,10.8,0.59,5.46,35640.79,39913.5019,2.2569,2.2569,1.29,60.2847,56.2652,5.2918,4.5382,3.5502,0.0,0.2684,30891.84,15792.0,15792.0,351858.0576,179870.88,,,3.211
000881,中广核技,化工原料,辽宁,19980902,000881.SZ,20010904,10.62,10.92,10.55,10.8,10.69,0.11,1.03,13832.34,14937.1442,0.8759,0.8759,0.29,57.162,53.3507,5.0177,4.3031,3.3663,0.0,0.283,30891.84,15792.0,15792.0,333631.872,170553.6,,,3.211
000881,中广核技,化工原料,辽宁,19980902,000881.SZ,20010903,11.1,11.14,10.51,10.69,11.15,-0.46,-4.13,29576.23,31748.1128,1.8729,1.8729,0.5,56.5798,52.8073,4.9666,4.2592,3.332,0.0,0.2859,30891.84,15792.0,15792.0,330233.7696,168816.48,,,3.211
000881,中广核技,化工原料,辽宁,19980902,000881.SZ,20010830,11.31,11.49,11.12,11.15,11.34,-0.19,-1.68,18764.98,21212.2188,1.1883,1.1883,0.33,59.0144,55.0796,5.1803,4.4425,3.4754,0.0,0.2741,30891.84,15792.0,15792.0,344444.016,176080.8,,,3.211
000881,中广核技,化工原料,辽宁,19980902,000881.SZ,20010829,11.6,11.64,11.25,11.34,11.56,-0.22,-1.9,29014.91,33029.3754,1.8373,1.8373,0.54,60.0201,56.0182,5.2686,4.5182,3.5346,0.0,0.2695,30891.84,15792.0,15792.0,350313.4656,179081.28,,,3.211
000881,中广核技,化工原料,辽宁,19980902,000881.SZ,20010828,11.45,11.66,11.2,11.56,11.47,0.09,0.78,47332.82,53894.0188,2.9973,2.9973,0.99,61.1845,57.105,5.3708,4.6059,3.6032,0.0,0.2644,30891.84,15792.0,15792.0,357109.6704,182555.52,,,3.211
000881,中广核技,化工原料,辽宁,19980902,000881.SZ,20010827,11.1,11.78,10.92,11.47,11.14,0.33,2.96,111800.4,128210.0556,7.0796,7.0796,4.22,60.7081,56.6604,5.329,4.57,3.5752,0.0,0.2665,30891.84,15792.0,15792.0,354329.4048,181134.24,,,3.211
000881,中广核技,化工原料,辽宁,19980902,000881.SZ,20010824,10.5,11.34,10.4,11.14,10.44,0.7,6.71,87611.29,96496.1071,5.5478,5.5478,8.25,58.9615,55.0302,5.1756,4.4385,3.4723,0.0,0.2744,30891.84,15792.0,15792.0,344135.0976,175922.88,,,3.211
000881,中广核技,化工原料,辽宁,19980902,000881.SZ,20010823,10.28,10.49,10.15,10.44,10.35,0.09,0.87,10028.36,10406.479,0.635,0.635,0.91,55.2566,51.5723,4.8504,4.1596,3.2541,0.0,0.2928,30891.84,15792.0,15792.0,322510.8096,164868.48,,,3.211
000881,中广核技,化工原料,辽宁,19980902,000881.SZ,20010822,10.55,10.55,10.25,10.35,10.6,-0.25,-2.36,12962.08,13403.6448,0.8208,0.8208,0.99,54.7802,51.1277,4.8086,4.1238,3.2261,0.0,0.2953,30891.84,15792.0,15792.0,319730.544,163447.2,,,3.211
000881,中广核技,化工原料,辽宁,19980902,000881.SZ,20010821,10.3,10.7,10.22,10.6,10.26,0.34,3.31,16657.18,17570.7779,1.0548,1.0548,1.27,56.1034,52.3627,4.9248,4.2234,3.304,0.0,0.2884,30891.84,15792.0,15792.0,327453.504,167395.2,,,3.211
000881,中广核技,化工原料,辽宁,19980902,000881.SZ,20010820,10.29,10.36,10.1,10.26,10.32,-0.06,-0.58,5346.12,5469.4372,0.3385,0.3385,0.27,54.3039,50.6831,4.7668,4.0879,3.198,0.0,0.2979,30891.84,15792.0,15792.0,316950.2784,162025.92,,,3.211
000881,中广核技,化工原料,辽宁,19980902,000881.SZ,20010817,10.35,10.43,10.25,10.32,10.37,-0.05,-0.48,8101.63,8365.2399,0.513,0.513,0.35,54.6214,50.9795,4.7947,4.1118,3.2167,0.0,0.2962,30891.84,15792.0,15792.0,318803.7888,162973.44,,,3.211
000881,中广核技,化工原料,辽宁,19980902,000881.SZ,20010816,10.61,10.66,10.3,10.37,10.61,-0.24,-2.26,12119.03,12634.7062,0.7674,0.7674,0.47,54.8861,51.2265,4.8179,4.1317,3.2323,0.0,0.2947,30891.84,15792.0,15792.0,320348.3808,163763.04,,,3.211
000881,中广核技,化工原料,辽宁,19980902,000881.SZ,20010815,10.27,10.71,10.22,10.61,10.28,0.33,3.21,23006.87,24188.6904,1.4569,1.4569,0.99,56.1563,52.4121,4.9294,4.2274,3.3071,0.0,0.2881,30891.84,15792.0,15792.0,327762.4224,167553.12,,,3.211
000881,中广核技,化工原料,辽宁,19980902,000881.SZ,20010814,10.6,10.62,10.2,10.28,10.58,-0.3,-2.84,16758.39,17413.237,1.0612,1.0612,0.74,54.4097,50.7819,4.7761,4.0959,3.2042,0.0,0.2973,30891.84,15792.0,15792.0,317568.1152,162341.76,,,3.211
000881,中广核技,化工原料,辽宁,19980902,000881.SZ,20010813,10.36,10.7,10.26,10.58,10.35,0.23,2.22,37983.91,40108.5125,2.4053,2.4053,1.97,55.9976,52.2639,4.9155,4.2154,3.2977,0.0,0.2889,30891.84,15792.0,15792.0,326835.6672,167079.36,,,3.191
000881,中广核技,化工原料,辽宁,19980902,000881.SZ,20010810,9.95,10.39,9.92,10.35,10.02,0.33,3.29,25761.47,26303.0374,1.6313,1.6313,1.53,54.7802,51.1277,4.8086,4.1238,3.2261,0.0,0.2953,30891.84,15792.0,15792.0,319730.544,163447.2,,,3.191
000881,中广核技,化工原料,辽宁,19980902,000881.SZ,20010809,9.96,10.08,9.78,10.02,9.97,0.05,0.5,26080.74,25879.4859,1.6515,1.6515,1.71,53.0336,49.4976,4.6553,3.9923,3.1232,0.0,0.305,30891.84,15792.0,15792.0,309536.2368,158235.84,,,3.191
000881,中广核技,化工原料,辽宁,19980902,000881.SZ,20010808,10.08,10.1,9.88,9.97,10.11,-0.14,-1.38,9388.96,9360.2305,0.5945,0.5945,0.49,52.769,49.2506,4.6321,3.9724,3.1076,0.0,0.3066,30891.84,15792.0,15792.0,307991.6448,157446.24,,,3.191
000881,中广核技,化工原料,辽宁,19980902,000881.SZ,20010807,10.08,10.2,9.8,10.11,10.15,-0.04,-0.39,14122.83,14087.6899,0.8943,0.8943,0.73,53.5099,49.9421,4.6971,4.0282,3.1512,0.0,0.3023,30891.84,15792.0,15792.0,312316.5024,159657.12,,,3.191
000881,中广核技,化工原料,辽宁,19980902,000881.SZ,20010806,10.26,10.26,9.81,10.15,10.4,-0.25,-2.4,20983.76,21029.7844,1.3288,1.3288,1.13,53.7217,50.1397,4.7157,4.0441,3.1637,0.0,0.3011,30891.84,15792.0,15792.0,313552.176,160288.8,,,3.191
000881,中广核技,化工原料,辽宁,19980902,000881.SZ,20010803,10.48,10.5,10.19,10.4,10.35,0.05,0.48,13503.82,13951.619,0.8551,0.8551,0.63,55.0449,51.3747,4.8318,4.1437,3.2416,0.0,0.2939,30891.84,15792.0,15792.0,321275.136,164236.8,,,3.191
000881,中广核技,化工原料,辽宁,19980902,000881.SZ,20010802,10.66,10.66,10.13,10.35,10.68,-0.33,-3.09,18242.13,18767.6143,1.1552,1.1552,0.83,54.7802,51.1277,4.8086,4.1238,3.2261,0.0,0.2953,30891.84,15792.0,15792.0,319730.544,163447.2,,,3.191
000881,中广核技,化工原料,辽宁,19980902,000881.SZ,20010801,10.5,10.75,10.15,10.68,10.46,0.22,2.1,29680.98,30944.551,1.8795,1.8795,1.6,56.5268,52.7579,4.9619,4.2553,3.3289,0.0,0.2862,30891.84,15792.0,15792.0,329924.8512,168658.56,,,3.191
000881,中广核技,化工原料,辽宁,19980902,000881.SZ,20010731,10.9,10.9,10.16,10.46,10.82,-0.36,-3.33,14332.64,14869.9484,0.9076,0.9076,0.76,55.3624,51.6711,4.8597,4.1676,3.2603,0.0,0.2922,30891.84,15792.0,15792.0,323128.6464,165184.32,,,3.191
000881,中广核技,化工原料,辽宁,19980902,000881.SZ,20010730,11.18,11.18,10.65,10.82,11.29,-0.47,-4.16,17396.98,18863.464,1.1016,2.7614,0.93,57.2678,57.2678,5.1018,4.311,4.311,0.0,0.2825,30891.84,15792.0,6300.0,334249.7088,170869.44,,,3.191
000881,中广核技,化工原料,辽宁,19980902,000881.SZ,20010727,11.01,11.49,10.96,11.29,11.0,0.29,2.64,27675.41,31050.9491,1.7525,4.3929,1.72,59.7554,59.7554,5.3235,4.4983,4.4983,0.0,0.2707,30891.84,15792.0,6300.0,348768.8736,178291.68,,,3.191
000881,中广核技,化工原料,辽宁,19980902,000881.SZ,20010726,11.29,11.38,10.89,11.0,11.32,-0.32,-2.83,20333.29,22496.8968,1.2876,3.2275,1.37,58.2205,58.2205,5.1867,4.3828,4.3828,0.0,0.2779,30891.84,15792.0,6300.0,339810.24,173712.0,,,3.191
000881,中广核技,化工原料,辽宁,19980902,000881.SZ,20010725,11.51,11.6,11.31,11.32,11.51,-0.19,-1.65,12768.74,14606.2315,0.8086,2.0268,0.89,59.9142,59.9142,5.3376,4.5103,4.5103,0.0,0.27,30891.84,15792.0,6300.0,349695.6288,178765.44,,,3.191
000881,中广核技,化工原料,辽宁,19980902,000881.SZ,20010724,11.74,11.75,11.42,11.51,11.72,-0.21,-1.79,16109.46,18629.5477,1.0201,2.5571,1.0,60.9198,60.9198,5.4272,4.586,4.586,0.0,0.2656,30891.84,15792.0,6300.0,355565.0784,181765.92,,,3.191
000881,中广核技,化工原料,辽宁,19980902,000881.SZ,20010723,12.0,12.0,11.68,11.72,11.98,-0.26,-2.17,16445.66,19409.2382,1.0414,2.6104,0.8,62.0313,62.0313,5.5262,4.6696,4.6696,0.0,0.2608,30891.84,15792.0,6300.0,362052.3648,185082.24,,,3.191
000881,中广核技,化工原料,辽宁,19980902,000881.SZ,20010720,12.0,12.05,11.87,11.98,11.95,0.03,0.25,14628.81,17453.1861,0.9263,2.322,0.68,63.4074,63.4074,5.6488,4.7732,4.7732,0.0,0.2551,30891.84,15792.0,6300.0,370084.2432,189188.16,,,3.191
000881,中广核技,化工原料,辽宁,19980902,000881.SZ,20010719,11.92,12.09,11.88,11.95,11.9,0.05,0.42,14312.53,17191.0242,0.9063,2.2718,0.6,63.2487,63.2487,5.6347,4.7613,4.7613,0.0,0.2558,30891.84,15792.0,6300.0,369157.488,188714.4,,,3.191
000881,中广核技,化工原料,辽宁,19980902,000881.SZ,20010718,12.02,12.05,11.81,11.9,12.0,-0.1,-0.83,10383.72,12365.9925,0.6575,1.6482,0.43,62.984,62.984,5.6111,4.7414,4.7414,0.0,0.2569,30891.84,15792.0,6300.0,367612.896,187924.8,,,3.191
000881,中广核技,化工原料,辽宁,19980902,000881.SZ,20010717,11.85,12.08,11.58,12.0,11.82,0.18,1.52,24568.99,29007.6838,1.5558,3.8998,1.05,63.5133,63.5133,5.6582,4.7812,4.7812,0.0,0.2547,30891.84,15792.0,6300.0,370702.08,189504.0,,,3.191
000881,中广核技,化工原料,辽宁,19980902,000881.SZ,20010716,12.36,12.45,11.79,11.82,12.32,-0.5,-4.06,38721.1,46387.6994,2.4519,6.1462,1.91,62.5606,62.5606,5.5734,4.7095,4.7095,0.0,0.2586,30891.84,15792.0,6300.0,365141.5488,186661.44,,,3.191
000881,中广核技,化工原料,辽宁,19980902,000881.SZ,20010713,12.51,12.72,12.31,12.32,12.5,-0.18,-1.44,18890.45,23519.1251,1.1962,2.9985,0.87,65.207,65.207,5.8091,4.9087,4.9087,0.0,0.2481,30891.84,15792.0,6300.0,380587.4688,194557.44,,,3.191
000881,中广核技,化工原料,辽宁,19980902,000881.SZ,20010712,12.8,12.84,12.4,12.5,12.8,-0.3,-2.34,27492.17,34511.9534,1.7409,4.3638,1.45,66.1597,66.1597,5.894,4.9804,4.9804,0.0,0.2445,30891.84,15792.0,6300.0,386148.0,197400.0,,,3.191
000881,中广核技,化工原料,辽宁,19980902,000881.SZ,20010711,12.95,13.0,12.72,12.8,12.88,-0.08,-0.62,10960.66,14012.8234,0.6941,1.7398,0.51,67.7475,67.7475,6.0354,5.0999,5.0999,0.0,0.2388,30891.84,15792.0,6300.0,395415.552,202137.6,,,3.191
000881,中广核技,化工原料,辽宁,19980902,000881.SZ,20010710,12.93,12.99,12.72,12.88,12.9,-0.02,-0.16,20630.44,26471.7966,1.3064,3.2747,1.05,68.1709,68.1709,6.0732,5.1318,5.1318,0.0,0.2373,30891.84,15792.0,6300.0,397886.8992,203400.96,,,3.191
000881,中广核技,化工原料,辽宁,19980902,000881.SZ,20010709,13.2,13.28,12.88,12.9,13.23,-0.33,-2.49,23551.51,30625.7998,1.4914,3.7383,1.33,68.2768,68.2768,6.0826,5.1398,5.1398,0.0,0.2369,30891.84,15792.0,6300.0,398504.736,203716.8,,,3.191
000881,中广核技,化工原料,辽宁,19980902,000881.SZ,20010706,13.65,13.72,13.21,13.23,13.61,-0.38,-2.79,26492.0,35328.1631,1.6776,4.2051,1.62,70.0234,70.0234,6.2382,5.2713,5.2713,0.0,0.231,30891.84,15792.0,6300.0,408699.0432,208928.16,,,3.191
000881,中广核技,化工原料,辽宁,19980902,000881.SZ,20010705,13.85,13.93,13.58,13.61,13.84,-0.23,-1.66,13227.74,18058.2573,0.8376,2.0996,0.74,72.0347,72.0347,6.4174,5.4227,5.4227,0.0,0.2246,30891.84,15792.0,6300.0,420437.9424,214929.12,,,3.191
000881,中广核技,化工原料,辽宁,19980902,000881.SZ,20010704,13.6,14.03,13.6,13.84,13.59,0.25,1.84,22607.06,31372.884,1.4316,3.5884,1.15,73.252,73.252,6.5258,5.5143,5.5143,0.0,0.2208,30891.84,15792.0,6300.0,427543.0656,218561.28,,,3.191
000881,中广核技,化工原料,辽宁,19980902,000881.SZ,20010703,13.64,13.74,13.58,13.59,13.65,-0.06,-0.44,12456.49,16955.3747,0.7888,1.9772,0.58,71.9288,71.9288,6.4079,5.4147,5.4147,0.0,0.2249,30891.84,15792.0,6300.0,419820.1056,214613.28,,,3.191
000881,中广核技,化工原料,辽宁,19980902,000881.SZ,20010702,13.65,13.8,13.57,13.65,13.61,0.04,0.29,14024.26,19161.0744,0.8881,2.2261,0.49,72.2464,72.2464,6.4362,5.4386,5.4386,0.0,0.2239,30891.84,15792.0,6300.0,421673.616,215560.8,,,3.191
000881,中广核技,化工原料,辽宁,19980902,000881.SZ,20010629,13.7,13.76,13.57,13.61,13.66,-0.05,-0.37,19298.15,26284.9037,1.222,3.0632,0.62,72.0347,72.0347,6.4174,5.4227,5.4227,0.0,0.2246,30891.84,15792.0,6300.0,420437.9424,214929.12,,,3.191
000881,中广核技,化工原料,辽宁,19980902,000881.SZ,20010628,13.82,13.9,13.6,13.66,13.72,-0.06,-0.44,20631.79,28224.3899,1.3065,3.2749,0.66,72.2993,72.2993,6.441,5.4426,5.4426,0.0,0.2238,30891.84,15792.0,6300.0,421982.5344,215718.72,,,3.191
000881,中广核技,化工原料,辽宁,19980902,000881.SZ,20010627,13.88,13.97,13.63,13.72,13.88,-0.16,-1.15,31932.82,43717.9372,2.0221,5.0687,1.0,72.6169,72.6169,6.4692,5.4665,5.4665,0.0,0.2228,30891.84,15792.0,6300.0,423836.0448,216666.24,,,3.191
000881,中广核技,化工原料,辽宁,19980902,000881.SZ,20010626,14.0,14.12,13.8,13.88,13.94,-0.06,-0.43,21687.39,30260.3076,1.3733,3.4424,0.55,73.4637,73.4637,6.5447,5.5302,5.5302,0.0,0.2202,30891.84,15792.0,6300.0,428778.7392,219192.96,,,3.191
000881,中广核技,化工原料,辽宁,19980902,000881.SZ,20010625,13.78,14.2,13.57,13.94,13.74,0.2,1.46,49215.09,68117.9265,3.1165,7.8119,1.0,73.7813,73.7813,6.573,5.5542,5.5542,0.0,0.2193,30891.84,15792.0,6300.0,430632.2496,220140.48,,,3.191
000881,中广核技,化工原料,辽宁,19980902,000881.SZ,20010622,13.88,13.99,13.66,13.74,13.84,-0.1,-0.72,31198.14,42840.7731,1.9756,4.9521,0.54,72.7227,72.7227,6.4787,5.4745,5.4745,0.0,0.2225,30891.84,15792.0,6300.0,424453.8816,216982.08,,,3.191
000881,中广核技,化工原料,辽宁,19980902,000881.SZ,20010621,13.76,14.04,13.73,13.84,13.75,0.09,0.65,23154.36,32058.5008,1.4662,3.6753,0.25,73.252,73.252,6.5258,5.5143,5.5143,0.0,0.2208,30891.84,15792.0,6300.0,427543.0656,218561.28,,,3.191
000881,中广核技,化工原料,辽宁,19980902,000881.SZ,20010620,14.03,14.05,13.66,13.75,14.03,-0.28,-2.0,34180.58,47001.0455,2.1644,5.4255,0.19,72.7756,72.7756,6.4834,5.4785,5.4785,0.0,0.2223,30891.84,15792.0,6300.0,424762.8,217140.0,,,3.191
000881,中广核技,化工原料,辽宁,19980902,000881.SZ,20010619,14.47,14.5,13.81,14.03,14.47,-0.44,-3.04,59105.78,82645.2891,3.7428,9.3819,0.32,74.2576,74.2576,6.6154,5.59,5.59,0.0,0.2179,30891.84,15792.0,6300.0,433412.5152,221561.76,,,3.191
000881,中广核技,化工原料,辽宁,19980902,000881.SZ,20010618,14.37,15.2,14.37,14.47,14.36,0.11,0.77,97417.24,142864.5669,6.1688,15.4631,0.58,76.5864,76.5864,6.8229,5.7653,5.7653,0.0,0.2112,30891.84,15792.0,6300.0,447004.9248,228510.24,,,3.191
000881,中广核技,化工原料,辽宁,19980902,000881.SZ,20010615,14.03,14.55,14.03,14.36,14.03,0.33,2.35,72388.8,103566.4175,6.1555,11.4903,0.4,76.0042,76.0042,6.771,5.7215,5.7215,0.0,0.2858,30891.84,11760.0,6300.0,443606.8224,168873.6,,,3.191
000881,中广核技,化工原料,辽宁,19980902,000881.SZ,20010614,14.5,14.95,14.01,14.03,15.46,-1.43,-9.25,204797.41,297192.9887,17.4147,32.5075,0.98,74.2576,74.2576,6.6154,5.59,5.59,0.0,0.2925,30891.84,11760.0,6300.0,433412.5152,164992.8,,,3.191
000881,中广核技,化工原料,辽宁,19980902,000881.SZ,20010613,13.57,16.39,13.57,15.46,15.08,0.38,2.52,445744.75,653312.8343,37.9035,70.7531,3.65,81.8263,81.8263,7.2897,6.1598,6.1598,0.0,0.2655,30891.84,11760.0,6300.0,477587.8464,181809.6,,,3.191
000881,中广核技,化工原料,辽宁,19980902,000881.SZ,20010612,15.2,15.99,15.08,15.08,16.75,-1.67,-9.97,89332.0,134717.275,7.5963,14.1797,0.8,79.815,79.815,7.1105,6.0084,6.0084,0.0,0.2722,30891.84,11760.0,6300.0,465848.9472,177340.8,,,3.191
000881,中广核技,化工原料,辽宁,19980902,000881.SZ,20010611,16.75,16.75,16.75,16.75,18.61,-1.86,-9.99,32079.0,53732.325,2.7278,5.0919,0.27,88.654,88.654,7.898,6.6738,6.6738,0.0,0.245,30891.84,11760.0,6300.0,517438.32,196980.0,,,3.191
000881,中广核技,化工原料,辽宁,19980902,000881.SZ,20010608,19.5,19.58,18.61,18.61,20.68,-2.07,-10.01,136252.04,254361.8771,11.5861,21.6273,1.4,98.4985,98.4985,8.775,7.4148,7.4148,0.0,0.2206,30891.84,11760.0,6300.0,574897.1424,218853.6,,,3.191
000881,中广核技,化工原料,辽宁,19980902,000881.SZ,20010607,20.08,21.5,19.87,20.68,22.08,-1.4,-6.34,345095.61,690163.7655,29.3449,54.7771,10.94,109.4546,109.4546,9.751,8.2396,8.2396,0.0,0.1985,30891.84,11760.0,6300.0,638843.2512,243196.8,,,3.191
000881,中广核技,化工原料,辽宁,19980902,000881.SZ,20010606,22.08,22.08,22.08,22.08,24.53,-2.45,-9.99,7618.0,16820.544,0.6478,1.2092,0.24,116.8645,116.8645,10.4111,8.7974,8.7974,0.0,0.1859,30891.84,11760.0,6300.0,682091.8272,259660.8,,,3.191
000881,中广核技,化工原料,辽宁,19980902,000881.SZ,20010605,24.53,24.53,24.53,24.53,27.25,-2.72,-9.98,33829.0,82982.537,2.8766,5.3697,1.21,129.8318,129.8318,11.5664,9.7736,9.7736,0.0,0.1673,30891.84,11760.0,6300.0,757776.8352,288472.8,,,3.191
000881,中广核技,化工原料,辽宁,19980902,000881.SZ,20010604,27.06,29.05,27.06,27.25,30.07,-2.82,-9.38,74482.13,203095.4176,6.3335,11.8226,4.48,144.2281,144.2281,12.8489,10.8573,10.8573,0.0,0.1506,30891.84,11760.0,6300.0,841802.64,320460.0,,,3.191
000881,中广核技,化工原料,辽宁,19980902,000881.SZ,20010601,29.9,30.24,29.51,30.07,29.95,0.12,0.4,26778.67,80535.0763,2.2771,4.2506,1.83,159.1537,159.1537,14.1786,11.9809,11.9809,0.0,0.1365,30891.84,11760.0,6300.0,928917.6288,353623.2,,,3.191
000881,中广核技,化工原料,辽宁,19980902,000881.SZ,20010531,29.55,30.0,28.85,29.95,29.52,0.43,1.46,15027.59,44132.1834,1.2779,2.3853,0.87,158.5186,158.5186,14.122,11.9331,11.9331,0.0,0.137,30891.84,11760.0,6300.0,925210.608,352212.0,,,3.191
000881,中广核技,化工原料,辽宁,19980902,000881.SZ,20010530,29.28,30.05,28.88,29.52,29.27,0.25,0.85,10301.12,30501.8832,0.8759,1.6351,0.49,156.2427,156.2427,13.9193,11.7617,11.7617,0.0,0.139,30891.84,11760.0,6300.0,911927.1168,347155.2,,,3.191
000881,中广核技,化工原料,辽宁,19980902,000881.SZ,20010529,29.4,30.1,28.58,29.27,30.08,-0.81,-2.69,12688.28,37244.7963,1.0789,2.014,0.55,154.9195,154.9195,13.8014,11.6621,11.6621,0.0,0.1402,30891.84,11760.0,6300.0,904204.1568,344215.2,,,3.191
000881,中广核技,化工原料,辽宁,19980902,000881.SZ,20010528,27.98,30.97,27.98,30.08,31.09,-1.01,-3.25,18287.32,53114.3911,1.555,2.9027,0.73,159.2067,159.2067,14.1833,11.9849,11.9849,0.0,0.1365,30891.84,11760.0,6300.0,929226.5472,353740.8,,,3.191
000881,中广核技,化工原料,辽宁,19980902,000881.SZ,20010525,31.6,32.5,29.85,31.09,31.66,-0.57,-1.8,16903.86,52247.0461,1.4374,2.6832,0.59,164.5524,164.5524,14.6595,12.3873,12.3873,0.0,0.132,30891.84,11760.0,6300.0,960427.3056,365618.4,,,3.191
000881,中广核技,化工原料,辽宁,19980902,000881.SZ,20010524,30.38,32.0,29.0,31.66,30.22,1.44,4.77,28459.86,87560.9814,2.4201,4.5174,0.99,167.5692,167.5692,14.9283,12.6144,12.6144,0.0,0.1296,30891.84,11760.0,6300.0,978035.6544,372321.6,,,3.191
000881,中广核技,化工原料,辽宁,19980902,000881.SZ,20010523,28.8,30.28,28.69,30.22,28.67,1.55,5.41,28579.25,85135.7202,2.4302,4.5364,0.97,159.9476,159.9476,14.2493,12.0406,12.0406,0.0,0.1358,30891.84,11760.0,6300.0,933551.4048,355387.2,,,3.191
000881,中广核技,化工原料,辽宁,19980902,000881.SZ,20010522,29.0,29.0,27.8,28.67,29.38,-0.71,-2.42,22523.47,64100.1662,1.9153,3.5752,0.69,151.7438,151.7438,13.5185,11.4231,11.4231,0.0,0.1432,30891.84,11760.0,6300.0,885669.0528,337159.2,,,3.191
000881,中广核技,化工原料,辽宁,19980902,000881.SZ,20010521,30.88,31.0,29.0,29.38,30.66,-1.28,-4.17,28040.4,83124.1703,2.3844,4.4509,0.96,155.5017,155.5017,13.8532,11.706,11.706,0.0,0.1397,30891.84,11760.0,6300.0,907602.2592,345508.8,,,3.191
000881,中广核技,化工原料,辽宁,19980902,000881.SZ,20010518,30.44,32.18,29.6,30.66,30.43,0.23,0.76,35573.87,110140.1571,3.025,5.6466,1.54,162.2765,162.2765,14.4568,12.216,12.216,0.0,0.1339,30891.84,11760.0,6300.0,947143.8144,360561.6,,,3.191
000881,中广核技,化工原料,辽宁,19980902,000881.SZ,20010517,28.18,30.66,28.18,30.43,28.18,2.25,7.98,29254.47,87143.3181,2.4876,4.6436,1.55,161.0591,161.0591,14.3483,12.1243,12.1243,0.0,0.1349,30891.84,11760.0,6300.0,940038.6912,357856.8,,,3.191
000881,中广核技,化工原料,辽宁,19980902,000881.SZ,20010516,28.13,28.3,27.0,28.18,27.68,0.5,1.81,31753.68,88853.657,2.7001,5.0403,2.18,149.1504,149.1504,13.2874,11.2278,11.2278,0.0,0.1457,30891.84,11760.0,6300.0,870532.0512,331396.8,,,3.191
000881,中广核技,化工原料,辽宁,19980902,000881.SZ,20010515,26.6,28.02,26.58,27.68,26.16,1.52,5.81,38369.34,106319.0144,5.2203,6.0904,4.52,146.504,146.504,13.0517,11.0286,11.0286,0.0,0.1483,30891.84,7350.0,6300.0,855086.1312,203448.0,,,3.191
000881,中广核技,化工原料,辽宁,19980902,000881.SZ,20010514,44.2,44.76,41.65,41.88,43.91,-2.03,-4.62,10752.95,46600.8528,1.463,1.7068,1.29,138.5384,138.5384,12.342,10.429,10.429,0.0,,19307.4,7350.0,6300.0,808593.912,307818.0,,,3.191
000881,中广核技,化工原料,辽宁,19980902,000881.SZ,20010511,44.28,44.36,43.6,43.91,44.28,-0.37,-0.84,5200.02,22888.4181,0.7075,0.8254,0.58,145.2536,145.2536,12.9403,10.9345,10.9345,0.0,,19307.4,7350.0,6300.0,847787.934,322738.5,,,3.191
000881,中广核技,化工原料,辽宁,19980902,000881.SZ,20010510,43.6,44.35,43.59,44.28,43.56,0.72,1.65,8296.0,36543.0,1.1287,1.3168,0.94,146.4775,146.4775,13.0493,11.0266,11.0266,0.0,,19307.4,7350.0,6300.0,854931.672,325458.0,,,3.191
000881,中广核技,化工原料,辽宁,19980902,000881.SZ,20010509,42.8,43.58,42.8,43.56,42.78,0.78,1.82,10126.06,43784.2813,1.3777,1.6073,1.2,144.0958,144.0958,12.8371,10.8473,10.8473,0.0,,19307.4,7350.0,6300.0,841030.344,320166.0,,,3.191
000881,中广核技,化工原料,辽宁,19980902,000881.SZ,20010508,41.9,42.95,41.9,42.78,41.9,0.88,2.1,8039.5,33914.0598,1.0938,1.2761,0.97,141.5156,141.5156,12.6073,10.6531,10.6531,0.0,,19307.4,7350.0,6300.0,825970.572,314433.0,,,3.191
000881,中广核技,化工原料,辽宁,19980902,000881.SZ,20010430,42.5,42.72,40.01,41.9,42.37,-0.47,-1.11,10039.0,42058.0,1.3659,1.5935,1.31,138.6045,138.6045,12.3479,10.434,10.434,0.0,,19307.4,7350.0,6300.0,808980.06,307965.0,,,3.191
000881,中广核技,化工原料,辽宁,19980902,000881.SZ,20010427,41.0,43.08,38.56,42.37,40.97,1.4,3.42,8298.39,34282.9152,1.129,1.3172,1.13,140.1593,140.1593,12.4864,10.551,10.551,0.0,,19307.4,7350.0,6300.0,818054.538,311419.5,,,3.191
000881,中广核技,化工原料,辽宁,19980902,000881.SZ,20010426,41.0,41.48,40.0,40.97,40.92,0.05,0.12,7798.87,32156.7264,1.0611,1.2379,1.1,135.5281,135.5281,12.0738,10.2024,10.2024,0.0,,19307.4,7350.0,6300.0,791024.178,301129.5,,,3.191
000881,中广核技,化工原料,辽宁,19980902,000881.SZ,20010425,40.15,41.2,40.11,40.92,40.11,0.81,2.02,7949.31,32472.9435,1.0815,1.2618,1.04,135.3627,135.3627,12.0591,10.1899,10.1899,0.0,,19307.4,7350.0,6300.0,790058.808,300762.0,,,3.191
000881,中广核技,化工原料,辽宁,19980902,000881.SZ,20010424,39.88,40.25,39.85,40.11,40.06,0.05,0.12,7496.0,30065.0,1.0199,1.1898,0.87,132.6832,132.6832,11.8204,9.9882,9.9882,0.0,,19307.4,7350.0,6300.0,774419.814,294808.5,,,3.191
000881,中广核技,化工原料,辽宁,19980902,000881.SZ,20010420,40.36,40.48,39.78,40.06,39.86,0.2,0.5,6675.31,26692.9576,0.9082,1.0596,0.72,132.5178,132.5178,11.8057,9.9758,9.9758,0.0,,19307.4,7350.0,6300.0,773454.444,294441.0,,,3.191
000881,中广核技,化工原料,辽宁,19980902,000881.SZ,20010419,39.3,39.87,39.27,39.86,39.3,0.56,1.42,6748.37,26693.8466,0.9181,1.0712,0.63,131.8562,131.8562,11.7467,9.926,9.926,0.0,,19307.4,7350.0,6300.0,769592.964,292971.0,,,3.191
000881,中广核技,化工原料,辽宁,19980902,000881.SZ,20010418,38.45,39.31,38.0,39.3,38.41,0.89,2.32,6725.98,26002.2438,0.9151,1.0676,0.67,130.0038,130.0038,11.5817,9.7865,9.7865,0.0,,19307.4,7350.0,6300.0,758780.82,288855.0,,,3.191
000881,中广核技,化工原料,辽宁,19980902,000881.SZ,20010417,37.06,38.7,37.05,38.41,37.01,1.4,3.78,10743.44,40726.7153,1.4617,1.7053,1.26,127.0597,127.0597,11.3194,9.5649,9.5649,0.0,,19307.4,7350.0,6300.0,741597.234,282313.5,,,3.191
000881,中广核技,化工原料,辽宁,19980902,000881.SZ,20010416,35.95,37.1,35.95,37.01,35.95,1.06,2.95,12218.79,44652.9141,1.6624,1.9395,1.79,122.4285,122.4285,10.9068,9.2163,9.2163,0.0,,19307.4,7350.0,6300.0,714566.874,272023.5,,,3.191
000881,中广核技,化工原料,辽宁,19980902,000881.SZ,20010413,35.59,36.05,35.59,35.95,35.59,0.36,1.01,10027.18,35988.5695,1.3642,1.5916,1.65,118.922,118.922,10.5945,8.9523,8.9523,0.0,,19307.4,7350.0,6300.0,694101.03,264232.5,,,3.191
000881,中广核技,化工原料,辽宁,19980902,000881.SZ,20010412,36.13,36.2,35.3,35.59,36.13,-0.54,-1.49,13459.79,47977.4702,1.8313,2.1365,2.84,117.7311,117.7311,10.4884,8.8626,8.8626,0.0,,19307.4,7350.0,6300.0,687150.366,261586.5,,,3.191
000881,中广核技,化工原料,辽宁,19980902,000881.SZ,20010411,36.6,36.94,35.7,36.13,36.78,-0.65,-1.77,4092.07,14844.3932,0.5567,0.6495,0.82,119.5175,119.5175,10.6475,8.9971,8.9971,0.0,,19307.4,7350.0,6300.0,697576.362,265555.5,,,3.191
000881,中广核技,化工原料,辽宁,19980902,000881.SZ,20010410,37.09,37.2,36.6,36.78,37.09,-0.31,-0.84,2985.66,11021.3973,0.4062,0.4739,0.53,121.6677,121.6677,10.8391,9.159,9.159,0.0,,19307.4,7350.0,6300.0,710126.172,270333.0,,,3.191
000881,中广核技,化工原料,辽宁,19980902,000881.SZ,20010409,37.28,37.6,36.98,37.09,37.08,0.01,0.03,3484.32,12965.7979,0.4741,0.5531,0.57,122.6931,122.6931,10.9304,9.2362,9.2362,0.0,,19307.4,7350.0,6300.0,716111.466,272611.5,,,3.191
000881,中广核技,化工原料,辽宁,19980902,000881.SZ,20010406,36.15,37.14,36.15,37.08,36.15,0.93,2.57,6448.45,23515.5709,0.8773,1.0236,1.24,122.66,122.66,10.9275,9.2337,9.2337,0.0,,19307.4,7350.0,6300.0,715918.392,272538.0,,,3.191
000881,中广核技,化工原料,辽宁,19980902,000881.SZ,20010405,36.28,36.67,35.98,36.15,36.13,0.02,0.06,6663.82,24214.621,0.9066,1.0577,1.19,119.5836,119.5836,10.6534,9.0021,9.0021,0.0,,19307.4,7350.0,6300.0,697962.51,265702.5,,,3.191
000881,中广核技,化工原料,辽宁,19980902,000881.SZ,20010404,35.5,36.18,35.5,36.13,35.46,0.67,1.89,5519.47,19840.0951,0.7509,0.8761,1.01,119.5175,119.5175,10.6475,8.9971,8.9971,0.0,,19307.4,7350.0,6300.0,697576.362,265555.5,,,3.191
000881,中广核技,化工原料,辽宁,19980902,000881.SZ,20010403,34.64,35.6,34.64,35.46,34.64,0.82,2.37,5907.0,20684.4745,0.8037,0.9376,1.09,117.3011,117.3011,10.4501,8.8303,8.8303,0.0,,19307.4,7350.0,6300.0,684640.404,260631.0,,,3.191
000881,中广核技,化工原料,辽宁,19980902,000881.SZ,20010402,34.51,34.95,34.37,34.64,34.44,0.2,0.58,6095.97,21075.939,0.8294,0.9676,1.12,114.5886,114.5886,10.2084,8.6261,8.6261,0.0,,19307.4,7350.0,6300.0,668808.336,254604.0,,,3.191
000881,中广核技,化工原料,辽宁,19980902,000881.SZ,20010330,34.75,34.85,34.1,34.44,34.63,-0.19,-0.55,1857.99,6416.1003,0.2528,0.2949,0.25,113.927,113.927,10.1495,8.5763,8.5763,0.0,,19307.4,7350.0,6300.0,664946.856,253134.0,,,3.191
000881,中广核技,化工原料,辽宁,19980902,000881.SZ,20010329,34.5,35.25,34.3,34.63,34.35,0.28,0.82,8599.33,29960.9107,1.17,1.365,1.1,114.5555,114.5555,10.2054,8.6236,8.6236,0.0,,19307.4,7350.0,6300.0,668615.262,254530.5,,,3.191
000881,中广核技,化工原料,辽宁,19980902,000881.SZ,20010328,34.3,34.47,34.17,34.35,34.24,0.11,0.32,4762.34,16363.8071,0.6479,0.7559,0.57,113.6292,113.6292,10.1229,8.5539,8.5539,0.0,,19307.4,7350.0,6300.0,663209.19,252472.5,,,3.191
000881,中广核技,化工原料,辽宁,19980902,000881.SZ,20010327,34.0,34.5,33.9,34.24,34.0,0.24,0.71,5900.32,20207.1842,0.8028,0.9366,0.68,113.2654,113.2654,10.0905,8.5265,8.5265,0.0,,19307.4,7350.0,6300.0,661085.376,251664.0,,,3.191
000881,中广核技,化工原料,辽宁,19980902,000881.SZ,20010326,34.8,34.9,33.7,34.0,34.16,-0.16,-0.47,6188.13,21047.8715,0.8419,0.9822,0.64,112.4715,112.4715,10.0198,8.4667,8.4667,0.0,,19307.4,7350.0,6300.0,656451.6,249900.0,,,3.191
000881,中广核技,化工原料,辽宁,19980902,000881.SZ,20010323,33.5,34.55,33.4,34.16,33.46,0.7,2.09,11915.33,40643.6025,1.6211,1.8913,1.32,113.0007,113.0007,10.0669,8.5065,8.5065,0.0,,19307.4,7350.0,6300.0,659540.784,251076.0,,,3.191
000881,中广核技,化工原料,辽宁,19980902,000881.SZ,20010322,32.3,33.5,32.22,33.46,32.22,1.24,3.85,10391.56,34224.5334,1.4138,1.6495,1.22,110.6851,110.6851,9.8607,8.3322,8.3322,0.0,,19307.4,7350.0,6300.0,646025.604,245931.0,,,3.191
000881,中广核技,化工原料,辽宁,19980902,000881.SZ,20010321,32.08,32.4,31.6,32.22,32.1,0.12,0.37,7484.67,24048.0215,1.0183,1.188,0.76,106.5832,106.5832,9.4952,8.0234,8.0234,0.0,,19307.4,7350.0,6300.0,622084.428,236817.0,,,3.191
000881,中广核技,化工原料,辽宁,19980902,000881.SZ,20010320,32.8,33.0,31.72,32.1,31.97,0.13,0.41,7173.95,23051.2766,0.976,1.1387,0.61,106.1863,106.1863,9.4599,7.9936,7.9936,0.0,,19307.4,7350.0,6300.0,619767.54,235935.0,,,3.191
000881,中广核技,化工原料,辽宁,19980902,000881.SZ,20010319,30.85,32.19,30.85,31.97,30.85,1.12,3.63,11013.38,34941.3448,1.4984,3.1467,0.92,135.7299,125.4786,14.2846,11.7241,9.7874,0.0,,19307.4,7350.0,3500.0,617257.578,234979.5,,,3.191
000881,中广核技,化工原料,辽宁,19980902,000881.SZ,20010316,31.28,31.32,30.61,30.85,31.28,-0.43,-1.37,9098.78,28140.0766,1.2379,2.5997,0.7,130.9749,121.0827,13.7842,11.3133,9.4445,0.0,,19307.4,7350.0,3500.0,595633.29,226747.5,,,3.191
000881,中广核技,化工原料,辽宁,19980902,000881.SZ,20010315,31.65,31.67,31.2,31.28,31.65,-0.37,-1.17,7893.12,24763.2122,1.0739,2.2552,0.55,132.8005,122.7704,13.9763,11.471,9.5762,0.0,,19307.4,7350.0,3500.0,603935.472,229908.0,,,3.191
000881,中广核技,化工原料,辽宁,19980902,000881.SZ,20010314,31.1,31.78,31.1,31.65,30.7,0.95,3.09,14196.93,44688.9712,1.9316,4.0563,1.16,134.3713,124.2227,14.1416,11.6067,9.6894,0.0,,19307.4,7350.0,3500.0,611079.21,232627.5,,,3.191
000881,中广核技,化工原料,辽宁,19980902,000881.SZ,20010313,29.8,30.73,29.8,30.7,29.79,0.91,3.05,16785.67,51000.4719,2.2838,4.7959,1.78,130.3381,120.494,13.7171,11.2583,9.3986,0.0,,19307.4,7350.0,3500.0,592737.18,225645.0,,,3.191
000881,中广核技,化工原料,辽宁,19980902,000881.SZ,20010312,29.93,30.34,29.68,29.79,29.79,0.0,0.0,11890.8,35795.2546,1.6178,3.3974,1.59,126.4746,116.9224,13.3105,10.9246,9.12,0.0,,19307.4,7350.0,3500.0,575167.446,218956.5,,,3.191
000881,中广核技,化工原料,辽宁,19980902,000881.SZ,20010309,28.86,29.88,28.84,29.79,28.9,0.89,3.08,14057.57,41360.8786,1.9126,4.0164,2.74,126.4746,116.9224,13.3105,10.9246,9.12,0.0,,19307.4,7350.0,3500.0,575167.446,218956.5,,,3.191
000881,中广核技,化工原料,辽宁,19980902,000881.SZ,20010308,27.9,28.9,27.9,28.9,28.01,0.89,3.18,14474.38,40990.6955,1.9693,4.1355,4.52,122.6961,113.4292,12.9129,10.5982,8.8475,0.0,,19307.4,7350.0,3500.0,557983.86,212415.0,,,3.191
000881,中广核技,化工原料,辽宁,19980902,000881.SZ,20010307,27.86,28.22,27.86,28.01,27.97,0.04,0.14,4184.33,11757.6998,0.5693,1.1955,0.94,118.9176,109.9361,12.5152,10.2719,8.5751,0.0,,19307.4,7350.0,3500.0,540800.274,205873.5,,,3.191
000881,中广核技,化工原料,辽宁,19980902,000881.SZ,20010306,28.0,28.0,27.9,27.97,28.02,-0.05,-0.18,2601.63,7272.8563,0.354,0.7433,0.48,118.7477,109.7791,12.4973,10.2572,8.5628,0.0,,19307.4,7350.0,3500.0,540027.978,205579.5,,,3.191
000881,中广核技,化工原料,辽宁,19980902,000881.SZ,20010305,27.95,28.18,27.88,28.02,27.99,0.03,0.11,2017.64,5657.5464,0.2745,0.5765,0.26,118.96,109.9753,12.5197,10.2755,8.5781,0.0,,19307.4,7350.0,3500.0,540993.348,205947.0,,,3.191
000881,中广核技,化工原料,辽宁,19980902,000881.SZ,20010302,27.88,28.0,27.8,27.99,27.94,0.05,0.18,2398.31,6688.6448,0.3263,0.6852,0.3,118.8327,109.8576,12.5063,10.2645,8.5689,0.0,,19307.4,7350.0,3500.0,540414.126,205726.5,,,3.191
000881,中广核技,化工原料,辽宁,19980902,000881.SZ,20010301,28.25,28.38,27.62,27.94,28.25,-0.31,-1.1,4800.0,13470.6758,0.6531,1.3714,0.6,118.6204,109.6613,12.4839,10.2462,8.5536,0.0,,19307.4,7350.0,3500.0,539448.756,205359.0,,,3.191
000881,中广核技,化工原料,辽宁,19980902,000881.SZ,20010228,28.34,28.55,28.08,28.25,28.34,-0.09,-0.32,10362.99,29427.384,1.4099,2.9609,1.55,119.9365,110.878,12.6224,10.3599,8.6485,0.0,,19307.4,7350.0,3500.0,545434.05,207637.5,,,3.191
000881,中广核技,化工原料,辽宁,19980902,000881.SZ,20010227,28.38,28.5,28.2,28.34,28.44,-0.1,-0.35,7465.93,21177.9413,1.0158,2.1331,1.17,120.3186,111.2313,12.6627,10.3929,8.6761,0.0,,19307.4,7350.0,3500.0,547171.716,208299.0,,,3.191
000881,中广核技,化工原料,辽宁,19980902,000881.SZ,20010226,27.79,28.48,27.79,28.44,27.79,0.65,2.34,13095.87,36949.8182,1.7818,3.7417,2.26,120.7431,111.6238,12.7073,10.4295,8.7067,0.0,,19307.4,7350.0,3500.0,549102.456,209034.0,,,3.191
000881,中广核技,化工原料,辽宁,19980902,000881.SZ,20010223,27.84,27.99,27.68,27.79,27.84,-0.05,-0.18,4134.28,11506.7886,0.5625,1.1812,0.69,117.9835,109.0726,12.4169,10.1912,8.5077,0.0,,19307.4,7350.0,3500.0,536552.646,204256.5,,,3.191
000881,中广核技,化工原料,辽宁,19980902,000881.SZ,20010222,27.9,27.9,27.7,27.84,27.88,-0.04,-0.14,5181.52,14417.3058,0.705,1.4804,0.85,118.1958,109.2688,12.4392,10.2095,8.523,0.0,,19307.4,7350.0,3500.0,537518.016,204624.0,,,3.191
000881,中广核技,化工原料,辽宁,19980902,000881.SZ,20010221,27.82,27.88,27.35,27.88,27.86,0.02,0.07,3588.41,9914.5571,0.4882,1.0253,0.62,118.3656,109.4258,12.4571,10.2242,8.5353,0.0,,19307.4,7350.0,3500.0,538290.312,204918.0,,,3.191
000881,中广核技,化工原料,辽宁,19980902,000881.SZ,20010220,27.79,28.25,27.79,27.86,27.75,0.11,0.4,5941.06,16644.2837,0.8083,1.6974,1.05,118.2807,109.3473,12.4482,10.2168,8.5292,0.0,,19307.4,7350.0,3500.0,537904.164,204771.0,,,3.191
000881,中广核技,化工原料,辽宁,19980902,000881.SZ,20010219,27.0,27.8,26.98,27.75,26.98,0.77,2.85,10078.79,27482.9024,1.3713,2.8797,2.4,117.8137,108.9156,12.399,10.1765,8.4955,0.0,,19307.4,7350.0,3500.0,535780.35,203962.5,,,3.191
000881,中广核技,化工原料,辽宁,19980902,000881.SZ,20010216,27.4,27.42,26.83,26.98,27.35,-0.37,-1.35,5350.99,14442.0751,0.728,1.5289,1.47,114.5447,105.8934,12.055,9.8941,8.2597,0.0,,19307.4,7350.0,3500.0,520913.652,198303.0,,,3.191
000881,中广核技,化工原料,辽宁,19980902,000881.SZ,20010215,26.7,27.48,26.7,27.35,26.72,0.63,2.36,5464.34,14889.4475,0.7434,1.5612,1.53,116.1155,107.3456,12.2203,10.0298,8.373,0.0,,19307.4,7350.0,3500.0,528057.39,201022.5,,,3.191
000881,中广核技,化工原料,辽宁,19980902,000881.SZ,20010214,26.86,27.02,26.62,26.72,26.78,-0.06,-0.22,2087.83,5605.4418,0.2841,0.5965,0.58,113.4408,104.873,11.9388,9.7988,8.1801,0.0,,19307.4,7350.0,3500.0,515893.728,196392.0,,,3.191
000881,中广核技,化工原料,辽宁,19980902,000881.SZ,20010213,26.25,26.88,26.25,26.78,26.19,0.59,2.25,5434.48,14501.4012,0.7394,1.5527,1.68,113.6956,105.1085,11.9656,9.8208,8.1985,0.0,,19307.4,7350.0,3500.0,517052.172,196833.0,,,3.191
000881,中广核技,化工原料,辽宁,19980902,000881.SZ,20010212,26.0,26.21,25.48,26.19,25.84,0.35,1.35,2669.99,6929.5479,0.3633,0.7629,0.8,111.1907,102.7928,11.702,9.6044,8.0179,0.0,,19307.4,7350.0,3500.0,505660.806,192496.5,,,3.191
000881,中广核技,化工原料,辽宁,19980902,000881.SZ,20010209,25.8,25.98,25.7,25.84,25.81,0.03,0.12,2601.5,6721.0224,0.3539,0.7433,0.57,109.7047,101.4191,11.5456,9.4761,7.9107,0.0,,19307.4,7350.0,3500.0,498903.216,189924.0,,,3.191
000881,中广核技,化工原料,辽宁,19980902,000881.SZ,20010208,25.78,25.96,25.44,25.81,25.79,0.02,0.08,5105.1,13130.8048,0.6946,1.4586,0.76,109.5774,101.3013,11.5322,9.4651,7.9016,0.0,,19307.4,7350.0,3500.0,498323.994,189703.5,,,3.191
000881,中广核技,化工原料,辽宁,19980902,000881.SZ,20010207,25.83,25.93,25.58,25.79,25.78,0.01,0.04,2263.66,5831.1427,0.308,0.6468,0.27,109.4925,101.2228,11.5233,9.4577,7.8954,0.0,,19307.4,7350.0,3500.0,497937.846,189556.5,,,3.191
000881,中广核技,化工原料,辽宁,19980902,000881.SZ,20010206,25.6,25.9,25.45,25.78,25.91,-0.13,-0.5,3549.39,9085.6845,0.4829,1.0141,0.37,109.45,101.1836,11.5188,9.4541,7.8924,0.0,,19307.4,7350.0,3500.0,497744.772,189483.0,,,3.191
000881,中广核技,化工原料,辽宁,19980902,000881.SZ,20010205,26.59,26.71,25.57,25.91,26.59,-0.68,-2.56,3198.74,8351.1826,0.4352,0.9139,0.33,110.0019,101.6938,11.5769,9.5017,7.9322,0.0,,19307.4,7350.0,3500.0,500254.734,190438.5,,,3.191
000881,中广核技,化工原料,辽宁,19980902,000881.SZ,20010119,26.48,26.98,26.35,26.59,26.4,0.19,0.72,8898.43,23868.2896,1.2107,2.5424,1.01,112.8889,104.3627,11.8807,9.7511,8.1403,0.0,,19307.4,7350.0,3500.0,513383.766,195436.5,,,3.191
000881,中广核技,化工原料,辽宁,19980902,000881.SZ,20010118,26.6,26.8,26.3,26.4,26.61,-0.21,-0.79,15824.1,41904.3712,2.1529,4.5212,2.48,112.0822,103.617,11.7958,9.6814,8.0822,0.0,,19307.4,7350.0,3500.0,509715.36,194040.0,,,3.191
000881,中广核技,化工原料,辽宁,19980902,000881.SZ,20010117,26.5,26.65,26.3,26.61,26.54,0.07,0.26,10415.62,27608.3445,1.4171,2.9759,1.62,112.9738,104.4412,11.8897,9.7584,8.1465,0.0,,19307.4,7350.0,3500.0,513769.914,195583.5,,,3.191
000881,中广核技,化工原料,辽宁,19980902,000881.SZ,20010116,26.48,26.6,26.21,26.54,26.48,0.06,0.23,9154.92,24176.1533,1.2456,2.6157,1.71,112.6766,104.1665,11.8584,9.7328,8.125,0.0,,19307.4,7350.0,3500.0,512418.396,195069.0,,,3.191
000881,中广核技,化工原料,辽宁,19980902,000881.SZ,20010115,26.64,26.7,26.32,26.48,26.64,-0.16,-0.6,4785.66,12680.4622,0.6511,1.3673,0.93,112.4219,103.931,11.8316,9.7108,8.1067,0.0,,19307.4,7350.0,3500.0,511259.952,194628.0,,,3.191
000881,中广核技,化工原料,辽宁,19980902,000881.SZ,20010112,27.1,27.15,26.25,26.64,27.11,-0.47,-1.73,3683.41,9830.9342,0.5011,1.0524,0.74,113.1012,104.559,11.9031,9.7694,8.1557,0.0,,19307.4,7350.0,3500.0,514349.136,195804.0,,,3.191
000881,中广核技,化工原料,辽宁,19980902,000881.SZ,20010111,27.58,27.62,26.69,27.11,27.58,-0.47,-1.7,3812.81,10302.1754,0.5187,1.0894,0.78,115.0966,106.4037,12.1131,9.9418,8.2995,0.0,,19307.4,7350.0,3500.0,523423.614,199258.5,,,3.191
000881,中广核技,化工原料,辽宁,19980902,000881.SZ,20010110,26.95,27.65,26.95,27.58,26.96,0.62,2.3,10722.03,29325.2363,1.4588,3.0634,3.19,117.092,108.2484,12.3231,10.1142,8.4434,0.0,,19307.4,7350.0,3500.0,532498.092,202713.0,,,3.191
000881,中广核技,化工原料,辽宁,19980902,000881.SZ,20010109,26.96,27.02,26.68,26.96,26.98,-0.02,-0.07,3754.58,10082.3139,0.5108,1.0727,1.06,114.4597,105.8149,12.0461,9.8868,8.2536,0.0,,19307.4,7350.0,3500.0,520527.504,198156.0,,,3.191
000881,中广核技,化工原料,辽宁,19980902,000881.SZ,20010108,27.48,27.48,26.7,26.98,27.45,-0.47,-1.71,3695.49,9941.214,0.5028,1.0559,0.95,114.5447,105.8934,12.055,9.8941,8.2597,0.0,,19307.4,7350.0,3500.0,520913.652,198303.0,,,3.191
000881,中广核技,化工原料,辽宁,19980902,000881.SZ,20010105,27.63,27.74,27.36,27.45,27.63,-0.18,-0.65,3017.83,8320.179,0.4106,0.8622,0.5,116.5401,107.7381,12.265,10.0665,8.4036,0.0,,19307.4,7350.0,3500.0,529988.13,201757.5,,,3.191
000881,中广核技,化工原料,辽宁,19980902,000881.SZ,20010104,27.9,27.94,27.5,27.63,27.92,-0.29,-1.04,3117.4,8647.1898,0.4241,0.8907,0.35,117.3043,108.4446,12.3454,10.1325,8.4587,0.0,,19307.4,7350.0,3500.0,533463.462,203080.5,,,3.191
000881,中广核技,化工原料,辽宁,19980902,000881.SZ,20010103,27.98,28.08,27.77,27.92,27.99,-0.07,-0.25,3222.83,9005.716,0.4385,0.9208,0.34,118.5355,109.5828,12.475,10.2388,8.5475,0.0,,19307.4,7350.0,3500.0,539062.608,205212.0,,,3.191
000881,中广核技,化工原料,辽宁,19980902,000881.SZ,20010102,27.75,28.3,27.6,27.99,27.75,0.24,0.86,4592.44,12823.3064,0.6248,1.3121,0.49,118.8327,109.8576,12.5063,10.2645,8.5689,0.0,,19307.4,7350.0,3500.0,540414.126,205726.5,,,3.191
000881,中广核技,化工原料,辽宁,19980902,000881.SZ,20001229,27.54,27.8,27.4,27.75,27.54,0.21,0.76,5594.0,15472.9245,0.8879,1.5983,0.52,104.8165,96.9,11.0312,9.0538,7.5583,0.858,,17177.4,6300.0,3500.0,476672.85,174825.0,,,3.191
000881,中广核技,化工原料,辽宁,19980902,000881.SZ,20001228,27.93,27.99,27.51,27.54,27.93,-0.39,-1.4,13568.0,37719.924,2.1537,3.8766,1.21,104.0233,96.1667,10.9477,8.9853,7.5011,0.8645,,17177.4,6300.0,3500.0,473065.596,173502.0,,,3.191
000881,中广核技,化工原料,辽宁,19980902,000881.SZ,20001227,27.72,28.04,27.5,27.93,27.82,0.11,0.4,17706.51,49060.9059,2.8106,5.059,1.9,105.4964,97.5285,11.1027,9.1126,7.6073,0.8525,,17177.4,6300.0,3500.0,479764.782,175959.0,,,3.191
000881,中广核技,化工原料,辽宁,19980902,000881.SZ,20001226,27.69,27.96,27.17,27.82,27.69,0.13,0.47,5906.77,16366.4582,0.9376,1.6876,0.67,105.0809,97.1444,11.059,9.0767,7.5773,0.8558,,17177.4,6300.0,3500.0,477875.268,175266.0,,,3.191
000881,中广核技,化工原料,辽宁,19980902,000881.SZ,20001225,27.94,27.96,27.25,27.69,27.94,-0.25,-0.89,4328.0,11996.5344,0.687,1.2366,0.5,104.5898,96.6905,11.0073,9.0343,7.5419,0.8599,,17177.4,6300.0,3500.0,475642.206,174447.0,,,3.191
000881,中广核技,化工原料,辽宁,19980902,000881.SZ,20001222,27.74,28.07,27.74,27.94,27.74,0.2,0.72,12046.0,33609.2929,1.9121,3.4417,1.7,105.5341,97.5634,11.1067,9.1158,7.61,0.8522,,17177.4,6300.0,3500.0,479936.556,176022.0,,,3.191
000881,中广核技,化工原料,辽宁,19980902,000881.SZ,20001221,27.43,27.78,27.36,27.74,27.35,0.39,1.43,15914.98,43891.6661,2.5262,4.5471,3.45,104.7787,96.8651,11.0272,9.0506,7.5555,0.8583,,17177.4,6300.0,3500.0,476501.076,174762.0,,,3.191
000881,中广核技,化工原料,辽宁,19980902,000881.SZ,20001220,27.02,27.58,26.6,27.35,27.02,0.33,1.22,8299.8,22548.5876,1.3174,2.3714,2.24,103.3056,95.5032,10.8722,8.9233,7.4493,0.8705,,17177.4,6300.0,3500.0,469801.89,172305.0,,,3.191
000881,中广核技,化工原料,辽宁,19980902,000881.SZ,20001219,27.18,27.35,26.65,27.02,27.0,0.02,0.07,3422.32,9221.5519,0.5432,0.9778,0.7,102.0591,94.3509,10.741,8.8157,7.3594,0.8812,,17177.4,6300.0,3500.0,464133.348,170226.0,,,3.191
000881,中广核技,化工原料,辽宁,19980902,000881.SZ,20001218,27.38,27.41,26.96,27.0,27.32,-0.32,-1.17,3504.0,9520.7444,0.5562,1.0011,0.61,101.9836,94.2811,10.733,8.8091,7.354,0.8818,,17177.4,6300.0,3500.0,463789.8,170100.0,,,3.191
000881,中广核技,化工原料,辽宁,19980902,000881.SZ,20001215,27.45,27.6,27.1,27.32,27.38,-0.06,-0.22,4218.45,11535.0419,0.6696,1.2053,0.65,103.1923,95.3985,10.8602,8.9135,7.4411,0.8715,,17177.4,6300.0,3500.0,469286.568,172116.0,,,3.191
000881,中广核技,化工原料,辽宁,19980902,000881.SZ,20001214,28.08,28.22,27.1,27.38,28.05,-0.67,-2.39,3636.0,10019.4905,0.5771,1.0389,0.52,103.4189,95.608,10.8841,8.9331,7.4575,0.8696,,17177.4,6300.0,3500.0,470317.212,172494.0,,,3.191
000881,中广核技,化工原料,辽宁,19980902,000881.SZ,20001213,28.16,28.52,27.88,28.05,28.16,-0.11,-0.39,3775.42,10657.1921,0.5993,1.0787,0.54,105.9496,97.9476,11.1504,9.1517,7.64,0.8488,,17177.4,6300.0,3500.0,481826.07,176715.0,,,3.191
000881,中广核技,化工原料,辽宁,19980902,000881.SZ,20001212,27.28,28.35,27.28,28.16,27.28,0.88,3.23,9368.0,26229.908,1.487,2.6766,1.62,106.3651,98.3317,11.1942,9.1876,7.6699,0.8455,,17177.4,6300.0,3500.0,483715.584,177408.0,,,3.191
000881,中广核技,化工原料,辽宁,19980902,000881.SZ,20001211,27.13,27.58,27.1,27.28,27.25,0.03,0.11,7683.94,21013.9851,1.2197,2.1954,1.53,103.0412,95.2588,10.8443,8.9005,7.4302,0.8728,,17177.4,6300.0,3500.0,468599.472,171864.0,,,3.191
000881,中广核技,化工原料,辽宁,19980902,000881.SZ,20001208,27.67,27.75,27.0,27.25,27.67,-0.42,-1.52,7836.16,21398.4205,1.2438,2.2389,1.95,102.9279,95.154,10.8324,8.8907,7.4221,0.8737,,17177.4,6300.0,3500.0,468084.15,171675.0,,,3.191
000881,中广核技,化工原料,辽宁,19980902,000881.SZ,20001207,28.18,28.2,27.62,27.67,28.11,-0.44,-1.57,6117.85,17039.7218,0.9711,1.748,1.72,104.5143,96.6206,10.9994,9.0277,7.5365,0.8605,,17177.4,6300.0,3500.0,475298.658,174321.0,,,3.191
000881,中广核技,化工原料,辽宁,19980902,000881.SZ,20001206,28.6,28.6,27.99,28.11,28.45,-0.34,-1.2,3813.0,10771.246,,,,,,,,,,,,,,,,,,3.191
000881,中广核技,化工原料,辽宁,19980902,000881.SZ,20001205,28.78,28.8,28.35,28.45,28.76,-0.31,-1.08,3541.0,10103.5625,,,,,,,,,,,,,,,,,,3.191
000881,中广核技,化工原料,辽宁,19980902,000881.SZ,20001204,29.1,29.14,28.38,28.76,29.13,-0.37,-1.27,3761.0,10810.3001,,,,,,,,,,,,,,,,,,3.191
000881,中广核技,化工原料,辽宁,19980902,000881.SZ,20001201,28.88,29.28,28.7,29.13,28.97,0.16,0.55,2909.13,8419.5567,,,,,,,,,,,,,,,,,,3.191
000881,中广核技,化工原料,辽宁,19980902,000881.SZ,20001130,28.62,29.15,28.6,28.97,28.56,0.41,1.44,3774.23,10899.4779,,,,,,,,,,,,,,,,,,3.191
000881,中广核技,化工原料,辽宁,19980902,000881.SZ,20001129,29.08,29.16,28.5,28.56,29.0,-0.44,-1.52,3337.0,9633.807,,,,,,,,,,,,,,,,,,3.191
000881,中广核技,化工原料,辽宁,19980902,000881.SZ,20001128,29.18,29.51,29.0,29.0,29.22,-0.22,-0.75,4159.0,12195.0717,,,,,,,,,,,,,,,,,,3.191
000881,中广核技,化工原料,辽宁,19980902,000881.SZ,20001127,29.2,29.9,28.62,29.22,29.24,-0.02,-0.07,5137.88,15122.2496,,,,,,,,,,,,,,,,,,3.191
000881,中广核技,化工原料,辽宁,19980902,000881.SZ,20001124,32.55,32.65,31.7,31.79,32.55,-0.76,-2.33,4640.21,14959.7279,,,,,,,,,,,,,,,,,,3.191
000881,中广核技,化工原料,辽宁,19980902,000881.SZ,20001123,32.94,33.43,32.2,32.55,32.94,-0.39,-1.18,8089.03,26501.9596,,,,,,,,,,,,,,,,,,3.191
000881,中广核技,化工原料,辽宁,19980902,000881.SZ,20001122,33.14,33.16,32.7,32.94,33.16,-0.22,-0.66,5729.9,18864.2954,,,,,,,,,,,,,,,,,,3.191
000881,中广核技,化工原料,辽宁,19980902,000881.SZ,20001121,33.74,33.9,33.0,33.16,33.74,-0.58,-1.72,4801.0,16059.1966,,,,,,,,,,,,,,,,,,3.191
000881,中广核技,化工原料,辽宁,19980902,000881.SZ,20001120,33.66,34.26,33.4,33.74,33.55,0.19,0.57,7700.8,26121.7064,,,,,,,,,,,,,,,,,,3.191
000881,中广核技,化工原料,辽宁,19980902,000881.SZ,20001117,34.0,34.12,33.3,33.55,34.15,-0.6,-1.76,9315.0,31511.2252,,,,,,,,,,,,,,,,,,3.191
000881,中广核技,化工原料,辽宁,19980902,000881.SZ,20001116,32.3,34.34,32.3,34.15,32.32,1.83,5.66,11650.0,39107.5142,,,,,,,,,,,,,,,,,,3.191
000881,中广核技,化工原料,辽宁,19980902,000881.SZ,20001115,31.9,32.46,31.9,32.32,31.93,0.39,1.22,4781.0,15392.5528,,,,,,,,,,,,,,,,,,3.191
000881,中广核技,化工原料,辽宁,19980902,000881.SZ,20001114,31.8,32.08,31.7,31.93,31.78,0.15,0.47,4526.0,14450.1186,,,,,,,,,,,,,,,,,,3.191
000881,中广核技,化工原料,辽宁,19980902,000881.SZ,20001113,31.9,31.98,31.29,31.78,31.96,-0.18,-0.56,4616.0,14617.9909,,,,,,,,,,,,,,,,,,3.191
000881,中广核技,化工原料,辽宁,19980902,000881.SZ,20001110,31.98,32.2,31.8,31.96,32.01,-0.05,-0.16,3367.0,10766.4382,,,,,,,,,,,,,,,,,,3.191
000881,中广核技,化工原料,辽宁,19980902,000881.SZ,20001109,31.95,32.06,31.5,32.01,31.95,0.06,0.19,3269.0,10392.391,,,,,,,,,,,,,,,,,,3.191
000881,中广核技,化工原料,辽宁,19980902,000881.SZ,20001108,31.9,32.1,31.78,31.95,31.94,0.01,0.03,3106.0,9923.3211,,,,,,,,,,,,,,,,,,3.191
000881,中广核技,化工原料,辽宁,19980902,000881.SZ,20001107,31.85,32.04,31.85,31.94,31.85,0.09,0.28,2996.0,9560.8716,,,,,,,,,,,,,,,,,,3.191
000881,中广核技,化工原料,辽宁,19980902,000881.SZ,20001106,31.76,32.08,31.75,31.85,31.76,0.09,0.28,3638.0,11590.9078,,,,,,,,,,,,,,,,,,3.191
000881,中广核技,化工原料,辽宁,19980902,000881.SZ,20001103,31.53,31.88,31.5,31.76,31.49,0.27,0.86,2237.0,7096.8398,,,,,,,,,,,,,,,,,,3.191
000881,中广核技,化工原料,辽宁,19980902,000881.SZ,20001102,31.46,31.64,31.0,31.49,31.46,0.03,0.1,3729.0,11700.9904,,,,,,,,,,,,,,,,,,3.191
000881,中广核技,化工原料,辽宁,19980902,000881.SZ,20001101,31.46,31.94,31.25,31.46,31.43,0.03,0.1,2896.0,9157.1807,,,,,,,,,,,,,,,,,,3.191
000881,中广核技,化工原料,辽宁,19980902,000881.SZ,20001031,31.95,32.0,31.25,31.43,31.95,-0.52,-1.63,3142.0,9962.6427,,,,,,,,,,,,,,,,,,3.191
000881,中广核技,化工原料,辽宁,19980902,000881.SZ,20001030,31.82,31.98,31.27,31.95,31.82,0.13,0.41,3415.0,10791.9568,,,,,,,,,,,,,,,,,,3.191
000881,中广核技,化工原料,辽宁,19980902,000881.SZ,20001027,31.9,32.28,31.5,31.82,31.9,-0.08,-0.25,3327.0,10630.6693,,,,,,,,,,,,,,,,,,3.191
000881,中广核技,化工原料,辽宁,19980902,000881.SZ,20001026,31.68,32.05,31.68,31.9,31.65,0.25,0.79,2460.0,7839.9522,,,,,,,,,,,,,,,,,,3.191
000881,中广核技,化工原料,辽宁,19980902,000881.SZ,20001025,31.49,32.22,31.11,31.65,31.49,0.16,0.51,7062.0,22380.1694,,,,,,,,,,,,,,,,,,3.191
000881,中广核技,化工原料,辽宁,19980902,000881.SZ,20001024,31.72,32.02,31.3,31.49,31.71,-0.22,-0.69,3207.0,10154.0377,,,,,,,,,,,,,,,,,,3.191
000881,中广核技,化工原料,辽宁,19980902,000881.SZ,20001023,32.02,32.12,31.4,31.71,32.13,-0.42,-1.31,3037.0,9646.1266,,,,,,,,,,,,,,,,,,3.191
000881,中广核技,化工原料,辽宁,19980902,000881.SZ,20001020,30.88,32.18,30.88,32.13,30.88,1.25,4.05,9866.0,31162.0312,,,,,,,,,,,,,,,,,,3.191
000881,中广核技,化工原料,辽宁,19980902,000881.SZ,20001019,31.52,31.56,30.46,30.88,31.52,-0.64,-2.03,9410.0,28940.5724,,,,,,,,,,,,,,,,,,3.191
000881,中广核技,化工原料,辽宁,19980902,000881.SZ,20001018,32.09,32.24,31.18,31.52,31.97,-0.45,-1.41,5494.0,17522.1513,,,,,,,,,,,,,,,,,,3.191
000881,中广核技,化工原料,辽宁,19980902,000881.SZ,20001017,29.96,31.99,29.96,31.97,29.96,2.01,6.71,5798.0,18109.5745,,,,,,,,,,,,,,,,,,3.191
000881,中广核技,化工原料,辽宁,19980902,000881.SZ,20001016,30.5,30.52,29.7,29.96,30.48,-0.52,-1.71,2958.0,8870.0884,,,,,,,,,,,,,,,,,,3.191
000881,中广核技,化工原料,辽宁,19980902,000881.SZ,20001013,30.8,30.9,30.26,30.48,30.78,-0.3,-0.97,3318.0,10152.7425,,,,,,,,,,,,,,,,,,3.191
000881,中广核技,化工原料,辽宁,19980902,000881.SZ,20001012,31.0,31.07,30.5,30.78,31.0,-0.22,-0.71,4296.0,13241.1362,,,,,,,,,,,,,,,,,,3.191
000881,中广核技,化工原料,辽宁,19980902,000881.SZ,20001011,30.9,31.48,30.9,31.0,30.94,0.06,0.19,4553.0,14197.8874,,,,,,,,,,,,,,,,,,3.191
000881,中广核技,化工原料,辽宁,19980902,000881.SZ,20001010,31.82,31.88,30.71,30.94,31.82,-0.88,-2.77,4235.0,13218.8996,,,,,,,,,,,,,,,,,,3.191
000881,中广核技,化工原料,辽宁,19980902,000881.SZ,20001009,31.78,32.16,31.29,31.82,31.66,0.16,0.51,5264.0,16716.5152,,,,,,,,,,,,,,,,,,3.191
000881,中广核技,化工原料,辽宁,19980902,000881.SZ,20000929,30.8,31.75,30.2,31.66,30.86,0.8,2.59,9150.0,28301.5246,,,,,,,,,,,,,,,,,,3.191
000881,中广核技,化工原料,辽宁,19980902,000881.SZ,20000928,31.7,31.72,30.68,30.86,31.71,-0.85,-2.68,7628.0,23845.4229,,,,,,,,,,,,,,,,,,3.191
000881,中广核技,化工原料,辽宁,19980902,000881.SZ,20000927,32.06,33.25,31.58,31.71,32.03,-0.32,-1.0,14671.0,47791.4337,,,,,,,,,,,,,,,,,,3.191
000881,中广核技,化工原料,辽宁,19980902,000881.SZ,20000926,30.62,32.07,30.1,32.03,30.6,1.43,4.67,14102.0,44161.2173,,,,,,,,,,,,,,,,,,3.191
000881,中广核技,化工原料,辽宁,19980902,000881.SZ,20000925,28.89,30.68,28.89,30.6,28.88,1.72,5.96,9362.0,28031.0309,,,,,,,,,,,,,,,,,,3.191
000881,中广核技,化工原料,辽宁,19980902,000881.SZ,20000922,28.91,29.02,28.45,28.88,28.89,-0.01,-0.03,4249.0,12236.7543,,,,,,,,,,,,,,,,,,3.191
000881,中广核技,化工原料,辽宁,19980902,000881.SZ,20000921,28.29,28.93,28.26,28.89,28.19,0.7,2.48,6589.0,18863.8296,,,,,,,,,,,,,,,,,,3.191
000881,中广核技,化工原料,辽宁,19980902,000881.SZ,20000920,27.8,28.39,27.8,28.19,28.01,0.18,0.64,1955.0,5503.0916,,,,,,,,,,,,,,,,,,3.191
000881,中广核技,化工原料,辽宁,19980902,000881.SZ,20000919,28.5,28.5,27.67,28.01,28.66,-0.65,-2.27,2885.0,8075.9782,,,,,,,,,,,,,,,,,,3.191
000881,中广核技,化工原料,辽宁,19980902,000881.SZ,20000918,28.86,28.95,28.65,28.66,28.86,-0.2,-0.69,2088.0,6021.8126,,,,,,,,,,,,,,,,,,3.191
000881,中广核技,化工原料,辽宁,19980902,000881.SZ,20000915,28.83,29.02,28.76,28.86,28.83,0.03,0.1,5425.0,15664.3125,,,,,,,,,,,,,,,,,,3.191
000881,中广核技,化工原料,辽宁,19980902,000881.SZ,20000914,28.42,28.91,28.42,28.83,28.46,0.37,1.3,8463.0,24298.3629,,,,,,,,,,,,,,,,,,3.191
000881,中广核技,化工原料,辽宁,19980902,000881.SZ,20000913,27.82,28.63,27.8,28.46,27.79,0.67,2.41,10625.0,30078.1596,,,,,,,,,,,,,,,,,,3.191
000881,中广核技,化工原料,辽宁,19980902,000881.SZ,20000912,27.21,27.85,27.21,27.79,27.21,0.58,2.13,7366.0,20318.7418,,,,,,,,,,,,,,,,,,3.191
000881,中广核技,化工原料,辽宁,19980902,000881.SZ,20000911,27.3,27.4,27.12,27.21,27.29,-0.08,-0.29,1382.0,3773.6816,,,,,,,,,,,,,,,,,,3.191
000881,中广核技,化工原料,辽宁,19980902,000881.SZ,20000908,27.46,27.58,27.0,27.29,27.46,-0.17,-0.62,1927.0,5272.9861,,,,,,,,,,,,,,,,,,3.191
000881,中广核技,化工原料,辽宁,19980902,000881.SZ,20000907,26.5,27.9,26.5,27.46,26.41,1.05,3.98,8119.0,22226.8298,,,,,,,,,,,,,,,,,,3.191
000881,中广核技,化工原料,辽宁,19980902,000881.SZ,20000906,27.09,27.13,26.0,26.41,27.09,-0.68,-2.51,2514.8,6654.173,,,,,,,,,,,,,,,,,,3.191
000881,中广核技,化工原料,辽宁,19980902,000881.SZ,20000905,27.21,27.75,27.0,27.09,27.46,-0.37,-1.35,2559.0,7047.2729,,,,,,,,,,,,,,,,,,3.191
000881,中广核技,化工原料,辽宁,19980902,000881.SZ,20000904,27.38,27.74,27.04,27.46,27.38,0.08,0.29,3802.0,10401.5716,,,,,,,,,,,,,,,,,,3.191
000881,中广核技,化工原料,辽宁,19980902,000881.SZ,20000901,27.5,27.5,27.08,27.38,27.52,-0.14,-0.51,5546.0,15120.8147,,,,,,,,,,,,,,,,,,3.191
000881,中广核技,化工原料,辽宁,19980902,000881.SZ,20000831,27.48,27.93,26.95,27.52,27.64,-0.12,-0.43,11618.0,31793.5665,,,,,,,,,,,,,,,,,,3.191
000881,中广核技,化工原料,辽宁,19980902,000881.SZ,20000830,27.3,27.9,26.98,27.64,27.3,0.34,1.25,8774.0,24224.5192,,,,,,,,,,,,,,,,,,3.191
000881,中广核技,化工原料,辽宁,19980902,000881.SZ,20000829,26.73,27.48,26.58,27.3,26.73,0.57,2.13,6163.0,16660.7088,,,,,,,,,,,,,,,,,,3.191
000881,中广核技,化工原料,辽宁,19980902,000881.SZ,20000828,26.78,26.84,26.1,26.73,26.88,-0.15,-0.56,2474.0,6536.757,,,,,,,,,,,,,,,,,,3.191
000881,中广核技,化工原料,辽宁,19980902,000881.SZ,20000825,26.72,27.75,26.0,26.88,26.72,0.16,0.6,7860.0,21100.2033,,,,,,,,,,,,,,,,,,3.191
000881,中广核技,化工原料,辽宁,19980902,000881.SZ,20000824,26.68,26.94,26.5,26.72,26.74,-0.02,-0.07,3030.0,8096.5019,,,,,,,,,,,,,,,,,,3.191
000881,中广核技,化工原料,辽宁,19980902,000881.SZ,20000823,27.33,27.33,26.0,26.74,27.35,-0.61,-2.23,5349.0,14210.845,,,,,,,,,,,,,,,,,,3.191
000881,中广核技,化工原料,辽宁,19980902,000881.SZ,20000822,27.6,28.22,27.3,27.35,26.94,0.41,1.52,12611.0,34971.9843,,,,,,,,,,,,,,,,,,3.191
000881,中广核技,化工原料,辽宁,19980902,000881.SZ,20000821,26.21,27.4,25.87,26.94,26.16,0.78,2.98,14510.0,38704.2144,,,,,,,,,,,,,,,,,,3.191
000881,中广核技,化工原料,辽宁,19980902,000881.SZ,20000818,26.0,26.2,25.46,26.16,26.01,0.15,0.58,5626.0,14499.4846,,,,,,,,,,,,,,,,,,3.191
000881,中广核技,化工原料,辽宁,19980902,000881.SZ,20000817,26.27,26.4,26.0,26.01,26.27,-0.26,-0.99,5333.0,13952.8486,,,,,,,,,,,,,,,,,,3.191
000881,中广核技,化工原料,辽宁,19980902,000881.SZ,20000816,26.62,26.97,26.08,26.27,26.57,-0.3,-1.13,9566.0,25431.992,,,,,,,,,,,,,,,,,,3.191
000881,中广核技,化工原料,辽宁,19980902,000881.SZ,20000815,25.29,26.6,25.25,26.57,25.29,1.28,5.06,16494.0,42936.7931,,,,,,,,,,,,,,,,,,3.191
000881,中广核技,化工原料,辽宁,19980902,000881.SZ,20000814,25.11,25.55,25.11,25.29,25.11,0.18,0.72,3835.0,9720.9597,,,,,,,,,,,,,,,,,,3.191
000881,中广核技,化工原料,辽宁,19980902,000881.SZ,20000811,24.9,25.3,24.45,25.11,24.87,0.24,0.97,8085.0,20165.6706,,,,,,,,,,,,,,,,,,3.191
000881,中广核技,化工原料,辽宁,19980902,000881.SZ,20000810,24.49,24.98,24.02,24.87,24.49,0.38,1.55,9266.0,22766.5932,,,,,,,,,,,,,,,,,,3.191
000881,中广核技,化工原料,辽宁,19980902,000881.SZ,20000809,25.08,25.19,24.35,24.49,25.08,-0.59,-2.35,20320.0,50221.4943,,,,,,,,,,,,,,,,,,3.191
000881,中广核技,化工原料,辽宁,19980902,000881.SZ,20000808,25.45,25.6,24.93,25.08,25.45,-0.37,-1.45,11601.0,29326.358,,,,,,,,,,,,,,,,,,3.191
000881,中广核技,化工原料,辽宁,19980902,000881.SZ,20000807,25.81,26.26,25.25,25.45,25.81,-0.36,-1.39,5732.0,14768.0687,,,,,,,,,,,,,,,,,,3.191
000881,中广核技,化工原料,辽宁,19980902,000881.SZ,20000804,25.65,26.0,25.65,25.81,25.65,0.16,0.62,7742.0,19999.0596,,,,,,,,,,,,,,,,,,3.191
000881,中广核技,化工原料,辽宁,19980902,000881.SZ,20000803,25.07,25.77,25.07,25.65,25.07,0.58,2.31,8999.0,22874.9325,,,,,,,,,,,,,,,,,,3.191
000881,中广核技,化工原料,辽宁,19980902,000881.SZ,20000802,24.86,25.28,24.67,25.07,24.84,0.23,0.93,5920.0,14794.5274,,,,,,,,,,,,,,,,,,3.191
000881,中广核技,化工原料,辽宁,19980902,000881.SZ,20000801,25.4,25.88,24.71,24.84,25.41,-0.57,-2.24,6575.0,16669.2504,,,,,,,,,,,,,,,,,,3.191
000881,中广核技,化工原料,辽宁,19980902,000881.SZ,20000731,25.82,26.0,25.16,25.41,25.94,-0.53,-2.04,11028.0,28111.2735,,,,,,,,,,,,,,,,,,3.191
000881,中广核技,化工原料,辽宁,19980902,000881.SZ,20000728,26.37,26.65,25.74,25.94,26.37,-0.43,-1.63,9682.0,25423.6113,,,,,,,,,,,,,,,,,,3.191
000881,中广核技,化工原料,辽宁,19980902,000881.SZ,20000727,26.3,26.75,25.7,26.37,26.24,0.13,0.5,13882.0,36289.7856,,,,,,,,,,,,,,,,,,3.191
000881,中广核技,化工原料,辽宁,19980902,000881.SZ,20000726,26.18,26.6,25.65,26.24,26.13,0.11,0.42,12979.0,34050.5157,,,,,,,,,,,,,,,,,,3.191
000881,中广核技,化工原料,辽宁,19980902,000881.SZ,20000725,23.88,26.18,23.88,26.13,25.34,0.79,3.12,10872.0,27479.3741,,,,,,,,,,,,,,,,,,3.191
000881,中广核技,化工原料,辽宁,19980902,000881.SZ,20000724,26.45,26.45,25.28,25.34,26.45,-1.11,-4.2,5671.0,14551.0908,,,,,,,,,,,,,,,,,,3.191
000881,中广核技,化工原料,辽宁,19980902,000881.SZ,20000721,27.39,27.39,25.86,26.45,27.16,-0.71,-2.61,11433.0,30384.7807,,,,,,,,,,,,,,,,,,3.191
000881,中广核技,化工原料,辽宁,19980902,000881.SZ,20000720,25.47,27.6,25.47,27.16,25.47,1.69,6.64,18571.0,49896.5775,,,,,,,,,,,,,,,,,,3.191
000881,中广核技,化工原料,辽宁,19980902,000881.SZ,20000719,45.88,46.06,45.5,45.84,45.82,0.02,0.04,5139.0,23534.9638,,,,,,,,,,,,,,,,,,3.191
000881,中广核技,化工原料,辽宁,19980902,000881.SZ,20000718,45.79,45.9,45.2,45.82,45.79,0.03,0.07,1504.0,6850.8514,,,,,,,,,,,,,,,,,,3.191
000881,中广核技,化工原料,辽宁,19980902,000881.SZ,20000717,44.0,45.96,44.0,45.79,43.97,1.82,4.14,4342.0,19715.378,,,,,,,,,,,,,,,,,,3.191
000881,中广核技,化工原料,辽宁,19980902,000881.SZ,20000714,43.23,43.99,43.21,43.97,43.25,0.72,1.66,5310.0,23108.8149,,,,,,,,,,,,,,,,,,3.191
000881,中广核技,化工原料,辽宁,19980902,000881.SZ,20000713,43.07,43.3,42.5,43.25,43.07,0.18,0.42,1249.0,5368.1544,,,,,,,,,,,,,,,,,,3.191
000881,中广核技,化工原料,辽宁,19980902,000881.SZ,20000712,42.66,43.76,42.3,43.07,42.6,0.47,1.1,1596.0,6887.6762,,,,,,,,,,,,,,,,,,3.191
000881,中广核技,化工原料,辽宁,19980902,000881.SZ,20000711,42.5,42.73,42.2,42.6,42.62,-0.02,-0.05,1168.0,4956.424,,,,,,,,,,,,,,,,,,3.191
000881,中广核技,化工原料,辽宁,19980902,000881.SZ,20000710,42.95,43.5,42.05,42.62,42.95,-0.33,-0.77,1019.0,4382.112,,,,,,,,,,,,,,,,,,3.191
000881,中广核技,化工原料,辽宁,19980902,000881.SZ,20000707,43.0,43.0,41.2,42.95,42.95,0.0,0.0,1446.0,6155.9709,,,,,,,,,,,,,,,,,,3.191
000881,中广核技,化工原料,辽宁,19980902,000881.SZ,20000706,43.98,44.0,42.95,42.95,43.99,-1.04,-2.36,867.0,3753.6268,,,,,,,,,,,,,,,,,,3.191
000881,中广核技,化工原料,辽宁,19980902,000881.SZ,20000705,43.5,44.22,43.14,43.99,43.5,0.49,1.13,1676.0,7347.3451,,,,,,,,,,,,,,,,,,3.191
000881,中广核技,化工原料,辽宁,19980902,000881.SZ,20000704,43.54,43.72,42.95,43.5,43.54,-0.04,-0.09,740.0,3218.0937,,,,,,,,,,,,,,,,,,3.191
000881,中广核技,化工原料,辽宁,19980902,000881.SZ,20000703,42.5,43.58,42.25,43.54,42.5,1.04,2.45,2215.0,9513.6766,,,,,,,,,,,,,,,,,,3.191
000881,中广核技,化工原料,辽宁,19980902,000881.SZ,20000630,42.38,42.55,42.14,42.5,42.39,0.11,0.26,3206.0,13614.673,,,,,,,,,,,,,,,,,,3.191
000881,中广核技,化工原料,辽宁,19980902,000881.SZ,20000629,42.39,42.5,41.8,42.39,42.4,-0.01,-0.02,602.0,2547.6801,,,,,,,,,,,,,,,,,,3.191
000881,中广核技,化工原料,辽宁,19980902,000881.SZ,20000628,41.92,42.43,41.55,42.4,41.92,0.48,1.15,1055.0,4437.8621,,,,,,,,,,,,,,,,,,3.191
000881,中广核技,化工原料,辽宁,19980902,000881.SZ,20000627,42.2,42.25,41.0,41.92,42.2,-0.28,-0.66,1146.0,4759.9975,,,,,,,,,,,,,,,,,,3.191
000881,中广核技,化工原料,辽宁,19980902,000881.SZ,20000626,42.99,43.06,41.8,42.2,42.99,-0.79,-1.84,1296.0,5467.538,,,,,,,,,,,,,,,,,,3.191
000881,中广核技,化工原料,辽宁,19980902,000881.SZ,20000623,43.25,43.25,42.7,42.99,43.48,-0.49,-1.13,578.0,2485.0335,,,,,,,,,,,,,,,,,,3.191
000881,中广核技,化工原料,辽宁,19980902,000881.SZ,20000622,43.08,43.5,42.7,43.48,43.08,0.4,0.93,679.0,2930.4695,,,,,,,,,,,,,,,,,,3.191
000881,中广核技,化工原料,辽宁,19980902,000881.SZ,20000621,43.41,43.62,43.0,43.08,43.41,-0.33,-0.76,810.0,3506.4,,,,,,,,,,,,,,,,,,3.191
000881,中广核技,化工原料,辽宁,19980902,000881.SZ,20000620,42.98,43.7,42.98,43.41,42.98,0.43,1.0,1017.0,4410.332,,,,,,,,,,,,,,,,,,3.191
000881,中广核技,化工原料,辽宁,19980902,000881.SZ,20000616,42.69,43.25,42.25,42.98,42.65,0.33,0.77,2335.0,9977.9716,,,,,,,,,,,,,,,,,,3.191
000881,中广核技,化工原料,辽宁,19980902,000881.SZ,20000615,42.7,43.67,42.15,42.65,42.69,-0.04,-0.09,1329.0,5754.003,,,,,,,,,,,,,,,,,,3.191
000881,中广核技,化工原料,辽宁,19980902,000881.SZ,20000614,42.32,42.73,42.1,42.69,42.32,0.37,0.87,758.0,3219.9108,,,,,,,,,,,,,,,,,,3.191
000881,中广核技,化工原料,辽宁,19980902,000881.SZ,20000613,42.4,42.4,42.0,42.32,42.35,-0.03,-0.07,561.0,2366.371,,,,,,,,,,,,,,,,,,3.191
000881,中广核技,化工原料,辽宁,19980902,000881.SZ,20000612,42.48,42.55,41.66,42.35,42.48,-0.13,-0.31,1702.0,7130.1276,,,,,,,,,,,,,,,,,,3.191
000881,中广核技,化工原料,辽宁,19980902,000881.SZ,20000609,42.98,42.98,41.95,42.48,42.92,-0.44,-1.03,1209.0,5128.6726,,,,,,,,,,,,,,,,,,3.191
000881,中广核技,化工原料,辽宁,19980902,000881.SZ,20000608,43.2,43.45,42.0,42.92,43.37,-0.45,-1.04,1041.0,4461.8255,,,,,,,,,,,,,,,,,,3.191
000881,中广核技,化工原料,辽宁,19980902,000881.SZ,20000607,43.6,43.82,42.75,43.37,43.57,-0.2,-0.46,817.0,3533.782,,,,,,,,,,,,,,,,,,3.191
000881,中广核技,化工原料,辽宁,19980902,000881.SZ,20000606,43.82,44.2,42.7,43.57,43.8,-0.23,-0.53,1356.0,5892.5438,,,,,,,,,,,,,,,,,,3.191
000881,中广核技,化工原料,辽宁,19980902,000881.SZ,20000605,44.55,45.19,43.63,43.8,44.49,-0.69,-1.55,2793.0,12401.8282,,,,,,,,,,,,,,,,,,3.191
000881,中广核技,化工原料,辽宁,19980902,000881.SZ,20000602,44.48,44.94,43.5,44.49,44.42,0.07,0.16,3142.0,13880.1238,,,,,,,,,,,,,,,,,,1.993
000881,中广核技,化工原料,辽宁,19980902,000881.SZ,20000601,42.79,45.45,42.79,44.42,42.79,1.63,3.81,10193.0,45194.6425,,,,,,,,,,,,,,,,,,1.993
000881,中广核技,化工原料,辽宁,19980902,000881.SZ,20000531,42.91,43.11,41.7,42.79,42.85,-0.06,-0.14,1762.0,7499.6396,,,,,,,,,,,,,,,,,,1.993
000881,中广核技,化工原料,辽宁,19980902,000881.SZ,20000530,41.08,43.78,41.0,42.85,40.98,1.87,4.56,11572.0,49569.2969,,,,,,,,,,,,,,,,,,1.993
000881,中广核技,化工原料,辽宁,19980902,000881.SZ,20000529,38.25,41.12,38.21,40.98,38.11,2.87,7.53,12928.0,51855.2862,,,,,,,,,,,,,,,,,,1.993
000881,中广核技,化工原料,辽宁,19980902,000881.SZ,20000526,38.88,38.88,38.0,38.11,38.83,-0.72,-1.85,1781.0,6853.381,,,,,,,,,,,,,,,,,,1.993
000881,中广核技,化工原料,辽宁,19980902,000881.SZ,20000525,38.33,38.88,37.52,38.83,38.33,0.5,1.3,3166.0,12205.8106,,,,,,,,,,,,,,,,,,1.993
000881,中广核技,化工原料,辽宁,19980902,000881.SZ,20000524,37.93,38.7,37.61,38.33,37.93,0.4,1.05,6209.0,23808.2137,,,,,,,,,,,,,,,,,,1.993
000881,中广核技,化工原料,辽宁,19980902,000881.SZ,20000523,38.0,38.2,37.5,37.93,38.0,-0.07,-0.18,2393.0,9087.38,,,,,,,,,,,,,,,,,,1.993
000881,中广核技,化工原料,辽宁,19980902,000881.SZ,20000522,38.0,38.5,37.3,38.0,38.0,0.0,0.0,3294.0,12543.0776,,,,,,,,,,,,,,,,,,1.993
000881,中广核技,化工原料,辽宁,19980902,000881.SZ,20000519,38.84,38.92,37.8,38.0,38.82,-0.82,-2.11,1032.0,3960.249,,,,,,,,,,,,,,,,,,1.993
000881,中广核技,化工原料,辽宁,19980902,000881.SZ,20000518,38.6,39.2,38.3,38.82,38.44,0.38,0.99,4247.0,16422.9245,,,,,,,,,,,,,,,,,,1.993
000881,中广核技,化工原料,辽宁,19980902,000881.SZ,20000517,37.78,38.46,37.25,38.44,37.7,0.74,1.96,10352.0,39223.6164,,,,,,,,,,,,,,,,,,1.993
000881,中广核技,化工原料,辽宁,19980902,000881.SZ,20000516,35.58,37.88,35.58,37.7,35.6,2.1,5.9,5835.0,21212.6992,,,,,,,,,,,,,,,,,,1.993
000881,中广核技,化工原料,辽宁,19980902,000881.SZ,20000515,36.45,36.87,35.15,35.6,36.51,-0.91,-2.49,2115.0,7530.3166,,,,,,,,,,,,,,,,,,1.993
000881,中广核技,化工原料,辽宁,19980902,000881.SZ,20000512,36.47,36.59,35.0,36.51,36.47,0.04,0.11,854.0,3067.3278,,,,,,,,,,,,,,,,,,1.993
000881,中广核技,化工原料,辽宁,19980902,000881.SZ,20000511,37.1,37.25,36.3,36.47,37.1,-0.63,-1.7,2174.0,8060.664,,,,,,,,,,,,,,,,,,1.993
000881,中广核技,化工原料,辽宁,19980902,000881.SZ,20000510,37.75,37.9,36.7,37.1,37.76,-0.66,-1.75,786.0,2937.264,,,,,,,,,,,,,,,,,,1.993
000881,中广核技,化工原料,辽宁,19980902,000881.SZ,20000509,38.2,38.2,37.25,37.76,38.2,-0.44,-1.15,507.0,1916.7355,,,,,,,,,,,,,,,,,,1.993
000881,中广核技,化工原料,辽宁,19980902,000881.SZ,20000508,37.8,38.2,37.7,38.2,37.7,0.5,1.33,995.0,3771.508,,,,,,,,,,,,,,,,,,1.993
000881,中广核技,化工原料,辽宁,19980902,000881.SZ,20000428,37.63,37.75,37.43,37.7,37.63,0.07,0.19,855.0,3217.0835,,,,,,,,,,,,,,,,,,1.993
000881,中广核技,化工原料,辽宁,19980902,000881.SZ,20000427,37.7,37.75,37.0,37.63,37.73,-0.1,-0.27,1130.0,4230.069,,,,,,,,,,,,,,,,,,1.993
000881,中广核技,化工原料,辽宁,19980902,000881.SZ,20000426,37.0,37.9,36.93,37.73,37.0,0.73,1.97,4559.0,17041.7028,,,,,,,,,,,,,,,,,,1.993
000881,中广核技,化工原料,辽宁,19980902,000881.SZ,20000425,37.0,37.38,36.55,37.0,36.97,0.03,0.08,488.0,1798.4195,,,,,,,,,,,,,,,,,,1.993
000881,中广核技,化工原料,辽宁,19980902,000881.SZ,20000424,37.25,37.3,36.8,36.97,37.24,-0.27,-0.73,611.0,2269.6073,,,,,,,,,,,,,,,,,,1.993
000881,中广核技,化工原料,辽宁,19980902,000881.SZ,20000421,37.26,37.35,36.95,37.24,37.26,-0.02,-0.05,649.0,2412.1781,,,,,,,,,,,,,,,,,,1.993
000881,中广核技,化工原料,辽宁,19980902,000881.SZ,20000420,36.86,37.29,36.66,37.26,36.86,0.4,1.09,2246.0,8287.2198,,,,,,,,,,,,,,,,,,1.993
000881,中广核技,化工原料,辽宁,19980902,000881.SZ,20000419,36.6,37.25,36.52,36.86,36.6,0.26,0.71,1505.0,5547.454,,,,,,,,,,,,,,,,,,1.993
000881,中广核技,化工原料,辽宁,19980902,000881.SZ,20000418,36.75,36.98,36.35,36.6,37.0,-0.4,-1.08,979.0,3589.0,,,,,,,,,,,,,,,,,,1.993
000881,中广核技,化工原料,辽宁,19980902,000881.SZ,20000417,37.12,37.18,36.56,37.0,37.12,-0.12,-0.32,596.0,2199.5563,,,,,,,,,,,,,,,,,,1.993
000881,中广核技,化工原料,辽宁,19980902,000881.SZ,20000414,37.04,37.4,36.7,37.12,37.04,0.08,0.22,958.0,3539.387,,,,,,,,,,,,,,,,,,1.993
000881,中广核技,化工原料,辽宁,19980902,000881.SZ,20000413,37.15,37.31,36.89,37.04,37.25,-0.21,-0.56,916.0,3389.6498,,,,,,,,,,,,,,,,,,1.993
000881,中广核技,化工原料,辽宁,19980902,000881.SZ,20000412,37.6,38.05,36.8,37.25,37.75,-0.5,-1.32,1140.0,4227.5852,,,,,,,,,,,,,,,,,,1.993
000881,中广核技,化工原料,辽宁,19980902,000881.SZ,20000411,38.2,38.32,37.0,37.75,38.2,-0.45,-1.18,2295.0,8608.0894,,,,,,,,,,,,,,,,,,1.993
000881,中广核技,化工原料,辽宁,19980902,000881.SZ,20000410,38.29,38.47,38.0,38.2,38.3,-0.1,-0.26,2051.0,7841.4061,,,,,,,,,,,,,,,,,,1.993
000881,中广核技,化工原料,辽宁,19980902,000881.SZ,20000407,38.88,39.0,37.75,38.3,38.8,-0.5,-1.29,4100.0,15765.1498,,,,,,,,,,,,,,,,,,1.993
000881,中广核技,化工原料,辽宁,19980902,000881.SZ,20000406,37.09,39.0,37.09,38.8,36.83,1.97,5.35,11780.0,45199.5503,,,,,,,,,,,,,,,,,,1.993
000881,中广核技,化工原料,辽宁,19980902,000881.SZ,20000405,36.66,37.1,36.55,36.83,36.6,0.23,0.63,3788.0,13975.25,,,,,,,,,,,,,,,,,,1.993
000881,中广核技,化工原料,辽宁,19980902,000881.SZ,20000404,36.7,37.02,36.4,36.6,36.8,-0.2,-0.54,8891.0,32615.2917,,,,,,,,,,,,,,,,,,1.993
000881,中广核技,化工原料,辽宁,19980902,000881.SZ,20000403,36.78,36.9,36.28,36.8,36.69,0.11,0.3,12275.0,45079.6454,,,,,,,,,,,,,,,,,,1.993
000881,中广核技,化工原料,辽宁,19980902,000881.SZ,20000331,36.2,37.09,36.01,36.69,36.1,0.59,1.63,14937.0,54978.4227,,,,,,,,,,,,,,,,,,1.993
000881,中广核技,化工原料,辽宁,19980902,000881.SZ,20000330,35.8,36.33,35.65,36.1,35.66,0.44,1.23,3258.0,11730.9518,,,,,,,,,,,,,,,,,,1.993
000881,中广核技,化工原料,辽宁,19980902,000881.SZ,20000329,35.97,36.1,35.38,35.66,35.97,-0.31,-0.86,1355.0,4823.125,,,,,,,,,,,,,,,,,,1.993
000881,中广核技,化工原料,辽宁,19980902,000881.SZ,20000328,36.23,37.03,35.75,35.97,36.38,-0.41,-1.13,2702.0,9844.5149,,,,,,,,,,,,,,,,,,1.993
000881,中广核技,化工原料,辽宁,19980902,000881.SZ,20000327,36.54,36.75,35.7,36.38,36.54,-0.16,-0.44,2705.0,9825.4581,,,,,,,,,,,,,,,,,,1.993
000881,中广核技,化工原料,辽宁,19980902,000881.SZ,20000324,37.11,37.56,36.0,36.54,37.11,-0.57,-1.54,3138.0,11600.7927,,,,,,,,,,,,,,,,,,1.993
000881,中广核技,化工原料,辽宁,19980902,000881.SZ,20000323,37.97,38.22,36.98,37.11,37.97,-0.86,-2.26,2198.0,8264.0684,,,,,,,,,,,,,,,,,,1.993
000881,中广核技,化工原料,辽宁,19980902,000881.SZ,20000322,38.0,38.0,35.98,37.97,36.74,1.23,3.35,5094.0,19086.0236,,,,,,,,,,,,,,,,,,1.993
000881,中广核技,化工原料,辽宁,19980902,000881.SZ,20000321,36.36,36.77,36.36,36.74,36.39,0.35,0.96,2842.0,10422.4553,,,,,,,,,,,,,,,,,,1.993
000881,中广核技,化工原料,辽宁,19980902,000881.SZ,20000320,35.7,36.47,35.55,36.39,35.76,0.63,1.76,5853.0,21210.5885,,,,,,,,,,,,,,,,,,1.993
000881,中广核技,化工原料,辽宁,19980902,000881.SZ,20000317,35.0,35.85,34.9,35.76,34.97,0.79,2.26,2098.0,7404.8944,,,,,,,,,,,,,,,,,,1.993
000881,中广核技,化工原料,辽宁,19980902,000881.SZ,20000316,35.52,35.53,34.1,34.97,35.52,-0.55,-1.55,1622.0,5645.496,,,,,,,,,,,,,,,,,,1.993
000881,中广核技,化工原料,辽宁,19980902,000881.SZ,20000315,35.39,35.58,35.2,35.52,35.3,0.22,0.62,1130.0,4002.5974,,,,,,,,,,,,,,,,,,1.993
000881,中广核技,化工原料,辽宁,19980902,000881.SZ,20000314,35.88,35.88,34.46,35.3,35.58,-0.28,-0.79,2419.0,8510.1046,,,,,,,,,,,,,,,,,,1.993
000881,中广核技,化工原料,辽宁,19980902,000881.SZ,20000313,35.5,35.82,35.0,35.58,35.43,0.15,0.42,6314.0,22244.6145,,,,,,,,,,,,,,,,,,1.993
000881,中广核技,化工原料,辽宁,19980902,000881.SZ,20000310,35.13,35.73,34.85,35.43,35.28,0.15,0.43,10398.0,36516.4202,,,,,,,,,,,,,,,,,,1.993
000881,中广核技,化工原料,辽宁,19980902,000881.SZ,20000309,35.88,36.15,34.91,35.28,35.8,-0.52,-1.45,4519.0,16150.1982,,,,,,,,,,,,,,,,,,1.993
000881,中广核技,化工原料,辽宁,19980902,000881.SZ,20000308,35.0,36.1,35.0,35.8,35.0,0.8,2.29,8046.0,28624.0362,,,,,,,,,,,,,,,,,,1.993
000881,中广核技,化工原料,辽宁,19980902,000881.SZ,20000307,35.3,35.55,34.8,35.0,35.38,-0.38,-1.07,7553.0,26585.362,,,,,,,,,,,,,,,,,,1.993
000881,中广核技,化工原料,辽宁,19980902,000881.SZ,20000306,35.45,36.67,34.8,35.38,35.4,-0.02,-0.06,4723.0,16957.675,,,,,,,,,,,,,,,,,,1.993
000881,中广核技,化工原料,辽宁,19980902,000881.SZ,20000303,36.0,36.2,35.0,35.4,36.39,-0.99,-2.72,3886.0,13882.342,,,,,,,,,,,,,,,,,,1.993
000881,中广核技,化工原料,辽宁,19980902,000881.SZ,20000302,35.7,36.73,35.45,36.39,35.65,0.74,2.08,14534.0,52597.7863,,,,,,,,,,,,,,,,,,1.993
000881,中广核技,化工原料,辽宁,19980902,000881.SZ,20000301,36.77,36.85,35.28,35.65,36.78,-1.13,-3.07,3208.0,11469.0,,,,,,,,,,,,,,,,,,1.993
000881,中广核技,化工原料,辽宁,19980902,000881.SZ,20000229,37.15,37.22,35.5,36.78,37.15,-0.37,-1.0,5160.0,18719.6483,,,,,,,,,,,,,,,,,,1.993
000881,中广核技,化工原料,辽宁,19980902,000881.SZ,20000228,36.3,37.2,36.0,37.15,36.75,0.4,1.09,9332.0,34244.1136,,,,,,,,,,,,,,,,,,1.993
000881,中广核技,化工原料,辽宁,19980902,000881.SZ,20000225,36.53,36.88,35.08,36.75,36.38,0.37,1.02,5155.0,18656.8925,,,,,,,,,,,,,,,,,,1.993
000881,中广核技,化工原料,辽宁,19980902,000881.SZ,20000224,33.0,36.46,33.0,36.38,34.26,2.12,6.19,22964.0,78677.989,,,,,,,,,,,,,,,,,,1.993
000881,中广核技,化工原料,辽宁,19980902,000881.SZ,20000223,34.56,36.05,33.75,34.26,34.12,0.14,0.41,11635.0,40465.7247,,,,,,,,,,,,,,,,,,1.993
000881,中广核技,化工原料,辽宁,19980902,000881.SZ,20000222,32.9,34.3,32.3,34.12,32.22,1.9,5.9,17124.0,57508.9958,,,,,,,,,,,,,,,,,,1.993
000881,中广核技,化工原料,辽宁,19980902,000881.SZ,20000221,33.95,34.22,32.0,32.22,33.86,-1.64,-4.84,5003.0,16494.9194,,,,,,,,,,,,,,,,,,1.993
000881,中广核技,化工原料,辽宁,19980902,000881.SZ,20000218,33.8,33.95,31.7,33.86,33.73,0.13,0.39,8930.0,29400.7522,,,,,,,,,,,,,,,,,,1.993
000881,中广核技,化工原料,辽宁,19980902,000881.SZ,20000217,35.85,37.06,32.25,33.73,35.83,-2.1,-5.86,14044.0,50007.8119,,,,,,,,,,,,,,,,,,1.993
000881,中广核技,化工原料,辽宁,19980902,000881.SZ,20000216,36.52,36.7,34.98,35.83,36.4,-0.57,-1.57,5601.0,20111.9284,,,,,,,,,,,,,,,,,,1.993
000881,中广核技,化工原料,辽宁,19980902,000881.SZ,20000215,34.6,37.46,34.58,36.4,34.59,1.81,5.23,26592.0,95418.507,,,,,,,,,,,,,,,,,,1.993
000881,中广核技,化工原料,辽宁,19980902,000881.SZ,20000214,32.0,34.61,32.0,34.59,31.5,3.09,9.81,21728.0,72241.838,,,,,,,,,,,,,,,,,,1.993
000881,中广核技,化工原料,辽宁,19980902,000881.SZ,20000128,31.85,32.72,30.8,31.5,31.75,-0.25,-0.79,12927.0,41156.6232,,,,,,,,,,,,,,,,,,1.993
000881,中广核技,化工原料,辽宁,19980902,000881.SZ,20000127,31.0,33.07,30.9,31.75,30.96,0.79,2.55,22012.0,70433.5816,,,,,,,,,,,,,,,,,,1.993
000881,中广核技,化工原料,辽宁,19980902,000881.SZ,20000126,30.3,31.19,29.51,30.96,30.39,0.57,1.88,14445.0,44147.4013,,,,,,,,,,,,,,,,,,1.993
000881,中广核技,化工原料,辽宁,19980902,000881.SZ,20000125,29.67,31.5,29.4,30.39,29.7,0.69,2.32,11437.0,34888.3562,,,,,,,,,,,,,,,,,,1.993
000881,中广核技,化工原料,辽宁,19980902,000881.SZ,20000124,29.7,29.88,28.0,29.7,29.48,0.22,0.75,17670.0,52009.8475,,,,,,,,,,,,,,,,,,1.993
000881,中广核技,化工原料,辽宁,19980902,000881.SZ,20000121,27.6,29.6,27.6,29.48,27.69,1.79,6.46,18780.0,54335.3804,,,,,,,,,,,,,,,,,,1.993
000881,中广核技,化工原料,辽宁,19980902,000881.SZ,20000120,27.82,27.9,27.4,27.69,27.85,-0.16,-0.57,660.0,1822.694,,,,,,,,,,,,,,,,,,1.993
000881,中广核技,化工原料,辽宁,19980902,000881.SZ,20000119,27.68,27.94,27.35,27.85,27.66,0.19,0.69,790.0,2184.444,,,,,,,,,,,,,,,,,,1.993
000881,中广核技,化工原料,辽宁,19980902,000881.SZ,20000118,28.0,28.02,27.4,27.66,28.0,-0.34,-1.21,1035.0,2867.224,,,,,,,,,,,,,,,,,,1.993
000881,中广核技,化工原料,辽宁,19980902,000881.SZ,20000117,27.97,28.05,27.4,28.0,28.0,0.0,0.0,339.0,943.073,,,,,,,,,,,,,,,,,,1.993
000881,中广核技,化工原料,辽宁,19980902,000881.SZ,20000114,27.8,28.17,27.8,28.0,27.86,0.14,0.5,4117.0,11491.5152,,,,,,,,,,,,,,,,,,1.993
000881,中广核技,化工原料,辽宁,19980902,000881.SZ,20000113,27.9,28.09,27.6,27.86,27.85,0.01,0.04,1142.0,3179.1075,,,,,,,,,,,,,,,,,,1.993
000881,中广核技,化工原料,辽宁,19980902,000881.SZ,20000112,28.66,28.89,27.8,27.85,28.58,-0.73,-2.55,1233.0,3523.3434,,,,,,,,,,,,,,,,,,1.993
000881,中广核技,化工原料,辽宁,19980902,000881.SZ,20000111,29.27,29.7,28.4,28.58,29.27,-0.69,-2.36,1847.0,5358.112,,,,,,,,,,,,,,,,,,1.993
000881,中广核技,化工原料,辽宁,19980902,000881.SZ,20000110,29.0,29.48,28.4,29.27,28.93,0.34,1.18,6403.0,18669.4752,,,,,,,,,,,,,,,,,,1.993
000881,中广核技,化工原料,辽宁,19980902,000881.SZ,20000107,27.96,29.0,27.5,28.93,27.96,0.97,3.47,7168.0,20336.8798,,,,,,,,,,,,,,,,,,1.993
000881,中广核技,化工原料,辽宁,19980902,000881.SZ,20000106,28.11,28.3,27.72,27.96,28.11,-0.15,-0.53,3191.0,8969.3808,,,,,,,,,,,,,,,,,,1.993
000881,中广核技,化工原料,辽宁,19980902,000881.SZ,20000105,27.96,28.36,27.81,28.11,27.96,0.15,0.54,9722.0,27330.7904,,,,,,,,,,,,,,,,,,1.993
000881,中广核技,化工原料,辽宁,19980902,000881.SZ,20000104,27.38,28.12,27.36,27.96,27.32,0.64,2.34,12369.0,34561.5391,,,,,,,,,,,,,,,,,,1.993
