code,name,industry,region,list_date,ts_code,trade_date,open,high,low,close,pre_close,change,pct_change,volume,amount,turnover_rate,turnover_rate_free,volume_ratio,pe,pe_ttm,pb,ps,ps_ttm,dividend_yield,dividend_yield_ttm,total_share,float_share,free_share,total_mv,circ_mv,limit_up,limit_down,adj_factor
002920,德赛西威,汽车配件,广东,20171226,002920.SZ,20250908,123.45,126.48,122.44,123.95,123.1,0.85,0.6905,93283.05,1159666.129,1.6864,3.3831,0.89,34.3093,28.7926,7.1379,2.4906,2.2501,0.6778,0.9681,55494.9301,55313.5812,27572.997,6878596.5859,6856118.3897,135.41,110.79,1.0537
002920,德赛西威,汽车配件,广东,20171226,002920.SZ,20250905,120.13,123.24,119.18,123.1,119.91,3.19,2.6603,83101.86,1010916.787,1.5024,3.0139,0.76,34.0741,28.5952,7.0889,2.4735,2.2347,0.6824,0.9748,55494.9301,55313.5812,27572.997,6831425.8953,6809101.8457,131.9,107.92,1.0537
002920,德赛西威,汽车配件,广东,20171226,002920.SZ,20250904,122.2,125.86,118.01,119.91,122.0,-2.09,-1.7131,108131.01,1309563.427,1.9549,3.9216,0.97,33.1911,27.8542,6.9052,2.4094,2.1768,0.7006,1.0008,55494.9301,55313.5812,27572.997,6654397.0683,6632651.5217,134.2,109.8,1.0537
002920,德赛西威,汽车配件,广东,20171226,002920.SZ,20250903,122.21,124.68,121.0,122.0,121.31,0.69,0.5688,80273.0,986189.129,1.4512,2.9113,0.62,33.7696,28.3396,7.0256,2.4514,2.2147,0.6886,0.9836,55494.9301,55313.5812,27572.997,6770381.4722,6748256.9064,133.44,109.18,1.0537
002920,德赛西威,汽车配件,广东,20171226,002920.SZ,20250902,125.55,126.0,120.74,121.31,126.37,-5.06,-4.0041,120875.82,1481616.781,2.1853,4.3838,0.93,33.5786,28.1794,6.9859,2.4376,2.2022,0.6925,0.9892,55494.9301,55313.5812,27572.997,6732089.9704,6710090.5354,139.01,113.73,1.0537
002920,德赛西威,汽车配件,广东,20171226,002920.SZ,20250901,127.8,128.6,123.45,126.37,127.13,-0.76,-0.5978,129114.66,1617299.975,2.3342,4.6826,1.03,34.9792,29.3548,7.2772,2.5392,2.2941,0.6648,0.9496,55494.9301,55313.5812,27572.997,7012894.3167,6989977.2562,139.84,114.42,1.0537
002920,德赛西威,汽车配件,广东,20171226,002920.SZ,20250829,133.0,133.0,126.31,127.13,128.75,-1.62,-1.2583,110911.81,1424788.324,2.0051,4.0225,0.91,35.1896,29.5313,7.321,2.5545,2.3079,0.6608,0.9439,55494.9301,55313.5812,27572.997,7055070.4636,7032015.578,141.63,115.88,1.0537
002920,德赛西威,汽车配件,广东,20171226,002920.SZ,20250828,126.23,130.0,125.0,128.75,126.48,2.27,1.7948,116729.04,1491564.345,2.1103,4.2335,0.99,35.638,29.9076,7.4143,2.5871,2.3373,0.6525,0.932,55494.9301,55313.5812,27572.997,7144972.2504,7121623.5795,139.13,113.83,1.0537
002920,德赛西威,汽车配件,广东,20171226,002920.SZ,20250827,126.06,133.1,126.06,126.48,124.9,1.58,1.265,166113.7,2158125.959,3.0031,6.0245,1.47,35.0097,29.3803,7.2836,2.5415,2.2961,0.6642,0.9488,55494.9301,55313.5812,27572.997,7018998.759,6996061.7502,137.39,112.41,1.0537
002920,德赛西威,汽车配件,广东,20171226,002920.SZ,20250826,120.16,126.66,119.11,124.9,119.98,4.92,4.1007,126308.51,1570027.347,2.2835,4.5809,1.13,34.5723,29.0133,7.1926,2.5097,2.2674,0.6726,0.9608,55494.9301,55313.5812,27572.997,6931316.7695,6908666.2919,131.98,107.98,1.0537
002920,德赛西威,汽车配件,广东,20171226,002920.SZ,20250825,121.49,122.22,118.58,119.98,119.18,0.8,0.6713,107575.36,1293912.241,1.9448,3.9015,0.94,33.2105,27.8704,6.9093,2.4108,2.1781,0.7002,1.0002,55494.9301,55313.5812,27572.997,6658281.7134,6636523.4724,131.1,107.26,1.0537
002920,德赛西威,汽车配件,广东,20171226,002920.SZ,20250822,118.0,119.66,117.03,119.18,118.7,0.48,0.4044,94795.51,1122417.884,1.7138,3.438,0.85,32.989,27.6846,6.8632,2.3948,2.1635,0.7049,1.0069,55494.9301,55313.5812,27572.997,6613885.7693,6592272.6074,130.57,106.83,1.0533
002920,德赛西威,汽车配件,广东,20171226,002920.SZ,20250821,119.8,119.98,117.79,118.7,119.16,-0.46,-0.386,96418.25,1145691.999,1.7431,3.4968,0.87,32.8561,27.5731,6.8356,2.3851,2.1548,0.7077,1.011,55494.9301,55313.5812,27572.997,6587248.2029,6565722.0884,131.08,107.24,1.0533
002920,德赛西威,汽车配件,广东,20171226,002920.SZ,20250820,113.88,119.65,112.97,119.16,113.95,5.21,4.5722,141068.53,1650306.96,2.5503,5.1379,1.38,32.9835,27.6799,6.862,2.3944,2.1632,0.705,1.007,55494.9301,55313.5812,27456.657,6612775.8707,6591166.3358,125.35,102.56,1.0533
002920,德赛西威,汽车配件,广东,20171226,002920.SZ,20250819,112.2,117.0,111.61,113.95,112.01,1.94,1.732,117099.63,1335622.789,2.117,4.2649,0.89,31.5413,26.4697,6.562,2.2897,2.0686,0.7372,1.0531,55494.9301,55313.5812,27456.657,6323647.2849,6302982.5777,123.21,100.81,1.0533
002920,德赛西威,汽车配件,广东,20171226,002920.SZ,20250818,110.79,113.92,110.11,112.01,108.96,3.05,2.7992,120709.53,1354212.721,2.1823,4.4882,0.99,31.0044,26.019,6.4503,2.2507,2.0334,0.75,1.0713,55494.9301,55313.5812,26894.658,6215987.1205,6195674.2302,119.86,98.06,1.0533
002920,德赛西威,汽车配件,广东,20171226,002920.SZ,20250815,108.74,110.44,108.33,108.96,109.19,-0.23,-0.2106,81852.95,895258.536,1.4798,3.0435,0.72,30.1601,25.3106,6.2747,2.1894,1.978,0.771,1.1013,55494.9301,55313.5812,26894.658,6046727.5837,6026967.8076,120.11,98.27,1.0533
002920,德赛西威,汽车配件,广东,20171226,002920.SZ,20250814,113.25,113.66,108.78,109.19,112.7,-3.51,-3.1145,94560.86,1047354.225,1.7095,3.516,0.91,30.2238,25.364,6.2879,2.194,1.9822,0.7694,1.099,55494.9301,55313.5812,26894.658,6059491.4176,6039689.9312,123.97,101.43,1.0537
002920,德赛西威,汽车配件,广东,20171226,002920.SZ,20250813,112.98,114.11,112.04,112.7,113.91,-1.21,-1.0622,98248.19,1107910.731,1.7762,3.6531,0.97,31.1954,26.1793,6.49,2.2646,2.0459,0.7454,1.0648,55494.9301,55313.5812,26894.658,6254278.6223,6233840.6012,125.3,102.52,1.0537
002920,德赛西威,汽车配件,广东,20171226,002920.SZ,20250812,110.29,116.0,110.29,113.91,106.02,7.89,7.442,261197.35,2968748.709,4.7221,9.7119,4.42,31.5303,26.4604,6.5597,2.2889,2.0679,0.7375,1.0535,55494.9301,55313.5812,26894.658,6321427.4877,6300770.0345,116.62,95.42,1.0537
002920,德赛西威,汽车配件,广东,20171226,002920.SZ,20250811,102.8,106.7,102.8,106.02,103.3,2.72,2.6331,75087.79,790419.145,1.3575,2.7919,1.48,29.3463,26.7149,6.1546,2.1303,2.0456,0.7924,1.1319,55494.9301,55313.5812,26894.658,5883572.4892,5864345.8788,113.63,92.97,1.0537
002920,德赛西威,汽车配件,广东,20171226,002920.SZ,20250808,104.54,104.54,103.11,103.3,104.65,-1.35,-1.29,42522.34,440848.477,0.7688,1.5811,0.8,28.5934,26.0296,5.9967,2.0757,1.9931,0.8132,1.1617,55494.9301,55313.5812,26894.658,5732626.2793,5713892.938,115.12,94.19,1.0537
002920,德赛西威,汽车配件,广东,20171226,002920.SZ,20250807,106.0,106.17,104.42,104.65,105.95,-1.3,-1.227,41026.58,430818.19,0.7417,1.5255,0.7,28.9671,26.3697,6.0751,2.1028,2.0192,0.8028,1.1467,55494.9301,55313.5812,26894.658,5807544.435,5788566.2726,116.55,95.36,1.0537
002920,德赛西威,汽车配件,广东,20171226,002920.SZ,20250806,103.49,107.23,103.01,105.95,103.31,2.64,2.5554,87510.13,922062.026,1.5821,3.3249,1.66,29.327,26.6973,6.1505,2.1289,2.0442,0.7929,1.1326,55494.9301,55313.5812,26319.8426,5879687.8441,5860473.9281,113.64,92.98,1.0537
002920,德赛西威,汽车配件,广东,20171226,002920.SZ,20250805,102.74,104.2,102.2,103.31,102.63,0.68,0.6626,49160.01,507071.322,0.8888,1.8678,0.88,28.5962,26.0321,5.9973,2.0759,1.9933,0.8132,1.1616,55494.9301,55313.5812,26319.8426,5733181.2286,5714446.0738,112.89,92.37,1.0537
002920,德赛西威,汽车配件,广东,20171226,002920.SZ,20250804,102.0,102.71,101.5,102.63,102.92,-0.29,-0.2818,33312.42,340050.011,0.6022,1.2657,0.5,28.408,25.8607,5.9578,2.0622,1.9802,0.8186,1.1692,55494.9301,55313.5812,26319.8426,5695444.6762,5676832.8386,113.21,92.63,1.0537
002920,德赛西威,汽车配件,广东,20171226,002920.SZ,20250801,101.6,104.59,101.53,102.92,101.59,1.33,1.3092,56141.17,577461.462,1.015,2.133,0.86,28.4882,25.9338,5.9746,2.068,1.9858,0.8163,1.166,55494.9301,55313.5812,26319.8426,5711538.2059,5692873.7771,111.75,91.43,1.0537
002920,德赛西威,汽车配件,广东,20171226,002920.SZ,20250731,104.0,104.69,101.29,101.59,104.4,-2.81,-2.6916,64853.43,667367.935,1.1725,2.4641,1.05,28.1201,25.5987,5.8974,2.0413,1.9601,0.8269,1.1812,55494.9301,55313.5812,26319.8426,5637729.9489,5619306.7141,114.84,93.96,1.0537
002920,德赛西威,汽车配件,广东,20171226,002920.SZ,20250730,106.48,106.56,103.76,104.4,106.91,-2.51,-2.3478,59934.31,629480.245,1.0835,2.2772,0.98,28.8979,26.3067,6.0606,2.0978,2.0143,0.8047,1.1494,55494.9301,55313.5812,26319.8426,5793670.7024,5774737.8773,117.6,96.22,1.0537
002920,德赛西威,汽车配件,广东,20171226,002920.SZ,20250729,105.07,107.2,103.9,106.91,105.5,1.41,1.3365,66266.41,701278.851,1.198,2.5553,1.17,29.5927,26.9392,6.2063,2.1482,2.0628,0.7858,1.1224,55494.9301,55313.5812,25933.0026,5932962.977,5913574.9661,116.05,94.95,1.0537
002920,德赛西威,汽车配件,广东,20171226,002920.SZ,20250728,105.6,108.44,104.88,105.5,104.45,1.05,1.0053,85459.78,908740.83,1.545,3.2954,1.77,29.2024,26.5839,6.1244,2.1199,2.0356,0.7963,1.1374,55494.9301,55313.5812,25933.0026,5854715.1256,5835582.8166,114.9,94.01,1.0537
002920,德赛西威,汽车配件,广东,20171226,002920.SZ,20250725,105.3,105.58,104.0,104.45,104.58,-0.13,-0.1243,49207.71,515452.885,0.8896,1.8975,1.06,28.9118,26.3193,6.0635,2.0988,2.0153,0.8043,1.1489,55494.9301,55313.5812,25933.0026,5796445.4489,5777503.5563,115.04,94.12,1.0537
002920,德赛西威,汽车配件,广东,20171226,002920.SZ,20250724,103.57,104.58,103.19,104.58,103.31,1.27,1.2293,49053.31,509566.168,0.8868,1.8915,1.1,28.9477,26.3521,6.071,2.1014,2.0178,0.8033,1.1474,55494.9301,55313.5812,25933.0026,5803659.7899,5784694.3219,113.64,92.98,1.0537
002920,德赛西威,汽车配件,广东,20171226,002920.SZ,20250723,103.54,105.13,103.18,103.31,103.6,-0.29,-0.2799,55702.37,579818.924,1.007,2.1479,1.18,28.5962,26.0321,5.9973,2.0759,1.9933,0.8132,1.1616,55494.9301,55313.5812,25933.0026,5733181.2286,5714446.0738,113.96,93.24,1.0537
002920,德赛西威,汽车配件,广东,20171226,002920.SZ,20250722,103.4,103.78,102.25,103.6,103.4,0.2,0.1934,43233.6,445215.536,0.7816,1.6671,0.97,28.6765,26.1051,6.0141,2.0817,1.9989,0.8109,1.1583,55494.9301,55313.5812,25933.0026,5749274.7584,5730487.0123,113.74,93.06,1.0537
002920,德赛西威,汽车配件,广东,20171226,002920.SZ,20250721,103.45,104.9,103.0,103.4,103.4,0.0,0.0,43707.0,452759.11,0.7902,1.6854,1.04,28.6211,26.0548,6.0025,2.0777,1.995,0.8125,1.1605,55494.9301,55313.5812,25933.0026,5738175.7723,5719424.2961,113.74,93.06,1.0537
002920,德赛西威,汽车配件,广东,20171226,002920.SZ,20250718,104.06,105.49,103.01,103.4,103.85,-0.45,-0.4333,40230.63,418163.596,0.7273,1.5513,0.99,28.6211,26.0548,6.0025,2.0777,1.995,0.8125,1.1605,55494.9301,55313.5812,25933.0026,5738175.7723,5719424.2961,114.24,93.47,1.0537
002920,德赛西威,汽车配件,广东,20171226,002920.SZ,20250717,103.83,104.21,102.85,103.85,103.82,0.03,0.0289,39567.36,409043.8,0.7153,1.5258,1.02,28.7457,26.1681,6.0286,2.0867,2.0037,0.8089,1.1555,55494.9301,55313.5812,25933.0026,5763148.4909,5744315.4076,114.2,93.44,1.0537
002920,德赛西威,汽车配件,广东,20171226,002920.SZ,20250716,102.2,104.89,101.9,103.82,101.86,1.96,1.9242,68436.24,710224.051,1.2372,2.639,1.9,28.7374,26.1606,6.0269,2.0861,2.0031,0.8092,1.1558,55494.9301,55313.5812,25933.0026,5761483.643,5742656.0002,112.05,91.67,1.0537
002920,德赛西威,汽车配件,广东,20171226,002920.SZ,20250715,101.42,102.48,100.92,101.86,101.62,0.24,0.2362,31210.03,317182.874,0.5642,1.2035,0.84,28.1948,25.6667,5.9131,2.0467,1.9653,0.8247,1.1781,55494.9301,55313.5812,25933.0026,5652713.58,5634241.381,111.78,91.46,1.0537
002920,德赛西威,汽车配件,广东,20171226,002920.SZ,20250714,101.97,102.43,101.35,101.62,101.96,-0.34,-0.3335,29821.85,303708.046,0.5391,1.15,0.83,28.1284,25.6062,5.8992,2.0419,1.9607,0.8267,1.1809,55494.9301,55313.5812,25933.0026,5639394.7968,5620966.1215,112.16,91.76,1.0537
002920,德赛西威,汽车配件,广东,20171226,002920.SZ,20250711,101.91,102.79,101.5,101.96,101.96,0.0,0.0,33933.47,346500.883,0.6135,1.3085,0.97,28.2225,25.6919,5.9189,2.0488,1.9673,0.8239,1.1769,55494.9301,55313.5812,25933.0026,5658263.073,5639772.7392,112.16,91.76,1.0537
002920,德赛西威,汽车配件,广东,20171226,002920.SZ,20250710,102.45,102.47,100.87,101.96,102.48,-0.52,-0.5074,30630.01,311184.687,0.5538,1.1811,0.87,28.2225,25.6919,5.9189,2.0488,1.9673,0.8239,1.1769,55494.9301,55313.5812,25933.0026,5658263.073,5639772.7392,112.73,92.23,1.0537
002920,德赛西威,汽车配件,广东,20171226,002920.SZ,20250709,101.55,103.58,101.55,102.48,101.54,0.94,0.9257,54555.21,560122.243,0.9863,2.1037,1.74,28.3665,25.8229,5.9491,2.0592,1.9773,0.8198,1.171,55494.9301,55313.5812,25933.0026,5687120.4366,5668535.8014,111.69,91.39,1.0537
002920,德赛西威,汽车配件,广东,20171226,002920.SZ,20250708,100.18,102.63,100.01,101.54,100.25,1.29,1.2868,37218.05,377939.248,0.6729,1.4352,1.22,28.1063,25.5861,5.8945,2.0403,1.9591,0.8273,1.1818,55494.9301,55313.5812,25933.0026,5634955.2024,5616541.035,110.28,90.23,1.0537
002920,德赛西威,汽车配件,广东,20171226,002920.SZ,20250707,101.02,101.6,99.81,100.25,101.62,-1.37,-1.3482,24351.47,244293.794,0.4402,0.939,0.69,27.7492,25.261,5.8196,2.0144,1.9343,0.838,1.197,55494.9301,55313.5812,25933.0026,5563366.7425,5545186.5153,111.78,91.46,1.0537
002920,德赛西威,汽车配件,广东,20171226,002920.SZ,20250704,101.63,102.59,100.68,101.62,101.62,0.0,0.0,28213.21,286529.187,0.5101,1.0879,0.61,28.1284,25.6062,5.8992,2.0419,1.9607,0.8267,1.1809,55494.9301,55313.5812,25933.0026,5639394.7968,5620966.1215,111.78,91.46,1.0537
002920,德赛西威,汽车配件,广东,20171226,002920.SZ,20250703,100.9,102.0,100.2,101.62,100.4,1.22,1.2151,32142.13,325962.083,0.5811,1.2394,0.64,28.1284,25.6062,5.8992,2.0419,1.9607,0.8267,1.1809,55494.9301,55313.5812,25933.0026,5639394.7968,5620966.1215,110.44,90.36,1.0537
002920,德赛西威,汽车配件,广东,20171226,002920.SZ,20250702,101.8,101.8,100.05,100.4,102.12,-1.72,-1.6843,34509.88,348050.878,0.6239,1.3307,0.62,27.7907,25.2988,5.8284,2.0174,1.9372,0.8367,1.1952,55494.9301,55313.5812,25933.0026,5571690.982,5553483.5525,112.33,91.91,1.0537
002920,德赛西威,汽车配件,广东,20171226,002920.SZ,20250701,101.8,102.77,101.26,102.12,102.13,-0.01,-0.0098,33628.42,342991.639,0.608,1.2967,0.5,28.2668,25.7322,5.9282,2.052,1.9703,0.8226,1.1751,55494.9301,55313.5812,25933.0026,5667142.2618,5648622.9121,112.34,91.92,1.0537
002920,德赛西威,汽车配件,广东,20171226,002920.SZ,20250630,102.12,103.0,101.68,102.13,102.13,0.0,0.0,46939.08,478891.307,0.8486,1.81,0.71,28.2696,25.7347,5.9288,2.0522,1.9705,0.8226,1.175,55494.9301,55313.5812,25933.0026,5667697.2111,5649176.048,112.34,91.92,1.0537
002920,德赛西威,汽车配件,广东,20171226,002920.SZ,20250627,106.11,107.0,102.02,102.13,101.92,0.21,0.206,82818.73,865628.371,1.4973,3.1936,1.5,28.2696,25.7347,5.9288,2.0522,1.9705,0.8226,1.175,55494.9301,55313.5812,25933.0026,5667697.2111,5649176.048,112.11,91.73,1.0537
002920,德赛西威,汽车配件,广东,20171226,002920.SZ,20250626,102.87,104.06,101.9,101.92,102.86,-0.94,-0.9139,51911.69,533538.451,0.9385,2.0018,0.97,28.2114,25.6818,5.9166,2.048,1.9665,0.8243,1.1774,55494.9301,55313.5812,25933.0026,5656043.2758,5637560.1959,113.15,92.57,1.0537
002920,德赛西威,汽车配件,广东,20171226,002920.SZ,20250625,102.03,103.48,100.59,102.86,101.92,0.94,0.9223,63398.08,645446.766,1.1462,2.4447,1.27,28.4716,25.9187,5.9712,2.0668,1.9846,0.8167,1.1666,55494.9301,55313.5812,25933.0026,5708208.5101,5689554.9622,112.11,91.73,1.0537
002920,德赛西威,汽车配件,广东,20171226,002920.SZ,20250624,99.89,103.33,99.5,101.92,97.45,4.47,4.587,93798.98,949387.973,1.6958,3.617,2.34,28.2114,25.6818,5.9166,2.048,1.9665,0.8243,1.1774,55494.9301,55313.5812,25933.0026,5656043.2758,5637560.1959,107.2,87.71,1.0537
002920,德赛西威,汽车配件,广东,20171226,002920.SZ,20250623,97.95,97.95,96.76,97.45,98.57,-1.12,-1.1362,36547.9,355728.424,0.6607,1.4093,0.82,26.9742,24.5555,5.6571,1.9581,1.8802,0.8621,1.2314,55494.9301,55313.5812,25933.0026,5407980.9382,5390308.4879,108.43,88.71,1.0537
002920,德赛西威,汽车配件,广东,20171226,002920.SZ,20250620,98.38,98.89,97.6,98.57,98.38,0.19,0.1931,30592.96,301082.026,0.5531,1.1797,0.61,27.2842,24.8377,5.7221,1.9806,1.9018,0.8523,1.2174,55494.9301,55313.5812,25933.0026,5470135.26,5452259.6989,108.22,88.54,1.0537
002920,德赛西威,汽车配件,广东,20171226,002920.SZ,20250619,98.38,99.83,97.82,98.38,98.38,0.0,0.0,44165.45,436435.824,0.7985,1.7031,0.85,27.2316,24.7898,5.7111,1.9768,1.8982,0.8539,1.2198,55494.9301,55313.5812,25933.0026,5459591.2232,5441750.1185,108.22,88.54,1.0537
002920,德赛西威,汽车配件,广东,20171226,002920.SZ,20250618,96.94,98.64,96.51,98.38,96.92,1.46,1.5064,43552.62,425646.605,0.7874,1.6794,0.76,27.2316,24.7898,5.7111,1.9768,1.8982,0.8539,1.2198,55494.9301,55313.5812,25933.0026,5459591.2232,5441750.1185,106.61,87.23,1.0537
002920,德赛西威,汽车配件,广东,20171226,002920.SZ,20250617,96.68,97.5,95.6,96.92,96.7,0.22,0.2275,45344.42,438019.45,0.8198,1.7485,0.77,26.8274,24.4219,5.6263,1.9475,1.87,0.8668,1.2381,55494.9301,55313.5812,25933.0026,5378568.6253,5360992.2899,106.37,87.03,1.0537
002920,德赛西威,汽车配件,广东,20171226,002920.SZ,20250616,98.0,98.31,96.21,96.7,98.05,-1.35,-1.3768,60528.31,585901.186,1.0943,2.334,0.85,26.7666,24.3665,5.6136,1.9431,1.8658,0.8688,1.241,55494.9301,55313.5812,25933.0026,5366359.7407,5348823.302,107.86,88.25,1.0537
002920,德赛西威,汽车配件,广东,20171226,002920.SZ,20250613,98.5,99.0,97.3,98.05,99.19,-1.14,-1.1493,57970.09,567811.941,1.048,2.2354,0.8,27.1402,24.7067,5.6919,1.9702,1.8918,0.8568,1.2239,55494.9301,55313.5812,25933.0026,5441277.8963,5423496.6367,109.11,89.27,1.0537
002920,德赛西威,汽车配件,广东,20171226,002920.SZ,20250612,99.61,100.0,98.88,99.19,100.32,-1.13,-1.1264,53826.03,534400.304,0.9731,2.0756,0.72,27.4558,24.9939,5.7581,1.9931,1.9138,0.8469,1.2098,55494.9301,55313.5812,25933.0026,5504542.1166,5486554.1192,110.35,90.29,1.0537
002920,德赛西威,汽车配件,广东,20171226,002920.SZ,20250611,100.8,102.68,100.03,100.32,99.62,0.7,0.7027,67957.78,687252.611,1.2286,2.6205,0.93,27.7686,25.2787,5.8237,2.0158,1.9356,0.8374,1.1962,55494.9301,55313.5812,25933.0026,5567251.3876,5549058.466,109.58,89.66,1.0537
002920,德赛西威,汽车配件,广东,20171226,002920.SZ,20250610,100.2,101.15,98.5,99.62,100.12,-0.5,-0.4994,55994.46,559081.768,1.0123,2.1592,0.71,27.5748,25.1023,5.7831,2.0017,1.9221,0.8433,1.2046,55494.9301,55313.5812,25933.0026,5528404.9366,5510338.9591,110.13,90.11,1.0537
002920,德赛西威,汽车配件,广东,20171226,002920.SZ,20250609,99.74,102.5,97.33,100.12,103.8,-3.68,-3.5453,120992.21,1212112.65,2.1874,4.6656,1.62,27.7132,25.2283,5.8121,2.0118,1.9317,0.8391,1.1986,55494.9301,55313.5812,25933.0026,5556152.4016,5537995.7497,114.18,93.42,1.0537
002920,德赛西威,汽车配件,广东,20171226,002920.SZ,20250606,106.14,106.36,103.5,103.8,106.0,-2.2,-2.0755,65266.03,680739.802,1.1799,2.5167,0.75,28.7318,26.1555,6.0257,2.0857,2.0028,0.8093,1.1561,55494.9301,55313.5812,25933.0026,5760373.7444,5741549.7286,116.6,95.4,1.0537
002920,德赛西威,汽车配件,广东,20171226,002920.SZ,20250605,107.4,107.73,105.88,106.0,107.35,-1.35,-1.2576,64951.56,690636.615,1.1742,2.5046,0.74,29.3408,26.7099,6.1534,2.1299,2.0452,0.7925,1.1321,55494.9301,55313.5812,25933.0026,5882462.5906,5863239.6072,118.09,96.62,1.0537
002920,德赛西威,汽车配件,广东,20171226,002920.SZ,20250604,107.12,108.3,106.27,107.35,106.63,0.72,0.6752,57768.94,620248.447,1.0444,2.2276,0.66,29.7145,27.0501,6.2318,2.1571,2.0712,0.7826,1.1178,55494.9301,55313.5812,25933.0026,5957380.7462,5937912.9418,117.29,95.97,1.0537
002920,德赛西威,汽车配件,广东,20171226,002920.SZ,20250603,109.5,110.4,106.5,106.63,110.56,-3.93,-3.5546,87016.51,934625.792,1.5731,3.3554,1.09,29.5152,26.8686,6.19,2.1426,2.0574,0.7879,1.1254,55494.9301,55313.5812,25933.0026,5917424.3966,5898087.1634,121.62,99.5,1.0537
002920,德赛西威,汽车配件,广东,20171226,002920.SZ,20250530,115.0,115.0,110.01,110.56,115.61,-5.05,-4.3681,99466.14,1110481.135,1.7982,3.8355,1.38,30.603,27.8589,6.4182,2.2216,2.1332,0.7598,1.0854,55494.9301,55313.5812,25933.0026,6135519.4719,6115469.5375,127.17,104.05,1.0537
002920,德赛西威,汽车配件,广东,20171226,002920.SZ,20250529,104.86,115.61,104.86,115.61,105.1,10.51,10.0,128488.23,1430462.912,2.3229,4.9546,2.25,32.0008,29.1314,6.7113,2.323,2.2306,0.7267,1.038,55494.9301,55313.5812,25933.0026,6415768.8689,6394803.1225,115.61,94.59,1.0537
002920,德赛西威,汽车配件,广东,20171226,002920.SZ,20250528,103.26,107.62,103.25,105.1,103.5,1.6,1.5459,65501.12,693412.974,1.1842,2.5258,1.16,29.0917,26.4831,6.1012,2.1118,2.0278,0.7993,1.1418,55494.9301,55313.5812,25933.0026,5832517.1535,5813457.3841,113.85,93.15,1.0537
002920,德赛西威,汽车配件,广东,20171226,002920.SZ,20250527,102.7,104.16,101.0,103.5,103.24,0.26,0.2518,56248.84,576796.236,1.0169,2.169,1.05,28.6488,26.08,6.0083,2.0797,1.997,0.8117,1.1594,55494.9301,55313.5812,25933.0026,5743725.2654,5724955.6542,113.56,92.92,1.0537
002920,德赛西威,汽车配件,广东,20171226,002920.SZ,20250526,105.46,106.0,102.53,103.24,105.6,-2.36,-2.2348,50447.52,522589.643,0.912,1.9453,0.96,28.5768,26.0144,5.9932,2.0745,1.9919,0.8137,1.1623,55494.9301,55313.5812,25933.0026,5729296.5835,5710574.1231,116.16,95.04,1.0537
002920,德赛西威,汽车配件,广东,20171226,002920.SZ,20250523,107.0,109.8,105.6,105.6,107.54,-1.94,-1.804,60478.67,650761.32,1.0934,2.3321,1.09,29.2301,26.6091,6.1302,2.1219,2.0375,0.7955,1.1364,55494.9301,55313.5812,25933.0026,5860264.6186,5841114.1747,118.29,96.79,1.0537
002920,德赛西威,汽车配件,广东,20171226,002920.SZ,20250522,107.06,110.88,106.9,107.54,108.0,-0.46,-0.4259,52535.59,572801.29,0.9498,2.0258,0.99,29.7671,27.098,6.2428,2.1609,2.0749,0.7812,1.1159,55494.9301,55313.5812,25933.0026,5967924.783,5948422.5222,118.8,97.2,1.0537
002920,德赛西威,汽车配件,广东,20171226,002920.SZ,20250521,105.73,109.79,105.31,108.0,105.7,2.3,2.176,63100.21,679118.841,1.1408,2.4332,1.34,29.8944,27.2139,6.2695,2.1701,2.0838,0.7779,1.1111,55494.9301,55313.5812,25933.0026,5993452.4508,5973866.7696,116.27,95.13,1.0537
002920,德赛西威,汽车配件,广东,20171226,002920.SZ,20250520,106.94,106.98,105.15,105.7,106.95,-1.25,-1.1688,41413.54,437998.085,0.7487,1.5969,0.89,29.2578,26.6343,6.136,2.1239,2.0394,0.7948,1.1353,55494.9301,55313.5812,25933.0026,5865814.1116,5846645.5328,117.65,96.26,1.0537
002920,德赛西威,汽车配件,广东,20171226,002920.SZ,20250519,109.01,109.07,105.87,106.95,107.85,-0.9,-0.8345,45062.0,482059.801,0.8147,1.7376,1.01,29.6038,26.9493,6.2086,2.149,2.0635,0.7855,1.122,55494.9301,55313.5812,25933.0026,5935182.7742,5915787.5093,118.64,97.07,1.0537
002920,德赛西威,汽车配件,广东,20171226,002920.SZ,20250516,104.42,109.99,104.22,107.85,104.4,3.45,3.3046,76532.3,822732.835,1.3836,2.9512,2.21,29.8529,27.1761,6.2608,2.1671,2.0809,0.7789,1.1127,55494.9301,55313.5812,25933.0026,5985128.2113,5965569.7324,114.84,93.96,1.0537
002920,德赛西威,汽车配件,广东,20171226,002920.SZ,20250515,106.98,107.2,104.34,104.4,106.96,-2.56,-2.3934,38162.6,400877.221,0.6899,1.4716,1.14,28.8979,26.3067,6.0606,2.0978,2.0143,0.8047,1.1494,55494.9301,55313.5812,25933.0026,5793670.7024,5774737.8773,117.66,96.26,1.0537
002920,德赛西威,汽车配件,广东,20171226,002920.SZ,20250514,106.92,107.55,105.55,106.96,107.22,-0.26,-0.2425,34180.12,363795.372,0.6179,1.318,0.92,29.6065,26.9518,6.2092,2.1492,2.0637,0.7854,1.1219,55494.9301,55313.5812,25933.0026,5935737.7235,5916340.6452,117.94,96.5,1.0537
002920,德赛西威,汽车配件,广东,20171226,002920.SZ,20250513,108.49,108.98,107.02,107.22,107.75,-0.53,-0.4919,38019.9,410867.078,0.6874,1.4661,0.94,29.6785,27.0173,6.2243,2.1544,2.0687,0.7835,1.1192,55494.9301,55313.5812,25933.0026,5950166.4053,5930722.1763,118.53,96.98,1.0537
002920,德赛西威,汽车配件,广东,20171226,002920.SZ,20250512,106.29,107.98,106.19,107.75,105.33,2.42,2.2975,35759.02,382999.208,0.6465,1.3789,0.86,29.8252,27.1509,6.255,2.1651,2.079,0.7797,1.1137,55494.9301,55313.5812,25933.0026,5979578.7183,5960038.3743,115.86,94.8,1.0537
002920,德赛西威,汽车配件,广东,20171226,002920.SZ,20250509,106.36,106.97,104.81,105.33,106.77,-1.44,-1.3487,26849.97,283382.595,0.4854,1.0354,0.61,29.1553,26.5411,6.1146,2.1165,2.0323,0.7976,1.1393,55494.9301,55313.5812,25933.0026,5845280.9874,5826179.5078,117.45,96.09,1.0537
002920,德赛西威,汽车配件,广东,20171226,002920.SZ,20250508,105.36,107.21,105.36,106.77,106.41,0.36,0.3383,32232.03,343894.057,0.5827,1.2429,0.71,29.5539,26.9039,6.1981,2.1454,2.0601,0.7868,1.1239,55494.9301,55313.5812,25933.0026,5925193.6868,5905831.0647,117.05,95.77,1.0537
002920,德赛西威,汽车配件,广东,20171226,002920.SZ,20250507,108.81,108.98,105.02,106.41,107.13,-0.72,-0.6721,52605.53,562084.714,0.951,2.0285,1.09,29.4543,26.8132,6.1772,2.1382,2.0531,0.7895,1.1277,55494.9301,55313.5812,25933.0026,5905215.5119,5885918.1755,117.84,96.42,1.0537
002920,德赛西威,汽车配件,广东,20171226,002920.SZ,20250506,106.0,107.34,104.85,107.13,104.26,2.87,2.7527,55223.85,586894.544,0.9984,2.1295,1.0,29.6536,26.9946,6.219,2.1526,2.067,0.7842,1.1201,55494.9301,55313.5812,25933.0026,5945171.8616,5925743.954,114.69,93.83,1.0537
002920,德赛西威,汽车配件,广东,20171226,002920.SZ,20250430,103.23,104.88,102.55,104.26,103.05,1.21,1.1742,41459.0,430519.634,0.7495,1.5987,0.67,28.8592,26.2715,6.0524,2.095,2.0116,0.8058,1.151,55494.9301,55313.5812,25933.0026,5785901.4122,5766993.9759,113.36,92.75,1.0537
002920,德赛西威,汽车配件,广东,20171226,002920.SZ,20250429,102.8,104.7,102.51,103.05,103.4,-0.35,-0.3385,36855.67,380383.032,0.6663,1.4212,0.5,28.5242,25.9666,5.9822,2.0707,1.9883,0.8152,1.1645,55494.9301,55313.5812,25933.0026,5718752.5468,5700064.5427,113.74,93.06,1.0537
002920,德赛西威,汽车配件,广东,20171226,002920.SZ,20250428,105.46,105.97,103.2,103.4,105.45,-2.05,-1.944,40651.2,423051.727,0.7349,1.5675,0.54,28.6211,26.0548,6.0025,2.0777,1.995,0.8125,1.1605,55494.9301,55313.5812,25933.0026,5738175.7723,5719424.2961,116.0,94.91,1.0537
002920,德赛西威,汽车配件,广东,20171226,002920.SZ,20250425,103.9,107.65,103.5,105.45,103.16,2.29,2.2199,66932.07,707065.306,1.21,2.581,0.93,29.1886,26.5713,6.1215,2.1189,2.0346,0.7967,1.138,55494.9301,55313.5812,25933.0026,5851940.379,5832817.1375,113.48,92.84,1.0537
002920,德赛西威,汽车配件,广东,20171226,002920.SZ,20250424,103.78,105.4,102.71,103.16,101.09,2.07,2.0477,88912.32,923389.202,1.6074,3.4285,1.45,28.5547,25.9943,5.9886,2.0729,1.9904,0.8144,1.1632,55494.9301,55313.5812,25933.0026,5724856.9891,5706149.0366,111.2,90.98,1.0537
002920,德赛西威,汽车配件,广东,20171226,002920.SZ,20250423,100.7,102.38,99.11,101.09,99.49,1.6,1.6082,76714.3,775865.055,1.3869,2.9582,1.44,27.9817,27.9817,6.2494,2.0313,2.0313,0.831,1.1871,55494.9301,55313.5812,25933.0026,5609982.4838,5591649.9235,109.44,89.54,1.0537
002920,德赛西威,汽车配件,广东,20171226,002920.SZ,20250422,101.7,102.0,97.98,99.49,101.7,-2.21,-2.1731,97050.44,964499.154,1.7545,3.7424,2.41,27.5388,27.5388,6.1505,1.9991,1.9991,0.8444,1.2062,55494.9301,55313.5812,25933.0026,5521190.5956,5503148.1936,111.87,91.53,1.0537
002920,德赛西威,汽车配件,广东,20171226,002920.SZ,20250421,100.47,102.16,99.5,101.7,100.4,1.3,1.2948,49811.83,503736.525,0.9005,1.9208,1.31,28.1506,28.1506,6.2871,2.0435,2.0435,0.826,1.1799,55494.9301,55313.5812,25933.0026,5643834.3912,5625391.208,110.44,90.36,1.0537
002920,德赛西威,汽车配件,广东,20171226,002920.SZ,20250418,99.0,100.6,97.55,100.4,98.37,2.03,2.0636,47899.2,475062.001,0.866,1.847,1.28,27.7907,27.7907,6.2067,2.0174,2.0174,0.8367,1.1952,55494.9301,55313.5812,25933.0026,5571690.982,5553483.5525,108.21,88.53,1.0537
002920,德赛西威,汽车配件,广东,20171226,002920.SZ,20250417,98.09,99.08,97.65,98.37,98.09,0.28,0.2855,35988.41,354224.814,0.6506,1.3877,0.85,27.2288,27.2288,6.0812,1.9766,1.9766,0.854,1.2199,55494.9301,55313.5812,25933.0026,5459036.2739,5441196.9826,107.9,88.28,1.0537
002920,德赛西威,汽车配件,广东,20171226,002920.SZ,20250416,99.88,100.23,97.5,99.29,100.27,-0.98,-0.9774,35753.49,352799.047,0.6464,1.3787,0.71,27.4835,27.4835,5.7142,1.9951,1.9951,0.8461,0.8461,55494.9301,55313.5812,25933.0026,5510091.6096,5492085.4773,110.3,90.24,1.041
002920,德赛西威,汽车配件,广东,20171226,002920.SZ,20250415,101.8,102.52,99.91,100.27,102.02,-1.75,-1.7153,31804.5,320212.983,0.575,1.2264,0.5,27.7547,27.7547,5.7706,2.0148,2.0148,0.8378,0.8378,55494.9301,55313.5812,25933.0026,5564476.6411,5546292.7869,112.22,91.82,1.041
002920,德赛西威,汽车配件,广东,20171226,002920.SZ,20250414,102.68,103.76,101.65,102.02,100.88,1.14,1.1301,38361.09,392768.601,0.6935,1.4792,0.55,28.2391,28.2391,5.8713,2.05,2.05,0.8235,0.8235,55494.9301,55313.5812,25933.0026,5661592.7688,5643091.554,110.97,90.79,1.041
002920,德赛西威,汽车配件,广东,20171226,002920.SZ,20250411,99.04,101.93,98.89,100.88,100.17,0.71,0.7088,45791.33,459613.278,0.8278,1.7658,0.62,27.9236,27.9236,5.8057,2.0271,2.0271,0.8328,0.8328,55494.9301,55313.5812,25933.0026,5598328.5485,5580034.0715,110.19,90.15,1.041
002920,德赛西威,汽车配件,广东,20171226,002920.SZ,20250410,100.0,102.48,99.58,100.17,96.99,3.18,3.2787,60956.11,615131.153,1.102,2.3505,0.87,27.727,27.727,5.7648,2.0128,2.0128,0.8387,0.8387,55494.9301,55313.5812,25933.0026,5558927.1481,5540761.4288,106.69,87.29,1.041
002920,德赛西威,汽车配件,广东,20171226,002920.SZ,20250409,93.5,97.9,93.0,96.99,94.94,2.05,2.1593,74538.05,717201.581,1.3476,2.8743,1.23,26.8468,26.8468,5.5818,1.9489,1.9489,0.8662,0.8662,55494.9301,55313.5812,25933.0026,5382453.2704,5364864.2406,104.43,85.45,1.041
002920,德赛西威,汽车配件,广东,20171226,002920.SZ,20250408,95.0,96.25,91.0,94.94,95.7,-0.76,-0.7941,99335.3,932199.033,1.7959,3.8305,2.07,26.2794,26.2794,5.4639,1.9077,1.9077,0.8849,0.8849,55494.9301,55313.5812,25933.0026,5268688.6637,5251471.3991,105.27,86.13,1.041
002920,德赛西威,汽车配件,广东,20171226,002920.SZ,20250407,95.72,100.0,95.7,95.7,106.33,-10.63,-9.9972,65076.24,630146.784,1.1765,2.5094,1.57,26.4898,26.4898,5.5076,1.923,1.923,0.8778,0.8778,55494.9301,55313.5812,25933.0026,5310864.8106,5293509.7208,116.96,95.7,1.041
002920,德赛西威,汽车配件,广东,20171226,002920.SZ,20250403,108.83,110.4,105.5,106.33,110.4,-4.07,-3.6866,69628.98,747644.177,1.2588,2.685,2.04,29.4321,29.4321,6.1194,2.1366,2.1366,0.7901,0.7901,55494.9301,55313.5812,25933.0026,5900775.9175,5881493.089,121.44,99.36,1.041
002920,德赛西威,汽车配件,广东,20171226,002920.SZ,20250402,110.88,111.72,109.5,110.4,111.6,-1.2,-1.0753,39823.77,439517.583,0.72,1.5356,1.19,30.5593,30.5593,6.3534,2.2184,2.2184,0.7609,0.7609,55495.9434,55313.5812,25933.0026,6126752.1514,6106619.3645,122.76,100.44,1.041
002920,德赛西威,汽车配件,广东,20171226,002920.SZ,20250401,112.9,113.2,111.5,111.6,112.91,-1.31,-1.1602,28590.86,320869.191,0.5169,1.1025,0.82,30.8914,30.8914,6.4225,2.2425,2.2425,0.7528,0.7528,55495.9434,55313.5812,25933.0026,6193347.2834,6172995.6619,124.2,101.62,1.041
002920,德赛西威,汽车配件,广东,20171226,002920.SZ,20250331,111.98,113.99,110.92,112.91,113.08,-0.17,-0.1503,37129.63,416409.802,0.6713,1.4318,1.02,31.254,31.254,6.4978,2.2688,2.2688,0.744,0.744,55495.9434,55313.5812,25933.0026,6266046.9693,6245456.4533,124.39,101.77,1.041
002920,德赛西威,汽车配件,广东,20171226,002920.SZ,20250328,113.9,115.59,113.01,113.08,114.4,-1.32,-1.1538,31479.61,358511.023,0.5691,1.2139,0.78,31.3011,31.3011,6.5076,2.2722,2.2722,0.7429,0.7429,55495.9434,55313.5812,25933.0026,6275481.2797,6254859.7621,125.84,102.96,1.041
002920,德赛西威,汽车配件,广东,20171226,002920.SZ,20250327,113.44,115.62,113.3,114.4,114.12,0.28,0.2454,33510.9,384165.432,0.6058,1.2922,0.82,31.6665,31.6665,6.5836,2.2988,2.2988,0.7343,0.7343,55495.9434,55313.5812,25933.0026,6348735.925,6327873.6893,125.53,102.71,1.041
002920,德赛西威,汽车配件,广东,20171226,002920.SZ,20250326,114.34,115.39,113.5,114.12,115.0,-0.88,-0.7652,36110.86,412300.92,0.6528,1.3925,0.79,31.589,31.589,6.5675,2.2931,2.2931,0.7361,0.7361,55495.9434,55313.5812,25933.0026,6333197.0608,6312385.8865,126.5,103.5,1.041
002920,德赛西威,汽车配件,广东,20171226,002920.SZ,20250325,116.7,118.37,114.71,115.0,116.75,-1.75,-1.4989,35374.97,408913.091,0.6395,1.3641,0.63,31.8326,31.8326,6.6181,2.3108,2.3108,0.7305,0.7305,55495.9434,55313.5812,25933.0026,6382033.491,6361061.838,128.43,105.08,1.041
002920,德赛西威,汽车配件,广东,20171226,002920.SZ,20250324,115.01,116.86,114.54,116.75,115.4,1.35,1.1698,46411.16,537037.527,0.8391,1.7897,0.73,32.317,32.317,6.7188,2.346,2.346,0.7195,0.7195,55495.9434,55313.5812,25933.0026,6479151.392,6457860.6051,126.94,103.86,1.041
002920,德赛西威,汽车配件,广东,20171226,002920.SZ,20250321,118.03,119.11,115.0,115.4,118.25,-2.85,-2.4101,50067.52,583537.762,0.9052,1.946,0.76,31.9433,31.9433,6.6411,2.3189,2.3189,0.728,0.728,55495.9434,55313.5812,25728.9726,6404231.8684,6383187.2705,130.08,106.43,1.041
002920,德赛西威,汽车配件,广东,20171226,002920.SZ,20250320,118.2,119.7,117.6,118.25,119.1,-0.85,-0.7137,36872.86,436902.007,0.6666,1.4331,0.53,32.7322,32.7322,6.8052,2.3761,2.3761,0.7104,0.7104,55495.9434,55313.5812,25728.9726,6562395.3071,6540830.9769,131.01,107.19,1.041
002920,德赛西威,汽车配件,广东,20171226,002920.SZ,20250319,119.9,121.67,116.51,119.1,120.0,-0.9,-0.75,60581.97,720628.069,1.0952,2.3546,0.85,32.9675,32.9675,6.8541,2.3932,2.3932,0.7053,0.7053,55495.9434,55313.5812,25728.9726,6609566.8589,6587847.5209,132.0,108.0,1.041
002920,德赛西威,汽车配件,广东,20171226,002920.SZ,20250318,121.5,122.1,118.36,120.0,121.49,-1.49,-1.2264,85691.18,1025243.845,1.5492,3.3305,1.31,33.2166,33.2166,6.9059,2.4113,2.4113,0.7001,0.7001,55495.9434,55313.5812,25728.9726,6659513.208,6637629.744,133.64,109.34,1.041
002920,德赛西威,汽车配件,广东,20171226,002920.SZ,20250317,121.53,121.79,118.33,121.49,124.0,-2.51,-2.0242,82896.11,997055.749,1.4987,3.2219,1.4,33.629,33.629,6.9916,2.4412,2.4412,0.6915,0.6915,55495.9434,55313.5812,25728.9726,6742202.1637,6720046.98,136.4,111.6,1.041
002920,德赛西威,汽车配件,广东,20171226,002920.SZ,20250314,120.12,125.22,119.47,124.0,120.1,3.9,3.2473,63191.67,778708.554,1.1424,2.4559,1.08,44.4904,34.5246,7.6856,3.1411,2.6054,0.6775,0.6775,55495.9434,55315.2478,25730.6392,6881496.9816,6859090.7272,132.11,108.09,1.041
002920,德赛西威,汽车配件,广东,20171226,002920.SZ,20250313,123.51,124.0,119.7,120.1,124.06,-3.96,-3.192,53001.47,643663.115,0.9582,2.0599,0.87,43.0911,33.4388,7.4438,3.0423,2.5235,0.6995,0.6995,55495.9434,55315.2478,25730.6392,6665062.8023,6643361.2608,136.47,111.65,1.041
002920,德赛西威,汽车配件,广东,20171226,002920.SZ,20250312,124.2,127.9,123.18,124.06,122.22,1.84,1.5055,70310.78,881011.875,1.2711,2.7326,1.31,44.512,34.5413,7.6893,3.1426,2.6067,0.6771,0.6771,55495.9434,55315.2478,25730.6392,6884826.7382,6862409.6421,134.44,110.0,1.041
002920,德赛西威,汽车配件,广东,20171226,002920.SZ,20250311,122.86,125.16,120.65,122.22,124.44,-2.22,-1.784,58413.34,714363.375,1.056,2.2949,1.18,43.8518,34.029,7.5752,3.096,2.568,0.6873,0.6873,55495.9434,55315.2478,25453.3592,6782714.2023,6760629.5861,136.88,112.0,1.041
002920,德赛西威,汽车配件,广东,20171226,002920.SZ,20250310,122.71,125.09,122.12,124.44,122.5,1.94,1.5837,50226.99,620230.188,0.908,1.9733,0.97,44.6483,34.6471,7.7128,3.1522,2.6147,0.6751,0.6751,55495.9434,55315.2478,25453.3592,6905915.1967,6883429.4362,134.75,110.25,1.041
002920,德赛西威,汽车配件,广东,20171226,002920.SZ,20250307,123.99,125.26,121.53,122.5,124.8,-2.3,-1.8429,61094.69,753249.166,1.1045,2.4003,1.04,43.9523,34.107,7.5926,3.1031,2.5739,0.6858,0.6858,55495.9434,55315.2478,25453.3592,6798253.0665,6776117.8555,137.28,112.32,1.041
002920,德赛西威,汽车配件,广东,20171226,002920.SZ,20250306,123.92,127.1,123.39,124.8,122.9,1.9,1.546,64604.21,807830.533,1.1679,2.5381,1.07,44.7775,34.7474,7.7351,3.1614,2.6222,0.6731,0.6731,55495.9434,55315.2478,25453.3592,6925893.7363,6903342.9254,135.19,110.61,1.041
002920,德赛西威,汽车配件,广东,20171226,002920.SZ,20250305,123.15,124.5,121.4,122.9,123.15,-0.25,-0.203,34842.72,427223.793,0.6299,1.3689,0.5,44.0958,34.2184,7.6174,3.1132,2.5823,0.6835,0.6835,55495.9434,55315.2478,25453.3592,6820451.4439,6798243.9546,135.47,110.84,1.041
002920,德赛西威,汽车配件,广东,20171226,002920.SZ,20250304,122.0,124.33,121.15,123.15,123.16,-0.01,-0.0081,36893.25,454287.027,0.667,1.4494,0.45,44.1855,34.288,7.6329,3.1196,2.5875,0.6822,0.6822,55495.9434,55315.2478,25453.3592,6834325.4297,6812072.7666,135.48,110.84,1.041
002920,德赛西威,汽车配件,广东,20171226,002920.SZ,20250303,124.02,126.91,122.0,123.16,123.69,-0.53,-0.4285,62406.86,775916.066,1.1282,2.4518,0.72,44.1891,34.2907,7.6335,3.1198,2.5878,0.6821,0.6821,55495.9434,55315.2478,25453.3592,6834880.3891,6812625.919,136.06,111.32,1.041
002920,德赛西威,汽车配件,广东,20171226,002920.SZ,20250228,129.83,133.45,123.2,123.69,130.7,-7.01,-5.3634,94934.19,1206333.211,1.7162,3.7297,1.12,44.3792,34.4383,7.6663,3.1332,2.5989,0.6792,0.6792,55495.9434,55315.2478,25453.3592,6864293.2391,6841943.0004,143.77,117.63,1.041
002920,德赛西威,汽车配件,广东,20171226,002920.SZ,20250227,133.5,133.5,128.29,130.7,132.67,-1.97,-1.4849,73466.7,958042.315,1.3281,2.8863,0.89,46.8944,36.3901,8.1008,3.3108,2.7462,0.6427,0.6427,55495.9434,55315.2478,25453.3592,7253319.8024,7229702.8875,145.94,119.4,1.041
002920,德赛西威,汽车配件,广东,20171226,002920.SZ,20250226,135.0,135.48,131.42,132.67,133.85,-1.18,-0.8816,83582.66,1108893.125,1.511,3.2838,1.01,47.6012,36.9386,8.2229,3.3607,2.7876,0.6332,0.6332,55495.9434,55315.2478,25453.3592,7362646.8109,7338673.9256,147.24,120.47,1.041
002920,德赛西威,汽车配件,广东,20171226,002920.SZ,20250225,130.89,137.56,129.66,133.85,132.3,1.55,1.1716,97210.43,1303398.622,1.7574,3.8192,1.22,48.0246,37.2671,8.2961,3.3906,2.8124,0.6276,0.6276,55495.9434,55315.2478,25453.3592,7428132.0241,7403945.918,145.53,119.07,1.041
002920,德赛西威,汽车配件,广东,20171226,002920.SZ,20250224,134.34,135.0,129.54,132.3,134.33,-2.03,-1.5112,82144.36,1087956.887,1.485,3.2273,0.94,47.4684,36.8355,8.2,3.3513,2.7798,0.635,0.635,55495.9434,55315.2478,25453.3592,7342113.3118,7318207.2839,147.76,120.9,1.041
002920,德赛西威,汽车配件,广东,20171226,002920.SZ,20250221,133.0,136.8,130.03,134.33,132.6,1.73,1.3047,89142.73,1194939.005,1.6115,3.5022,1.01,48.1968,37.4007,8.3258,3.4028,2.8225,0.6254,0.6254,55495.9434,55315.2478,25453.3592,7454770.0769,7430497.237,145.86,119.34,1.041
002920,德赛西威,汽车配件,广东,20171226,002920.SZ,20250220,133.4,134.26,131.32,132.6,134.0,-1.4,-1.0448,62000.15,821624.53,1.1209,2.4358,0.67,47.5761,36.9191,8.2186,3.3589,2.7861,0.6335,0.6335,55495.9434,55315.2478,25453.3592,7358762.0948,7334801.8583,147.4,120.6,1.041
002920,德赛西威,汽车配件,广东,20171226,002920.SZ,20250219,129.04,135.22,129.04,134.0,129.15,4.85,3.7553,81610.44,1085415.925,1.4754,3.2063,0.8,48.0784,37.3089,8.3054,3.3944,2.8155,0.6269,0.6269,55495.9434,55315.2478,25453.3592,7436456.4156,7412243.2052,142.07,116.24,1.041
002920,德赛西威,汽车配件,广东,20171226,002920.SZ,20250218,132.11,133.01,129.0,129.15,134.31,-5.16,-3.8419,82885.53,1083871.274,1.4984,3.2564,0.72,46.3382,35.9585,8.0048,3.2715,2.7136,0.6505,0.6505,55495.9434,55315.2478,25453.3592,7167301.0901,7143964.2534,147.74,120.88,1.041
002920,德赛西威,汽车配件,广东,20171226,002920.SZ,20250217,131.0,135.49,130.58,134.31,130.4,3.91,2.9985,119129.89,1587456.648,2.1537,4.6803,0.95,48.1896,37.3952,8.3246,3.4023,2.822,0.6255,0.6255,55495.9434,55315.2478,25453.3592,7453660.1581,7429390.932,143.44,117.36,1.041
002920,德赛西威,汽车配件,广东,20171226,002920.SZ,20250214,126.7,132.55,126.51,130.4,127.35,3.05,2.395,94688.54,1231062.529,1.7118,3.7201,0.62,46.7867,36.3065,8.0822,3.3032,2.7399,0.6442,0.6442,55495.9434,55315.2478,25453.3592,7236671.0194,7213108.3131,140.09,114.62,1.041
002920,德赛西威,汽车配件,广东,20171226,002920.SZ,20250213,129.91,131.2,127.33,127.35,130.3,-2.95,-2.264,82772.65,1070021.124,1.4964,3.2519,0.51,45.6924,35.4573,7.8932,3.2259,2.6758,0.6597,0.6597,55495.9434,55315.2478,25453.3592,7067408.392,7044396.8073,143.33,117.27,1.041
002920,德赛西威,汽车配件,广东,20171226,002920.SZ,20250212,126.04,132.32,124.88,130.3,126.58,3.72,2.9389,130726.76,1695447.885,2.3633,5.1359,0.85,46.7508,36.2787,8.076,3.3007,2.7378,0.6447,0.6447,55495.9434,55315.2478,25453.3592,7231121.425,7207576.7883,139.24,113.92,1.041
002920,德赛西威,汽车配件,广东,20171226,002920.SZ,20250211,129.96,131.99,124.36,126.58,130.0,-3.42,-2.6308,146416.94,1862950.299,2.647,5.7524,1.11,45.4161,35.243,7.8455,3.2064,2.6596,0.6637,0.6637,55495.9434,55315.2478,25453.3592,7024676.5156,7001804.0665,143.0,117.0,1.041
002920,德赛西威,汽车配件,广东,20171226,002920.SZ,20250210,133.58,133.68,127.28,130.0,133.58,-3.58,-2.68,169805.56,2198784.102,3.0698,6.7688,1.51,46.6432,36.1952,8.0574,3.2931,2.7315,0.6462,0.6462,55495.9434,55315.2478,25086.3447,7214472.642,7190982.214,146.94,120.22,1.041
002920,德赛西威,汽车配件,广东,20171226,002920.SZ,20250207,130.28,134.98,127.61,133.58,125.27,8.31,6.6337,230470.67,3012134.635,4.1665,9.1871,3.02,47.9277,37.1919,8.2793,3.3838,2.8067,0.6289,0.6289,55495.9434,55315.2478,25086.3447,7413148.1194,7389010.8011,137.8,112.74,1.041
002920,德赛西威,汽车配件,广东,20171226,002920.SZ,20250206,113.0,125.27,113.0,125.27,113.88,11.39,10.0018,136098.26,1624016.408,2.4604,5.4252,2.36,44.9461,34.8782,7.7643,3.1733,2.6321,0.6706,0.6706,55495.9434,55315.2478,25086.3447,6951976.8297,6929341.0919,125.27,102.49,1.041
002920,德赛西威,汽车配件,广东,20171226,002920.SZ,20250205,110.49,115.79,109.14,113.88,108.51,5.37,4.9489,87614.31,995368.949,1.5839,3.4925,1.64,40.8594,31.707,7.0583,2.8847,2.3928,0.7377,0.7377,55495.9434,55315.2478,25086.3447,6319878.0344,6299300.4195,119.36,97.66,1.041
002920,德赛西威,汽车配件,广东,20171226,002920.SZ,20250127,110.8,110.93,108.25,108.51,110.8,-2.29,-2.0668,35153.87,383995.586,0.6355,1.4013,0.61,38.9327,30.2118,6.7255,2.7487,2.2799,0.7742,0.7742,55495.9434,55315.2478,25086.3447,6021864.8183,6002257.5388,121.88,99.72,1.041
002920,德赛西威,汽车配件,广东,20171226,002920.SZ,20250124,107.8,113.48,107.51,110.8,108.54,2.26,2.0822,72251.49,803932.68,1.3062,2.8801,1.41,39.7544,30.8494,6.8674,2.8067,2.3281,0.7582,0.7582,55495.9434,55315.2478,25086.3447,6148950.5287,6128929.4562,119.39,97.69,1.041
002920,德赛西威,汽车配件,广东,20171226,002920.SZ,20250123,111.15,111.6,108.14,108.54,109.71,-1.17,-1.0664,51047.74,558375.014,0.9229,2.0349,0.98,38.9435,30.2202,6.7273,2.7495,2.2806,0.774,0.774,55495.9434,55315.2478,25086.3447,6023529.6966,6003916.9962,120.68,98.74,1.041
002920,德赛西威,汽车配件,广东,20171226,002920.SZ,20250122,109.77,110.32,108.2,109.71,110.62,-0.91,-0.8226,42489.36,464594.475,0.7681,1.6937,0.76,39.3633,30.5459,6.7999,2.7791,2.3052,0.7657,0.7657,55495.9434,55315.2478,25086.3447,6088459.9504,6068635.8361,121.68,99.56,1.041
002920,德赛西威,汽车配件,广东,20171226,002920.SZ,20250121,108.1,111.32,106.0,110.62,107.61,3.01,2.7971,66189.31,721650.131,1.1966,2.6385,1.15,39.6898,30.7993,6.8563,2.8022,2.3243,0.7594,0.7594,55495.9434,55315.2478,25086.3447,6138961.2589,6118972.7116,118.37,96.85,1.041
002920,德赛西威,汽车配件,广东,20171226,002920.SZ,20250120,105.66,108.62,105.05,107.61,104.71,2.9,2.7696,56030.56,601119.091,1.0129,2.2335,0.96,38.6098,29.9612,6.6697,2.7259,2.261,0.7807,0.7807,55495.9434,55315.2478,25086.3447,5971918.4693,5952473.8158,115.18,94.24,1.041
002920,德赛西威,汽车配件,广东,20171226,002920.SZ,20250117,104.99,106.08,103.4,104.71,105.25,-0.54,-0.5131,40982.38,428687.028,0.7409,1.6337,0.67,37.5693,29.1538,6.49,2.6524,2.2001,0.8023,0.8023,55495.9434,55315.2478,25086.3447,5810980.2334,5792059.5971,115.78,94.73,1.041
002920,德赛西威,汽车配件,广东,20171226,002920.SZ,20250116,105.45,107.9,103.51,105.25,104.4,0.85,0.8142,55304.06,584260.498,0.9998,2.2045,0.94,37.7631,29.3042,6.5234,2.6661,2.2114,0.7982,0.7982,55495.9434,55315.2478,25086.3447,5840948.0429,5821929.831,114.84,93.96,1.041
002920,德赛西威,汽车配件,广东,20171226,002920.SZ,20250115,108.0,108.0,104.1,104.4,108.0,-3.6,-3.3333,62169.33,658132.549,1.1239,2.4782,1.1,37.4581,29.0675,6.4707,2.6446,2.1936,0.8047,0.8047,55495.9434,55315.2478,25086.3447,5793776.491,5774911.8703,118.8,97.2,1.041
002920,德赛西威,汽车配件,广东,20171226,002920.SZ,20250114,104.0,109.0,102.59,108.0,103.67,4.33,4.1767,72069.92,770028.249,1.3029,2.8729,1.44,38.7497,30.0698,6.6939,2.7358,2.2692,0.7778,0.7778,55495.9434,55315.2478,25086.3447,5993561.8872,5974046.7624,114.04,93.3,1.041
002920,德赛西威,汽车配件,广东,20171226,002920.SZ,20250113,101.5,106.9,101.44,103.67,102.15,1.52,1.488,61704.34,645404.31,1.1155,2.4597,1.29,37.1962,28.8643,6.4255,2.6261,2.1782,0.8103,0.8103,55495.9434,55315.2478,25086.3447,5753264.4523,5734531.7394,112.37,91.94,1.041
002920,德赛西威,汽车配件,广东,20171226,002920.SZ,20250110,103.74,106.74,102.15,102.15,103.7,-1.55,-1.4947,53091.99,554030.094,0.9598,2.1164,1.08,36.6508,28.441,6.3313,2.5876,2.1463,0.8224,0.8224,55495.9434,55315.2478,25086.3447,5668910.6183,5650452.5628,114.07,93.33,1.041
002920,德赛西威,汽车配件,广东,20171226,002920.SZ,20250109,102.5,104.8,102.0,103.7,103.67,0.03,0.0289,43581.09,451054.803,0.7879,1.7372,0.83,37.2069,28.8726,6.4274,2.6269,2.1789,0.8101,0.8101,55495.9434,55315.2478,25086.3447,5754929.3306,5736191.1969,114.04,93.3,1.041
002920,德赛西威,汽车配件,广东,20171226,002920.SZ,20250108,100.5,104.49,99.3,103.67,102.0,1.67,1.6373,52057.02,531421.766,0.9411,2.0751,0.99,37.1962,28.8643,6.4255,2.6261,2.1782,0.8103,0.8103,55495.9434,55315.2478,25086.3447,5753264.4523,5734531.7394,112.2,91.8,1.041
002920,德赛西威,汽车配件,广东,20171226,002920.SZ,20250107,100.78,102.12,99.63,102.0,101.02,0.98,0.9701,39878.01,404098.266,0.7209,1.5896,0.69,36.597,28.3993,6.322,2.5838,2.1432,0.8236,0.8236,55495.9434,55315.2478,25086.3447,5660586.2268,5642155.2756,111.12,90.92,1.041
002920,德赛西威,汽车配件,广东,20171226,002920.SZ,20250106,101.98,103.11,99.99,101.02,101.98,-0.96,-0.9414,50419.62,510092.441,0.9115,2.0098,0.78,36.2454,28.1264,6.2613,2.559,2.1226,0.8316,0.8316,55495.9434,55315.2478,25086.3447,5606200.2023,5587946.3328,112.18,91.78,1.041
002920,德赛西威,汽车配件,广东,20171226,002920.SZ,20250103,105.68,106.43,101.48,101.98,105.68,-3.7,-3.5011,60659.19,630321.517,1.0966,2.4358,0.91,36.5898,28.3937,6.3208,2.5833,2.1427,0.8238,0.8238,55495.9434,55315.2478,24903.3878,5659476.3079,5641048.9706,116.25,95.11,1.041
002920,德赛西威,汽车配件,广东,20171226,002920.SZ,20250102,109.24,109.99,104.7,105.68,110.11,-4.43,-4.0232,60899.12,651989.698,1.1009,2.4454,1.0,37.9173,29.4239,6.5501,2.677,2.2205,0.7949,0.7949,55495.9434,55315.2478,24903.3878,5864811.2985,5845715.3875,121.12,99.1,1.041
002920,德赛西威,汽车配件,广东,20171226,002920.SZ,20241231,112.46,112.85,109.51,110.11,112.48,-2.37,-2.107,50973.88,565353.992,0.9215,2.0469,0.81,39.5068,30.6573,6.8247,2.7892,2.3136,0.4997,0.7629,55495.9434,55315.2478,24903.3878,6110658.3278,6090761.9353,123.73,101.23,1.041
002920,德赛西威,汽车配件,广东,20171226,002920.SZ,20241230,112.77,115.88,111.51,112.48,113.5,-1.02,-0.8987,66335.75,752257.863,1.1992,2.6637,1.12,40.3571,31.3172,6.9715,2.8493,2.3634,0.4892,0.7469,55495.9434,55315.2478,24903.3878,6242183.7136,6221859.0725,124.85,102.15,1.041
002920,德赛西威,汽车配件,广东,20171226,002920.SZ,20241227,117.5,117.52,113.13,113.5,118.6,-5.1,-4.3002,85671.8,979322.071,1.5534,3.463,1.59,40.7231,31.6012,7.0348,2.8751,2.3848,0.4848,0.7402,55495.9434,55151.2655,24739.4055,6298789.5759,6259668.6343,130.46,106.74,1.041
002920,德赛西威,汽车配件,广东,20171226,002920.SZ,20241226,113.51,119.1,110.88,118.6,113.98,4.62,4.0533,67675.72,784759.026,1.2271,2.7355,1.37,42.553,33.0211,7.3509,3.0043,2.4919,0.4639,0.7083,55495.9434,55151.2655,24739.4055,6581818.8872,6540940.0883,125.38,102.58,1.041
002920,德赛西威,汽车配件,广东,20171226,002920.SZ,20241225,114.3,115.36,113.05,113.98,114.3,-0.32,-0.28,35136.13,400713.487,0.6371,1.4202,0.72,40.8953,31.7348,7.0645,2.8873,2.3949,0.4827,0.737,55495.9434,55151.2655,24739.4055,6325427.6287,6286141.2417,125.73,102.87,1.041
002920,德赛西威,汽车配件,广东,20171226,002920.SZ,20241224,111.5,114.36,110.65,114.3,110.3,4.0,3.6265,59787.49,674885.406,1.0841,2.4167,1.39,41.0101,31.8239,7.0843,2.8954,2.4016,0.4814,0.735,55495.9434,55151.2655,24739.4055,6343186.3306,6303789.6467,121.33,99.27,1.041
002920,德赛西威,汽车配件,广东,20171226,002920.SZ,20241223,112.75,114.2,110.1,110.3,112.75,-2.45,-2.1729,48189.57,536904.889,0.8738,1.9479,1.18,39.575,30.7102,6.8364,2.794,2.3176,0.4989,0.7616,55495.9434,55151.2655,24739.4055,6121202.557,6083184.5847,124.03,101.48,1.041
002920,德赛西威,汽车配件,广东,20171226,002920.SZ,20241220,113.62,114.25,110.61,112.75,113.88,-1.13,-0.9923,58962.93,662838.365,1.0691,2.3834,1.39,40.454,31.3923,6.9883,2.8561,2.369,0.488,0.7451,55495.9434,55151.2655,24739.4055,6257167.6184,6218305.1851,125.27,102.49,1.041
002920,德赛西威,汽车配件,广东,20171226,002920.SZ,20241219,114.37,115.44,113.18,113.88,115.48,-1.6,-1.3855,44752.58,509618.466,0.8115,1.809,1.09,40.8594,31.707,7.0583,2.8847,2.3928,0.4832,0.7377,55495.9434,55151.2655,24739.4055,6319878.0344,6280626.1151,127.03,103.93,1.041
002920,德赛西威,汽车配件,广东,20171226,002920.SZ,20241218,117.58,117.59,114.3,115.48,115.22,0.26,0.2257,30750.09,355837.885,0.5576,1.243,0.72,41.4335,32.1524,7.1575,2.9253,2.4264,0.4765,0.7275,55495.9434,55151.2655,24739.4055,6408671.5438,6368868.1399,126.74,103.7,1.041
002920,德赛西威,汽车配件,广东,20171226,002920.SZ,20241217,114.91,117.8,114.66,115.22,115.0,0.22,0.1913,32868.9,381954.811,0.596,1.3286,0.68,41.3402,32.0801,7.1414,2.9187,2.4209,0.4776,0.7291,55495.9434,55151.2655,24739.4055,6394242.5985,6354528.8109,126.5,103.5,1.041
002920,德赛西威,汽车配件,广东,20171226,002920.SZ,20241216,116.4,116.75,113.6,115.0,116.4,-1.4,-1.2027,36457.47,418032.334,0.661,1.4737,0.67,41.2613,32.0188,7.1277,2.9131,2.4163,0.4785,0.7305,55495.9434,55151.2655,24739.4055,6382033.491,6342395.5325,128.04,104.76,1.041
002920,德赛西威,汽车配件,广东,20171226,002920.SZ,20241213,121.65,121.9,116.0,116.4,122.59,-6.19,-5.0494,67027.29,791306.11,1.2153,2.7093,1.34,41.7636,32.4086,7.2145,2.9486,2.4457,0.4727,0.7217,55495.9434,55151.2655,24739.4055,6459727.8118,6419607.3042,134.85,110.33,1.041
002920,德赛西威,汽车配件,广东,20171226,002920.SZ,20241212,121.0,124.09,120.66,122.59,121.39,1.2,0.9885,37511.87,459760.296,0.6802,1.5163,0.69,43.9845,34.132,7.5982,3.1054,2.5758,0.4488,0.6853,55495.9434,55151.2655,24739.4055,6803247.7014,6760993.6376,133.53,109.25,1.041
002920,德赛西威,汽车配件,广东,20171226,002920.SZ,20241211,122.72,123.2,120.4,121.39,123.61,-2.22,-1.796,39486.68,478747.266,0.716,1.5961,0.72,43.554,33.7979,7.5238,3.075,2.5506,0.4533,0.692,55495.9434,55151.2655,24739.4055,6736652.5693,6694812.119,135.97,111.25,1.041
002920,德赛西威,汽车配件,广东,20171226,002920.SZ,20241210,126.34,126.5,123.0,123.61,121.38,2.23,1.8372,62978.49,784539.146,1.1419,2.5457,1.22,44.3505,34.416,7.6614,3.1312,2.5972,0.4451,0.6796,55495.9434,55151.2655,24739.4055,6859853.5637,6817247.9285,133.52,109.24,1.041
002920,德赛西威,汽车配件,广东,20171226,002920.SZ,20241209,118.9,122.86,117.96,121.38,118.9,2.48,2.0858,66601.49,804557.876,1.2076,2.6921,1.2,43.5504,33.7951,7.5232,3.0747,2.5504,0.4533,0.6921,55495.9434,55151.2655,24739.4055,6736097.6099,6694260.6064,130.79,107.01,1.041
002920,德赛西威,汽车配件,广东,20171226,002920.SZ,20241206,117.2,119.16,116.63,118.9,117.19,1.71,1.4592,42726.31,505064.506,0.7747,1.7271,0.74,42.6606,33.1047,7.3695,3.0119,2.4982,0.4628,0.7065,55495.9434,55151.2655,24739.4055,6598467.6703,6557485.468,128.91,105.47,1.041
002920,德赛西威,汽车配件,广东,20171226,002920.SZ,20241205,118.84,120.38,116.08,117.19,119.63,-2.44,-2.0396,59444.85,698819.703,1.0779,2.4028,1.15,42.0471,32.6286,7.2635,2.9686,2.4623,0.4695,0.7168,55495.9434,55151.2655,24739.4055,6503569.607,6463176.8039,131.59,107.67,1.041
002920,德赛西威,汽车配件,广东,20171226,002920.SZ,20241204,121.45,122.58,118.81,119.63,121.49,-1.86,-1.531,44042.44,529904.37,0.7986,1.7803,0.82,42.9225,33.3079,7.4147,3.0304,2.5136,0.4599,0.7022,55495.9434,55151.2655,24739.4055,6638979.7089,6597745.8918,133.64,109.34,1.041
002920,德赛西威,汽车配件,广东,20171226,002920.SZ,20241203,122.79,123.41,119.86,121.49,123.52,-2.03,-1.6435,45770.8,555820.231,0.8299,1.8501,0.81,43.5899,33.8258,7.53,3.0775,2.5527,0.4529,0.6915,55495.9434,55151.2655,24739.4055,6742202.1637,6700327.2456,135.87,111.17,1.041
002920,德赛西威,汽车配件,广东,20171226,002920.SZ,20241202,120.0,124.39,118.08,123.52,124.87,-1.35,-1.0811,85381.55,1039765.553,1.5481,3.4512,1.74,44.3182,34.391,7.6558,3.1289,2.5953,0.4455,0.6801,55495.9434,55151.2655,24739.4055,6854858.9288,6812284.3146,137.36,112.38,1.041
002920,德赛西威,汽车配件,广东,20171226,002920.SZ,20241129,122.47,128.99,122.0,124.87,122.15,2.72,2.2268,54289.69,683425.937,0.9844,2.1945,1.12,44.8026,34.7669,7.7395,3.1631,2.6237,0.4406,0.6728,55495.9434,55151.2655,24739.4055,6929778.4524,6886738.523,134.37,109.94,1.041
002920,德赛西威,汽车配件,广东,20171226,002920.SZ,20241128,125.63,125.9,121.5,122.15,125.63,-3.48,-2.77,29903.15,368013.276,0.5422,1.2087,0.58,43.8267,34.0095,7.5709,3.0942,2.5665,0.4505,0.6877,55495.9434,55151.2655,24739.4055,6778829.4863,6736727.0808,138.19,113.07,1.041
002920,德赛西威,汽车配件,广东,20171226,002920.SZ,20241127,120.0,125.76,118.88,125.63,121.2,4.43,3.6551,53130.24,648909.841,0.9634,2.1476,1.05,45.0753,34.9785,7.7866,3.1824,2.6397,0.438,0.6687,55495.9434,55151.2655,24739.4055,6971955.3693,6928653.4848,133.32,109.08,1.041
002920,德赛西威,汽车配件,广东,20171226,002920.SZ,20241126,127.09,127.47,120.81,121.2,127.8,-6.6,-5.1643,60397.55,744490.416,1.0951,2.4414,1.13,43.4858,33.745,7.512,3.0702,2.5466,0.454,0.6931,55495.9434,55151.2655,24739.4055,6726108.3401,6684333.3786,140.58,115.02,1.041
002920,德赛西威,汽车配件,广东,20171226,002920.SZ,20241125,129.64,133.71,124.8,127.8,129.8,-2.0,-1.5408,48210.69,617317.649,0.8742,1.9487,0.89,45.8577,35.5856,7.9198,3.2376,2.6855,0.4305,0.6573,55500.61,55151.2655,24739.4055,7092977.958,7048331.7309,142.78,116.82,1.041
002920,德赛西威,汽车配件,广东,20171226,002920.SZ,20241122,132.91,136.66,129.8,129.8,132.9,-3.1,-2.3326,50654.83,677622.198,0.9185,2.0475,0.92,46.5754,36.1425,8.0438,3.2883,2.7275,0.4239,0.6471,55500.61,55151.2655,24739.4055,7203979.178,7158634.2619,146.19,119.61,1.041
002920,德赛西威,汽车配件,广东,20171226,002920.SZ,20241121,133.78,135.3,130.51,132.9,134.29,-1.39,-1.0351,44460.87,588199.596,0.8062,1.7972,0.8,47.6877,37.0057,8.2359,3.3668,2.7926,0.414,0.6321,55500.61,55151.2655,24739.4055,7376031.069,7329603.185,147.72,120.86,1.041
002920,德赛西威,汽车配件,广东,20171226,002920.SZ,20241120,131.36,134.91,130.2,134.29,132.0,2.29,1.7348,50216.21,668587.842,0.9105,2.0298,0.92,48.1865,37.3928,8.322,3.402,2.8219,0.4097,0.6255,55500.61,55151.2655,24739.4055,7453176.9169,7406263.444,145.2,118.8,1.041
002920,德赛西威,汽车配件,广东,20171226,002920.SZ,20241119,127.13,134.22,127.13,132.0,126.5,5.5,4.3478,72667.08,958465.939,1.3176,2.9373,1.4,47.3648,36.7551,8.1801,3.344,2.7737,0.4168,0.6364,55500.61,55151.2655,24739.4055,7326080.52,7279967.046,139.15,113.85,1.041
002920,德赛西威,汽车配件,广东,20171226,002920.SZ,20241118,124.97,129.69,123.0,126.5,124.95,1.55,1.2405,53830.41,683295.909,0.9761,2.1759,0.97,45.3912,35.2236,7.8393,3.2047,2.6582,0.4349,0.664,55500.61,55151.2655,24739.4055,7020827.165,6976635.0858,137.45,112.46,1.041
002920,德赛西威,汽车配件,广东,20171226,002920.SZ,20241115,129.99,130.99,124.81,124.95,130.58,-5.63,-4.3115,55282.66,701967.828,1.0024,2.2346,0.95,44.8351,34.792,7.7432,3.1654,2.6256,0.4403,0.6723,55500.61,55151.2655,24739.4055,6934801.2195,6891150.6242,143.64,117.52,1.041
002920,德赛西威,汽车配件,广东,20171226,002920.SZ,20241114,134.95,136.13,129.73,130.58,134.78,-4.2,-3.1162,46649.86,617934.21,0.8459,1.8857,0.75,46.8552,36.3597,8.0921,3.308,2.7439,0.4213,0.6433,55500.61,55151.2655,24739.4055,7247269.6538,7201652.249,148.26,121.3,1.041
002920,德赛西威,汽车配件,广东,20171226,002920.SZ,20241113,136.46,137.36,132.5,134.78,136.45,-1.67,-1.2239,43786.92,589252.937,0.7939,1.7699,0.66,48.3623,37.5292,8.3524,3.4144,2.8321,0.4082,0.6232,55500.61,55151.2655,24739.4055,7480372.2158,7433287.5641,150.1,122.81,1.041
002920,德赛西威,汽车配件,广东,20171226,002920.SZ,20241112,140.72,144.5,135.33,136.45,140.19,-3.74,-2.6678,59620.47,824884.181,1.081,2.4099,0.87,48.9615,37.9942,8.4559,3.4568,2.8672,0.4032,0.6156,55500.61,55151.2655,24739.4055,7573058.2345,7525390.1775,154.21,126.17,1.041
002920,德赛西威,汽车配件,广东,20171226,002920.SZ,20241111,134.2,142.88,133.01,140.19,134.98,5.21,3.8598,71374.92,994797.541,1.2942,2.8851,1.06,50.3035,39.0356,8.6877,3.5515,2.9458,0.3925,0.5992,55500.61,55151.2655,24739.4055,7780630.5159,7731655.9104,148.48,121.48,1.041
002920,德赛西威,汽车配件,广东,20171226,002920.SZ,20241108,135.15,139.49,132.6,134.98,133.0,1.98,1.4887,70681.06,962379.197,1.2816,2.857,1.05,48.4341,37.5849,8.3648,3.4195,2.8363,0.4076,0.6223,55500.61,55151.2655,24739.4055,7491472.3378,7444317.8172,146.3,119.7,1.041
002920,德赛西威,汽车配件,广东,20171226,002920.SZ,20241107,126.42,133.0,126.4,133.0,127.93,5.07,3.9631,64326.61,841229.332,1.1664,2.6002,0.89,47.7236,37.0336,8.2421,3.3694,2.7947,0.4137,0.6316,55500.61,55151.2655,24739.4055,7381581.13,7335118.3115,140.72,115.14,1.041
002920,德赛西威,汽车配件,广东,20171226,002920.SZ,20241106,132.35,133.38,127.05,127.93,131.05,-3.12,-2.3808,63270.87,823316.293,1.1472,2.5575,0.93,45.9044,35.6218,7.9279,3.2409,2.6882,0.4301,0.6566,55500.61,55151.2655,24739.4055,7100193.0373,7055501.3954,144.16,117.95,1.041
002920,德赛西威,汽车配件,广东,20171226,002920.SZ,20241105,125.0,132.5,122.5,131.05,125.46,5.59,4.4556,71945.94,925278.574,1.3045,2.9082,1.1,47.0239,36.4906,8.1212,3.32,2.7538,0.4198,0.641,55500.61,55151.2655,24739.4055,7273354.9405,7227573.3438,138.01,112.91,1.041
002920,德赛西威,汽车配件,广东,20171226,002920.SZ,20241104,117.99,125.98,117.99,125.46,118.63,6.83,5.7574,67722.0,834183.71,1.2279,2.7374,1.17,45.0181,34.9341,7.7748,3.1783,2.6363,0.4385,0.6695,55500.61,55151.2655,24739.4055,6963106.5306,6919277.7696,130.49,106.77,1.041
002920,德赛西威,汽车配件,广东,20171226,002920.SZ,20241101,120.35,121.99,115.8,118.63,121.87,-3.24,-2.6586,67981.77,805257.941,1.2326,2.7479,1.32,42.5673,33.0323,7.3516,3.0053,2.4928,0.4638,0.7081,55500.61,55151.2655,24739.4055,6584037.3643,6542594.6263,134.06,109.68,1.041
002920,德赛西威,汽车配件,广东,20171226,002920.SZ,20241031,128.0,131.31,120.86,121.87,122.46,-0.59,-0.4818,89671.28,1129890.03,1.6259,3.6246,2.02,43.7299,33.9344,7.5524,3.0874,2.5609,0.4515,0.6893,55500.61,55151.2655,24739.4055,6763859.3407,6721284.7265,134.71,110.21,1.041
002920,德赛西威,汽车配件,广东,20171226,002920.SZ,20241030,123.0,126.02,120.98,122.46,123.86,-1.4,-1.1303,43579.73,537366.967,0.7902,1.7616,0.88,43.9416,38.2241,8.125,3.1023,2.7322,0.4493,0.6859,55500.61,55151.2655,24739.4055,6796604.7006,6753823.9731,136.25,111.47,1.041
002920,德赛西威,汽车配件,广东,20171226,002920.SZ,20241029,121.38,125.1,120.17,123.86,121.0,2.86,2.3636,56855.24,700364.912,1.0309,2.2982,1.02,44.4439,38.6611,8.2179,3.1378,2.7634,0.4442,0.6782,55500.61,55151.2655,24739.4055,6874305.5546,6831035.7448,133.1,108.9,1.041
002920,德赛西威,汽车配件,广东,20171226,002920.SZ,20241028,119.48,121.83,118.88,121.0,121.25,-0.25,-0.2062,30501.84,367296.828,0.5531,1.2329,0.45,43.4177,37.7684,8.0281,3.0654,2.6996,0.4547,0.6942,55500.61,55151.2655,24739.4055,6715573.81,6673303.1255,133.38,109.13,1.041
002920,德赛西威,汽车配件,广东,20171226,002920.SZ,20241025,121.0,123.35,119.76,121.25,121.53,-0.28,-0.2304,37596.51,456679.968,0.6817,1.5197,0.48,43.5074,37.8465,8.0447,3.0717,2.7052,0.4538,0.6928,55500.61,55151.2655,24739.4055,6729448.9625,6687090.9419,133.68,109.38,1.041
002920,德赛西威,汽车配件,广东,20171226,002920.SZ,20241024,123.78,126.58,121.0,121.53,123.8,-2.27,-1.8336,53088.59,654960.314,0.9626,2.1459,0.68,43.6079,37.9339,8.0633,3.0788,2.7115,0.4527,0.6912,55500.61,55151.2655,24739.4055,6744989.1333,6702533.2962,136.18,111.42,1.041
002920,德赛西威,汽车配件,广东,20171226,002920.SZ,20241023,123.39,127.2,120.68,123.8,124.02,-0.22,-0.1774,69962.81,868249.333,1.2686,2.828,0.92,44.4224,38.6424,8.2139,3.1363,2.7621,0.4444,0.6785,55500.61,55151.2655,24739.4055,6870975.518,6827726.6689,136.42,111.62,1.041
002920,德赛西威,汽车配件,广东,20171226,002920.SZ,20241022,116.96,124.04,116.66,124.02,118.15,5.87,4.9683,87284.84,1058645.158,1.5826,3.5282,1.21,44.5014,38.7111,8.2285,3.1419,2.767,0.4436,0.6773,55500.61,55151.2655,24739.4055,6883185.6522,6839859.9473,129.97,106.34,1.041
002920,德赛西威,汽车配件,广东,20171226,002920.SZ,20241021,120.0,120.9,116.28,118.15,118.63,-0.48,-0.4046,88693.22,1050082.482,1.6082,3.5851,1.21,42.3951,36.8788,7.839,2.9932,2.636,0.4657,0.711,55500.61,55151.2655,24739.4055,6557397.0715,6516122.0188,130.49,106.77,1.041
002920,德赛西威,汽车配件,广东,20171226,002920.SZ,20241018,109.99,121.84,109.81,118.63,111.33,7.3,6.5571,93746.88,1089385.849,1.6998,3.7894,1.29,42.5673,37.0287,7.8709,3.0053,2.6467,0.4638,0.7081,55500.61,55151.2655,24739.4055,6584037.3643,6542594.6263,122.46,100.2,1.041
002920,德赛西威,汽车配件,广东,20171226,002920.SZ,20241017,113.01,114.76,110.88,111.33,112.33,-1.0,-0.8902,48541.55,547109.043,0.8802,1.9621,0.57,39.9479,34.7501,7.3865,2.8204,2.4839,0.4942,0.7545,55500.61,55151.2655,24739.4055,6178882.9113,6139990.3881,123.56,101.1,1.041
002920,德赛西威,汽车配件,广东,20171226,002920.SZ,20241016,111.0,113.8,109.11,112.33,113.3,-0.97,-0.8561,61943.96,689860.084,1.1232,2.5039,0.62,40.3067,35.0622,7.4529,2.8457,2.5062,0.4898,0.7478,55500.61,55151.2655,24739.4055,6234383.5213,6195141.6536,124.63,101.97,1.041
002920,德赛西威,汽车配件,广东,20171226,002920.SZ,20241015,116.0,117.9,112.99,113.3,117.5,-4.2,-3.5745,66329.97,763823.302,1.2027,2.6811,0.6,40.6548,35.365,7.5172,2.8703,2.5278,0.4856,0.7414,55500.61,55151.2655,24739.4055,6288219.113,6248638.3812,129.25,105.75,1.041
002920,德赛西威,汽车配件,广东,20171226,002920.SZ,20241014,115.0,117.5,111.68,117.5,115.74,1.76,1.5206,94459.45,1086906.184,1.7127,3.8182,0.86,42.1618,36.6759,7.7959,2.9767,2.6215,0.4682,0.7149,55500.61,55151.2655,24739.4055,6521321.675,6480273.6963,127.31,104.17,1.041
002920,德赛西威,汽车配件,广东,20171226,002920.SZ,20241011,125.12,125.12,113.76,115.74,125.2,-9.46,-7.5559,92556.59,1093063.651,1.6782,3.7413,0.86,41.5303,36.1266,7.6791,2.9321,2.5823,0.4754,0.7258,55500.61,55151.2655,24739.4055,6423640.6014,6383207.469,137.72,112.68,1.041
002920,德赛西威,汽车配件,广东,20171226,002920.SZ,20241010,129.31,133.07,121.8,125.2,131.3,-6.1,-4.6458,111063.17,1407211.375,2.0138,4.4893,1.12,44.9248,39.0794,8.3068,3.1718,2.7933,0.4394,0.6709,55500.61,55151.2655,24739.4055,6948676.372,6904938.4406,144.43,118.17,1.041
002920,德赛西威,汽车配件,广东,20171226,002920.SZ,20241009,129.14,140.0,123.7,131.3,131.77,-0.47,-0.3567,138843.16,1831832.348,2.5175,5.6122,1.61,47.1136,40.9834,8.7115,3.3263,2.9294,0.419,0.6398,55500.61,55151.2655,24739.4055,7287230.093,7241361.1602,144.95,118.59,1.041
002920,德赛西威,汽车配件,广东,20171226,002920.SZ,20241008,131.77,131.77,121.0,131.77,119.79,11.98,10.0008,117836.15,1530391.943,2.1366,4.7631,1.55,47.2822,41.1301,8.7427,3.3382,2.9399,0.4175,0.6375,55500.61,55151.2655,24739.4055,7313315.3797,7267282.2549,131.77,107.81,1.041
002920,德赛西威,汽车配件,广东,20171226,002920.SZ,20240930,114.4,119.79,113.12,119.79,108.9,10.89,10.0,85999.29,1010825.342,1.5593,3.4762,1.25,42.9835,37.3907,7.9478,3.0347,2.6726,0.4593,0.7012,55500.61,55151.2655,24739.4055,6648418.0719,6606570.0942,119.79,98.01,1.041
002920,德赛西威,汽车配件,广东,20171226,002920.SZ,20240927,101.81,110.5,101.8,108.9,100.75,8.15,8.0893,85751.86,913291.04,1.5548,3.4662,1.4,39.0759,33.9916,7.2253,2.7588,2.4297,0.5052,0.7713,55500.61,55151.2655,24739.4055,6044016.429,6005972.813,110.83,90.68,1.041
002920,德赛西威,汽车配件,广东,20171226,002920.SZ,20240926,98.11,100.88,97.62,100.75,98.8,1.95,1.9737,68308.23,678759.459,1.2386,2.7611,1.22,36.1515,31.4477,6.6846,2.5523,2.2478,0.5461,0.8337,55500.61,55151.2655,24739.4055,5591686.4575,5556489.9991,108.68,88.92,1.041
002920,德赛西威,汽车配件,广东,20171226,002920.SZ,20240925,98.0,100.28,97.8,98.8,98.17,0.63,0.6417,72328.28,718485.388,1.3115,2.9236,1.34,35.4518,30.839,6.5552,2.5029,2.2043,0.5569,0.8502,55500.61,55151.2655,24739.4055,5483460.268,5448945.0314,107.99,88.35,1.041
002920,德赛西威,汽车配件,广东,20171226,002920.SZ,20240924,95.15,98.65,94.0,98.17,95.1,3.07,3.2282,66993.99,645561.425,1.2147,2.708,1.39,35.2258,30.6424,6.5134,2.487,2.1903,0.5604,0.8557,55500.61,55151.2655,24739.4055,5448494.8837,5414199.7341,104.61,85.59,1.041
002920,德赛西威,汽车配件,广东,20171226,002920.SZ,20240923,93.65,96.57,93.11,95.1,94.19,0.91,0.9661,49297.81,468041.179,0.8939,1.9927,1.05,34.1242,29.6841,6.3097,2.4092,2.1218,0.5785,0.8833,55500.61,55151.2655,24739.4055,5278108.011,5244885.3491,103.61,84.77,1.041
002920,德赛西威,汽车配件,广东,20171226,002920.SZ,20240920,93.75,95.96,92.01,94.19,93.3,0.89,0.9539,48240.6,451881.536,0.8747,1.9499,1.01,33.7976,29.4001,6.2493,2.3862,2.1015,0.5841,0.8918,55500.61,55151.2655,24739.4055,5227602.4559,5194697.6974,102.63,83.97,1.041
002920,德赛西威,汽车配件,广东,20171226,002920.SZ,20240919,94.48,94.92,92.51,93.3,93.8,-0.5,-0.533,43248.4,404588.376,0.7842,1.7482,0.83,33.4783,29.1223,6.1903,2.3636,2.0816,0.5897,0.9003,55500.61,55151.2655,24739.4055,5178206.913,5145613.0712,103.18,84.42,1.041
002920,德赛西威,汽车配件,广东,20171226,002920.SZ,20240918,90.2,94.6,89.3,93.8,89.84,3.96,4.4078,61108.79,567406.002,1.108,2.4701,0.99,33.6577,29.2783,6.2235,2.3763,2.0928,0.5866,0.8955,55500.61,55151.2655,24739.4055,5205957.218,5173188.7039,98.82,80.86,1.041
002920,德赛西威,汽车配件,广东,20171226,002920.SZ,20240913,90.5,91.22,89.02,89.84,90.13,-0.29,-0.3218,38862.95,350309.017,0.7047,1.5709,0.55,32.2368,28.0423,5.9607,2.276,2.0044,0.6124,0.935,55500.61,55151.2655,24739.4055,4986174.8024,4954789.6925,99.14,81.12,1.041
002920,德赛西威,汽车配件,广东,20171226,002920.SZ,20240912,93.23,93.43,89.89,90.13,92.72,-2.59,-2.7934,43467.97,395804.356,0.7882,1.757,0.57,32.3408,28.1328,5.98,2.2833,2.0109,0.6104,0.932,55500.61,55151.2655,24739.4055,5002269.9793,4970783.5595,101.99,83.45,1.041
002920,德赛西威,汽车配件,广东,20171226,002920.SZ,20240911,91.51,95.5,90.51,92.72,91.51,1.21,1.3223,51215.34,478611.615,0.9286,2.0702,0.63,33.2702,28.9412,6.1518,2.3489,2.0687,0.5934,0.906,55500.61,55151.2655,24739.4055,5146016.5592,5113625.3372,100.66,82.36,1.041
002920,德赛西威,汽车配件,广东,20171226,002920.SZ,20240910,89.31,93.04,89.31,91.51,89.26,2.25,2.5207,64966.27,592499.393,1.178,2.626,0.74,32.836,28.5635,6.0715,2.3183,2.0417,0.6012,0.9179,55500.61,55151.2655,24739.4055,5078860.8211,5046892.3059,98.19,80.33,1.041
002920,德赛西威,汽车配件,广东,20171226,002920.SZ,20240909,87.99,92.88,87.99,89.26,97.26,-8.0,-8.2254,111680.51,1003915.369,2.025,4.5143,1.48,32.0286,27.8612,5.9222,2.2613,1.9915,0.6164,0.9411,55500.61,55151.2655,24739.4055,4953984.4486,4922801.9585,106.99,87.53,1.041
002920,德赛西威,汽车配件,广东,20171226,002920.SZ,20240906,97.38,101.53,97.0,97.26,97.38,-0.12,-0.1232,81209.11,804417.478,1.4725,3.2826,1.07,34.8992,30.3583,6.453,2.4639,2.17,0.5657,0.8637,55500.61,55151.2655,24739.4055,5397989.3286,5364012.0825,107.12,87.64,1.041
002920,德赛西威,汽车配件,广东,20171226,002920.SZ,20240905,95.13,98.9,95.13,97.38,95.25,2.13,2.2362,70422.08,687856.008,1.2769,2.8466,0.89,34.9423,30.3958,6.461,2.467,2.1726,0.565,0.8626,55500.61,55151.2655,24739.4055,5404649.4018,5370630.2344,104.78,85.73,1.041
002920,德赛西威,汽车配件,广东,20171226,002920.SZ,20240904,93.5,97.38,92.84,95.25,93.95,1.3,1.3837,76452.78,727346.535,1.3862,3.0903,1.04,34.178,29.7309,6.3197,2.413,2.1251,0.5776,0.8819,55500.61,55151.2655,24739.4055,5286433.1025,5253158.0389,103.35,84.56,1.041
002920,德赛西威,汽车配件,广东,20171226,002920.SZ,20240903,88.52,95.23,87.88,93.95,88.71,5.24,5.9069,97483.35,904335.467,1.7676,3.9404,1.57,33.7115,29.3252,6.2334,2.3801,2.0961,0.5856,0.8941,55500.61,55151.2655,24739.4055,5214282.3095,5181461.3937,97.58,79.84,1.041
002920,德赛西威,汽车配件,广东,20171226,002920.SZ,20240902,90.01,91.64,88.58,88.71,91.19,-2.48,-2.7196,50651.06,455835.38,0.9184,2.0474,0.83,31.8313,27.6896,5.8857,2.2473,1.9792,0.6202,0.9469,55500.61,55151.2655,24739.4055,4923459.1131,4892468.7625,100.31,82.07,1.041
002920,德赛西威,汽车配件,广东,20171226,002920.SZ,20240830,90.71,92.98,89.69,91.19,90.93,0.26,0.2859,82928.28,761281.321,1.5037,3.3521,1.56,32.7212,28.4637,6.0503,2.3102,2.0345,0.6033,0.9212,55500.61,55151.2655,24739.4055,5061100.6259,5029243.9009,100.02,81.84,1.041
002920,德赛西威,汽车配件,广东,20171226,002920.SZ,20240829,84.78,91.5,83.78,90.93,85.3,5.63,6.6002,87037.0,769682.602,1.5782,3.5182,1.67,32.6279,28.3825,6.033,2.3036,2.0287,0.6051,0.9238,55500.61,55151.2655,24739.4055,5046670.4673,5014904.5719,93.83,76.77,1.041
002920,德赛西威,汽车配件,广东,20171226,002920.SZ,20240828,87.01,87.67,84.7,85.3,87.0,-1.7,-1.954,48289.55,413617.829,0.8756,1.9519,0.67,30.6077,26.6252,5.6595,2.1609,1.9031,0.645,0.9848,55500.61,55151.2655,24739.4055,4734202.033,4704402.9472,95.7,78.3,1.041
002920,德赛西威,汽车配件,广东,20171226,002920.SZ,20240827,89.02,89.65,86.59,87.0,89.76,-2.76,-3.0749,40800.39,359038.346,0.7398,1.6492,0.58,31.2177,27.1558,5.7723,2.204,1.9411,0.6324,0.9655,55500.61,55151.2655,24739.4055,4828553.07,4798160.0985,98.74,80.78,1.041
002920,德赛西威,汽车配件,广东,20171226,002920.SZ,20240826,89.02,90.72,87.75,89.76,89.07,0.69,0.7747,47094.79,420142.118,0.8539,1.9036,0.68,32.208,28.0173,5.9554,2.2739,2.0026,0.613,0.9358,55500.61,55151.2655,24739.4055,4981734.7536,4950377.5913,97.98,80.16,1.041
002920,德赛西威,汽车配件,广东,20171226,002920.SZ,20240823,90.0,91.2,89.01,89.07,90.41,-1.34,-1.4821,42074.41,378493.916,0.7629,1.7007,0.55,31.9605,27.8019,5.9096,2.2565,1.9872,0.6177,0.9431,55500.61,55151.2655,24739.4055,4943439.3327,4912323.2181,99.45,81.37,1.041
002920,德赛西威,汽车配件,广东,20171226,002920.SZ,20240822,94.5,94.97,90.21,90.41,94.3,-3.89,-4.1251,81632.51,748894.184,1.4802,3.2997,1.07,32.4413,28.2202,5.9985,2.2904,2.0171,0.6086,0.9291,55500.61,55151.2655,24739.4055,5017810.1501,4986225.9139,103.73,84.87,1.041
002920,德赛西威,汽车配件,广东,20171226,002920.SZ,20240821,92.0,96.99,91.41,94.3,88.46,5.84,6.6019,146932.19,1383731.807,2.6642,5.9392,2.74,33.8371,29.4344,6.2566,2.3889,2.1039,0.5834,0.8908,55500.61,55151.2655,24739.4055,5233707.523,5200764.3367,97.31,79.61,1.041
002920,德赛西威,汽车配件,广东,20171226,002920.SZ,20240820,89.99,90.4,88.01,88.46,89.6,-1.14,-1.2723,35887.88,319062.095,0.6507,1.4506,0.68,31.7416,30.6661,6.2225,2.241,2.0828,0.622,0.9496,55500.61,55151.2655,24739.4055,4909583.9606,4878680.9461,98.56,80.64,1.041
002920,德赛西威,汽车配件,广东,20171226,002920.SZ,20240819,90.4,91.17,89.08,89.6,90.52,-0.92,-1.0163,41936.81,377549.617,0.7604,1.6951,0.78,32.1506,31.0613,6.3027,2.2699,2.1096,0.6141,0.9375,55500.61,55151.2655,24739.4055,4972854.656,4941553.3888,99.57,81.47,1.041
002920,德赛西威,汽车配件,广东,20171226,002920.SZ,20240816,87.85,91.47,87.61,90.52,87.99,2.53,2.8753,78551.32,708072.226,1.4243,3.1751,1.73,32.4808,31.3802,6.3674,2.2932,2.1313,0.6078,0.928,55500.61,55151.2655,24739.4055,5023915.2172,4992292.5531,96.79,79.19,1.041
002920,德赛西威,汽车配件,广东,20171226,002920.SZ,20240815,84.15,88.68,83.81,87.99,84.6,3.39,4.0071,79163.36,689632.184,1.4354,3.1999,1.84,31.5729,30.5032,6.1895,2.2291,2.0717,0.6253,0.9547,55500.61,55151.2655,24739.4055,4883498.6739,4852759.8513,93.06,76.14,1.041
002920,德赛西威,汽车配件,广东,20171226,002920.SZ,20240814,86.16,86.19,84.6,84.6,86.23,-1.63,-1.8903,32774.01,279156.769,0.5943,1.3248,0.73,30.3565,29.328,5.951,2.1432,1.9919,0.6503,0.9929,55500.61,55151.2655,24739.4055,4695351.606,4665797.0613,94.85,77.61,1.041
002920,德赛西威,汽车配件,广东,20171226,002920.SZ,20240813,85.14,86.25,84.5,86.23,85.12,1.11,1.304,29661.93,253086.297,0.5378,1.199,0.54,30.9414,29.893,6.0657,2.1845,2.0303,0.638,0.9741,55500.61,55151.2655,24739.4055,4785817.6003,4755693.6241,93.63,76.61,1.041
002920,德赛西威,汽车配件,广东,20171226,002920.SZ,20240812,86.4,87.6,84.89,85.12,87.0,-1.88,-2.1609,47450.22,406011.282,0.8604,1.918,0.79,30.5431,29.5082,5.9876,2.1564,2.0041,0.6464,0.9868,55500.61,55151.2655,24739.4055,4724211.9232,4694475.7194,95.7,78.3,1.041
002920,德赛西威,汽车配件,广东,20171226,002920.SZ,20240809,88.96,89.4,87.0,87.0,88.58,-1.58,-1.7837,38276.88,337780.507,0.694,1.5472,0.57,31.2177,30.16,6.1198,2.204,2.0484,0.6324,0.9655,55500.61,55151.2655,24739.4055,4828553.07,4798160.0985,97.44,79.72,1.041
002920,德赛西威,汽车配件,广东,20171226,002920.SZ,20240808,86.2,89.3,84.57,88.58,86.85,1.73,1.9919,66394.52,579228.311,1.2039,2.6838,0.91,31.7846,30.7077,6.231,2.244,2.0856,0.6211,0.9483,55500.61,55151.2655,24739.4055,4916244.0338,4885299.098,95.54,78.17,1.041
002920,德赛西威,汽车配件,广东,20171226,002920.SZ,20240807,87.3,88.37,86.51,86.85,87.86,-1.01,-1.1496,42696.03,372606.022,0.7742,1.7258,0.49,31.1639,30.108,6.1093,2.2002,2.0449,0.6335,0.9672,55500.61,55151.2655,24739.4055,4820227.9785,4789887.4087,96.65,79.07,1.041
002920,德赛西威,汽车配件,广东,20171226,002920.SZ,20240806,89.75,90.18,86.01,87.86,88.61,-0.75,-0.8464,79391.43,696239.265,1.4395,3.2091,0.91,31.5263,30.4581,6.1803,2.2258,2.0686,0.6262,0.9561,55500.61,55151.2655,24739.4055,4876283.5946,4845590.1868,97.47,79.75,1.041
002920,德赛西威,汽车配件,广东,20171226,002920.SZ,20240805,88.97,92.28,88.59,88.61,89.98,-1.37,-1.5226,75339.23,679086.351,1.366,3.0453,0.82,31.7954,30.7181,6.2331,2.2448,2.0863,0.6209,0.948,55500.61,55151.2655,24739.4055,4917909.0521,4886953.636,98.98,80.98,1.041
002920,德赛西威,汽车配件,广东,20171226,002920.SZ,20240802,91.79,92.93,89.3,89.98,93.15,-3.17,-3.4031,70150.34,638731.28,1.272,2.8356,0.71,32.287,31.193,6.3294,2.2795,2.1186,0.6115,0.9335,55500.61,55151.2655,24739.4055,4993944.8878,4962510.8697,102.47,83.84,1.041
002920,德赛西威,汽车配件,广东,20171226,002920.SZ,20240801,95.29,95.29,92.0,93.15,95.31,-2.16,-2.2663,98967.01,924034.567,1.7945,4.0004,1.05,33.4245,32.2919,6.5524,2.3598,2.1932,0.5906,0.9018,55500.61,55151.2655,24739.4055,5169881.8215,5137340.3813,104.84,85.78,1.041
002920,德赛西威,汽车配件,广东,20171226,002920.SZ,20240731,90.0,95.88,90.0,95.31,91.11,4.2,4.6098,108440.61,1011991.24,1.9662,4.3833,1.16,34.1995,33.0407,6.7044,2.4145,2.2441,0.5773,0.8813,55500.61,55151.2655,24739.4055,5289763.1391,5256467.1148,100.22,82.0,1.041
002920,德赛西威,汽车配件,广东,20171226,002920.SZ,20240730,90.3,91.96,88.1,91.11,91.49,-0.38,-0.4153,83513.42,751761.596,1.5143,3.3757,0.86,32.6925,31.5847,6.4089,2.3081,2.1452,0.6039,0.922,55500.61,55151.2655,24739.4055,5056660.5771,5024831.7997,100.64,82.34,1.041
002920,德赛西威,汽车配件,广东,20171226,002920.SZ,20240729,91.15,93.59,89.4,91.49,91.0,0.49,0.5385,98626.84,899641.832,1.7883,3.9866,0.98,32.8288,31.7165,6.4357,2.3178,2.1541,0.6014,0.9181,55500.61,55151.2655,24739.4055,5077750.8089,5045789.2806,100.1,81.9,1.041
002920,德赛西威,汽车配件,广东,20171226,002920.SZ,20240726,89.18,94.18,88.58,91.0,89.13,1.87,2.0981,107085.4,977038.577,1.9417,4.3285,1.0,32.653,31.5466,6.4012,2.3053,2.1426,0.6046,0.9231,55500.61,55151.2655,24739.4055,5050555.51,5018765.1605,98.04,80.22,1.041
002920,德赛西威,汽车配件,广东,20171226,002920.SZ,20240725,89.0,90.95,88.8,89.13,90.43,-1.3,-1.4376,72236.84,647744.498,1.3098,2.9199,0.62,31.982,30.8983,6.2697,2.258,2.0986,0.6173,0.9424,55500.61,55151.2655,24739.4055,4946769.3693,4915632.294,99.47,81.39,1.041
002920,德赛西威,汽车配件,广东,20171226,002920.SZ,20240724,91.95,94.2,90.1,90.43,93.39,-2.96,-3.1695,105895.26,970055.358,1.9201,4.2804,0.84,32.4485,31.349,6.3611,2.2909,2.1292,0.6084,0.9289,55500.61,55151.2655,24739.4055,5018920.1623,4987328.9392,102.73,84.05,1.041
002920,德赛西威,汽车配件,广东,20171226,002920.SZ,20240723,98.65,99.24,93.3,93.39,97.98,-4.59,-4.6846,100244.14,961034.04,1.8176,4.052,0.75,33.5106,32.3751,6.5693,2.3659,2.1989,0.5891,0.8995,55500.61,55151.2655,24739.4055,5183201.9679,5150576.685,107.78,88.18,1.041
002920,德赛西威,汽车配件,广东,20171226,002920.SZ,20240722,98.03,100.79,96.75,97.98,99.79,-1.81,-1.8138,119252.79,1170316.43,2.1623,4.8204,0.82,35.1576,33.9663,6.8922,2.4822,2.3069,0.5615,0.8573,55500.61,55151.2655,24739.4055,5437949.7678,5403720.9937,109.77,89.81,1.041
002920,德赛西威,汽车配件,广东,20171226,002920.SZ,20240719,101.3,103.98,99.19,99.79,101.98,-2.19,-2.1475,135537.32,1378498.541,2.4576,5.4786,0.84,35.8071,34.5938,7.0195,2.528,2.3495,0.5513,0.8418,55500.61,55151.2655,24739.4055,5538405.8719,5503544.7842,112.18,91.78,1.041
002920,德赛西威,汽车配件,广东,20171226,002920.SZ,20240718,101.34,103.0,99.13,101.98,103.0,-1.02,-0.9903,120492.94,1217733.82,2.1848,4.8705,0.69,36.5929,35.353,7.1736,2.5835,2.4011,0.5395,0.8237,55500.61,55151.2655,24739.4055,5659952.2078,5624326.0557,113.3,92.7,1.041
002920,德赛西威,汽车配件,广东,20171226,002920.SZ,20240717,106.86,107.68,102.68,103.0,108.16,-5.16,-4.7707,155105.41,1621329.197,2.8124,6.2696,0.83,36.9589,35.7066,7.2453,2.6093,2.4251,0.5342,0.8155,55500.61,55151.2655,24739.4055,5716562.83,5680580.3465,118.98,97.34,1.041
002920,德赛西威,汽车配件,广东,20171226,002920.SZ,20240716,105.9,109.71,105.25,108.16,107.51,0.65,0.6046,141909.87,1534449.094,2.5731,5.7362,0.78,38.8104,37.4954,7.6083,2.7401,2.5466,0.5087,0.7766,55500.61,55151.2655,24739.4055,6002945.9776,5965160.8765,118.26,96.76,1.041
002920,德赛西威,汽车配件,广东,20171226,002920.SZ,20240715,106.0,111.69,104.61,107.51,106.55,0.96,0.901,177572.15,1923623.858,3.2197,7.1777,1.15,38.5772,37.2701,7.5626,2.7236,2.5313,0.5118,0.7813,55500.61,55151.2655,24739.4055,5966870.5811,5929312.5539,117.21,95.9,1.041
002920,德赛西威,汽车配件,广东,20171226,002920.SZ,20240712,100.57,109.32,97.88,106.55,101.48,5.07,4.9961,210285.74,2152435.596,3.8129,8.5,1.72,38.2327,36.9373,7.495,2.6993,2.5087,0.5164,0.7884,55500.61,55151.2655,24739.4055,5913589.9955,5876367.339,111.63,91.33,1.041
002920,德赛西威,汽车配件,广东,20171226,002920.SZ,20240711,102.96,103.0,97.53,101.48,101.31,0.17,0.1678,187762.67,1881553.902,3.4045,7.5896,2.0,36.4135,35.1797,7.1384,2.5708,2.3893,0.5422,0.8277,55500.61,55151.2655,24739.4055,5632201.9028,5596750.4229,111.44,91.18,1.041
002920,德赛西威,汽车配件,广东,20171226,002920.SZ,20240710,96.7,101.31,96.43,101.31,92.1,9.21,10.0,218628.71,2177148.773,3.9642,8.8373,3.63,36.3525,35.1207,7.1264,2.5665,2.3853,0.5431,0.8291,55500.61,55151.2655,24739.4055,5622766.7991,5587374.7078,101.31,82.89,1.041
002920,德赛西威,汽车配件,广东,20171226,002920.SZ,20240709,84.7,92.1,84.0,92.1,83.73,8.37,9.9964,115280.69,1026473.1,2.0903,4.6598,2.22,33.0477,31.9279,6.4786,2.3332,2.1685,0.5974,0.9121,55500.61,55151.2655,24739.4055,5111606.181,5079431.5526,92.1,75.36,1.041
002920,德赛西威,汽车配件,广东,20171226,002920.SZ,20240708,85.06,85.39,83.66,83.73,85.05,-1.32,-1.552,37174.14,313447.656,0.674,1.5026,0.68,30.0443,29.0264,5.8898,2.1212,1.9714,0.6571,1.0032,55500.61,55151.2655,24739.4055,4647066.0753,4617815.4603,93.56,76.55,1.041
002920,德赛西威,汽车配件,广东,20171226,002920.SZ,20240705,84.12,85.81,82.87,85.05,84.66,0.39,0.4607,52268.0,440871.874,0.9477,2.1599,0.97,30.518,29.484,5.9827,2.1546,2.0025,0.6469,0.9877,55500.61,55151.2655,24198.7655,4720326.8805,4690615.1308,93.13,76.19,1.041
002920,德赛西威,汽车配件,广东,20171226,002920.SZ,20240704,86.02,87.36,84.21,84.66,85.6,-0.94,-1.0981,46010.22,394126.994,0.8343,1.9013,0.86,30.378,29.3488,5.9552,2.1447,1.9933,0.6499,0.9922,55500.61,55151.2655,24198.7655,4698681.6426,4669106.1372,94.16,77.04,1.041
002920,德赛西威,汽车配件,广东,20171226,002920.SZ,20240703,85.93,88.72,85.02,85.6,86.14,-0.54,-0.6269,50379.52,436253.28,0.9135,2.0819,0.97,30.7153,29.6746,6.0213,2.1685,2.0154,0.6427,0.9813,55500.61,55151.2655,24198.7655,4750852.216,4720948.3268,94.75,77.53,1.041
002920,德赛西威,汽车配件,广东,20171226,002920.SZ,20240702,86.91,89.5,85.91,86.14,85.7,0.44,0.5134,73786.06,645971.408,1.3379,3.0492,1.53,30.9091,29.8618,6.0593,2.1822,2.0282,0.6387,0.9752,55500.61,55151.2655,24198.7655,4780822.5454,4750730.0102,94.27,77.13,1.041
002920,德赛西威,汽车配件,广东,20171226,002920.SZ,20240701,87.3,87.48,84.1,85.7,87.09,-1.39,-1.5961,52893.38,450772.893,0.9591,2.1858,1.11,30.7512,29.7093,6.0284,2.1711,2.0178,0.642,0.9802,55500.61,55151.2655,24198.7655,4756402.277,4726463.4534,95.8,78.38,1.041
002920,德赛西威,汽车配件,广东,20171226,002920.SZ,20240628,87.53,89.25,86.68,87.09,87.93,-0.84,-0.9553,46971.48,412728.26,0.8517,1.9411,0.95,31.25,30.1912,6.1262,2.2063,2.0505,0.6317,0.9645,55500.61,55151.2655,24198.7655,4833548.1249,4803123.7124,96.72,79.14,1.041
002920,德赛西威,汽车配件,广东,20171226,002920.SZ,20240627,90.83,90.83,87.88,87.93,91.12,-3.19,-3.5009,42669.04,379084.613,0.7737,1.7633,0.82,31.5514,30.4824,6.1852,2.2276,2.0703,0.6257,0.9553,55500.61,55151.2655,24198.7655,4880168.6373,4849450.7754,100.23,82.01,1.041
002920,德赛西威,汽车配件,广东,20171226,002920.SZ,20240626,90.0,91.49,88.77,91.12,90.25,0.87,0.964,42496.81,382940.782,0.7706,1.7562,0.66,32.696,31.5882,6.4096,2.3084,2.1454,0.6038,0.9219,55500.61,55151.2655,24198.7655,5057215.5832,5025383.3124,99.28,81.23,1.041
002920,德赛西威,汽车配件,广东,20171226,002920.SZ,20240625,91.0,93.46,89.36,90.25,90.7,-0.45,-0.4961,55838.87,510406.86,1.0125,2.3075,0.79,32.3839,31.2866,6.3484,2.2863,2.1249,0.6096,0.9307,55500.61,55151.2655,24198.7655,5008930.0525,4977401.7114,99.77,81.63,1.0405
002920,德赛西威,汽车配件,广东,20171226,002920.SZ,20240624,93.35,93.73,90.57,90.7,94.25,-3.55,-3.7666,50952.51,469023.696,0.9239,2.1056,0.7,32.5453,31.4426,6.3801,2.2977,2.1355,0.6066,0.9261,55500.61,55151.2655,24198.7655,5033905.327,5002219.7809,103.68,84.83,1.0404
002920,德赛西威,汽车配件,广东,20171226,002920.SZ,20240621,93.99,95.66,92.01,94.25,93.99,0.26,0.2766,56523.03,530940.302,1.0249,2.3358,0.8,33.8192,32.6733,6.6298,2.3877,2.2191,0.5838,0.8912,55500.61,55151.2655,24198.7655,5230932.4925,5198006.7734,103.39,84.59,1.0404
002920,德赛西威,汽车配件,广东,20171226,002920.SZ,20240620,95.44,96.22,93.99,93.99,96.2,-2.21,-2.2973,54742.02,519200.127,0.9926,2.2622,0.76,33.7259,32.5831,6.6115,2.3811,2.213,0.5854,0.8937,55500.61,55151.2655,24198.7655,5216502.3339,5183667.4443,105.82,86.58,1.0404
002920,德赛西威,汽车配件,广东,20171226,002920.SZ,20240619,100.24,101.38,94.54,96.2,100.16,-3.96,-3.9537,105874.93,1026223.925,1.9197,4.3752,1.52,34.5189,33.3493,6.767,2.4371,2.265,0.5719,0.8732,55500.61,55151.2655,24198.7655,5339158.682,5305551.7411,110.18,90.14,1.0404
002920,德赛西威,汽车配件,广东,20171226,002920.SZ,20240618,99.7,102.98,99.25,100.16,99.15,1.01,1.0187,85936.1,870526.322,1.5582,3.5513,1.39,35.9398,34.7221,7.0455,2.5374,2.3583,0.5493,0.8387,55500.61,55151.2655,24198.7655,5558941.0976,5523950.7525,109.07,89.24,1.0404
002920,德赛西威,汽车配件,广东,20171226,002920.SZ,20240617,100.22,102.8,99.01,99.15,101.25,-2.1,-2.0741,60063.2,603641.039,1.0891,2.4821,1.03,35.5774,34.3719,6.9745,2.5118,2.3345,0.5549,0.8472,55500.61,55151.2655,24198.7655,5502885.4815,5468247.9743,111.38,91.13,1.0404
002920,德赛西威,汽车配件,广东,20171226,002920.SZ,20240614,101.72,101.89,99.0,101.25,102.5,-1.25,-1.2195,45574.33,456304.228,0.8264,1.8833,0.78,36.3309,35.0999,7.1222,2.565,2.3839,0.5434,0.8296,55500.61,55151.2655,24198.7655,5619436.7625,5584065.6319,112.75,92.25,1.0404
002920,德赛西威,汽车配件,广东,20171226,002920.SZ,20240613,104.0,104.28,101.18,102.5,105.61,-3.11,-2.9448,60881.39,624854.069,1.1039,2.5159,1.01,36.7795,35.5333,7.2101,2.5967,2.4133,0.5368,0.8195,55500.61,55151.2655,24198.7655,5688812.525,5653004.7138,116.17,95.05,1.0404
002920,德赛西威,汽车配件,广东,20171226,002920.SZ,20240612,101.19,105.77,101.19,105.61,99.01,6.6,6.666,96181.42,994809.254,1.744,3.9746,1.93,37.8954,36.6114,7.4289,2.6755,2.4866,0.521,0.7954,55500.61,55151.2655,24198.7655,5861419.4221,5824525.1495,108.91,89.11,1.0404
002920,德赛西威,汽车配件,广东,20171226,002920.SZ,20240611,98.39,100.34,97.3,99.01,99.39,-0.38,-0.3823,46969.97,463518.056,0.8517,1.941,0.92,35.5272,34.3234,6.9646,2.5083,2.3312,0.5557,0.8484,55500.61,55151.2655,24198.7655,5495115.3961,5460526.7972,109.33,89.45,1.0404
002920,德赛西威,汽车配件,广东,20171226,002920.SZ,20240607,101.97,102.35,98.1,99.39,102.0,-2.61,-2.5588,42873.26,426635.481,0.7774,1.7717,0.8,35.6635,34.4551,6.9914,2.5179,2.3401,0.5536,0.8452,55500.61,55151.2655,24198.7655,5516205.6279,5481484.278,112.2,91.8,1.0404
002920,德赛西威,汽车配件,广东,20171226,002920.SZ,20240606,102.33,103.95,101.73,102.0,103.21,-1.21,-1.1724,44777.94,459328.752,0.8119,1.8504,0.91,36.6001,35.3599,7.175,2.584,2.4016,0.5394,0.8235,55500.61,55151.2655,24198.7655,5661062.22,5625429.081,113.53,92.89,1.0404
002920,德赛西威,汽车配件,广东,20171226,002920.SZ,20240605,103.99,107.3,103.11,103.21,102.79,0.42,0.4086,69478.23,730250.32,1.2598,2.8711,1.5,37.0342,35.7794,7.2601,2.6147,2.4301,0.5331,0.8139,55500.61,55151.2655,24198.7655,5728217.9581,5692162.1123,113.07,92.51,1.0404
002920,德赛西威,汽车配件,广东,20171226,002920.SZ,20240604,102.38,104.44,101.15,102.79,102.39,0.4,0.3907,44628.62,457860.857,0.8092,1.8443,1.01,36.8835,35.6338,7.2305,2.604,2.4202,0.5353,0.8172,55500.61,55151.2655,24198.7655,5704907.7019,5668998.5807,112.63,92.15,1.0404
002920,德赛西威,汽车配件,广东,20171226,002920.SZ,20240603,102.0,103.5,99.85,102.39,100.43,1.96,1.9516,53844.01,549984.0,0.9763,2.2251,1.25,36.74,35.4951,7.2024,2.5939,2.4108,0.5373,0.8204,55500.61,55151.2655,24198.7655,5682707.4579,5646938.0745,110.47,90.39,1.0404
002920,德赛西威,汽车配件,广东,20171226,002920.SZ,20240531,97.88,102.91,97.88,100.43,97.75,2.68,2.7417,54501.7,550497.082,0.9882,2.2523,1.36,36.0367,34.8157,7.0645,2.5442,2.3646,0.5478,0.8364,55500.61,55151.2655,24198.7655,5573926.2623,5538841.5942,107.53,87.98,1.0404
002920,德赛西威,汽车配件,广东,20171226,002920.SZ,20240530,98.29,98.41,97.3,97.75,98.5,-0.75,-0.7614,24498.55,239833.881,0.4442,1.0124,0.61,35.0751,33.8866,6.876,2.4763,2.3015,0.5629,0.8593,55500.61,55151.2655,24198.7655,5425184.6275,5391036.2026,108.35,88.65,1.0404
002920,德赛西威,汽车配件,广东,20171226,002920.SZ,20240529,98.93,99.85,96.24,98.5,99.3,-0.8,-0.8056,53403.73,522390.606,0.9683,2.2069,1.45,35.3442,34.1466,6.9288,2.4953,2.3192,0.5586,0.8528,55500.61,55151.2655,24198.7655,5466810.085,5432399.6518,109.23,89.37,1.0404
002920,德赛西威,汽车配件,广东,20171226,002920.SZ,20240528,98.98,100.69,97.87,99.3,99.0,0.3,0.303,34220.24,340496.929,0.6205,1.4141,0.72,35.6312,34.4239,6.985,2.5156,2.338,0.5541,0.8459,55500.61,55151.2655,24198.7655,5511210.573,5476520.6642,108.9,89.1,1.0404
002920,德赛西威,汽车配件,广东,20171226,002920.SZ,20240527,99.98,100.14,96.85,99.0,99.58,-0.58,-0.5824,47905.03,469451.697,0.8686,1.9796,1.06,35.5236,34.3199,6.9639,2.508,2.3309,0.5557,0.8485,55500.61,55151.2655,24198.7655,5494560.39,5459975.2845,109.54,89.62,1.0404
002920,德赛西威,汽车配件,广东,20171226,002920.SZ,20240524,102.54,102.8,99.46,99.58,102.54,-2.96,-2.8867,39902.68,400791.072,0.7235,1.649,0.92,35.7317,34.521,7.0047,2.5227,2.3446,0.5525,0.8435,55500.61,55151.2655,24198.7655,5526750.7438,5491963.0185,112.79,92.29,1.0404
002920,德赛西威,汽车配件,广东,20171226,002920.SZ,20240523,104.01,104.38,102.35,102.54,104.03,-1.49,-1.4323,26113.52,269470.612,0.4735,1.0791,0.58,36.7938,35.5471,7.213,2.5977,2.4143,0.5366,0.8192,55500.61,55151.2655,24198.7655,5691032.5494,5655210.7644,114.43,93.63,1.0404
002920,德赛西威,汽车配件,广东,20171226,002920.SZ,20240522,102.79,104.35,102.5,104.03,102.9,1.13,1.0982,35479.16,368125.564,0.6433,1.4662,0.83,37.3285,36.0637,7.3178,2.6354,2.4494,0.5289,0.8075,55500.61,55151.2655,24198.7655,5773728.4583,5737386.15,113.19,92.61,1.0404
002920,德赛西威,汽车配件,广东,20171226,002920.SZ,20240521,106.99,107.01,102.0,102.9,108.04,-5.14,-4.7575,88620.99,917667.252,1.6069,3.6622,2.76,36.923,35.6719,7.2383,2.6068,2.4228,0.5347,0.8163,55500.61,55151.2655,24198.7655,5711012.769,5675065.22,118.84,97.24,1.0404
002920,德赛西威,汽车配件,广东,20171226,002920.SZ,20240520,108.0,109.49,107.01,108.04,107.61,0.43,0.3996,35543.3,384432.55,0.6445,1.4688,0.98,38.7674,37.4538,7.5998,2.737,2.5438,0.5092,0.7775,55500.61,55151.2655,24198.7655,5996285.9044,5958542.7246,118.37,96.85,1.0404
002920,德赛西威,汽车配件,广东,20171226,002920.SZ,20240517,106.2,107.85,105.5,107.61,106.45,1.16,1.0897,31714.3,338658.431,0.575,1.3106,0.74,38.6131,37.3047,7.5696,2.7261,2.5337,0.5113,0.7806,55500.61,55151.2655,24198.7655,5972420.6421,5934827.6805,117.1,95.81,1.0404
002920,德赛西威,汽车配件,广东,20171226,002920.SZ,20240516,107.01,107.74,104.73,106.45,106.54,-0.09,-0.0845,33102.08,351631.267,0.6002,1.3679,0.57,38.1968,36.9026,7.488,2.6967,2.5063,0.5169,0.7891,55500.61,55151.2655,24198.7655,5908039.9345,5870852.2125,117.19,95.89,1.0404
002920,德赛西威,汽车配件,广东,20171226,002920.SZ,20240515,107.0,108.4,105.5,106.54,107.33,-0.79,-0.736,24011.86,256680.615,0.4354,0.9923,0.36,38.2291,36.9338,7.4943,2.699,2.5085,0.5164,0.7884,55500.61,55151.2655,24198.7655,5913034.9894,5875815.8264,118.06,96.6,1.0404
002920,德赛西威,汽车配件,广东,20171226,002920.SZ,20240514,108.37,109.8,107.25,107.33,108.9,-1.57,-1.4417,36021.03,389335.119,0.6531,1.4885,0.48,38.5126,37.2077,7.5499,2.719,2.5271,0.5126,0.7826,55500.61,55151.2655,24198.7655,5956880.4713,5919385.3261,119.79,98.01,1.0404
002920,德赛西威,汽车配件,广东,20171226,002920.SZ,20240513,107.71,111.6,106.1,108.9,108.9,0.0,0.0,55918.06,611987.135,1.0139,2.3108,0.71,39.0759,37.7519,7.6603,2.7588,2.564,0.5052,0.7713,55500.61,55151.2655,24198.7655,6044016.429,6005972.813,119.79,98.01,1.0404
002920,德赛西威,汽车配件,广东,20171226,002920.SZ,20240510,110.26,110.79,107.05,108.9,111.55,-2.65,-2.3756,66465.59,721696.27,1.2052,2.7467,0.88,39.0759,37.7519,7.6603,2.7588,2.564,0.5052,0.7713,55500.61,55151.2655,24198.7655,6044016.429,6005972.813,122.71,100.4,1.0404
002920,德赛西威,汽车配件,广东,20171226,002920.SZ,20240509,115.37,115.37,109.53,111.55,115.98,-4.43,-3.8196,108995.46,1218678.123,1.9763,4.5042,1.59,40.0268,38.6706,7.8467,2.826,2.6264,0.4932,1.2462,55500.61,55151.2655,24198.7655,6191093.0455,6152123.6665,127.58,104.38,1.0404
002920,德赛西威,汽车配件,广东,20171226,002920.SZ,20240508,116.97,117.79,113.31,115.98,117.79,-1.81,-1.5366,70301.42,808184.099,1.2747,2.9052,1.13,41.6164,40.2063,8.1584,2.9382,2.7307,0.4744,1.1986,55500.61,55151.2655,24198.7655,6436960.7478,6396443.7727,129.57,106.01,1.0404
002920,德赛西威,汽车配件,广东,20171226,002920.SZ,20240507,121.5,121.53,117.4,117.79,123.66,-5.87,-4.7469,73911.44,875940.022,1.3402,3.0543,1.4,42.2659,40.8338,8.2857,2.984,2.7733,0.4671,1.1802,55500.61,55151.2655,24198.7655,6537416.8519,6496267.5632,136.03,111.29,1.0404
002920,德赛西威,汽车配件,广东,20171226,002920.SZ,20240506,127.59,129.34,121.0,123.66,125.87,-2.21,-1.7558,74286.57,924023.938,1.347,3.0698,1.61,44.3722,42.8687,8.6986,3.1327,2.9116,0.4449,1.1242,55500.61,55151.2655,24198.7655,6863205.4326,6820005.4917,138.46,113.28,1.0404
002920,德赛西威,汽车配件,广东,20171226,002920.SZ,20240430,125.55,129.22,124.91,125.87,123.06,2.81,2.2834,50414.77,639002.924,0.9141,2.0834,1.04,45.1652,43.6349,8.854,3.1887,2.9636,0.4371,1.1045,55500.61,55151.2655,24198.7655,6985861.7807,6941889.7885,135.37,110.75,1.0404
002920,德赛西威,汽车配件,广东,20171226,002920.SZ,20240429,122.14,128.3,120.72,123.06,117.19,5.87,5.009,73262.14,908015.884,1.3284,3.0275,1.56,44.1569,42.6607,8.6564,3.1175,2.8974,0.4471,1.1297,55500.61,55151.2655,24198.7655,6829905.0666,6786914.7324,128.91,105.47,1.0404
002920,德赛西威,汽车配件,广东,20171226,002920.SZ,20240426,114.05,120.48,113.88,118.03,114.82,3.21,2.7957,39866.91,471109.947,0.7229,1.6475,0.74,42.352,40.917,7.8393,2.9901,2.779,0.4661,0.4661,55500.61,55151.2655,24198.7655,6550736.9983,6509503.867,126.3,103.34,1.033
002920,德赛西威,汽车配件,广东,20171226,002920.SZ,20240425,114.7,117.27,113.6,114.82,115.71,-0.89,-0.7692,26997.26,311848.095,0.4895,1.1156,0.48,41.2002,39.8042,7.6261,2.9088,2.7034,0.4792,0.4792,55500.61,55151.2655,24198.7655,6372580.0402,6332468.3047,127.28,104.14,1.033
002920,德赛西威,汽车配件,广东,20171226,002920.SZ,20240424,117.0,119.1,115.27,115.71,117.4,-1.69,-1.4395,39924.36,465508.349,0.7239,1.6499,0.73,41.5195,40.1127,7.6853,2.9313,2.7244,0.4755,0.4755,55500.61,55151.2655,24198.7655,6421975.5831,6381552.931,129.14,105.66,1.033
002920,德赛西威,汽车配件,广东,20171226,002920.SZ,20240423,116.47,118.23,110.88,117.4,117.43,-0.03,-0.0255,61916.26,707828.946,1.1227,2.5587,1.29,42.1259,40.6986,7.7975,2.9742,2.7642,0.4686,0.4686,55500.61,55151.2655,24198.7655,6515771.614,6474758.5697,129.17,105.69,1.033
002920,德赛西威,汽车配件,广东,20171226,002920.SZ,20240422,116.2,121.44,113.5,117.43,118.01,-0.58,-0.4915,66144.44,782839.301,1.1993,2.7334,1.59,42.1367,40.709,7.7995,2.9749,2.7649,0.4685,0.4685,55500.61,55151.2655,24198.7655,6517436.6323,6476413.1077,129.81,106.21,1.033
002920,德赛西威,汽车配件,广东,20171226,002920.SZ,20240419,123.93,123.93,118.01,118.01,131.12,-13.11,-9.9985,73437.5,877229.711,1.3316,3.0348,2.0,42.3448,40.9101,7.838,2.9896,2.7785,0.4662,0.4662,55500.61,55151.2655,24198.7655,6549626.9861,6508400.8417,144.23,118.01,1.033
002920,德赛西威,汽车配件,广东,20171226,002920.SZ,20240418,130.91,135.77,128.0,131.12,131.6,-0.48,-0.3647,37148.39,492673.148,0.6736,1.501,0.96,47.049,47.049,9.1521,3.3217,3.3217,0.4196,0.4196,55500.61,55151.2655,24748.7655,7277239.9832,7231433.9324,144.76,118.44,1.033
002920,德赛西威,汽车配件,广东,20171226,002920.SZ,20240417,127.22,131.81,124.76,131.6,125.55,6.05,4.8188,33818.4,436254.801,0.6132,1.3665,0.85,47.2212,47.2212,9.1856,3.3339,3.3339,0.4181,0.4181,55500.61,55151.2655,24748.7655,7303880.276,7257906.5398,138.11,113.0,1.033
002920,德赛西威,汽车配件,广东,20171226,002920.SZ,20240416,130.64,130.7,125.41,125.55,130.57,-5.02,-3.8447,29220.53,372693.296,0.5298,1.1807,0.69,45.0504,45.0504,8.7633,3.1806,3.1806,0.4382,0.4382,55500.61,55151.2655,24748.7655,6968101.5855,6924241.3835,143.63,117.51,1.033
002920,德赛西威,汽车配件,广东,20171226,002920.SZ,20240415,131.0,132.3,127.76,130.57,131.92,-1.35,-1.0233,33823.82,439419.595,0.6133,1.3667,0.67,46.8517,46.8517,9.1137,3.3078,3.3078,0.4214,0.4214,55500.61,55151.2655,24748.7655,7246714.6477,7201100.7363,145.11,118.73,1.033
002920,德赛西威,汽车配件,广东,20171226,002920.SZ,20240412,128.36,135.0,128.1,131.92,129.0,2.92,2.2636,49986.53,660668.73,0.9064,2.0198,1.0,47.3361,47.3361,9.2079,3.342,3.342,0.4171,0.4171,55500.61,55151.2655,24748.7655,7321640.4712,7275554.9448,141.9,116.1,1.033
002920,德赛西威,汽车配件,广东,20171226,002920.SZ,20240411,127.5,130.38,124.61,129.0,128.55,0.45,0.3501,47464.98,605917.144,0.8606,1.9179,1.0,46.2883,46.2883,9.0041,3.268,3.268,0.4265,0.4265,55500.61,55151.2655,24748.7655,7159578.69,7114513.2495,141.41,115.7,1.033
002920,德赛西威,汽车配件,广东,20171226,002920.SZ,20240410,129.32,130.8,126.66,128.55,132.0,-3.45,-2.6136,38038.42,487383.688,0.6897,1.537,0.74,46.1268,46.1268,8.9727,3.2566,3.2566,0.428,0.428,55500.61,55151.2655,24748.7655,7134603.4155,7089695.18,145.2,118.8,1.033
002920,德赛西威,汽车配件,广东,20171226,002920.SZ,20240409,133.0,134.5,129.9,132.0,134.48,-2.48,-1.8441,41141.56,542065.808,0.746,1.6624,0.73,47.3648,47.3648,9.2135,3.344,3.344,0.4168,0.4168,55500.61,55151.2655,24748.7655,7326080.52,7279967.046,147.93,121.03,1.033
002920,德赛西威,汽车配件,广东,20171226,002920.SZ,20240408,128.03,138.0,128.03,134.48,127.95,6.53,5.1036,73959.14,992100.142,1.341,2.9884,1.26,48.2547,48.2547,9.3866,3.4068,3.4068,0.4091,0.4091,55500.61,55151.2655,24748.7655,7463722.0328,7416742.1844,140.75,115.16,1.033
002920,德赛西威,汽车配件,广东,20171226,002920.SZ,20240403,125.0,129.0,122.61,127.95,125.62,2.33,1.8548,50525.56,635368.987,0.9161,2.0415,0.81,45.9115,45.9115,8.9308,3.2414,3.2414,0.43,0.43,55500.61,55151.2655,24748.7655,7101303.0495,7056604.4207,138.18,113.06,1.033
002920,德赛西威,汽车配件,广东,20171226,002920.SZ,20240402,125.5,127.38,124.1,125.62,125.4,0.22,0.1754,34665.44,436152.57,0.6286,1.4007,0.44,45.0755,45.0755,8.7682,3.1824,3.1824,0.438,0.438,55500.61,55151.2655,24748.7655,6971986.6282,6928101.9721,137.94,112.86,1.033
002920,德赛西威,汽车配件,广东,20171226,002920.SZ,20240401,123.0,130.88,121.3,125.4,124.51,0.89,0.7148,55137.09,695995.587,0.9997,2.2279,0.64,44.9965,44.9965,8.7528,3.1768,3.1768,0.4387,0.4387,55500.61,55151.2655,24748.7655,6959776.494,6915968.6937,136.96,112.06,1.033
002920,德赛西威,汽车配件,广东,20171226,002920.SZ,20240329,131.0,132.0,121.58,124.51,126.0,-1.49,-1.1825,68652.05,856353.218,1.2448,2.774,0.66,44.6772,44.6772,8.6907,3.1543,3.1543,0.4419,0.4419,55500.61,55151.2655,24748.7655,6910380.9511,6866884.0674,138.6,113.4,1.033
002920,德赛西威,汽车配件,广东,20171226,002920.SZ,20240328,118.09,128.0,118.07,126.0,120.0,6.0,5.0,85467.13,1063196.335,1.5497,3.4534,0.85,45.2118,45.2118,8.7947,3.192,3.192,0.4367,0.4367,55500.61,55151.2655,24748.7655,6993076.86,6949059.453,132.0,108.0,1.033
002920,德赛西威,汽车配件,广东,20171226,002920.SZ,20240327,121.7,122.12,118.08,120.0,122.59,-2.59,-2.1127,66767.1,800454.843,1.2106,2.6833,0.65,56.258,45.8715,9.1964,4.46,3.4522,0.4585,0.4585,55500.61,55151.2655,24882.8755,6660073.2,6618151.86,134.85,110.33,1.033
002920,德赛西威,汽车配件,广东,20171226,002920.SZ,20240326,112.1,124.86,112.09,122.59,113.51,9.08,7.9993,121201.54,1461164.374,2.1976,4.8709,1.17,57.4722,46.8615,9.3949,4.5563,3.5267,0.4488,0.4488,55500.61,55151.2655,24882.8755,6803819.7799,6760993.6376,124.86,102.16,1.033
002920,德赛西威,汽车配件,广东,20171226,002920.SZ,20240325,109.85,115.37,109.01,113.51,111.57,1.94,1.7388,90125.4,1026976.195,1.6341,3.622,0.82,53.2153,43.3906,8.699,4.2188,3.2655,0.4847,0.4847,55500.61,55151.2655,24882.8755,6299874.2411,6260220.1469,122.73,100.41,1.033
002920,德赛西威,汽车配件,广东,20171226,002920.SZ,20240322,115.97,115.97,108.65,111.57,120.72,-9.15,-7.5795,155044.71,1733438.472,2.8113,6.231,1.58,52.3058,42.649,8.5503,4.1467,3.2097,0.4931,0.4931,55500.61,55151.2655,24882.8755,6192203.0577,6153226.6918,132.79,108.65,1.033
002920,德赛西威,汽车配件,广东,20171226,002920.SZ,20240321,123.7,124.6,120.1,120.72,123.7,-2.98,-2.4091,67302.88,822469.72,1.2203,2.7048,0.71,56.5955,46.1467,9.2515,4.4868,3.4729,0.4558,0.4558,55500.61,55151.2655,24882.8755,6700033.6392,6657860.7712,136.07,111.33,1.033
002920,德赛西威,汽车配件,广东,20171226,002920.SZ,20240320,124.88,126.09,122.1,123.7,128.03,-4.33,-3.382,81978.55,1013175.012,1.4864,3.2946,0.83,57.9926,47.2858,9.4799,4.5975,3.5586,0.4448,0.4448,55500.61,55151.2655,24882.8755,6865425.457,6822211.5424,140.83,115.23,1.033
002920,德赛西威,汽车配件,广东,20171226,002920.SZ,20240319,122.79,135.0,122.79,128.03,123.66,4.37,3.5339,122351.49,1570098.083,2.2185,4.9171,1.34,60.0226,48.941,9.8118,4.7584,3.6832,0.4297,0.4297,55500.61,55151.2655,24882.8755,7105743.0983,7061016.522,136.03,111.29,1.033
002920,德赛西威,汽车配件,广东,20171226,002920.SZ,20240318,125.55,126.92,120.34,123.66,122.11,1.55,1.2693,124293.66,1530835.048,2.2537,4.9951,1.62,57.9756,47.272,9.4761,4.5962,3.5576,0.4449,0.4449,55502.34,55151.2655,24882.8755,6863419.3644,6820005.4917,134.32,109.9,1.033
002920,德赛西威,汽车配件,广东,20171226,002920.SZ,20240315,111.0,122.11,109.0,122.11,111.01,11.1,9.9991,93411.34,1077977.59,1.6937,3.754,1.4,57.2489,46.6795,9.3573,4.5386,3.513,0.4506,0.4506,55502.34,55151.2655,24882.8755,6777390.7374,6734521.0302,122.11,99.91,1.033
002920,德赛西威,汽车配件,广东,20171226,002920.SZ,20240314,113.0,113.98,109.12,111.01,114.46,-3.45,-3.0142,54096.22,601497.402,0.9809,2.174,0.79,52.0449,42.4362,8.5067,4.126,3.1937,0.4956,0.4956,55502.34,55151.2655,24882.8755,6161314.7634,6122341.9832,125.91,103.01,1.033
002920,德赛西威,汽车配件,广东,20171226,002920.SZ,20240313,115.55,117.31,112.29,114.46,113.29,1.17,1.0327,99158.55,1140526.772,1.7979,3.985,1.7,53.6624,43.7551,8.7711,4.2542,3.2929,0.4807,0.4807,55502.34,55151.2655,24882.8755,6352797.8364,6312613.8491,124.62,101.96,1.033
002920,德赛西威,汽车配件,广东,20171226,002920.SZ,20240312,104.09,113.29,103.74,113.29,102.99,10.3,10.001,86155.96,945433.111,1.5622,3.4625,1.64,53.1139,43.3078,8.6814,4.2107,3.2592,0.4856,0.4856,55502.34,55151.2655,24882.8755,6287860.0986,6248086.8685,113.29,92.69,1.033
002920,德赛西威,汽车配件,广东,20171226,002920.SZ,20240311,102.0,103.0,100.3,102.99,102.3,0.69,0.6745,50019.47,507434.61,0.907,2.0102,0.97,48.2849,39.3704,7.8921,3.8279,2.9629,0.5342,0.5342,55502.34,55151.2655,24882.8755,5716185.9966,5680028.8338,112.53,92.07,1.033
002920,德赛西威,汽车配件,广东,20171226,002920.SZ,20240308,103.01,104.7,101.0,102.3,104.15,-1.85,-1.7763,44310.07,452469.413,0.8034,1.7807,0.84,47.9614,39.1066,7.8393,3.8023,2.9431,0.5378,0.5378,55502.34,55151.2655,24882.8755,5677889.382,5641974.4607,114.57,93.74,1.033
002920,德赛西威,汽车配件,广东,20171226,002920.SZ,20240307,106.88,110.1,103.41,104.15,104.88,-0.73,-0.696,62069.77,665407.237,1.1254,2.4945,1.21,48.8287,39.8138,7.981,3.871,2.9963,0.5283,0.5283,55502.34,55151.2655,24882.8755,5780568.711,5744004.3018,115.37,94.39,1.033
002920,德赛西威,汽车配件,广东,20171226,002920.SZ,20240306,102.6,107.2,102.6,104.88,103.82,1.06,1.021,48525.37,508864.756,0.8799,1.9502,0.86,49.171,40.0929,8.037,3.8982,3.0173,0.5246,0.5246,55502.34,55151.2655,24882.8755,5821085.4192,5784264.7256,114.2,93.44,1.033
002920,德赛西威,汽车配件,广东,20171226,002920.SZ,20240305,100.71,106.88,100.1,103.82,102.58,1.24,1.2088,57919.38,596191.358,1.0502,2.3277,0.97,48.674,39.6877,7.9557,3.8588,2.9868,0.5299,0.5299,55502.34,55151.2655,24882.8755,5762252.9388,5725804.3842,112.84,92.32,1.033
002920,德赛西威,汽车配件,广东,20171226,002920.SZ,20240304,105.01,105.58,101.01,102.58,102.9,-0.32,-0.311,44900.03,460880.104,0.8141,1.8045,0.66,48.0927,39.2137,7.8607,3.8127,2.9511,0.5363,0.5363,55502.34,55151.2655,24882.8755,5693430.0372,5657416.815,113.19,92.61,1.033
002920,德赛西威,汽车配件,广东,20171226,002920.SZ,20240301,103.0,103.5,100.08,102.9,102.6,0.3,0.2924,50229.04,512102.843,0.9108,2.0186,0.64,48.2427,39.336,7.8852,3.8246,2.9603,0.5347,0.5347,55502.34,55151.2655,24882.8755,5711190.786,5675065.22,112.86,92.34,1.033
002920,德赛西威,汽车配件,广东,20171226,002920.SZ,20240229,99.01,103.37,98.0,102.6,100.62,1.98,1.9678,55485.6,564918.623,1.0061,2.2299,0.68,48.1021,39.2213,7.8623,3.8134,2.9517,0.5362,0.5362,55502.34,55151.2655,24882.8755,5694540.084,5658519.8403,110.68,90.56,1.033
002920,德赛西威,汽车配件,广东,20171226,002920.SZ,20240228,107.87,108.76,100.62,100.62,107.87,-7.25,-6.7211,74225.01,774006.071,1.3458,2.983,0.87,47.1738,38.4644,7.7105,3.7398,2.8947,0.5468,0.5468,55502.34,55151.2655,24882.8755,5584645.4508,5549320.3346,118.66,97.08,1.033
002920,德赛西威,汽车配件,广东,20171226,002920.SZ,20240227,102.82,108.53,102.68,107.87,102.73,5.14,5.0034,73530.86,774704.925,1.3333,2.9551,0.85,50.5728,41.2359,8.2661,4.0093,3.1033,0.51,0.51,55502.34,55151.2655,24882.8755,5987037.4158,5949167.0095,113.0,92.46,1.033
002920,德赛西威,汽车配件,广东,20171226,002920.SZ,20240226,99.99,106.48,99.3,102.73,99.3,3.43,3.4542,88889.31,915066.019,1.6117,3.5723,1.03,48.163,39.271,7.8722,3.8182,2.9554,0.5356,0.5356,55502.34,55151.2655,24882.8755,5701755.3882,5665689.5048,109.23,89.37,1.033
002920,德赛西威,汽车配件,广东,20171226,002920.SZ,20240223,93.07,99.99,93.07,99.3,92.4,6.9,7.4675,100529.47,979923.805,1.8228,4.0401,1.18,46.5549,37.9598,7.6094,3.6908,2.8568,0.5541,0.5541,55502.34,55151.2655,24882.8755,5511382.362,5476520.6642,101.64,83.16,1.033
002920,德赛西威,汽车配件,广东,20171226,002920.SZ,20240222,88.47,93.48,88.03,92.4,89.43,2.97,3.321,70554.24,645184.561,1.2793,2.8355,0.79,43.32,35.3221,7.0806,3.4343,2.6583,0.5954,0.5954,55502.34,55151.2655,24882.8755,5128416.216,5095976.9322,98.37,80.49,1.033
002920,德赛西威,汽车配件,广东,20171226,002920.SZ,20240221,83.99,92.32,83.83,89.43,85.67,3.76,4.3889,93186.69,829547.466,1.6897,3.745,1.14,41.9276,34.1868,6.853,3.3239,2.5728,0.6152,0.6152,55502.34,55151.2655,24882.8755,4963574.2662,4932177.6737,94.24,77.1,1.033
002920,德赛西威,汽车配件,广东,20171226,002920.SZ,20240220,87.51,88.06,83.88,85.67,89.15,-3.48,-3.9035,79785.23,680451.572,1.4467,3.2064,1.0,40.1647,32.7494,6.5649,3.1842,2.4646,0.6422,0.6422,55502.34,55151.2655,24882.8755,4754885.4678,4724808.9154,98.07,80.24,1.033
002920,德赛西威,汽车配件,广东,20171226,002920.SZ,20240219,91.8,92.18,87.18,89.15,90.64,-1.49,-1.6439,88206.57,781987.939,1.5994,3.5449,1.25,41.7963,34.0797,6.8316,3.3135,2.5648,0.6171,0.6171,55502.34,55151.2655,24882.8755,4948033.611,4916735.3193,99.7,81.58,1.033
002920,德赛西威,汽车配件,广东,20171226,002920.SZ,20240208,87.1,91.2,85.1,90.64,87.1,3.54,4.0643,92611.25,821685.876,1.6792,3.7219,1.5,42.4948,34.6493,6.9458,3.3689,2.6076,0.607,0.607,55502.34,55151.2655,24882.8755,5030732.0976,4998910.7049,95.81,78.39,1.033
002920,德赛西威,汽车配件,广东,20171226,002920.SZ,20240207,88.23,92.31,85.9,87.1,87.02,0.08,0.0919,91772.79,813433.627,1.664,3.6882,1.71,40.8352,33.2961,6.6745,3.2373,2.5058,0.6317,0.6317,55502.34,55151.2655,24882.8755,4834253.814,4803675.2251,95.72,78.32,1.033
002920,德赛西威,汽车配件,广东,20171226,002920.SZ,20240206,80.69,87.96,78.7,87.02,80.54,6.48,8.0457,57331.3,485580.539,1.0395,2.304,1.16,40.7977,33.2655,6.6684,3.2343,2.5035,0.6322,0.6322,55502.34,55151.2655,24882.8755,4829813.6268,4799263.1238,88.59,72.49,1.033
002920,德赛西威,汽车配件,广东,20171226,002920.SZ,20240205,81.86,83.3,76.44,80.54,82.95,-2.41,-2.9054,68240.43,546136.03,1.2373,2.7425,1.52,37.7596,30.7884,6.1718,2.9935,2.3171,0.6831,0.6831,55502.34,55151.2655,24882.8755,4470158.4636,4441882.9234,91.25,74.66,1.033
002920,德赛西威,汽车配件,广东,20171226,002920.SZ,20240202,86.04,86.34,80.06,82.95,85.76,-2.81,-3.2766,42491.96,354362.751,0.7705,1.7077,0.91,38.8895,31.7096,6.3565,3.0831,2.3864,0.6633,0.6633,55502.34,55151.2655,24882.8755,4603919.103,4574797.4732,94.34,77.18,1.033
002920,德赛西威,汽车配件,广东,20171226,002920.SZ,20240201,85.09,88.18,84.19,85.76,85.06,0.7,0.8229,48379.41,417402.682,0.8772,1.9443,1.03,40.2069,32.7838,6.5718,3.1875,2.4672,0.6415,0.6415,55502.34,55151.2655,24882.8755,4759880.6784,4729772.5293,93.57,76.55,1.033
002920,德赛西威,汽车配件,广东,20171226,002920.SZ,20240131,89.21,89.56,84.57,85.06,89.57,-4.51,-5.0352,51432.27,444555.574,0.9326,2.067,1.15,39.8788,32.5162,6.5182,3.1615,2.4471,0.6468,0.6468,55502.34,55151.2655,24882.8755,4721029.0404,4691166.6434,98.53,80.61,1.033
002920,德赛西威,汽车配件,广东,20171226,002920.SZ,20240130,90.43,92.4,89.5,89.57,90.53,-0.96,-1.0604,37468.45,340780.365,0.6794,1.5058,0.83,41.9932,34.2403,6.8638,3.3291,2.5768,0.6142,0.6142,55502.34,55151.2655,24882.8755,4971344.5938,4939898.8508,99.58,81.48,1.033
002920,德赛西威,汽车配件,广东,20171226,002920.SZ,20240129,93.98,94.74,90.52,90.53,92.88,-2.35,-2.5301,44118.61,406835.728,0.8,1.7731,0.97,42.4433,34.6073,6.9373,3.3648,2.6045,0.6077,0.6077,55502.34,55151.2655,24882.8755,5024626.8402,4992844.0657,102.17,83.59,1.033
002920,德赛西威,汽车配件,广东,20171226,002920.SZ,20240126,96.0,96.16,92.53,92.88,97.3,-4.42,-4.5427,52149.04,488706.788,0.9456,2.0958,1.23,43.545,35.5056,7.1174,3.4521,2.6721,0.5923,0.5923,55502.34,55151.2655,24882.8755,5155057.3392,5122449.5396,107.03,87.57,1.033
002920,德赛西威,汽车配件,广东,20171226,002920.SZ,20240125,97.0,98.48,95.31,97.3,97.9,-0.6,-0.6129,49380.93,479806.943,0.8954,1.9845,1.05,45.6172,37.1953,7.4561,3.6164,2.7992,0.5654,0.5654,55502.34,55151.2655,24882.8755,5400377.682,5366218.1332,107.69,88.11,1.033
002920,德赛西威,汽车配件,广东,20171226,002920.SZ,20240124,98.64,99.86,94.5,97.9,97.77,0.13,0.133,40865.92,395320.44,0.741,1.6423,0.77,45.8985,37.4246,7.5021,3.6387,2.8165,0.562,0.562,55502.34,55151.2655,24882.8755,5433679.086,5399308.8925,107.55,87.99,1.033
002920,德赛西威,汽车配件,广东,20171226,002920.SZ,20240123,98.6,99.06,96.1,97.77,98.0,-0.23,-0.2347,39403.7,385109.637,0.7145,1.5836,0.72,45.8376,37.3749,7.4921,3.6339,2.8127,0.5627,0.5627,55502.34,55151.2655,24882.8755,5426463.7818,5392139.2279,107.8,88.2,1.033
002920,德赛西威,汽车配件,广东,20171226,002920.SZ,20240122,101.25,101.99,97.02,98.0,101.7,-3.7,-3.6382,45554.68,456138.303,0.826,1.8308,0.83,45.9454,37.4629,7.5098,3.6424,2.8194,0.5614,0.5614,55502.34,55151.2655,24882.8755,5439229.32,5404824.019,111.87,91.53,1.033
002920,德赛西威,汽车配件,广东,20171226,002920.SZ,20240119,102.0,104.8,101.55,101.7,102.8,-1.1,-1.07,36499.28,374947.099,0.6618,1.4668,0.67,47.6801,38.8773,7.7933,3.78,2.9258,0.541,0.541,55502.34,55151.2655,24882.8755,5644587.978,5608883.7014,113.08,92.52,1.033
002920,德赛西威,汽车配件,广东,20171226,002920.SZ,20240118,101.11,102.92,98.8,102.8,102.01,0.79,0.7744,72335.57,730573.937,1.3116,2.907,1.57,48.1958,39.2978,7.8776,3.8209,2.9575,0.5352,0.5352,55502.34,55151.2655,24882.8755,5705640.552,5669550.0934,112.21,91.81,1.033
002920,德赛西威,汽车配件,广东,20171226,002920.SZ,20240117,107.79,109.11,102.0,102.01,108.8,-6.79,-6.2408,73270.12,762837.618,1.3285,2.9446,1.86,47.8254,38.9958,7.817,3.7915,2.9347,0.5393,0.5393,55502.34,55151.2655,24882.8755,5661793.7034,5625980.5937,119.68,97.92,1.033
002920,德赛西威,汽车配件,广东,20171226,002920.SZ,20240116,109.68,109.71,106.8,108.8,109.72,-0.92,-0.8385,45868.37,495792.818,0.8317,1.8434,1.22,51.0088,41.5914,8.3374,4.0439,3.1301,0.5057,0.5057,55502.34,55151.2655,24882.8755,6038654.592,6000457.6864,120.69,98.75,1.033
002920,德赛西威,汽车配件,广东,20171226,002920.SZ,20240115,113.56,113.57,109.22,109.72,113.95,-4.23,-3.7122,46085.93,509021.139,0.8356,1.8521,1.35,51.4401,41.9431,8.4079,4.0781,3.1565,0.5014,0.5014,55502.34,55151.2655,24882.8755,6089716.7448,6051196.8507,125.35,102.56,1.033
002920,德赛西威,汽车配件,广东,20171226,002920.SZ,20240112,116.6,116.6,112.5,113.95,116.6,-2.65,-2.2727,35247.82,402005.647,0.6391,1.4165,1.04,53.4233,43.5601,8.732,4.2353,3.2782,0.4828,0.4828,55502.34,55151.2655,24882.8755,6324491.643,6284486.7037,128.26,104.94,1.033
002920,德赛西威,汽车配件,广东,20171226,002920.SZ,20240111,116.48,117.13,114.96,116.6,116.48,0.12,0.103,30386.96,352743.47,0.551,1.2212,0.82,54.6657,44.5732,8.9351,4.3338,3.3545,0.4718,0.4718,55502.34,55151.2655,24882.8755,6471572.844,6430637.5573,128.13,104.83,1.033
002920,德赛西威,汽车配件,广东,20171226,002920.SZ,20240110,113.74,117.8,111.5,116.48,113.74,2.74,2.409,39077.86,451242.268,0.7086,1.5705,0.98,54.6094,44.5273,8.9259,4.3293,3.351,0.4723,0.4723,55502.34,55151.2655,24882.8755,6464912.5632,6424019.4054,125.11,102.37,1.033
002920,德赛西威,汽车配件,广东,20171226,002920.SZ,20240109,111.83,114.88,111.24,113.74,111.86,1.88,1.6807,36902.74,419835.033,0.6691,1.4831,0.96,53.3248,43.4799,8.7159,4.2275,3.2722,0.4837,0.4837,55502.34,55151.2655,24882.8755,6312836.1516,6272904.938,123.05,100.67,1.033
002920,德赛西威,汽车配件,广东,20171226,002920.SZ,20240108,113.0,115.16,110.8,111.86,114.19,-2.33,-2.0405,29295.5,327817.366,0.5312,1.1773,0.74,52.4434,42.7612,8.5718,4.1576,3.2181,0.4918,0.4918,55502.34,55151.2655,24882.8755,6208491.7524,6169220.5588,125.61,102.77,1.033
002920,德赛西威,汽车配件,广东,20171226,002920.SZ,20240105,115.1,117.55,113.35,114.19,115.1,-0.91,-0.7906,33259.77,383639.682,0.6031,1.3367,0.82,53.5358,43.6519,8.7504,4.2442,3.2851,0.4818,0.4818,55502.34,55151.2655,24882.8755,6337812.2046,6297723.0074,126.61,103.59,1.033
002920,德赛西威,汽车配件,广东,20171226,002920.SZ,20240104,117.69,117.8,113.97,115.1,118.24,-3.14,-2.6556,46331.07,535235.98,0.8401,1.862,1.25,53.9624,43.9997,8.8201,4.278,3.3113,0.478,0.478,55502.34,55151.2655,24882.8755,6388319.334,6347910.6591,130.06,106.42,1.033
002920,德赛西威,汽车配件,广东,20171226,002920.SZ,20240103,123.2,123.35,117.08,118.24,123.2,-4.96,-4.026,53332.51,632843.039,0.967,2.1433,1.68,55.4346,45.2001,9.0608,4.3947,3.4017,0.4653,0.4653,55502.34,55151.2655,24882.8755,6562596.6816,6521085.6327,135.52,110.88,1.033
002920,德赛西威,汽车配件,广东,20171226,002920.SZ,20240102,129.51,129.99,123.17,123.2,129.51,-6.31,-4.8722,29968.92,374720.063,0.5434,1.2044,0.94,57.76,47.0962,9.4408,4.5791,3.5443,0.4466,0.4466,55502.34,55151.2655,24882.8755,6837888.288,6794635.9096,142.46,116.56,1.033
002920,德赛西威,汽车配件,广东,20171226,002920.SZ,20231229,126.1,130.26,125.4,129.51,127.11,2.4,1.8881,35777.94,460160.55,0.6487,1.4379,1.21,60.7183,49.5083,9.9244,4.8136,3.7259,0.3476,0.4248,55502.34,55151.2655,24882.8755,7188108.0534,7142640.3949,139.82,114.4,1.033
002920,德赛西威,汽车配件,广东,20171226,002920.SZ,20231228,123.73,127.86,121.67,127.11,123.85,3.26,2.6322,36413.45,459475.914,0.6622,1.4732,1.37,59.5931,48.5909,9.7405,4.7244,3.6568,0.3542,0.4328,55502.34,54985.0,24716.61,7054902.4374,6989143.35,136.24,111.47,1.033
002920,德赛西威,汽车配件,广东,20171226,002920.SZ,20231227,123.27,126.3,121.64,123.85,123.29,0.56,0.4542,29379.38,365613.532,0.5343,1.1886,1.2,58.0647,47.3446,9.4906,4.6032,3.563,0.3635,0.4442,55502.34,54985.0,24716.61,6873964.809,6809892.25,135.62,110.96,1.033
002920,德赛西威,汽车配件,广东,20171226,002920.SZ,20231226,126.83,126.83,121.05,123.29,126.84,-3.55,-2.7988,26886.25,331098.913,0.489,1.0878,1.14,57.8022,47.1306,9.4477,4.5824,3.5469,0.3652,0.4462,55502.34,54985.0,24716.61,6842883.4986,6779100.65,139.52,114.16,1.033
002920,德赛西威,汽车配件,广东,20171226,002920.SZ,20231225,121.18,127.51,120.07,126.84,121.78,5.06,4.155,30954.29,387294.323,0.563,1.2524,1.42,59.4665,48.4876,9.7198,4.7144,3.6491,0.3549,0.4338,55502.34,54985.0,24716.61,7039916.8056,6974297.4,133.96,109.6,1.033
002920,德赛西威,汽车配件,广东,20171226,002920.SZ,20231222,123.0,123.84,119.7,121.78,123.38,-1.6,-1.2968,24365.76,295736.033,0.4431,0.9858,1.21,57.0942,46.5533,9.332,4.5263,3.5035,0.3697,0.4518,55502.34,54985.0,24716.61,6759074.9652,6696073.3,135.72,111.04,1.033
002920,德赛西威,汽车配件,广东,20171226,002920.SZ,20231221,122.89,124.66,121.3,123.38,122.89,0.49,0.3987,21767.92,267553.233,0.3959,0.8807,1.1,57.8444,47.165,9.4546,4.5858,3.5495,0.3649,0.4459,55502.34,54985.0,24716.61,6847878.7092,6784049.3,135.18,110.6,1.033
002920,德赛西威,汽车配件,广东,20171226,002920.SZ,20231220,125.59,126.18,122.7,122.89,125.59,-2.7,-2.1499,17994.83,223032.566,0.3273,0.728,0.88,57.6146,46.9777,9.4171,4.5676,3.5354,0.3663,0.4477,55502.34,54985.0,24716.61,6820682.5626,6757106.65,138.15,113.03,1.033
002920,德赛西威,汽车配件,广东,20171226,002920.SZ,20231219,127.67,128.23,124.73,125.59,127.67,-2.08,-1.6292,22978.8,288629.008,0.4179,0.9297,1.0,58.8805,48.0098,9.624,4.6679,3.6131,0.3585,0.4381,55502.34,54985.0,24716.61,6970538.8806,6905566.15,140.44,114.9,1.033
002920,德赛西威,汽车配件,广东,20171226,002920.SZ,20231218,128.05,131.77,127.36,127.67,128.96,-1.29,-1.0003,22148.99,285936.103,0.4028,0.8961,0.66,59.8556,48.8049,9.7834,4.7452,3.6729,0.3526,0.4309,55502.34,54985.0,24716.61,7085983.7478,7019934.95,141.86,116.06,1.033
002920,德赛西威,汽车配件,广东,20171226,002920.SZ,20231215,130.5,131.0,128.08,128.96,130.31,-1.35,-1.036,15513.61,200366.794,0.2821,0.6277,0.42,60.4604,49.2981,9.8822,4.7932,3.7101,0.3491,0.4266,55502.34,54985.0,24716.61,7157581.7664,7090865.6,143.34,117.28,1.033
002920,德赛西威,汽车配件,广东,20171226,002920.SZ,20231214,130.81,132.69,129.7,130.31,130.74,-0.43,-0.3289,19969.7,261549.056,0.3632,0.8079,0.52,61.0934,49.8141,9.9857,4.8433,3.7489,0.3455,0.4222,55502.34,54985.0,24716.61,7232509.9254,7165095.35,143.81,117.67,1.033
002920,德赛西威,汽车配件,广东,20171226,002920.SZ,20231213,131.58,133.05,130.2,130.74,131.96,-1.22,-0.9245,21835.53,287072.626,0.3971,0.8834,0.56,61.295,49.9785,10.0186,4.8593,3.7613,0.3443,0.4208,55502.34,54985.0,24716.61,7256375.9316,7188738.9,145.16,118.76,1.033
002920,德赛西威,汽车配件,广东,20171226,002920.SZ,20231212,131.59,133.53,130.19,131.96,132.98,-1.02,-0.767,35002.22,461914.43,0.6366,1.4161,0.94,61.8669,50.4449,10.1121,4.9047,3.7964,0.3412,0.4169,55502.34,54985.0,24716.61,7324088.7864,7255820.6,146.28,119.68,1.033
002920,德赛西威,汽车配件,广东,20171226,002920.SZ,20231211,123.5,133.15,121.8,132.98,123.72,9.26,7.4846,74316.44,963825.273,1.3516,3.0067,2.65,62.3451,50.8348,10.1903,4.9426,3.8257,0.3385,0.4137,55502.34,54985.0,24716.61,7380701.1732,7311905.3,136.09,111.35,1.033
002920,德赛西威,汽车配件,广东,20171226,002920.SZ,20231208,122.7,124.88,121.35,123.72,122.7,1.02,0.8313,34338.79,422786.293,0.6245,1.3893,1.19,58.0038,47.2949,9.4807,4.5984,3.5593,0.3639,0.4447,55502.34,54985.0,24716.61,6866749.5048,6802744.2,134.97,110.43,1.033
002920,德赛西威,汽车配件,广东,20171226,002920.SZ,20231207,123.87,123.87,121.0,122.7,123.88,-1.18,-0.9525,25017.12,306287.243,0.455,1.0122,0.81,57.5256,46.905,9.4025,4.5605,3.53,0.3669,0.4484,55502.34,54985.0,24716.61,6810137.118,6746659.5,136.27,111.49,1.033
002920,德赛西威,汽车配件,广东,20171226,002920.SZ,20231206,124.66,126.66,123.4,123.88,124.89,-1.01,-0.8087,26599.53,330971.907,0.4838,1.0762,0.78,58.0788,47.3561,9.4929,4.6043,3.5639,0.3634,0.4441,55502.34,54985.0,24716.61,6875629.8792,6811541.8,137.38,112.4,1.033
002920,德赛西威,汽车配件,广东,20171226,002920.SZ,20231205,126.42,128.02,124.81,124.89,127.0,-2.11,-1.6614,26877.97,339711.174,0.4888,1.0874,0.72,58.5523,47.7422,9.5703,4.6419,3.593,0.3605,0.4405,55502.34,54985.0,24716.61,6931687.2426,6867076.65,139.7,114.3,1.033
002920,德赛西威,汽车配件,广东,20171226,002920.SZ,20231204,129.0,129.08,125.42,127.0,128.84,-1.84,-1.4281,27589.78,349740.304,0.5018,1.1162,0.58,59.5415,48.5488,9.732,4.7203,3.6537,0.3545,0.4332,55502.34,54985.0,24716.61,7048797.18,6983095.0,141.72,115.96,1.033
002920,德赛西威,汽车配件,广东,20171226,002920.SZ,20231201,129.4,129.99,126.71,128.84,129.83,-0.99,-0.7625,38003.55,487968.935,0.6912,1.5376,0.82,60.4042,49.2522,9.873,4.7887,3.7066,0.3494,0.427,55502.34,54985.0,24716.61,7150921.4856,7084267.4,142.81,116.85,1.033
002920,德赛西威,汽车配件,广东,20171226,002920.SZ,20231130,132.3,133.01,128.11,129.83,133.1,-3.27,-2.4568,35209.3,456631.003,0.6403,1.4245,0.66,60.8683,49.6306,9.9489,4.8255,3.7351,0.3468,0.4238,55502.34,54985.0,24716.61,7205868.8022,7138702.55,146.41,119.79,1.033
002920,德赛西威,汽车配件,广东,20171226,002920.SZ,20231129,133.0,136.0,131.05,133.1,131.2,1.9,1.4482,43566.46,583345.086,0.7923,1.7626,0.87,62.4014,50.8807,10.1995,4.947,3.8292,0.3382,0.4134,55502.34,54985.0,24716.61,7387361.454,7318503.5,144.32,118.08,1.033
002920,德赛西威,汽车配件,广东,20171226,002920.SZ,20231128,131.3,133.85,130.0,131.2,131.48,-0.28,-0.213,42850.01,564626.66,0.7793,1.7337,0.86,61.5106,50.1544,10.0539,4.8764,3.7745,0.3431,0.4193,55502.34,54985.0,24716.61,7281907.008,7214032.0,144.63,118.33,1.033
002920,德赛西威,汽车配件,广东,20171226,002920.SZ,20231127,134.14,134.62,127.28,131.48,134.54,-3.06,-2.2744,76641.58,999056.218,1.3939,3.1008,1.65,61.6419,50.2614,10.0753,4.8868,3.7826,0.3424,0.4184,55502.34,54985.0,24716.61,7297447.6632,7229427.8,147.99,121.09,1.033
002920,德赛西威,汽车配件,广东,20171226,002920.SZ,20231124,137.4,138.26,133.62,134.54,137.4,-2.86,-2.0815,33351.17,451479.328,0.6066,1.3493,0.63,63.0765,51.4312,10.3098,5.0006,3.8706,0.3346,0.4089,55502.34,54985.0,24716.61,7467284.8236,7397681.9,151.14,123.66,1.033
002920,德赛西威,汽车配件,广东,20171226,002920.SZ,20231123,131.4,140.15,129.7,137.4,131.61,5.79,4.3994,69625.96,945304.937,1.2663,2.817,1.19,64.4174,52.5245,10.529,5.1069,3.9529,0.3277,0.4004,55502.34,54985.0,24716.61,7626021.516,7554939.0,144.77,118.45,1.033
002920,德赛西威,汽车配件,广东,20171226,002920.SZ,20231122,133.83,135.88,131.6,131.61,133.0,-1.39,-1.0451,29052.55,387612.432,0.5284,1.1754,0.37,61.7028,50.3111,10.0853,4.8917,3.7863,0.3421,0.418,55502.34,54985.0,24716.61,7304662.9674,7236575.85,146.3,119.7,1.033
002920,德赛西威,汽车配件,广东,20171226,002920.SZ,20231121,134.88,136.8,132.1,133.0,135.59,-2.59,-1.9102,40637.59,542750.913,0.7391,1.6441,0.48,62.3545,50.8425,10.1918,4.9433,3.8263,0.3385,0.4137,55502.34,54985.0,24716.61,7381811.22,7313005.0,149.15,122.03,1.033
002920,德赛西威,汽车配件,广东,20171226,002920.SZ,20231120,139.72,140.14,134.92,135.59,138.2,-2.61,-1.8886,59993.1,820111.392,1.0911,2.4272,0.76,63.5688,51.8325,10.3903,5.0396,3.9008,0.332,0.4058,55502.34,54985.0,24716.61,7525562.2806,7455416.15,152.02,124.38,1.033
002920,德赛西威,汽车配件,广东,20171226,002920.SZ,20231117,135.52,139.64,133.3,138.2,136.2,2.0,1.4684,64349.51,884880.671,1.1703,2.6035,0.9,64.7924,52.8303,10.5903,5.1366,3.9759,0.3258,0.3981,55502.34,54985.0,24716.61,7670423.388,7598927.0,149.82,122.58,1.033
002920,德赛西威,汽车配件,广东,20171226,002920.SZ,20231116,135.66,140.57,135.2,136.2,136.2,0.0,0.0,99693.78,1369324.41,1.8131,4.0335,1.69,63.8548,52.0657,10.437,5.0623,3.9183,0.3305,0.4039,55502.34,54985.0,24716.61,7559418.708,7488957.0,149.82,122.58,1.033
002920,德赛西威,汽车配件,广东,20171226,002920.SZ,20231115,130.0,136.2,130.0,136.2,123.82,12.38,9.9984,125504.76,1681782.807,2.2825,5.0777,3.07,63.8548,52.0657,10.437,5.0623,3.9183,0.3305,0.4039,55502.34,54985.0,24716.61,7559418.708,7488957.0,136.2,111.44,1.033
002920,德赛西威,汽车配件,广东,20171226,002920.SZ,20231114,118.55,123.87,118.36,123.82,116.98,6.84,5.8472,74427.38,907506.339,1.3536,3.0112,2.1,58.0506,47.3332,9.4883,4.6021,3.5622,0.3636,0.4443,55502.34,54985.0,24716.61,6872299.7388,6808242.7,128.68,105.28,1.033
002920,德赛西威,汽车配件,广东,20171226,002920.SZ,20231113,118.5,120.12,116.14,116.98,117.88,-0.9,-0.7635,31978.38,376480.216,0.5816,1.2938,0.73,54.8438,44.7184,8.9642,4.3479,3.3654,0.3849,0.4703,55502.34,54985.0,24716.61,6492663.7332,6432145.3,129.67,106.09,1.033
002920,德赛西威,汽车配件,广东,20171226,002920.SZ,20231110,119.99,120.0,117.11,117.88,119.99,-2.11,-1.7585,27762.37,327837.051,0.5049,1.1232,0.62,55.2658,45.0625,9.0332,4.3813,3.3913,0.3819,0.4667,55502.34,54985.0,24716.61,6542615.8392,6481631.8,131.99,107.99,1.033
002920,德赛西威,汽车配件,广东,20171226,002920.SZ,20231109,121.69,121.69,119.31,119.99,122.0,-2.01,-1.6475,34495.19,413988.005,0.6274,1.3956,0.8,56.255,45.8691,9.1949,4.4598,3.452,0.3752,0.4585,55502.34,54985.0,24716.61,6659725.7766,6597650.15,134.2,109.8,1.033
002920,德赛西威,汽车配件,广东,20171226,002920.SZ,20231108,121.28,122.5,119.77,122.0,121.31,0.69,0.5688,36058.8,437610.713,0.6558,1.4589,0.87,57.1974,46.6374,9.3489,4.5345,3.5098,0.369,0.451,55502.34,54985.0,24716.61,6771285.48,6708170.0,133.44,109.18,1.033
002920,德赛西威,汽车配件,广东,20171226,002920.SZ,20231107,120.63,123.28,119.5,121.31,121.43,-0.12,-0.0988,47032.45,569570.589,0.8554,1.9029,1.19,56.8918,46.3883,9.2884,4.5102,3.4911,0.371,0.4534,55519.8,54985.0,24716.61,6735106.938,6670230.35,133.57,109.29,1.033
002920,德赛西威,汽车配件,广东,20171226,002920.SZ,20231106,125.88,126.5,119.0,121.43,125.0,-3.57,-2.856,73405.77,895064.459,1.335,2.9699,2.13,56.948,46.4341,9.2976,4.5147,3.4945,0.3706,0.4529,55519.8,54985.0,24716.61,6741769.314,6676828.55,137.5,112.5,1.033
002920,德赛西威,汽车配件,广东,20171226,002920.SZ,20231103,125.43,128.94,124.11,125.0,125.43,-0.43,-0.3428,33897.59,426312.095,0.6165,1.3714,0.97,58.6223,47.7993,9.5709,4.6474,3.5973,0.36,0.44,55519.8,54985.0,24716.61,6939975.0,6873125.0,137.97,112.89,1.033
002920,德赛西威,汽车配件,广东,20171226,002920.SZ,20231102,126.5,127.76,125.0,125.43,126.95,-1.52,-1.1973,24093.26,303216.064,0.4382,0.9748,0.65,58.824,47.9637,9.6039,4.6634,3.6096,0.3588,0.4385,55519.8,54985.0,24716.61,6963848.514,6896768.55,139.65,114.26,1.033
002920,德赛西威,汽车配件,广东,20171226,002920.SZ,20231101,124.88,129.14,124.01,126.95,125.6,1.35,1.0748,29678.22,377268.573,0.5398,1.2007,0.66,59.5368,48.545,9.7202,4.7199,3.6534,0.3545,0.4332,55519.8,54985.0,24716.61,7048238.61,6980345.75,138.16,113.04,1.033
002920,德赛西威,汽车配件,广东,20171226,002920.SZ,20231031,127.12,127.12,124.0,125.6,128.01,-2.41,-1.8827,35957.0,449659.008,0.6539,1.4548,0.78,58.9037,48.0287,9.6169,4.6697,3.6145,0.3583,0.4379,55519.8,54985.0,24716.61,6973286.88,6906116.0,140.81,115.21,1.033
002920,德赛西威,汽车配件,广东,20171226,002920.SZ,20231030,123.5,128.5,121.7,128.01,124.49,3.52,2.8275,48679.54,613786.928,0.8853,1.9695,1.11,60.0339,48.9503,9.8014,4.7593,3.6839,0.3516,0.4297,55519.8,54985.0,24716.61,7107089.598,7038629.85,136.94,112.04,1.033
002920,德赛西威,汽车配件,广东,20171226,002920.SZ,20231027,124.0,126.28,122.03,124.49,123.79,0.7,0.5655,35904.53,446046.189,0.653,1.4526,0.8,58.3831,47.6043,9.5319,4.6285,3.5826,0.3615,0.4418,55519.8,54985.0,24716.61,6911659.902,6845082.65,136.17,111.41,1.033
002920,德赛西威,汽车配件,广东,20171226,002920.SZ,20231026,121.54,124.21,120.14,123.79,122.55,1.24,1.0118,34830.88,426737.62,0.6335,1.4092,0.75,58.0548,47.3366,9.4783,4.6025,3.5624,0.3636,0.4443,55519.8,54985.0,24716.61,6872796.042,6806593.15,134.81,110.3,1.033
002920,德赛西威,汽车配件,广东,20171226,002920.SZ,20231025,125.83,127.17,122.36,122.55,119.34,3.21,2.6898,70128.48,874547.955,1.2754,2.9181,1.77,57.4733,46.8624,9.3833,4.5563,3.5268,0.3672,0.4488,55519.8,54985.0,24032.5,6803951.49,6738411.75,131.27,107.41,1.033
002920,德赛西威,汽车配件,广东,20171226,002920.SZ,20231024,117.02,120.77,116.12,119.34,116.67,2.67,2.2885,39939.01,475527.023,0.7264,1.6619,1.08,55.9679,52.1773,9.6482,4.437,3.841,0.3771,0.4609,55519.8,54985.0,24032.5,6625732.932,6561909.9,128.34,105.0,1.033
002920,德赛西威,汽车配件,广东,20171226,002920.SZ,20231023,117.05,118.31,115.14,116.67,116.69,-0.02,-0.0171,38209.04,445947.667,0.6949,1.5899,1.07,54.7157,51.0099,9.4324,4.3377,3.7551,0.3858,0.4714,55519.8,54985.0,24032.5,6477495.066,6415099.95,128.36,105.02,1.033
002920,德赛西威,汽车配件,广东,20171226,002920.SZ,20231020,118.79,120.16,116.0,116.69,119.16,-2.47,-2.0728,41857.88,491376.263,0.7613,1.7417,1.26,54.7251,51.0186,9.434,4.3385,3.7557,0.3857,0.4713,55519.8,54985.0,24032.5,6478605.462,6416199.65,131.08,107.24,1.033
002920,德赛西威,汽车配件,广东,20171226,002920.SZ,20231019,123.3,123.9,118.7,119.16,123.05,-3.89,-3.1613,43301.8,518497.772,0.7875,1.8018,1.3,55.8835,52.0986,9.6337,4.4303,3.8352,0.3777,0.4616,55519.8,54985.0,24032.5,6615739.368,6552012.6,135.36,110.75,1.033
002920,德赛西威,汽车配件,广东,20171226,002920.SZ,20231018,122.5,125.8,121.66,123.05,123.96,-0.91,-0.7341,34957.36,431074.156,0.6358,1.4546,0.87,57.7078,53.7993,9.9482,4.5749,3.9604,0.3658,0.447,55519.8,54985.0,24032.5,6831711.39,6765904.25,136.36,111.56,1.033
002920,德赛西威,汽车配件,广东,20171226,002920.SZ,20231017,125.4,125.4,122.55,123.96,125.45,-1.49,-1.1877,27029.11,334742.83,0.4916,1.1247,0.55,58.1346,54.1972,10.0218,4.6088,3.9897,0.3631,0.4437,55519.8,54985.0,24032.5,6882234.408,6815940.6,138.0,112.91,1.033
002920,德赛西威,汽车配件,广东,20171226,002920.SZ,20231016,126.99,127.0,124.0,125.45,126.62,-1.17,-0.924,31371.91,393280.787,0.5706,1.3054,0.63,58.8333,54.8486,10.1422,4.6642,4.0377,0.3588,0.4384,55519.8,54985.0,24032.5,6964958.91,6897868.25,139.28,113.96,1.033
002920,德赛西威,汽车配件,广东,20171226,002920.SZ,20231013,128.69,128.98,126.19,126.62,128.59,-1.97,-1.532,30101.94,382925.474,0.5475,1.2526,0.61,59.382,55.3602,10.2368,4.7077,4.0753,0.3554,0.4344,55519.8,54985.0,24032.5,7029917.076,6962200.7,141.45,115.73,1.033
002920,德赛西威,汽车配件,广东,20171226,002920.SZ,20231012,130.66,133.0,127.92,128.59,130.54,-1.95,-1.4938,43326.22,561784.795,0.788,1.8028,0.97,60.3059,56.2215,10.3961,4.7809,4.1387,0.35,0.4277,55519.8,54985.0,24032.5,7139291.082,7070521.15,143.59,117.49,1.033
002920,德赛西威,汽车配件,广东,20171226,002920.SZ,20231011,128.0,132.7,127.0,130.54,132.21,-1.67,-1.2631,69336.7,903374.934,1.261,2.8851,2.06,61.2204,57.0741,10.5537,4.8534,4.2015,0.3448,0.4213,55519.8,54985.0,24032.5,7247554.692,7177741.9,145.43,118.99,1.033
002920,德赛西威,汽车配件,广东,20171226,002920.SZ,20231010,145.93,145.93,132.21,132.21,146.9,-14.69,-10.0,73721.12,1007217.366,1.3407,3.0676,3.05,62.0036,57.8042,10.6887,4.9155,4.2552,0.3404,0.416,55519.8,54985.0,24032.5,7340272.758,7269566.85,161.59,132.21,1.033
002920,德赛西威,汽车配件,广东,20171226,002920.SZ,20231009,146.01,150.61,145.21,146.9,143.64,3.26,2.2696,32119.83,474275.479,0.5842,1.3365,1.38,68.8929,64.2269,11.8764,5.4617,4.728,0.3064,0.3744,55519.8,54985.0,24032.5,8155858.62,8077296.5,158.0,129.28,1.033
002920,德赛西威,汽车配件,广东,20171226,002920.SZ,20230928,140.58,145.98,140.58,143.64,140.5,3.14,2.2349,28908.45,416412.961,0.5258,1.2029,1.39,67.3641,62.8016,11.6128,5.3405,4.6231,0.3133,0.3829,55519.8,54985.0,24032.5,7974864.072,7898045.4,154.55,126.45,1.033
002920,德赛西威,汽车配件,广东,20171226,002920.SZ,20230927,141.97,144.96,140.0,140.5,142.49,-1.99,-1.3966,18185.17,257907.301,0.3307,0.7567,0.88,65.8915,61.4287,11.359,5.2237,4.522,0.3203,0.3915,55519.8,54985.0,24032.5,7800531.9,7725392.5,156.74,128.24,1.033
002920,德赛西威,汽车配件,广东,20171226,002920.SZ,20230926,142.97,145.18,141.76,142.49,143.4,-0.91,-0.6346,15700.02,224285.097,0.2855,0.6533,0.71,66.8247,62.2988,11.5198,5.2977,4.5861,0.3159,0.386,55519.8,54985.0,24032.5,7911016.302,7834812.65,157.74,129.06,1.033
002920,德赛西威,汽车配件,广东,20171226,002920.SZ,20230925,144.25,145.32,142.38,143.4,142.7,0.7,0.4905,25973.47,373271.84,0.4724,1.0808,0.98,67.2515,62.6967,11.5934,5.3315,4.6154,0.3139,0.3835,55519.8,54985.0,24032.5,7961539.32,7884849.0,156.97,128.43,1.033
002920,德赛西威,汽车配件,广东,20171226,002920.SZ,20230922,136.97,143.13,135.57,142.7,136.67,6.03,4.4121,27614.82,388364.363,0.5022,1.1491,0.99,66.9232,62.3906,11.5368,5.3055,4.5929,0.3154,0.3854,55519.8,54985.0,24032.5,7922675.46,7846359.5,150.34,123.0,1.033
002920,德赛西威,汽车配件,广东,20171226,002920.SZ,20230921,137.11,137.77,135.01,136.67,137.92,-1.25,-0.9063,16647.34,226960.524,0.3028,0.6927,0.55,64.0953,59.7542,11.0493,5.0813,4.3988,0.3293,0.4024,55519.8,54985.0,24032.5,7587891.066,7514799.95,151.71,124.13,1.033
002920,德赛西威,汽车配件,广东,20171226,002920.SZ,20230920,137.2,138.66,136.41,137.92,137.92,0.0,0.0,17688.08,243690.945,0.3217,0.736,0.51,64.6815,60.3007,11.1504,5.1278,4.439,0.3263,0.3988,55519.8,54985.0,24032.5,7657290.816,7583531.2,151.71,124.13,1.033
002920,德赛西威,汽车配件,广东,20171226,002920.SZ,20230919,138.88,139.5,136.66,137.92,139.89,-1.97,-1.4082,23365.91,321833.514,0.425,0.9723,0.55,64.6815,60.3007,11.1504,5.1278,4.439,0.3263,0.3988,55519.8,54985.0,24032.5,7657290.816,7583531.2,153.88,125.9,1.033
002920,德赛西威,汽车配件,广东,20171226,002920.SZ,20230918,133.0,142.5,132.52,139.89,134.42,5.47,4.0693,47144.41,657475.804,0.8574,1.9617,1.13,65.6054,61.162,11.3096,5.201,4.5024,0.3217,0.3932,55519.8,54985.0,24032.5,7766664.822,7691851.65,147.86,120.98,1.033
002920,德赛西威,汽车配件,广东,20171226,002920.SZ,20230915,138.05,138.5,133.38,134.42,138.04,-3.62,-2.6224,34981.52,471419.744,0.6362,1.4556,0.85,63.0401,58.7705,10.8674,4.9977,4.3264,0.3348,0.4092,55519.8,54985.0,24032.5,7462971.516,7391083.7,151.84,124.24,1.033
002920,德赛西威,汽车配件,广东,20171226,002920.SZ,20230914,141.3,143.59,137.0,138.04,142.25,-4.21,-2.9596,27345.74,381051.46,0.4973,1.1379,0.68,64.7378,60.3532,11.1601,5.1323,4.4429,0.326,0.3984,55519.8,54985.0,24032.5,7663953.192,7590129.4,156.48,128.03,1.033
002920,德赛西威,汽车配件,广东,20171226,002920.SZ,20230913,149.0,150.02,140.68,142.25,150.5,-8.25,-5.4817,38914.55,559842.065,0.7077,1.6192,1.09,66.7122,62.1939,11.5004,5.2888,4.5784,0.3164,0.3866,55519.8,54985.0,24032.5,7897691.55,7821616.25,165.55,135.45,1.033
002920,德赛西威,汽车配件,广东,20171226,002920.SZ,20230912,151.44,154.0,146.28,150.5,145.93,4.57,3.1316,63493.5,955561.796,1.1547,2.642,2.26,70.5813,65.8009,12.1674,5.5955,4.8439,0.299,0.3654,55519.8,54985.0,24032.5,8355729.9,8275242.5,160.52,131.34,1.033
002920,德赛西威,汽车配件,广东,20171226,002920.SZ,20230911,140.56,147.5,138.02,145.93,140.56,5.37,3.8204,43265.97,624014.479,0.7869,1.8003,1.69,68.438,63.8028,11.798,5.4256,4.6968,0.3084,0.3769,55519.8,54985.0,24032.5,8102004.414,8023961.05,154.62,126.5,1.033
002920,德赛西威,汽车配件,广东,20171226,002920.SZ,20230908,136.58,142.2,135.6,140.56,137.0,3.56,2.5985,31844.33,443690.697,0.5791,1.3251,1.34,65.9196,61.455,11.3638,5.226,4.524,0.3202,0.3913,55519.8,54985.0,24032.5,7803863.088,7728691.6,150.7,123.3,1.033
002920,德赛西威,汽车配件,广东,20171226,002920.SZ,20230907,139.01,140.28,136.7,137.0,140.15,-3.15,-2.2476,23684.25,326089.417,0.4307,0.9855,0.89,64.25,59.8985,11.076,5.0936,4.4094,0.3285,0.4015,55519.8,54985.0,24032.5,7606212.6,7532945.0,154.17,126.14,1.033
002920,德赛西威,汽车配件,广东,20171226,002920.SZ,20230906,141.0,141.31,139.56,140.15,141.46,-1.31,-0.9261,15918.91,223228.612,0.2895,0.6624,0.5,65.7273,61.2757,11.3307,5.2107,4.5108,0.3211,0.3924,55519.8,54985.0,24032.5,7781099.97,7706147.75,155.61,127.31,1.033
002920,德赛西威,汽车配件,广东,20171226,002920.SZ,20230905,143.01,147.22,140.3,141.46,143.01,-1.55,-1.0838,25826.62,367721.124,0.4697,1.0747,0.65,66.3417,61.8485,11.4366,5.2594,4.5529,0.3182,0.3888,55519.8,54985.0,24032.5,7853830.908,7778178.1,157.31,128.71,1.033
002920,德赛西威,汽车配件,广东,20171226,002920.SZ,20230904,143.55,144.4,140.31,143.01,142.98,0.03,0.021,30944.78,439461.462,0.5628,1.2876,0.71,67.0686,62.5261,11.5619,5.317,4.6028,0.3147,0.3846,55519.8,54985.0,24032.5,7939886.598,7863404.85,157.28,128.68,1.033
002920,德赛西威,汽车配件,广东,20171226,002920.SZ,20230901,145.51,146.31,141.8,142.98,145.51,-2.53,-1.7387,22612.96,324172.589,0.4113,0.9409,0.51,67.0545,62.513,11.5595,5.3159,4.6019,0.3148,0.3847,55519.8,54985.0,24032.5,7938221.004,7861755.3,160.06,130.96,1.033
002920,德赛西威,汽车配件,广东,20171226,002920.SZ,20230831,146.48,149.2,143.44,145.51,145.48,0.03,0.0206,37828.09,554818.015,0.688,1.574,0.89,68.241,63.6192,11.764,5.41,4.6833,0.3093,0.378,55519.8,54985.0,24032.5,8078686.098,8000867.35,160.03,130.93,1.033
002920,德赛西威,汽车配件,广东,20171226,002920.SZ,20230830,144.95,149.99,144.59,145.48,144.78,0.7,0.4835,42229.99,617524.148,0.768,1.7572,1.05,68.227,63.6061,11.7616,5.4089,4.6823,0.3094,0.3781,55519.8,54985.0,24032.5,8077020.504,7999217.8,159.26,130.3,1.033
002920,德赛西威,汽车配件,广东,20171226,002920.SZ,20230829,136.02,148.95,136.02,144.78,137.66,7.12,5.1722,63563.79,915759.109,1.156,2.6449,1.66,67.8987,63.3,11.705,5.3828,4.6598,0.3109,0.3799,55519.8,54985.0,24032.5,8038156.644,7960728.3,151.43,123.89,1.033
002920,德赛西威,汽车配件,广东,20171226,002920.SZ,20230828,146.98,147.2,135.79,137.66,138.7,-1.04,-0.7498,51949.83,721414.67,0.9448,2.1616,1.48,64.5596,60.187,11.1294,5.1181,4.4306,0.3269,0.3995,55519.8,54985.0,24032.5,7642855.668,7569235.1,152.57,124.83,1.033
002920,德赛西威,汽车配件,广东,20171226,002920.SZ,20230825,139.48,139.9,135.19,138.7,141.11,-2.41,-1.7079,27429.59,378490.678,0.4989,1.1414,0.72,65.0473,60.6417,11.2134,5.1568,4.4641,0.3245,0.3965,55519.8,54985.0,24032.5,7700596.26,7626419.5,155.22,127.0,1.033
002920,德赛西威,汽车配件,广东,20171226,002920.SZ,20230824,141.0,144.06,137.79,141.11,140.51,0.6,0.427,27307.39,385489.339,0.4966,1.1363,0.5,66.1775,61.6954,11.4083,5.2464,4.5417,0.3189,0.3898,55519.8,54985.0,24032.5,7834398.978,7758933.35,154.56,126.46,1.033
002920,德赛西威,汽车配件,广东,20171226,002920.SZ,20230823,145.5,146.61,139.86,140.51,145.46,-4.95,-3.403,31351.16,445350.813,0.5702,1.3045,0.58,65.8962,61.4331,11.3598,5.2241,4.5224,0.3203,0.3914,55519.8,54985.0,24032.5,7801087.098,7725942.35,160.01,130.91,1.033
002920,德赛西威,汽车配件,广东,20171226,002920.SZ,20230822,141.22,146.7,139.71,145.46,139.6,5.86,4.1977,53384.41,765566.086,0.9709,2.2213,1.09,68.2176,63.5973,11.76,5.4081,4.6817,0.3094,0.3781,55519.8,54985.0,24032.5,8075910.108,7998118.1,153.56,125.64,1.033
002920,德赛西威,汽车配件,广东,20171226,002920.SZ,20230821,139.03,143.5,138.0,139.6,139.57,0.03,0.0215,36290.25,510465.35,0.66,1.51,0.73,65.4694,61.0352,11.2862,5.1903,4.4931,0.3224,0.394,55519.8,54985.0,24032.5,7750564.08,7675906.0,153.53,125.61,1.033
002920,德赛西威,汽车配件,广东,20171226,002920.SZ,20230818,141.64,144.33,139.0,139.57,141.96,-2.39,-1.6836,42298.76,595712.703,0.7693,1.7601,0.91,65.4553,61.0221,11.2838,5.1891,4.4921,0.3225,0.3941,55519.8,54985.0,24032.5,7748898.486,7674256.45,156.16,127.76,1.033
002920,德赛西威,汽车配件,广东,20171226,002920.SZ,20230817,141.0,142.46,133.33,141.96,147.66,-5.7,-3.8602,110413.45,1529832.157,2.0081,4.5943,3.69,66.5762,62.0671,11.477,5.278,4.569,0.317,0.3874,55519.8,54985.0,24032.5,7881590.808,7805670.6,162.43,132.89,1.033
002920,德赛西威,汽车配件,广东,20171226,002920.SZ,20230816,148.99,150.3,146.5,147.66,149.2,-1.54,-1.0322,25815.77,381463.573,0.4695,1.0742,0.82,69.2494,68.5231,12.5249,5.4899,5.1969,0.3048,0.3725,55519.8,54985.0,24032.5,8198053.668,8119085.1,164.12,134.28,1.033
002920,德赛西威,汽车配件,广东,20171226,002920.SZ,20230815,148.75,152.37,147.5,149.2,148.65,0.55,0.37,29643.15,443570.788,0.5391,1.2335,0.88,69.9716,69.2377,12.6555,5.5472,5.2511,0.3016,0.3686,55519.8,54985.0,24032.5,8283554.16,8203762.0,163.52,133.79,1.033
002920,德赛西威,汽车配件,广东,20171226,002920.SZ,20230814,149.0,149.71,144.71,148.65,150.9,-2.25,-1.4911,38845.31,570235.75,0.7065,1.6164,1.07,69.7136,68.9825,12.6089,5.5267,5.2318,0.3028,0.37,55519.8,54985.0,24032.5,8253018.27,8173520.25,165.99,135.81,1.033
002920,德赛西威,汽车配件,广东,20171226,002920.SZ,20230811,153.5,155.87,150.5,150.9,152.59,-1.69,-1.1075,27583.94,422324.69,0.5017,1.1478,0.65,70.7688,70.0266,12.7997,5.6104,5.311,0.2983,0.3645,55519.8,54985.0,24032.5,8377937.82,8297236.5,167.85,137.33,1.033
002920,德赛西威,汽车配件,广东,20171226,002920.SZ,20230810,153.49,153.98,150.28,152.59,153.53,-0.94,-0.6123,27624.72,419299.435,0.5024,1.1495,0.65,71.5614,70.8109,12.9431,5.6732,5.3704,0.2949,0.3604,55519.8,54985.0,24032.5,8471766.282,8390161.15,168.88,138.18,1.033
002920,德赛西威,汽车配件,广东,20171226,002920.SZ,20230809,156.63,156.63,152.3,153.53,157.41,-3.88,-2.4649,33719.35,518512.205,0.6132,1.4031,0.81,72.0023,71.2471,13.0228,5.7082,5.4035,0.2931,0.3582,55519.8,54985.0,24032.5,8523954.894,8441847.05,173.15,141.67,1.033
002920,德赛西威,汽车配件,广东,20171226,002920.SZ,20230808,162.68,164.87,156.49,157.41,162.94,-5.53,-3.3939,40453.57,644053.31,0.7357,1.6833,1.0,73.8219,73.0477,13.3519,5.8524,5.5401,0.2859,0.3494,55519.8,54985.0,24032.5,8739371.718,8655188.85,179.23,146.65,1.033
002920,德赛西威,汽车配件,广东,20171226,002920.SZ,20230807,160.0,168.27,158.06,162.94,160.06,2.88,1.7993,52873.53,867428.267,0.9616,2.2001,1.29,76.4153,75.6139,13.821,6.058,5.7347,0.2762,0.3375,55519.8,54985.0,24032.5,9046396.212,8959255.9,176.07,144.05,1.033
002920,德赛西威,汽车配件,广东,20171226,002920.SZ,20230804,155.0,162.9,153.88,160.06,153.75,6.31,4.1041,56197.69,894743.737,1.0221,2.3384,1.29,75.0647,74.2774,13.5767,5.951,5.6334,0.2812,0.3436,55519.8,54985.0,24032.5,8886499.188,8800899.1,169.13,138.38,1.033
002920,德赛西威,汽车配件,广东,20171226,002920.SZ,20230803,155.0,157.41,152.72,153.75,155.66,-1.91,-1.227,29324.31,453501.579,0.5333,1.2202,0.48,72.1054,71.3492,13.0415,5.7163,5.4113,0.2927,0.3577,55519.8,54985.0,24032.5,8536169.25,8453943.75,171.23,140.09,1.033
002920,德赛西威,汽车配件,广东,20171226,002920.SZ,20230802,153.8,158.89,153.3,155.66,155.7,-0.04,-0.0257,30431.61,475483.18,0.5535,1.2663,0.49,73.0012,72.2356,13.2035,5.7874,5.4785,0.2891,0.3533,55519.8,54985.0,24032.5,8642212.068,8558965.1,171.27,140.13,1.033
002920,德赛西威,汽车配件,广东,20171226,002920.SZ,20230801,155.5,157.66,152.9,155.7,155.55,0.15,0.0964,32933.12,512625.79,0.5989,1.3704,0.47,73.0199,72.2541,13.2069,5.7888,5.4799,0.2891,0.3532,55519.8,54985.0,24032.5,8644432.86,8561164.5,171.11,140.0,1.033
002920,德赛西威,汽车配件,广东,20171226,002920.SZ,20230731,158.85,164.5,154.98,155.55,157.81,-2.26,-1.4321,56835.76,898042.933,1.0337,2.365,0.86,72.9496,72.1845,13.1941,5.7833,5.4746,0.2893,0.3536,55519.8,54985.0,24032.5,8636104.89,8552916.75,173.59,142.03,1.033
002920,德赛西威,汽车配件,广东,20171226,002920.SZ,20230728,157.64,160.8,151.5,157.81,156.6,1.21,0.7727,67874.86,1061833.327,1.2344,2.8243,1.12,74.0095,73.2333,13.3858,5.8673,5.5542,0.2852,0.3485,55519.8,54985.0,24032.5,8761579.638,8677182.85,172.26,140.94,1.033
002920,德赛西威,汽车配件,广东,20171226,002920.SZ,20230727,162.0,164.65,156.2,156.6,150.0,6.6,4.4,117174.9,1869168.718,2.131,4.8757,2.31,73.442,72.6718,13.2832,5.8223,5.5116,0.2874,0.3512,55519.8,54985.0,24032.5,8694400.68,8610651.0,165.0,135.0,1.033
002920,德赛西威,汽车配件,广东,20171226,002920.SZ,20230726,151.02,151.02,148.21,150.0,152.16,-2.16,-1.4196,35001.26,522601.882,0.6366,1.4564,0.64,70.3468,69.609,12.7234,5.5769,5.2793,0.3,0.3667,55519.8,54985.0,24032.5,8327970.0,8247750.0,167.38,136.94,1.033
002920,德赛西威,汽车配件,广东,20171226,002920.SZ,20230725,156.0,158.36,145.84,152.16,151.5,0.66,0.4356,72963.49,1112839.665,1.327,3.036,1.21,71.3598,70.6113,12.9066,5.6572,5.3553,0.2958,0.3615,55519.8,54985.0,24032.5,8447892.768,8366517.6,166.65,136.35,1.033
002920,德赛西威,汽车配件,广东,20171226,002920.SZ,20230724,151.09,152.67,148.08,151.5,150.24,1.26,0.8387,37555.15,566987.047,0.683,1.5627,0.5,71.0502,70.3051,12.8506,5.6327,5.3321,0.2971,0.363,55519.8,54985.0,24032.5,8411249.7,8330227.5,165.26,135.22,1.033
002920,德赛西威,汽车配件,广东,20171226,002920.SZ,20230721,151.11,153.69,147.47,150.24,151.1,-0.86,-0.5692,39871.6,599728.484,0.7251,1.6591,0.46,70.4593,69.7203,12.7437,5.5858,5.2877,0.2996,0.3661,55519.8,54985.0,24032.5,8341294.752,8260946.4,166.21,135.99,1.033
002920,德赛西威,汽车配件,广东,20171226,002920.SZ,20230720,157.88,159.37,150.1,151.1,157.89,-6.79,-4.3005,67704.83,1037132.828,1.2313,2.8172,0.79,70.8626,70.1194,12.8167,5.6178,5.318,0.2979,0.364,55519.8,54985.0,24032.5,8389041.78,8308233.5,173.68,142.1,1.033
002920,德赛西威,汽车配件,广东,20171226,002920.SZ,20230719,157.68,161.54,156.0,157.89,157.64,0.25,0.1586,56813.14,901447.387,1.0332,2.364,0.62,74.047,73.2704,13.3926,5.8703,5.557,0.285,0.3483,55519.8,54985.0,24032.5,8766021.222,8681581.65,173.4,141.88,1.033
002920,德赛西威,汽车配件,广东,20171226,002920.SZ,20230718,152.6,160.41,152.51,157.64,153.0,4.64,3.0327,99961.6,1569828.841,1.818,4.3609,1.09,73.9298,73.1544,13.3714,5.861,5.5482,0.2855,0.3489,55519.8,54985.0,22922.5,8752141.272,8667835.4,168.3,137.7,1.033
002920,德赛西威,汽车配件,广东,20171226,002920.SZ,20230717,159.52,159.71,152.8,153.0,160.0,-7.0,-4.375,109243.84,1695441.347,1.9868,4.7658,1.28,71.7537,71.0012,12.9778,5.6885,5.3849,0.2942,0.3595,55519.8,54985.0,22922.5,8494529.4,8412705.0,176.0,144.0,1.033
002920,德赛西威,汽车配件,广东,20171226,002920.SZ,20230714,163.95,167.5,159.0,160.0,165.37,-5.37,-3.2473,101639.81,1638906.801,1.8485,4.4341,1.21,75.0365,74.2496,13.5716,5.9487,5.6312,0.2813,0.3438,55519.8,54985.0,22922.5,8883168.0,8797600.0,181.91,148.83,1.033
002920,德赛西威,汽车配件,广东,20171226,002920.SZ,20230713,163.0,168.39,161.0,165.37,162.7,2.67,1.6411,61515.56,1013302.185,1.1188,2.6836,0.59,77.555,76.7416,14.0271,6.1484,5.8202,0.2722,0.3326,55519.8,54985.0,22922.5,9181309.326,9092869.45,178.97,146.43,1.033
002920,德赛西威,汽车配件,广东,20171226,002920.SZ,20230712,172.0,172.1,161.0,162.7,172.41,-9.71,-5.6319,88311.24,1468068.041,1.6061,3.8526,0.76,76.3028,75.5025,13.8006,6.0491,5.7263,0.2766,0.338,55519.8,54985.0,22922.5,9033071.46,8946059.5,189.65,155.17,1.033
002920,德赛西威,汽车配件,广东,20171226,002920.SZ,20230711,162.0,179.5,161.03,172.41,163.82,8.59,5.2436,99812.57,1702614.281,1.8153,4.3543,0.85,80.8566,80.0086,14.6242,6.4101,6.068,0.261,0.319,55519.8,54985.0,22922.5,9572168.718,9479963.85,180.2,147.44,1.033
002920,德赛西威,汽车配件,广东,20171226,002920.SZ,20230710,163.0,167.0,157.55,163.82,159.86,3.96,2.4772,75141.1,1217696.903,1.3666,3.278,0.63,76.828,76.0223,13.8956,6.0907,5.7657,0.2747,0.3357,55519.8,54985.0,22922.5,9095253.636,9007642.7,175.85,143.87,1.033
002920,德赛西威,汽车配件,广东,20171226,002920.SZ,20230707,166.65,167.9,159.0,159.86,165.45,-5.59,-3.3787,94510.5,1529665.71,1.7188,4.123,0.85,74.9709,74.1846,13.5597,5.9435,5.6263,0.2815,0.3441,55519.8,54985.0,22922.5,8875395.228,8789902.1,182.0,148.91,1.033
002920,德赛西威,汽车配件,广东,20171226,002920.SZ,20230706,154.33,167.55,149.77,165.45,159.96,5.49,3.4321,164295.56,2635276.425,2.988,7.1674,1.72,77.5925,76.7787,14.0339,6.1513,5.8231,0.272,0.3324,55519.8,54985.0,22922.5,9185750.91,9097268.25,175.96,143.96,1.033
002920,德赛西威,汽车配件,广东,20171226,002920.SZ,20230705,174.75,176.1,157.93,159.96,172.5,-12.54,-7.2696,144818.91,2403760.567,2.6338,6.3178,1.69,75.0178,74.231,13.5682,5.9472,5.6298,0.2814,0.3438,55519.8,54985.0,22922.5,8880947.208,8795400.6,189.75,155.25,1.033
002920,德赛西威,汽车配件,广东,20171226,002920.SZ,20230704,157.81,172.5,156.53,172.5,156.82,15.68,9.9987,107947.58,1813709.094,1.9632,4.7092,1.37,80.8988,80.0503,14.6319,6.4135,6.0712,0.2609,0.3188,55519.8,54985.0,22922.5,9577165.5,9484912.5,172.5,141.14,1.033
002920,德赛西威,汽车配件,广东,20171226,002920.SZ,20230703,158.0,169.13,153.76,156.82,155.81,1.01,0.6482,86187.39,1387725.891,1.5675,3.7599,1.0,73.5452,72.7739,13.3019,5.8305,5.5193,0.287,0.3507,55519.8,54985.0,22922.5,8706615.036,8622747.7,171.39,140.23,1.033
002920,德赛西威,汽车配件,广东,20171226,002920.SZ,20230630,151.14,158.74,150.78,155.81,152.5,3.31,2.1705,50090.09,775184.615,0.911,2.1852,0.53,73.0715,72.3052,13.2162,5.7929,5.4838,0.2889,0.353,55519.8,54985.0,22922.5,8650540.038,8567212.85,167.75,137.25,1.033
002920,德赛西威,汽车配件,广东,20171226,002920.SZ,20230629,149.3,153.68,146.71,152.5,146.9,5.6,3.8121,89343.27,1352951.688,1.6249,3.8976,0.92,71.5192,70.7691,12.9354,5.6699,5.3673,0.2951,0.3607,55519.8,54985.0,22922.5,8466769.5,8385212.5,161.59,132.21,1.033
002920,德赛西威,汽车配件,广东,20171226,002920.SZ,20230628,147.01,148.94,141.24,146.9,149.99,-3.09,-2.0601,95905.54,1390000.113,1.7442,4.1839,0.95,68.8929,68.1704,12.4604,5.4617,5.1702,0.3064,0.3744,55519.8,54985.0,22922.5,8155858.62,8077296.5,164.99,134.99,1.033
002920,德赛西威,汽车配件,广东,20171226,002920.SZ,20230627,148.56,151.99,148.08,149.99,149.74,0.25,0.167,72699.08,1090873.263,1.3222,3.1715,0.72,70.3421,69.6043,12.7225,5.5766,5.2789,0.3001,0.3667,55519.8,54985.0,22922.5,8327414.802,8247200.15,164.71,134.77,1.033
002920,德赛西威,汽车配件,广东,20171226,002920.SZ,20230626,156.99,161.9,148.8,149.74,158.88,-9.14,-5.7528,123153.0,1889525.773,2.2398,5.3726,1.19,70.2248,69.4883,12.7013,5.5673,5.2701,0.3006,0.3673,55519.8,54985.0,22922.5,8313534.852,8233453.9,174.77,142.99,1.033
002920,德赛西威,汽车配件,广东,20171226,002920.SZ,20230621,158.0,166.66,155.01,158.88,159.69,-0.81,-0.5072,95431.1,1525535.539,1.7356,4.1632,0.87,74.5113,73.7298,13.4766,5.9071,5.5918,0.2833,0.3462,55519.8,54985.0,22922.5,8820985.824,8736016.8,175.66,143.72,1.033
002920,德赛西威,汽车配件,广东,20171226,002920.SZ,20230620,152.09,161.0,150.57,159.69,152.09,7.6,4.997,96222.5,1505646.135,1.75,4.1977,0.83,74.8912,74.1057,13.5453,5.9372,5.6203,0.2818,0.3444,55519.8,54985.0,22922.5,8865956.862,8780554.65,167.3,136.88,1.033
002920,德赛西威,汽车配件,广东,20171226,002920.SZ,20230619,149.01,156.66,148.6,152.09,144.11,7.98,5.5374,119464.56,1824025.046,2.1727,5.2117,1.16,71.3269,70.5789,12.9007,5.6546,5.3529,0.2959,0.3616,55519.8,54985.0,22922.5,8444006.382,8362668.65,158.52,129.7,1.033
002920,德赛西威,汽车配件,广东,20171226,002920.SZ,20230616,143.1,146.55,140.8,144.11,143.1,1.01,0.7058,68071.73,980623.191,1.238,2.9696,0.71,67.5845,66.8757,12.2238,5.3579,5.072,0.3123,0.3817,55519.8,54985.0,22922.5,8000958.378,7923888.35,157.41,128.79,1.033
002920,德赛西威,汽车配件,广东,20171226,002920.SZ,20230615,135.0,147.0,133.01,143.1,136.32,6.78,4.9736,139295.86,1979958.71,2.5333,6.0768,1.94,67.1108,66.407,12.1381,5.3204,5.0364,0.3145,0.3843,55519.8,54985.0,22922.5,7944883.38,7868353.5,149.95,122.69,1.033
002920,德赛西威,汽车配件,广东,20171226,002920.SZ,20230614,135.53,138.33,132.26,136.32,135.53,0.79,0.5829,126205.27,1705765.414,2.2953,5.5057,2.56,63.9311,63.2606,11.563,5.0683,4.7978,0.3302,0.4035,55519.8,54985.0,22922.5,7568459.136,7495555.2,149.08,121.98,1.033
002920,德赛西威,汽车配件,广东,20171226,002920.SZ,20230613,132.01,137.99,129.63,135.53,125.62,9.91,7.8889,124785.51,1670182.614,2.2694,5.4438,4.28,63.5606,62.894,11.496,5.0389,4.77,0.3321,0.4058,55519.8,54985.0,22922.5,7524598.494,7452117.05,138.18,113.06,1.033
002920,德赛西威,汽车配件,广东,20171226,002920.SZ,20230612,119.5,125.62,117.19,125.62,114.2,11.42,10.0,57221.3,703626.998,1.0407,2.4963,2.33,58.9131,58.2952,10.6554,4.6705,4.4212,0.3583,0.4378,55519.8,54985.0,22922.5,6974397.276,6907215.7,125.62,102.78,1.033
002920,德赛西威,汽车配件,广东,20171226,002920.SZ,20230609,113.77,115.77,111.5,114.2,112.99,1.21,1.0709,29408.73,334883.663,0.5349,1.283,1.05,53.5573,52.9956,9.6867,4.2459,4.0193,0.3941,0.4816,55519.8,54985.0,22922.5,6340361.16,6279287.0,124.29,101.69,1.033
002920,德赛西威,汽车配件,广东,20171226,002920.SZ,20230608,113.4,114.95,112.15,112.99,113.49,-0.5,-0.4406,21028.18,238152.912,0.3824,0.9174,0.69,52.9899,52.4341,9.5841,4.2009,3.9767,0.3983,0.4868,55519.8,54985.0,22922.5,6273182.202,6212755.15,124.84,102.14,1.033
002920,德赛西威,汽车配件,广东,20171226,002920.SZ,20230607,114.51,115.28,112.5,113.49,114.41,-0.92,-0.8041,13820.43,156877.752,0.2513,0.6029,0.36,53.2244,52.6661,9.6265,4.2195,3.9943,0.3966,0.4846,55519.8,54985.0,22922.5,6300942.102,6240247.65,125.85,102.97,1.033
002920,德赛西威,汽车配件,广东,20171226,002920.SZ,20230606,116.56,116.84,113.5,114.41,117.34,-2.93,-2.497,24229.05,278838.883,0.4406,1.057,0.59,53.6558,53.0931,9.7045,4.2537,4.0267,0.3934,0.4807,55519.8,54985.0,22922.5,6352020.318,6290833.85,129.07,105.61,1.033
002920,德赛西威,汽车配件,广东,20171226,002920.SZ,20230605,119.31,121.8,114.96,117.34,118.02,-0.68,-0.5762,34206.46,403596.778,0.6221,1.4923,0.87,55.0299,54.4528,9.9531,4.3626,4.1298,0.3836,0.4687,55519.8,54985.0,22922.5,6514693.332,6451939.9,129.82,106.22,1.033
002920,德赛西威,汽车配件,广东,20171226,002920.SZ,20230602,113.8,119.66,113.0,118.02,113.55,4.47,3.9366,46753.54,548902.469,0.8503,2.0396,1.39,55.3488,54.7683,10.0107,4.3879,4.1537,0.3813,0.466,55519.8,54985.0,22922.5,6552446.796,6489329.7,124.91,102.2,1.033
002920,德赛西威,汽车配件,广东,20171226,002920.SZ,20230601,112.64,117.99,112.3,113.55,113.47,0.08,0.0705,33051.03,379233.022,0.6011,1.4419,1.1,53.2525,52.694,9.6316,4.2217,3.9964,0.3964,0.4844,55519.8,54985.0,22922.5,6304273.29,6243546.75,124.82,102.12,1.033
002920,德赛西威,汽车配件,广东,20171226,002920.SZ,20230531,108.18,114.66,108.0,113.47,108.98,4.49,4.12,54900.99,618819.948,0.9985,2.3951,2.45,53.215,52.6569,9.6248,4.2188,3.9936,0.3966,0.4847,55519.8,54985.0,22922.5,6299831.706,6239147.95,119.88,98.08,1.0328
002920,德赛西威,汽车配件,广东,20171226,002920.SZ,20230530,104.1,111.44,104.1,108.98,106.09,2.89,2.7241,36423.9,397202.006,0.6624,1.589,1.92,51.1093,50.5732,9.244,4.0518,3.8356,0.413,0.5047,55519.8,54985.0,22922.5,6050547.804,5992265.3,116.7,95.48,1.0328
002920,德赛西威,汽车配件,广东,20171226,002920.SZ,20230529,107.47,110.99,104.0,106.09,107.47,-1.38,-1.2841,24818.19,261507.173,0.4514,1.0827,1.25,49.7539,49.2321,8.9988,3.9444,3.7339,0.4242,0.5184,55519.8,54985.0,22922.5,5890095.582,5833358.65,118.22,96.72,1.0328
002920,德赛西威,汽车配件,广东,20171226,002920.SZ,20230526,106.73,108.6,104.0,107.47,106.73,0.74,0.6933,19421.7,206879.578,0.3532,0.8473,0.9,50.4011,49.8725,9.1159,3.9957,3.7824,0.4188,0.5118,55519.8,54985.0,22922.5,5966712.906,5909237.95,117.4,96.06,1.0328
002920,德赛西威,汽车配件,广东,20171226,002920.SZ,20230525,106.2,107.38,105.01,106.73,106.84,-0.11,-0.103,15193.11,161584.072,0.2763,0.6628,0.69,50.0541,49.5291,9.0531,3.9682,3.7564,0.4217,0.5153,55519.8,54985.0,22922.5,5925628.254,5868549.05,117.52,96.16,1.0328
002920,德赛西威,汽车配件,广东,20171226,002920.SZ,20230524,108.37,109.6,106.6,106.84,108.42,-1.58,-1.4573,16000.3,172437.97,0.291,0.698,0.68,50.1057,49.5802,9.0624,3.9723,3.7603,0.4212,0.5148,55519.8,54985.0,22922.5,5931735.432,5874597.4,119.26,97.58,1.0328
002920,德赛西威,汽车配件,广东,20171226,002920.SZ,20230523,110.23,112.0,108.41,108.42,110.1,-1.68,-1.5259,19329.14,212523.077,0.3515,0.8432,0.84,50.8466,50.3134,9.1965,4.031,3.8159,0.4151,0.5073,55519.8,54985.0,22922.5,6019456.716,5961473.7,121.11,99.09,1.0328
002920,德赛西威,汽车配件,广东,20171226,002920.SZ,20230522,108.99,110.88,107.1,110.1,108.17,1.93,1.7842,29224.59,320959.836,0.5315,1.2749,1.3,51.6345,51.093,9.339,4.0935,3.875,0.4088,0.4995,55519.8,54985.0,22922.5,6112729.98,6053848.5,118.99,97.35,1.0328
002920,德赛西威,汽车配件,广东,20171226,002920.SZ,20230519,105.0,109.29,104.1,108.17,105.01,3.16,3.0092,27629.56,296718.268,0.5025,1.2053,1.25,50.7294,50.1974,9.1752,4.0217,3.8071,0.4161,0.9245,55519.8,54985.0,22922.5,6005576.766,5947727.45,115.51,94.51,1.0328
002920,德赛西威,汽车配件,广东,20171226,002920.SZ,20230518,104.13,106.31,103.56,105.01,104.13,0.88,0.8451,18575.02,195138.408,0.3378,0.8103,0.69,49.2474,48.7309,8.9072,3.9042,3.6959,0.4286,0.9523,55519.8,54985.0,22922.5,5830134.198,5773974.85,114.54,93.72,1.0328
002920,德赛西威,汽车配件,广东,20171226,002920.SZ,20230517,105.85,106.79,103.3,104.13,106.41,-2.28,-2.1427,23065.02,240983.506,0.4195,1.0062,0.66,48.8347,48.3225,8.8326,3.8715,3.6649,0.4322,0.9604,55519.8,54985.0,22922.5,5781276.774,5725588.05,117.05,95.77,1.0328
002920,德赛西威,汽车配件,广东,20171226,002920.SZ,20230516,108.0,108.0,105.35,106.41,107.42,-1.01,-0.9402,16921.48,179709.435,0.3077,0.7382,0.47,49.904,49.3806,9.026,3.9563,3.7451,0.423,0.9398,55519.8,54985.0,22922.5,5907861.918,5850953.85,118.16,96.68,1.0328
002920,德赛西威,汽车配件,广东,20171226,002920.SZ,20230515,105.98,109.5,105.66,107.42,105.98,1.44,1.3587,26270.29,283358.869,0.4778,1.146,0.69,50.3777,49.8493,9.1116,3.9938,3.7807,0.419,0.931,55519.8,54985.0,22922.5,5963936.916,5906488.7,116.58,95.38,1.0328
002920,德赛西威,汽车配件,广东,20171226,002920.SZ,20230512,107.01,108.3,104.5,105.98,107.02,-1.04,-0.9718,25444.56,270518.377,0.4628,1.11,0.69,49.7023,49.1811,8.9895,3.9403,3.73,0.4247,0.9436,55519.8,54985.0,22922.5,5883988.404,5827310.3,117.72,96.32,1.0328
002920,德赛西威,汽车配件,广东,20171226,002920.SZ,20230511,105.5,110.18,104.27,107.02,105.52,1.5,1.4215,43360.19,465763.01,0.7886,1.8916,1.31,50.1901,49.6637,9.0777,3.979,3.7666,0.4205,0.9345,55519.8,54985.0,22922.5,5941728.996,5884494.7,116.07,94.97,1.0328
002920,德赛西威,汽车配件,广东,20171226,002920.SZ,20230510,97.0,106.07,96.51,105.52,96.77,8.75,9.0421,62122.87,636368.414,1.1298,2.7101,2.16,49.4866,48.9676,8.9505,3.9232,3.7138,0.4265,0.9477,55519.8,54985.0,22922.5,5858449.296,5802017.2,106.45,87.09,1.0328
002920,德赛西威,汽车配件,广东,20171226,002920.SZ,20230509,98.95,99.85,97.2,97.32,99.38,-2.06,-2.0729,23101.3,227210.896,0.4201,1.0078,0.64,45.641,45.1623,7.887,3.6183,3.4252,0.4625,0.4625,55519.8,54985.0,22922.5,5403186.936,5351140.2,109.32,89.44,1.027
002920,德赛西威,汽车配件,广东,20171226,002920.SZ,20230508,100.84,101.12,96.66,99.38,99.84,-0.46,-0.4607,35660.09,351053.081,0.6485,1.5557,0.91,46.6071,46.1183,8.0539,3.6949,3.4977,0.4529,0.4529,55519.8,54985.0,22922.5,5517557.724,5464409.3,109.82,89.86,1.027
002920,德赛西威,汽车配件,广东,20171226,002920.SZ,20230505,101.97,102.89,99.41,99.84,101.53,-1.69,-1.6645,21311.32,213993.97,0.3876,0.9297,0.47,46.8228,46.3317,8.0912,3.712,3.5139,0.4508,0.4508,55519.8,54985.0,22922.5,5543096.832,5489702.4,111.68,91.38,1.027
002920,德赛西威,汽车配件,广东,20171226,002920.SZ,20230504,102.8,105.36,101.2,101.53,103.38,-1.85,-1.7895,22821.72,234364.992,0.4151,0.9956,0.45,47.6154,47.116,8.2282,3.7748,3.5734,0.4433,0.4433,55519.8,54985.0,22922.5,5636925.294,5582627.05,113.72,93.04,1.027
002920,德赛西威,汽车配件,广东,20171226,002920.SZ,20230428,108.3,108.94,103.0,103.38,107.58,-4.2,-3.9041,40645.88,425503.081,0.7392,1.7732,0.76,48.483,47.9745,8.3781,3.8436,3.6385,0.4353,0.4353,55519.8,54985.0,22922.5,5739636.924,5684349.3,118.34,96.82,1.027
002920,德赛西威,汽车配件,广东,20171226,002920.SZ,20230427,99.0,108.31,98.6,107.58,101.64,5.94,5.8442,61343.8,645588.201,1.1156,2.6761,1.32,50.4527,49.9236,8.7185,3.9998,3.7863,0.4184,0.4184,55519.8,54985.0,22922.5,5972820.084,5915286.3,111.8,91.48,1.027
002920,德赛西威,汽车配件,广东,20171226,002920.SZ,20230426,100.99,104.8,99.12,101.64,100.92,0.72,0.7134,50691.69,515230.371,0.9219,2.2114,1.19,47.667,47.667,8.7176,3.7789,3.7789,0.4428,0.4428,55519.8,54985.0,22922.5,5643032.472,5588675.4,111.01,90.83,1.027
002920,德赛西威,汽车配件,广东,20171226,002920.SZ,20230425,107.0,107.22,99.97,100.92,107.2,-6.28,-5.8582,50346.94,514563.284,0.9156,2.1964,1.27,47.3293,47.3293,8.6558,3.7522,3.7522,0.446,0.446,55519.8,54985.0,22922.5,5603058.216,5549086.2,117.92,96.48,1.027
002920,德赛西威,汽车配件,广东,20171226,002920.SZ,20230424,105.51,110.1,102.64,107.2,105.46,1.74,1.6499,51690.42,553295.185,0.9401,2.255,1.24,50.2745,50.2745,9.1945,3.9856,3.9856,0.4198,0.4198,55519.8,54985.0,22922.5,5951722.56,5894392.0,116.01,94.91,1.027
002920,德赛西威,汽车配件,广东,20171226,002920.SZ,20230421,111.41,112.68,105.46,105.46,111.43,-5.97,-5.3576,53759.53,580585.261,0.9777,2.3453,1.45,49.4585,49.4585,9.0452,3.921,3.921,0.4268,0.4268,55519.8,54985.0,22922.5,5855118.108,5798718.1,122.57,100.29,1.027
002920,德赛西威,汽车配件,广东,20171226,002920.SZ,20230420,113.99,113.99,110.71,111.43,114.75,-3.32,-2.8932,26590.06,297629.405,0.4836,1.16,0.69,52.2583,52.2583,9.5573,4.1429,4.1429,0.4039,0.4039,55519.8,54985.0,22922.5,6186571.314,6126978.55,126.23,103.28,1.027
002920,德赛西威,汽车配件,广东,20171226,002920.SZ,20230419,115.85,116.95,114.17,114.75,115.94,-1.19,-1.0264,30221.7,348214.999,0.5496,1.3184,0.74,53.8153,53.8153,9.842,4.2663,4.2663,0.3922,0.3922,55519.8,54985.0,22922.5,6370897.05,6309528.75,127.53,104.35,1.027
002920,德赛西威,汽车配件,广东,20171226,002920.SZ,20230418,115.5,118.27,113.88,115.94,116.2,-0.26,-0.2238,36007.8,417145.592,0.6549,1.5708,0.85,54.3734,54.3734,9.9441,4.3106,4.3106,0.3882,0.3882,55519.8,54985.0,22922.5,6436965.612,6374960.9,127.82,104.58,1.027
002920,德赛西威,汽车配件,广东,20171226,002920.SZ,20230417,110.6,117.8,109.7,116.2,110.0,6.2,5.6364,61979.88,712675.134,1.1272,2.7039,1.37,54.4953,54.4953,9.9664,4.3203,4.3203,0.3873,0.3873,55519.8,54985.0,22922.5,6451400.76,6389257.0,121.0,99.0,1.027
002920,德赛西威,汽车配件,广东,20171226,002920.SZ,20230414,108.9,112.5,108.08,110.0,108.91,1.09,1.0008,30559.31,337725.777,0.5558,1.3332,0.57,51.5876,51.5876,9.4346,4.0897,4.0897,0.4091,0.4091,55519.8,54985.0,22922.5,6107178.0,6048350.0,119.8,98.02,1.027
002920,德赛西威,汽车配件,广东,20171226,002920.SZ,20230413,112.02,113.2,108.88,108.91,113.05,-4.14,-3.6621,33970.79,374939.956,0.6178,1.482,0.58,51.0764,51.0764,9.3411,4.0492,4.0492,0.4132,0.4132,55519.8,54985.0,22922.5,6046661.418,5988416.35,124.36,101.75,1.027
002920,德赛西威,汽车配件,广东,20171226,002920.SZ,20230412,112.99,113.6,109.39,113.05,112.99,0.06,0.0531,40650.76,453895.801,0.7393,1.7734,0.64,53.018,53.018,9.6962,4.2031,4.2031,0.3981,0.3981,55519.8,54985.0,22922.5,6276513.39,6216054.25,124.29,101.69,1.027
002920,德赛西威,汽车配件,广东,20171226,002920.SZ,20230411,114.96,114.96,111.33,112.99,115.01,-2.02,-1.7564,45072.53,509197.03,0.8197,1.9663,0.69,52.9899,52.9899,9.6911,4.2009,4.2009,0.3983,0.3983,55519.8,54985.0,22922.5,6273182.202,6212755.15,126.51,103.51,1.027
002920,德赛西威,汽车配件,广东,20171226,002920.SZ,20230410,120.99,127.3,114.0,115.01,117.21,-2.2,-1.877,75453.6,906963.901,1.3723,3.2917,1.3,53.9372,53.9372,9.8643,4.276,4.276,0.3913,0.3913,55519.8,54985.0,22922.5,6385332.198,6323824.85,128.93,105.49,1.027
002920,德赛西威,汽车配件,广东,20171226,002920.SZ,20230407,112.2,118.88,112.01,117.21,112.21,5.0,4.4559,73216.66,854203.962,1.3316,3.1941,1.36,54.969,54.969,10.053,4.3578,4.3578,0.384,0.384,55519.8,54985.0,22922.5,6507475.758,6444791.85,123.43,100.99,1.027
002920,德赛西威,汽车配件,广东,20171226,002920.SZ,20230406,112.3,113.56,108.55,112.21,113.35,-1.14,-1.0057,57840.88,641274.173,1.0519,2.5233,1.14,52.6241,52.6241,9.6242,4.1719,4.1719,0.4011,0.4011,55519.8,54985.0,22922.5,6229876.758,6169866.85,124.69,102.02,1.027
002920,德赛西威,汽车配件,广东,20171226,002920.SZ,20230404,110.22,113.86,107.56,113.35,110.76,2.59,2.3384,66365.9,734719.696,1.207,2.8952,1.45,53.1587,53.1587,9.7219,4.2143,4.2143,0.3971,0.3971,55519.8,54985.0,22922.5,6293169.33,6232549.75,121.84,99.68,1.027
002920,德赛西威,汽车配件,广东,20171226,002920.SZ,20230403,110.93,112.67,108.3,110.76,110.95,-0.19,-0.1712,52007.71,570949.104,0.9459,2.2688,0.97,51.944,51.944,9.4998,4.118,4.118,0.4063,0.4063,55519.8,54985.0,22922.5,6149373.048,6090138.6,122.05,99.86,1.027
002920,德赛西威,汽车配件,广东,20171226,002920.SZ,20230331,111.31,113.95,109.76,110.95,110.64,0.31,0.2802,40788.25,455058.362,0.7418,1.7794,0.6,52.0332,52.0332,9.5161,4.1251,4.1251,0.4056,0.4056,55519.8,54985.0,22922.5,6159921.81,6100585.75,121.7,99.58,1.027
002920,德赛西威,汽车配件,广东,20171226,002920.SZ,20230330,111.5,114.31,109.78,110.64,109.39,1.25,1.1427,52599.25,589378.896,0.9566,2.29,0.8,51.8878,51.8878,9.4895,4.1135,4.1135,0.4068,0.4068,55519.8,54985.0,22969.3,6142710.672,6083540.4,120.33,98.45,1.027
002920,德赛西威,汽车配件,广东,20171226,002920.SZ,20230329,107.6,111.0,107.09,109.39,107.67,1.72,1.5975,40869.12,446950.296,0.7433,1.7793,0.58,72.9157,58.7449,10.3054,6.3466,4.54,0.4114,0.4114,55519.8,54985.0,22969.3,6073310.922,6014809.15,118.44,96.9,1.027
002920,德赛西威,汽车配件,广东,20171226,002920.SZ,20230328,111.1,111.1,107.0,107.67,111.1,-3.43,-3.0873,42361.23,460946.712,0.7704,1.8443,0.56,71.7692,57.8212,10.1434,6.2468,4.4686,0.418,0.418,55519.8,54985.0,22969.3,5977816.866,5920234.95,122.21,99.99,1.027
002920,德赛西威,汽车配件,广东,20171226,002920.SZ,20230327,111.95,114.47,109.51,111.1,111.95,-0.85,-0.7593,90194.37,1014229.363,1.6403,3.9267,1.29,74.0556,59.6632,10.4665,6.4458,4.6109,0.4051,0.4051,55519.8,54985.0,22969.3,6168249.78,6108833.5,123.15,100.76,1.027
002920,德赛西威,汽车配件,广东,20171226,002920.SZ,20230324,102.08,112.48,102.0,111.95,102.25,9.7,9.4866,113836.23,1229588.164,2.0703,4.956,1.95,74.6221,60.1197,10.5466,6.4951,4.6462,0.402,0.402,55519.8,54985.0,22969.3,6215441.61,6155570.75,112.48,92.03,1.027
002920,德赛西威,汽车配件,广东,20171226,002920.SZ,20230323,100.61,102.82,99.71,102.25,100.99,1.26,1.2476,43535.01,441007.733,0.7918,1.8954,0.77,68.1564,54.9106,9.6328,5.9323,4.2436,0.4402,0.4402,55519.8,54985.0,22969.3,5676899.55,5622216.25,111.09,90.89,1.027
002920,德赛西威,汽车配件,广东,20171226,002920.SZ,20230322,99.22,103.16,99.22,100.99,98.86,2.13,2.1546,59908.67,608820.982,1.0895,2.6082,1.14,67.3166,54.2339,9.5141,5.8592,4.1913,0.4456,0.4456,55519.8,54985.0,22969.3,5606944.602,5552935.15,108.75,88.97,1.027
002920,德赛西威,汽车配件,广东,20171226,002920.SZ,20230321,95.0,99.2,93.39,98.86,96.28,2.58,2.6797,73854.66,715907.364,1.3432,3.2154,1.45,65.8968,53.0901,9.3134,5.7356,4.1029,0.4553,0.4553,55519.8,54985.0,22969.3,5488687.428,5435817.1,105.91,86.65,1.027
002920,德赛西威,汽车配件,广东,20171226,002920.SZ,20230320,96.01,96.96,93.09,96.28,95.8,0.48,0.501,58311.99,556291.687,1.0605,2.5387,1.17,64.177,51.7046,9.0704,5.586,3.9959,0.4675,0.4675,55519.8,54985.0,22969.3,5345446.344,5293955.8,105.38,86.22,1.027
002920,德赛西威,汽车配件,广东,20171226,002920.SZ,20230317,98.5,98.75,95.15,95.8,97.45,-1.65,-1.6932,56938.1,549723.99,1.0355,2.4789,1.19,63.8571,51.4468,9.0251,5.5581,3.9759,0.4698,0.4698,55519.8,54985.0,22969.3,5318796.84,5267563.0,107.2,87.71,1.027
002920,德赛西威,汽车配件,广东,20171226,002920.SZ,20230316,99.25,100.13,97.44,97.45,99.9,-2.45,-2.4525,34313.85,338287.797,0.6241,1.4939,0.76,64.9569,52.3329,9.1806,5.6538,4.0444,0.4618,0.4618,55519.8,54985.0,22969.3,5410404.51,5358288.25,109.89,89.91,1.027
002920,德赛西威,汽车配件,广东,20171226,002920.SZ,20230315,101.33,103.8,99.66,99.9,100.95,-1.05,-1.0401,39726.86,401124.867,0.7225,1.7296,0.93,66.59,53.6486,9.4114,5.796,4.1461,0.4505,0.4505,55519.8,54985.0,22969.3,5546428.02,5493001.5,111.05,90.86,1.027
002920,德赛西威,汽车配件,广东,20171226,002920.SZ,20230314,103.5,104.38,99.02,100.95,103.78,-2.83,-2.7269,65465.57,660774.605,1.1906,2.8501,1.85,67.2899,54.2125,9.5103,5.8569,4.1897,0.4458,0.4458,55519.8,54985.0,22969.3,5604723.81,5550735.75,114.16,93.4,1.027
002920,德赛西威,汽车配件,广东,20171226,002920.SZ,20230313,104.36,105.9,102.29,103.78,105.01,-1.23,-1.1713,52805.58,546524.979,0.9604,2.299,1.63,69.1763,55.7322,9.7769,6.0211,4.3071,0.4337,0.4337,55519.8,54985.0,22969.3,5761844.844,5706343.3,115.51,94.51,1.027
002920,德赛西威,汽车配件,广东,20171226,002920.SZ,20230310,106.88,108.46,105.0,105.01,109.0,-3.99,-3.6606,46178.02,488195.561,0.8398,2.0104,1.58,69.9962,56.3928,9.8928,6.0925,4.3582,0.4286,0.4286,55519.8,54985.0,22969.3,5830134.198,5773974.85,119.9,98.1,1.027
002920,德赛西威,汽车配件,广东,20171226,002920.SZ,20230309,109.6,111.39,108.8,109.0,109.58,-0.58,-0.5293,20737.7,227582.935,0.3772,0.9028,0.63,72.6558,58.5355,10.2687,6.3239,4.5238,0.4129,0.4129,55519.8,54985.0,22969.3,6051658.2,5993365.0,120.54,98.62,1.027
002920,德赛西威,汽车配件,广东,20171226,002920.SZ,20230308,110.81,111.0,108.15,109.58,110.86,-1.28,-1.1546,27714.75,303108.751,0.504,1.2066,0.81,73.0424,58.847,10.3233,6.3576,4.5478,0.4107,0.4107,55519.8,54985.0,22969.3,6083859.684,6025256.3,121.95,99.77,1.027
002920,德赛西威,汽车配件,广东,20171226,002920.SZ,20230307,114.21,114.22,110.68,110.86,114.21,-3.35,-2.9332,29802.3,334306.049,0.542,1.2975,0.83,73.8956,59.5343,10.4439,6.4319,4.601,0.406,0.406,55519.8,54985.0,22969.3,6154925.028,6095637.1,125.63,102.79,1.027
002920,德赛西威,汽车配件,广东,20171226,002920.SZ,20230306,112.8,114.49,110.0,114.21,112.15,2.06,1.8368,37101.6,417502.364,0.6748,1.6153,1.08,76.1286,61.3334,10.7595,6.6262,4.74,0.3941,0.3941,55519.8,54985.0,22969.3,6340916.358,6279836.85,123.37,100.94,1.027
002920,德赛西威,汽车配件,广东,20171226,002920.SZ,20230303,113.0,115.09,111.95,112.15,114.05,-1.9,-1.6659,30524.3,345682.309,0.5551,1.3289,0.84,74.7554,60.2271,10.5654,6.5067,4.6545,0.4013,0.4013,55519.8,54985.0,22969.3,6226545.57,6166567.75,125.46,102.65,1.027
002920,德赛西威,汽车配件,广东,20171226,002920.SZ,20230302,113.69,115.49,112.72,114.05,113.2,0.85,0.7509,40280.04,459908.745,0.7326,1.7536,1.2,76.0219,61.2475,10.7444,6.6169,4.7334,0.3946,0.3946,55519.8,54985.0,22969.3,6332033.19,6271039.25,124.52,101.88,1.027
002920,德赛西威,汽车配件,广东,20171226,002920.SZ,20230301,113.5,113.5,111.67,113.2,114.07,-0.87,-0.7627,34216.17,384839.075,0.6223,1.4896,0.97,75.4553,60.791,10.6644,6.5676,4.6981,0.3976,0.3976,55519.8,54985.0,22969.3,6284841.36,6224302.0,125.48,102.66,1.027
002920,德赛西威,汽车配件,广东,20171226,002920.SZ,20230228,115.6,115.91,112.23,114.07,114.83,-0.76,-0.6618,38364.89,434276.657,0.6977,1.6703,1.09,76.0353,61.2582,10.7463,6.6181,4.7342,0.3945,0.3945,55519.8,54985.0,22969.3,6333143.586,6272138.95,126.31,103.35,1.027
002920,德赛西威,汽车配件,广东,20171226,002920.SZ,20230227,115.0,116.2,113.9,114.83,115.7,-0.87,-0.7519,27875.18,320134.565,0.507,1.2136,0.75,76.5418,61.6663,10.8179,6.6622,4.7657,0.3919,0.3919,55519.8,54985.0,22969.3,6375338.634,6313927.55,127.27,104.13,1.027
002920,德赛西威,汽车配件,广东,20171226,002920.SZ,20230224,119.95,120.8,115.6,115.7,120.46,-4.76,-3.9515,41655.59,487511.918,0.7576,1.8135,1.2,77.1218,62.1335,10.8999,6.7127,4.8018,0.389,0.389,55519.8,54985.0,22969.3,6423640.86,6361764.5,132.51,108.41,1.027
002920,德赛西威,汽车配件,广东,20171226,002920.SZ,20230223,119.92,123.28,119.5,120.46,120.83,-0.37,-0.3062,25360.28,307501.244,0.4612,1.1041,0.62,80.2946,64.6898,11.3483,6.9888,4.9994,0.3736,0.3736,55519.8,54985.0,22969.3,6687915.108,6623493.1,132.91,108.75,1.027
002920,德赛西威,汽车配件,广东,20171226,002920.SZ,20230222,121.48,123.5,120.6,120.83,119.45,1.38,1.1553,42440.18,516540.366,0.7719,1.8477,1.15,80.5412,64.8885,11.3832,7.0103,5.0147,0.3725,0.3725,55519.8,54985.0,22969.3,6708457.434,6643837.55,131.4,107.51,1.027
002920,德赛西威,汽车配件,广东,20171226,002920.SZ,20230221,117.28,120.3,116.69,119.45,117.3,2.15,1.8329,38738.15,459984.626,0.7045,1.6865,1.15,79.6214,64.1474,11.2532,6.9302,4.9575,0.3768,0.3768,55519.8,54985.0,22969.3,6631840.11,6567958.25,129.03,105.57,1.027
002920,德赛西威,汽车配件,广东,20171226,002920.SZ,20230220,116.06,117.35,113.05,117.3,116.05,1.25,1.0771,37614.93,435149.175,0.6841,1.6376,1.11,78.1883,62.9928,11.0506,6.8055,4.8682,0.3837,0.3837,55519.8,54985.0,22969.3,6512472.54,6449740.5,127.66,104.45,1.027
002920,德赛西威,汽车配件,广东,20171226,002920.SZ,20230217,118.46,119.5,115.85,116.05,118.46,-2.41,-2.0344,29491.02,345152.728,0.5363,1.2839,0.77,77.3551,62.3215,10.9328,6.733,4.8164,0.3878,0.3878,55519.8,54985.0,22969.3,6443072.79,6381009.25,130.31,106.61,1.027
002920,德赛西威,汽车配件,广东,20171226,002920.SZ,20230216,122.84,123.16,117.36,118.46,123.16,-4.7,-3.8162,56776.82,684692.236,1.0326,2.4719,1.71,78.9615,63.6157,11.1599,6.8728,4.9164,0.3799,0.3799,55519.8,54985.0,22969.3,6576875.508,6513523.1,135.48,110.84,1.027
002920,德赛西威,汽车配件,广东,20171226,002920.SZ,20230215,125.21,126.5,122.6,123.16,125.15,-1.99,-1.5901,21817.12,270385.707,0.3968,0.9498,0.68,82.0943,66.1397,11.6027,7.1455,5.1114,0.3654,0.3654,55519.8,54985.0,22969.3,6837818.568,6771952.6,137.67,112.64,1.027
002920,德赛西威,汽车配件,广东,20171226,002920.SZ,20230214,124.8,125.58,122.62,125.15,125.46,-0.31,-0.2471,22204.81,275948.299,0.4038,0.9667,0.65,83.4208,67.2084,11.7901,7.2609,5.194,0.3596,0.3596,55519.8,54985.0,22969.3,6948302.97,6881372.75,138.01,112.91,1.027
002920,德赛西威,汽车配件,广东,20171226,002920.SZ,20230213,122.37,126.2,121.34,125.46,123.52,1.94,1.5706,38719.29,480267.017,0.7042,1.6857,1.09,83.6274,67.3749,11.8193,7.2789,5.2069,0.3587,0.3587,55519.8,54985.0,22969.3,6965514.108,6898418.1,135.87,111.17,1.027
002920,德赛西威,汽车配件,广东,20171226,002920.SZ,20230210,128.0,128.03,121.8,123.52,128.33,-4.81,-3.7481,53143.19,657049.044,0.9665,2.3137,1.74,82.3343,66.3331,11.6366,7.1664,5.1264,0.3644,0.3644,55519.8,54985.0,22969.3,6857805.696,6791747.2,141.16,115.5,1.027
002920,德赛西威,汽车配件,广东,20171226,002920.SZ,20230209,127.5,129.8,126.7,128.33,128.09,0.24,0.1874,30143.22,385697.516,0.5482,1.3123,0.87,85.5522,68.9256,12.084,7.4464,5.3267,0.3507,0.3507,55527.4,54985.0,22969.3,7125831.242,7056225.05,140.9,115.28,1.027
002920,德赛西威,汽车配件,广东,20171226,002920.SZ,20230208,127.58,129.98,127.5,128.09,128.81,-0.72,-0.559,17146.82,220437.732,0.3118,0.7465,0.44,85.3922,68.7967,12.0614,7.4325,5.3168,0.3513,0.3513,55527.4,54985.0,22969.3,7112504.666,7043028.65,141.69,115.93,1.027
002920,德赛西威,汽车配件,广东,20171226,002920.SZ,20230207,130.16,130.33,126.88,128.81,129.11,-0.3,-0.2324,30752.69,396704.919,0.5593,1.3389,0.77,85.8722,69.1834,12.1292,7.4743,5.3467,0.3494,0.3494,55527.4,54985.0,22969.3,7152484.394,7082617.85,142.02,116.2,1.027
002920,德赛西威,汽车配件,广东,20171226,002920.SZ,20230206,136.71,136.71,128.72,129.11,136.68,-7.57,-5.5385,46549.41,610180.801,0.8466,2.0266,1.05,86.0722,69.3445,12.1574,7.4917,5.3591,0.3485,0.3485,55527.4,54985.0,22969.3,7169142.614,7099113.35,150.35,123.01,1.027
002920,德赛西威,汽车配件,广东,20171226,002920.SZ,20230203,138.49,140.5,134.5,136.68,138.65,-1.97,-1.4208,28188.64,387152.923,0.5127,1.2272,0.65,91.1188,73.4103,12.8702,7.931,5.6733,0.3292,0.3292,55527.4,54985.0,22969.3,7589485.032,7515349.8,152.52,124.79,1.027
002920,德赛西威,汽车配件,广东,20171226,002920.SZ,20230202,133.9,140.57,133.9,138.65,134.0,4.65,3.4701,51431.55,709709.501,0.9354,2.2391,1.35,92.4321,74.4684,13.0557,8.0453,5.7551,0.3246,0.3246,55527.4,54985.0,22969.3,7698874.01,7623670.25,147.4,120.6,1.027
002920,德赛西威,汽车配件,广东,20171226,002920.SZ,20230201,132.46,135.0,130.26,134.0,131.18,2.82,2.1497,38896.38,517100.393,0.7074,1.6934,1.08,89.3322,71.9709,12.6179,7.7755,5.5621,0.3358,0.3358,55527.4,54985.0,22969.3,7440671.6,7367990.0,144.3,118.06,1.027
002920,德赛西威,汽车配件,广东,20171226,002920.SZ,20230131,130.95,132.27,128.01,131.18,132.27,-1.09,-0.8241,34055.12,444545.426,0.6194,1.4826,0.93,87.4522,70.4563,12.3523,7.6118,5.445,0.343,0.343,55527.4,54985.0,22969.3,7284084.332,7212932.3,145.5,119.04,1.027
002920,德赛西威,汽车配件,广东,20171226,002920.SZ,20230130,128.5,135.0,128.03,132.27,123.91,8.36,6.7468,70103.62,918616.462,1.275,3.0521,2.31,88.1788,71.0417,12.455,7.6751,5.4903,0.3402,0.3402,55527.4,54985.0,22969.3,7344609.198,7272865.95,136.3,111.52,1.027
002920,德赛西威,汽车配件,广东,20171226,002920.SZ,20230120,122.56,124.43,121.7,123.91,122.56,1.35,1.1015,23677.94,291252.949,0.4306,1.0309,0.79,82.6056,66.5516,11.6678,7.19,5.1433,0.3632,0.3632,55527.4,54985.0,22969.3,6880400.134,6813191.35,134.82,110.3,1.027
002920,德赛西威,汽车配件,广东,20171226,002920.SZ,20230119,123.89,124.29,121.55,122.56,123.0,-0.44,-0.3577,24416.35,298793.439,0.4441,1.063,0.75,81.7056,65.8265,11.5406,7.1116,5.0872,0.3672,0.3672,55527.4,54985.0,22969.3,6805438.144,6738961.6,135.3,110.7,1.027
002920,德赛西威,汽车配件,广东,20171226,002920.SZ,20230118,122.05,124.51,121.33,123.0,122.61,0.39,0.3181,28182.21,347136.031,0.5125,1.227,0.79,81.9989,66.0628,11.5821,7.1372,5.1055,0.3659,0.3659,55527.4,54985.0,22969.3,6829870.2,6763155.0,134.87,110.35,1.027
002920,德赛西威,汽车配件,广东,20171226,002920.SZ,20230117,123.0,126.99,121.57,122.61,122.36,0.25,0.2043,37379.4,462627.209,0.6798,1.6274,1.01,81.7389,65.8534,11.5454,7.1145,5.0893,0.367,0.367,55527.4,54985.0,22969.3,6808214.514,6741710.85,134.6,110.12,1.027
002920,德赛西威,汽车配件,广东,20171226,002920.SZ,20230116,120.1,123.9,118.91,122.36,121.02,1.34,1.1073,38149.62,465921.409,0.6938,1.6609,1.0,81.5723,65.7191,11.5218,7.1,5.0789,0.3678,0.3678,55527.4,54985.0,22969.3,6794332.664,6727964.6,133.12,108.92,1.027
002920,德赛西威,汽车配件,广东,20171226,002920.SZ,20230113,122.8,123.3,120.01,121.02,121.49,-0.47,-0.3869,21129.73,255766.655,0.3843,0.9199,0.38,80.6789,64.9994,11.3956,7.0223,5.0233,0.3718,0.3718,55527.4,54985.0,22969.3,6719925.948,6654284.7,133.64,109.34,1.027
002920,德赛西威,汽车配件,广东,20171226,002920.SZ,20230112,119.51,124.99,119.28,121.49,119.28,2.21,1.8528,38472.76,470184.282,0.6997,1.675,0.63,80.9923,65.2518,11.4399,7.0496,5.0428,0.3704,0.3704,55527.4,54985.0,22969.3,6746023.826,6680127.65,131.21,107.35,1.027
002920,德赛西威,汽车配件,广东,20171226,002920.SZ,20230111,121.29,123.7,118.26,119.28,121.9,-2.62,-2.1493,43186.18,523398.077,0.7854,1.8802,0.73,79.5189,64.0648,11.2318,6.9213,4.9511,0.3773,0.3773,55527.4,54985.0,22969.3,6623308.272,6558610.8,134.09,109.71,1.027
002920,德赛西威,汽车配件,广东,20171226,002920.SZ,20230110,122.6,123.0,119.72,121.9,122.0,-0.1,-0.082,43652.94,529532.72,0.7939,1.9005,0.69,81.2656,65.472,11.4785,7.0733,5.0598,0.3692,0.3692,55527.4,54985.0,22969.3,6768790.06,6702671.5,134.2,109.8,1.027
002920,德赛西威,汽车配件,广东,20171226,002920.SZ,20230109,123.8,125.41,121.34,122.0,123.26,-1.26,-1.0222,44923.64,550910.453,0.817,1.9558,0.67,81.3323,65.5258,11.4879,7.0791,5.064,0.3689,0.3689,55527.4,54985.0,22969.3,6774342.8,6708170.0,135.59,110.93,1.027
002920,德赛西威,汽车配件,广东,20171226,002920.SZ,20230106,121.52,125.83,119.01,123.26,119.69,3.57,2.9827,105069.07,1295905.619,1.9109,4.5743,1.98,82.1722,66.2025,11.6066,7.1523,5.1163,0.3651,0.3651,55527.4,54985.0,22969.3,6844307.324,6777451.1,131.66,107.72,1.027
002920,德赛西威,汽车配件,广东,20171226,002920.SZ,20230105,109.99,119.69,109.65,119.69,108.81,10.88,9.9991,67296.23,782064.005,1.2239,2.9298,1.38,79.7923,64.2851,11.2704,6.9451,4.9681,0.376,0.376,55527.4,54985.0,22969.3,6646074.506,6581154.65,119.69,97.93,1.027
002920,德赛西威,汽车配件,广东,20171226,002920.SZ,20230104,111.01,112.5,108.23,108.81,111.76,-2.95,-2.6396,35775.88,392890.906,0.6506,1.5576,0.76,72.539,58.4415,10.2459,6.3138,4.5165,0.4136,0.4136,55527.4,54985.0,22969.3,6041936.394,5982917.85,122.94,100.58,1.027
002920,德赛西威,汽车配件,广东,20171226,002920.SZ,20230103,105.0,112.8,103.66,111.76,105.34,6.42,6.0946,64230.0,700977.801,1.1681,2.7963,1.53,74.5057,60.0259,10.5237,6.485,4.6389,0.4026,0.4026,55527.4,54985.0,22969.3,6205742.224,6145123.6,115.87,94.81,1.027
002920,德赛西威,汽车配件,广东,20171226,002920.SZ,20221230,109.11,109.99,104.7,105.34,107.72,-2.38,-2.2094,61062.97,649418.526,1.1105,2.6585,1.77,70.2257,56.5777,9.9192,6.1124,4.3725,0.2821,0.4272,55527.4,54985.0,22969.3,5849256.316,5792119.9,118.49,96.95,1.027
002920,德赛西威,汽车配件,广东,20171226,002920.SZ,20221229,109.54,109.54,106.11,107.72,108.0,-0.28,-0.2593,36964.82,398503.326,0.6723,1.6093,1.11,71.8124,57.856,10.1433,6.2505,4.4713,0.2759,0.4177,55527.4,54985.0,22969.3,5981411.528,5922984.2,118.8,97.2,1.027
002920,德赛西威,汽车配件,广东,20171226,002920.SZ,20221228,113.49,113.79,107.5,108.0,114.58,-6.58,-5.7427,46391.67,505991.576,0.8437,2.0197,1.48,71.999,58.0064,10.1696,6.2668,4.4829,0.2751,0.4167,55527.4,54985.0,22969.3,5996959.2,5938380.0,126.04,103.12,1.027
002920,德赛西威,汽车配件,广东,20171226,002920.SZ,20221227,113.7,114.8,112.01,114.58,113.69,0.89,0.7828,26259.12,297455.374,0.4776,1.1432,0.76,76.3857,61.5405,10.7892,6.6486,4.756,0.2593,0.3927,55527.4,54985.0,22969.3,6362329.492,6300181.3,125.06,102.32,1.027
002920,德赛西威,汽车配件,广东,20171226,002920.SZ,20221226,107.62,113.72,107.39,113.69,107.79,5.9,5.4736,39523.67,441785.467,0.7188,1.7207,1.15,75.7923,61.0625,10.7054,6.597,4.7191,0.2614,0.3958,55527.4,54985.0,22969.3,6312910.106,6251244.65,118.57,97.01,1.027
002920,德赛西威,汽车配件,广东,20171226,002920.SZ,20221223,109.97,110.6,107.0,107.79,110.65,-2.86,-2.5847,23703.81,256493.084,0.4311,1.032,0.64,71.8591,57.8936,10.1499,6.2546,4.4742,0.2757,0.4175,55527.4,54985.0,22969.3,5985298.446,5926833.15,121.72,99.59,1.027
002920,德赛西威,汽车配件,广东,20171226,002920.SZ,20221222,113.5,113.99,109.81,110.65,112.66,-2.01,-1.7841,30740.9,342033.771,0.5591,1.3383,0.69,73.7657,59.4297,10.4192,6.4206,4.5929,0.2686,0.4067,55527.4,54985.0,22969.3,6144106.81,6084090.25,123.93,101.39,1.027
002920,德赛西威,汽车配件,广东,20171226,002920.SZ,20221221,115.96,116.0,112.0,112.66,115.91,-3.25,-2.8039,36538.29,414426.428,0.6645,1.5907,0.84,75.1057,60.5093,10.6084,6.5372,4.6763,0.2638,0.3994,55527.4,54985.0,22969.3,6255716.884,6194610.1,127.5,104.32,1.027
002920,德赛西威,汽车配件,广东,20171226,002920.SZ,20221220,115.35,117.35,113.25,115.91,115.41,0.5,0.4332,42444.9,489627.189,0.7719,1.8479,0.97,77.2723,62.2548,10.9145,6.7258,4.8112,0.2564,0.3882,55527.4,54985.0,22969.3,6436180.934,6373311.35,126.95,103.87,1.027
002920,德赛西威,汽车配件,广东,20171226,002920.SZ,20221219,119.18,121.52,114.7,115.41,117.7,-2.29,-1.9456,38115.22,447899.233,0.6932,1.6594,0.93,76.939,61.9863,10.8674,6.6968,4.7905,0.2575,0.3899,55527.4,54985.0,22969.3,6408417.234,6345818.85,129.47,105.93,1.027
002920,德赛西威,汽车配件,广东,20171226,002920.SZ,20221216,118.3,119.33,116.31,117.7,119.57,-1.87,-1.5639,37683.86,443189.136,0.6853,1.6406,0.89,78.4656,63.2162,11.083,6.8296,4.8855,0.2525,0.3823,55527.4,54985.0,22969.3,6535574.98,6471734.5,131.53,107.61,1.027
002920,德赛西威,汽车配件,广东,20171226,002920.SZ,20221215,110.43,120.38,109.7,119.57,110.38,9.19,8.3258,67749.45,786587.639,1.2321,2.9496,1.95,79.7123,64.2206,11.2591,6.9381,4.9631,0.2485,0.3763,55527.4,54985.0,22969.3,6639411.218,6574556.45,121.42,99.34,1.027
002920,德赛西威,汽车配件,广东,20171226,002920.SZ,20221214,110.0,112.88,110.0,110.38,109.5,0.88,0.8037,32385.37,360433.838,0.589,1.4099,0.81,73.5857,59.2847,10.3937,6.4049,4.5817,0.2692,0.4077,55527.4,54985.0,22969.3,6129114.412,6069244.3,120.45,98.55,1.027
002920,德赛西威,汽车配件,广东,20171226,002920.SZ,20221213,113.87,114.68,109.5,109.5,115.69,-6.19,-5.3505,41863.5,466609.926,0.7614,1.8226,0.95,72.999,58.812,10.3109,6.3538,4.5451,0.2714,0.411,55527.4,54985.0,22969.3,6080250.3,6020857.5,127.26,104.12,1.027
002920,德赛西威,汽车配件,广东,20171226,002920.SZ,20221212,113.22,116.5,113.07,115.69,114.88,0.81,0.7051,26253.55,301953.705,0.4775,1.143,0.55,77.1256,62.1367,10.8937,6.713,4.8021,0.2569,0.389,55527.4,54985.0,22969.3,6423964.906,6361214.65,126.37,103.39,1.027
002920,德赛西威,汽车配件,广东,20171226,002920.SZ,20221209,117.01,118.88,114.16,114.88,117.95,-3.07,-2.6028,42685.46,493169.36,0.7763,1.8584,0.85,76.5857,61.7016,10.8175,6.666,4.7685,0.2587,0.3917,55527.4,54985.0,22969.3,6378987.712,6316676.8,129.75,106.16,1.027
002920,德赛西威,汽车配件,广东,20171226,002920.SZ,20221208,117.25,120.22,116.25,117.95,117.26,0.69,0.5884,30144.73,356374.54,0.5482,1.3124,0.49,78.6323,63.3505,11.1066,6.8441,4.8959,0.2519,0.3815,55527.4,54985.0,22969.3,6549456.83,6485480.75,128.99,105.53,1.027
002920,德赛西威,汽车配件,广东,20171226,002920.SZ,20221207,116.98,119.99,114.79,117.26,117.06,0.2,0.1709,59929.89,708295.51,1.0899,2.6091,0.92,78.1723,62.9799,11.0416,6.8041,4.8672,0.2534,0.3838,55527.4,54985.0,22969.3,6511142.924,6447541.1,128.77,105.35,1.027
002920,德赛西威,汽车配件,广东,20171226,002920.SZ,20221206,113.37,118.1,110.0,117.06,114.46,2.6,2.2715,61823.11,710762.506,1.1244,2.6916,1.03,78.039,62.8725,11.0227,6.7925,4.8589,0.2538,0.3844,55527.4,54985.0,22969.3,6500037.444,6436544.1,125.91,103.01,1.027
002920,德赛西威,汽车配件,广东,20171226,002920.SZ,20221205,114.97,115.36,112.4,114.46,114.62,-0.16,-0.1396,44820.02,509942.189,0.8151,1.9513,0.79,76.3057,61.476,10.7779,6.6416,4.751,0.2596,0.3932,55527.4,54985.0,22969.3,6355666.204,6293583.1,126.08,103.16,1.027
002920,德赛西威,汽车配件,广东,20171226,002920.SZ,20221202,113.07,115.5,112.03,114.62,113.6,1.02,0.8979,55430.93,632400.809,1.0081,2.4133,1.06,76.4123,61.562,10.793,6.6509,4.7577,0.2592,0.3926,55527.4,54985.0,22969.3,6364550.588,6302380.7,124.96,102.24,1.027
002920,德赛西威,汽车配件,广东,20171226,002920.SZ,20221201,113.0,118.78,113.0,113.6,109.99,3.61,3.2821,87737.18,1014041.697,1.5957,3.8198,2.15,75.7323,61.0141,10.6969,6.5917,4.7153,0.2616,0.3961,55527.4,54985.0,22969.3,6307912.64,6246296.0,120.99,98.99,1.027
002920,德赛西威,汽车配件,广东,20171226,002920.SZ,20221130,105.86,111.82,103.38,109.99,105.86,4.13,3.9014,74739.81,809632.864,1.3593,3.2539,2.34,73.3257,59.0752,10.357,6.3823,4.5655,0.2702,0.4091,55527.4,54985.0,22969.3,6107458.726,6047800.15,116.45,95.27,1.027
002920,德赛西威,汽车配件,广东,20171226,002920.SZ,20221129,107.29,107.29,105.0,105.86,106.46,-0.6,-0.5636,38782.77,410092.106,0.7053,1.6885,1.22,70.5724,56.857,9.9681,6.1426,4.3941,0.2807,0.4251,55527.4,54985.0,22969.3,5878130.564,5820712.1,117.11,95.81,1.027
002920,德赛西威,汽车配件,广东,20171226,002920.SZ,20221128,105.11,107.89,104.8,106.46,107.25,-0.79,-0.7366,27324.6,290245.691,0.4969,1.1896,0.81,70.9724,57.1793,10.0246,6.1774,4.419,0.2791,0.4227,55527.4,54985.0,22969.3,5911447.004,5853703.1,117.98,96.53,1.027
002920,德赛西威,汽车配件,广东,20171226,002920.SZ,20221125,109.4,109.4,106.15,107.25,109.13,-1.88,-1.7227,33682.67,361323.832,0.6126,1.4664,0.99,71.4991,57.6036,10.099,6.2233,4.4517,0.2771,0.4196,55527.4,54985.0,22969.3,5955313.65,5897141.25,120.04,98.22,1.027
002920,德赛西威,汽车配件,广东,20171226,002920.SZ,20221124,110.01,111.9,108.81,109.13,109.83,-0.7,-0.6373,29728.55,327199.553,0.5407,1.2943,0.78,72.7524,58.6133,10.276,6.3324,4.5298,0.2723,0.4124,55527.4,54985.0,22969.3,6059705.162,6000513.05,120.81,98.85,1.027
002920,德赛西威,汽车配件,广东,20171226,002920.SZ,20221123,111.91,111.91,109.2,109.83,111.0,-1.17,-1.0541,29960.51,329911.678,0.5449,1.3044,0.66,73.219,58.9893,10.3419,6.373,4.5588,0.2706,0.4097,55527.4,54985.0,22969.3,6098574.342,6039002.55,122.1,99.9,1.027
002920,德赛西威,汽车配件,广东,20171226,002920.SZ,20221122,113.75,114.0,110.02,111.0,113.73,-2.73,-2.4004,37734.32,419861.518,0.6863,1.6428,0.75,73.999,59.6177,10.4521,6.4409,4.6074,0.2677,0.4054,55527.4,54985.0,22969.3,6163541.4,6103335.0,125.1,102.36,1.027
002920,德赛西威,汽车配件,广东,20171226,002920.SZ,20221121,110.11,114.2,108.81,113.73,111.2,2.53,2.2752,36752.84,411791.573,0.6684,1.6001,0.71,75.819,61.084,10.7092,6.5993,4.7207,0.2613,0.3957,55527.4,54985.0,22969.3,6315131.202,6253444.05,122.32,100.08,1.027
002920,德赛西威,汽车配件,广东,20171226,002920.SZ,20221118,112.3,114.23,110.0,111.2,112.4,-1.2,-1.0676,35179.79,395580.341,0.6398,1.5316,0.62,74.1324,59.7251,10.4709,6.4525,4.6157,0.2672,0.4047,55527.4,54985.0,22969.3,6174646.88,6114332.0,123.64,101.16,1.027
002920,德赛西威,汽车配件,广东,20171226,002920.SZ,20221117,112.99,114.47,109.7,112.4,113.84,-1.44,-1.2649,51233.63,570167.77,0.9318,2.2305,0.93,74.9323,60.3696,10.5839,6.5221,4.6655,0.2644,0.4004,55527.4,54985.0,22969.3,6241279.76,6180314.0,125.22,102.46,1.027
002920,德赛西威,汽车配件,广东,20171226,002920.SZ,20221116,119.1,121.55,113.5,113.84,119.5,-5.66,-4.7364,65300.48,757775.338,1.1876,2.8429,1.21,75.8923,61.143,10.7195,6.6057,4.7253,0.261,0.3953,55527.4,54985.0,22969.3,6321239.216,6259492.4,131.45,107.55,1.027
002920,德赛西威,汽车配件,广东,20171226,002920.SZ,20221115,115.63,119.87,112.67,119.5,115.16,4.34,3.7687,64262.69,748818.336,1.1687,2.7978,1.16,79.6656,64.183,11.2525,6.9341,4.9602,0.2487,0.3766,55527.4,54985.0,22969.3,6635524.3,6570707.5,126.68,103.64,1.027
002920,德赛西威,汽车配件,广东,20171226,002920.SZ,20221114,115.48,118.74,114.0,115.16,116.84,-1.68,-1.4379,42597.84,493566.885,0.7747,1.8546,0.71,76.7723,61.852,10.8438,6.6823,4.7801,0.258,0.3908,55527.4,54985.0,22969.3,6394535.384,6332072.6,128.52,105.16,1.027
002920,德赛西威,汽车配件,广东,20171226,002920.SZ,20221111,122.3,123.45,115.19,116.84,117.65,-0.81,-0.6885,60383.04,716028.06,1.0982,2.6289,0.89,77.8923,62.7543,11.002,6.7797,4.8498,0.2543,0.3851,55527.4,54985.0,22969.3,6487821.416,6424447.4,129.42,105.89,1.027
002920,德赛西威,汽车配件,广东,20171226,002920.SZ,20221110,120.45,121.01,116.99,117.65,121.1,-3.45,-2.8489,41636.67,492313.088,0.7572,1.8127,0.48,78.4323,63.1894,11.0783,6.8267,4.8834,0.2526,0.3825,55527.4,54985.0,22969.3,6532798.61,6468985.25,133.21,108.99,1.027
002920,德赛西威,汽车配件,广东,20171226,002920.SZ,20221109,125.19,125.53,120.66,121.1,124.35,-3.25,-2.6136,60872.04,741632.96,1.1071,2.6501,0.59,80.7323,65.0424,11.4032,7.0269,5.0266,0.2454,0.3716,55527.4,54985.0,22969.3,6724368.14,6658683.5,136.79,111.92,1.027
002920,德赛西威,汽车配件,广东,20171226,002920.SZ,20221108,125.04,127.79,123.2,124.35,124.35,0.0,0.0,71059.48,891451.537,1.2923,3.0937,0.69,82.8989,66.7879,11.7092,7.2155,5.1615,0.239,0.3619,55527.4,54985.0,22969.3,6904832.19,6837384.75,136.79,111.92,1.027
002920,德赛西威,汽车配件,广东,20171226,002920.SZ,20221107,125.31,126.73,122.18,124.35,125.32,-0.97,-0.774,64258.74,799904.805,1.1687,2.7976,0.63,82.8989,66.7879,11.7092,7.2155,5.1615,0.239,0.3619,55527.4,54985.0,22969.3,6904832.19,6837384.75,137.85,112.79,1.027
002920,德赛西威,汽车配件,广东,20171226,002920.SZ,20221104,122.0,127.58,120.15,125.32,120.2,5.12,4.2596,100852.43,1258778.476,1.8342,4.3907,1.03,83.5456,67.3089,11.8005,7.2718,5.2018,0.2371,0.3591,55527.4,54985.0,22969.3,6958693.768,6890720.2,132.22,108.18,1.027
002920,德赛西威,汽车配件,广东,20171226,002920.SZ,20221103,117.17,123.5,115.22,120.2,118.35,1.85,1.5632,140492.73,1690697.191,2.5551,6.1165,1.42,80.1323,64.559,11.3184,6.9747,4.9893,0.2472,0.3744,55527.4,54985.0,22969.3,6674393.48,6609197.0,130.19,106.52,1.027
002920,德赛西威,汽车配件,广东,20171226,002920.SZ,20221102,106.55,118.35,105.65,118.35,107.59,10.76,10.0009,135301.2,1527949.44,2.4607,5.8905,1.44,78.899,63.5653,11.1442,6.8674,4.9125,0.2511,0.3802,55527.4,54985.0,22969.3,6571667.79,6507474.75,118.35,96.83,1.027
002920,德赛西威,汽车配件,广东,20171226,002920.SZ,20221101,103.69,107.78,101.75,107.59,103.6,3.99,3.8514,73566.04,778713.695,1.3379,3.2028,0.83,71.7257,57.7862,10.131,6.243,4.4659,0.2762,0.4183,55527.4,54985.0,22969.3,5974192.966,5915836.15,113.96,93.24,1.027
002920,德赛西威,汽车配件,广东,20171226,002920.SZ,20221031,103.02,106.86,101.0,103.6,103.69,-0.09,-0.0868,58547.34,611581.277,1.0648,2.5489,0.67,69.0658,55.6432,9.7553,6.0115,4.3002,0.2868,0.4344,55527.4,54985.0,22969.3,5752638.64,5696446.0,114.06,93.32,1.027
002920,德赛西威,汽车配件,广东,20171226,002920.SZ,20221028,107.22,108.83,103.49,103.69,108.32,-4.63,-4.2744,80777.97,851182.548,1.4691,3.5168,1.0,69.1258,55.6915,9.7638,6.0167,4.304,0.2866,0.434,55527.4,54985.0,22969.3,5757636.106,5701394.65,119.15,97.49,1.027
002920,德赛西威,汽车配件,广东,20171226,002920.SZ,20221027,110.01,112.85,106.0,108.32,110.5,-2.18,-1.9729,145797.4,1582327.027,2.6516,6.3475,2.13,72.2124,58.1783,10.1998,6.2854,4.4962,0.2743,0.4154,55527.4,54985.0,22969.3,6014727.968,5955975.2,121.55,99.45,1.027
002920,德赛西威,汽车配件,广东,20171226,002920.SZ,20221026,114.22,115.8,110.5,110.5,122.78,-12.28,-10.0016,112606.49,1247701.607,2.0479,4.9025,2.04,73.6657,59.3491,10.405,6.4118,4.5866,0.2689,0.4072,55527.4,54985.0,22969.3,6135777.7,6075842.5,135.06,110.5,1.027
002920,德赛西威,汽车配件,广东,20171226,002920.SZ,20221025,122.01,125.6,120.8,122.78,122.81,-0.03,-0.0244,45953.51,564819.455,0.8357,1.9999,0.8,81.8523,69.2613,11.9827,7.1244,5.732,0.242,0.3665,55527.4,54985.0,22978.3,6817654.172,6751058.3,135.09,110.53,1.027
002920,德赛西威,汽车配件,广东,20171226,002920.SZ,20221024,123.12,126.33,121.96,122.81,123.6,-0.79,-0.6392,48858.4,603244.275,0.8886,2.1263,0.77,81.8723,69.2782,11.9857,7.1261,5.7334,0.242,0.3664,55527.4,54985.0,22978.3,6819319.994,6752707.85,135.96,111.24,1.027
002920,德赛西威,汽车配件,广东,20171226,002920.SZ,20221021,124.2,126.93,122.12,123.6,124.7,-1.1,-0.8821,51745.18,644688.333,0.9411,2.2519,0.77,82.3989,69.7239,12.0628,7.172,5.7703,0.2404,0.3641,55527.4,54985.0,22978.3,6863186.64,6796146.0,137.17,112.23,1.027
002920,德赛西威,汽车配件,广东,20171226,002920.SZ,20221020,129.5,131.32,124.0,124.7,131.68,-6.98,-5.3007,82328.27,1037530.028,1.4973,3.5829,1.34,83.1322,70.3444,12.1701,7.2358,5.8217,0.2383,0.3609,55527.4,54985.0,22978.3,6924266.78,6856629.5,144.85,118.51,1.027
002920,德赛西威,汽车配件,广东,20171226,002920.SZ,20221019,129.66,134.98,129.33,131.68,131.03,0.65,0.4961,46440.08,615147.142,0.8446,2.021,0.73,87.7855,74.2819,12.8513,7.6408,6.1475,0.2257,0.3417,55527.4,54985.0,22978.3,7311848.032,7240424.8,144.13,117.93,1.027
002920,德赛西威,汽车配件,广东,20171226,002920.SZ,20221018,131.0,132.52,128.8,131.03,128.5,2.53,1.9689,56506.57,736968.53,1.0277,2.4591,0.88,87.3522,73.9152,12.7879,7.6031,6.1172,0.2268,0.3434,55527.4,54985.0,22978.3,7275755.222,7204684.55,141.35,115.65,1.027
002920,德赛西威,汽车配件,广东,20171226,002920.SZ,20221017,136.0,138.15,127.17,128.5,136.7,-8.2,-5.9985,81601.93,1058853.7,1.4841,3.5513,1.14,85.6655,72.488,12.541,7.4563,5.9991,0.2312,0.3502,55527.4,54985.0,22978.3,7135270.9,7065572.5,150.37,123.03,1.027
002920,德赛西威,汽车配件,广东,20171226,002920.SZ,20221014,139.0,140.5,135.0,136.7,137.67,-0.97,-0.7046,69005.91,946675.42,1.255,3.0031,1.06,91.1321,77.1137,13.3413,7.9321,6.3819,0.2174,0.3292,55527.4,54985.0,22978.3,7590595.58,7516449.5,151.44,123.9,1.027
002920,德赛西威,汽车配件,广东,20171226,002920.SZ,20221013,136.0,142.2,134.64,137.67,136.75,0.92,0.6728,53683.59,746879.263,0.9763,2.3363,0.89,91.7788,77.6609,13.4359,7.9884,6.4272,0.2158,0.3269,55527.4,54985.0,22978.3,7644457.158,7569784.95,150.43,123.08,1.027
002920,德赛西威,汽车配件,广东,20171226,002920.SZ,20221012,134.58,137.34,127.88,136.75,133.38,3.37,2.5266,57901.38,767130.993,1.053,2.5198,1.08,91.1655,77.1419,13.3461,7.935,6.3842,0.2173,0.3291,55527.4,54985.0,22978.3,7593371.95,7519198.75,146.72,120.04,1.027
002920,德赛西威,汽车配件,广东,20171226,002920.SZ,20221011,130.62,134.28,128.76,133.38,127.33,6.05,4.7514,60104.84,796811.548,1.0931,2.6157,1.26,88.9188,75.2409,13.0172,7.7395,6.2269,0.2228,0.3374,55527.4,54985.0,22978.3,7406244.612,7333899.3,140.06,114.6,1.027
002920,德赛西威,汽车配件,广东,20171226,002920.SZ,20221010,135.81,137.7,125.07,127.33,137.95,-10.62,-7.6984,117490.18,1530893.369,2.1368,5.1131,3.38,84.8855,71.828,12.4268,7.3884,5.9445,0.2334,0.3534,55527.4,54985.0,22978.3,7070303.842,7001240.05,151.75,124.16,1.027
002920,德赛西威,汽车配件,广东,20171226,002920.SZ,20220930,146.29,146.73,137.95,137.95,146.29,-8.34,-5.701,34988.19,490508.865,0.6363,1.5227,1.02,91.9655,77.8188,13.4633,8.0047,6.4403,0.2154,0.3262,55527.4,54985.0,22978.3,7660004.83,7585180.75,160.92,131.66,1.027
002920,德赛西威,汽车配件,广东,20171226,002920.SZ,20220929,144.15,149.82,141.5,146.29,143.8,2.49,1.7316,32274.22,471012.471,0.587,1.4046,0.96,97.5254,82.5235,14.2772,8.4886,6.8296,0.2031,0.3076,55527.4,54985.0,22978.3,8123103.346,8043755.65,158.18,129.42,1.027
002920,德赛西威,汽车配件,广东,20171226,002920.SZ,20220928,146.98,148.82,142.86,143.8,147.38,-3.58,-2.4291,23532.05,340134.329,0.428,1.0241,0.66,95.8654,81.1189,14.0342,8.3441,6.7134,0.2066,0.3129,55527.4,54985.0,22978.3,7984840.12,7906843.0,162.12,132.64,1.027
002920,德赛西威,汽车配件,广东,20171226,002920.SZ,20220927,148.68,151.96,145.2,147.38,147.78,-0.4,-0.2707,30048.86,442757.97,0.5465,1.3077,0.77,98.252,83.1384,14.3836,8.5518,6.8805,0.2016,0.3053,55527.4,54985.0,22978.3,8183628.212,8103689.3,162.56,133.0,1.027
002920,德赛西威,汽车配件,广东,20171226,002920.SZ,20220926,141.2,150.82,138.0,147.78,140.01,7.77,5.5496,53025.22,778966.971,0.9644,2.3076,1.39,98.5187,83.364,14.4226,8.5751,6.8992,0.2011,0.3045,55527.4,54985.0,22978.3,8205839.172,8125683.3,154.01,126.01,1.027
002920,德赛西威,汽车配件,广东,20171226,002920.SZ,20220923,142.33,143.8,138.21,140.01,142.3,-2.29,-1.6093,32394.14,455195.031,0.5891,1.4098,0.73,93.3388,78.9809,13.6643,8.1242,6.5364,0.2122,0.3214,55527.4,54985.0,22978.3,7774391.274,7698449.85,156.53,128.07,1.027
002920,德赛西威,汽车配件,广东,20171226,002920.SZ,20220922,141.12,145.5,139.27,142.3,142.72,-0.42,-0.2943,28598.06,407728.886,0.5201,1.2446,0.53,94.8654,80.2727,13.8878,8.2571,6.6433,0.2088,0.3162,55527.4,54985.0,22978.3,7901549.02,7824365.5,156.99,128.45,1.027
002920,德赛西威,汽车配件,广东,20171226,002920.SZ,20220921,141.5,146.6,140.05,142.72,141.55,1.17,0.8266,35280.54,507359.834,0.6416,1.5354,0.63,95.1454,80.5096,13.9288,8.2814,6.663,0.2082,0.3153,55527.4,54985.0,22978.3,7924870.528,7847459.2,155.71,127.4,1.027
002920,德赛西威,汽车配件,广东,20171226,002920.SZ,20220920,139.6,144.38,138.36,141.55,138.0,3.55,2.5725,46502.24,659727.525,0.8457,2.0237,0.86,94.3654,79.8496,13.8146,8.2136,6.6083,0.2099,0.3179,55527.4,54985.0,22978.3,7859903.47,7783126.75,151.8,124.2,1.027
002920,德赛西威,汽车配件,广东,20171226,002920.SZ,20220919,133.69,140.47,133.04,138.0,133.3,4.7,3.5259,48441.28,667524.528,0.881,2.1081,0.97,91.9988,77.847,13.4681,8.0076,6.4426,0.2153,0.3261,55527.4,54985.0,22978.3,7662781.2,7587930.0,146.63,119.97,1.027
002920,德赛西威,汽车配件,广东,20171226,002920.SZ,20220916,134.0,136.97,133.0,133.3,135.9,-2.6,-1.9132,64569.84,868623.571,1.1743,2.81,1.4,88.8655,75.1957,13.0094,7.7348,6.2232,0.2229,0.3376,55527.4,54985.0,22978.3,7401802.42,7329500.5,149.49,122.31,1.027
002920,德赛西威,汽车配件,广东,20171226,002920.SZ,20220915,149.99,150.0,135.9,135.9,151.0,-15.1,-10.0,76256.59,1063654.042,1.3869,3.3186,1.83,90.5988,76.6624,13.2632,7.8857,6.3446,0.2187,0.3311,55527.4,54985.0,22978.3,7546173.66,7472461.5,166.1,135.9,1.027
002920,德赛西威,汽车配件,广东,20171226,002920.SZ,20220914,153.32,156.5,150.0,151.0,155.0,-4.0,-2.5806,44330.81,672702.083,0.8062,1.9292,0.94,100.6653,85.1805,14.7369,8.7619,7.0495,0.1968,0.298,55527.4,54985.0,22978.3,8384637.4,8302735.0,170.5,139.5,1.027
002920,德赛西威,汽车配件,广东,20171226,002920.SZ,20220913,159.0,161.19,154.01,155.0,157.22,-2.22,-1.412,37564.85,584351.359,0.6832,1.6348,0.73,103.332,87.4369,15.1272,8.994,7.2363,0.1917,0.2903,55527.4,54985.0,22978.3,8606747.0,8522675.0,172.94,141.5,1.027
002920,德赛西威,汽车配件,广东,20171226,002920.SZ,20220909,159.5,160.08,154.8,157.22,159.1,-1.88,-1.1816,26607.67,416445.34,0.4839,1.1579,0.41,104.8119,88.6892,15.3439,9.1228,7.3399,0.189,0.2862,55527.4,54985.0,22978.3,8730017.828,8644741.7,175.01,143.19,1.027
002920,德赛西威,汽车配件,广东,20171226,002920.SZ,20220908,160.38,160.94,155.86,159.1,160.06,-0.96,-0.5998,45478.51,720401.186,0.8271,1.9792,0.55,106.0653,89.7497,15.5274,9.2319,7.4277,0.1868,0.2828,55527.4,54985.0,22978.3,8834409.34,8748113.5,176.07,144.05,1.027
002920,德赛西威,汽车配件,广东,20171226,002920.SZ,20220907,152.0,161.9,152.0,160.06,154.01,6.05,3.9283,54137.07,859506.219,0.9846,2.356,0.67,106.7053,90.2913,15.6211,9.2876,7.4725,0.1856,0.2811,55527.4,54985.0,22978.3,8887715.644,8800899.1,169.41,138.61,1.027
002920,德赛西威,汽车配件,广东,20171226,002920.SZ,20220906,150.0,155.53,145.82,154.01,145.82,8.19,5.6165,72395.37,1099281.382,1.3166,3.1506,1.02,102.672,86.8784,15.0306,8.9366,7.19,0.1929,0.2922,55527.4,54985.0,22978.3,8551774.874,8468239.85,160.4,131.24,1.027
002920,德赛西威,汽车配件,广东,20171226,002920.SZ,20220905,143.42,147.77,141.2,145.82,142.2,3.62,2.5457,60367.63,878567.383,1.0979,2.6272,0.9,97.212,82.2584,14.2313,8.4613,6.8077,0.2038,0.3086,55527.4,54985.0,22978.3,8097005.468,8017912.7,156.42,127.98,1.027
002920,德赛西威,汽车配件,广东,20171226,002920.SZ,20220902,148.47,150.07,140.27,142.2,146.2,-4.0,-2.736,95804.56,1377268.532,1.7424,4.1693,1.74,94.7987,80.2163,13.878,8.2513,6.6387,0.209,0.3165,55527.4,54985.0,22978.3,7895996.28,7818867.0,160.82,131.58,1.027
002920,德赛西威,汽车配件,广东,20171226,002920.SZ,20220901,144.8,149.6,143.03,146.2,153.0,-6.8,-4.4444,128106.14,1865513.479,2.3298,5.5751,3.58,97.4654,82.4727,14.2684,8.4834,6.8254,0.2032,0.3078,55527.4,54985.0,22978.3,8118105.88,8038807.0,168.3,137.7,1.027
002920,德赛西威,汽车配件,广东,20171226,002920.SZ,20220831,158.34,160.98,150.18,153.0,159.25,-6.25,-3.9246,44771.77,690069.782,0.8143,1.9484,1.27,101.9987,86.3087,14.9321,8.8779,7.1429,0.1942,0.2941,55527.4,54985.0,22978.3,8495692.2,8412705.0,175.18,143.33,1.027
002920,德赛西威,汽车配件,广东,20171226,002920.SZ,20220830,161.86,164.8,158.5,159.25,162.45,-3.2,-1.9698,27005.52,433922.346,0.4911,1.1753,0.73,106.1653,89.8344,15.542,9.2406,7.4347,0.1866,0.2826,55527.4,54985.0,22978.3,8842738.45,8756361.25,178.7,146.21,1.027
002920,德赛西威,汽车配件,广东,20171226,002920.SZ,20220829,158.38,164.5,157.0,162.45,159.86,2.59,1.6202,38053.04,615315.228,0.6921,1.656,0.91,108.2986,91.6395,15.8543,9.4263,7.5841,0.1829,0.277,55527.4,54985.0,22978.3,9020426.13,8932313.25,175.85,143.87,1.027
002920,德赛西威,汽车配件,广东,20171226,002920.SZ,20220826,157.35,163.7,157.09,159.86,156.49,3.37,2.1535,38064.31,611783.761,0.6923,1.6565,0.7,106.5719,90.1785,15.6016,9.276,7.4631,0.1859,0.2815,55527.4,54985.0,22978.3,8876610.164,8789902.1,172.14,140.84,1.027
002920,德赛西威,汽车配件,广东,20171226,002920.SZ,20220825,160.02,160.99,154.0,156.49,159.0,-2.51,-1.5786,31244.77,488306.16,0.5682,1.3598,0.52,104.3253,88.2774,15.2727,9.0805,7.3058,0.1899,0.2876,55527.4,54985.0,22978.3,8689482.826,8604602.65,174.9,143.1,1.027
002920,德赛西威,汽车配件,广东,20171226,002920.SZ,20220824,164.83,165.5,158.65,159.0,164.39,-5.39,-3.2788,41501.5,667315.47,0.7548,1.8061,0.69,105.9986,89.6933,15.5176,9.2261,7.423,0.1869,0.283,55527.4,54985.0,22978.3,8828856.6,8742615.0,180.83,147.95,1.027
002920,德赛西威,汽车配件,广东,20171226,002920.SZ,20220823,163.0,166.66,161.17,164.39,163.42,0.97,0.5936,35094.35,576314.863,0.6383,1.5273,0.49,109.5919,92.7339,16.0437,9.5389,7.6746,0.1808,0.2737,55527.4,54985.0,22978.3,9128149.286,9038984.15,179.76,147.08,1.027
002920,德赛西威,汽车配件,广东,20171226,002920.SZ,20220822,154.9,165.0,154.0,163.42,158.4,5.02,3.1692,63832.17,1028061.978,1.1609,2.7779,0.86,108.9452,92.1867,15.949,9.4826,7.6293,0.1818,0.2754,55527.4,54985.0,22978.3,9074287.708,8985648.7,174.24,142.56,1.027
002920,德赛西威,汽车配件,广东,20171226,002920.SZ,20220819,171.98,173.8,158.15,158.4,169.0,-10.6,-6.2722,101449.66,1651135.473,1.845,4.415,1.41,105.5986,89.3549,15.4591,9.1913,7.395,0.1876,0.2841,55527.4,54985.0,22978.3,8795540.16,8709624.0,185.9,152.1,1.027
002920,德赛西威,汽车配件,广东,20171226,002920.SZ,20220818,164.82,171.99,163.48,169.0,165.0,4.0,2.4242,59376.76,1003217.229,1.0799,2.5528,0.7,112.6652,101.7243,17.24,9.8064,8.7955,0.1758,0.2663,55527.4,54985.0,23259.71,9384130.6,9292465.0,181.5,148.5,1.027
002920,德赛西威,汽车配件,广东,20171226,002920.SZ,20220817,164.95,166.4,162.0,165.0,165.0,0.0,0.0,42730.6,701322.489,0.7771,1.8371,0.43,109.9985,99.3166,16.832,9.5743,8.5873,0.1801,0.2727,55527.4,54985.0,23259.71,9162021.0,9072525.0,181.5,148.5,1.027
002920,德赛西威,汽车配件,广东,20171226,002920.SZ,20220816,160.0,169.65,158.8,165.0,159.98,5.02,3.1379,88762.4,1473687.603,1.6143,3.8161,1.01,109.9985,99.3166,16.832,9.5743,8.5873,0.1801,0.2727,55527.4,54985.0,23259.71,9162021.0,9072525.0,175.98,143.98,1.027
002920,德赛西威,汽车配件,广东,20171226,002920.SZ,20220815,160.18,163.96,158.8,159.98,162.95,-2.97,-1.8226,78434.94,1258306.703,1.4265,3.3721,0.97,106.6519,96.295,16.3199,9.283,8.3261,0.1857,0.2813,55527.4,54985.0,23259.71,8883273.452,8796500.3,179.25,146.66,1.027
002920,德赛西威,汽车配件,广东,20171226,002920.SZ,20220812,162.51,165.85,159.33,162.95,162.25,0.7,0.4314,89974.73,1463539.438,1.6364,3.8683,1.28,108.6319,98.0827,16.6228,9.4553,8.4806,0.1824,0.2762,55527.4,54985.0,23259.71,9048189.83,8959805.75,178.48,146.03,1.027
002920,德赛西威,汽车配件,广东,20171226,002920.SZ,20220811,168.0,168.88,160.07,162.25,167.23,-4.98,-2.9779,122489.96,1993111.186,2.2277,5.2662,2.21,108.1652,97.6614,16.5514,9.4147,8.4442,0.1831,0.2773,55527.4,54985.0,23259.71,9009320.65,8921316.25,183.95,150.51,1.027
002920,德赛西威,汽车配件,广东,20171226,002920.SZ,20220810,184.0,185.15,166.8,167.23,185.0,-17.77,-9.6054,119008.83,2055861.697,2.1644,5.1165,3.09,111.4852,100.6589,17.0595,9.7037,8.7034,0.1777,0.2691,55527.4,54985.0,23259.71,9285847.102,9195141.55,203.5,166.5,1.027
002920,德赛西威,汽车配件,广东,20171226,002920.SZ,20220809,189.01,190.5,183.64,185.0,188.18,-3.18,-1.6899,30880.65,576934.809,0.5616,1.3276,0.8,123.3317,111.355,18.8722,10.7348,9.6282,0.1606,0.2432,55527.4,54985.0,23259.71,10272569.0,10172225.0,207.0,169.36,1.027
002920,德赛西威,汽车配件,广东,20171226,002920.SZ,20220808,186.05,188.86,177.49,188.18,185.3,2.88,1.5542,43871.36,809101.001,0.7979,1.8862,1.17,125.4517,113.2691,19.1966,10.9193,9.7937,0.1579,0.2391,55527.4,54985.0,23259.71,10449146.132,10347077.3,203.83,166.77,1.027
002920,德赛西威,汽车配件,广东,20171226,002920.SZ,20220805,187.67,196.0,185.0,185.3,187.0,-1.7,-0.9091,35888.0,677692.966,0.6527,1.5429,0.94,123.5317,111.5356,18.9028,10.7522,9.6438,0.1604,0.2428,55527.4,54985.0,23259.71,10289227.22,10188720.5,205.7,168.3,1.027
002920,德赛西威,汽车配件,广东,20171226,002920.SZ,20220804,193.01,193.99,184.06,187.0,190.6,-3.6,-1.8888,47102.33,881164.055,0.8566,2.0251,1.37,124.665,112.5589,19.0762,10.8508,9.7323,0.1589,0.2406,55527.4,54985.0,23259.71,10383623.8,10282195.0,209.66,171.54,1.027
002920,德赛西威,汽车配件,广东,20171226,002920.SZ,20220803,197.5,202.84,189.68,190.6,197.31,-6.71,-3.4007,34788.21,681973.862,0.6327,1.4956,1.05,127.065,114.7258,19.4435,11.0597,9.9197,0.1559,0.2361,55527.4,54985.0,23259.71,10583522.44,10480141.0,217.04,177.58,1.027
002920,德赛西威,汽车配件,广东,20171226,002920.SZ,20220802,190.0,201.88,189.01,197.31,196.9,0.41,0.2082,32180.8,633543.843,0.5853,1.3835,1.0,131.5383,118.7647,20.128,11.4491,10.2689,0.1506,0.2281,55527.4,54985.0,23259.71,10956111.294,10849090.35,216.59,177.21,1.027
002920,德赛西威,汽车配件,广东,20171226,002920.SZ,20220801,193.0,197.5,189.0,196.9,195.0,1.9,0.9744,37507.27,724683.586,0.6821,1.6125,1.17,131.2649,118.5179,20.0861,11.4253,10.2476,0.1509,0.2285,55527.4,54985.0,23259.71,10933345.06,10826546.5,214.5,175.5,1.027
002920,德赛西威,汽车配件,广东,20171226,002920.SZ,20220729,186.0,203.99,184.01,195.0,186.17,8.83,4.743,39873.96,776912.387,0.7252,1.7143,1.32,129.9983,117.3742,19.8923,11.315,10.1487,0.1524,0.2308,55527.4,54985.0,23259.71,10827843.0,10722075.0,204.79,167.55,1.027
002920,德赛西威,汽车配件,广东,20171226,002920.SZ,20220728,184.0,189.68,180.18,186.17,183.02,3.15,1.7211,27824.68,517725.873,0.506,1.1963,0.8,124.1117,112.0593,18.9916,10.8027,9.6891,0.1596,0.2417,55527.4,54985.0,23259.71,10337536.058,10236557.45,201.32,164.72,1.027
002920,德赛西威,汽车配件,广东,20171226,002920.SZ,20220727,176.84,185.6,175.09,183.02,176.84,6.18,3.4947,27631.72,502104.961,0.5025,1.188,0.69,122.0117,110.1632,18.6702,10.6199,9.5252,0.1624,0.2459,55527.4,54985.0,23259.71,10162624.748,10063354.7,194.52,159.16,1.027
002920,德赛西威,汽车配件,广东,20171226,002920.SZ,20220726,174.08,178.49,173.0,176.84,173.88,2.96,1.7023,28150.31,496690.182,0.512,1.2103,0.59,117.8918,106.4434,18.0398,10.2613,9.2035,0.168,0.2545,55527.4,54985.0,23259.71,9819465.416,9723547.4,191.27,156.49,1.027
002920,德赛西威,汽车配件,广东,20171226,002920.SZ,20220725,179.7,179.7,169.3,173.88,179.72,-5.84,-3.2495,37140.86,641765.859,0.6755,1.5968,0.7,115.9185,104.6617,17.7378,10.0895,9.0495,0.1709,0.2588,55527.4,54985.0,23259.71,9655104.312,9560791.8,197.69,161.75,1.027
002920,德赛西威,汽车配件,广东,20171226,002920.SZ,20220722,179.17,180.82,174.0,179.72,178.8,0.92,0.5145,30540.3,541713.331,0.5554,1.313,0.52,119.8117,108.1769,18.3336,10.4284,9.3534,0.1653,0.2504,55527.4,54985.0,23259.71,9979384.328,9881904.2,196.68,160.92,1.027
002920,德赛西威,汽车配件,广东,20171226,002920.SZ,20220721,176.09,188.49,172.5,178.8,176.0,2.8,1.5909,50437.68,916840.192,0.9173,2.1685,0.91,119.1984,107.6231,18.2397,10.375,9.3056,0.1662,0.2517,55527.4,54985.0,23259.71,9928299.12,9831318.0,193.6,158.4,1.027
002920,德赛西威,汽车配件,广东,20171226,002920.SZ,20220720,176.92,177.64,168.94,176.0,179.2,-3.2,-1.7857,54985.9,952927.823,1.0,2.364,1.05,117.3318,105.9378,17.9541,10.2125,9.1598,0.1688,0.2557,55527.4,54985.0,23259.71,9772822.4,9677360.0,197.12,161.28,1.027
002920,德赛西威,汽车配件,广东,20171226,002920.SZ,20220719,176.4,189.95,171.8,179.2,176.4,2.8,1.5873,64852.68,1170233.444,1.1795,2.7882,1.28,119.4651,107.8639,18.2805,10.3982,9.3264,0.1658,0.2511,55527.4,54985.0,23259.71,9950510.08,9853312.0,194.04,158.76,1.027
002920,德赛西威,汽车配件,广东,20171226,002920.SZ,20220718,162.62,179.56,158.62,176.4,164.19,12.21,7.4365,65303.31,1110461.267,1.1877,2.8076,1.33,117.5984,106.1785,17.9949,10.2357,9.1806,0.1685,0.2551,55527.4,54985.0,23259.71,9795033.36,9699354.0,180.61,147.77,1.027
002920,德赛西威,汽车配件,广东,20171226,002920.SZ,20220715,168.5,169.49,162.5,164.19,168.5,-4.31,-2.5579,57895.96,958579.426,1.0529,2.4891,1.26,109.4586,98.8291,16.7493,9.5273,8.5452,0.181,0.2741,55527.4,54985.0,23259.71,9117043.806,9027987.15,185.35,151.65,1.027
002920,德赛西威,汽车配件,广东,20171226,002920.SZ,20220714,156.09,170.0,155.01,168.5,157.1,11.4,7.2565,35198.24,584627.829,0.6401,1.5133,0.7,112.3318,101.4234,17.189,9.7773,8.7695,0.1764,0.2671,55527.4,54985.0,23259.71,9356366.9,9264972.5,172.81,141.39,1.027
002920,德赛西威,汽车配件,广东,20171226,002920.SZ,20220713,158.25,160.1,153.0,157.1,159.03,-1.93,-1.2136,38257.61,600617.166,0.6958,1.6448,0.76,104.7319,94.5615,16.0261,9.1159,8.1762,0.1891,0.2864,55527.4,54985.0,23259.71,8723354.54,8638143.5,174.93,143.13,1.027
002920,德赛西威,汽车配件,广东,20171226,002920.SZ,20220712,161.94,168.09,157.98,159.03,164.54,-5.51,-3.3487,55841.72,909147.648,1.0156,2.4008,1.16,106.0186,95.7232,16.223,9.2278,8.2766,0.1869,0.283,55527.4,54985.0,23259.71,8830522.422,8744264.55,180.99,148.09,1.027
002920,德赛西威,汽车配件,广东,20171226,002920.SZ,20220711,156.0,165.33,153.28,164.54,154.28,10.26,6.6502,58806.11,942986.899,1.0695,2.5282,1.27,109.6919,99.0398,16.785,9.5476,8.5634,0.1806,0.2735,55527.4,54985.0,23259.71,9136478.396,9047231.9,169.71,138.85,1.027
002920,德赛西威,汽车配件,广东,20171226,002920.SZ,20220708,161.34,162.24,153.0,154.28,160.99,-6.71,-4.168,42001.37,656852.897,0.7639,1.8058,0.92,102.852,92.8641,15.7384,8.9522,8.0294,0.1926,0.2917,55527.4,54985.0,23259.71,8566767.272,8483085.8,177.09,144.89,1.027
002920,德赛西威,汽车配件,广东,20171226,002920.SZ,20220707,149.54,163.0,149.54,160.99,149.0,11.99,8.047,56950.61,898163.273,1.0357,2.4485,1.28,107.3252,96.903,16.4229,9.3416,8.3786,0.1846,0.2795,55527.4,54985.0,23259.71,8939356.126,8852035.15,163.9,134.1,1.027
002920,德赛西威,汽车配件,广东,20171226,002920.SZ,20220706,147.11,153.23,145.19,149.0,147.11,1.89,1.2848,38989.48,580904.497,0.7091,1.6763,0.84,99.332,89.6859,15.1998,8.6458,7.7546,0.1994,0.302,55527.4,54985.0,23259.71,8273582.6,8192765.0,161.82,132.4,1.027
002920,德赛西威,汽车配件,广东,20171226,002920.SZ,20220705,155.0,155.28,144.48,147.11,152.85,-5.74,-3.7553,44813.96,662073.41,0.815,1.9267,0.96,98.072,88.5483,15.007,8.5362,7.6563,0.202,0.3059,55527.4,54985.0,23259.71,8168635.814,8088843.35,168.14,137.57,1.027
002920,德赛西威,汽车配件,广东,20171226,002920.SZ,20220704,146.05,154.8,146.05,152.85,149.79,3.06,2.0429,48781.5,744276.81,0.8872,2.0973,1.0,101.8987,92.0033,15.5925,8.8692,7.955,0.1944,0.2944,55527.4,54985.0,23259.71,8487363.09,8404457.25,164.77,134.81,1.027
002920,德赛西威,汽车配件,广东,20171226,002920.SZ,20220701,147.77,151.18,143.98,149.79,148.0,1.79,1.2095,38857.38,575609.634,0.7067,1.6706,0.74,99.8587,90.1615,15.2804,8.6917,7.7957,0.1984,0.3004,55527.4,54985.0,23259.71,8317449.246,8236203.15,162.8,133.2,1.027
002920,德赛西威,汽车配件,广东,20171226,002920.SZ,20220630,150.0,153.8,146.66,148.0,151.37,-3.37,-2.2263,51751.42,774726.991,0.9412,2.2249,0.9,98.6654,89.084,15.0978,8.5878,7.7026,0.2008,0.3041,55527.4,54985.0,23259.71,8218055.2,8137780.0,166.51,136.23,1.027
002920,德赛西威,汽车配件,广东,20171226,002920.SZ,20220629,158.33,160.59,150.88,151.37,161.53,-10.16,-6.2899,47114.68,724441.319,0.8569,2.0256,0.78,100.912,91.1125,15.4415,8.7834,7.878,0.1963,0.2973,55527.4,54985.0,23259.71,8405182.538,8323079.45,177.68,145.38,1.027
002920,德赛西威,汽车配件,广东,20171226,002920.SZ,20220628,160.1,163.5,153.0,161.53,162.0,-0.47,-0.2901,46695.16,740507.878,0.8492,2.0076,0.84,107.6852,97.228,16.478,9.3729,8.4067,0.184,0.2786,55527.4,54985.0,23259.71,8969340.922,8881727.05,178.2,145.8,1.027
002920,德赛西威,汽车配件,广东,20171226,002920.SZ,20220627,158.57,163.32,155.52,162.0,158.56,3.44,2.1695,59064.79,952997.443,1.0742,2.5394,1.17,107.9986,97.5109,16.5259,9.4002,8.4312,0.1834,0.2778,55527.4,54985.0,23259.71,8995438.8,8907570.0,174.42,142.7,1.027
002920,德赛西威,汽车配件,广东,20171226,002920.SZ,20220624,155.03,159.55,151.56,158.56,153.96,4.6,2.9878,56873.98,892823.698,1.0344,2.4452,1.27,105.7053,95.4403,16.175,9.2006,8.2522,0.1874,0.2838,55527.4,54985.0,23259.71,8804424.544,8718421.6,169.36,138.56,1.027
002920,德赛西威,汽车配件,广东,20171226,002920.SZ,20220623,150.0,154.89,149.81,153.96,149.81,4.15,2.7702,78458.1,1204787.688,1.4269,3.3731,2.31,102.6386,92.6715,15.7058,8.9337,8.0128,0.193,0.2923,55527.4,54985.0,23259.71,8548998.504,8465490.6,164.79,134.83,1.027
002920,德赛西威,汽车配件,广东,20171226,002920.SZ,20220622,155.2,157.88,148.16,149.81,146.44,3.37,2.3013,59671.19,900522.991,1.0852,2.5654,1.96,99.872,90.1735,15.2824,8.6928,7.7968,0.1984,0.3004,55527.4,54985.0,23259.71,8318559.794,8237302.85,161.08,131.8,1.027
002920,德赛西威,汽车配件,广东,20171226,002920.SZ,20220621,148.17,148.55,143.89,146.44,149.37,-2.93,-1.9616,24268.21,353975.854,0.4414,1.0434,0.66,97.6254,88.145,14.9386,8.4973,7.6214,0.2029,0.3073,55527.4,54985.0,23259.71,8131432.456,8052003.4,164.31,134.43,1.027
002920,德赛西威,汽车配件,广东,20171226,002920.SZ,20220620,148.88,152.45,147.8,149.37,148.39,0.98,0.6604,32598.78,489559.037,0.5929,1.4015,0.87,99.5787,89.9087,15.2375,8.6673,7.7739,0.1989,0.3013,55527.4,54985.0,23259.71,8294127.738,8213109.45,163.23,133.55,1.027
002920,德赛西威,汽车配件,广东,20171226,002920.SZ,20220617,144.09,151.58,144.09,148.39,145.86,2.53,1.7345,29579.38,440310.617,0.538,1.2717,0.66,98.9254,89.3188,15.1375,8.6104,7.7229,0.2002,0.3033,55527.4,54985.0,23259.71,8239710.886,8159224.15,160.45,131.27,1.027
002920,德赛西威,汽车配件,广东,20171226,002920.SZ,20220616,143.0,147.98,143.0,145.86,143.86,2.0,1.3902,23468.33,342396.145,0.4268,1.009,0.47,97.2387,87.7959,14.8795,8.4636,7.5912,0.2037,0.3085,55527.4,54985.0,23259.71,8099226.564,8020112.1,158.25,129.47,1.027
002920,德赛西威,汽车配件,广东,20171226,002920.SZ,20220615,149.0,153.5,143.5,143.86,149.0,-5.14,-3.4497,42548.1,629122.414,0.7738,1.8293,0.89,95.9054,86.5921,14.6754,8.3476,7.4871,0.2066,0.3128,55527.4,54985.0,23259.71,7988171.764,7910142.1,163.9,134.1,1.027
002920,德赛西威,汽车配件,广东,20171226,002920.SZ,20220614,143.12,150.1,140.25,149.0,146.5,2.5,1.7065,56242.2,817309.056,1.0229,2.418,1.31,99.332,89.6859,15.1998,8.6458,7.7546,0.1994,0.302,55527.4,54985.0,23259.71,8273582.6,8192765.0,161.15,131.85,1.027
002920,德赛西威,汽车配件,广东,20171226,002920.SZ,20220613,144.0,147.79,141.0,146.5,144.62,1.88,1.3,35578.91,520294.199,0.6471,1.5296,0.75,97.6654,88.1811,14.9447,8.5008,7.6245,0.2028,0.3072,55527.4,54985.0,23259.71,8134764.1,8055302.5,159.08,130.16,1.027
002920,德赛西威,汽车配件,广东,20171226,002920.SZ,20220610,141.6,145.5,140.0,144.62,141.6,3.02,2.1328,67888.38,976553.083,1.2347,2.9187,1.61,96.4121,87.0495,14.753,8.3917,7.5267,0.2055,0.3112,55527.4,54985.0,23259.71,8030372.588,7951930.7,155.76,127.44,1.027
002920,德赛西威,汽车配件,广东,20171226,002920.SZ,20220609,147.22,147.22,139.96,141.6,147.22,-5.62,-3.8174,48091.17,682802.889,0.8746,2.0676,1.09,94.3988,85.2317,14.4449,8.2165,7.3695,0.2099,0.3178,55527.4,54985.0,23259.71,7862679.84,7785876.0,161.94,132.5,1.027
002920,德赛西威,汽车配件,广东,20171226,002920.SZ,20220608,146.5,149.44,142.64,147.22,146.0,1.22,0.8356,32374.93,472092.797,0.5888,1.3919,0.74,98.1454,88.6145,15.0182,8.5426,7.662,0.2018,0.3057,55527.4,54985.0,23259.71,8174743.828,8094891.7,160.6,131.4,1.027
002920,德赛西威,汽车配件,广东,20171226,002920.SZ,20220607,146.2,147.97,143.0,146.0,147.0,-1.0,-0.6803,31137.81,453077.728,0.5663,1.3387,0.71,97.332,87.8802,14.8937,8.4718,7.5985,0.2035,0.3082,55527.4,54985.0,23259.71,8107000.4,8027810.0,161.7,132.3,1.027
002920,德赛西威,汽车配件,广东,20171226,002920.SZ,20220606,141.75,148.58,139.52,147.0,138.0,9.0,6.5217,57703.26,835725.503,1.0494,2.4808,1.51,97.9987,88.4821,14.9958,8.5298,7.6505,0.2021,0.3061,55527.4,54985.0,23259.71,8162527.8,8082795.0,151.8,124.2,1.027
002920,德赛西威,汽车配件,广东,20171226,002920.SZ,20220602,132.3,139.0,131.0,138.0,132.7,5.3,3.994,41819.95,568849.064,0.7606,1.798,1.18,91.9988,83.0648,14.0776,8.0076,7.1821,0.2153,0.3261,55527.4,54985.0,23259.71,7662781.2,7587930.0,145.97,119.43,1.027
002920,德赛西威,汽车配件,广东,20171226,002920.SZ,20220601,127.23,135.85,125.14,132.7,126.85,5.85,4.6117,56938.98,751925.634,1.0355,2.448,1.79,88.4655,79.8747,13.537,7.7,6.9063,0.2239,0.3391,55527.4,54985.0,23259.71,7368485.98,7296509.5,139.54,114.17,1.027
002920,德赛西威,汽车配件,广东,20171226,002920.SZ,20220531,126.35,128.8,124.03,126.85,127.39,-0.54,-0.4239,30336.67,384133.905,0.5517,1.3043,0.87,84.5655,76.3534,12.9402,7.3606,6.6018,0.2343,0.3547,55527.4,54985.0,23259.71,7043650.69,6974847.25,140.13,114.65,1.027
002920,德赛西威,汽车配件,广东,20171226,002920.SZ,20220530,122.0,128.6,121.12,127.39,121.88,5.51,4.5208,33725.03,426858.4,0.6133,1.4499,0.95,84.9255,76.6785,12.9953,7.3919,6.6299,0.2333,0.3532,55527.4,54985.0,23259.71,7073635.486,7004539.15,134.07,109.69,1.027
002920,德赛西威,汽车配件,广东,20171226,002920.SZ,20220527,123.01,125.5,121.35,121.88,122.68,-0.8,-0.6521,27900.76,345076.487,0.5074,1.1995,0.77,81.2523,73.3619,12.4332,7.0722,6.3432,0.2438,0.3692,55527.4,54985.0,23259.71,6767679.512,6701571.8,134.95,110.41,1.0276
002920,德赛西威,汽车配件,广东,20171226,002920.SZ,20220526,122.95,124.23,119.0,122.68,121.97,0.71,0.5821,27643.39,336987.467,0.5027,1.1885,0.74,81.7856,73.8434,12.5148,7.1186,6.3848,0.2422,0.3668,55527.4,54985.0,23259.71,6812101.432,6745559.8,134.17,109.77,1.0276
002920,德赛西威,汽车配件,广东,20171226,002920.SZ,20220525,124.88,126.7,120.61,121.97,124.57,-2.6,-2.0872,39021.67,477464.773,0.7097,1.6777,0.91,81.3123,73.4161,12.4424,7.0774,6.3479,0.2436,0.3689,55527.4,54985.0,23259.71,6772676.978,6706520.45,137.03,112.11,1.0276
002920,德赛西威,汽车配件,广东,20171226,002920.SZ,20220524,131.0,134.88,124.0,124.57,131.0,-6.43,-4.9084,45827.77,592477.209,0.8335,1.9703,1.19,83.0456,74.9811,12.7076,7.2283,6.4832,0.2385,0.3612,55527.4,54985.0,23259.71,6917048.218,6849481.45,144.1,117.9,1.0276
002920,德赛西威,汽车配件,广东,20171226,002920.SZ,20220523,126.03,131.8,123.8,131.0,124.86,6.14,4.9175,37918.45,486847.814,0.6896,1.6302,1.07,87.3322,78.8514,13.3636,7.6014,6.8178,0.2268,0.3435,55527.4,54985.0,23259.71,7274089.4,7203035.0,137.35,112.37,1.0276
002920,德赛西威,汽车配件,广东,20171226,002920.SZ,20220520,129.04,131.64,123.0,124.86,128.55,-3.69,-2.8705,31166.85,392210.68,0.5668,1.34,0.91,83.2389,75.1556,12.7372,7.2451,6.4983,0.238,0.5984,55527.4,54985.0,23259.71,6933151.164,6865427.1,141.41,115.7,1.0276
002920,德赛西威,汽车配件,广东,20171226,002920.SZ,20220519,121.0,129.28,120.49,129.0,124.46,4.54,3.6478,33966.75,426244.659,0.6177,1.4603,0.97,85.9989,77.6476,12.582,7.4853,6.7137,0.2303,0.2303,55527.4,54985.0,23259.71,7163034.6,7093065.0,136.91,112.01,1.024
002920,德赛西威,汽车配件,广东,20171226,002920.SZ,20220518,130.0,130.0,120.99,124.46,130.0,-5.54,-4.2615,65173.84,816212.87,1.1853,2.802,2.08,82.9722,74.9148,12.1391,7.2219,6.4775,0.2388,0.2388,55527.4,54985.0,23259.71,6910940.204,6843433.1,143.0,117.0,1.024
002920,德赛西威,汽车配件,广东,20171226,002920.SZ,20220517,128.48,131.62,126.5,130.0,128.05,1.95,1.5228,23843.86,309418.332,0.4336,1.0251,0.69,86.6655,78.2495,12.6795,7.5434,6.7658,0.2286,0.2286,55527.4,54985.0,23259.71,7218562.0,7148050.0,140.86,115.25,1.024
002920,德赛西威,汽车配件,广东,20171226,002920.SZ,20220516,129.5,129.9,126.5,128.05,128.98,-0.93,-0.721,22938.28,294782.533,0.4172,0.9862,0.61,85.3655,77.0757,12.4893,7.4302,6.6643,0.2321,0.2321,55527.4,54985.0,23259.71,7110283.57,7040829.25,141.88,116.08,1.024
002920,德赛西威,汽车配件,广东,20171226,002920.SZ,20220513,128.99,129.99,126.0,128.98,127.7,1.28,1.0023,25283.7,323962.375,0.4598,1.087,0.66,85.9855,77.6355,12.58,7.4842,6.7127,0.2304,0.2304,55527.4,54985.0,23259.71,7161924.052,7091965.3,140.47,114.93,1.024
002920,德赛西威,汽车配件,广东,20171226,002920.SZ,20220512,125.0,129.0,122.3,127.7,126.22,1.48,1.1726,37560.93,474552.192,0.6831,1.6148,0.89,85.1322,76.8651,12.4552,7.4099,6.6461,0.2327,0.2327,55527.4,54985.0,23259.71,7090848.98,7021584.5,138.84,113.6,1.024
002920,德赛西威,汽车配件,广东,20171226,002920.SZ,20220511,118.72,127.66,117.4,126.22,118.67,7.55,6.3622,47409.98,591921.417,0.8622,2.0383,1.02,84.1456,75.9742,12.3108,7.324,6.5691,0.2354,0.2354,55527.4,54985.0,23259.71,7008668.428,6940206.7,130.54,106.8,1.024
002920,德赛西威,汽车配件,广东,20171226,002920.SZ,20220510,110.0,120.0,108.22,118.67,112.5,6.17,5.4844,38994.1,452166.038,0.7092,1.6765,0.84,79.1123,71.4297,11.5744,6.8859,6.1761,0.2504,0.2504,55527.4,54985.0,23259.71,6589436.558,6525069.95,123.75,101.25,1.024
002920,德赛西威,汽车配件,广东,20171226,002920.SZ,20220509,118.3,118.4,110.26,112.5,121.0,-8.5,-7.0248,39224.11,443741.496,0.7134,1.6864,0.81,74.999,67.7159,10.9726,6.5279,5.855,0.2641,0.2641,55527.4,54985.0,23259.71,6246832.5,6185812.5,133.1,108.9,1.024
002920,德赛西威,汽车配件,广东,20171226,002920.SZ,20220506,119.08,122.99,115.88,121.0,125.39,-4.39,-3.5011,29734.12,353971.834,0.5408,1.2784,0.58,80.6656,72.8322,11.8017,7.0211,6.2974,0.2456,0.2456,55527.4,54985.0,23259.71,6718815.4,6653185.0,137.93,112.85,1.024
002920,德赛西威,汽车配件,广东,20171226,002920.SZ,20220505,118.49,125.51,117.88,125.39,119.53,5.86,4.9025,54566.76,665673.485,0.9924,2.346,1.12,83.5922,75.4746,12.2299,7.2759,6.5259,0.237,0.237,55527.4,54985.0,23259.71,6962580.686,6894569.15,131.48,107.58,1.024
002920,德赛西威,汽车配件,广东,20171226,002920.SZ,20220429,111.0,121.2,109.43,119.53,112.37,7.16,6.3718,69252.39,806760.958,1.2595,2.9774,1.7,79.6856,71.9474,11.6583,6.9358,6.2209,0.2486,0.2486,55527.4,54985.0,23259.71,6637190.122,6572357.05,123.61,101.13,1.024
002920,德赛西威,汽车配件,广东,20171226,002920.SZ,20220428,108.96,114.0,106.76,112.37,110.41,1.96,1.7752,38733.89,430570.998,0.7044,1.6653,0.97,74.9123,67.6376,10.96,6.5204,5.8482,0.2644,0.2644,55527.4,54985.0,23259.71,6239613.938,6178664.45,121.45,99.37,1.024
002920,德赛西威,汽车配件,广东,20171226,002920.SZ,20220427,100.1,112.35,99.67,110.41,102.14,8.27,8.0967,48802.68,519435.515,0.8876,2.0982,1.36,73.6057,66.4579,10.7688,6.4066,5.7462,0.2691,0.2691,55527.4,54985.0,23259.71,6130780.234,6070893.85,112.35,91.93,1.024
002920,德赛西威,汽车配件,广东,20171226,002920.SZ,20220426,106.75,107.58,100.0,102.14,104.66,-2.52,-2.4078,43459.91,447602.135,0.7904,1.8685,1.19,68.0924,61.48,9.9622,5.9268,5.3158,0.2909,0.2909,55527.4,54985.0,23259.71,5671568.636,5616167.9,115.13,94.19,1.024
002920,德赛西威,汽车配件,广东,20171226,002920.SZ,20220425,110.22,110.82,104.25,104.66,111.12,-6.46,-5.8135,44249.67,475959.75,0.8048,1.9024,1.03,69.7724,62.9969,10.208,6.073,5.447,0.2839,0.2839,55527.4,54985.0,23259.71,5811497.684,5754730.1,122.23,100.01,1.024
002920,德赛西威,汽车配件,广东,20171226,002920.SZ,20220422,113.6,114.97,110.8,111.12,113.47,-2.35,-2.071,28324.8,317159.477,0.5151,1.2178,0.59,74.079,66.8852,10.838,6.4478,5.7832,0.2674,0.2674,55527.4,54985.0,23259.71,6170204.688,6109933.2,124.82,102.12,1.024
002920,德赛西威,汽车配件,广东,20171226,002920.SZ,20220421,111.12,118.2,111.12,113.47,113.44,0.03,0.0264,33941.26,390192.596,0.6173,1.4592,0.68,75.6457,68.2998,11.0672,6.5842,5.9055,0.2619,0.2619,55527.4,54985.0,23259.71,6300694.078,6239147.95,124.78,102.1,1.024
002920,德赛西威,汽车配件,广东,20171226,002920.SZ,20220420,112.99,115.56,112.6,113.44,114.15,-0.71,-0.622,29332.57,335032.919,0.5335,1.2611,0.58,75.6257,68.2817,11.0643,6.5824,5.9039,0.2619,0.2619,55527.4,54985.0,23259.71,6299028.256,6237498.4,125.57,102.74,1.024
002920,德赛西威,汽车配件,广东,20171226,002920.SZ,20220419,116.45,117.16,113.3,114.15,114.86,-0.71,-0.6181,46454.79,533538.781,0.8449,1.9972,0.87,76.099,68.7091,11.1336,6.6236,5.9409,0.2603,0.2603,55527.4,54985.0,23259.71,6338452.71,6276537.75,126.35,103.37,1.024
002920,德赛西威,汽车配件,广东,20171226,002920.SZ,20220418,109.8,115.75,107.28,114.86,107.28,7.58,7.0656,76795.85,865459.724,1.3967,3.3017,1.5,76.5723,69.1364,11.2028,6.6648,5.9778,0.2587,0.2587,55527.4,54985.0,23259.71,6377877.164,6315577.1,118.01,96.55,1.024
002920,德赛西威,汽车配件,广东,20171226,002920.SZ,20220415,99.02,108.69,98.8,107.28,100.4,6.88,6.8526,55207.29,574385.102,1.004,2.3697,1.18,71.5191,71.5191,11.1582,6.225,6.225,0.277,0.277,55527.4,54985.0,23296.7,5956979.472,5898790.8,110.44,90.36,1.024
002920,德赛西威,汽车配件,广东,20171226,002920.SZ,20220414,96.59,101.5,96.59,100.4,96.8,3.6,3.719,42231.0,422036.733,0.768,1.8179,0.94,107.5934,80.6587,10.6895,8.1996,6.3324,0.296,0.296,55527.4,54985.0,23230.12,5574950.96,5520494.0,106.48,87.12,1.024
002920,德赛西威,汽车配件,广东,20171226,002920.SZ,20220413,98.0,98.96,95.5,96.8,98.69,-1.89,-1.9151,30606.9,297115.555,0.5566,1.3176,0.66,103.7355,77.7666,10.3062,7.9056,6.1053,0.307,0.307,55527.4,54985.0,23230.12,5375052.32,5322548.0,108.56,88.82,1.024
002920,德赛西威,汽车配件,广东,20171226,002920.SZ,20220412,99.28,104.29,97.0,98.69,101.15,-2.46,-2.432,61851.45,611675.059,1.1249,2.6626,1.58,105.7609,79.285,10.5075,8.0599,6.2245,0.3011,0.3011,55527.4,54985.0,23230.12,5479999.106,5426469.65,111.27,91.04,1.024
002920,德赛西威,汽车配件,广东,20171226,002920.SZ,20220411,106.94,107.74,100.0,101.15,110.22,-9.07,-8.229,65627.32,673148.593,1.1935,2.8251,2.09,108.3971,81.2613,10.7694,8.2608,6.3797,0.2938,0.2938,55527.4,54985.0,23230.12,5616596.51,5561732.75,121.24,99.2,1.024
002920,德赛西威,汽车配件,广东,20171226,002920.SZ,20220408,112.37,113.6,107.61,110.22,112.05,-1.83,-1.6332,34173.18,377614.066,0.6215,1.4711,1.15,118.117,88.5479,11.7351,9.0016,6.9517,0.2696,0.2696,55527.4,54985.0,23230.12,6120230.028,6060446.7,123.26,100.85,1.024
002920,德赛西威,汽车配件,广东,20171226,002920.SZ,20220407,115.04,116.44,111.21,112.05,114.2,-2.15,-1.8827,32674.08,370171.857,0.5942,1.4065,1.22,120.0781,90.0181,11.9299,9.151,7.0671,0.2652,0.2652,55527.4,54985.0,23230.12,6221845.17,6161069.25,125.62,102.78,1.024
002920,德赛西威,汽车配件,广东,20171226,002920.SZ,20220406,122.4,122.41,113.0,114.2,122.89,-8.69,-7.0714,38263.63,441035.299,0.6959,1.6472,1.57,122.3821,91.7453,12.1588,9.3266,7.2028,0.2602,0.2602,55527.4,54985.0,23230.12,6341229.08,6279287.0,135.18,110.6,1.024
002920,德赛西威,汽车配件,广东,20171226,002920.SZ,20220401,126.3,127.42,122.35,122.89,126.62,-3.73,-2.9458,24745.32,308781.936,0.45,1.0652,0.98,131.6948,98.7266,13.084,10.0363,7.7508,0.2418,0.2418,55527.4,54985.0,23230.12,6823762.186,6757106.65,139.28,113.96,1.024
002920,德赛西威,汽车配件,广东,20171226,002920.SZ,20220331,124.34,128.12,123.11,126.62,125.1,1.52,1.215,27447.04,347425.448,0.4992,1.1815,0.98,135.692,101.7232,13.4812,10.341,7.9861,0.2347,0.2347,55527.4,54985.0,23230.12,7030879.388,6962200.7,137.61,112.59,1.024
002920,德赛西威,汽车配件,广东,20171226,002920.SZ,20220330,120.0,126.45,120.0,125.1,119.2,5.9,4.9497,24928.59,309834.127,0.4534,1.0731,0.9,134.0631,100.5021,13.3193,10.2168,7.8902,0.2375,0.2375,55527.4,54985.0,23230.12,6946477.74,6878623.5,131.12,107.28,1.024
002920,德赛西威,汽车配件,广东,20171226,002920.SZ,20220329,118.35,120.9,117.5,119.2,117.5,1.7,1.4468,19030.89,226773.247,0.3461,0.8192,0.7,127.7404,95.7622,12.6912,9.735,7.5181,0.2493,0.2493,55527.4,54985.0,23230.12,6618866.08,6554212.0,129.25,105.75,1.024
002920,德赛西威,汽车配件,广东,20171226,002920.SZ,20220328,118.91,121.5,116.39,117.5,120.2,-2.7,-2.2463,25756.16,303626.291,0.4684,1.1087,0.92,125.9186,94.3964,12.5102,9.5961,7.4109,0.2529,0.2529,55527.4,54985.0,23230.12,6524469.5,6460737.5,132.22,108.18,1.024
002920,德赛西威,汽车配件,广东,20171226,002920.SZ,20220325,122.54,123.41,120.2,120.2,122.9,-2.7,-2.1969,29158.99,354531.833,0.5303,1.2552,1.11,128.812,96.5656,12.7976,9.8166,7.5812,0.2472,0.2472,55527.4,54985.0,23230.12,6674393.48,6609197.0,135.19,110.61,1.024
002920,德赛西威,汽车配件,广东,20171226,002920.SZ,20220324,126.06,127.0,121.31,122.9,126.98,-4.08,-3.2131,41220.15,507623.154,0.7497,1.7744,1.38,131.7055,98.7347,13.0851,10.0371,7.7515,0.2418,0.2418,55527.4,54985.0,23230.12,6824317.46,6757656.5,139.68,114.28,1.024
002920,德赛西威,汽车配件,广东,20171226,002920.SZ,20220323,128.8,130.4,126.08,126.98,129.15,-2.17,-1.6802,23866.8,304415.533,0.4341,1.0274,0.69,136.0778,102.0124,13.5195,10.3704,8.0088,0.234,0.234,55527.4,54985.0,23230.12,7050869.252,6981995.3,142.07,116.24,1.024
002920,德赛西威,汽车配件,广东,20171226,002920.SZ,20220322,127.02,131.18,125.5,129.15,128.01,1.14,0.8906,16438.97,211517.136,0.299,0.7077,0.43,138.4033,103.7558,13.7505,10.5476,8.1457,0.2301,0.2301,55527.4,54985.0,23230.12,7171363.71,7101312.75,140.81,115.21,1.024
002920,德赛西威,汽车配件,广东,20171226,002920.SZ,20220321,126.81,130.9,125.03,128.01,127.57,0.44,0.3449,29786.82,383295.993,0.5417,1.2822,0.79,137.1816,102.8399,13.6291,10.4545,8.0738,0.2321,0.2321,55527.4,54985.0,23230.12,7108062.474,7038629.85,140.33,114.81,1.024
002920,德赛西威,汽车配件,广东,20171226,002920.SZ,20220318,126.51,130.21,125.61,127.57,127.14,0.43,0.3382,19983.85,254610.53,0.3634,0.8603,0.48,136.7101,102.4864,13.5823,10.4185,8.046,0.2329,0.2329,55527.4,54985.0,23230.12,7083630.418,7014436.45,139.85,114.43,1.024
002920,德赛西威,汽车配件,广东,20171226,002920.SZ,20220317,128.21,133.31,126.0,127.14,128.0,-0.86,-0.6719,58956.99,765469.661,1.0722,2.538,1.45,136.2493,102.141,13.5365,10.3834,8.0189,0.2337,0.2337,55527.4,54985.0,23230.12,7059753.636,6990792.9,140.8,115.2,1.024
002920,德赛西威,汽车配件,广东,20171226,002920.SZ,20220316,122.39,129.38,118.5,128.0,120.2,7.8,6.4892,48989.04,609011.545,0.891,2.1089,1.2,137.1709,102.8319,13.6281,10.4537,8.0731,0.2321,0.2321,55527.4,54985.0,23230.12,7107507.2,7038080.0,132.22,108.18,1.024
002920,德赛西威,汽车配件,广东,20171226,002920.SZ,20220315,118.74,125.7,117.0,120.2,120.67,-0.47,-0.3895,34519.47,422154.054,0.6278,1.486,0.83,128.812,96.5656,12.7976,9.8166,7.5812,0.2472,0.2472,55527.4,54985.0,23230.12,6674393.48,6609197.0,132.74,108.6,1.024
002920,德赛西威,汽车配件,广东,20171226,002920.SZ,20220314,118.77,123.0,118.5,120.67,120.2,0.47,0.391,26012.66,315289.557,0.4731,1.1198,0.57,129.3157,96.9431,12.8477,9.855,7.6108,0.2463,0.2463,55527.4,54985.0,23230.12,6700491.358,6635039.95,132.22,108.18,1.024
002920,德赛西威,汽车配件,广东,20171226,002920.SZ,20220311,119.87,122.88,117.0,120.2,122.0,-1.8,-1.4754,41025.25,490703.963,0.7461,1.766,0.87,128.812,96.5656,12.7976,9.8166,7.5812,0.2472,0.2472,55527.4,54985.0,23230.12,6674393.48,6609197.0,134.2,109.8,1.024
002920,德赛西威,汽车配件,广东,20171226,002920.SZ,20220310,123.01,125.8,120.01,122.0,118.0,4.0,3.3898,52841.48,648878.465,0.961,2.2747,1.08,130.741,98.0116,12.9893,9.9636,7.6947,0.2436,0.2436,55527.4,54985.0,23230.12,6774342.8,6708170.0,129.8,106.2,1.024
002920,德赛西威,汽车配件,广东,20171226,002920.SZ,20220309,112.5,118.7,110.1,118.0,111.56,6.44,5.7727,48988.0,568355.515,0.8909,2.1088,1.08,126.4544,94.7981,12.5634,9.637,7.4424,0.2518,0.2518,55527.4,54985.0,23230.12,6552233.2,6488230.0,122.72,100.4,1.024
002920,德赛西威,汽车配件,广东,20171226,002920.SZ,20220308,115.0,115.0,108.68,111.56,112.34,-0.78,-0.6943,38653.98,432236.871,0.703,1.664,0.87,119.553,89.6244,11.8777,9.111,7.0362,0.2664,0.2664,55527.4,54985.0,23230.12,6194636.744,6134126.6,123.57,101.11,1.024
002920,德赛西威,汽车配件,广东,20171226,002920.SZ,20220307,116.67,118.5,111.0,112.34,117.61,-5.27,-4.4809,46964.93,532786.686,0.8541,2.0217,1.15,120.3889,90.251,11.9608,9.1747,7.0854,0.2645,0.2645,55527.4,54985.0,23230.12,6237948.116,6177014.9,129.37,105.85,1.024
002920,德赛西威,汽车配件,广东,20171226,002920.SZ,20220304,117.24,121.3,116.38,117.61,121.02,-3.41,-2.8177,48679.71,575434.922,0.8853,2.0955,1.33,126.0365,94.4848,12.5219,9.6051,7.4178,0.2527,0.2527,55527.4,54985.0,23230.12,6530577.514,6466785.85,133.12,108.92,1.024
002920,德赛西威,汽车配件,广东,20171226,002920.SZ,20220303,127.01,127.93,119.8,121.02,127.14,-6.12,-4.8136,61174.39,743129.24,1.1126,2.6334,1.99,129.6908,97.2243,12.8849,9.8836,7.6329,0.2455,0.2455,55527.4,54985.0,23230.12,6719925.948,6654284.7,139.85,114.43,1.024
002920,德赛西威,汽车配件,广东,20171226,002920.SZ,20220302,129.39,129.9,125.7,127.14,130.11,-2.97,-2.2827,31157.1,396453.826,0.5666,1.3412,0.95,136.2493,102.141,13.5365,10.3834,8.0189,0.2337,0.2337,55527.4,54985.0,23230.12,7059753.636,6990792.9,143.12,117.1,1.024
002920,德赛西威,汽车配件,广东,20171226,002920.SZ,20220301,133.12,134.0,128.7,130.11,132.12,-2.01,-1.5213,34641.6,449576.231,0.63,1.4912,1.13,139.432,104.527,13.8527,10.626,8.2062,0.2284,0.2284,55527.4,54985.0,23230.12,7224670.014,7154098.35,145.33,118.91,1.024
002920,德赛西威,汽车配件,广东,20171226,002920.SZ,20220228,131.76,132.88,128.7,132.12,131.76,0.36,0.2732,27727.29,362901.131,0.5043,1.1936,0.96,141.5861,106.1418,14.0667,10.7901,8.333,0.2249,0.2249,55527.4,54985.0,23230.12,7336280.088,7264618.2,144.94,118.58,1.024
002920,德赛西威,汽车配件,广东,20171226,002920.SZ,20220225,136.0,137.3,131.0,131.76,132.86,-1.1,-0.8279,28466.56,378526.704,0.5177,1.2254,1.03,141.2003,105.8526,14.0284,10.7607,8.3103,0.2255,0.2255,55527.4,54985.0,23230.12,7316290.224,7244823.6,146.15,119.57,1.024
002920,德赛西威,汽车配件,广东,20171226,002920.SZ,20220224,132.35,134.59,130.5,132.86,132.6,0.26,0.1961,31886.93,421969.322,0.5799,1.3727,1.16,142.3791,106.7363,14.1455,10.8506,8.3797,0.2237,0.2237,55527.4,54985.0,23230.12,7377370.364,7305307.1,145.86,119.34,1.024
002920,德赛西威,汽车配件,广东,20171226,002920.SZ,20220223,124.1,134.8,123.95,132.6,123.95,8.65,6.9786,40415.81,529121.16,0.735,1.7398,1.58,142.1005,106.5274,14.1178,10.8293,8.3633,0.2241,0.2241,55527.4,54985.0,23230.12,7362933.24,7291011.0,136.35,111.56,1.024
002920,德赛西威,汽车配件,广东,20171226,002920.SZ,20220222,121.9,124.5,120.56,123.95,123.72,0.23,0.1859,24355.98,298514.877,0.443,1.0485,0.79,132.8307,99.5782,13.1969,10.1229,7.8177,0.2397,0.2397,55527.4,54985.0,23230.12,6882621.23,6815390.75,136.09,111.35,1.024
002920,德赛西威,汽车配件,广东,20171226,002920.SZ,20220221,123.99,126.52,122.07,123.72,124.88,-1.16,-0.9289,18636.77,229951.555,0.3389,0.8023,0.52,132.5842,99.3934,13.1724,10.1041,7.8032,0.2402,0.2402,55527.4,54985.0,23230.12,6869849.928,6802744.2,137.37,112.39,1.024
002920,德赛西威,汽车配件,广东,20171226,002920.SZ,20220218,125.81,127.0,123.02,124.88,126.82,-1.94,-1.5297,22951.49,286065.165,0.4174,0.988,0.55,133.8273,100.3253,13.2959,10.1989,7.8764,0.2379,0.2379,55527.4,54985.0,23230.12,6934261.712,6866526.8,139.5,114.14,1.024
002920,德赛西威,汽车配件,广东,20171226,002920.SZ,20220217,122.99,128.7,121.36,126.82,123.35,3.47,2.8131,31655.2,398985.901,0.5757,1.3627,0.72,135.9063,101.8839,13.5024,10.3573,7.9987,0.2343,0.2343,55527.4,54985.0,23230.12,7041984.868,6973197.7,135.69,111.02,1.024
002920,德赛西威,汽车配件,广东,20171226,002920.SZ,20220216,125.1,126.0,122.39,123.35,124.93,-1.58,-1.2647,29959.06,370745.952,0.5449,1.2897,0.54,132.1877,99.0962,13.133,10.0739,7.7799,0.2409,0.2409,55527.4,54985.0,23230.12,6849304.79,6782399.75,137.42,112.44,1.024
002920,德赛西威,汽车配件,广东,20171226,002920.SZ,20220215,117.16,125.48,116.01,124.93,117.7,7.23,6.1427,50428.71,617236.31,0.9171,2.1708,0.91,133.8809,100.3655,13.3012,10.2029,7.8795,0.2379,0.2379,55527.4,54985.0,23230.12,6937038.082,6869276.05,129.47,105.93,1.024
002920,德赛西威,汽车配件,广东,20171226,002920.SZ,20220214,113.5,119.5,110.98,117.7,115.1,2.6,2.2589,44542.53,519242.105,0.8101,1.9174,0.84,126.1329,94.5571,12.5314,9.6125,7.4235,0.2525,0.2525,55527.4,54985.0,23230.12,6535574.98,6471734.5,126.61,103.59,1.024
002920,德赛西威,汽车配件,广东,20171226,002920.SZ,20220211,117.0,120.58,114.3,115.1,118.72,-3.62,-3.0492,51867.87,604870.91,0.9433,2.2328,1.04,123.3466,92.4683,12.2546,9.4001,7.2595,0.2582,0.2582,55527.4,54985.0,23230.12,6391203.74,6328773.5,130.59,106.85,1.024
002920,德赛西威,汽车配件,广东,20171226,002920.SZ,20220210,121.0,122.41,117.5,118.72,121.0,-2.28,-1.8843,44377.02,530219.665,0.8071,1.9103,0.92,127.226,95.3766,12.64,9.6958,7.4878,0.2503,0.2503,55527.4,54985.0,23230.12,6592212.928,6527819.2,133.1,108.9,1.024
002920,德赛西威,汽车配件,广东,20171226,002920.SZ,20220209,120.33,121.88,116.01,121.0,123.97,-2.97,-2.3957,86668.72,1035067.734,1.5762,3.7309,2.35,129.6693,97.2083,12.8828,9.882,7.6316,0.2456,0.2456,55527.4,54985.0,23230.12,6718815.4,6653185.0,136.37,111.57,1.024
002920,德赛西威,汽车配件,广东,20171226,002920.SZ,20220208,133.88,136.14,123.97,123.97,137.74,-13.77,-9.9971,51020.43,648896.555,0.9279,2.1963,1.5,132.8521,99.5943,13.199,10.1245,7.819,0.2397,0.2397,55527.4,54985.0,23230.12,6883731.778,6816490.45,151.51,123.97,1.024
002920,德赛西威,汽车配件,广东,20171226,002920.SZ,20220207,140.41,144.5,136.22,137.74,137.0,0.74,0.5401,32665.21,457006.744,0.5941,1.4062,0.95,147.6087,110.6567,14.6651,11.2491,8.6875,0.2157,0.2157,55527.4,54985.0,23230.12,7648344.076,7573633.9,150.7,123.3,1.024
002920,德赛西威,汽车配件,广东,20171226,002920.SZ,20220128,142.0,142.61,136.0,137.0,140.8,-3.8,-2.6989,35658.16,496206.194,0.6485,1.535,1.02,146.8157,110.0622,14.5863,11.1887,8.6408,0.2169,0.2169,55527.4,54985.0,23230.12,7607253.8,7532945.0,154.88,126.72,1.024
002920,德赛西威,汽车配件,广东,20171226,002920.SZ,20220127,144.89,146.45,140.0,140.8,144.88,-4.08,-2.8161,35185.45,503434.748,0.6399,1.5146,1.02,150.888,113.1151,14.9909,11.499,8.8804,0.211,0.211,55527.4,54985.0,23230.12,7818257.92,7741888.0,159.37,130.39,1.024
002920,德赛西威,汽车配件,广东,20171226,002920.SZ,20220126,141.63,147.5,141.5,144.88,141.0,3.88,2.7518,29851.94,432725.78,0.5429,1.2851,0.79,155.2603,116.3928,15.4253,11.8322,9.1378,0.2051,0.2051,55527.4,54985.0,23230.12,8044809.712,7966226.8,155.1,126.9,1.024
002920,德赛西威,汽车配件,广东,20171226,002920.SZ,20220125,147.0,147.8,139.9,141.0,148.32,-7.32,-4.9353,36400.94,522657.907,0.662,1.567,0.99,151.1023,113.2757,15.0122,11.5154,8.8931,0.2107,0.2107,55527.4,54985.0,23230.12,7829363.4,7752885.0,163.15,133.49,1.024
002920,德赛西威,汽车配件,广东,20171226,002920.SZ,20220124,143.68,150.26,143.67,148.32,145.81,2.51,1.7214,34941.39,515240.696,0.6355,1.5041,0.8,158.9467,119.1564,15.7915,12.1132,9.3547,0.2003,0.2003,55527.4,54985.0,23230.12,8235823.968,8155375.2,160.39,131.23,1.024
002920,德赛西威,汽车配件,广东,20171226,002920.SZ,20220121,144.25,149.0,142.05,145.81,146.19,-0.38,-0.2599,39094.38,568464.496,0.711,1.6829,0.81,156.2569,117.14,15.5243,11.9082,9.1964,0.2038,0.2038,55527.4,54985.0,23230.12,8096450.194,8017362.85,160.81,131.57,1.024
002920,德赛西威,汽车配件,广东,20171226,002920.SZ,20220120,149.15,152.33,145.91,146.19,149.49,-3.3,-2.2075,32792.15,486126.02,0.5964,1.4116,0.61,156.6641,117.4452,15.5648,11.9392,9.2204,0.2033,0.2033,55527.4,54985.0,23230.12,8117550.606,8038257.15,164.44,134.54,1.024
002920,德赛西威,汽车配件,广东,20171226,002920.SZ,20220119,151.0,152.07,145.9,149.49,152.18,-2.69,-1.7676,44562.04,662053.731,0.8104,1.9183,0.79,160.2006,120.0964,15.9161,12.2087,9.4285,0.1988,0.1988,55527.4,54985.0,23230.12,8300791.026,8219707.65,167.4,136.96,1.024
002920,德赛西威,汽车配件,广东,20171226,002920.SZ,20220118,151.26,155.26,149.0,152.18,151.22,0.96,0.6348,32208.75,490207.044,0.5858,1.3865,0.5,163.0833,122.2575,16.2025,12.4284,9.5982,0.1953,0.1953,55527.4,54985.0,23230.12,8450159.732,8367617.3,166.34,136.1,1.024
002920,德赛西威,汽车配件,广东,20171226,002920.SZ,20220117,149.02,158.99,146.56,151.22,149.02,2.2,1.4763,70097.03,1078444.841,1.2748,3.0175,1.15,162.0545,121.4862,16.1003,12.35,9.5377,0.1965,0.1965,55527.4,54985.0,23230.12,8396853.428,8314831.7,163.92,134.12,1.024
002920,德赛西威,汽车配件,广东,20171226,002920.SZ,20220114,145.01,150.39,142.2,149.02,145.82,3.2,2.1945,61422.31,914247.188,1.1171,2.6441,1.02,159.6969,119.7188,15.8661,12.1703,9.3989,0.1994,0.1994,55527.4,54985.0,23230.12,8274693.148,8193864.7,160.4,131.24,1.024
002920,德赛西威,汽车配件,广东,20171226,002920.SZ,20220113,144.0,148.5,137.51,145.82,142.13,3.69,2.5962,62145.34,902061.211,1.1302,2.6752,0.91,156.2676,117.148,15.5254,11.909,9.1971,0.2038,0.2038,55527.4,54985.0,23230.12,8097005.468,8017912.7,156.34,127.92,1.024
002920,德赛西威,汽车配件,广东,20171226,002920.SZ,20220112,140.0,143.4,138.99,142.13,137.0,5.13,3.7445,55005.44,780010.51,1.0004,2.3679,0.8,152.3133,114.1835,15.1325,11.6076,8.9643,0.2091,0.2091,55527.4,54985.0,23230.12,7892109.362,7815018.05,150.7,123.3,1.024
002920,德赛西威,汽车配件,广东,20171226,002920.SZ,20220111,146.45,147.68,134.85,137.0,139.7,-2.7,-1.9327,75511.26,1057272.431,1.3733,3.2506,1.18,146.8157,110.0622,14.5863,11.1887,8.6408,0.2169,0.2169,55527.4,54985.0,23230.12,7607253.8,7532945.0,153.67,125.73,1.024
002920,德赛西威,汽车配件,广东,20171226,002920.SZ,20220110,131.56,143.27,131.31,139.7,133.45,6.25,4.6834,49597.5,690161.382,0.902,2.1351,0.78,149.7091,112.2313,14.8738,11.4092,8.8111,0.2127,0.2127,55527.4,54985.0,23230.12,7757177.78,7681404.5,146.8,120.11,1.024
002920,德赛西威,汽车配件,广东,20171226,002920.SZ,20220107,141.71,141.99,130.1,133.45,137.9,-4.45,-3.227,59079.79,790690.574,1.0745,2.5432,0.96,143.0114,107.2103,14.2083,10.8988,8.4169,0.2227,0.2227,55527.4,54985.0,23230.12,7410131.53,7337748.25,151.69,124.11,1.024
002920,德赛西威,汽车配件,广东,20171226,002920.SZ,20220106,125.71,139.88,125.71,137.9,130.38,7.52,5.7678,103991.18,1413324.722,1.8913,4.4766,1.97,147.7802,110.7853,14.6821,11.2622,8.6975,0.2155,0.2155,55527.4,54985.0,23230.12,7657228.46,7582431.5,143.42,117.34,1.024
002920,德赛西威,汽车配件,广东,20171226,002920.SZ,20220105,132.58,136.5,126.38,130.38,132.9,-2.52,-1.8962,53773.42,700445.38,0.978,2.3148,1.07,139.7214,104.7439,13.8815,10.648,8.2232,0.2279,0.2279,55527.4,54985.0,23230.12,7239662.412,7168944.3,146.19,119.61,1.024
002920,德赛西威,汽车配件,广东,20171226,002920.SZ,20220104,141.0,142.21,132.66,132.9,141.51,-8.61,-6.0844,53607.42,723336.058,0.9749,2.3077,1.03,142.4219,106.7684,14.1498,10.8538,8.3822,0.2236,0.2236,55527.4,54985.0,23230.12,7379591.46,7307506.5,155.66,127.36,1.024
002920,德赛西威,汽车配件,广东,20171226,002920.SZ,20211231,142.74,144.94,134.2,141.51,142.01,-0.5,-0.3521,48444.94,673338.656,0.8811,2.0854,0.99,151.6488,113.6855,15.0665,11.557,8.9252,0.14,0.21,55527.4,54985.0,23230.12,7857682.374,7780927.35,156.21,127.81,1.024
002920,德赛西威,汽车配件,广东,20171226,002920.SZ,20211230,143.1,145.39,141.13,142.01,142.0,0.01,0.007,49082.23,700846.739,0.8926,2.1129,1.05,152.1847,114.0871,15.1197,11.5978,8.9568,0.1395,0.2092,55527.4,54985.0,23230.12,7885446.074,7808419.85,156.2,127.8,1.024
002920,德赛西威,汽车配件,广东,20171226,002920.SZ,20211229,147.01,148.0,137.27,142.0,146.52,-4.52,-3.0849,58761.58,833113.004,1.0687,2.5295,1.27,152.1739,114.0791,15.1187,11.597,8.9561,0.1395,0.2093,55527.4,54985.0,23230.12,7884890.8,7807870.0,161.17,131.87,1.024
002920,德赛西威,汽车配件,广东,20171226,002920.SZ,20211228,147.5,149.3,145.52,146.52,146.33,0.19,0.1298,40835.95,600638.306,0.7427,1.7579,0.89,155.5264,116.5923,16.2405,11.8525,9.1534,0.1365,0.2048,55000.0,54985.0,23230.12,8058600.0,8056402.2,160.96,131.7,1.024
002920,德赛西威,汽车配件,广东,20171226,002920.SZ,20211227,156.0,157.44,144.44,146.33,158.0,-11.67,-7.3861,62491.69,934448.596,1.1365,2.6901,1.48,155.3247,116.4412,16.2195,11.8371,9.1416,0.1367,0.205,55000.0,54985.0,23230.12,8048150.0,8045955.05,173.8,142.2,1.024
002920,德赛西威,汽车配件,广东,20171226,002920.SZ,20211224,161.58,162.76,156.5,158.0,161.58,-3.58,-2.2156,32976.8,524868.272,0.5997,1.4196,0.82,167.7121,125.7275,17.513,12.7812,9.8706,0.1266,0.1899,55000.0,54985.0,23230.12,8690000.0,8687630.0,177.74,145.42,1.024
002920,德赛西威,汽车配件,广东,20171226,002920.SZ,20211223,157.27,165.5,155.95,161.58,157.28,4.3,2.734,38848.89,628241.731,0.7065,1.6723,0.99,171.5121,128.5762,17.9098,13.0708,10.0943,0.1238,0.1857,55000.0,54985.0,23230.12,8886900.0,8884476.3,173.01,141.55,1.024
002920,德赛西威,汽车配件,广东,20171226,002920.SZ,20211222,154.75,160.85,152.6,157.28,152.38,4.9,3.2156,55385.37,867809.766,1.0073,2.3842,1.66,166.9478,125.1545,17.4332,12.7229,9.8256,0.1272,0.1907,55000.0,54985.0,23230.12,8650400.0,8648040.8,167.62,137.14,1.024
002920,德赛西威,汽车配件,广东,20171226,002920.SZ,20211221,140.42,152.38,139.5,152.38,138.53,13.85,9.9978,39840.9,594241.788,0.7246,1.7151,1.16,161.7466,121.2554,16.8901,12.3266,9.5195,0.1313,0.1969,55000.0,54985.0,23230.12,8380900.0,8378614.3,152.38,124.68,1.024
002920,德赛西威,汽车配件,广东,20171226,002920.SZ,20211220,136.92,145.29,135.95,138.53,137.74,0.79,0.5735,44290.58,623668.221,0.8055,1.9066,1.27,147.0453,110.2344,15.3549,11.2062,8.6543,0.1444,0.2166,55000.0,54985.0,23230.12,7619150.0,7617072.05,151.51,123.97,1.024
002920,德赛西威,汽车配件,广东,20171226,002920.SZ,20211217,140.75,141.8,135.45,137.74,142.01,-4.27,-3.0068,22521.4,310478.173,0.4096,0.9695,0.55,146.2067,109.6057,15.2673,11.1423,8.6049,0.1452,0.2178,55000.0,54985.0,23230.12,7575700.0,7573633.9,156.21,127.81,1.024
002920,德赛西威,汽车配件,广东,20171226,002920.SZ,20211216,138.45,144.3,137.42,142.01,138.88,3.13,2.2537,34890.48,491525.656,0.6345,1.502,0.84,150.7392,113.0035,15.7406,11.4877,8.8717,0.1408,0.2113,55000.0,54985.0,23230.12,7810550.0,7808419.85,152.77,124.99,1.024
002920,德赛西威,汽车配件,广东,20171226,002920.SZ,20211215,138.87,141.2,137.04,138.88,139.67,-0.79,-0.5656,25073.92,348089.561,0.456,1.0794,0.48,147.4168,110.5129,15.3937,11.2345,8.6762,0.144,0.216,55000.0,54985.0,23230.12,7638400.0,7636316.8,153.64,125.7,1.024
002920,德赛西威,汽车配件,广东,20171226,002920.SZ,20211214,135.27,141.75,134.5,139.67,136.57,3.1,2.2699,44531.82,620625.65,0.8099,1.917,0.68,148.2554,111.1415,15.4813,11.2984,8.7255,0.1432,0.2148,55000.0,54985.0,23230.12,7681850.0,7679754.95,150.23,122.91,1.024
002920,德赛西威,汽车配件,广东,20171226,002920.SZ,20211213,133.0,142.67,132.22,136.57,134.36,2.21,1.6448,48008.01,662558.611,0.8731,2.0666,0.73,144.9648,108.6747,15.1377,11.0476,8.5318,0.1464,0.2197,55000.0,54985.0,23230.12,7511350.0,7509301.45,147.8,120.92,1.024
002920,德赛西威,汽车配件,广东,20171226,002920.SZ,20211210,132.69,138.0,128.69,134.36,132.74,1.62,1.2204,50532.5,677691.967,0.919,2.1753,0.75,142.619,106.9161,14.8927,10.8689,8.3938,0.1489,0.2233,55000.0,54985.0,23230.12,7389800.0,7387784.6,146.01,119.47,1.024
002920,德赛西威,汽车配件,广东,20171226,002920.SZ,20211209,134.33,135.8,131.5,132.74,133.8,-1.06,-0.7922,40305.24,536258.013,0.733,1.735,0.53,140.8994,105.627,14.7131,10.7378,8.2926,0.1507,0.226,55000.0,54985.0,23230.12,7300700.0,7298708.9,147.18,120.42,1.024
002920,德赛西威,汽车配件,广东,20171226,002920.SZ,20211208,134.28,136.88,131.5,133.8,131.74,2.06,1.5637,77337.8,1038596.748,1.4065,3.3292,1.11,142.0245,106.4705,14.8306,10.8236,8.3588,0.1495,0.2242,55000.0,54985.0,23230.12,7359000.0,7356993.0,144.91,118.57,1.024
002920,德赛西威,汽车配件,广东,20171226,002920.SZ,20211207,144.04,145.0,128.34,131.74,142.6,-10.86,-7.6157,110899.62,1470996.977,2.0169,4.774,1.73,139.8379,104.8313,14.6023,10.6569,8.2301,0.1518,0.2277,55000.0,54985.0,23230.12,7245700.0,7243723.9,156.86,128.34,1.024
002920,德赛西威,汽车配件,广东,20171226,002920.SZ,20211206,140.92,147.64,138.68,142.6,141.13,1.47,1.0416,50979.87,734039.344,0.9272,2.1946,0.69,151.3655,113.473,15.806,11.5354,8.9086,0.1403,0.2104,55000.0,54985.0,23230.12,7843000.0,7840861.0,155.24,127.02,1.024
002920,德赛西威,汽车配件,广东,20171226,002920.SZ,20211203,141.09,145.39,139.77,141.13,142.8,-1.67,-1.1695,59475.27,841336.445,1.0817,2.5603,0.81,149.8051,112.3033,15.6431,11.4165,8.8167,0.1417,0.2126,55000.0,54985.0,23230.12,7762150.0,7760033.05,157.08,128.52,1.024
002920,德赛西威,汽车配件,广东,20171226,002920.SZ,20211202,133.24,145.0,132.0,142.8,133.06,9.74,7.32,79695.02,1120150.009,1.4494,3.4307,1.18,151.5778,113.6322,15.8282,11.5516,8.921,0.1401,0.2101,55000.0,54985.0,23230.12,7854000.0,7851858.0,146.37,119.75,1.024
002920,德赛西威,汽车配件,广东,20171226,002920.SZ,20211201,139.03,139.87,131.25,133.06,139.03,-5.97,-4.294,48872.08,654282.773,0.8888,2.1038,0.71,141.2391,105.8816,14.7486,10.7637,8.3126,0.1503,0.2255,55000.0,54985.0,23230.12,7318300.0,7316304.1,152.93,125.13,1.024
002920,德赛西威,汽车配件,广东,20171226,002920.SZ,20211130,142.0,145.63,137.69,139.03,142.07,-3.04,-2.1398,80930.21,1133617.772,1.4719,3.4838,1.22,147.576,110.6322,15.4103,11.2466,8.6855,0.1439,0.2158,55000.0,54985.0,23230.12,7646650.0,7644564.55,156.28,127.86,1.024
002920,德赛西威,汽车配件,广东,20171226,002920.SZ,20211129,128.52,142.07,127.75,142.07,129.15,12.92,10.0039,100337.91,1389608.117,1.8248,4.3193,1.67,150.8029,113.0513,15.7473,11.4925,8.8754,0.1408,0.2112,55000.0,54985.0,23230.12,7813850.0,7811718.95,142.07,116.24,1.024
002920,德赛西威,汽车配件,广东,20171226,002920.SZ,20211126,133.64,135.58,128.2,129.15,133.64,-4.49,-3.3598,56165.26,733686.817,1.0215,2.4178,0.95,137.0887,102.7703,14.3152,10.4474,8.0683,0.1549,0.2323,55000.0,54985.0,23230.12,7103250.0,7101312.75,147.0,120.28,1.024
002920,德赛西威,汽车配件,广东,20171226,002920.SZ,20211125,132.7,138.5,132.03,133.64,132.7,0.94,0.7084,51991.67,702539.942,0.9456,2.2381,0.93,141.8547,106.3432,14.8129,10.8106,8.3488,0.1497,0.2245,55000.0,54985.0,23230.12,7350200.0,7348195.4,145.97,119.43,1.024
002920,德赛西威,汽车配件,广东,20171226,002920.SZ,20211124,135.48,136.0,130.41,132.7,134.84,-2.14,-1.5871,55315.24,733478.267,1.006,2.3812,1.09,140.8569,105.5952,14.7087,10.7346,8.2901,0.1507,0.2261,55000.0,54985.0,23230.12,7298500.0,7296509.5,148.32,121.36,1.024
002920,德赛西威,汽车配件,广东,20171226,002920.SZ,20211123,135.9,139.4,132.59,134.84,137.71,-2.87,-2.0841,67356.05,909942.086,1.225,2.8995,1.62,143.1285,107.2981,14.9459,10.9077,8.4238,0.1483,0.2225,55000.0,54985.0,23230.12,7416200.0,7414177.4,151.48,123.94,1.024
002920,德赛西威,汽车配件,广东,20171226,002920.SZ,20211122,126.72,137.71,126.72,137.71,125.19,12.52,10.0008,70370.28,936694.039,1.2798,3.0293,2.19,146.1749,109.5818,15.264,11.1398,8.6031,0.1452,0.2178,55000.0,54985.0,23230.12,7574050.0,7571984.35,137.71,112.67,1.024
002920,德赛西威,汽车配件,广东,20171226,002920.SZ,20211119,114.5,125.19,114.49,125.19,113.81,11.38,9.9991,50242.09,613044.019,0.9137,2.1628,1.72,132.8853,99.6191,13.8763,10.1271,7.8209,0.1598,0.2396,55000.0,54985.0,23230.12,6885450.0,6883572.15,125.19,102.43,1.024
002920,德赛西威,汽车配件,广东,20171226,002920.SZ,20211118,112.49,115.34,108.0,113.81,112.0,1.81,1.6161,35522.63,397199.23,0.646,1.5292,1.34,120.8058,90.5636,12.6149,9.2065,7.11,0.1757,0.2636,55000.0,54985.0,23230.12,6259550.0,6257842.85,123.2,100.8,1.024
002920,德赛西威,汽车配件,广东,20171226,002920.SZ,20211117,109.73,112.57,108.26,112.0,108.26,3.74,3.4546,30637.39,340489.304,0.5572,1.3189,1.2,118.8845,89.1233,12.4143,9.0601,6.9969,0.1786,0.2679,55000.0,54985.0,23230.12,6160000.0,6158320.0,119.09,97.43,1.024
002920,德赛西威,汽车配件,广东,20171226,002920.SZ,20211116,110.6,111.52,107.81,108.26,109.52,-1.26,-1.1505,21076.85,229742.289,0.3833,0.9073,0.86,114.9146,86.1472,11.9997,8.7575,6.7633,0.1847,0.2771,55000.0,54985.0,23230.12,5954300.0,5952676.1,120.47,98.57,1.024
002920,德赛西威,汽车配件,广东,20171226,002920.SZ,20211115,112.97,113.5,109.01,109.52,110.79,-1.27,-1.1463,23349.92,259569.514,0.4247,1.0052,0.91,116.2521,87.1498,12.1394,8.8595,6.842,0.1826,0.2739,55000.0,54985.0,23230.12,6023600.0,6021957.2,121.87,99.71,1.024
002920,德赛西威,汽车配件,广东,20171226,002920.SZ,20211112,110.96,114.43,108.37,110.79,111.0,-0.21,-0.1892,35201.27,387911.186,0.6402,1.5153,1.52,117.6001,88.1604,12.2802,8.9622,6.9213,0.1805,0.2708,55000.0,54985.0,23230.12,6093450.0,6091788.15,122.1,99.9,1.024
002920,德赛西威,汽车配件,广东,20171226,002920.SZ,20211111,113.18,113.51,110.0,111.0,112.6,-1.6,-1.421,22326.0,248853.627,0.406,0.9611,0.86,117.8231,88.3275,12.3034,8.9792,6.9344,0.1802,0.2703,55000.0,54985.0,23230.12,6105000.0,6103335.0,123.86,101.34,1.024
002920,德赛西威,汽车配件,广东,20171226,002920.SZ,20211110,114.68,115.41,110.81,112.6,114.69,-2.09,-1.8223,25982.86,292629.387,0.4725,1.1185,0.95,119.5214,89.6007,12.4808,9.1086,7.0344,0.1776,0.2664,55000.0,54985.0,23230.12,6193000.0,6191311.0,126.16,103.22,1.024
002920,德赛西威,汽车配件,广东,20171226,002920.SZ,20211109,112.44,115.22,112.4,114.69,113.1,1.59,1.4058,15605.28,178519.076,0.2838,0.6718,0.51,121.7399,91.2638,12.7124,9.2777,7.165,0.1744,0.2616,55000.0,54985.0,23230.12,6307950.0,6306229.65,124.41,101.79,1.024
002920,德赛西威,汽车配件,广东,20171226,002920.SZ,20211108,111.89,115.28,109.45,113.1,111.9,1.2,1.0724,28932.77,324510.601,0.5262,1.2455,0.89,120.0521,89.9986,12.5362,9.1491,7.0656,0.1768,0.2653,55000.0,54985.0,23230.12,6220500.0,6218803.5,123.09,100.71,1.024
002920,德赛西威,汽车配件,广东,20171226,002920.SZ,20211105,112.37,116.38,110.84,111.9,112.37,-0.47,-0.4183,22572.79,256516.675,0.4105,0.9717,0.66,118.7784,89.0437,12.4032,9.052,6.9907,0.1787,0.2681,55000.0,54985.0,23230.12,6154500.0,6152821.5,123.61,101.13,1.024
002920,德赛西威,汽车配件,广东,20171226,002920.SZ,20211104,109.85,113.42,108.5,112.37,109.69,2.68,2.4432,36737.92,408180.405,0.6681,1.5815,1.07,119.2773,89.4177,12.4553,9.09,7.02,0.178,0.267,55000.0,54985.0,23230.12,6180350.0,6178664.45,120.66,98.72,1.024
002920,德赛西威,汽车配件,广东,20171226,002920.SZ,20211103,110.5,112.0,106.9,109.69,110.05,-0.36,-0.3271,33119.99,361398.989,0.6023,1.4257,0.98,116.4325,87.2851,12.1582,8.8732,6.8526,0.1823,0.2735,55000.0,54985.0,23230.12,6032950.0,6031304.65,121.06,99.05,1.024
002920,德赛西威,汽车配件,广东,20171226,002920.SZ,20211102,111.04,114.1,109.02,110.05,111.04,-0.99,-0.8916,32330.8,359890.384,0.588,1.3918,1.01,116.8147,87.5716,12.1981,8.9023,6.8751,0.1817,0.2726,55000.0,54985.0,23230.12,6052750.0,6051099.25,122.14,99.94,1.024
002920,德赛西威,汽车配件,广东,20171226,002920.SZ,20211101,106.53,112.95,105.88,111.04,107.35,3.69,3.4374,36941.77,409073.396,0.6719,1.5903,1.35,117.8655,88.3594,12.3079,8.9824,6.9369,0.1801,0.2702,55000.0,54985.0,23230.12,6107200.0,6105534.4,118.09,96.62,1.024
002920,德赛西威,汽车配件,广东,20171226,002920.SZ,20211029,104.98,110.5,103.15,107.35,106.0,1.35,1.2736,30980.63,332862.15,0.5634,1.3336,1.26,113.9487,85.4231,11.8989,8.6839,6.7064,0.1863,0.2795,55000.0,54985.0,23230.12,5904250.0,5902639.75,116.6,95.4,1.024
002920,德赛西威,汽车配件,广东,20171226,002920.SZ,20211028,101.01,108.88,100.6,106.0,102.13,3.87,3.7893,38292.62,404312.354,0.6964,1.6705,1.74,112.5157,88.5721,12.0426,8.5747,7.0364,0.1887,0.283,55000.0,54985.0,22922.5,5830000.0,5828410.0,112.34,91.92,1.024
002920,德赛西威,汽车配件,广东,20171226,002920.SZ,20211027,99.9,102.48,98.0,102.13,99.37,2.76,2.7775,30202.93,303817.512,0.5493,1.3176,1.5,108.4078,85.3384,11.6029,8.2617,6.7795,0.1958,0.2937,55000.0,54985.0,22922.5,5617150.0,5615618.05,109.31,89.43,1.024
002920,德赛西威,汽车配件,广东,20171226,002920.SZ,20211026,99.0,100.62,96.8,99.37,97.85,1.52,1.5534,23497.96,232012.554,0.4274,1.0251,1.06,105.4782,83.0321,11.2893,8.0384,6.5963,0.2013,0.3019,55000.0,54985.0,22922.5,5465350.0,5463859.45,107.64,88.07,1.024
002920,德赛西威,汽车配件,广东,20171226,002920.SZ,20211025,96.93,98.49,96.1,97.85,96.93,0.92,0.9491,14205.88,138372.426,0.2584,0.6197,0.52,103.8647,81.7621,11.1167,7.9154,6.4954,0.2044,0.3066,55000.0,54985.0,22922.5,5381750.0,5380282.25,106.62,87.24,1.024
002920,德赛西威,汽车配件,广东,20171226,002920.SZ,20211022,96.88,98.5,95.0,96.93,96.88,0.05,0.0516,16317.21,158382.513,0.2968,0.7118,0.46,102.8882,80.9933,11.0121,7.841,6.4343,0.2063,0.3095,55000.0,54985.0,22922.5,5331150.0,5329696.05,106.57,87.19,1.024
002920,德赛西威,汽车配件,广东,20171226,002920.SZ,20211021,96.0,98.97,95.02,96.88,94.85,2.03,2.1402,25713.28,249599.514,0.4676,1.1217,0.68,102.8351,80.9515,11.0065,7.837,6.431,0.2064,0.3097,55000.0,54985.0,22922.5,5328400.0,5326946.8,104.34,85.37,1.024
002920,德赛西威,汽车配件,广东,20171226,002920.SZ,20211020,94.86,96.0,93.8,94.85,94.88,-0.03,-0.0316,20831.46,198152.616,0.3789,0.9088,0.54,100.6803,79.2553,10.7758,7.6728,6.2963,0.2109,0.3163,55000.0,54985.0,22922.5,5216750.0,5215327.25,104.37,85.39,1.024
002920,德赛西威,汽车配件,广东,20171226,002920.SZ,20211019,91.21,95.85,89.97,94.88,90.3,4.58,5.072,33568.37,315939.913,0.6105,1.4644,0.9,100.7122,79.2804,10.7792,7.6752,6.2983,0.2108,0.3162,55000.0,54985.0,22922.5,5218400.0,5216976.8,99.33,81.27,1.024
002920,德赛西威,汽车配件,广东,20171226,002920.SZ,20211018,94.54,95.47,89.53,90.3,94.44,-4.14,-4.3837,41248.1,376764.535,0.7502,1.7995,1.13,95.8506,75.4534,10.2589,7.3047,5.9942,0.2215,0.3322,55000.0,54985.0,22922.5,4966500.0,4965145.5,103.88,85.0,1.024
002920,德赛西威,汽车配件,广东,20171226,002920.SZ,20211015,89.55,99.5,89.55,94.44,90.45,3.99,4.4113,57864.92,550748.992,1.0524,2.5244,1.86,100.2451,78.9127,10.7293,7.6396,6.2691,0.2118,0.3177,55000.0,54985.0,22922.5,5194200.0,5192783.4,99.5,81.41,1.024
002920,德赛西威,汽车配件,广东,20171226,002920.SZ,20211014,91.45,91.9,88.62,90.45,88.62,1.83,2.065,35698.83,323893.05,0.6492,1.5574,1.1,96.0099,75.5787,10.2759,7.3168,6.0042,0.2211,0.3317,55000.0,54985.0,22922.5,4974750.0,4973393.25,97.48,79.76,1.024
002920,德赛西威,汽车配件,广东,20171226,002920.SZ,20211013,87.99,90.1,87.0,88.62,88.08,0.54,0.6131,26088.28,231612.806,0.4745,1.1381,0.75,94.0674,74.0496,10.068,7.1688,5.8827,0.2257,0.3385,55000.0,54985.0,22922.5,4874100.0,4872770.7,96.89,79.27,1.024
002920,德赛西威,汽车配件,广东,20171226,002920.SZ,20211012,90.44,90.99,86.73,88.08,90.0,-1.92,-2.1333,25145.02,224028.428,0.4573,1.097,0.71,93.4942,73.5984,10.0067,7.1251,5.8469,0.2271,0.3406,55000.0,54985.0,22922.5,4844400.0,4843078.8,99.0,81.0,1.024
002920,德赛西威,汽车配件,广东,20171226,002920.SZ,20211011,85.99,91.0,84.55,90.0,85.57,4.43,5.177,38462.62,342833.354,0.6995,1.6779,1.2,95.5322,75.2027,10.2248,7.2804,5.9743,0.2222,0.3333,55000.0,54985.0,22922.5,4950000.0,4948650.0,94.13,77.01,1.024
002920,德赛西威,汽车配件,广东,20171226,002920.SZ,20211008,85.16,86.91,83.0,85.57,84.08,1.49,1.7721,30340.72,258607.133,0.5518,1.3236,1.03,90.8299,71.5011,9.7215,6.9221,5.6803,0.2337,0.3506,55000.0,54985.0,22922.5,4706350.0,4705066.45,92.49,75.67,1.024
002920,德赛西威,汽车配件,广东,20171226,002920.SZ,20210930,80.01,85.4,79.8,84.08,80.65,3.43,4.2529,42100.06,348047.194,0.7657,1.8366,1.58,89.2483,70.256,9.5523,6.8015,5.5813,0.2379,0.3568,55000.0,54985.0,22922.5,4624400.0,4623138.8,88.72,72.59,1.024
002920,德赛西威,汽车配件,广东,20171226,002920.SZ,20210929,81.5,81.64,77.88,80.65,80.05,0.6,0.7495,37215.68,298399.42,0.6768,1.6235,1.48,85.6075,67.39,9.1626,6.5241,5.3537,0.248,0.372,55000.0,54985.0,22922.5,4435750.0,4434540.25,88.06,72.05,1.024
002920,德赛西威,汽车配件,广东,20171226,002920.SZ,20210928,77.13,80.33,76.42,80.05,78.9,1.15,1.4575,29073.33,230496.731,0.5288,1.2683,0.95,84.9706,66.8886,9.0944,6.4755,5.3138,0.2498,0.3748,55000.0,54985.0,22922.5,4402750.0,4401549.25,86.79,71.01,1.024
002920,德赛西威,汽车配件,广东,20171226,002920.SZ,20210927,80.22,80.22,76.85,78.9,78.7,0.2,0.2541,21147.79,165772.539,0.3846,0.9226,0.62,83.7499,65.9277,8.9638,6.3825,5.2375,0.2535,0.3802,55000.0,54985.0,22922.5,4339500.0,4338316.5,86.57,70.83,1.024
002920,德赛西威,汽车配件,广东,20171226,002920.SZ,20210924,80.05,80.2,78.37,78.7,80.05,-1.35,-1.6864,17514.71,138573.701,0.3185,0.7641,0.48,83.5376,65.7606,8.941,6.3663,5.2242,0.2541,0.3812,55000.0,54985.0,22922.5,4328500.0,4327319.5,88.06,72.05,1.024
002920,德赛西威,汽车配件,广东,20171226,002920.SZ,20210923,79.01,83.2,78.31,80.05,79.09,0.96,1.2138,28248.31,228235.715,0.5137,1.2323,0.72,84.9706,66.8886,9.0944,6.4755,5.3138,0.2498,0.3748,55000.0,54985.0,22922.5,4402750.0,4401549.25,87.0,71.18,1.024
002920,德赛西威,汽车配件,广东,20171226,002920.SZ,20210922,76.41,79.98,74.88,79.09,78.36,0.73,0.9316,30145.03,234145.172,0.5482,1.3151,0.77,83.9516,66.0865,8.9853,6.3979,5.2501,0.2529,0.3793,55000.0,54985.0,22922.5,4349950.0,4348763.65,86.2,70.52,1.024
002920,德赛西威,汽车配件,广东,20171226,002920.SZ,20210917,77.2,79.0,71.96,78.36,76.9,1.46,1.8986,55448.6,416084.272,1.0084,2.419,1.66,83.1767,65.4765,8.9024,6.3388,5.2016,0.2552,0.3828,55000.0,54985.0,22922.5,4309800.0,4308624.6,84.59,69.21,1.024
002920,德赛西威,汽车配件,广东,20171226,002920.SZ,20210916,80.45,80.72,76.77,76.9,81.08,-4.18,-5.1554,38067.69,297326.752,0.6923,1.6607,1.2,81.627,64.2565,8.7365,6.2207,5.1047,0.2601,0.3901,55000.0,54985.0,22922.5,4229500.0,4228346.5,89.19,72.97,1.024
002920,德赛西威,汽车配件,广东,20171226,002920.SZ,20210915,83.38,83.54,80.66,81.08,83.45,-2.37,-2.84,29490.62,239786.84,0.5363,1.2865,0.91,86.0639,67.7493,9.2114,6.5588,5.3822,0.2467,0.37,55000.0,54985.0,22922.5,4459400.0,4458183.8,91.8,75.11,1.024
002920,德赛西威,汽车配件,广东,20171226,002920.SZ,20210914,81.27,87.49,80.66,83.45,81.43,2.02,2.4807,42900.43,364968.233,0.7802,1.8715,1.44,88.5796,69.7296,9.4807,6.7506,5.5395,0.2397,0.3595,55000.0,54985.0,22922.5,4589750.0,4588498.25,89.57,73.29,1.024
002920,德赛西威,汽车配件,广东,20171226,002920.SZ,20210913,83.0,84.2,80.8,81.43,82.59,-1.16,-1.4045,30321.69,247423.337,0.5515,1.3228,0.94,86.4354,68.0417,9.2512,6.5872,5.4054,0.2456,0.3684,55000.0,54985.0,22922.5,4478650.0,4477428.55,90.85,74.33,1.024
002920,德赛西威,汽车配件,广东,20171226,002920.SZ,20210910,81.4,83.85,80.36,82.59,81.75,0.84,1.0275,26685.16,218762.086,0.4853,1.1641,0.8,87.6667,69.011,9.383,6.681,5.4824,0.2422,0.3632,55000.0,54985.0,22922.5,4542450.0,4541211.15,89.93,73.58,1.024
002920,德赛西威,汽车配件,广东,20171226,002920.SZ,20210909,82.0,83.4,81.09,81.75,82.38,-0.63,-0.7647,29759.8,243548.931,0.5412,1.2983,0.89,86.7751,68.3091,9.2875,6.613,5.4267,0.2446,0.367,55000.0,54985.0,22922.5,4496250.0,4495023.75,90.62,74.14,1.024
002920,德赛西威,汽车配件,广东,20171226,002920.SZ,20210908,85.13,85.13,82.1,82.38,84.59,-2.21,-2.6126,32324.99,267765.662,0.5879,1.4102,0.98,87.4438,68.8355,9.3591,6.664,5.4685,0.2428,0.3642,55000.0,54985.0,22922.5,4530900.0,4529664.3,93.05,76.13,1.024
002920,德赛西威,汽车配件,广东,20171226,002920.SZ,20210907,86.32,86.9,84.5,84.59,87.0,-2.41,-2.7701,29957.3,255182.348,0.5448,1.3069,0.85,89.7897,70.6822,9.6102,6.8428,5.6152,0.2364,0.3547,55000.0,54985.0,22922.5,4652450.0,4651181.15,95.7,78.3,1.024
002920,德赛西威,汽车配件,广东,20171226,002920.SZ,20210906,81.86,87.53,80.9,87.0,83.03,3.97,4.7814,42228.22,359600.696,0.768,1.8422,1.21,92.3478,72.6959,9.884,7.0377,5.7752,0.2299,0.3448,55000.0,54985.0,22922.5,4785000.0,4783695.0,91.33,74.73,1.024
002920,德赛西威,汽车配件,广东,20171226,002920.SZ,20210903,85.43,86.4,82.88,83.03,85.35,-2.32,-2.7182,32666.51,274443.97,0.5941,1.4251,0.98,88.1338,69.3787,9.433,6.7166,5.5116,0.2409,0.3613,55000.0,54985.0,22922.5,4566650.0,4565404.55,93.89,76.82,1.024
002920,德赛西威,汽车配件,广东,20171226,002920.SZ,20210902,87.74,88.44,84.41,85.35,88.2,-2.85,-3.2313,30322.52,260795.128,0.5515,1.3228,0.93,90.5964,71.3172,9.6965,6.9043,5.6656,0.2343,0.3515,55000.0,54985.0,22922.5,4694250.0,4692969.75,97.02,79.38,1.024
002920,德赛西威,汽车配件,广东,20171226,002920.SZ,20210901,88.2,89.48,86.43,88.2,88.13,0.07,0.0794,29678.22,260750.497,0.5398,1.2947,0.9,93.6216,73.6987,10.0203,7.1348,5.8548,0.2268,0.3401,55000.0,54985.0,22922.5,4851000.0,4849677.0,96.94,79.32,1.024
002920,德赛西威,汽车配件,广东,20171226,002920.SZ,20210831,89.99,92.39,86.8,88.13,89.27,-1.14,-1.277,40856.87,363989.742,0.7431,1.7824,1.11,93.5473,73.6402,10.0124,7.1291,5.8502,0.2269,0.3404,55000.0,54985.0,22922.5,4847150.0,4845828.05,98.2,80.34,1.024
002920,德赛西威,汽车配件,广东,20171226,002920.SZ,20210830,91.5,91.73,86.54,89.27,91.14,-1.87,-2.0518,41577.49,367886.312,0.7562,1.8138,1.2,94.7573,74.5927,10.1419,7.2214,5.9259,0.224,0.3361,55000.0,54985.0,22922.5,4909850.0,4908510.95,100.25,82.03,1.024
002920,德赛西威,汽车配件,广东,20171226,002920.SZ,20210827,90.0,92.75,89.0,91.14,90.07,1.07,1.188,23422.9,212829.879,0.426,1.0218,0.65,96.7423,76.1553,10.3543,7.3726,6.05,0.2194,0.3292,55000.0,54985.0,22922.5,5012700.0,5011332.9,99.08,81.06,1.024
002920,德赛西威,汽车配件,广东,20171226,002920.SZ,20210826,92.5,93.5,89.8,90.07,93.3,-3.23,-3.462,27789.81,253223.255,0.5054,1.2123,0.69,95.6065,75.2612,10.2328,7.2861,5.979,0.222,0.3331,55000.0,54985.0,22922.5,4953850.0,4952498.95,102.63,83.97,1.024
002920,德赛西威,汽车配件,广东,20171226,002920.SZ,20210825,93.1,95.48,90.86,93.3,93.02,0.28,0.301,31778.81,294365.504,0.578,1.3864,0.68,99.0351,77.9601,10.5997,7.5474,6.1934,0.2144,0.3215,55000.0,54985.0,22922.5,5131500.0,5130100.5,102.32,83.72,1.024
002920,德赛西威,汽车配件,广东,20171226,002920.SZ,20210824,94.59,98.49,92.43,93.02,92.88,0.14,0.1507,59033.5,561757.005,1.0736,2.5754,1.43,98.7378,77.7262,10.5679,7.5247,6.1748,0.215,0.3225,55000.0,54985.0,22922.5,5116100.0,5114704.7,102.17,83.59,1.024
002920,德赛西威,汽车配件,广东,20171226,002920.SZ,20210823,91.12,93.85,89.49,92.88,91.05,1.83,2.0099,30827.74,284091.194,0.5607,1.5282,0.63,98.5892,73.915,10.8687,7.5134,6.638,0.2153,0.323,55000.0,54985.0,20172.524,5108400.0,5107006.8,100.16,81.95,1.024
002920,德赛西威,汽车配件,广东,20171226,002920.SZ,20210820,92.69,94.11,89.32,91.05,92.38,-1.33,-1.4397,31271.77,285677.991,0.5687,1.5502,0.64,96.6467,72.4586,10.6546,7.3654,6.5072,0.2197,0.3295,55000.0,54985.0,20172.524,5007750.0,5006384.25,101.62,83.14,1.024
002920,德赛西威,汽车配件,广东,20171226,002920.SZ,20210819,88.32,93.55,88.07,92.38,87.69,4.69,5.3484,47189.46,431215.422,0.8582,2.3393,1.01,98.0585,73.517,10.8102,7.4729,6.6022,0.2165,0.3247,55000.0,54985.0,20172.524,5080900.0,5079514.3,96.46,78.92,1.024
002920,德赛西威,汽车配件,广东,20171226,002920.SZ,20210818,90.0,90.85,85.88,87.69,90.88,-3.19,-3.5101,63923.25,558701.266,1.1626,3.1688,1.51,93.0802,69.7847,10.2614,7.0936,6.2671,0.2281,0.3421,55000.0,54985.0,20172.524,4822950.0,4821634.65,99.97,81.79,1.024
002920,德赛西威,汽车配件,广东,20171226,002920.SZ,20210817,91.27,93.27,90.75,90.88,92.4,-1.52,-1.645,33761.7,309389.231,0.614,1.6736,0.81,96.4663,72.3233,10.6347,7.3516,6.495,0.2201,0.3301,55000.0,54985.0,20172.524,4998400.0,4997036.8,101.64,83.16,1.024
002920,德赛西威,汽车配件,广东,20171226,002920.SZ,20210816,98.45,98.45,91.58,92.4,100.12,-7.72,-7.7107,70354.04,655980.827,1.2795,3.4876,2.07,98.0797,73.533,10.8125,7.4746,6.6037,0.2165,0.3247,55000.0,54985.0,20172.524,5082000.0,5080614.0,110.13,90.11,1.024
002920,德赛西威,汽车配件,广东,20171226,002920.SZ,20210813,103.64,103.66,99.87,100.12,103.8,-3.68,-3.5453,28256.46,285299.318,0.5139,1.4007,0.77,106.2743,79.6766,11.7159,8.0991,7.1554,0.1998,0.2996,55000.0,54985.0,20172.524,5506600.0,5505098.2,114.18,93.42,1.024
002920,德赛西威,汽车配件,广东,20171226,002920.SZ,20210812,100.87,105.36,100.5,103.8,100.87,2.93,2.9047,36321.58,376455.29,0.6606,1.8005,1.06,110.1805,82.6052,12.1465,8.3967,7.4184,0.1927,0.289,55000.0,54985.0,20172.524,5709000.0,5707443.0,110.96,90.78,1.024
002920,德赛西威,汽车配件,广东,20171226,002920.SZ,20210811,104.52,105.0,99.8,100.87,104.2,-3.33,-3.1958,43155.96,437495.966,0.7849,2.1393,1.28,107.0704,80.2735,11.8037,8.1597,7.209,0.1983,0.2974,55000.0,54985.0,20172.524,5547850.0,5546336.95,114.62,93.78,1.024
002920,德赛西威,汽车配件,广东,20171226,002920.SZ,20210810,104.51,104.55,101.82,104.2,103.58,0.62,0.5986,29869.74,308384.391,0.5432,1.4807,0.79,110.6051,82.9235,12.1934,8.4291,7.447,0.1919,0.2879,55000.0,54985.0,20172.524,5731000.0,5729437.0,113.94,93.22,1.024
002920,德赛西威,汽车配件,广东,20171226,002920.SZ,20210809,104.94,106.49,102.8,103.58,105.5,-1.92,-1.8199,32134.36,334526.491,0.5844,1.593,0.78,109.947,82.4301,12.1208,8.379,7.4027,0.1931,0.2896,55000.0,54985.0,20172.524,5696900.0,5695346.3,116.05,94.95,1.024
002920,德赛西威,汽车配件,广东,20171226,002920.SZ,20210806,110.0,110.86,104.51,105.5,109.19,-3.69,-3.3794,41453.28,438283.583,0.7539,2.0549,0.96,111.985,83.9581,12.3455,8.5343,7.5399,0.1896,0.2844,55000.0,54985.0,20172.524,5802500.0,5800917.5,120.11,98.27,1.024
002920,德赛西威,汽车配件,广东,20171226,002920.SZ,20210805,112.01,113.0,108.02,109.19,109.9,-0.71,-0.646,24662.51,269960.457,0.4485,1.2226,0.51,115.9018,86.8946,12.7773,8.8328,7.8036,0.1832,0.2748,55000.0,54985.0,20172.524,6005450.0,6003812.15,120.89,98.91,1.024
002920,德赛西威,汽车配件,广东,20171226,002920.SZ,20210804,111.55,111.55,107.5,109.9,112.3,-2.4,-2.1371,41006.38,448865.998,0.7458,2.0328,0.81,116.6554,87.4597,12.8604,8.8902,7.8544,0.182,0.273,55000.0,54985.0,20172.524,6044500.0,6042851.5,123.53,101.07,1.024
002920,德赛西威,汽车配件,广东,20171226,002920.SZ,20210803,109.0,114.37,106.71,112.3,107.8,4.5,4.1744,48777.74,543164.432,0.8871,2.418,1.04,119.203,89.3696,13.1412,9.0843,8.0259,0.1781,0.2671,55000.0,54985.0,20172.524,6176500.0,6174815.5,118.58,97.02,1.024
002920,德赛西威,汽车配件,广东,20171226,002920.SZ,20210802,103.02,109.5,102.32,107.8,102.59,5.21,5.0785,50361.69,536714.285,0.9159,2.4965,1.13,114.4264,85.7885,12.6146,8.7203,7.7043,0.1855,0.2783,55000.0,54985.0,20172.524,5929000.0,5927383.0,112.85,92.33,1.024
002920,德赛西威,汽车配件,广东,20171226,002920.SZ,20210730,103.11,106.8,101.11,102.59,103.71,-1.12,-1.0799,51827.35,536123.434,0.9426,2.5692,1.27,108.8961,81.6423,12.005,8.2989,7.3319,0.195,0.2924,55000.0,54985.0,20172.524,5642450.0,5640911.15,114.08,93.34,1.024
002920,德赛西威,汽车配件,广东,20171226,002920.SZ,20210729,107.5,108.56,102.8,103.71,105.65,-1.94,-1.8363,48558.42,504384.486,0.8831,2.4072,1.21,110.0849,82.5336,12.136,8.3895,7.412,0.1928,0.2893,55000.0,54985.0,20172.524,5704050.0,5702494.35,116.22,95.09,1.024
002920,德赛西威,汽车配件,广东,20171226,002920.SZ,20210728,105.13,106.7,99.02,105.65,105.6,0.05,0.0473,52347.45,542195.601,0.952,2.595,1.3,112.1442,84.0775,12.363,8.5464,7.5506,0.1893,0.284,55000.0,54985.0,20172.524,5810750.0,5809165.25,116.16,95.04,1.024
002920,德赛西威,汽车配件,广东,20171226,002920.SZ,20210727,110.99,113.2,105.53,105.6,110.9,-5.3,-4.7791,31447.6,343238.087,0.5719,1.5589,0.79,112.0911,84.0377,12.3572,8.5424,7.5471,0.1894,0.2841,55000.0,54985.0,20172.524,5808000.0,5806416.0,121.99,99.81,1.024
002920,德赛西威,汽车配件,广东,20171226,002920.SZ,20210726,112.85,114.37,107.65,110.9,112.87,-1.97,-1.7454,38561.6,427691.069,0.7013,1.9116,0.83,117.7169,88.2555,12.9774,8.9711,7.9258,0.1803,0.2705,55000.0,54985.0,20172.524,6099500.0,6097836.5,124.16,101.58,1.024
002920,德赛西威,汽车配件,广东,20171226,002920.SZ,20210723,115.12,117.38,112.0,112.87,115.14,-2.27,-1.9715,33067.76,376843.571,0.6014,1.6392,0.65,119.808,89.8232,13.2079,9.1305,8.0666,0.1772,0.2658,55000.0,54985.0,20172.524,6207850.0,6206156.95,126.65,103.63,1.024
002920,德赛西威,汽车配件,广东,20171226,002920.SZ,20210722,114.59,118.0,110.11,115.14,115.0,0.14,0.1217,45079.7,511001.598,0.8199,2.2347,0.7,122.2175,91.6297,13.4735,9.3141,8.2289,0.1737,0.2606,55000.0,54985.0,20172.524,6332700.0,6330972.9,126.5,103.5,1.024
002920,德赛西威,汽车配件,广东,20171226,002920.SZ,20210721,111.0,115.99,108.39,115.0,110.56,4.44,4.0159,52632.8,591103.306,0.9572,2.6091,0.8,122.0689,91.5183,13.4572,9.3028,8.2189,0.1739,0.2609,55000.0,54985.0,20172.524,6325000.0,6323275.0,121.62,99.5,1.024
002920,德赛西威,汽车配件,广东,20171226,002920.SZ,20210720,110.44,111.5,107.66,110.56,110.61,-0.05,-0.0452,28507.62,313658.111,0.5185,1.4132,0.4,117.356,87.9849,12.9376,8.9436,7.9015,0.1809,0.2713,55000.0,54985.0,20172.524,6080800.0,6079141.6,121.67,99.55,1.024
002920,德赛西威,汽车配件,广东,20171226,002920.SZ,20210719,100.2,112.18,100.2,110.61,103.29,7.32,7.0868,73445.53,793175.331,1.3357,3.6409,1.05,117.4091,88.0247,12.9434,8.9476,7.9051,0.1808,0.2712,55000.0,54985.0,20172.524,6083550.0,6081890.85,113.62,92.96,1.024
002920,德赛西威,汽车配件,广东,20171226,002920.SZ,20210716,102.58,105.5,102.1,103.29,104.86,-1.57,-1.4972,54399.82,568516.727,0.9894,2.6967,0.79,109.6391,82.1993,12.0869,8.3555,7.382,0.1936,0.2904,55000.0,54985.0,20172.524,5680950.0,5679400.65,115.35,94.37,1.024
002920,德赛西威,汽车配件,广东,20171226,002920.SZ,20210715,107.93,108.89,99.5,104.86,108.93,-4.07,-3.7363,114374.39,1179132.635,2.0801,5.6698,1.98,111.3056,83.4488,12.2706,8.4825,7.4942,0.1907,0.2861,55000.0,54985.0,20172.524,5767300.0,5765727.1,119.82,98.04,1.024
002920,德赛西威,汽车配件,广东,20171226,002920.SZ,20210714,110.0,111.7,108.93,108.93,121.03,-12.1,-9.9975,56842.44,620020.683,1.0338,2.8178,0.97,115.6258,86.6877,12.7469,8.8117,7.785,0.1836,0.2754,55000.0,54985.0,20172.524,5991150.0,5989516.05,133.13,108.93,1.024
002920,德赛西威,汽车配件,广东,20171226,002920.SZ,20210713,117.09,121.58,115.77,121.03,117.5,3.53,3.0043,55021.99,653464.114,1.0007,2.7276,0.92,128.4696,96.317,14.1628,9.7905,8.6498,0.1652,0.2479,55000.0,54985.0,20172.524,6656650.0,6654834.55,129.25,105.75,1.024
002920,德赛西威,汽车配件,广东,20171226,002920.SZ,20210712,119.77,122.0,115.15,117.5,119.17,-1.67,-1.4014,70541.94,829728.893,1.2829,3.4969,1.28,124.7226,93.5078,13.7497,9.505,8.3975,0.1702,0.2553,55000.0,54985.0,20172.524,6462500.0,6460737.5,131.09,107.25,1.024
002920,德赛西威,汽车配件,广东,20171226,002920.SZ,20210709,119.72,120.08,113.38,119.17,120.14,-0.97,-0.8074,46565.85,545138.821,0.8469,2.3084,0.84,126.4953,94.8368,13.9451,9.6401,8.5169,0.1678,0.2517,55000.0,54985.0,20172.524,6554350.0,6552562.45,132.15,108.13,1.024
002920,德赛西威,汽车配件,广东,20171226,002920.SZ,20210708,116.01,124.46,116.01,120.14,115.89,4.25,3.6673,60200.02,724811.024,1.0948,2.9843,1.08,127.5249,95.6088,14.0586,9.7185,8.5862,0.1665,0.2497,55000.0,54985.0,20172.524,6607700.0,6605897.9,127.48,104.3,1.024
002920,德赛西威,汽车配件,广东,20171226,002920.SZ,20210707,112.0,117.0,110.38,115.89,115.25,0.64,0.5553,59976.74,685796.887,1.0908,2.9732,1.06,123.0136,92.2266,13.5613,9.3748,8.2825,0.1726,0.2589,55000.0,54985.0,20172.524,6373950.0,6372211.65,126.78,103.73,1.024
002920,德赛西威,汽车配件,广东,20171226,002920.SZ,20210706,110.87,116.1,109.23,115.25,111.11,4.14,3.726,61500.88,700924.807,1.1185,3.0487,1.15,122.3343,91.7173,13.4864,9.323,8.2367,0.1735,0.2603,55000.0,54985.0,20172.524,6338750.0,6337021.25,122.22,100.0,1.024
002920,德赛西威,汽车配件,广东,20171226,002920.SZ,20210705,110.0,111.87,106.58,111.11,109.98,1.13,1.0275,47134.23,516718.719,0.8572,2.3366,0.93,117.9398,88.4226,13.002,8.9881,7.9408,0.18,0.27,55000.0,54985.0,20172.524,6111050.0,6109383.35,120.98,98.98,1.024
002920,德赛西威,汽车配件,广东,20171226,002920.SZ,20210702,112.0,114.0,109.0,109.98,113.5,-3.52,-3.1013,49476.54,549280.261,0.8998,2.4527,0.96,116.7404,87.5233,12.8697,8.8967,7.8601,0.1819,0.2728,55000.0,54985.0,20172.524,6048900.0,6047250.3,124.85,102.15,1.024
002920,德赛西威,汽车配件,广东,20171226,002920.SZ,20210701,109.6,117.0,106.96,113.5,110.08,3.42,3.1068,61898.72,703425.241,1.1257,3.0685,1.25,120.4767,90.3246,13.2816,9.1814,8.1117,0.1762,0.2643,55000.0,54985.0,20172.524,6242500.0,6240797.5,121.09,99.07,1.024
002920,德赛西威,汽车配件,广东,20171226,002920.SZ,20210630,104.09,110.85,103.9,110.08,104.99,5.09,4.8481,63927.35,692362.709,1.1626,3.169,1.45,116.8465,87.6029,12.8814,8.9048,7.8672,0.1817,0.2725,55000.0,54985.0,20172.524,6054400.0,6052748.8,115.49,94.49,1.024
002920,德赛西威,汽车配件,广东,20171226,002920.SZ,20210629,104.88,106.49,104.15,104.99,105.68,-0.69,-0.6529,44032.84,464587.007,0.8008,2.1828,1.08,111.4436,83.5522,12.2858,8.493,7.5035,0.1905,0.2857,55000.0,54985.0,20172.524,5774450.0,5772875.15,116.25,95.11,1.024
002920,德赛西威,汽车配件,广东,20171226,002920.SZ,20210628,104.0,105.8,103.14,105.68,103.99,1.69,1.6252,34998.43,366268.332,0.6365,1.735,0.82,112.176,84.1013,12.3665,8.5488,7.5528,0.1893,0.2839,55000.0,54985.0,20172.524,5812400.0,5810814.8,114.39,93.59,1.024
002920,德赛西威,汽车配件,广东,20171226,002920.SZ,20210625,106.59,108.5,103.8,103.99,107.8,-3.81,-3.5343,53646.65,563588.431,0.9757,2.6594,1.32,110.3822,82.7564,12.1688,8.4121,7.432,0.1923,0.2885,55000.0,54985.0,20172.524,5719450.0,5717890.15,118.58,97.02,1.024
002920,德赛西威,汽车配件,广东,20171226,002920.SZ,20210624,108.49,111.4,104.0,107.8,107.0,0.8,0.7477,50877.03,545913.019,0.9253,2.5221,1.32,114.4264,85.7885,12.6146,8.7203,7.7043,0.1855,0.2783,55000.0,54985.0,20172.524,5929000.0,5927383.0,117.7,96.3,1.024
002920,德赛西威,汽车配件,广东,20171226,002920.SZ,20210623,105.36,108.22,104.2,107.0,105.1,1.9,1.8078,36819.43,393009.76,0.6696,1.8252,0.88,113.5772,85.1518,12.521,8.6556,7.6471,0.1869,0.2804,55000.0,54985.0,20172.524,5885000.0,5883395.0,115.61,94.59,1.024
002920,德赛西威,汽车配件,广东,20171226,002920.SZ,20210622,106.99,107.66,103.8,105.1,105.72,-0.62,-0.5865,26970.02,283234.726,0.4905,1.337,0.57,111.5604,83.6398,12.2987,8.5019,7.5113,0.1903,0.2854,55000.0,54985.0,20172.524,5780500.0,5778923.5,116.29,95.15,1.024
002920,德赛西威,汽车配件,广东,20171226,002920.SZ,20210621,102.94,106.5,101.21,105.72,103.25,2.47,2.3923,46384.88,482763.687,0.8436,2.2994,0.95,112.2185,84.1332,12.3712,8.5521,7.5556,0.1892,0.2838,55000.0,54985.0,20172.524,5814600.0,5813014.2,113.58,92.93,1.024
002920,德赛西威,汽车配件,广东,20171226,002920.SZ,20210618,100.21,104.45,99.5,103.25,100.25,3.0,2.9925,42094.48,432880.694,0.7656,2.0867,0.87,109.5967,82.1675,12.0822,8.3523,7.3791,0.1937,0.2906,55000.0,54985.0,20172.524,5678750.0,5677201.25,110.28,90.23,1.024
002920,德赛西威,汽车配件,广东,20171226,002920.SZ,20210617,97.66,102.6,97.65,100.25,97.24,3.01,3.0954,40805.15,410949.626,0.7421,2.0228,0.91,106.4123,79.7801,11.7311,8.1096,7.1647,0.1995,0.2993,55000.0,54985.0,20172.524,5513750.0,5512246.25,106.96,87.52,1.024
002920,德赛西威,汽车配件,广东,20171226,002920.SZ,20210616,102.1,103.03,97.24,97.24,102.8,-5.56,-5.4086,53888.58,538064.931,0.9801,2.6714,1.23,103.2172,77.3847,11.3789,7.8661,6.9496,0.2057,0.3085,55000.0,54985.0,20172.524,5348200.0,5346741.4,113.08,92.52,1.024
002920,德赛西威,汽车配件,广东,20171226,002920.SZ,20210615,108.56,110.5,101.6,102.8,108.25,-5.45,-5.0346,51561.8,544367.713,0.9377,2.556,1.32,109.119,81.8094,12.0295,8.3159,7.3469,0.1946,0.2918,55000.0,54985.0,20172.524,5654000.0,5652458.0,119.08,97.43,1.024
002920,德赛西威,汽车配件,广东,20171226,002920.SZ,20210611,107.0,110.51,106.82,108.25,106.77,1.48,1.3862,54752.26,596635.083,0.9958,2.7142,1.64,114.904,86.1466,12.6673,8.7567,7.7364,0.1848,0.2771,55000.0,54985.0,20172.524,5953750.0,5952126.25,117.45,96.09,1.024
002920,德赛西威,汽车配件,广东,20171226,002920.SZ,20210610,103.04,107.36,102.55,106.77,104.32,2.45,2.3485,41205.96,437078.24,0.7494,2.0538,1.26,113.333,84.9688,12.4941,8.637,7.6307,0.1873,0.281,55000.0,54985.0,20063.194,5872350.0,5870748.45,114.75,93.89,1.024
002920,德赛西威,汽车配件,广东,20171226,002920.SZ,20210609,104.31,105.4,102.46,104.32,103.74,0.58,0.5591,23790.57,247047.525,0.4327,1.1858,0.69,110.7324,83.019,12.2074,8.4388,7.4556,0.1917,0.2876,55000.0,54985.0,20063.194,5737600.0,5736035.2,114.11,93.37,1.024
002920,德赛西威,汽车配件,广东,20171226,002920.SZ,20210608,105.43,107.3,100.68,103.74,106.8,-3.06,-2.8652,47988.64,498429.088,0.8728,2.3919,1.44,110.1168,82.5575,12.1395,8.3919,7.4141,0.1928,0.2892,55000.0,54985.0,20063.194,5705700.0,5704143.9,117.48,96.12,1.024
002920,德赛西威,汽车配件,广东,20171226,002920.SZ,20210607,106.27,107.39,103.68,106.8,105.4,1.4,1.3283,27091.07,285958.029,0.4927,1.3503,0.74,113.3649,84.9926,12.4976,8.6394,7.6328,0.1873,0.2809,55000.0,54985.0,20063.194,5874000.0,5872398.0,115.94,94.86,1.024
002920,德赛西威,汽车配件,广东,20171226,002920.SZ,20210604,105.88,106.5,101.45,105.4,103.45,1.95,1.885,27289.55,285833.405,0.4963,1.3602,0.71,111.8788,83.8785,12.3338,8.5262,7.5328,0.1898,0.2846,55000.0,54985.0,20063.194,5797000.0,5795419.0,113.8,93.11,1.024
002920,德赛西威,汽车配件,广东,20171226,002920.SZ,20210603,106.51,108.99,103.24,103.45,105.77,-2.32,-2.1934,37937.38,402553.56,0.69,1.8909,0.93,109.809,82.3267,12.1056,8.3684,7.3934,0.1933,0.29,55000.0,54985.0,20063.194,5689750.0,5688198.25,116.35,95.19,1.024
002920,德赛西威,汽车配件,广东,20171226,002920.SZ,20210602,106.3,108.79,104.0,105.77,107.43,-1.66,-1.5452,32229.15,342794.871,0.5861,1.6064,0.76,112.2716,84.173,12.3771,8.5561,7.5592,0.1891,0.2836,55000.0,54985.0,20063.194,5817350.0,5815763.45,118.17,96.69,1.024
002920,德赛西威,汽车配件,广东,20171226,002920.SZ,20210601,110.66,111.07,106.0,107.43,111.07,-3.64,-3.2772,42583.32,457946.066,0.7745,2.1225,1.03,114.0336,85.494,12.5713,8.6904,7.6778,0.1862,0.2793,55000.0,54985.0,20063.194,5908650.0,5907038.55,122.18,99.96,1.024
002920,德赛西威,汽车配件,广东,20171226,002920.SZ,20210531,108.19,112.4,106.97,111.07,108.55,2.52,2.3215,41809.26,462414.299,0.7604,2.0839,1.04,117.8974,88.3908,12.9973,8.9848,7.938,0.1801,0.2701,55000.0,54985.0,20063.194,6108850.0,6107183.95,119.41,97.7,1.024
002920,德赛西威,汽车配件,广东,20171226,002920.SZ,20210528,107.52,111.73,107.01,108.55,108.77,-0.22,-0.2023,36539.43,400621.14,0.6645,1.8212,0.91,115.2225,86.3853,12.7024,8.781,7.7579,0.1842,0.4606,55000.0,54985.0,20063.194,5970250.0,5968621.75,119.65,97.89,1.024
002920,德赛西威,汽车配件,广东,20171226,002920.SZ,20210527,105.47,108.77,105.47,108.77,106.8,1.97,1.8446,49978.12,537267.383,0.9089,2.491,1.26,115.456,86.5604,12.7281,8.7988,7.7736,0.1839,0.4597,55000.0,54985.0,20063.194,5982350.0,5980718.45,117.48,96.12,1.024
002920,德赛西威,汽车配件,广东,20171226,002920.SZ,20210526,112.9,112.9,105.6,106.8,110.6,-3.8,-3.4358,42064.35,451867.21,0.765,2.0966,1.14,113.3649,84.9926,12.4976,8.6394,7.6328,0.1873,0.4682,55000.0,54985.0,20063.194,5874000.0,5872398.0,121.66,99.54,1.024
002920,德赛西威,汽车配件,广东,20171226,002920.SZ,20210525,110.4,111.47,108.31,110.6,110.4,0.2,0.1812,36200.41,397861.341,0.6584,1.8043,0.92,117.3985,88.0167,12.9423,8.9468,7.9044,0.1808,0.4521,55000.0,54985.0,20063.194,6083000.0,6081341.0,121.44,99.36,1.024
002920,德赛西威,汽车配件,广东,20171226,002920.SZ,20210524,108.72,112.48,108.12,110.4,109.57,0.83,0.7575,36227.01,399510.497,0.6589,1.8056,0.83,117.1862,87.8576,12.9189,8.9306,7.8901,0.1812,0.4529,55000.0,54985.0,20063.194,6072000.0,6070344.0,120.53,98.61,1.024
002920,德赛西威,汽车配件,广东,20171226,002920.SZ,20210521,108.8,110.58,105.6,109.57,108.93,0.64,0.5875,36673.25,397955.755,0.667,1.8279,0.83,116.3052,87.197,12.8217,8.8635,7.8308,0.1825,0.4563,55000.0,54985.0,20063.194,6026350.0,6024706.45,119.82,98.04,1.024
002920,德赛西威,汽车配件,广东,20171226,002920.SZ,20210520,105.69,110.43,103.89,109.23,105.3,3.93,3.7322,47259.02,512263.398,0.8595,2.3555,1.13,115.9443,86.9265,12.3485,8.836,7.8065,0.1831,0.1831,55000.0,54985.0,20063.194,6007650.0,6006011.55,115.83,94.77,1.021
002920,德赛西威,汽车配件,广东,20171226,002920.SZ,20210519,106.74,106.8,102.63,105.3,106.74,-1.44,-1.3491,27465.1,288357.458,0.4995,1.3732,0.61,111.7727,83.7989,11.9042,8.5181,7.5256,0.1899,0.1899,55000.0,54985.0,20001.224,5791500.0,5789920.5,117.41,96.07,1.021
002920,德赛西威,汽车配件,广东,20171226,002920.SZ,20210518,101.13,107.42,100.66,106.74,102.0,4.74,4.6471,48318.93,510605.993,0.8788,2.4158,1.05,113.3012,84.9449,12.067,8.6346,7.6285,0.1874,0.1874,55000.0,54985.0,20001.224,5870700.0,5869098.9,112.2,91.8,1.021
002920,德赛西威,汽车配件,广东,20171226,002920.SZ,20210517,98.8,104.36,98.17,102.0,97.99,4.01,4.0923,58166.58,593335.131,1.0579,2.9082,1.32,108.2698,81.1728,11.5311,8.2511,7.2898,0.1961,0.1961,55000.0,54985.0,20001.224,5610000.0,5608470.0,107.79,88.19,1.021
002920,德赛西威,汽车配件,广东,20171226,002920.SZ,20210514,98.5,98.8,94.58,97.99,97.21,0.78,0.8024,40783.19,395135.191,0.7417,2.039,0.89,104.0133,77.9815,11.0778,7.9268,7.0032,0.2041,0.2041,55000.0,54985.0,20001.224,5389450.0,5387980.15,106.93,87.49,1.021
002920,德赛西威,汽车配件,广东,20171226,002920.SZ,20210513,97.01,98.39,94.81,97.21,98.61,-1.4,-1.4197,34730.38,336055.688,0.6316,1.7364,0.68,103.1854,77.3608,10.9896,7.8637,6.9474,0.2057,0.2057,55000.0,54985.0,20001.224,5346550.0,5345091.85,108.47,88.75,1.021
002920,德赛西威,汽车配件,广东,20171226,002920.SZ,20210512,97.54,99.18,95.3,98.61,97.02,1.59,1.6388,44292.02,431574.951,0.8055,2.2145,0.88,104.6715,78.475,11.1479,7.9769,7.0475,0.2028,0.2028,55000.0,54985.0,20001.224,5423550.0,5422070.85,106.72,87.32,1.021
002920,德赛西威,汽车配件,广东,20171226,002920.SZ,20210511,100.81,101.79,94.7,97.02,100.6,-3.58,-3.5586,53147.33,514800.976,0.9666,2.6572,1.08,102.9837,77.2096,10.9681,7.8483,6.9339,0.2061,0.2061,55000.0,54985.0,20001.224,5336100.0,5334644.7,110.66,90.54,1.021
002920,德赛西威,汽车配件,广东,20171226,002920.SZ,20210510,99.9,103.69,98.99,100.6,100.06,0.54,0.5397,47846.96,484630.528,0.8702,2.3922,0.96,106.7838,80.0586,11.3728,8.1379,7.1897,0.1988,0.1988,55000.0,54985.0,20001.224,5533000.0,5531491.0,110.07,90.05,1.021
002920,德赛西威,汽车配件,广东,20171226,002920.SZ,20210507,105.0,106.72,99.67,100.06,105.0,-4.94,-4.7048,49451.27,505619.65,0.8994,2.4724,1.01,106.2106,79.6289,11.3118,8.0942,7.1511,0.1999,0.1999,55000.0,54985.0,20001.224,5503300.0,5501799.1,115.5,94.5,1.021
002920,德赛西威,汽车配件,广东,20171226,002920.SZ,20210506,104.3,109.03,102.29,105.0,105.02,-0.02,-0.019,60654.27,639518.852,1.1031,3.0325,1.21,111.4542,83.5602,11.8703,8.4938,7.5042,0.1905,0.1905,55000.0,54985.0,20001.224,5775000.0,5773425.0,115.52,94.52,1.021
002920,德赛西威,汽车配件,广东,20171226,002920.SZ,20210430,105.63,107.12,104.0,105.02,105.62,-0.6,-0.5681,41048.07,432119.429,0.7465,2.0523,0.8,111.4755,83.5761,11.8725,8.4954,7.5056,0.1904,0.1904,55000.0,54985.0,20001.224,5776100.0,5774524.7,116.18,95.06,1.021
002920,德赛西威,汽车配件,广东,20171226,002920.SZ,20210429,105.4,109.05,104.88,105.62,105.27,0.35,0.3325,47490.38,507194.807,0.8637,2.3744,0.85,112.1123,84.0536,11.9403,8.544,7.5485,0.1894,0.1894,55000.0,54985.0,20001.224,5809100.0,5807515.7,115.8,94.74,1.021
002920,德赛西威,汽车配件,广东,20171226,002920.SZ,20210428,102.34,106.29,101.01,105.27,101.72,3.55,3.49,50834.55,533239.827,0.9245,2.5416,0.89,111.7408,83.7751,11.9008,8.5157,7.5235,0.19,0.19,55000.0,54985.0,20001.224,5789850.0,5788270.95,111.89,91.55,1.021
002920,德赛西威,汽车配件,广东,20171226,002920.SZ,20210427,99.5,102.48,98.11,101.72,99.7,2.02,2.0261,44921.0,452940.109,0.817,2.2459,0.67,107.9726,80.9499,11.4995,8.2285,7.2698,0.1966,0.1966,55000.0,54985.0,20001.224,5594600.0,5593074.2,109.67,89.73,1.021
002920,德赛西威,汽车配件,广东,20171226,002920.SZ,20210426,102.05,106.51,98.76,99.7,102.05,-2.35,-2.3028,66514.93,682353.973,1.2097,3.3255,0.77,105.8285,79.3424,11.2711,8.0651,7.1254,0.2006,0.2006,55000.0,54985.0,20001.224,5483500.0,5482004.5,112.26,91.85,1.021
002920,德赛西威,汽车配件,广东,20171226,002920.SZ,20210423,101.0,104.76,101.0,102.05,102.99,-0.94,-0.9127,47118.29,483544.334,0.8569,2.3558,0.5,108.3229,81.2125,11.5368,8.2552,7.2933,0.196,0.196,55000.0,54985.0,20001.224,5612750.0,5611219.25,113.29,92.69,1.021
002920,德赛西威,汽车配件,广东,20171226,002920.SZ,20210422,99.54,103.3,97.7,102.99,98.61,4.38,4.4417,69495.85,704423.202,1.2639,3.4746,0.68,109.3207,81.9606,11.643,8.3312,7.3605,0.1942,0.1942,55000.0,54985.0,20001.224,5664450.0,5662905.15,108.47,88.75,1.021
002920,德赛西威,汽车配件,广东,20171226,002920.SZ,20210421,98.01,98.93,93.53,98.61,98.59,0.02,0.0203,59126.43,572294.337,1.0753,2.9561,0.61,104.6715,78.475,11.1479,7.9769,7.0475,0.2028,0.2028,55000.0,54985.0,20001.224,5423550.0,5422070.85,108.45,88.73,1.021
002920,德赛西威,汽车配件,广东,20171226,002920.SZ,20210420,97.0,102.5,96.01,98.59,98.32,0.27,0.2746,91033.24,910077.367,1.6556,4.5514,1.1,104.6502,78.459,11.1456,7.9753,7.0461,0.2029,0.2029,55000.0,54985.0,20001.224,5422450.0,5420971.15,108.15,88.49,1.021
002920,德赛西威,汽车配件,广东,20171226,002920.SZ,20210419,94.01,101.48,90.51,98.32,92.28,6.04,6.5453,167384.75,1610205.73,3.0442,8.5026,2.98,104.3636,78.2442,11.1151,7.9535,7.0268,0.2034,0.2034,55000.0,54985.0,19686.2105,5407600.0,5406125.2,101.51,83.05,1.021
002920,德赛西威,汽车配件,广东,20171226,002920.SZ,20210416,94.03,95.95,88.58,92.28,93.05,-0.77,-0.8275,81921.87,754318.316,1.4899,4.1614,1.85,97.9524,73.4375,10.4323,7.4649,6.5951,0.2167,0.2167,55000.0,54985.0,19686.2105,5075400.0,5074015.8,102.36,83.75,1.021
002920,德赛西威,汽车配件,广东,20171226,002920.SZ,20210415,98.49,98.49,91.23,93.05,91.8,1.25,1.3617,110212.6,1035250.747,2.0044,5.5985,3.81,98.7697,74.0502,10.5193,7.5271,6.6501,0.2149,0.2149,55000.0,54985.0,19686.2105,5117750.0,5116354.25,100.98,82.62,1.021
002920,德赛西威,汽车配件,广东,20171226,002920.SZ,20210414,87.78,92.87,87.74,91.8,87.4,4.4,5.0343,30371.7,276893.651,0.5524,1.5565,0.99,97.4428,97.4428,10.881,7.426,7.426,0.2179,0.2179,55000.0,54985.0,19513.1875,5049000.0,5047623.0,96.14,78.66,1.021
002920,德赛西威,汽车配件,广东,20171226,002920.SZ,20210413,85.99,88.39,84.1,87.4,84.49,2.91,3.4442,23310.43,201753.84,0.4239,1.1946,0.73,164.5405,102.7718,10.8632,9.0065,7.8939,0.2288,0.2288,55000.0,54985.0,19513.1875,4807000.0,4805689.0,92.94,76.04,1.021
002920,德赛西威,汽车配件,广东,20171226,002920.SZ,20210412,89.37,91.77,83.4,84.49,89.06,-4.57,-5.1314,35123.95,304664.153,0.6388,1.8,1.13,159.0621,99.35,10.5015,8.7066,7.6311,0.2367,0.2367,55000.0,54985.0,19513.1875,4646950.0,4645682.65,97.97,80.15,1.021
002920,德赛西威,汽车配件,广东,20171226,002920.SZ,20210409,90.76,91.43,87.55,89.06,91.56,-2.5,-2.7304,22632.09,200448.605,0.4116,1.1598,0.71,167.6657,104.7237,11.0695,9.1776,8.0438,0.2246,0.2246,55000.0,54985.0,19513.1875,4898300.0,4896964.1,100.72,82.4,1.021
002920,德赛西威,汽车配件,广东,20171226,002920.SZ,20210408,87.91,92.2,87.33,91.56,88.26,3.3,3.739,33280.98,301160.885,0.6053,1.7056,1.09,172.3722,107.6634,11.3803,9.4352,8.2696,0.2184,0.2184,55000.0,54985.0,19513.1875,5035800.0,5034426.6,97.09,79.43,1.021
002920,德赛西威,汽车配件,广东,20171226,002920.SZ,20210407,93.2,93.79,86.0,88.26,94.14,-5.88,-6.246,39011.98,346241.865,0.7095,1.9993,1.36,166.1596,103.783,10.9701,9.0951,7.9716,0.2266,0.2266,55000.0,54985.0,19513.1875,4854300.0,4852976.1,103.55,84.73,1.021
002920,德赛西威,汽车配件,广东,20171226,002920.SZ,20210406,92.16,95.33,90.01,94.14,92.16,1.98,2.1484,29139.52,270903.469,0.53,1.4933,1.06,177.2293,110.6972,11.701,9.7011,8.5026,0.2124,0.2124,55000.0,54985.0,19513.1875,5177700.0,5176287.9,101.38,82.94,1.021
002920,德赛西威,汽车配件,广东,20171226,002920.SZ,20210402,89.0,92.23,87.5,92.16,88.8,3.36,3.7838,31273.29,283486.239,0.5688,1.6027,1.25,173.5018,108.369,11.4549,9.497,8.3238,0.217,0.217,55000.0,54985.0,19513.1875,5068800.0,5067417.6,97.68,79.92,1.021
002920,德赛西威,汽车配件,广东,20171226,002920.SZ,20210401,86.3,89.26,83.9,88.8,85.76,3.04,3.5448,27017.21,236116.303,0.4914,1.3846,1.22,167.1762,104.418,11.0372,9.1508,8.0203,0.2252,0.2252,55000.0,54985.0,19513.1875,4884000.0,4882668.0,94.34,77.18,1.021
002920,德赛西威,汽车配件,广东,20171226,002920.SZ,20210331,85.37,86.5,82.7,85.76,84.05,1.71,2.0345,25620.2,217410.711,0.4659,1.313,1.22,161.453,100.8433,10.6594,8.8375,7.7458,0.2332,0.2332,55000.0,54985.0,19513.1875,4716800.0,4715513.6,92.46,75.65,1.021
002920,德赛西威,汽车配件,广东,20171226,002920.SZ,20210330,81.97,86.5,81.22,84.05,82.29,1.76,2.1388,29936.17,253524.937,0.5444,1.5342,1.49,158.2338,98.8326,10.4468,8.6613,7.5913,0.238,0.238,55000.0,54985.0,19513.1875,4622750.0,4621489.25,90.52,74.06,1.021
002920,德赛西威,汽车配件,广东,20171226,002920.SZ,20210329,82.6,84.29,81.36,82.29,82.26,0.03,0.0365,23945.02,198149.151,0.4355,1.2271,1.02,154.9204,96.763,10.2281,8.4799,7.4324,0.243,0.243,55000.0,54985.0,19513.1875,4525950.0,4524715.65,90.49,74.03,1.021
002920,德赛西威,汽车配件,广东,20171226,002920.SZ,20210326,80.65,82.78,80.06,82.26,80.27,1.99,2.4791,18423.66,150681.709,0.3351,0.9442,0.77,154.8639,96.7278,10.2244,8.4768,7.4297,0.2431,0.2431,55000.0,54985.0,19513.1875,4524300.0,4523066.1,88.3,72.24,1.021
002920,德赛西威,汽车配件,广东,20171226,002920.SZ,20210325,78.98,81.68,78.9,80.27,80.41,-0.14,-0.1741,12684.73,102017.127,0.2307,0.6501,0.49,151.1175,94.3878,9.977,8.2718,7.2499,0.2492,0.2492,55000.0,54985.0,19513.1875,4414850.0,4413645.95,88.45,72.37,1.021
002920,德赛西威,汽车配件,广东,20171226,002920.SZ,20210324,80.2,82.4,79.95,80.41,81.4,-0.99,-1.2162,20348.75,164725.918,0.3701,1.0428,0.77,151.381,94.5524,9.9944,8.2862,7.2626,0.2487,0.2487,55000.0,54985.0,19513.1875,4422550.0,4421343.85,89.54,73.26,1.021
002920,德赛西威,汽车配件,广东,20171226,002920.SZ,20210323,82.93,83.33,80.87,81.4,83.55,-2.15,-2.5733,24849.76,203611.346,0.4519,1.2735,0.96,153.2448,95.7165,10.1175,8.3882,7.352,0.2457,0.2457,55000.0,54985.0,19513.1875,4477000.0,4475779.0,91.91,75.2,1.021
002920,德赛西威,汽车配件,广东,20171226,002920.SZ,20210322,80.09,85.4,79.04,83.55,80.11,3.44,4.2941,40886.45,340377.727,0.7436,2.0953,1.66,157.2925,98.2447,10.3847,8.6098,7.5462,0.2394,0.2394,55000.0,54985.0,19513.1875,4595250.0,4593996.75,88.12,72.1,1.021
002920,德赛西威,汽车配件,广东,20171226,002920.SZ,20210319,80.39,80.88,78.7,80.11,81.41,-1.3,-1.5969,20516.82,163674.457,0.3731,1.0514,0.77,150.8163,94.1996,9.9571,8.2553,7.2355,0.2497,0.2497,55000.0,54985.0,19513.1875,4406050.0,4404848.35,89.55,73.27,1.021
002920,德赛西威,汽车配件,广东,20171226,002920.SZ,20210318,82.76,82.76,79.72,81.41,82.06,-0.65,-0.7921,23497.09,190174.108,0.4273,1.2042,0.88,153.2637,95.7283,10.1187,8.3893,7.3529,0.2457,0.2457,55000.0,54985.0,19513.1875,4477550.0,4476328.85,90.27,73.85,1.021
002920,德赛西威,汽车配件,广东,20171226,002920.SZ,20210317,80.49,82.16,77.66,82.06,79.39,2.67,3.3631,21567.89,173810.166,0.3923,1.1053,0.76,154.4874,96.4926,10.1995,8.4562,7.4116,0.2437,0.2437,55000.0,54985.0,19513.1875,4513300.0,4512069.1,87.33,71.45,1.021
002920,德赛西威,汽车配件,广东,20171226,002920.SZ,20210316,81.0,81.96,78.0,79.39,78.55,0.84,1.0694,22971.42,182262.858,0.4178,1.1772,0.78,149.4608,93.353,9.8676,8.1811,7.1704,0.2519,0.2519,55000.0,54985.0,19513.1875,4366450.0,4365259.15,86.41,70.7,1.021
002920,德赛西威,汽车配件,广东,20171226,002920.SZ,20210315,81.0,82.26,77.37,78.55,81.92,-3.37,-4.1138,34419.96,273964.526,0.626,1.7639,1.15,147.8794,92.3653,9.7632,8.0945,7.0946,0.2546,0.2546,55000.0,54985.0,19513.1875,4320250.0,4319071.75,90.11,73.73,1.021
002920,德赛西威,汽车配件,广东,20171226,002920.SZ,20210312,83.38,84.29,80.18,81.92,81.96,-0.04,-0.0488,30989.94,254508.362,0.5636,1.5882,0.92,154.2238,96.328,10.1821,8.4418,7.3989,0.2441,0.2441,55000.0,54985.0,19513.1875,4505600.0,4504371.2,90.16,73.76,1.021
002920,德赛西威,汽车配件,广东,20171226,002920.SZ,20210311,80.3,83.05,80.01,81.96,80.37,1.59,1.9784,24174.03,197594.843,0.4396,1.2389,0.64,154.2991,96.375,10.1871,8.4459,7.4026,0.244,0.244,55000.0,54985.0,19513.1875,4507800.0,4506570.6,88.41,72.33,1.021
002920,德赛西威,汽车配件,广东,20171226,002920.SZ,20210310,83.01,83.44,79.68,80.37,79.02,1.35,1.7084,28647.01,232063.566,0.521,1.4681,0.7,151.3057,94.5054,9.9894,8.2821,7.2589,0.2488,0.2488,55000.0,54985.0,19513.1875,4420350.0,4419144.45,86.92,71.12,1.021
002920,德赛西威,汽车配件,广东,20171226,002920.SZ,20210309,82.17,82.8,78.0,79.02,82.36,-3.34,-4.0554,28906.08,233532.185,0.5257,1.4814,0.68,148.7642,92.9179,9.8216,8.143,7.137,0.2531,0.2531,55000.0,54985.0,19513.1875,4346100.0,4344914.7,90.6,74.12,1.021
002920,德赛西威,汽车配件,广东,20171226,002920.SZ,20210308,86.96,87.43,82.0,82.36,87.12,-4.76,-5.4637,37045.51,313028.803,0.6737,1.8985,0.88,155.0521,96.8454,10.2368,8.4872,7.4387,0.2428,0.2428,55000.0,54985.0,19513.1875,4529800.0,4528564.6,95.83,78.41,1.021
002920,德赛西威,汽车配件,广东,20171226,002920.SZ,20210305,84.8,88.12,82.0,87.12,85.1,2.02,2.3737,50240.72,430536.364,0.9137,2.5747,1.27,164.0134,102.4425,10.8284,8.9777,7.8686,0.2296,0.2296,55000.0,54985.0,19513.1875,4791600.0,4790293.2,93.61,76.59,1.021
002920,德赛西威,汽车配件,广东,20171226,002920.SZ,20210304,91.08,91.08,84.47,85.1,92.0,-6.9,-7.5,42916.19,370936.555,0.7805,2.1993,1.15,160.2105,100.0673,10.5773,8.7695,7.6862,0.235,0.235,55000.0,54985.0,19513.1875,4680500.0,4679223.5,101.2,82.8,1.021
002920,德赛西威,汽车配件,广东,20171226,002920.SZ,20210303,89.49,92.48,88.85,92.0,89.48,2.52,2.8163,44810.01,410129.354,0.8149,2.2964,1.21,173.2006,108.1808,11.435,9.4806,8.3094,0.2174,0.2174,55000.0,54985.0,19513.1875,5060000.0,5058620.0,98.43,80.53,1.021
002920,德赛西威,汽车配件,广东,20171226,002920.SZ,20210302,90.45,91.38,88.13,89.48,90.43,-0.95,-1.0505,37874.32,339467.456,0.6888,1.941,1.04,168.4564,105.2176,11.1218,9.2209,8.0818,0.2235,0.2235,55000.0,54985.0,19513.1875,4921400.0,4920057.8,99.47,81.39,1.021
002920,德赛西威,汽车配件,广东,20171226,002920.SZ,20210301,90.53,92.29,88.92,90.43,90.0,0.43,0.4778,35645.1,321854.142,0.6483,1.8267,0.81,170.2448,106.3347,11.2398,9.3188,8.1676,0.2212,0.2212,55000.0,54985.0,19513.1875,4973650.0,4972293.55,99.0,81.0,1.021
002920,德赛西威,汽车配件,广东,20171226,002920.SZ,20210226,90.5,93.39,89.05,90.0,93.0,-3.0,-3.2258,36857.89,332832.513,0.6703,1.8889,0.78,169.4353,105.8291,11.1864,9.2745,8.1287,0.2222,0.2222,55000.0,54985.0,19513.1875,4950000.0,4948650.0,102.3,83.7,1.021
002920,德赛西威,汽车配件,广东,20171226,002920.SZ,20210225,95.65,96.3,92.28,93.0,93.47,-0.47,-0.5028,30719.61,289006.415,0.5587,1.5743,0.6,175.0832,109.3567,11.5593,9.5836,8.3997,0.2151,0.2151,55000.0,54985.0,19513.1875,5115000.0,5113605.0,102.82,84.12,1.021
002920,德赛西威,汽车配件,广东,20171226,002920.SZ,20210224,98.0,99.19,92.21,93.47,97.1,-3.63,-3.7384,44484.13,423865.835,0.809,2.2797,0.89,175.968,109.9094,11.6177,9.632,8.4421,0.214,0.214,55000.0,54985.0,19513.1875,5140850.0,5139447.95,106.81,87.39,1.021
002920,德赛西威,汽车配件,广东,20171226,002920.SZ,20210223,96.6,100.1,96.54,97.1,98.73,-1.63,-1.651,33765.5,331655.454,0.6141,1.7304,0.61,182.8019,114.1778,12.0689,10.0061,8.77,0.206,0.206,55000.0,54985.0,19513.1875,5340500.0,5339043.5,108.6,88.86,1.021
002920,德赛西威,汽车配件,广东,20171226,002920.SZ,20210222,103.5,103.82,96.0,98.73,102.14,-3.41,-3.3386,73660.62,733556.039,1.3396,3.7749,1.59,185.8706,116.0945,12.2715,10.1741,8.9172,0.2026,0.2026,55000.0,54985.0,19513.1875,5430150.0,5428669.05,112.35,91.93,1.021
002920,德赛西威,汽车配件,广东,20171226,002920.SZ,20210219,113.0,113.0,102.14,102.14,113.49,-11.35,-10.0009,52887.81,551686.413,0.9619,2.7104,1.29,192.2903,120.1042,12.6953,10.5255,9.2252,0.1958,0.1958,55000.0,54985.0,19513.1875,5617700.0,5616167.9,124.84,102.14,1.021
002920,德赛西威,汽车配件,广东,20171226,002920.SZ,20210218,113.09,117.8,110.0,113.49,111.55,1.94,1.7391,50147.0,574043.319,0.912,2.5699,1.21,213.6579,133.4505,14.106,11.6951,10.2503,0.1762,0.1762,55000.0,54985.0,19513.1875,6241950.0,6240247.65,122.71,100.4,1.021
002920,德赛西威,汽车配件,广东,20171226,002920.SZ,20210210,108.59,114.1,106.51,111.55,109.7,1.85,1.6864,40579.15,450648.488,0.738,2.0796,0.98,210.0057,131.1693,13.8649,11.4952,10.0751,0.1793,0.1793,55000.0,54985.0,19513.1875,6135250.0,6133576.75,120.67,98.73,1.021
002920,德赛西威,汽车配件,广东,20171226,002920.SZ,20210209,112.33,116.3,108.0,109.7,111.92,-2.22,-1.9836,58023.35,649299.622,1.0553,2.9735,1.43,206.5228,128.9939,13.635,11.3045,9.908,0.1823,0.1823,55000.0,54985.0,19513.1875,6033500.0,6031854.5,123.11,100.73,1.021
002920,德赛西威,汽车配件,广东,20171226,002920.SZ,20210208,109.99,112.98,107.6,111.92,109.2,2.72,2.4908,30630.12,341045.996,0.5571,1.5697,0.72,210.7022,131.6043,13.9109,11.5333,10.1085,0.1787,0.1787,55000.0,54985.0,19513.1875,6155600.0,6153921.2,120.12,98.28,1.021
002920,德赛西威,汽车配件,广东,20171226,002920.SZ,20210205,109.51,112.0,108.8,109.2,109.74,-0.54,-0.4921,25046.87,276358.973,0.4555,1.2836,0.53,205.5815,128.4059,13.5728,11.253,9.8628,0.1832,0.1832,55000.0,54985.0,19513.1875,6006000.0,6004362.0,120.71,98.77,1.021
002920,德赛西威,汽车配件,广东,20171226,002920.SZ,20210204,112.51,113.74,107.0,109.74,114.8,-5.06,-4.4077,52104.25,571070.889,0.9476,2.6702,1.11,206.5981,129.0409,13.6399,11.3086,9.9116,0.1822,0.1822,55000.0,54985.0,19513.1875,6035700.0,6034053.9,126.28,103.32,1.021
002920,德赛西威,汽车配件,广东,20171226,002920.SZ,20210203,113.99,118.1,112.12,114.8,115.47,-0.67,-0.5802,40662.75,468119.619,0.7395,2.0839,0.84,216.1242,134.9909,14.2689,11.8301,10.3686,0.1742,0.1742,55000.0,54985.0,19513.1875,6314000.0,6312278.0,127.02,103.92,1.021
002920,德赛西威,汽车配件,广东,20171226,002920.SZ,20210202,113.56,115.99,109.6,115.47,113.56,1.91,1.6819,54452.4,622250.994,0.9903,2.7905,1.16,217.3855,135.7787,14.3521,11.8991,10.4291,0.1732,0.1732,55000.0,54985.0,19513.1875,6350850.0,6349117.95,124.92,102.2,1.021
002920,德赛西威,汽车配件,广东,20171226,002920.SZ,20210201,113.01,114.6,109.96,113.56,112.15,1.41,1.2572,40884.07,463153.948,0.7435,2.0952,0.77,213.7897,133.5328,14.1147,11.7023,10.2566,0.1761,0.1761,55000.0,54985.0,19513.1875,6245800.0,6244096.6,123.37,100.94,1.021
002920,德赛西威,汽车配件,广东,20171226,002920.SZ,20210129,115.39,117.3,109.67,112.15,113.62,-1.47,-1.2938,50123.23,573467.126,0.9116,2.5687,0.99,211.1352,131.8748,13.9395,11.557,10.1293,0.1783,0.1783,55000.0,54985.0,19513.1875,6168250.0,6166567.75,124.98,102.26,1.021
002920,德赛西威,汽车配件,广东,20171226,002920.SZ,20210128,116.41,118.79,111.6,113.62,119.86,-6.24,-5.2061,48737.47,556486.395,0.8864,2.4977,0.97,213.9027,133.6033,14.1222,11.7085,10.2621,0.176,0.176,55000.0,54985.0,19513.1875,6249100.0,6247395.7,131.85,107.87,1.021
002920,德赛西威,汽车配件,广东,20171226,002920.SZ,20210127,118.28,120.33,113.0,119.86,119.27,0.59,0.4947,46524.53,546732.576,0.8461,2.3843,0.86,225.6502,140.9408,14.8978,12.3515,10.8256,0.1669,0.1669,55000.0,54985.0,19513.1875,6592300.0,6590502.1,131.2,107.34,1.021
002920,德赛西威,汽车配件,广东,20171226,002920.SZ,20210126,118.32,121.5,117.51,119.27,118.7,0.57,0.4802,47819.7,570650.588,0.8697,2.4506,0.82,224.5395,140.247,14.8244,12.2907,10.7724,0.1677,0.1677,55000.0,54985.0,19513.1875,6559850.0,6558060.95,130.57,106.83,1.021
002920,德赛西威,汽车配件,广东,20171226,002920.SZ,20210125,122.2,124.0,117.17,118.7,122.99,-4.29,-3.4881,70564.73,844995.363,1.2833,3.6163,1.24,223.4664,139.5768,14.7536,12.232,10.7209,0.1685,0.1685,55000.0,54985.0,19513.1875,6528500.0,6526719.5,135.29,110.69,1.021
002920,德赛西威,汽车配件,广东,20171226,002920.SZ,20210122,123.0,124.95,121.05,122.99,122.9,0.09,0.0732,38546.55,472872.786,0.701,1.9754,0.63,231.5428,144.6213,15.2868,12.6741,11.1083,0.1626,0.1626,55000.0,54985.0,19513.1875,6764450.0,6762605.15,135.19,110.61,1.021
002920,德赛西威,汽车配件,广东,20171226,002920.SZ,20210121,122.41,124.89,120.14,122.9,125.7,-2.8,-2.2275,48949.28,598654.204,0.8902,2.5085,0.79,231.3733,144.5155,15.2756,12.6648,11.1002,0.1627,0.1627,55000.0,54985.0,19513.1875,6759500.0,6757656.5,138.27,113.13,1.021
002920,德赛西威,汽车配件,广东,20171226,002920.SZ,20210120,122.0,128.39,116.7,125.7,121.0,4.7,3.8843,65409.34,803334.962,1.1896,3.3521,1.14,236.6447,147.8079,15.6236,12.9533,11.3531,0.1591,0.1591,55000.0,54985.0,19513.1875,6913500.0,6911614.5,133.1,108.9,1.021
002920,德赛西威,汽车配件,广东,20171226,002920.SZ,20210119,114.41,123.5,110.99,121.0,113.72,7.28,6.4017,68148.51,797148.823,1.2394,3.4924,1.21,227.7964,142.2813,15.0395,12.469,10.9286,0.1653,0.1653,55000.0,54985.0,19513.1875,6655000.0,6653185.0,125.09,102.35,1.021
002920,德赛西威,汽车配件,广东,20171226,002920.SZ,20210118,102.69,113.72,98.12,113.72,103.38,10.34,10.0019,63161.56,682329.01,1.1487,3.2369,1.17,214.0909,133.7209,14.1346,11.7188,10.2711,0.1759,0.1759,55000.0,54985.0,19513.1875,6254600.0,6252894.2,113.72,93.04,1.021
002920,德赛西威,汽车配件,广东,20171226,002920.SZ,20210115,99.0,104.5,96.76,103.38,98.09,5.29,5.393,58891.83,591787.544,1.0711,3.0181,1.21,194.6247,121.5623,12.8494,10.6533,9.3372,0.1935,0.1935,55000.0,54985.0,19513.1875,5685900.0,5684349.3,107.9,88.28,1.021
002920,德赛西威,汽车配件,广东,20171226,002920.SZ,20210114,95.71,103.14,94.52,98.09,96.52,1.57,1.6266,52541.16,522054.011,0.9556,2.6926,1.19,184.6657,115.3419,12.1919,10.1081,8.8594,0.2039,0.2039,55000.0,54985.0,19513.1875,5394950.0,5393478.65,106.17,86.87,1.021
002920,德赛西威,汽车配件,广东,20171226,002920.SZ,20210113,99.51,101.34,94.5,96.52,100.66,-4.14,-4.1129,44337.6,432564.163,0.8064,2.2722,1.07,181.71,113.4958,11.9968,9.9463,8.7176,0.2072,0.2072,55000.0,54985.0,19513.1875,5308600.0,5307152.2,110.73,90.59,1.021
002920,德赛西威,汽车配件,广东,20171226,002920.SZ,20210112,97.6,100.75,92.0,100.66,96.83,3.83,3.9554,62931.16,608111.162,1.1445,3.2251,1.72,189.504,118.3639,12.5113,10.373,9.0915,0.1987,0.1987,55000.0,54985.0,19513.1875,5536300.0,5534790.1,106.51,87.15,1.021
002920,德赛西威,汽车配件,广东,20171226,002920.SZ,20210111,91.0,96.83,88.63,96.83,88.03,8.8,9.9966,50579.82,476203.853,0.9199,2.5921,1.42,182.2936,113.8603,12.0353,9.9783,8.7456,0.2065,0.2065,55000.0,54985.0,19513.1875,5325650.0,5324197.55,96.83,79.23,1.021
002920,德赛西威,汽车配件,广东,20171226,002920.SZ,20210108,87.89,90.5,86.68,88.03,87.57,0.46,0.5253,32132.23,284290.114,0.5844,1.6467,0.88,165.7266,103.5126,10.9415,9.0714,7.9508,0.2272,0.2272,55000.0,54985.0,19513.1875,4841650.0,4840329.55,96.33,78.81,1.021
002920,德赛西威,汽车配件,广东,20171226,002920.SZ,20210107,86.39,89.5,85.8,87.57,86.3,1.27,1.4716,31551.19,275712.413,0.5738,1.6169,0.81,164.8606,102.9717,10.8844,9.024,7.9092,0.2284,0.2284,55000.0,54985.0,19513.1875,4816350.0,4815036.45,94.93,77.67,1.021
002920,德赛西威,汽车配件,广东,20171226,002920.SZ,20210106,88.57,91.0,85.91,86.3,88.3,-2.0,-2.265,30841.32,268819.646,0.5609,1.5805,0.77,162.4696,101.4783,10.7265,8.8932,7.7945,0.2317,0.2317,55000.0,54985.0,19513.1875,4746500.0,4745205.5,97.13,79.47,1.0209
002920,德赛西威,汽车配件,广东,20171226,002920.SZ,20210105,86.46,89.0,85.08,88.3,85.5,2.8,3.2749,38070.53,332259.771,0.6924,1.951,0.9,166.2349,103.8301,10.9751,9.0993,7.9752,0.2265,0.2265,55000.0,54985.0,19513.1875,4856500.0,4855175.5,94.05,76.95,1.0209
002920,德赛西威,汽车配件,广东,20171226,002920.SZ,20210104,84.0,88.78,83.11,85.5,84.14,1.36,1.6164,45644.84,393810.211,0.8301,2.3392,1.13,160.9636,100.5376,10.6271,8.8107,7.7223,0.2339,0.2339,55000.0,54985.0,19513.1875,4702500.0,4701217.5,92.55,75.73,1.0209
002920,德赛西威,汽车配件,广东,20171226,002920.SZ,20201231,84.17,86.0,82.22,84.14,84.1,0.04,0.0476,36565.25,306794.251,0.665,1.8739,0.98,158.4032,98.9384,10.458,8.6706,7.5995,0.2377,0.2377,55000.0,54985.0,19513.1875,4627700.0,4626437.9,92.51,75.69,1.0209
002920,德赛西威,汽车配件,广东,20171226,002920.SZ,20201230,77.17,84.44,76.5,84.1,76.76,7.34,9.5623,43875.29,362408.456,0.798,2.2485,1.18,158.3279,98.8914,10.4531,8.6665,7.5958,0.2378,0.2378,55000.0,54985.0,19513.1875,4625500.0,4624238.5,84.44,69.08,1.0209
002920,德赛西威,汽车配件,广东,20171226,002920.SZ,20201229,74.65,78.57,74.4,76.76,76.87,-0.11,-0.1431,36037.14,276992.128,0.6554,1.8468,0.96,144.5095,90.2604,9.5407,7.9101,6.9329,0.2606,0.2606,55000.0,54985.0,19513.1875,4221800.0,4220648.6,84.56,69.18,1.0209
002920,德赛西威,汽车配件,广东,20171226,002920.SZ,20201228,70.71,76.88,70.2,76.87,71.4,5.47,7.6611,50481.22,375983.011,0.9181,2.587,1.39,144.7166,90.3898,9.5544,7.9214,6.9428,0.2602,0.2602,55000.0,54985.0,19513.1875,4227850.0,4226696.95,78.54,64.26,1.0209
002920,德赛西威,汽车配件,广东,20171226,002920.SZ,20201225,74.04,75.23,70.63,71.4,74.7,-3.3,-4.4177,35729.59,258615.118,2.9203,2.9203,1.07,134.4187,83.9577,8.8745,7.3577,6.4488,0.2801,0.2801,55000.0,12235.0,12235.0,3927000.0,873579.0,82.17,67.23,1.0209
002920,德赛西威,汽车配件,广东,20171226,002920.SZ,20201224,74.0,75.38,73.28,74.7,74.0,0.7,0.9459,21217.48,157744.33,1.7342,1.7342,0.61,140.6313,87.8381,9.2847,7.6978,6.7468,0.2677,0.2677,55000.0,12235.0,12235.0,4108500.0,913954.5,81.4,66.6,1.0209
002920,德赛西威,汽车配件,广东,20171226,002920.SZ,20201223,77.6,77.6,71.6,74.0,76.7,-2.7,-3.5202,41911.84,310336.44,3.4256,3.4256,1.41,139.3135,87.015,9.1977,7.6257,6.6836,0.2703,0.2703,55000.0,12235.0,12235.0,4070000.0,905390.0,84.37,69.03,1.0209
002920,德赛西威,汽车配件,广东,20171226,002920.SZ,20201222,78.14,79.95,76.5,76.7,78.16,-1.46,-1.868,37868.45,296072.717,3.0951,3.0951,1.49,144.3965,90.1899,9.5333,7.9039,6.9275,0.2608,0.2608,55000.0,12235.0,12235.0,4218500.0,938424.5,85.98,70.34,1.0209
002920,德赛西威,汽车配件,广东,20171226,002920.SZ,20201221,72.85,78.73,72.23,78.16,72.85,5.31,7.2889,45150.22,344116.444,3.6903,3.6903,2.06,147.1452,91.9067,9.7148,8.0543,7.0593,0.2559,0.2559,55000.0,12235.0,12235.0,4298800.0,956287.6,80.14,65.57,1.0209
002920,德赛西威,汽车配件,广东,20171226,002920.SZ,20201218,73.15,73.75,72.19,72.85,72.9,-0.05,-0.0686,20754.65,151452.191,1.6963,1.6963,0.87,137.1485,85.6628,9.0548,7.5072,6.5797,0.2745,0.2745,55000.0,12235.0,12235.0,4006750.0,891319.75,80.19,65.61,1.0209
002920,德赛西威,汽车配件,广东,20171226,002920.SZ,20201217,73.87,75.3,72.68,72.9,73.81,-0.91,-1.2329,28939.34,213578.168,2.3653,2.3653,1.21,137.2426,85.7215,9.061,7.5123,6.5843,0.2743,0.2743,55000.0,12235.0,12235.0,4009500.0,891931.5,81.19,66.43,1.0209
002920,德赛西威,汽车配件,广东,20171226,002920.SZ,20201216,73.53,74.21,72.68,73.81,73.62,0.19,0.2581,15802.11,116396.966,1.2915,1.2915,0.58,138.9558,86.7916,9.1741,7.6061,6.6665,0.271,0.271,55000.0,12235.0,12235.0,4059550.0,903065.35,80.98,66.26,1.0209
002920,德赛西威,汽车配件,广东,20171226,002920.SZ,20201215,74.0,74.75,72.79,73.62,73.81,-0.19,-0.2574,16510.38,121177.04,1.3494,1.3494,0.55,138.5981,86.5682,9.1505,7.5865,6.6493,0.2717,0.2717,55000.0,12235.0,12235.0,4049100.0,900740.7,81.19,66.43,1.0209
002920,德赛西威,汽车配件,广东,20171226,002920.SZ,20201214,70.5,73.83,70.5,73.81,71.64,2.17,3.029,27438.92,199249.241,2.2427,2.2427,0.87,138.9558,86.7916,9.1741,7.6061,6.6665,0.271,0.271,55000.0,12235.0,12235.0,4059550.0,903065.35,78.8,64.48,1.0209
002920,德赛西威,汽车配件,广东,20171226,002920.SZ,20201211,71.99,73.37,71.3,71.64,72.37,-0.73,-1.0087,31008.21,223523.798,2.5344,2.5344,1.03,134.8705,84.2399,8.9044,7.3825,6.4705,0.2792,0.2792,55000.0,12235.0,12235.0,3940200.0,876515.4,79.61,65.13,1.0209
002920,德赛西威,汽车配件,广东,20171226,002920.SZ,20201210,70.0,73.0,69.9,72.37,71.1,1.27,1.7862,28401.21,203434.531,2.3213,2.3213,0.86,136.2448,85.0983,8.9951,7.4577,6.5364,0.2764,0.2764,55000.0,12235.0,12235.0,3980350.0,885446.95,78.21,63.99,1.0209
002920,德赛西威,汽车配件,广东,20171226,002920.SZ,20201209,74.9,75.9,71.0,71.1,75.05,-3.95,-5.2632,32164.38,235751.169,2.6289,2.6289,1.0,133.8539,83.605,8.8372,7.3268,6.4217,0.2813,0.2813,55000.0,12235.0,12235.0,3910500.0,869908.5,82.56,67.55,1.0209
002920,德赛西威,汽车配件,广东,20171226,002920.SZ,20201208,74.23,76.33,73.0,75.05,74.22,0.83,1.1183,31633.91,237502.421,2.5855,2.5855,0.96,141.2902,88.2497,9.3282,7.7339,6.7784,0.2665,0.2665,55000.0,12235.0,12235.0,4127750.0,918236.75,81.64,66.8,1.0209
002920,德赛西威,汽车配件,广东,20171226,002920.SZ,20201207,72.9,75.45,72.38,74.22,73.48,0.74,1.0071,35137.59,260781.34,2.8719,2.8719,0.94,139.7277,87.2737,9.225,7.6483,6.7035,0.2695,0.2695,55000.0,12235.0,12235.0,4082100.0,908081.7,80.83,66.13,1.0209
002920,德赛西威,汽车配件,广东,20171226,002920.SZ,20201204,72.46,74.5,71.88,73.48,73.12,0.36,0.4923,23561.85,173307.578,1.9258,1.9258,0.53,138.3345,86.4036,9.1331,7.5721,6.6366,0.2722,0.2722,55000.0,12235.0,12235.0,4041400.0,899027.8,80.43,65.81,1.0209
002920,德赛西威,汽车配件,广东,20171226,002920.SZ,20201203,71.99,73.59,70.08,73.12,72.9,0.22,0.3018,42456.71,305382.177,3.4701,3.4701,0.79,137.6568,85.9802,9.0883,7.535,6.6041,0.2735,0.2735,55000.0,12235.0,12235.0,4021600.0,894623.2,80.19,65.61,1.0209
002920,德赛西威,汽车配件,广东,20171226,002920.SZ,20201202,72.72,73.65,71.26,72.9,73.03,-0.13,-0.178,28197.21,204229.403,2.3046,2.3046,0.42,137.2426,85.7215,9.061,7.5123,6.5843,0.2743,0.2743,55000.0,12235.0,12235.0,4009500.0,891931.5,80.33,65.73,1.0209
002920,德赛西威,汽车配件,广东,20171226,002920.SZ,20201201,72.98,73.53,71.0,73.03,73.89,-0.86,-1.1639,35044.17,254676.138,2.8643,2.8643,0.46,137.4874,85.8744,9.0771,7.5257,6.596,0.2739,0.2739,55000.0,12235.0,12235.0,4016650.0,893522.05,81.28,66.5,1.0209
002920,德赛西威,汽车配件,广东,20171226,002920.SZ,20201130,75.43,75.6,70.56,73.89,76.58,-2.69,-3.5127,58007.55,421680.895,4.7411,4.7411,0.76,139.1064,86.8857,9.184,7.6143,6.6737,0.2707,0.2707,55000.0,12235.0,12235.0,4063950.0,904044.15,84.24,68.92,1.0209
002920,德赛西威,汽车配件,广东,20171226,002920.SZ,20201127,72.9,76.82,72.1,76.58,74.0,2.58,3.4865,60193.62,450471.247,4.9198,4.9198,0.76,144.1706,90.0488,9.5184,7.8915,6.9166,0.2612,0.2612,55000.0,12235.0,12235.0,4211900.0,936956.3,81.4,66.6,1.0209
002920,德赛西威,汽车配件,广东,20171226,002920.SZ,20201126,74.58,75.89,71.38,74.0,77.19,-3.19,-4.1327,87334.98,637704.259,7.1381,7.1381,1.19,139.3135,87.015,9.1977,7.6257,6.6836,0.2703,0.2703,55000.0,12235.0,12235.0,4070000.0,905390.0,84.91,69.47,1.0209
002920,德赛西威,汽车配件,广东,20171226,002920.SZ,20201125,85.54,85.99,77.19,77.19,85.77,-8.58,-10.0035,98557.11,782247.837,8.0553,8.0553,1.41,145.319,90.7661,9.5942,7.9544,6.9717,0.2591,0.2591,55000.0,12235.0,12235.0,4245450.0,944419.65,94.35,77.19,1.0209
002920,德赛西威,汽车配件,广东,20171226,002920.SZ,20201124,89.0,91.0,83.11,85.77,85.61,0.16,0.1869,78255.6,676363.245,6.396,6.396,1.1,161.4719,100.8551,10.6606,8.8386,7.7467,0.2332,0.2332,55000.0,12235.0,12235.0,4717350.0,1049395.95,94.17,77.05,1.0209
002920,德赛西威,汽车配件,广东,20171226,002920.SZ,20201123,86.0,86.48,83.16,85.61,83.03,2.58,3.1073,57949.11,492737.642,4.7363,4.7363,0.67,161.1706,100.667,10.6407,8.8221,7.7322,0.2336,0.2336,55000.0,12235.0,12235.0,4708550.0,1047438.35,91.33,74.73,1.0209
002920,德赛西威,汽车配件,广东,20171226,002920.SZ,20201120,83.0,84.26,81.19,83.03,84.0,-0.97,-1.1548,74381.62,617305.479,6.0794,6.0794,0.83,156.3135,97.6332,10.3201,8.5562,7.4992,0.2409,0.2409,55000.0,12235.0,12235.0,4566650.0,1015872.05,92.4,75.6,1.0209
002920,德赛西威,汽车配件,广东,20171226,002920.SZ,20201119,84.89,86.0,83.11,84.0,84.0,0.0,0.0,58828.39,496487.463,4.8082,4.8082,0.72,158.1396,98.7738,10.4406,8.6562,7.5868,0.2381,0.2381,55000.0,12235.0,12235.0,4620000.0,1027740.0,92.4,75.6,1.0209
002920,德赛西威,汽车配件,广东,20171226,002920.SZ,20201118,84.11,86.56,83.0,84.0,82.86,1.14,1.3758,79679.7,676301.27,6.5124,6.5124,1.12,158.1396,98.7738,10.4406,8.6562,7.5868,0.2381,0.2381,55000.0,12235.0,12235.0,4620000.0,1027740.0,91.15,74.57,1.0209
002920,德赛西威,汽车配件,广东,20171226,002920.SZ,20201117,85.3,86.97,82.81,82.86,84.5,-1.64,-1.9408,84349.28,713413.431,6.8941,6.8941,1.37,155.9935,97.4333,10.2989,8.5387,7.4838,0.2414,0.2414,55000.0,12235.0,12235.0,4557300.0,1013792.1,92.95,76.05,1.0209
002920,德赛西威,汽车配件,广东,20171226,002920.SZ,20201116,76.0,85.68,76.0,84.5,77.89,6.61,8.4863,133092.67,1082907.199,10.878,10.878,3.2,159.0809,99.3617,10.5028,8.7077,7.632,0.2367,0.2367,55000.0,12235.0,12235.0,4647500.0,1033857.5,85.68,70.1,1.0209
002920,德赛西威,汽车配件,广东,20171226,002920.SZ,20201113,71.73,77.89,71.0,77.89,70.81,7.08,9.9986,89450.85,684795.847,7.3111,7.3111,2.81,146.6369,91.5892,9.6812,8.0265,7.035,0.2568,0.2568,55000.0,12235.0,12235.0,4283950.0,952984.15,77.89,63.73,1.0209
002920,德赛西威,汽车配件,广东,20171226,002920.SZ,20201112,72.39,72.39,70.03,70.81,71.0,-0.19,-0.2676,21739.36,154420.614,1.7768,1.7768,0.59,133.3079,83.264,8.8012,7.2969,6.3955,0.2824,0.2824,55000.0,12235.0,12235.0,3894550.0,866360.35,78.1,63.9,1.0209
002920,德赛西威,汽车配件,广东,20171226,002920.SZ,20201111,73.3,73.38,70.8,71.0,73.34,-2.34,-3.1906,28480.24,204890.92,2.3278,2.3278,0.73,133.6656,83.4874,8.8248,7.3165,6.4127,0.2817,0.2817,55000.0,12235.0,12235.0,3905000.0,868685.0,80.67,66.01,1.0209
002920,德赛西威,汽车配件,广东,20171226,002920.SZ,20201110,72.69,74.1,69.83,73.34,72.33,1.01,1.3964,34249.44,247440.641,2.7993,2.7993,0.84,138.071,86.2389,9.1157,7.5576,6.624,0.2727,0.2727,55000.0,12235.0,12235.0,4033700.0,897314.9,79.56,65.1,1.0209
002920,德赛西威,汽车配件,广东,20171226,002920.SZ,20201109,72.17,74.24,71.05,72.33,71.92,0.41,0.5701,34026.83,247208.931,2.7811,2.7811,0.81,136.1695,85.0513,8.9901,7.4536,6.5328,0.2765,0.2765,55000.0,12235.0,12235.0,3978150.0,884957.55,79.11,64.73,1.0209
002920,德赛西威,汽车配件,广东,20171226,002920.SZ,20201106,75.19,75.31,69.9,71.92,75.2,-3.28,-4.3617,40890.82,293531.599,3.3421,3.3421,1.07,135.3976,84.5692,8.9392,7.4113,6.4958,0.2781,0.2781,55000.0,12235.0,12235.0,3955600.0,879941.2,82.72,67.68,1.0209
002920,德赛西威,汽车配件,广东,20171226,002920.SZ,20201105,74.2,75.91,73.36,75.2,73.34,1.86,2.5361,45434.84,338087.067,3.7135,3.7135,1.35,141.5726,88.4261,9.3468,7.7493,6.792,0.266,0.266,55000.0,12235.0,12235.0,4136000.0,920072.0,80.67,66.01,1.0209
002920,德赛西威,汽车配件,广东,20171226,002920.SZ,20201104,70.86,73.86,70.54,73.34,70.99,2.35,3.3103,40531.81,294110.656,3.3128,3.3128,1.28,138.071,86.2389,9.1157,7.5576,6.624,0.2727,0.2727,55000.0,12235.0,12235.0,4033700.0,897314.9,78.09,63.89,1.0209
002920,德赛西威,汽车配件,广东,20171226,002920.SZ,20201103,72.15,72.95,70.43,70.99,71.47,-0.48,-0.6716,43283.37,309860.655,3.5377,3.5377,1.4,133.6468,83.4756,8.8236,7.3155,6.4118,0.2817,0.2817,55000.0,12235.0,12235.0,3904450.0,868562.65,78.62,64.32,1.0209
002920,德赛西威,汽车配件,广东,20171226,002920.SZ,20201102,68.0,72.48,67.38,71.47,68.0,3.47,5.1029,39563.94,278514.195,3.2337,3.2337,1.45,134.5505,84.04,8.8832,7.3649,6.4551,0.2798,0.2798,55000.0,12235.0,12235.0,3930850.0,874435.45,74.8,61.2,1.0209
002920,德赛西威,汽车配件,广东,20171226,002920.SZ,20201030,67.87,69.38,67.87,68.0,68.34,-0.34,-0.4975,22289.87,152931.76,1.8218,1.8218,0.79,128.0178,79.9597,8.4519,7.0074,6.1417,0.2941,0.2941,55000.0,12235.0,12235.0,3740000.0,831980.0,75.17,61.51,1.0209
002920,德赛西威,汽车配件,广东,20171226,002920.SZ,20201029,66.8,68.89,66.8,68.34,67.78,0.56,0.8262,22327.93,152354.526,1.8249,1.8249,0.78,128.6579,80.3595,8.4942,7.0424,6.1724,0.2927,0.2927,55000.0,12235.0,12235.0,3758700.0,836139.9,74.56,61.0,1.0209
002920,德赛西威,汽车配件,广东,20171226,002920.SZ,20201028,67.12,68.63,66.59,67.78,66.91,0.87,1.3003,31003.46,210026.386,2.534,2.534,1.13,127.6036,79.7011,8.4246,6.9847,6.1218,0.2951,0.2951,55000.0,12235.0,12235.0,3727900.0,829288.3,73.6,60.22,1.0209
002920,德赛西威,汽车配件,广东,20171226,002920.SZ,20201027,63.86,67.04,63.86,66.91,64.54,2.37,3.6721,38854.72,256316.174,3.1757,3.1757,1.58,125.9658,78.678,8.3165,6.895,6.0433,0.2989,0.2989,55000.0,12235.0,12235.0,3680050.0,818643.85,70.99,58.09,1.0209
002920,德赛西威,汽车配件,广东,20171226,002920.SZ,20201026,63.3,64.63,61.1,64.54,63.31,1.23,1.9428,21544.04,136126.158,1.7609,1.7609,0.76,121.504,84.6211,8.1936,6.6508,6.2689,0.3099,0.3099,55000.0,12235.0,12235.0,3549700.0,789646.9,69.64,56.98,1.0209
002920,德赛西威,汽车配件,广东,20171226,002920.SZ,20201023,66.12,66.69,63.28,63.31,66.15,-2.84,-4.2933,27565.3,177929.316,2.253,2.253,0.9,119.1883,83.0084,8.0375,6.5241,6.1494,0.3159,0.3159,55000.0,12235.0,12235.0,3482050.0,774597.85,72.77,59.54,1.0209
002920,德赛西威,汽车配件,广东,20171226,002920.SZ,20201022,66.99,67.29,64.1,66.15,66.93,-0.78,-1.1654,23719.46,155382.685,1.9387,1.9387,0.69,124.535,86.732,8.398,6.8167,6.4252,0.3023,0.3023,55000.0,12235.0,12235.0,3638250.0,809345.25,73.62,60.24,1.0209
002920,德赛西威,汽车配件,广东,20171226,002920.SZ,20201021,68.79,69.36,66.4,66.93,68.15,-1.22,-1.7902,25194.1,169884.149,2.0592,2.0592,0.69,126.0034,87.7547,8.497,6.8971,6.501,0.2988,0.2988,55000.0,12235.0,12235.0,3681150.0,818888.55,74.97,61.34,1.0209
002920,德赛西威,汽车配件,广东,20171226,002920.SZ,20201020,68.7,68.7,66.6,68.15,68.2,-0.05,-0.0733,24627.1,166063.457,2.0128,2.0128,0.65,128.3002,89.3543,8.6519,7.0228,6.6195,0.2935,0.2935,55000.0,12235.0,12235.0,3748250.0,833815.25,75.02,61.38,1.0209
002920,德赛西威,汽车配件,广东,20171226,002920.SZ,20201019,71.61,72.13,68.2,68.2,71.83,-3.63,-5.0536,41168.54,286972.968,3.3648,3.3648,1.07,128.3943,89.4199,8.6583,7.028,6.6244,0.2933,0.2933,55000.0,12235.0,12235.0,3751000.0,834427.0,79.01,64.65,1.0209
002920,德赛西威,汽车配件,广东,20171226,002920.SZ,20201016,70.45,71.99,69.9,71.83,71.0,0.83,1.169,38371.72,272561.234,3.1362,3.1362,0.99,135.2282,94.1793,9.1191,7.402,6.9769,0.2784,0.2784,55000.0,12235.0,12235.0,3950650.0,878840.05,78.1,63.9,1.0209
002920,德赛西威,汽车配件,广东,20171226,002920.SZ,20201015,74.55,74.9,70.9,71.0,74.7,-3.7,-4.9531,42892.27,310921.196,3.5057,3.5057,1.16,133.6656,93.0911,9.0137,7.3165,6.8963,0.2817,0.2817,55000.0,12235.0,12235.0,3905000.0,868685.0,82.17,67.23,1.0209
002920,德赛西威,汽车配件,广东,20171226,002920.SZ,20201014,72.0,74.8,71.2,74.7,73.21,1.49,2.0352,35325.42,259425.162,2.8872,2.8872,0.88,140.6313,97.9423,9.4835,7.6978,7.2557,0.2677,0.2677,55000.0,12235.0,12235.0,4108500.0,913954.5,80.53,65.89,1.0209
002920,德赛西威,汽车配件,广东,20171226,002920.SZ,20201013,72.72,74.5,72.13,73.21,72.51,0.7,0.9654,31206.57,228353.835,2.5506,2.5506,0.77,137.8262,95.9887,9.2943,7.5443,7.111,0.2732,0.2732,55000.0,12235.0,12235.0,4026550.0,895724.35,79.76,65.26,1.0209
002920,德赛西威,汽车配件,广东,20171226,002920.SZ,20201012,73.0,75.8,71.07,72.51,72.17,0.34,0.4711,44755.78,326079.864,3.658,3.658,1.22,136.5084,95.0709,9.2054,7.4721,7.043,0.2758,0.2758,55000.0,12235.0,12235.0,3988050.0,887159.85,79.39,64.95,1.0209
002920,德赛西威,汽车配件,广东,20171226,002920.SZ,20201009,72.77,73.48,71.0,72.17,71.05,1.12,1.5764,38887.24,280754.563,3.1784,3.1784,1.16,135.8683,94.6251,9.1623,7.4371,7.01,0.2771,0.2771,55000.0,12235.0,12235.0,3969350.0,882999.95,78.16,63.95,1.0209
002920,德赛西威,汽车配件,广东,20171226,002920.SZ,20200930,70.49,72.45,70.21,71.05,70.7,0.35,0.495,33969.23,243231.305,2.7764,2.7764,1.1,133.7598,93.1566,9.0201,7.3217,6.9012,0.2815,0.2815,55000.0,12235.0,12235.0,3907750.0,869296.75,77.77,63.63,1.0209
002920,德赛西威,汽车配件,广东,20171226,002920.SZ,20200929,72.0,72.0,66.68,70.7,71.57,-0.87,-1.2156,51348.55,358985.362,4.1969,4.1969,2.07,133.1009,92.6977,8.9757,7.2856,6.8672,0.2829,0.2829,55000.0,12235.0,12235.0,3888500.0,865014.5,78.73,64.41,1.0209
002920,德赛西威,汽车配件,广东,20171226,002920.SZ,20200928,70.66,71.95,70.0,71.57,70.65,0.92,1.3022,32705.75,232728.609,2.6731,2.6731,1.37,134.7387,93.8384,9.0861,7.3753,6.9517,0.2794,0.2794,55000.0,12235.0,12235.0,3936350.0,875658.95,77.72,63.59,1.0209
002920,德赛西威,汽车配件,广东,20171226,002920.SZ,20200925,69.42,71.8,69.42,70.65,70.15,0.5,0.7128,26475.5,187111.815,2.1639,2.1639,1.07,133.0067,92.6322,8.9693,7.2804,6.8623,0.2831,0.2831,55000.0,12235.0,12235.0,3885750.0,864402.75,77.17,63.14,1.0209
002920,德赛西威,汽车配件,广东,20171226,002920.SZ,20200924,69.78,70.99,69.13,70.15,70.25,-0.1,-0.1423,23755.88,166556.381,1.9416,1.9416,0.93,132.0654,91.9766,8.9058,7.2289,6.8138,0.2851,0.2851,55000.0,12235.0,12235.0,3858250.0,858285.25,77.28,63.23,1.0209
002920,德赛西威,汽车配件,广东,20171226,002920.SZ,20200923,70.0,71.35,68.8,70.25,68.85,1.4,2.0334,19932.62,139798.994,1.6291,1.6291,0.7,132.2537,92.1077,8.9185,7.2392,6.8235,0.2847,0.2847,55000.0,12235.0,12235.0,3863750.0,859508.75,75.74,61.97,1.0209
002920,德赛西威,汽车配件,广东,20171226,002920.SZ,20200922,68.91,70.09,68.52,68.85,69.94,-1.09,-1.5585,21021.49,145900.199,1.7181,1.7181,0.71,129.618,90.2721,8.7408,7.095,6.6875,0.2905,0.2905,55000.0,12235.0,12235.0,3786750.0,842379.75,76.93,62.95,1.0209
002920,德赛西威,汽车配件,广东,20171226,002920.SZ,20200921,69.28,71.32,68.69,69.94,69.21,0.73,1.0548,28328.38,198095.405,2.3154,2.3154,0.86,131.6701,91.7013,8.8792,7.2073,6.7934,0.286,0.286,55000.0,12235.0,12235.0,3846700.0,855715.9,76.13,62.29,1.0209
002920,德赛西威,汽车配件,广东,20171226,002920.SZ,20200918,68.39,69.66,67.23,69.21,68.46,0.75,1.0955,31252.79,215236.29,2.3407,2.3407,0.86,129.7122,90.3377,8.7471,7.1001,6.6924,0.289,0.289,55000.0,12235.0,12235.0,3789500.0,842991.5,75.31,61.61,1.0209
002920,德赛西威,汽车配件,广东,20171226,002920.SZ,20200917,67.28,69.32,66.66,68.46,67.4,1.06,1.5727,26798.33,182073.653,2.1903,2.1903,0.74,128.8838,89.7608,8.6913,7.0548,6.6496,0.2921,0.2921,55000.0,12235.0,12235.0,3765300.0,837608.1,74.14,60.66,1.0209
002920,德赛西威,汽车配件,广东,20171226,002920.SZ,20200916,66.8,68.4,66.52,67.4,67.26,0.14,0.2081,34496.43,232044.722,2.8195,2.8195,0.9,126.8882,88.371,8.5567,6.9455,6.5467,0.2967,0.2967,55000.0,12235.0,12235.0,3707000.0,824639.0,73.99,60.53,1.0209
002920,德赛西威,汽车配件,广东,20171226,002920.SZ,20200915,64.92,67.34,64.51,67.26,65.77,1.49,2.2655,27392.77,182276.144,2.2389,2.2389,0.68,126.6247,88.1874,8.5389,6.9311,6.5331,0.2974,0.2974,55000.0,12235.0,12235.0,3699300.0,822926.1,72.35,59.19,1.0209
002920,德赛西威,汽车配件,广东,20171226,002920.SZ,20200914,65.61,67.8,64.0,65.77,64.96,0.81,1.2469,44783.23,293936.791,3.6603,3.6603,1.17,123.8196,86.2338,8.3498,6.7776,6.3883,0.3041,0.3041,55000.0,12235.0,12235.0,3617350.0,804695.95,71.46,58.46,1.0209
002920,德赛西威,汽车配件,广东,20171226,002920.SZ,20200911,61.98,65.1,61.53,64.96,62.31,2.65,4.2529,32644.76,209277.014,2.6681,2.6681,0.9,122.2947,85.1718,8.2469,6.6941,6.3097,0.3079,0.3079,55000.0,12235.0,12235.0,3572800.0,794785.6,68.54,56.08,1.0209
002920,德赛西威,汽车配件,广东,20171226,002920.SZ,20200910,60.97,64.37,60.8,62.31,60.48,1.83,3.0258,41136.26,258359.568,3.3622,3.3622,1.27,117.3057,81.6973,7.9105,6.421,6.0523,0.321,0.321,55000.0,12235.0,12235.0,3427050.0,762362.85,66.53,54.43,1.0209
002920,德赛西威,汽车配件,广东,20171226,002920.SZ,20200909,62.94,63.5,59.5,60.48,63.67,-3.19,-5.0102,45378.46,277863.294,3.7089,3.7089,1.54,113.8605,79.2979,7.6782,6.2324,5.8745,0.3307,0.3307,55000.0,12235.0,12235.0,3326400.0,739972.8,70.04,57.3,1.0209
002920,德赛西威,汽车配件,广东,20171226,002920.SZ,20200908,64.56,65.3,62.81,63.67,64.4,-0.73,-1.1335,36912.7,234391.146,3.017,3.017,1.36,119.8661,83.4804,8.0832,6.5612,6.1844,0.3141,0.3141,55000.0,12235.0,12235.0,3501850.0,779002.45,70.84,57.96,1.0209
002920,德赛西威,汽车配件,广东,20171226,002920.SZ,20200907,67.24,67.43,64.31,64.4,67.6,-3.2,-4.7337,35292.15,231946.432,2.8845,2.8845,1.36,121.2404,84.4375,8.1758,6.6364,6.2553,0.3106,0.3106,55000.0,12235.0,12235.0,3542000.0,787934.0,74.36,60.84,1.0209
002920,德赛西威,汽车配件,广东,20171226,002920.SZ,20200904,67.51,68.48,67.2,67.6,68.79,-1.19,-1.7299,22092.84,149563.556,1.8057,1.8057,0.77,127.2648,88.6332,8.5821,6.9661,6.5661,0.2959,0.2959,55000.0,12235.0,12235.0,3718000.0,827086.0,75.67,61.91,1.0209
002920,德赛西威,汽车配件,广东,20171226,002920.SZ,20200903,69.34,70.15,68.51,68.79,70.09,-1.3,-1.8548,22031.97,152342.329,1.8007,1.8007,0.74,129.5051,90.1935,8.7332,7.0888,6.6817,0.2907,0.2907,55000.0,12235.0,12235.0,3783450.0,841645.65,77.1,63.08,1.0209
002920,德赛西威,汽车配件,广东,20171226,002920.SZ,20200902,70.5,71.33,68.31,70.09,69.8,0.29,0.4155,30676.39,213487.119,2.5073,2.5073,1.01,131.9525,91.8979,8.8982,7.2227,6.8079,0.2853,0.2853,55000.0,12235.0,12235.0,3854950.0,857551.15,76.78,62.82,1.0209
002920,德赛西威,汽车配件,广东,20171226,002920.SZ,20200901,68.55,70.66,68.0,69.8,69.66,0.14,0.201,25583.41,177940.905,2.091,2.091,0.82,131.4065,91.5177,8.8614,7.1929,6.7798,0.2865,0.2865,55000.0,12235.0,12235.0,3839000.0,854003.0,76.63,62.69,1.0209
002920,德赛西威,汽车配件,广东,20171226,002920.SZ,20200831,70.3,71.68,69.66,69.66,70.9,-1.24,-1.7489,28995.07,203896.504,2.3698,2.3698,0.9,131.1429,91.3341,8.8436,7.1784,6.7662,0.2871,0.2871,55000.0,12235.0,12235.0,3831300.0,852290.1,77.99,63.81,1.0209
002920,德赛西威,汽车配件,广东,20171226,002920.SZ,20200828,70.0,71.33,68.17,70.9,70.9,0.0,0.0,35393.65,246785.701,2.8928,2.8928,1.09,133.4774,92.96,9.001,7.3062,6.8866,0.2821,0.2821,55000.0,12235.0,12235.0,3899500.0,867461.5,77.99,63.81,1.0209
002920,德赛西威,汽车配件,广东,20171226,002920.SZ,20200827,70.0,71.65,69.17,70.9,69.0,1.9,2.7536,27430.46,193094.185,2.242,2.242,0.8,133.4774,92.96,9.001,7.3062,6.8866,0.2821,0.2821,55000.0,12235.0,12235.0,3899500.0,867461.5,75.9,62.1,1.0209
002920,德赛西威,汽车配件,广东,20171226,002920.SZ,20200826,71.9,73.64,69.0,69.0,72.39,-3.39,-4.683,34153.22,241889.957,2.7914,2.7914,0.99,129.9004,90.4688,8.7598,7.1104,6.7021,0.2899,0.2899,55000.0,12235.0,12235.0,3795000.0,844215.0,79.63,65.15,1.0209
002920,德赛西威,汽车配件,广东,20171226,002920.SZ,20200825,73.33,75.26,72.0,72.39,73.02,-0.63,-0.8628,30279.87,222254.828,2.4749,2.4749,0.75,136.2825,94.9136,9.1902,7.4598,7.0313,0.2763,0.2763,55000.0,12235.0,12235.0,3981450.0,885691.65,80.32,65.72,1.0209
002920,德赛西威,汽车配件,广东,20171226,002920.SZ,20200824,73.25,74.3,71.33,73.02,71.48,1.54,2.1544,34538.16,252269.597,2.8229,2.8229,0.69,137.4685,95.7396,9.2702,7.5247,7.0925,0.2739,0.2739,55000.0,12235.0,12235.0,4016100.0,893399.7,78.63,64.33,1.0209
002920,德赛西威,汽车配件,广东,20171226,002920.SZ,20200821,72.87,75.28,70.98,71.48,73.1,-1.62,-2.2161,35291.1,255888.881,2.8844,2.8844,0.68,134.5693,93.7204,9.0747,7.366,6.943,0.2798,0.2798,55000.0,12235.0,12235.0,3931400.0,874557.8,80.41,65.79,1.0209
002920,德赛西威,汽车配件,广东,20171226,002920.SZ,20200820,72.79,75.3,72.6,73.1,74.85,-1.75,-2.338,36282.52,267137.151,2.9655,2.9655,0.7,137.6191,95.8445,9.2803,7.5329,7.1003,0.2736,0.2736,55000.0,12235.0,12235.0,4020500.0,894378.5,82.34,67.37,1.0209
002920,德赛西威,汽车配件,广东,20171226,002920.SZ,20200819,76.13,76.9,73.75,74.85,75.0,-0.15,-0.2,36128.61,271595.454,2.9529,2.9529,0.62,140.9137,98.139,9.5025,7.7133,7.2703,0.2672,0.2672,55000.0,12235.0,12235.0,4116750.0,915789.75,82.5,67.5,1.0209
002920,德赛西威,汽车配件,广东,20171226,002920.SZ,20200818,75.69,77.48,74.69,75.0,74.85,0.15,0.2004,60026.57,454953.876,4.9061,4.9061,1.04,141.1961,98.3356,9.5216,7.7287,7.2849,0.2667,0.2667,55000.0,12235.0,12235.0,4125000.0,917625.0,82.34,67.37,1.0209
002920,德赛西威,汽车配件,广东,20171226,002920.SZ,20200817,69.45,75.66,68.87,74.85,68.81,6.04,8.7778,81556.16,597207.817,6.6658,6.6658,1.69,140.9137,98.139,9.5025,7.7133,7.2703,0.2672,0.2672,55000.0,12235.0,12235.0,4116750.0,915789.75,75.69,61.93,1.0209
002920,德赛西威,汽车配件,广东,20171226,002920.SZ,20200814,67.82,69.98,67.08,68.81,66.87,1.94,2.9012,46908.12,322611.302,3.8339,3.8339,0.98,129.5427,90.2197,8.7357,7.0908,6.6836,0.2907,0.2907,55000.0,12235.0,12235.0,3784550.0,841890.35,73.56,60.18,1.0209
002920,德赛西威,汽车配件,广东,20171226,002920.SZ,20200813,66.84,67.0,64.5,66.87,66.17,0.7,1.0579,35413.34,233598.5,2.8944,2.8944,0.73,125.8904,120.9695,8.8405,6.8909,6.7121,0.2991,0.2991,55000.0,12235.0,12235.0,3677850.0,818154.45,72.79,59.55,1.0209
002920,德赛西威,汽车配件,广东,20171226,002920.SZ,20200812,69.0,69.65,64.2,66.17,70.08,-3.91,-5.5793,68915.28,457551.319,5.6326,5.6326,1.59,124.5726,119.7032,8.748,6.8188,6.6419,0.3023,0.3023,55000.0,12235.0,12235.0,3639350.0,809589.95,77.09,63.07,1.0209
002920,德赛西威,汽车配件,广东,20171226,002920.SZ,20200811,69.8,73.93,69.52,70.08,69.7,0.38,0.5452,55340.67,398236.192,4.5231,4.5231,1.27,131.9336,126.7765,9.2649,7.2217,7.0344,0.2854,0.2854,55000.0,12235.0,12235.0,3854400.0,857428.8,76.67,62.73,1.0209
002920,德赛西威,汽车配件,广东,20171226,002920.SZ,20200810,68.82,70.16,67.65,69.7,69.59,0.11,0.1581,34417.77,236694.581,2.8131,2.8131,0.76,131.2182,126.089,9.2147,7.1825,6.9962,0.2869,0.2869,55000.0,12235.0,12235.0,3833500.0,852779.5,76.55,62.63,1.0209
002920,德赛西威,汽车配件,广东,20171226,002920.SZ,20200807,70.25,71.59,67.38,69.59,70.4,-0.81,-1.1506,45745.74,316247.548,3.7389,3.7389,1.05,131.0112,125.89,9.2001,7.1712,6.9852,0.2874,0.2874,55000.0,12235.0,12235.0,3827450.0,851433.65,77.44,63.36,1.0209
002920,德赛西威,汽车配件,广东,20171226,002920.SZ,20200806,70.39,71.59,69.5,70.4,70.19,0.21,0.2992,39219.82,276930.146,3.2055,3.2055,0.8,132.5361,127.3553,9.3072,7.2547,7.0665,0.2841,0.2841,55000.0,12235.0,12235.0,3872000.0,861344.0,77.21,63.17,1.0209
002920,德赛西威,汽车配件,广东,20171226,002920.SZ,20200805,69.01,70.9,68.14,70.19,69.0,1.19,1.7246,41680.99,290934.423,3.4067,3.4067,0.83,132.1407,126.9755,9.2794,7.233,7.0454,0.2849,0.2849,55000.0,12235.0,12235.0,3860450.0,858774.65,75.9,62.1,1.0209
002920,德赛西威,汽车配件,广东,20171226,002920.SZ,20200804,72.03,72.79,68.8,69.0,71.93,-2.93,-4.0734,57536.32,400098.607,4.7026,4.7026,1.22,129.9004,124.8227,9.1221,7.1104,6.9259,0.2899,0.2899,55000.0,12235.0,12235.0,3795000.0,844215.0,79.12,64.74,1.0209
002920,德赛西威,汽车配件,广东,20171226,002920.SZ,20200803,71.61,72.8,70.51,71.93,70.89,1.04,1.4671,41073.76,295243.923,3.3571,3.3571,0.87,135.4165,130.1232,9.5095,7.4123,7.2201,0.278,0.278,55000.0,12235.0,12235.0,3956150.0,880063.55,77.98,63.8,1.0209
002920,德赛西威,汽车配件,广东,20171226,002920.SZ,20200731,69.9,72.1,69.85,70.89,70.66,0.23,0.3255,39173.73,278099.681,3.2018,3.2018,0.75,133.4586,128.2418,9.372,7.3052,7.1157,0.2821,0.2821,55000.0,12235.0,12235.0,3898950.0,867339.15,77.73,63.59,1.0209
002920,德赛西威,汽车配件,广东,20171226,002920.SZ,20200730,74.5,74.5,69.37,70.66,73.48,-2.82,-3.8378,64641.24,457325.794,5.2833,5.2833,1.26,133.0256,127.8257,9.3416,7.2815,7.0926,0.283,0.283,55000.0,12235.0,12235.0,3886300.0,864525.1,80.83,66.13,1.0209
002920,德赛西威,汽车配件,广东,20171226,002920.SZ,20200729,70.26,73.86,70.26,73.48,71.55,1.93,2.6974,47690.08,345048.007,3.8978,3.8978,0.82,138.3345,132.9271,9.7144,7.5721,7.3756,0.2722,0.2722,55000.0,12235.0,12235.0,4041400.0,899027.8,78.71,64.4,1.0209
002920,德赛西威,汽车配件,广东,20171226,002920.SZ,20200728,70.77,74.5,69.47,71.55,70.12,1.43,2.0394,42263.5,302570.698,3.4543,3.4543,0.64,134.7011,129.4357,9.4592,7.3732,7.1819,0.2795,0.2795,55000.0,12235.0,12235.0,3935250.0,875414.25,77.13,63.11,1.0209
002920,德赛西威,汽车配件,广东,20171226,002920.SZ,20200727,70.0,72.81,69.3,70.12,69.5,0.62,0.8921,42991.21,305054.279,3.5138,3.5138,0.57,132.0089,126.8488,9.2702,7.2258,7.0384,0.2852,0.2852,55000.0,12235.0,12235.0,3856600.0,857918.2,76.45,62.55,1.0209
002920,德赛西威,汽车配件,广东,20171226,002920.SZ,20200724,75.3,76.0,69.5,69.5,75.36,-5.86,-7.776,64395.03,466413.109,5.2632,5.2632,0.79,130.8417,125.7272,9.1882,7.1619,6.9761,0.2878,0.2878,55000.0,12235.0,12235.0,3822500.0,850332.5,82.9,67.82,1.0209
002920,德赛西威,汽车配件,广东,20171226,002920.SZ,20200723,74.0,75.89,73.65,75.36,76.05,-0.69,-0.9073,58401.13,436114.89,4.7733,4.7733,0.68,141.8738,136.3281,9.9629,7.7658,7.5643,0.2654,0.2654,55000.0,12235.0,12235.0,4144800.0,922029.6,83.66,68.45,1.0209
002920,德赛西威,汽车配件,广东,20171226,002920.SZ,20200722,75.0,77.5,73.4,76.05,77.16,-1.11,-1.4386,84515.63,639144.253,6.9077,6.9077,1.01,143.1728,137.5763,10.0542,7.8369,7.6336,0.263,0.263,55000.0,12235.0,12235.0,4182750.0,930471.75,84.88,69.44,1.0209
002920,德赛西威,汽车配件,广东,20171226,002920.SZ,20200721,72.88,77.78,70.89,77.16,71.05,6.11,8.5996,82356.27,612358.84,6.7312,6.7312,1.0,145.2626,139.5844,10.2009,7.9513,7.745,0.2592,0.2592,55000.0,12235.0,12235.0,4243800.0,944052.6,78.16,63.95,1.0209
002920,德赛西威,汽车配件,广东,20171226,002920.SZ,20200720,73.93,74.93,68.9,71.05,70.8,0.25,0.3531,84896.66,603696.833,6.9388,6.9388,0.96,133.7598,128.5312,9.3931,7.3217,7.1317,0.2815,0.2815,55000.0,12235.0,12235.0,3907750.0,869296.75,77.88,63.72,1.0209
002920,德赛西威,汽车配件,广东,20171226,002920.SZ,20200717,65.5,70.8,64.67,70.8,64.36,6.44,10.0062,96012.31,664593.2,7.8473,7.8473,1.13,133.2891,128.079,9.3601,7.2959,7.1066,0.2825,0.2825,55000.0,12235.0,12235.0,3894000.0,866238.0,70.8,57.92,1.0209
002920,德赛西威,汽车配件,广东,20171226,002920.SZ,20200716,69.01,71.99,63.33,64.36,69.52,-5.16,-7.4223,81684.08,553052.849,6.6763,6.6763,1.0,121.1651,116.4288,8.5087,6.6323,6.4602,0.3108,0.3108,55000.0,12235.0,12235.0,3539800.0,787444.6,76.47,62.57,1.0209
002920,德赛西威,汽车配件,广东,20171226,002920.SZ,20200715,73.09,75.61,69.0,69.52,73.01,-3.49,-4.7802,73531.07,532498.838,6.0099,6.0099,0.92,130.8794,125.7634,9.1909,7.164,6.9781,0.2877,0.2877,55000.0,12235.0,12235.0,3823600.0,850577.2,80.31,65.71,1.0209
002920,德赛西威,汽车配件,广东,20171226,002920.SZ,20200714,76.0,76.27,71.71,73.01,76.82,-3.81,-4.9596,77657.49,572838.087,6.3472,6.3472,0.97,137.4497,132.0769,9.6523,7.5236,7.3285,0.2739,0.2739,55000.0,12235.0,12235.0,4015550.0,893277.35,84.5,69.14,1.0209
002920,德赛西威,汽车配件,广东,20171226,002920.SZ,20200713,77.85,78.45,74.27,76.82,74.07,2.75,3.7127,113117.5,862132.341,9.2454,9.2454,1.52,144.6225,138.9693,10.156,7.9163,7.7109,0.2603,0.2603,55000.0,12235.0,12235.0,4225100.0,939892.7,81.48,66.66,1.0209
002920,德赛西威,汽车配件,广东,20171226,002920.SZ,20200710,67.75,74.07,67.75,74.07,67.34,6.73,9.9941,77603.61,558404.109,6.3428,6.3428,1.14,139.4453,133.9945,9.7924,7.6329,7.4349,0.27,0.27,55000.0,12235.0,12235.0,4073850.0,906246.45,74.07,60.61,1.0209
002920,德赛西威,汽车配件,广东,20171226,002920.SZ,20200709,65.03,68.32,64.41,67.34,65.92,1.42,2.1541,66986.72,444486.367,5.475,5.475,1.04,126.7753,121.8197,8.9027,6.9394,6.7593,0.297,0.297,55000.0,12235.0,12235.0,3703700.0,823904.9,72.51,59.33,1.0209
002920,德赛西威,汽车配件,广东,20171226,002920.SZ,20200708,66.0,67.25,65.0,65.92,66.14,-0.22,-0.3326,62117.5,408763.871,5.077,5.077,0.96,124.102,119.2509,8.7149,6.793,6.6168,0.3034,0.3034,55000.0,12235.0,12235.0,3625600.0,806531.2,72.75,59.53,1.0209
002920,德赛西威,汽车配件,广东,20171226,002920.SZ,20200707,66.72,69.18,64.81,66.14,64.99,1.15,1.7695,80175.19,537423.928,6.5529,6.5529,1.35,124.5161,119.6489,8.744,6.8157,6.6389,0.3024,0.3024,55000.0,12235.0,12235.0,3637700.0,809222.9,71.49,58.49,1.0209
002920,德赛西威,汽车配件,广东,20171226,002920.SZ,20200706,63.5,67.48,62.69,64.99,61.8,3.19,5.1618,84249.98,548531.74,6.886,6.886,1.63,122.3511,117.5685,8.592,6.6972,6.5234,0.3077,0.3077,55000.0,12235.0,12235.0,3574450.0,795152.65,67.98,55.62,1.0209
002920,德赛西威,汽车配件,广东,20171226,002920.SZ,20200703,61.6,62.97,60.94,61.8,61.73,0.07,0.1134,45468.65,280412.436,3.7163,3.7163,0.92,116.3456,111.7977,8.1702,6.3685,6.2032,0.3236,0.3236,55000.0,12235.0,12235.0,3399000.0,756123.0,67.9,55.56,1.0209
002920,德赛西威,汽车配件,广东,20171226,002920.SZ,20200702,63.65,63.65,61.0,61.73,63.65,-1.92,-3.0165,49956.07,310117.785,4.083,4.083,1.01,116.2138,111.6711,8.161,6.3612,6.1962,0.324,0.324,55000.0,12235.0,12235.0,3395150.0,755266.55,70.02,57.29,1.0209
002920,德赛西威,汽车配件,广东,20171226,002920.SZ,20200701,62.45,64.77,61.34,63.65,61.33,2.32,3.7828,62542.98,392344.56,5.1118,5.1118,1.53,119.8284,115.1444,8.4148,6.5591,6.3889,0.3142,0.3142,55000.0,12235.0,12235.0,3500750.0,778757.75,67.46,55.2,1.0209
002920,德赛西威,汽车配件,广东,20171226,002920.SZ,20200630,55.5,61.33,55.42,61.33,55.75,5.58,10.009,54973.3,331065.886,4.4931,4.4931,1.45,115.4608,110.9475,8.1081,6.32,6.1561,0.3261,0.3261,55000.0,12235.0,12235.0,3373150.0,750372.55,61.33,50.18,1.0209
002920,德赛西威,汽车配件,广东,20171226,002920.SZ,20200629,56.88,58.26,55.06,55.75,55.21,0.54,0.9781,45446.27,256055.955,3.7144,3.7144,1.21,104.9558,100.8531,7.3704,5.745,5.596,0.3587,0.3587,55000.0,12235.0,12235.0,3066250.0,682101.25,60.73,49.69,1.0209
002920,德赛西威,汽车配件,广东,20171226,002920.SZ,20200624,56.18,57.15,55.2,55.21,56.16,-0.95,-1.6916,34633.23,193159.161,2.8307,2.8307,0.8,103.9392,99.8763,7.299,5.6894,5.5418,0.3623,0.3623,55000.0,12235.0,12235.0,3036550.0,675494.35,61.78,50.54,1.0209
002920,德赛西威,汽车配件,广东,20171226,002920.SZ,20200623,53.0,56.49,52.0,56.16,52.48,3.68,7.0122,49688.35,272597.568,4.0612,4.0612,1.12,105.7276,101.5948,7.4246,5.7873,5.6371,0.3561,0.3561,55000.0,12235.0,12235.0,3088800.0,687117.6,57.73,47.23,1.0209
002920,德赛西威,汽车配件,广东,20171226,002920.SZ,20200622,52.65,53.44,52.18,52.48,52.8,-0.32,-0.6061,20197.4,106317.723,1.6508,1.6508,0.39,98.7996,94.9376,6.9381,5.408,5.2677,0.3811,0.3811,55000.0,12235.0,12235.0,2886400.0,642092.8,58.08,47.52,1.0209
002920,德赛西威,汽车配件,广东,20171226,002920.SZ,20200619,52.55,53.36,51.56,52.8,52.11,0.69,1.3241,39214.89,205908.389,3.2051,3.2051,0.7,99.4021,95.5165,6.9804,5.441,5.2999,0.3788,0.3788,55000.0,12235.0,12235.0,2904000.0,646008.0,57.32,46.9,1.0209
002920,德赛西威,汽车配件,广东,20171226,002920.SZ,20200618,53.78,53.79,51.06,52.11,53.5,-1.39,-2.5981,44182.01,230676.393,3.6111,3.6111,0.75,98.1031,94.2683,6.8892,5.3699,5.2306,0.3838,0.3838,55000.0,12235.0,12235.0,2866050.0,637565.85,58.85,48.15,1.0209
002920,德赛西威,汽车配件,广东,20171226,002920.SZ,20200617,57.28,57.28,52.3,53.5,57.3,-3.8,-6.6318,63148.4,339065.112,5.1613,5.1613,1.23,100.7199,96.7828,7.0729,5.5131,5.3701,0.3738,0.3738,55000.0,12235.0,12235.0,2942500.0,654572.5,63.03,51.57,1.0209
002920,德赛西威,汽车配件,广东,20171226,002920.SZ,20200616,55.51,57.69,54.72,57.3,54.6,2.7,4.9451,54337.0,307164.022,4.4411,4.4411,1.09,107.8738,103.6571,7.5753,5.9047,5.7515,0.349,0.349,55000.0,12235.0,12235.0,3151500.0,701065.5,60.06,49.14,1.0209
002920,德赛西威,汽车配件,广东,20171226,002920.SZ,20200615,54.0,55.5,51.97,54.6,54.45,0.15,0.2755,55698.77,299876.798,4.5524,4.5524,1.23,102.7908,98.7728,7.2184,5.6265,5.4805,0.3663,0.3663,55000.0,12235.0,12235.0,3003000.0,668031.0,59.9,49.01,1.0209
002920,德赛西威,汽车配件,广东,20171226,002920.SZ,20200612,51.5,55.06,50.72,54.45,52.89,1.56,2.9495,64687.11,349604.16,5.2871,5.2871,1.59,102.5084,98.5014,7.1985,5.611,5.4655,0.3673,0.3673,55000.0,12235.0,12235.0,2994750.0,666195.75,58.18,47.6,1.0209
002920,德赛西威,汽车配件,广东,20171226,002920.SZ,20200611,51.75,54.2,51.52,52.89,51.5,1.39,2.699,55756.06,294021.764,4.5571,4.5571,1.37,99.5715,95.6793,6.9923,5.4503,5.3089,0.3781,0.3781,55000.0,12235.0,12235.0,2908950.0,647109.15,56.65,46.35,1.0209
002920,德赛西威,汽车配件,广东,20171226,002920.SZ,20200610,51.39,51.99,50.77,51.5,51.39,0.11,0.214,25776.35,132310.19,2.1068,2.1068,0.57,96.9547,93.1648,6.8085,5.307,5.1694,0.3883,0.3883,55000.0,12235.0,12235.0,2832500.0,630102.5,56.53,46.25,1.0209
002920,德赛西威,汽车配件,广东,20171226,002920.SZ,20200609,51.55,53.36,50.28,51.39,50.89,0.5,0.9825,47601.76,246146.322,3.8906,3.8906,0.91,96.7476,92.9658,6.794,5.2957,5.1583,0.3892,0.3892,55000.0,12235.0,12235.0,2826450.0,628756.65,55.98,45.8,1.0209
002920,德赛西威,汽车配件,广东,20171226,002920.SZ,20200608,50.88,51.91,50.5,50.89,50.88,0.01,0.0197,33496.55,171335.887,2.7378,2.7378,0.58,95.8063,92.0613,6.7279,5.2442,5.1081,0.393,0.393,55000.0,12235.0,12235.0,2798950.0,622639.15,55.97,45.79,1.0209
002920,德赛西威,汽车配件,广东,20171226,002920.SZ,20200605,51.09,51.8,50.0,50.88,51.65,-0.77,-1.4908,40794.99,207584.189,3.3343,3.3343,0.71,95.7874,92.0432,6.7266,5.2432,5.1071,0.3931,0.3931,55000.0,12235.0,12235.0,2798400.0,622516.8,56.82,46.49,1.0209
002920,德赛西威,汽车配件,广东,20171226,002920.SZ,20200604,53.67,53.67,49.85,51.65,53.89,-2.24,-4.1566,55384.07,285387.377,4.5267,4.5267,1.04,97.237,93.4361,6.8284,5.3225,5.1844,0.3872,0.3872,55000.0,12235.0,12235.0,2840750.0,631937.75,59.28,48.5,1.0209
002920,德赛西威,汽车配件,广东,20171226,002920.SZ,20200603,52.0,53.95,51.18,53.89,51.7,2.19,4.236,49433.95,260680.245,4.0404,4.0404,0.97,101.4541,97.4883,7.1245,5.5533,5.4093,0.3711,0.3711,55000.0,12235.0,12235.0,2963950.0,659344.15,56.87,46.53,1.0209
002920,德赛西威,汽车配件,广东,20171226,002920.SZ,20200602,57.33,57.9,51.7,51.7,57.44,-5.74,-9.993,83097.19,446330.791,6.7918,6.7918,1.89,97.3312,93.5266,6.835,5.3277,5.1894,0.3868,0.3868,55000.0,12235.0,12235.0,2843500.0,632549.5,63.18,51.7,1.0209
002920,德赛西威,汽车配件,广东,20171226,002920.SZ,20200601,52.58,57.44,52.12,57.44,52.22,5.22,9.9962,60967.3,333179.266,4.983,4.983,1.49,108.1374,103.9104,7.5938,5.9192,5.7656,0.3482,0.3482,55000.0,12235.0,12235.0,3159200.0,702778.4,57.44,47.0,1.0209
002920,德赛西威,汽车配件,广东,20171226,002920.SZ,20200529,50.3,53.25,49.21,52.22,50.15,2.07,4.1276,38805.79,198875.838,3.1717,3.1717,0.95,98.3101,94.4673,6.9037,5.3812,5.2416,0.383,0.383,55000.0,12235.0,12235.0,2872100.0,638911.7,55.17,45.14,1.0209
002920,德赛西威,汽车配件,广东,20171226,002920.SZ,20200528,50.01,51.1,49.09,50.35,50.37,-0.02,-0.0397,33999.54,170017.685,2.7789,2.7789,0.82,94.7897,91.0844,6.485,5.1885,5.0539,0.3972,,55000.0,12235.0,12235.0,2769250.0,616032.25,55.41,45.33,1.0168
002920,德赛西威,汽车配件,广东,20171226,002920.SZ,20200527,50.78,51.65,49.5,50.37,50.76,-0.39,-0.7683,37646.52,189542.552,3.077,3.077,0.89,94.8273,91.1206,6.4876,5.1906,5.0559,0.3971,,55000.0,12235.0,12235.0,2770350.0,616276.95,55.84,45.68,1.0168
002920,德赛西威,汽车配件,广东,20171226,002920.SZ,20200526,49.55,51.15,48.5,50.76,48.2,2.56,5.3112,48186.46,240974.607,3.9384,3.9384,1.19,95.5615,91.8261,6.5378,5.2308,5.0951,0.394,,55000.0,12235.0,12235.0,2791800.0,621048.6,53.02,43.38,1.0168
002920,德赛西威,汽车配件,广东,20171226,002920.SZ,20200525,48.6,49.21,46.51,48.2,49.01,-0.81,-1.6527,45525.91,218956.301,3.721,3.721,1.12,90.742,87.195,6.2081,4.967,4.8381,0.4149,,55000.0,12235.0,12235.0,2651000.0,589727.0,53.91,44.11,1.0168
002920,德赛西威,汽车配件,广东,20171226,002920.SZ,20200522,48.65,50.47,48.25,49.01,48.56,0.45,0.9267,38486.66,189112.8,3.1456,3.1456,0.89,92.2669,88.6603,6.3124,5.0505,4.9194,0.4081,,55000.0,12235.0,12235.0,2695550.0,599637.35,53.42,43.7,1.0168
002920,德赛西威,汽车配件,广东,20171226,002920.SZ,20200521,49.1,49.43,47.0,48.56,48.33,0.23,0.4759,37183.73,181029.945,3.0391,3.0391,0.83,91.4198,87.8462,6.2545,5.0041,4.8743,0.4119,,55000.0,12235.0,12235.0,2670800.0,594131.6,53.16,43.5,1.0168
002920,德赛西威,汽车配件,广东,20171226,002920.SZ,20200520,48.4,49.88,47.5,48.33,48.62,-0.29,-0.5965,42693.89,207411.163,3.4895,3.4895,0.93,90.9868,87.4302,6.2249,4.9804,4.8512,0.4138,,55000.0,12235.0,12235.0,2658150.0,591317.55,53.48,43.76,1.0168
002920,德赛西威,汽车配件,广东,20171226,002920.SZ,20200519,47.0,49.43,46.82,48.62,46.65,1.97,4.2229,37883.03,182620.479,3.0963,3.0963,0.8,91.5327,87.9548,6.2622,5.0103,4.8803,0.4114,,55000.0,12235.0,12235.0,2674100.0,594865.7,51.32,41.99,1.0168
002920,德赛西威,汽车配件,广东,20171226,002920.SZ,20200518,46.71,47.95,45.8,46.65,46.61,0.04,0.0858,47712.43,224254.407,3.8997,3.8997,0.93,87.824,84.391,6.0085,4.8073,4.6825,0.4287,,55000.0,12235.0,12235.0,2565750.0,570762.75,51.27,41.95,1.0168
002920,德赛西威,汽车配件,广东,20171226,002920.SZ,20200515,47.45,48.0,46.46,46.61,47.25,-0.64,-1.3545,50374.57,236934.678,4.1173,4.1173,0.95,87.7487,84.3186,6.0033,4.8031,4.6785,0.4291,0.4291,55000.0,12235.0,12235.0,2563550.0,570273.35,51.98,42.53,1.0168
002920,德赛西威,汽车配件,广东,20171226,002920.SZ,20200514,48.37,48.79,46.6,47.25,48.3,-1.05,-2.1739,44054.78,209588.17,3.6007,3.6007,0.79,88.9535,85.4764,6.0858,4.8691,4.7428,0.4233,0.4233,55000.0,12235.0,12235.0,2598750.0,578103.75,53.13,43.47,1.0168
002920,德赛西威,汽车配件,广东,20171226,002920.SZ,20200513,46.74,49.2,46.41,48.3,47.45,0.85,1.7914,49184.36,234237.754,4.02,4.02,0.76,90.9303,87.3759,6.221,4.9773,4.8482,0.4141,0.4141,55000.0,12235.0,12235.0,2656500.0,590950.5,52.2,42.71,1.0168
002920,德赛西威,汽车配件,广东,20171226,002920.SZ,20200512,45.54,47.55,45.1,47.45,45.89,1.56,3.3994,46615.45,217721.267,3.81,3.81,0.71,89.3301,85.8382,6.1115,4.8897,4.7628,0.4215,0.4215,55000.0,12235.0,12235.0,2609750.0,580550.75,50.48,41.3,1.0168
002920,德赛西威,汽车配件,广东,20171226,002920.SZ,20200511,45.01,47.76,45.01,45.89,44.33,1.56,3.5191,67014.26,309638.995,5.4773,5.4773,1.14,86.3932,83.0162,5.9106,4.7289,4.6063,0.4358,0.4358,55000.0,12235.0,12235.0,2523950.0,561464.15,48.76,39.9,1.0168
002920,德赛西威,汽车配件,广东,20171226,002920.SZ,20200508,43.75,45.66,43.5,44.33,43.8,0.53,1.21,59510.82,265538.322,4.864,4.864,1.12,83.4563,80.1941,5.7097,4.5682,4.4497,0.4512,0.4512,55000.0,12235.0,12235.0,2438150.0,542377.55,48.18,39.42,1.0168
002920,德赛西威,汽车配件,广东,20171226,002920.SZ,20200507,43.41,44.39,42.93,43.8,43.73,0.07,0.1601,56014.52,244654.325,4.5782,4.5782,1.15,82.4585,79.2353,5.6414,4.5136,4.3965,0.4566,0.4566,55000.0,12235.0,12235.0,2409000.0,535893.0,48.1,39.36,1.0168
002920,德赛西威,汽车配件,广东,20171226,002920.SZ,20200506,42.0,44.85,41.2,43.73,41.03,2.7,6.5806,93399.41,401535.969,7.6338,7.6338,2.64,82.3267,79.1087,5.6324,4.5064,4.3894,0.4574,0.4574,55000.0,12235.0,12235.0,2405150.0,535036.55,45.13,36.93,1.0168
002920,德赛西威,汽车配件,广东,20171226,002920.SZ,20200430,40.03,41.03,39.52,41.03,37.3,3.73,10.0,51929.59,211936.888,4.2443,4.2443,1.61,77.2437,74.2243,5.2846,4.2281,4.1184,0.4874,0.4874,55000.0,12235.0,12235.0,2256650.0,502002.05,41.03,33.57,1.0168
002920,德赛西威,汽车配件,广东,20171226,002920.SZ,20200429,36.07,37.49,36.0,37.3,36.05,1.25,3.4674,32663.69,120708.308,2.6697,2.6697,0.93,70.2215,70.2215,4.8664,3.8437,3.8437,0.5362,0.5362,55000.0,12235.0,12235.0,2051500.0,456365.5,39.66,32.45,1.0168
002920,德赛西威,汽车配件,广东,20171226,002920.SZ,20200428,36.32,36.66,34.8,36.05,36.4,-0.35,-0.9615,31205.52,111767.278,2.5505,2.5505,0.86,67.8683,67.8683,4.7033,3.7149,3.7149,0.5548,0.5548,55000.0,12235.0,12235.0,1982750.0,441071.75,40.04,32.76,1.0168
002920,德赛西威,汽车配件,广东,20171226,002920.SZ,20200427,35.37,37.0,34.8,36.4,35.64,0.76,2.1324,34658.2,124631.389,2.8327,2.8327,0.97,48.111,69.2043,4.8174,3.7014,3.7472,0.5495,0.5495,55000.0,12235.0,12235.0,2002000.0,445354.0,39.2,32.08,1.0168
002920,德赛西威,汽车配件,广东,20171226,002920.SZ,20200424,36.49,36.68,35.46,35.64,36.11,-0.47,-1.3016,26771.15,96291.246,2.1881,2.1881,0.71,47.1065,67.7594,4.7168,3.6241,3.669,0.5612,0.5612,55000.0,12235.0,12235.0,1960200.0,436055.4,39.72,32.5,1.0168
002920,德赛西威,汽车配件,广东,20171226,002920.SZ,20200423,36.4,36.88,35.79,36.11,36.24,-0.13,-0.3587,35909.38,130365.582,2.935,2.935,1.0,47.7277,68.653,4.779,3.6719,3.7174,0.5539,0.5539,55000.0,12235.0,12235.0,1986050.0,441805.85,39.86,32.62,1.0168
002920,德赛西威,汽车配件,广东,20171226,002920.SZ,20200422,34.03,36.49,34.03,36.24,34.68,1.56,4.4983,47236.09,167768.966,3.8607,3.8607,1.28,47.8995,68.9002,4.7962,3.6851,3.7307,0.5519,0.5519,55000.0,12235.0,12235.0,1993200.0,443396.4,38.15,31.21,1.0168
002920,德赛西威,汽车配件,广东,20171226,002920.SZ,20200421,34.21,34.86,33.75,34.68,34.73,-0.05,-0.144,37111.92,127610.175,3.0333,3.0333,1.02,45.8376,65.9343,4.5898,3.5265,3.5702,0.5767,0.5767,55000.0,12235.0,12235.0,1907400.0,424309.8,38.2,31.26,1.0168
002920,德赛西威,汽车配件,广东,20171226,002920.SZ,20200420,33.97,34.97,33.6,34.73,33.96,0.77,2.2674,31992.07,110294.317,2.6148,2.6148,0.87,45.9037,66.0293,4.5964,3.5316,3.5753,0.5759,0.5759,55000.0,12235.0,12235.0,1910150.0,424921.55,37.36,30.56,1.0168
002920,德赛西威,汽车配件,广东,20171226,002920.SZ,20200417,34.85,35.19,33.59,33.96,33.7,0.26,0.7715,36548.75,124711.905,2.9872,2.9872,0.94,44.8859,64.5654,4.4945,3.4533,3.496,0.5889,0.5889,55000.0,12235.0,12235.0,1867800.0,415500.6,37.07,30.33,1.0168
002920,德赛西威,汽车配件,广东,20171226,002920.SZ,20200416,33.5,33.94,32.61,33.7,33.6,0.1,0.2976,26644.14,89000.517,2.1777,2.1777,0.65,44.5423,64.0711,4.4601,3.4269,3.4693,0.5935,0.5935,55000.0,12235.0,12235.0,1853500.0,412319.5,36.96,30.24,1.0168
002920,德赛西威,汽车配件,广东,20171226,002920.SZ,20200415,32.82,34.25,32.6,33.6,32.8,0.8,2.439,51570.8,172921.86,4.215,4.215,1.38,44.4101,63.8809,4.4468,3.4167,3.459,0.5952,0.5952,55000.0,12235.0,12235.0,1848000.0,411096.0,36.08,29.52,1.0168
002920,德赛西威,汽车配件,广东,20171226,002920.SZ,20200414,31.93,32.9,31.7,32.8,31.6,1.2,3.7975,35119.19,113654.979,2.8704,2.8704,0.87,43.3527,62.36,4.341,3.3353,3.3766,0.6098,0.6098,55000.0,12235.0,12235.0,1804000.0,401308.0,34.76,28.44,1.0168
002920,德赛西威,汽车配件,广东,20171226,002920.SZ,20200413,31.29,31.91,30.38,31.6,32.0,-0.4,-1.25,33782.52,105529.111,2.7611,2.7611,0.77,41.7667,60.0785,4.1821,3.2133,3.2531,0.6329,0.6329,55000.0,12235.0,12235.0,1738000.0,386626.0,35.2,28.8,1.0168
002920,德赛西威,汽车配件,广东,20171226,002920.SZ,20200410,33.23,33.23,31.61,32.0,33.23,-1.23,-3.7015,46566.11,149688.937,3.806,3.806,1.01,42.2954,60.839,4.2351,3.254,3.2943,0.625,0.625,55000.0,12235.0,12235.0,1760000.0,391520.0,36.55,29.91,1.0168
002920,德赛西威,汽车配件,广东,20171226,002920.SZ,20200409,32.8,33.45,32.3,33.23,32.47,0.76,2.3406,36975.43,121526.262,3.0221,3.0221,0.75,43.9211,63.1775,4.3979,3.3791,3.4209,0.6019,0.6019,55000.0,12235.0,12235.0,1827650.0,406569.05,35.72,29.22,1.0168
002920,德赛西威,汽车配件,广东,20171226,002920.SZ,20200408,33.0,33.13,32.25,32.47,32.9,-0.43,-1.307,34003.74,110938.114,2.7792,2.7792,0.67,42.9166,61.7326,4.2973,3.3018,3.3426,0.616,0.616,55000.0,12235.0,12235.0,1785850.0,397270.45,36.19,29.61,1.0168
002920,德赛西威,汽车配件,广东,20171226,002920.SZ,20200407,32.4,33.78,32.21,32.9,31.84,1.06,3.3291,51381.3,169983.362,4.1995,4.1995,0.94,43.4849,62.5501,4.3542,3.3455,3.3869,0.6079,0.6079,55000.0,12235.0,12235.0,1809500.0,402531.5,35.02,28.66,1.0168
002920,德赛西威,汽车配件,广东,20171226,002920.SZ,20200403,32.49,32.49,31.4,31.84,32.14,-0.3,-0.9334,51770.61,164893.124,4.2314,4.2314,0.98,42.0839,60.5348,4.2139,3.2377,3.2778,0.6281,0.6281,55000.0,12235.0,12235.0,1751200.0,389562.4,35.35,28.93,1.0168
002920,德赛西威,汽车配件,广东,20171226,002920.SZ,20200402,30.81,32.35,30.5,32.14,30.87,1.27,4.114,57112.44,179608.032,4.668,4.668,1.06,42.4804,61.1052,4.2536,3.2682,3.3087,0.6223,0.6223,55000.0,12235.0,12235.0,1767700.0,393232.9,33.96,27.78,1.0168
002920,德赛西威,汽车配件,广东,20171226,002920.SZ,20200401,30.71,31.88,30.48,30.87,30.49,0.38,1.2463,50737.4,158190.345,4.1469,4.1469,0.77,40.8018,58.6906,4.0855,3.1391,3.1779,0.6479,0.6479,55000.0,12235.0,12235.0,1697850.0,377694.45,33.54,27.44,1.0168
002920,德赛西威,汽车配件,广东,20171226,002920.SZ,20200331,31.6,32.2,30.35,30.49,31.12,-0.63,-2.0244,43496.69,134558.064,3.5551,3.5551,0.55,40.2995,57.9681,4.0352,3.1004,3.1388,0.656,0.656,55000.0,12235.0,12235.0,1676950.0,373045.15,34.23,28.01,1.0168
002920,德赛西威,汽车配件,广东,20171226,002920.SZ,20200330,30.87,31.68,29.5,31.12,31.57,-0.45,-1.4254,69467.63,211863.372,5.6778,5.6778,0.87,41.1322,59.1659,4.1186,3.1645,3.2037,0.6427,0.6427,55000.0,12235.0,12235.0,1711600.0,380753.2,34.73,28.41,1.0168
002920,德赛西威,汽车配件,广东,20171226,002920.SZ,20200327,32.98,33.16,31.5,31.57,32.3,-0.73,-2.2601,42557.68,136665.291,3.4784,3.4784,0.49,41.727,60.0215,4.1782,3.2103,3.25,0.6335,0.6335,55000.0,12235.0,12235.0,1736350.0,386258.95,35.53,29.07,1.0168
002920,德赛西威,汽车配件,广东,20171226,002920.SZ,20200326,32.71,33.67,32.18,32.3,32.83,-0.53,-1.6144,62895.9,206893.541,5.1407,5.1407,0.74,42.6919,61.4094,4.2748,3.2845,3.3251,0.6192,0.6192,55000.0,12235.0,12235.0,1776500.0,395190.5,36.11,29.55,1.0168
002920,德赛西威,汽车配件,广东,20171226,002920.SZ,20200325,32.4,34.37,32.25,32.83,31.42,1.41,4.4876,108995.67,360772.313,8.9085,8.9085,1.47,43.3924,62.417,4.3449,3.3384,3.3797,0.6092,0.6092,55000.0,12235.0,12235.0,1805650.0,401675.05,34.56,28.28,1.0168
002920,德赛西威,汽车配件,广东,20171226,002920.SZ,20200324,31.72,32.5,29.31,31.42,30.8,0.62,2.013,108379.68,335700.345,8.8582,8.8582,1.66,41.5288,59.7363,4.1583,3.195,3.2345,0.6365,0.6365,55000.0,12235.0,12235.0,1728100.0,384423.7,33.88,27.72,1.0168
002920,德赛西威,汽车配件,广东,20171226,002920.SZ,20200323,32.91,33.37,30.59,30.8,33.89,-3.09,-9.1177,74339.52,235800.228,6.076,6.076,1.18,40.7093,58.5575,4.0763,3.132,3.1707,0.6494,0.6494,55000.0,12235.0,12235.0,1694000.0,376838.0,37.28,30.5,1.0168
002920,德赛西威,汽车配件,广东,20171226,002920.SZ,20200320,35.42,35.58,32.88,33.89,34.83,-0.94,-2.6988,83311.26,281029.121,6.8093,6.8093,1.38,44.7934,64.4323,4.4852,3.4462,3.4888,0.5901,0.5901,55000.0,12235.0,12235.0,1863950.0,414644.15,38.31,31.35,1.0168
002920,德赛西威,汽车配件,广东,20171226,002920.SZ,20200319,34.72,35.18,33.41,34.83,34.35,0.48,1.3974,51111.9,175722.499,4.1775,4.1775,0.82,46.0359,66.2194,4.6096,3.5418,3.5856,0.5742,0.5742,55000.0,12235.0,12235.0,1915650.0,426145.05,37.79,30.92,1.0168
002920,德赛西威,汽车配件,广东,20171226,002920.SZ,20200318,36.1,36.98,34.3,34.35,35.65,-1.3,-3.6466,53722.47,191587.621,4.3909,4.3909,0.82,45.4014,65.3069,4.5461,3.493,3.5362,0.5822,0.5822,55000.0,12235.0,12235.0,1889250.0,420272.25,39.22,32.09,1.0168
002920,德赛西威,汽车配件,广东,20171226,002920.SZ,20200317,36.95,37.5,34.93,35.65,36.0,-0.35,-0.9722,63331.8,228191.363,5.1763,5.1763,0.94,47.1197,67.7784,4.7181,3.6252,3.67,0.561,0.561,55000.0,12235.0,12235.0,1960750.0,436177.75,39.6,32.4,1.0168
002920,德赛西威,汽车配件,广东,20171226,002920.SZ,20200316,39.52,39.57,35.36,36.0,38.99,-2.99,-7.6686,62480.67,232583.399,5.1067,5.1067,0.91,47.5823,68.4439,4.7645,3.6607,3.706,0.5556,0.5556,55000.0,12235.0,12235.0,1980000.0,440460.0,42.89,35.09,1.0168
002920,德赛西威,汽车配件,广东,20171226,002920.SZ,20200313,36.8,40.5,36.4,38.99,39.71,-0.72,-1.8131,71541.65,274838.864,5.8473,5.8473,1.08,51.5343,74.1285,5.1602,3.9648,4.0138,0.513,0.513,55000.0,12235.0,12235.0,2144450.0,477042.65,43.68,35.74,1.0168
002920,德赛西威,汽车配件,广东,20171226,002920.SZ,20200312,39.92,41.5,38.94,39.71,40.5,-0.79,-1.9506,60760.95,242493.47,4.9662,4.9662,0.81,52.4859,75.4974,5.2555,4.038,4.088,0.5037,0.5037,55000.0,12235.0,12235.0,2184050.0,485851.85,44.55,36.45,1.0168
002920,德赛西威,汽车配件,广东,20171226,002920.SZ,20200311,42.03,43.46,40.5,40.5,41.72,-1.22,-2.9243,69662.23,293382.743,5.6937,5.6937,0.87,53.5301,76.9993,5.36,4.1183,4.1693,0.4938,0.4938,55000.0,12235.0,12235.0,2227500.0,495517.5,45.89,37.55,1.0168
002920,德赛西威,汽车配件,广东,20171226,002920.SZ,20200310,39.9,42.2,38.9,41.72,40.0,1.72,4.3,73721.65,300108.733,6.0255,6.0255,0.85,55.1426,79.3188,5.5215,4.2424,4.2949,0.4794,0.4794,55000.0,12235.0,12235.0,2294600.0,510444.2,44.0,36.0,1.0168
002920,德赛西威,汽车配件,广东,20171226,002920.SZ,20200309,41.3,42.68,39.5,40.0,42.88,-2.88,-6.7164,67416.05,276404.462,5.5101,5.5101,0.71,52.8692,76.0487,5.2939,4.0675,4.1178,0.5,0.5,55000.0,12235.0,12235.0,2200000.0,489400.0,47.17,38.59,1.0168
002920,德赛西威,汽车配件,广东,20171226,002920.SZ,20200306,43.13,43.69,42.0,42.88,42.88,0.0,0.0,58547.66,251514.005,4.7853,4.7853,0.54,56.6758,81.5242,5.675,4.3604,4.4143,0.4664,0.4664,55000.0,12235.0,12235.0,2358400.0,524636.8,47.17,38.59,1.0168
002920,德赛西威,汽车配件,广东,20171226,002920.SZ,20200305,45.61,45.98,41.76,42.88,45.5,-2.62,-5.7582,103775.83,450390.348,8.4819,8.4819,1.04,56.6758,81.5242,5.675,4.3604,4.4143,0.4664,0.4664,55000.0,12235.0,12235.0,2358400.0,524636.8,50.05,40.95,1.0168
002920,德赛西威,汽车配件,广东,20171226,002920.SZ,20200304,48.27,48.58,43.44,45.5,48.25,-2.75,-5.6995,97565.15,449794.799,7.9743,7.9743,0.94,60.1387,86.5054,6.0218,4.6268,4.684,0.4396,0.4396,55000.0,12235.0,12235.0,2502500.0,556692.5,53.08,43.43,1.0168
002920,德赛西威,汽车配件,广东,20171226,002920.SZ,20200303,47.17,50.5,47.17,48.25,46.3,1.95,4.2117,106415.37,515153.073,8.6976,8.6976,0.99,63.7735,91.7338,6.3857,4.9064,4.9671,0.4145,0.4145,55000.0,12235.0,12235.0,2653750.0,590338.75,50.93,41.67,1.0168
002920,德赛西威,汽车配件,广东,20171226,002920.SZ,20200302,45.13,47.38,44.11,46.3,43.07,3.23,7.4994,111491.13,513485.378,9.1125,9.1125,1.13,61.1961,88.0264,6.1276,4.7081,4.7664,0.432,0.432,55000.0,12235.0,12235.0,2546500.0,566480.5,47.38,38.76,1.0168
002920,德赛西威,汽车配件,广东,20171226,002920.SZ,20200228,41.5,47.8,41.5,43.07,43.5,-0.43,-0.9885,124086.29,557468.924,10.1419,10.1419,1.44,56.9269,81.8855,5.7002,4.3797,4.4339,0.4644,0.4644,55000.0,12235.0,12235.0,2368850.0,526961.45,47.85,39.15,1.0168
002920,德赛西威,汽车配件,广东,20171226,002920.SZ,20200227,44.5,45.88,42.7,43.5,43.8,-0.3,-0.6849,59149.68,258946.674,4.8345,4.8345,0.72,57.4953,108.417,5.9693,4.4234,4.8895,0.4598,0.4598,55000.0,12235.0,12235.0,2392500.0,532222.5,48.18,39.42,1.0168
002920,德赛西威,汽车配件,广东,20171226,002920.SZ,20200226,45.0,47.5,42.66,43.8,45.8,-2.0,-4.3668,119832.14,539836.809,9.7942,9.7942,1.72,57.8918,109.1647,6.0105,4.4539,4.9232,0.4566,0.4566,55000.0,12235.0,12235.0,2409000.0,535893.0,50.38,41.22,1.0168
002920,德赛西威,汽车配件,广东,20171226,002920.SZ,20200225,41.38,46.26,41.01,45.8,42.05,3.75,8.918,124513.94,546588.758,10.1769,10.1769,2.26,60.5352,114.1494,6.2849,4.6573,5.148,0.4367,0.4367,55000.0,12235.0,12235.0,2519000.0,560363.0,46.26,37.85,1.0168
002920,德赛西威,汽车配件,广东,20171226,002920.SZ,20200224,39.61,42.05,39.6,42.05,38.23,3.82,9.9922,66736.37,278484.404,5.4545,5.4545,1.28,55.5787,104.8031,5.7703,4.2759,4.7265,0.4756,0.4756,55000.0,12235.0,12235.0,2312750.0,514481.75,42.05,34.41,1.0168
002920,德赛西威,汽车配件,广东,20171226,002920.SZ,20200221,37.2,38.88,36.63,38.23,37.0,1.23,3.3243,61080.53,232613.56,4.9923,4.9923,1.27,50.5297,95.2824,5.2461,3.8875,4.2971,0.5231,0.5231,55000.0,12235.0,12235.0,2102650.0,467744.05,40.7,33.3,1.0168
002920,德赛西威,汽车配件,广东,20171226,002920.SZ,20200220,37.0,37.29,36.12,37.0,37.07,-0.07,-0.1888,38221.45,140215.681,3.1239,3.1239,0.73,48.904,92.2168,5.0773,3.7624,4.1589,0.5405,0.5405,55000.0,12235.0,12235.0,2035000.0,452695.0,40.78,33.36,1.0168
002920,德赛西威,汽车配件,广东,20171226,002920.SZ,20200219,36.35,37.78,35.96,37.07,36.37,0.7,1.9247,57712.14,212784.067,4.717,4.717,1.19,48.9965,92.3913,5.0869,3.7695,4.1668,0.5395,0.5395,55000.0,12235.0,12235.0,2038850.0,453551.45,40.01,32.73,1.0168
002920,德赛西威,汽车配件,广东,20171226,002920.SZ,20200218,36.6,37.26,35.71,36.37,36.65,-0.28,-0.764,52180.6,189262.537,4.2649,4.2649,1.11,48.0713,90.6466,4.9909,3.6984,4.0881,0.5499,0.5499,55000.0,12235.0,12235.0,2000350.0,444986.95,40.32,32.99,1.0168
002920,德赛西威,汽车配件,广东,20171226,002920.SZ,20200217,36.27,37.4,35.9,36.65,35.69,0.96,2.6898,52497.3,193201.174,4.2907,4.2907,1.11,48.4414,91.3445,5.0293,3.7268,4.1195,0.5457,0.5457,55000.0,12235.0,12235.0,2015750.0,448412.75,39.26,32.12,1.0168
002920,德赛西威,汽车配件,广东,20171226,002920.SZ,20200214,35.4,36.66,34.9,35.69,35.38,0.31,0.8762,40075.51,143613.014,3.2755,3.2755,0.85,47.1725,88.9518,4.8976,3.6292,4.0116,0.5604,0.5604,55000.0,12235.0,12235.0,1962950.0,436667.15,38.92,31.84,1.0168
002920,德赛西威,汽车配件,广东,20171226,002920.SZ,20200213,34.98,36.2,34.24,35.38,34.63,0.75,2.1658,58942.4,209221.567,4.8175,4.8175,1.34,46.7628,88.1792,4.855,3.5977,3.9768,0.5653,0.5653,55000.0,12235.0,12235.0,1945900.0,432874.3,38.09,31.17,1.0168
002920,德赛西威,汽车配件,广东,20171226,002920.SZ,20200212,34.17,34.78,33.74,34.63,34.51,0.12,0.3477,39735.6,136191.647,3.2477,3.2477,0.87,45.7715,86.3099,4.7521,3.5214,3.8925,0.5775,0.5775,55000.0,12235.0,12235.0,1904650.0,423698.05,37.96,31.06,1.0168
002920,德赛西威,汽车配件,广东,20171226,002920.SZ,20200211,35.43,35.5,34.16,34.51,35.67,-1.16,-3.252,44137.45,153133.019,3.6075,3.6075,0.92,45.6129,86.0109,4.7356,3.5092,3.879,0.5795,0.5795,55000.0,12235.0,12235.0,1898050.0,422229.85,39.24,32.1,1.0168
002920,德赛西威,汽车配件,广东,20171226,002920.SZ,20200210,33.9,35.8,33.4,35.67,33.67,2.0,5.94,53184.34,184151.942,4.3469,4.3469,1.18,47.1461,88.902,4.8948,3.6272,4.0094,0.5607,0.5607,55000.0,12235.0,12235.0,1961850.0,436422.45,37.04,30.3,1.0168
002920,德赛西威,汽车配件,广东,20171226,002920.SZ,20200207,33.48,33.94,32.3,33.67,33.5,0.17,0.5075,40761.91,135465.73,3.3316,3.3316,0.88,44.5026,83.9173,4.6204,3.4238,3.7846,0.594,0.594,55000.0,12235.0,12235.0,1851850.0,411952.45,36.85,30.15,1.0168
002920,德赛西威,汽车配件,广东,20171226,002920.SZ,20200206,32.96,33.99,32.8,33.5,33.5,0.0,0.0,41366.82,138276.812,3.381,3.381,0.73,44.278,83.4936,4.5971,3.4065,3.7655,0.597,0.597,55000.0,12235.0,12235.0,1842500.0,409872.5,36.85,30.15,1.0168
002920,德赛西威,汽车配件,广东,20171226,002920.SZ,20200205,33.85,34.95,33.17,33.5,33.5,0.0,0.0,49609.58,169157.737,4.0547,4.0547,0.91,44.278,83.4936,4.5971,3.4065,3.7655,0.597,0.597,55000.0,12235.0,12235.0,1842500.0,409872.5,36.85,30.15,1.0168
002920,德赛西威,汽车配件,广东,20171226,002920.SZ,20200204,31.25,33.9,31.25,33.5,30.96,2.54,8.2041,54224.07,179193.917,4.4319,4.4319,1.06,44.278,83.4936,4.5971,3.4065,3.7655,0.597,0.597,55000.0,12235.0,12235.0,1842500.0,409872.5,34.06,27.86,1.0168
002920,德赛西威,汽车配件,广东,20171226,002920.SZ,20200203,30.99,31.8,30.96,30.96,34.4,-3.44,-10.0,40158.57,124949.887,3.2823,3.2823,0.77,40.9208,77.163,4.2485,3.1482,3.48,0.646,0.646,55000.0,12235.0,12235.0,1702800.0,378795.6,37.84,30.96,1.0168
002920,德赛西威,汽车配件,广东,20171226,002920.SZ,20200123,34.63,36.17,33.71,34.4,35.7,-1.3,-3.6415,46985.08,164027.398,3.8402,3.8402,0.95,45.4675,85.7367,4.7206,3.498,3.8666,0.5814,0.5814,55000.0,12235.0,12235.0,1892000.0,420884.0,39.27,32.13,1.0168
002920,德赛西威,汽车配件,广东,20171226,002920.SZ,20200122,36.5,36.5,33.01,35.7,36.5,-0.8,-2.1918,91618.54,317295.033,7.4882,7.4882,2.38,47.1858,88.9767,4.8989,3.6302,4.0128,0.5602,0.5602,55000.0,12235.0,12235.0,1963500.0,436789.5,40.15,32.85,1.0168
002920,德赛西威,汽车配件,广东,20171226,002920.SZ,20200121,36.15,36.85,35.09,36.5,36.15,0.35,0.9682,39604.03,142305.02,3.2369,3.2369,0.91,48.2431,90.9706,5.0087,3.7116,4.1027,0.5479,0.5479,55000.0,12235.0,12235.0,2007500.0,446577.5,39.77,32.54,1.0168
002920,德赛西威,汽车配件,广东,20171226,002920.SZ,20200120,35.52,36.4,35.0,36.15,35.2,0.95,2.6989,38247.11,136966.851,3.126,3.126,0.87,47.7805,90.0983,4.9607,3.676,4.0633,0.5533,0.5533,55000.0,12235.0,12235.0,1988250.0,442295.25,38.72,31.68,1.0168
002920,德赛西威,汽车配件,广东,20171226,002920.SZ,20200117,35.99,36.11,34.8,35.2,35.7,-0.5,-1.4006,44093.85,156068.495,3.6039,3.6039,0.97,46.5249,87.7306,4.8303,3.5794,3.9566,0.5682,0.5682,55000.0,12235.0,12235.0,1936000.0,430672.0,39.27,32.13,1.0168
002920,德赛西威,汽车配件,广东,20171226,002920.SZ,20200116,36.15,36.2,35.05,35.7,35.7,0.0,0.0,33239.7,118560.577,2.7168,2.7168,0.63,47.1858,88.9767,4.8989,3.6302,4.0128,0.5602,0.5602,55000.0,12235.0,12235.0,1963500.0,436789.5,39.27,32.13,1.0168
002920,德赛西威,汽车配件,广东,20171226,002920.SZ,20200115,35.37,35.96,35.15,35.7,35.5,0.2,0.5634,37262.0,132603.28,3.0455,3.0455,0.64,47.1858,88.9767,4.8989,3.6302,4.0128,0.5602,0.5602,55000.0,12235.0,12235.0,1963500.0,436789.5,39.05,31.95,1.0168
002920,德赛西威,汽车配件,广东,20171226,002920.SZ,20200114,35.92,37.4,35.5,35.5,35.78,-0.28,-0.7826,64118.33,232384.912,5.2406,5.2406,1.11,46.9214,88.4783,4.8715,3.6099,3.9903,0.5634,0.5634,55000.0,12235.0,12235.0,1952500.0,434342.5,39.36,32.2,1.0168
002920,德赛西威,汽车配件,广东,20171226,002920.SZ,20200113,35.33,36.15,34.43,35.78,34.75,1.03,2.964,40193.16,141988.718,3.2851,3.2851,0.66,47.2915,89.1761,4.9099,3.6384,4.0218,0.559,0.559,55000.0,12235.0,12235.0,1967900.0,437768.3,38.23,31.28,1.0168
002920,德赛西威,汽车配件,广东,20171226,002920.SZ,20200110,34.38,36.25,34.38,34.75,34.76,-0.01,-0.0288,53204.06,187743.998,4.3485,4.3485,0.94,45.9301,86.609,4.7686,3.5336,3.906,0.5755,0.5755,55000.0,12235.0,12235.0,1911250.0,425166.25,38.24,31.28,1.0168
002920,德赛西威,汽车配件,广东,20171226,002920.SZ,20200109,34.04,36.2,34.0,34.76,33.85,0.91,2.6883,70119.64,246662.646,5.7311,5.7311,1.45,45.9433,86.6339,4.77,3.5346,3.9071,0.5754,0.5754,55000.0,12235.0,12235.0,1911800.0,425288.6,37.24,30.47,1.0168
002920,德赛西威,汽车配件,广东,20171226,002920.SZ,20200108,32.48,34.18,32.48,33.85,33.1,0.75,2.2659,62866.2,209906.77,5.1382,5.1382,1.58,44.7406,84.3659,4.6451,3.4421,3.8048,0.5908,0.5908,55000.0,12235.0,12235.0,1861750.0,414154.75,36.41,29.79,1.0168
002920,德赛西威,汽车配件,广东,20171226,002920.SZ,20200107,31.82,33.66,31.31,33.1,31.96,1.14,3.567,62478.93,204415.697,5.1066,5.1066,1.91,43.7493,82.4966,4.5422,3.3658,3.7205,0.6042,0.6042,55000.0,12235.0,12235.0,1820500.0,404978.5,35.16,28.76,1.0168
002920,德赛西威,汽车配件,广东,20171226,002920.SZ,20200106,31.0,33.27,30.9,31.96,31.29,0.67,2.1413,57880.38,186984.73,4.7307,4.7307,2.18,42.2425,79.6554,4.3857,3.2499,3.5924,0.6258,0.6258,55000.0,12235.0,12235.0,1757800.0,391030.6,34.42,28.16,1.0168
002920,德赛西威,汽车配件,广东,20171226,002920.SZ,20200103,30.75,31.34,30.37,31.29,30.77,0.52,1.69,30060.09,92500.697,2.4569,2.4569,1.21,41.3569,77.9855,4.2938,3.1818,3.5171,0.6392,0.6392,55000.0,12235.0,12235.0,1720950.0,382833.15,33.85,27.69,1.0168
002920,德赛西威,汽车配件,广东,20171226,002920.SZ,20200102,30.7,30.99,30.22,30.77,30.33,0.44,1.4507,27953.81,85890.086,2.2847,2.2847,1.16,40.6696,76.6895,4.2224,3.1289,3.4586,0.65,0.65,55000.0,12235.0,12235.0,1692350.0,376470.95,33.36,27.3,1.0168
002920,德赛西威,汽车配件,广东,20171226,002920.SZ,20191231,30.63,31.24,30.22,30.33,30.6,-0.27,-0.8824,20246.51,61886.172,1.6548,1.6548,0.83,40.0881,75.5928,4.162,3.0842,3.4092,0.9891,0.6594,55000.0,12235.0,12235.0,1668150.0,371087.55,33.66,27.54,1.017
002920,德赛西威,汽车配件,广东,20171226,002920.SZ,20191230,30.5,31.42,29.0,30.6,30.5,0.1,0.3279,27822.47,85068.439,2.274,2.274,1.12,40.4449,76.2658,4.1991,3.1116,3.4395,0.9804,0.6536,55000.0,12235.0,12235.0,1683000.0,374391.0,33.55,27.45,1.017
002920,德赛西威,汽车配件,广东,20171226,002920.SZ,20191227,30.68,31.1,30.18,30.5,30.75,-0.25,-0.813,26782.67,82208.286,2.189,2.189,1.07,40.3128,76.0165,4.1854,3.1015,3.4283,0.9836,0.6557,55000.0,12235.0,12235.0,1677500.0,373167.5,33.83,27.68,1.017
002920,德赛西威,汽车配件,广东,20171226,002920.SZ,20191226,31.05,31.35,30.28,30.75,31.37,-0.62,-1.9764,21714.29,66656.442,1.7748,1.7748,0.85,40.6432,76.6396,4.2197,3.1269,3.4564,0.9756,0.6504,55000.0,12235.0,12235.0,1691250.0,376226.25,34.51,28.23,1.017
002920,德赛西威,汽车配件,广东,20171226,002920.SZ,20191225,30.58,31.95,30.53,31.37,30.83,0.54,1.7515,24199.63,76263.517,1.9779,1.9779,0.94,41.4627,78.1849,4.3048,3.1899,3.5261,0.9563,0.6376,55000.0,12235.0,12235.0,1725350.0,383811.95,33.91,27.75,1.017
002920,德赛西威,汽车配件,广东,20171226,002920.SZ,20191224,30.21,31.25,29.93,30.83,30.0,0.83,2.7667,21779.48,67015.742,1.7801,1.7801,0.78,40.7489,76.839,4.2307,3.135,3.4654,0.9731,0.6487,55000.0,12235.0,12235.0,1695650.0,377205.05,33.0,27.0,1.017
002920,德赛西威,汽车配件,广东,20171226,002920.SZ,20191223,30.69,30.78,29.68,30.0,30.89,-0.89,-2.8812,29469.43,88878.131,2.4086,2.4086,1.1,39.6519,74.7704,4.1168,3.0506,3.3721,1.0,0.6667,55000.0,12235.0,12235.0,1650000.0,367050.0,33.98,27.8,1.017
002920,德赛西威,汽车配件,广东,20171226,002920.SZ,20191220,30.67,31.5,30.6,30.89,30.62,0.27,0.8818,27958.27,86614.435,2.2851,2.2851,1.09,40.8282,76.9886,4.2389,3.1411,3.4721,0.9712,0.6475,55000.0,12235.0,12235.0,1698950.0,377939.15,33.68,27.56,1.017
002920,德赛西威,汽车配件,广东,20171226,002920.SZ,20191219,30.07,31.07,29.84,30.62,30.07,0.55,1.8291,24776.69,75543.51,2.0251,2.0251,0.83,40.4714,76.3156,4.2018,3.1137,3.4418,0.9798,0.6532,55000.0,12235.0,12235.0,1684100.0,374635.7,33.08,27.06,1.017
002920,德赛西威,汽车配件,广东,20171226,002920.SZ,20191218,30.07,30.69,29.77,30.07,30.11,-0.04,-0.1328,25345.45,76479.201,2.0716,2.0716,0.83,39.7444,74.9448,4.1264,3.0577,3.3799,0.9977,0.6651,55000.0,12235.0,12235.0,1653850.0,367906.45,33.12,27.1,1.017
002920,德赛西威,汽车配件,广东,20171226,002920.SZ,20191217,29.78,31.3,29.61,30.11,29.9,0.21,0.7023,32635.7,99461.529,2.6674,2.6674,1.08,39.7973,75.0445,4.1319,3.0618,3.3844,0.9963,0.6642,55000.0,12235.0,12235.0,1656050.0,368395.85,32.89,26.91,1.017
002920,德赛西威,汽车配件,广东,20171226,002920.SZ,20191216,29.46,30.1,29.29,29.9,29.44,0.46,1.5625,22780.34,67756.772,1.8619,1.8619,0.69,39.5197,74.5211,4.103,3.0404,3.3608,1.0033,0.6689,55000.0,12235.0,12235.0,1644500.0,365826.5,32.38,26.5,1.017
002920,德赛西威,汽车配件,广东,20171226,002920.SZ,20191213,29.71,29.85,29.1,29.44,29.41,0.03,0.102,22684.12,66822.166,1.854,1.854,0.6,38.9117,73.3747,4.0399,2.9937,3.3091,1.019,0.6793,55000.0,12235.0,12235.0,1619200.0,360198.4,32.35,26.47,1.017
002920,德赛西威,汽车配件,广东,20171226,002920.SZ,20191212,29.09,30.3,28.81,29.41,29.0,0.41,1.4138,45234.64,133897.728,3.6972,3.6972,1.13,38.8721,73.2999,4.0358,2.9906,3.3058,1.0201,0.68,55000.0,12235.0,12235.0,1617550.0,359831.35,31.9,26.1,1.017
002920,德赛西威,汽车配件,广东,20171226,002920.SZ,20191211,28.72,29.3,28.46,29.0,28.72,0.28,0.9749,29946.14,86689.068,2.4476,2.4476,0.68,38.3302,72.278,3.9795,2.9489,3.2597,1.0345,0.6897,55000.0,12235.0,12235.0,1595000.0,354815.0,31.59,25.85,1.017
002920,德赛西威,汽车配件,广东,20171226,002920.SZ,20191210,28.57,28.9,28.12,28.72,28.57,0.15,0.525,30074.38,86146.902,2.4581,2.4581,0.67,37.9601,71.5802,3.9411,2.9205,3.2282,1.0446,0.6964,55000.0,12235.0,12235.0,1579600.0,351389.2,31.43,25.71,1.017
002920,德赛西威,汽车配件,广东,20171226,002920.SZ,20191209,28.19,28.9,28.14,28.57,28.09,0.48,1.7088,36032.5,102844.233,2.945,2.945,0.83,37.7618,71.2063,3.9205,2.9052,3.2113,1.0501,0.7,55000.0,12235.0,12235.0,1571350.0,349553.95,30.9,25.28,1.017
002920,德赛西威,汽车配件,广东,20171226,002920.SZ,20191206,27.81,28.4,27.25,28.09,27.46,0.63,2.2942,46700.09,130476.17,3.8169,3.8169,1.24,37.1274,70.01,3.8547,2.8564,3.1574,1.068,0.712,55000.0,12235.0,12235.0,1544950.0,343681.15,30.21,24.71,1.017
002920,德赛西威,汽车配件,广东,20171226,002920.SZ,20191205,27.12,27.88,26.95,27.46,27.25,0.21,0.7706,57346.9,156969.958,4.6871,4.6871,2.01,36.2947,68.4398,3.7682,2.7923,3.0866,1.0925,0.7283,55000.0,12235.0,12235.0,1510300.0,335973.1,29.98,24.53,1.017
002920,德赛西威,汽车配件,广东,20171226,002920.SZ,20191204,26.25,27.5,26.05,27.25,26.45,0.8,3.0246,48893.67,132304.701,3.9962,3.9962,2.23,36.0171,67.9164,3.7394,2.771,3.063,1.1009,0.7339,55000.0,12235.0,12235.0,1498750.0,333403.75,29.1,23.81,1.017
002920,德赛西威,汽车配件,广东,20171226,002920.SZ,20191203,25.11,26.68,25.11,26.45,25.35,1.1,4.3393,37026.24,95703.091,3.0263,3.0263,2.11,34.9598,65.9225,3.6296,2.6896,2.973,1.1342,0.7561,55000.0,12235.0,12235.0,1454750.0,323615.75,27.89,22.82,1.017
002920,德赛西威,汽车配件,广东,20171226,002920.SZ,20191202,25.49,25.8,24.88,25.35,25.35,0.0,0.0,26043.01,65776.354,2.1286,2.1286,1.62,33.5059,63.181,3.4787,2.5778,2.8494,1.1834,0.789,55000.0,12235.0,12235.0,1394250.0,310157.25,27.89,22.82,1.017
002920,德赛西威,汽车配件,广东,20171226,002920.SZ,20191129,24.6,25.35,24.47,25.35,24.6,0.75,3.0488,18867.14,47203.92,1.5421,1.5421,1.11,33.5059,63.181,3.4787,2.5778,2.8494,1.1834,0.789,55000.0,12235.0,12235.0,1394250.0,310157.25,27.06,22.14,1.017
002920,德赛西威,汽车配件,广东,20171226,002920.SZ,20191128,24.47,24.68,24.28,24.6,24.4,0.2,0.8197,11874.0,29095.117,0.9705,0.9705,0.57,32.5146,61.3117,3.3757,2.5015,2.7651,1.2195,0.813,55000.0,12235.0,12235.0,1353000.0,300981.0,26.84,21.96,1.017
002920,德赛西威,汽车配件,广东,20171226,002920.SZ,20191127,24.37,24.68,24.16,24.4,24.49,-0.09,-0.3675,15598.84,38175.035,1.2749,1.2749,0.63,32.2502,60.8132,3.3483,2.4812,2.7426,1.2295,0.8197,55000.0,12235.0,12235.0,1342000.0,298534.0,26.94,22.04,1.017
002920,德赛西威,汽车配件,广东,20171226,002920.SZ,20191126,24.9,25.1,24.16,24.49,24.89,-0.4,-1.6071,15231.0,37413.191,1.2449,1.2449,0.61,32.3692,61.0375,3.3606,2.4903,2.7527,1.225,0.8167,55000.0,12235.0,12235.0,1346950.0,299635.15,27.38,22.4,1.017
002920,德赛西威,汽车配件,广东,20171226,002920.SZ,20191125,24.65,25.16,24.45,24.89,24.64,0.25,1.0146,18930.0,47012.202,1.5472,1.5472,0.79,32.8979,62.0345,3.4155,2.531,2.7977,1.2053,0.8035,55000.0,12235.0,12235.0,1368950.0,304529.15,27.1,22.18,1.017
002920,德赛西威,汽车配件,广东,20171226,002920.SZ,20191122,25.22,25.56,24.5,24.64,25.23,-0.59,-2.3385,23293.89,58267.591,1.9039,1.9039,1.04,32.5674,61.4114,3.3812,2.5056,2.7696,1.2175,0.8117,55000.0,12235.0,12235.0,1355200.0,301470.4,27.75,22.71,1.017
002920,德赛西威,汽车配件,广东,20171226,002920.SZ,20191121,25.92,26.08,25.05,25.23,26.37,-1.14,-4.3231,30290.0,76962.664,2.4757,2.4757,1.62,33.3472,62.8819,3.4622,2.5656,2.8359,1.1891,0.7927,55000.0,12235.0,12235.0,1387650.0,308689.05,29.01,23.73,1.017
002920,德赛西威,汽车配件,广东,20171226,002920.SZ,20191120,25.69,27.15,25.69,26.37,25.75,0.62,2.4078,35750.92,94840.825,2.922,2.922,2.55,34.854,65.7232,3.6186,2.6815,2.964,1.1377,0.7584,55000.0,12235.0,12235.0,1450350.0,322636.95,28.33,23.18,1.017
002920,德赛西威,汽车配件,广东,20171226,002920.SZ,20191119,25.78,25.86,25.46,25.75,25.61,0.14,0.5467,15928.76,40811.458,1.3019,1.3019,1.01,34.0345,64.1779,3.5336,2.6184,2.8944,1.165,0.7767,55000.0,12235.0,12235.0,1416250.0,315051.25,28.17,23.05,1.017
002920,德赛西威,汽车配件,广东,20171226,002920.SZ,20191118,25.51,25.95,25.35,25.61,25.55,0.06,0.2348,14036.3,36076.186,1.1472,1.1472,0.79,33.8495,63.829,3.5143,2.6042,2.8786,1.1714,0.7809,55000.0,12235.0,12235.0,1408550.0,313338.35,28.11,23.0,1.017
002920,德赛西威,汽车配件,广东,20171226,002920.SZ,20191115,25.63,25.98,25.2,25.55,25.69,-0.14,-0.545,15812.74,40528.069,1.2924,1.2924,0.78,33.7702,63.6794,3.5061,2.5981,2.8719,1.1742,0.7828,55000.0,12235.0,12235.0,1405250.0,312604.25,28.26,23.12,1.017
002920,德赛西威,汽车配件,广东,20171226,002920.SZ,20191114,25.81,26.0,25.48,25.69,26.1,-0.41,-1.5709,12223.51,31463.856,0.9991,0.9991,0.59,33.9552,64.0284,3.5253,2.6123,2.8876,1.1678,0.7785,55000.0,12235.0,12235.0,1412950.0,314317.15,28.71,23.49,1.017
002920,德赛西威,汽车配件,广东,20171226,002920.SZ,20191113,26.04,26.16,25.66,26.1,25.86,0.24,0.9281,12146.94,31440.52,0.9928,0.9928,0.5,34.4972,65.0502,3.5816,2.654,2.9337,1.1494,0.7663,55000.0,12235.0,12235.0,1435500.0,319333.5,28.45,23.27,1.017
002920,德赛西威,汽车配件,广东,20171226,002920.SZ,20191112,25.49,26.31,25.49,25.86,25.53,0.33,1.2926,24442.39,63257.743,1.9977,1.9977,0.93,34.1799,64.4521,3.5486,2.6296,2.9067,1.1601,0.7734,55000.0,12235.0,12235.0,1422300.0,316397.1,28.08,22.98,1.017
002920,德赛西威,汽车配件,广东,20171226,002920.SZ,20191111,26.05,26.3,25.51,25.53,26.14,-0.61,-2.3336,23890.02,61815.886,1.9526,1.9526,0.85,33.7438,63.6296,3.5034,2.5961,2.8696,1.1751,0.7834,55000.0,12235.0,12235.0,1404150.0,312359.55,28.75,23.53,1.017
002920,德赛西威,汽车配件,广东,20171226,002920.SZ,20191108,25.98,26.77,25.66,26.14,25.82,0.32,1.2393,29051.47,76351.909,2.3745,2.3745,1.11,34.55,65.1499,3.5871,2.6581,2.9382,1.1477,0.7651,55000.0,12235.0,12235.0,1437700.0,319822.9,28.4,23.24,1.017
002920,德赛西威,汽车配件,广东,20171226,002920.SZ,20191107,25.9,26.05,25.47,25.82,25.83,-0.01,-0.0387,13626.17,35161.325,1.1137,1.1137,0.47,34.1271,64.3524,3.5432,2.6256,2.9022,1.1619,0.7746,55000.0,12235.0,12235.0,1420100.0,315907.7,28.41,23.25,1.017
002920,德赛西威,汽车配件,广东,20171226,002920.SZ,20191106,26.65,26.66,25.64,25.83,26.04,-0.21,-0.8065,30140.23,78077.045,2.4634,2.4634,1.14,34.1403,64.3773,3.5445,2.6266,2.9034,1.1614,0.7743,55000.0,12235.0,12235.0,1420650.0,316030.05,28.64,23.44,1.017
002920,德赛西威,汽车配件,广东,20171226,002920.SZ,20191105,26.09,26.77,25.85,26.04,26.15,-0.11,-0.4207,34923.46,91822.796,2.8544,2.8544,1.32,34.4178,64.9007,3.5733,2.6479,2.927,1.1521,0.768,55000.0,12235.0,12235.0,1432200.0,318599.4,28.77,23.54,1.017
002920,德赛西威,汽车配件,广东,20171226,002920.SZ,20191104,25.44,26.18,25.26,26.15,25.4,0.75,2.9528,33104.54,85807.488,2.7057,2.7057,1.44,34.5632,65.1748,3.5884,2.6591,2.9393,1.1472,0.7648,55000.0,12235.0,12235.0,1438250.0,319945.25,27.94,22.86,1.017
002920,德赛西威,汽车配件,广东,20171226,002920.SZ,20191101,25.0,25.67,24.7,25.4,25.04,0.36,1.4377,18868.27,47963.946,1.5422,1.5422,0.85,33.5719,63.3056,3.4855,2.5829,2.855,1.1811,0.7874,55000.0,12235.0,12235.0,1397000.0,310769.0,27.54,22.54,1.017
002920,德赛西威,汽车配件,广东,20171226,002920.SZ,20191031,24.51,25.65,24.51,25.04,24.63,0.41,1.6646,27618.39,69464.882,2.2573,2.2573,1.46,33.0961,62.4083,3.4361,2.5462,2.8146,1.1981,0.7987,55000.0,12235.0,12235.0,1377200.0,306364.4,27.09,22.17,1.017
002920,德赛西威,汽车配件,广东,20171226,002920.SZ,20191030,24.63,24.85,24.25,24.63,24.71,-0.08,-0.3238,18148.38,44547.798,1.4833,1.4833,1.01,32.5542,61.3865,3.3799,2.5046,2.7685,1.218,0.812,55000.0,12235.0,12235.0,1354650.0,301348.05,27.18,22.24,1.017
002920,德赛西威,汽车配件,广东,20171226,002920.SZ,20191029,23.92,25.16,23.67,24.71,24.0,0.71,2.9583,34716.37,85057.064,2.8375,2.8375,2.64,32.6599,61.5859,3.3908,2.5127,2.7775,1.2141,0.8094,55000.0,12235.0,12235.0,1359050.0,302326.85,26.4,21.6,1.017
002920,德赛西威,汽车配件,广东,20171226,002920.SZ,20191028,23.6,24.0,23.5,24.0,23.71,0.29,1.2231,15372.41,36581.854,1.2564,1.2564,1.19,31.7215,57.0309,3.3266,2.4405,2.7386,1.25,0.8333,55000.0,12235.0,12235.0,1320000.0,293640.0,26.08,21.34,1.017
002920,德赛西威,汽车配件,广东,20171226,002920.SZ,20191025,23.45,23.88,23.12,23.71,23.5,0.21,0.8936,14791.54,34792.309,1.209,1.209,1.09,31.3382,56.3417,3.2864,2.411,2.7056,1.2653,0.8435,55000.0,12235.0,12235.0,1304050.0,290091.85,25.85,21.15,1.017
002920,德赛西威,汽车配件,广东,20171226,002920.SZ,20191024,23.88,23.97,23.1,23.5,23.74,-0.24,-1.011,11702.4,27444.368,0.9565,0.9565,0.76,31.0607,55.8427,3.2573,2.3897,2.6816,1.2766,0.8511,55000.0,12235.0,12235.0,1292500.0,287522.5,26.11,21.37,1.017
002920,德赛西威,汽车配件,广东,20171226,002920.SZ,20191023,23.75,23.98,23.52,23.74,23.59,0.15,0.6359,13207.84,31318.554,1.0795,1.0795,0.88,31.3779,56.413,3.2906,2.4141,2.709,1.2637,0.8425,55000.0,12235.0,12235.0,1305700.0,290458.9,25.95,21.23,1.017
002920,德赛西威,汽车配件,广东,20171226,002920.SZ,20191022,23.53,23.75,23.28,23.59,23.53,0.06,0.255,10590.62,24919.261,0.8656,0.8656,0.65,31.1796,56.0566,3.2698,2.3988,2.6919,1.2717,0.8478,55000.0,12235.0,12235.0,1297450.0,288623.65,25.88,21.18,1.017
002920,德赛西威,汽车配件,广东,20171226,002920.SZ,20191021,23.53,23.78,22.1,23.53,23.81,-0.28,-1.176,14344.71,33397.101,1.1724,1.1724,0.86,31.1003,55.914,3.2615,2.3927,2.685,1.275,0.85,55000.0,12235.0,12235.0,1294150.0,287889.55,26.19,21.43,1.017
002920,德赛西威,汽车配件,广东,20171226,002920.SZ,20191018,24.22,24.46,23.57,23.81,24.22,-0.41,-1.6928,17887.04,42934.13,1.462,1.462,1.16,31.4704,56.5794,3.3003,2.4212,2.717,1.26,0.84,55000.0,12235.0,12235.0,1309550.0,291315.35,26.64,21.8,1.017
002920,德赛西威,汽车配件,广东,20171226,002920.SZ,20191017,23.7,24.4,23.52,24.22,23.73,0.49,2.0649,20546.27,49016.682,1.6793,1.6793,1.47,32.0123,57.5536,3.3571,2.4629,2.7637,1.2386,0.8258,55000.0,12235.0,12235.0,1332100.0,296331.7,26.1,21.36,1.017
002920,德赛西威,汽车配件,广东,20171226,002920.SZ,20191016,23.4,23.97,23.4,23.73,23.54,0.19,0.8071,11616.64,27643.148,0.9495,0.9495,0.76,31.3647,56.3893,3.2892,2.413,2.7078,1.2642,0.8428,55000.0,12235.0,12235.0,1305150.0,290336.55,25.89,21.19,1.017
002920,德赛西威,汽车配件,广东,20171226,002920.SZ,20191015,24.2,24.2,23.39,23.54,24.22,-0.68,-2.8076,17043.66,40289.507,1.393,1.393,1.15,31.1135,55.9378,3.2629,2.3937,2.6862,1.2744,0.8496,55000.0,12235.0,12235.0,1294700.0,288011.9,26.64,21.8,1.017
002920,德赛西威,汽车配件,广东,20171226,002920.SZ,20191014,23.92,24.35,23.91,24.22,23.79,0.43,1.8075,16200.25,39149.805,1.3241,1.3241,1.0,32.0123,57.5536,3.3571,2.4629,2.7637,1.2386,0.8258,55000.0,12235.0,12235.0,1332100.0,296331.7,26.17,21.41,1.017
002920,德赛西威,汽车配件,广东,20171226,002920.SZ,20191011,24.09,24.2,23.6,23.79,23.9,-0.11,-0.4603,11748.75,28015.3,0.9603,0.9603,0.65,31.444,56.5318,3.2975,2.4191,2.7147,1.261,0.8407,55000.0,12235.0,12235.0,1308450.0,291070.65,26.29,21.51,1.017
002920,德赛西威,汽车配件,广东,20171226,002920.SZ,20191010,24.0,24.0,23.62,23.9,23.9,0.0,0.0,13054.5,31142.81,1.067,1.067,0.6,31.5893,56.7932,3.3128,2.4303,2.7272,1.2552,0.8368,55000.0,12235.0,12235.0,1314500.0,292416.5,26.29,21.51,1.017
002920,德赛西威,汽车配件,广东,20171226,002920.SZ,20191009,23.23,23.98,23.23,23.9,23.32,0.58,2.4871,18763.68,44560.284,1.5336,1.5336,0.74,31.5893,56.7932,3.3128,2.4303,2.7272,1.2552,0.8368,55000.0,12235.0,12235.0,1314500.0,292416.5,25.65,20.99,1.017
002920,德赛西威,汽车配件,广东,20171226,002920.SZ,20191008,23.55,23.92,23.16,23.32,23.55,-0.23,-0.9766,14598.72,34327.889,1.1932,1.1932,0.47,30.8227,55.415,3.2324,2.3713,2.661,1.2864,0.8576,55000.0,12235.0,12235.0,1282600.0,285320.2,25.91,21.2,1.017
002920,德赛西威,汽车配件,广东,20171226,002920.SZ,20190930,23.9,23.99,23.4,23.55,23.95,-0.4,-1.6701,22486.32,53167.099,1.8379,1.8379,0.66,31.1267,55.9615,3.2643,2.3947,2.6873,1.2739,0.8493,55000.0,12235.0,12235.0,1295250.0,288134.25,26.35,21.56,1.017
002920,德赛西威,汽车配件,广东,20171226,002920.SZ,20190927,24.25,24.34,23.7,23.95,23.94,0.01,0.0418,21133.23,50851.064,1.7273,1.7273,0.53,31.6554,56.912,3.3197,2.4354,2.7329,1.2526,0.8351,55000.0,12235.0,12235.0,1317250.0,293028.25,26.33,21.55,1.017
002920,德赛西威,汽车配件,广东,20171226,002920.SZ,20190926,25.19,25.45,23.9,23.94,25.13,-1.19,-4.7354,31150.35,76435.423,2.546,2.546,0.8,31.6422,56.8883,3.3183,2.4344,2.7318,1.2531,0.8354,55000.0,12235.0,12235.0,1316700.0,292905.9,27.64,22.62,1.017
002920,德赛西威,汽车配件,广东,20171226,002920.SZ,20190925,26.3,26.3,25.07,25.13,26.4,-1.27,-4.8106,37667.71,96174.872,3.0787,3.0787,1.01,33.2151,59.7161,3.4833,2.5554,2.8676,1.1938,0.7959,55000.0,12235.0,12235.0,1382150.0,307465.55,29.04,23.76,1.017
002920,德赛西威,汽车配件,广东,20171226,002920.SZ,20190924,26.59,27.15,25.96,26.4,26.57,-0.17,-0.6398,42918.93,114382.849,3.5079,3.5079,1.16,34.8937,62.7339,3.6593,2.6845,3.0125,1.1364,0.7576,55000.0,12235.0,12235.0,1452000.0,323004.0,29.23,23.91,1.017
002920,德赛西威,汽车配件,广东,20171226,002920.SZ,20190923,27.0,27.1,26.22,26.57,26.35,0.22,0.8349,38684.19,103210.757,3.1618,3.1618,1.04,35.1184,63.1379,3.6829,2.7018,3.0319,1.1291,0.7527,55000.0,12235.0,12235.0,1461350.0,325083.95,28.99,23.72,1.017
002920,德赛西威,汽车配件,广东,20171226,002920.SZ,20190920,27.71,27.75,26.33,26.35,26.4,-0.05,-0.1894,49961.42,134202.623,4.0835,4.0835,1.48,34.8276,62.6151,3.6524,2.6795,3.0068,1.1385,0.759,55000.0,12235.0,12235.0,1449250.0,322392.25,29.04,23.76,1.017
002920,德赛西威,汽车配件,广东,20171226,002920.SZ,20190919,26.55,26.55,25.89,26.4,26.5,-0.1,-0.3774,25497.29,66813.396,2.084,2.084,0.7,34.8937,62.7339,3.6593,2.6845,3.0125,1.1364,0.7576,55000.0,12235.0,12235.0,1452000.0,323004.0,29.15,23.85,1.017
002920,德赛西威,汽车配件,广东,20171226,002920.SZ,20190918,26.7,26.77,25.89,26.5,26.43,0.07,0.2649,29601.25,77856.25,2.4194,2.4194,0.7,35.0258,62.9716,3.6732,2.6947,3.0239,1.1321,0.7547,55000.0,12235.0,12235.0,1457500.0,324227.5,29.07,23.79,1.017
002920,德赛西威,汽车配件,广东,20171226,002920.SZ,20190917,26.85,27.75,26.1,26.43,26.8,-0.37,-1.3806,41712.18,111119.297,3.4093,3.4093,0.77,34.9333,62.8052,3.6635,2.6876,3.0159,1.1351,0.7567,55000.0,12235.0,12235.0,1453650.0,323371.05,29.48,24.12,1.017
002920,德赛西威,汽车配件,广东,20171226,002920.SZ,20190916,26.93,27.18,26.5,26.8,26.9,-0.1,-0.3717,38608.63,103556.717,3.1556,3.1556,0.55,35.4224,63.6845,3.7147,2.7252,3.0582,1.1194,0.7463,55000.0,12235.0,12235.0,1474000.0,327898.0,29.59,24.21,1.017
002920,德赛西威,汽车配件,广东,20171226,002920.SZ,20190912,26.82,27.05,26.35,26.9,26.8,0.1,0.3731,33816.17,90500.17,2.7639,2.7639,0.49,35.5545,63.9221,3.7286,2.7354,3.0696,1.1152,0.7435,55000.0,12235.0,12235.0,1479500.0,329121.5,29.48,24.12,1.017
002920,德赛西威,汽车配件,广东,20171226,002920.SZ,20190911,26.55,27.25,26.23,26.8,26.5,0.3,1.1321,37800.09,100828.13,3.0895,3.0895,0.58,35.4224,63.6845,3.7147,2.7252,3.0582,1.1194,0.7463,55000.0,12235.0,12235.0,1474000.0,327898.0,29.15,23.85,1.017
002920,德赛西威,汽车配件,广东,20171226,002920.SZ,20190910,26.93,26.93,25.87,26.5,27.02,-0.52,-1.9245,60071.15,158709.023,4.9098,4.9098,1.04,35.0258,62.9716,3.6732,2.6947,3.0239,1.1321,0.7547,55000.0,12235.0,12235.0,1457500.0,324227.5,29.72,24.32,1.017
002920,德赛西威,汽车配件,广东,20171226,002920.SZ,20190909,25.38,27.28,25.15,27.02,25.12,1.9,7.5637,100895.83,265419.937,8.2465,8.2465,2.41,35.7131,64.2072,3.7452,2.7476,3.0833,1.1103,0.7402,55000.0,12235.0,12235.0,1486100.0,330589.7,27.63,22.61,1.017
002920,德赛西威,汽车配件,广东,20171226,002920.SZ,20190906,23.3,25.49,23.3,25.12,23.17,1.95,8.4161,115811.33,287940.448,9.4656,9.4656,4.92,33.2019,59.6923,3.4819,2.5544,2.8664,1.1943,0.7962,55000.0,12235.0,12235.0,1381600.0,307343.2,25.49,20.85,1.017
002920,德赛西威,汽车配件,广东,20171226,002920.SZ,20190905,23.1,23.47,22.88,23.17,22.87,0.3,1.3118,32247.93,74967.329,2.6357,2.6357,1.48,30.6245,55.0585,3.2116,2.3561,2.6439,1.2948,0.8632,55000.0,12235.0,12235.0,1274350.0,283484.95,25.16,20.58,1.017
002920,德赛西威,汽车配件,广东,20171226,002920.SZ,20190904,22.75,22.98,22.58,22.87,22.74,0.13,0.5717,18849.83,42916.865,1.5406,1.5406,0.7,30.228,54.3457,3.17,2.3256,2.6097,1.3118,0.8745,55000.0,12235.0,12235.0,1257850.0,279814.45,25.01,20.47,1.017
002920,德赛西威,汽车配件,广东,20171226,002920.SZ,20190903,22.75,23.08,22.2,22.74,22.74,0.0,0.0,19687.0,44709.145,1.6091,1.6091,0.59,30.0561,54.0367,3.152,2.3124,2.5949,1.3193,0.8795,55000.0,12235.0,12235.0,1250700.0,278223.9,25.01,20.47,1.017
002920,德赛西威,汽车配件,广东,20171226,002920.SZ,20190902,22.43,22.91,22.3,22.74,22.36,0.38,1.6995,22635.3,51294.783,1.85,1.85,0.61,30.0561,54.0367,3.152,2.3124,2.5949,1.3193,0.8795,55000.0,12235.0,12235.0,1250700.0,278223.9,24.6,20.12,1.017
002920,德赛西威,汽车配件,广东,20171226,002920.SZ,20190830,22.85,23.09,22.32,22.36,22.76,-0.4,-1.7575,24328.08,55203.941,1.9884,1.9884,0.53,29.5539,53.1338,3.0993,2.2737,2.5515,1.3417,0.8945,55000.0,12235.0,12235.0,1229800.0,273574.6,25.04,20.48,1.017
002920,德赛西威,汽车配件,广东,20171226,002920.SZ,20190829,23.12,23.25,22.51,22.76,23.12,-0.36,-1.5571,23379.0,53367.967,1.9108,1.9108,0.49,30.0826,54.0843,3.1548,2.3144,2.5971,1.3181,0.8787,55000.0,12235.0,12235.0,1251800.0,278468.6,25.43,20.81,1.017
002920,德赛西威,汽车配件,广东,20171226,002920.SZ,20190828,23.11,23.98,22.9,23.12,23.06,0.06,0.2602,44014.16,103107.481,3.5974,3.5974,0.96,30.5584,54.9397,3.2047,2.351,2.6382,1.2976,0.8651,55000.0,12235.0,12235.0,1271600.0,282873.2,25.37,20.75,1.017
002920,德赛西威,汽车配件,广东,20171226,002920.SZ,20190827,22.33,23.69,22.17,23.06,22.16,0.9,4.0614,51274.3,117897.446,4.1908,4.1908,1.16,30.4791,54.7972,3.1963,2.3449,2.6314,1.301,0.8673,55000.0,12235.0,12235.0,1268300.0,282139.1,24.38,19.94,1.017
002920,德赛西威,汽车配件,广东,20171226,002920.SZ,20190826,21.98,22.74,21.93,22.16,22.78,-0.62,-2.7217,42204.45,93520.027,3.4495,3.4495,1.02,29.2895,52.6585,3.0716,2.2534,2.5287,1.3538,0.9025,55000.0,12235.0,12235.0,1218800.0,271127.6,25.06,20.5,1.017
002920,德赛西威,汽车配件,广东,20171226,002920.SZ,20190823,23.9,23.9,22.49,22.78,23.85,-1.07,-4.4864,67136.01,154152.166,5.4872,5.4872,2.14,30.109,54.1318,3.1575,2.3164,2.5994,1.3169,0.878,55000.0,12235.0,12235.0,1252900.0,278713.3,26.24,21.47,1.017
002920,德赛西威,汽车配件,广东,20171226,002920.SZ,20190822,24.86,24.96,23.72,23.85,24.6,-0.75,-3.0488,36264.61,87589.989,2.964,2.964,1.29,31.5233,56.6744,3.3058,2.4252,2.7215,1.2579,0.8386,55000.0,12235.0,12235.0,1311750.0,291804.75,27.06,22.14,1.017
002920,德赛西威,汽车配件,广东,20171226,002920.SZ,20190821,25.44,25.46,24.6,24.6,25.65,-1.05,-4.0936,33066.48,82353.687,2.7026,2.7026,1.33,32.5146,58.4566,3.4098,2.5015,2.8071,1.2195,0.813,55000.0,12235.0,12235.0,1353000.0,300981.0,28.22,23.09,1.017
002920,德赛西威,汽车配件,广东,20171226,002920.SZ,20190820,25.15,26.1,25.02,25.65,25.82,-0.17,-0.6584,43008.63,109441.05,3.5152,3.5152,2.2,33.9024,60.9517,3.5553,2.6083,2.9269,1.1696,0.7797,55000.0,12235.0,12235.0,1410750.0,313827.75,28.4,23.24,1.017
002920,德赛西威,汽车配件,广东,20171226,002920.SZ,20190819,24.74,25.97,24.44,25.82,24.41,1.41,5.7763,27632.5,70686.056,2.2585,2.2585,1.46,34.1271,47.4244,3.6363,2.6256,2.8338,1.1619,0.7746,55000.0,12235.0,12235.0,1420100.0,315907.7,26.85,21.97,1.017
002920,德赛西威,汽车配件,广东,20171226,002920.SZ,20190816,24.58,24.67,24.16,24.41,24.44,-0.03,-0.1227,16772.56,41015.39,1.3709,1.3709,0.64,32.2634,44.8346,3.4378,2.4822,2.6791,1.229,0.8193,55000.0,12235.0,12235.0,1342550.0,298656.35,26.88,22.0,1.017
002920,德赛西威,汽车配件,广东,20171226,002920.SZ,20190815,23.7,24.72,23.55,24.44,24.05,0.39,1.6216,20506.79,49692.609,1.6761,1.6761,0.74,32.3031,44.8897,3.442,2.4852,2.6824,1.2275,0.8183,55000.0,12235.0,12235.0,1344200.0,299023.4,26.46,21.65,1.017
002920,德赛西威,汽车配件,广东,20171226,002920.SZ,20190814,24.45,24.72,24.04,24.05,24.03,0.02,0.0832,15924.72,38852.906,1.3016,1.3016,0.52,31.7876,44.1734,3.3871,2.4456,2.6396,1.2474,0.8316,55000.0,12235.0,12235.0,1322750.0,294251.75,26.43,21.63,1.017
002920,德赛西威,汽车配件,广东,20171226,002920.SZ,20190813,23.9,24.35,23.58,24.03,23.92,0.11,0.4599,16798.0,40331.353,1.3729,1.3729,0.54,31.7612,44.1367,3.3842,2.4435,2.6374,1.2484,0.8323,55000.0,12235.0,12235.0,1321650.0,294007.05,26.31,21.53,1.017
002920,德赛西威,汽车配件,广东,20171226,002920.SZ,20190812,23.12,24.09,22.7,23.92,23.21,0.71,3.059,24586.75,57662.974,2.0095,2.0095,0.83,31.6158,43.9346,3.3688,2.4324,2.6253,1.2542,0.8361,55000.0,12235.0,12235.0,1315600.0,292661.2,25.53,20.89,1.017
002920,德赛西威,汽车配件,广东,20171226,002920.SZ,20190809,24.25,24.34,22.81,23.21,24.25,-1.04,-4.2887,53570.56,125231.265,4.3785,4.3785,2.37,30.6774,42.6305,3.2688,2.3602,2.5474,1.2925,0.8617,55000.0,12235.0,12235.0,1276550.0,283974.35,26.68,21.83,1.017
002920,德赛西威,汽车配件,广东,20171226,002920.SZ,20190808,24.4,25.15,24.05,24.25,24.46,-0.21,-0.8585,27192.78,66532.904,2.2225,2.2225,1.3,32.052,44.5407,3.4152,2.4659,2.6615,1.2371,0.8247,55000.0,12235.0,12235.0,1333750.0,296698.75,26.91,22.01,1.017
002920,德赛西威,汽车配件,广东,20171226,002920.SZ,20190807,25.33,25.58,24.36,24.46,25.32,-0.86,-3.3965,29832.36,74205.811,2.4383,2.4383,1.51,32.3295,44.9265,3.4448,2.4873,2.6846,1.2265,0.8177,55000.0,12235.0,12235.0,1345300.0,299268.1,27.85,22.79,1.017
002920,德赛西威,汽车配件,广东,20171226,002920.SZ,20190806,24.7,25.64,24.59,25.32,25.39,-0.07,-0.2757,19372.76,48761.235,1.5834,1.5834,0.75,33.4662,46.506,3.5659,2.5747,2.779,1.1848,0.7899,55000.0,12235.0,12235.0,1392600.0,309790.2,27.93,22.85,1.017
002920,德赛西威,汽车配件,广东,20171226,002920.SZ,20190805,25.58,26.28,25.21,25.39,25.8,-0.41,-1.5891,17953.99,46082.478,1.4674,1.4674,0.67,33.5587,46.6346,3.5758,2.5818,2.7866,1.1816,0.7877,55000.0,12235.0,12235.0,1396450.0,310646.65,28.38,23.22,1.017
002920,德赛西威,汽车配件,广东,20171226,002920.SZ,20190802,25.37,26.07,25.37,25.8,26.19,-0.39,-1.4891,18764.81,48299.93,1.5337,1.5337,0.72,34.1006,47.3877,3.6335,2.6235,2.8316,1.1628,0.7752,55000.0,12235.0,12235.0,1419000.0,315663.0,28.81,23.57,1.017
002920,德赛西威,汽车配件,广东,20171226,002920.SZ,20190801,26.39,26.82,26.01,26.19,26.57,-0.38,-1.4302,19041.78,50112.503,1.5563,1.5563,0.74,34.6161,48.104,3.6884,2.6632,2.8744,1.1455,0.7637,55000.0,12235.0,12235.0,1440450.0,320434.65,29.23,23.91,1.017
002920,德赛西威,汽车配件,广东,20171226,002920.SZ,20190731,26.51,26.92,26.37,26.57,26.78,-0.21,-0.7842,23962.66,63669.985,1.9585,1.9585,0.91,35.1184,48.802,3.742,2.7018,2.9162,1.1291,0.7527,55000.0,12235.0,12235.0,1461350.0,325083.95,29.46,24.1,1.017
002920,德赛西威,汽车配件,广东,20171226,002920.SZ,20190730,24.66,27.08,24.66,26.78,24.86,1.92,7.7233,49700.92,131502.842,4.0622,4.0622,2.67,35.3959,49.1877,3.7715,2.7232,2.9392,1.1202,0.7468,55000.0,12235.0,12235.0,1472900.0,327653.3,27.35,22.37,1.017
002920,德赛西威,汽车配件,广东,20171226,002920.SZ,20190729,25.12,25.8,24.65,24.86,25.4,-0.54,-2.126,21926.64,54803.574,1.7921,1.7921,1.27,32.8582,45.6611,3.5011,2.5279,2.7285,1.2068,0.8045,55000.0,12235.0,12235.0,1367300.0,304162.1,27.94,22.86,1.017
002920,德赛西威,汽车配件,广东,20171226,002920.SZ,20190726,25.88,25.88,25.24,25.4,25.69,-0.29,-1.1288,15815.33,40216.09,1.2926,1.2926,0.85,33.5719,46.653,3.5772,2.5829,2.7877,1.1811,0.7874,55000.0,12235.0,12235.0,1397000.0,310769.0,28.26,23.12,1.017
002920,德赛西威,汽车配件,广东,20171226,002920.SZ,20190725,25.76,25.98,25.51,25.69,25.7,-0.01,-0.0389,17435.18,44854.687,1.425,1.425,0.9,33.9552,47.1856,3.618,2.6123,2.8196,1.1678,0.7785,55000.0,12235.0,12235.0,1412950.0,314317.15,28.27,23.13,1.017
002920,德赛西威,汽车配件,广东,20171226,002920.SZ,20190724,24.67,25.94,24.52,25.7,24.5,1.2,4.898,27356.03,69747.825,2.2359,2.2359,1.58,33.9685,47.204,3.6194,2.6134,2.8207,1.1673,0.7782,55000.0,12235.0,12235.0,1413500.0,314439.5,26.95,22.05,1.017
002920,德赛西威,汽车配件,广东,20171226,002920.SZ,20190723,24.43,24.65,24.0,24.5,24.24,0.26,1.0726,10582.0,25778.255,0.8649,0.8649,0.57,32.3824,44.9999,3.4504,2.4913,2.689,1.2245,0.8163,55000.0,12235.0,12235.0,1347500.0,299757.5,26.66,21.82,1.017
002920,德赛西威,汽车配件,广东,20171226,002920.SZ,20190722,24.72,25.08,24.11,24.24,24.7,-0.46,-1.8623,15473.3,37987.302,1.2647,1.2647,0.7,32.0387,44.5224,3.4138,2.4649,2.6604,1.2376,0.8251,55000.0,12235.0,12235.0,1333200.0,296576.4,27.17,22.23,1.017
002920,德赛西威,汽车配件,广东,20171226,002920.SZ,20190719,25.0,25.55,24.66,24.7,25.5,-0.8,-3.1373,22131.0,55231.392,1.8088,1.8088,1.11,32.6467,45.3673,3.4786,2.5117,2.7109,1.2146,0.8097,55000.0,12235.0,12235.0,1358500.0,302204.5,28.05,22.95,1.017
002920,德赛西威,汽车配件,广东,20171226,002920.SZ,20190718,25.61,25.75,24.71,25.5,25.96,-0.46,-1.772,21411.26,54194.981,1.75,1.75,1.19,33.7041,46.8367,3.5913,2.593,2.7987,1.1765,0.7843,55000.0,12235.0,12235.0,1402500.0,311992.5,28.56,23.36,1.017
002920,德赛西威,汽车配件,广东,20171226,002920.SZ,20190717,25.44,26.05,25.4,25.96,25.59,0.37,1.4459,17121.53,44097.945,1.3994,1.3994,0.92,34.3121,47.6816,3.6561,2.6398,2.8492,1.1556,0.7704,55000.0,12235.0,12235.0,1427800.0,317620.6,28.15,23.03,1.017
002920,德赛西威,汽车配件,广东,20171226,002920.SZ,20190716,25.8,25.99,25.4,25.59,25.62,-0.03,-0.1171,16193.09,41572.688,1.3235,1.3235,0.87,33.8231,47.002,3.6039,2.6022,2.8086,1.1723,0.7816,55000.0,12235.0,12235.0,1407450.0,313093.65,28.18,23.06,1.017
002920,德赛西威,汽车配件,广东,20171226,002920.SZ,20190715,24.0,26.11,23.51,25.62,24.33,1.29,5.3021,33425.77,84219.745,2.732,2.732,1.91,33.8627,47.0571,3.6082,2.6052,2.8119,1.171,0.7806,55000.0,12235.0,12235.0,1409100.0,313460.7,26.76,21.9,1.017
002920,德赛西威,汽车配件,广东,20171226,002920.SZ,20190712,24.5,24.97,24.3,24.33,24.64,-0.31,-1.2581,11836.0,29050.468,0.9674,0.9674,0.56,32.1577,44.6877,3.4265,2.4741,2.6703,1.233,0.822,55000.0,12235.0,12235.0,1338150.0,297677.55,27.1,22.18,1.017
002920,德赛西威,汽车配件,广东,20171226,002920.SZ,20190711,25.23,25.27,24.53,24.64,24.83,-0.19,-0.7652,11697.42,29062.835,0.9561,0.9561,0.46,32.5674,45.2571,3.4702,2.5056,2.7043,1.2175,0.8117,55000.0,12235.0,12235.0,1355200.0,301470.4,27.31,22.35,1.017
002920,德赛西威,汽车配件,广东,20171226,002920.SZ,20190710,24.91,25.2,24.51,24.83,25.1,-0.27,-1.0757,19498.05,48351.975,1.5936,1.5936,0.7,32.8186,45.606,3.4969,2.5249,2.7252,1.2082,0.8055,55000.0,12235.0,12235.0,1365650.0,303795.05,27.61,22.59,1.017
002920,德赛西威,汽车配件,广东,20171226,002920.SZ,20190709,25.35,25.35,24.55,25.1,24.96,0.14,0.5609,17081.91,42615.658,1.3962,1.3962,0.49,33.1754,46.102,3.5349,2.5524,2.7548,1.1952,0.7968,55000.0,12235.0,12235.0,1380500.0,307098.5,27.46,22.46,1.017
002920,德赛西威,汽车配件,广东,20171226,002920.SZ,20190708,25.14,25.7,24.6,24.96,25.28,-0.32,-1.2658,27510.82,69100.254,2.2485,2.2485,0.74,32.9904,45.8448,3.5152,2.5381,2.7394,1.2019,0.8013,55000.0,12235.0,12235.0,1372800.0,305385.6,27.81,22.75,1.017
002920,德赛西威,汽车配件,广东,20171226,002920.SZ,20190705,25.26,25.76,24.53,25.28,24.72,0.56,2.2654,30345.7,76515.122,2.4802,2.4802,0.75,33.4133,46.4326,3.5603,2.5707,2.7746,1.1867,0.7911,55000.0,12235.0,12235.0,1390400.0,309300.8,27.19,22.25,1.017
002920,德赛西威,汽车配件,广东,20171226,002920.SZ,20190704,24.8,25.47,24.7,24.72,24.47,0.25,1.0217,33970.79,85164.757,2.7765,2.7765,0.93,32.6732,45.404,3.4814,2.5137,2.7131,1.2136,0.8091,55000.0,12235.0,12235.0,1359600.0,302449.2,26.92,22.02,1.017
002920,德赛西威,汽车配件,广东,20171226,002920.SZ,20190703,24.88,25.35,24.3,24.47,24.76,-0.29,-1.1712,31006.77,76745.159,2.5343,2.5343,0.95,32.3427,44.9448,3.4462,2.4883,2.6857,1.226,0.8173,55000.0,12235.0,12235.0,1345850.0,299390.45,27.24,22.28,1.017
002920,德赛西威,汽车配件,广东,20171226,002920.SZ,20190702,24.1,25.29,23.78,24.76,24.11,0.65,2.696,50758.94,125304.652,4.1487,4.1487,2.0,32.726,45.4775,3.4871,2.5178,2.7175,1.2116,0.8078,55000.0,12235.0,12235.0,1361800.0,302938.6,26.52,21.7,1.017
002920,德赛西威,汽车配件,广东,20171226,002920.SZ,20190701,22.66,24.19,22.66,24.11,22.4,1.71,7.6339,39302.45,92720.327,3.2123,3.2123,1.88,31.8669,44.2836,3.3955,2.4517,2.6462,1.2443,0.8295,55000.0,12235.0,12235.0,1326050.0,294985.85,24.64,20.16,1.017
002920,德赛西威,汽车配件,广东,20171226,002920.SZ,20190628,23.19,23.21,21.73,22.4,23.32,-0.92,-3.9451,45989.19,102004.084,3.7588,3.7588,2.76,29.6068,41.1428,3.1547,2.2778,2.4585,1.3393,0.8929,55000.0,12235.0,12235.0,1232000.0,274064.0,25.65,20.99,1.017
002920,德赛西威,汽车配件,广东,20171226,002920.SZ,20190627,23.25,23.59,23.01,23.32,23.18,0.14,0.604,15745.23,36672.158,1.2869,1.2869,0.83,30.8227,42.8326,3.2843,2.3713,2.5595,1.2864,0.8576,55000.0,12235.0,12235.0,1282600.0,285320.2,25.5,20.86,1.017
002920,德赛西威,汽车配件,广东,20171226,002920.SZ,20190626,23.05,23.45,22.92,23.18,23.4,-0.22,-0.9402,11376.94,26389.641,0.9299,0.9299,0.56,30.6377,42.5754,3.2645,2.3571,2.5441,1.2942,0.8628,55000.0,12235.0,12235.0,1274900.0,283607.3,25.74,21.06,1.017
002920,德赛西威,汽车配件,广东,20171226,002920.SZ,20190625,23.73,23.73,22.8,23.4,23.58,-0.18,-0.7634,14615.56,33924.258,1.1946,1.1946,0.69,30.9285,42.9795,3.2955,2.3795,2.5682,1.2821,0.8547,55000.0,12235.0,12235.0,1287000.0,286299.0,25.94,21.22,1.017
002920,德赛西威,汽车配件,广东,20171226,002920.SZ,20190624,24.06,24.49,23.51,23.58,24.07,-0.49,-2.0357,16981.81,40561.536,1.388,1.388,0.86,31.1664,43.3101,3.3209,2.3978,2.588,1.2723,0.8482,55000.0,12235.0,12235.0,1296900.0,288501.3,26.48,21.66,1.017
002920,德赛西威,汽车配件,广东,20171226,002920.SZ,20190621,23.55,24.29,23.55,24.07,23.55,0.52,2.2081,24484.04,58672.28,2.0011,2.0011,1.37,31.814,44.2101,3.3899,2.4476,2.6418,1.2464,0.8309,55000.0,12235.0,12235.0,1323850.0,294496.45,25.91,21.2,1.017
002920,德赛西威,汽车配件,广东,20171226,002920.SZ,20190620,22.86,23.64,22.45,23.55,22.75,0.8,3.5165,26944.22,62786.058,2.2022,2.2022,1.66,31.1267,43.255,3.3166,2.3947,2.5847,1.2739,0.8493,55000.0,12235.0,12235.0,1295250.0,288134.25,25.03,20.48,1.017
002920,德赛西威,汽车配件,广东,20171226,002920.SZ,20190619,23.2,23.58,22.65,22.75,22.8,-0.05,-0.2193,18102.67,41830.7,1.4796,1.4796,1.04,30.0694,41.7856,3.204,2.3134,2.4969,1.3187,0.8791,55000.0,12235.0,12235.0,1251250.0,278346.25,25.08,20.52,1.017
002920,德赛西威,汽车配件,广东,20171226,002920.SZ,20190618,22.31,22.95,21.5,22.8,22.71,0.09,0.3963,19571.43,43824.58,1.5996,1.5996,1.13,30.1354,41.8775,3.211,2.3185,2.5024,1.3158,0.8772,55000.0,12235.0,12235.0,1254000.0,278958.0,24.98,20.44,1.017
002920,德赛西威,汽车配件,广东,20171226,002920.SZ,20190617,22.76,23.19,22.51,22.71,22.76,-0.05,-0.2197,9581.49,21763.509,0.7831,0.7831,0.52,30.0165,41.7122,3.1983,2.3093,2.4925,1.321,0.8807,55000.0,12235.0,12235.0,1249050.0,277856.85,25.04,20.48,1.017
002920,德赛西威,汽车配件,广东,20171226,002920.SZ,20190614,22.99,23.36,22.72,22.76,23.01,-0.25,-1.0865,14870.0,34218.092,1.2154,1.2154,0.8,30.0826,41.804,3.2054,2.3144,2.498,1.3181,0.8787,55000.0,12235.0,12235.0,1251800.0,278468.6,25.31,20.71,1.017
002920,德赛西威,汽车配件,广东,20171226,002920.SZ,20190613,23.1,23.29,22.6,23.01,22.87,0.14,0.6122,18813.68,43206.328,1.5377,1.5377,1.02,30.413,42.2632,3.2406,2.3398,2.5254,1.3038,0.8692,55000.0,12235.0,12235.0,1265550.0,281527.35,25.16,20.58,1.017
002920,德赛西威,汽车配件,广东,20171226,002920.SZ,20190612,22.79,23.52,22.65,22.87,22.79,0.08,0.351,24056.92,55633.307,1.9662,1.9662,1.4,30.228,42.0061,3.2209,2.3256,2.5101,1.3118,0.8745,55000.0,12235.0,12235.0,1257850.0,279814.45,25.07,20.51,1.017
002920,德赛西威,汽车配件,广东,20171226,002920.SZ,20190611,21.75,22.94,21.75,22.79,22.0,0.79,3.5909,19346.35,43472.494,1.5812,1.5812,1.24,30.1222,41.8591,3.2096,2.3175,2.5013,1.3164,0.8776,55000.0,12235.0,12235.0,1253450.0,278835.65,24.2,19.8,1.017
002920,德赛西威,汽车配件,广东,20171226,002920.SZ,20190610,21.31,22.25,21.31,22.0,21.31,0.69,3.2379,15366.62,33569.909,1.256,1.256,1.04,29.0781,40.4081,3.0984,2.2371,2.4146,1.3636,0.9091,55000.0,12235.0,12235.0,1210000.0,269170.0,23.44,19.18,1.017
002920,德赛西威,汽车配件,广东,20171226,002920.SZ,20190606,21.4,21.69,21.03,21.31,21.3,0.01,0.0469,15419.72,33107.863,1.2603,1.2603,1.06,28.1661,39.1408,3.0012,2.167,2.3388,1.4078,0.9385,55000.0,12235.0,12235.0,1172050.0,260727.85,23.43,19.17,1.017
002920,德赛西威,汽车配件,广东,20171226,002920.SZ,20190605,21.75,21.84,21.2,21.3,21.6,-0.3,-1.3889,17662.64,37920.954,1.4436,1.4436,1.28,28.1528,39.1224,2.9998,2.1659,2.3378,1.4085,0.939,55000.0,12235.0,12235.0,1171500.0,260605.5,23.76,19.44,1.017
002920,德赛西威,汽车配件,广东,20171226,002920.SZ,20190604,22.14,22.16,21.31,21.6,22.1,-0.5,-2.2624,18235.76,39389.969,1.4905,1.4905,1.17,28.5494,39.6734,3.042,2.1964,2.3707,1.3889,0.9259,55000.0,12235.0,12235.0,1188000.0,264276.0,24.31,19.89,1.017
002920,德赛西威,汽车配件,广东,20171226,002920.SZ,20190603,22.35,22.51,21.88,22.1,22.14,-0.04,-0.1807,11571.08,25665.701,0.9457,0.9457,0.6,29.2102,40.5918,3.1124,2.2473,2.4256,1.3575,0.905,55000.0,12235.0,12235.0,1215500.0,270393.5,24.35,19.93,1.017
002920,德赛西威,汽车配件,广东,20171226,002920.SZ,20190531,22.46,22.69,22.13,22.14,22.36,-0.22,-0.9839,10956.55,24487.642,0.8955,0.8955,0.55,29.2631,40.6652,3.1181,2.2514,2.4299,1.355,0.9033,55000.0,12235.0,12235.0,1217700.0,270882.9,24.6,20.12,1.017
002920,德赛西威,汽车配件,广东,20171226,002920.SZ,20190530,22.24,22.66,22.08,22.36,22.72,-0.36,-1.5845,14369.06,32145.978,1.1744,1.1744,0.54,29.5539,41.0693,3.1491,2.2737,2.4541,1.3417,0.8945,55000.0,12235.0,12235.0,1229800.0,273574.6,24.99,20.45,1.017
002920,德赛西威,汽车配件,广东,20171226,002920.SZ,20190529,23.24,23.25,22.68,22.72,23.12,-0.4,-1.7301,13995.81,32049.339,1.1439,1.1439,0.53,30.0297,41.7305,3.1998,2.3103,2.4936,1.3204,0.8803,55000.0,12235.0,12235.0,1249600.0,277979.2,25.43,20.81,1.017
002920,德赛西威,汽车配件,广东,20171226,002920.SZ,20190528,23.26,25.1,22.86,23.12,22.82,0.3,1.3146,26908.48,62715.88,2.1993,2.1993,1.1,30.5584,42.4652,3.2561,2.351,2.5375,1.2976,0.8651,55000.0,12235.0,12235.0,1271600.0,282873.2,25.1,20.54,1.017
002920,德赛西威,汽车配件,广东,20171226,002920.SZ,20190527,21.7,23.1,21.6,22.82,21.87,0.95,4.3439,30789.32,69108.436,2.5165,2.5165,1.29,30.1619,41.9142,3.2138,2.3205,2.5046,1.3146,0.8764,55000.0,12235.0,12235.0,1255100.0,279202.7,24.06,19.68,1.017
002920,德赛西威,汽车配件,广东,20171226,002920.SZ,20190524,21.9,22.2,21.66,21.87,22.01,-0.14,-0.6361,14284.62,31305.46,1.1675,1.1675,0.5,28.9062,40.1693,3.08,2.2239,2.4003,1.3717,2.2862,55000.0,12235.0,12235.0,1202850.0,267579.45,24.21,19.81,1.017
002920,德赛西威,汽车配件,广东,20171226,002920.SZ,20190523,22.7,22.7,20.89,22.01,22.71,-0.7,-3.0823,47406.41,102883.085,3.8747,3.8747,1.52,29.0913,40.4265,3.0998,2.2381,2.4157,1.363,2.2717,55000.0,12235.0,12235.0,1210550.0,269292.35,24.98,20.44,1.017
002920,德赛西威,汽车配件,广东,20171226,002920.SZ,20190522,23.1,23.24,22.5,22.71,22.85,-0.14,-0.6127,11954.39,27281.52,0.9771,0.9771,0.34,30.0165,41.7122,3.1983,2.3093,2.4925,1.321,2.2017,55000.0,12235.0,12235.0,1249050.0,277856.85,25.14,20.57,1.017
002920,德赛西威,汽车配件,广东,20171226,002920.SZ,20190521,22.5,23.15,22.22,22.85,22.5,0.35,1.5556,17536.4,39913.691,1.4333,1.4333,0.49,30.2015,41.9693,3.2181,2.3236,2.5079,1.3129,2.1882,55000.0,12235.0,12235.0,1256750.0,279569.75,24.75,20.25,1.017
002920,德赛西威,汽车配件,广东,20171226,002920.SZ,20190520,23.34,23.69,21.91,22.5,23.14,-0.64,-2.7658,28064.24,62935.951,2.2938,2.2938,0.79,29.7389,41.3265,3.1688,2.288,2.4695,1.3333,2.2222,55000.0,12235.0,12235.0,1237500.0,275287.5,25.45,20.83,1.017
002920,德赛西威,汽车配件,广东,20171226,002920.SZ,20190517,24.42,25.1,23.11,23.14,24.66,-1.52,-6.1638,38096.75,90842.007,3.1138,3.1138,1.06,30.5848,42.502,3.2589,2.353,2.5397,1.2965,2.1608,55000.0,12235.0,12235.0,1272700.0,283117.9,27.13,22.19,1.017
002920,德赛西威,汽车配件,广东,20171226,002920.SZ,20190516,24.2,25.29,24.19,24.66,24.08,0.58,2.4086,59843.42,148224.408,4.8912,4.8912,2.06,32.5939,45.2938,3.473,2.5076,2.7065,1.2165,2.0276,55000.0,12235.0,12235.0,1356300.0,301715.1,26.49,21.67,1.017
002920,德赛西威,汽车配件,广东,20171226,002920.SZ,20190515,23.46,24.33,23.3,24.28,23.0,1.28,5.5652,31556.45,74921.359,2.5792,2.5792,1.18,32.0916,44.5958,3.3258,2.469,2.6648,1.2356,1.2356,55000.0,12235.0,12235.0,1335400.0,297065.8,25.3,20.7,1.008
002920,德赛西威,汽车配件,广东,20171226,002920.SZ,20190514,23.12,23.53,22.92,23.0,23.45,-0.45,-1.919,22250.91,51658.009,1.8186,1.8186,0.74,30.3998,42.2448,3.1504,2.3388,2.5243,1.3043,1.3043,55000.0,12235.0,12235.0,1265000.0,281405.0,25.8,21.11,1.008
002920,德赛西威,汽车配件,广东,20171226,002920.SZ,20190513,23.95,23.95,23.2,23.45,23.94,-0.49,-2.0468,25674.94,60409.011,2.0985,2.0985,0.77,30.9946,43.0714,3.2121,2.3846,2.5737,1.2793,1.2793,55000.0,12235.0,12235.0,1289750.0,286910.75,26.33,21.55,1.008
002920,德赛西威,汽车配件,广东,20171226,002920.SZ,20190510,23.67,24.11,22.87,23.94,23.18,0.76,3.2787,39750.47,94341.412,3.2489,3.2489,1.25,31.6422,43.9714,3.2792,2.4344,2.6275,1.2531,1.2531,55000.0,12235.0,12235.0,1316700.0,292905.9,25.5,20.86,1.008
002920,德赛西威,汽车配件,广东,20171226,002920.SZ,20190509,23.61,23.93,23.1,23.18,23.8,-0.62,-2.605,26127.41,61370.442,2.1355,2.1355,0.77,30.6377,42.5754,3.1751,2.3571,2.5441,1.2942,1.2942,55000.0,12235.0,12235.0,1274900.0,283607.3,26.18,21.42,1.008
002920,德赛西威,汽车配件,广东,20171226,002920.SZ,20190508,23.76,24.47,23.67,23.8,24.34,-0.54,-2.2186,19508.67,46921.548,1.5945,1.5945,0.56,31.4572,43.7142,3.26,2.4202,2.6121,1.2605,1.2605,55000.0,12235.0,12235.0,1309000.0,291193.0,26.77,21.91,1.008
002920,德赛西威,汽车配件,广东,20171226,002920.SZ,20190507,23.9,25.13,23.83,24.34,23.81,0.53,2.226,38942.04,94962.698,3.1828,3.1828,1.17,32.1709,44.706,3.334,2.4751,2.6714,1.2325,1.2325,55000.0,12235.0,12235.0,1338700.0,297799.9,26.19,21.43,1.008
002920,德赛西威,汽车配件,广东,20171226,002920.SZ,20190506,24.0,25.0,23.0,23.81,25.2,-1.39,-5.5159,41405.89,99246.287,3.3842,3.3842,1.28,31.4704,43.7326,3.2614,2.4212,2.6132,1.26,1.26,55000.0,12235.0,12235.0,1309550.0,291315.35,27.72,22.68,1.008
002920,德赛西威,汽车配件,广东,20171226,002920.SZ,20190430,25.96,26.55,25.07,25.2,26.37,-1.17,-4.4369,33622.43,86191.1,2.7481,2.7481,1.01,33.3076,46.2856,3.4518,2.5625,2.7658,1.1905,1.1905,55000.0,12235.0,12235.0,1386000.0,308322.0,29.01,23.73,1.008
002920,德赛西威,汽车配件,广东,20171226,002920.SZ,20190429,26.7,26.95,25.0,26.37,26.79,-0.42,-1.5677,36601.69,95059.177,2.9916,2.9916,1.18,34.854,34.854,3.6511,2.6815,2.6815,1.1377,1.1377,55000.0,12235.0,12235.0,1450350.0,322636.95,29.47,24.11,1.008
002920,德赛西威,汽车配件,广东,20171226,002920.SZ,20190426,26.67,27.48,26.67,26.79,27.19,-0.4,-1.4711,23032.88,62325.935,1.8825,1.8825,0.72,35.4091,35.4091,3.7093,2.7242,2.7242,1.1198,1.1198,55000.0,12235.0,12235.0,1473450.0,327775.65,29.91,24.47,1.008
002920,德赛西威,汽车配件,广东,20171226,002920.SZ,20190425,28.25,28.65,27.07,27.19,28.38,-1.19,-4.1931,31155.2,86882.817,2.5464,2.5464,0.95,35.9378,35.9378,3.7646,2.7649,2.7649,1.1033,1.1033,55000.0,12235.0,12235.0,1495450.0,332669.65,31.22,25.54,1.008
002920,德赛西威,汽车配件,广东,20171226,002920.SZ,20190424,28.45,28.57,27.59,28.38,28.02,0.36,1.2848,37425.46,104731.435,3.0589,3.0589,1.01,37.5107,37.5107,3.9294,2.8859,2.8859,1.0571,1.0571,55000.0,12235.0,12235.0,1560900.0,347229.3,30.82,25.22,1.008
002920,德赛西威,汽车配件,广东,20171226,002920.SZ,20190423,28.97,29.2,27.59,28.02,28.76,-0.74,-2.573,37592.55,105955.251,3.0725,3.0725,0.91,37.0349,37.0349,3.8796,2.8493,2.8493,1.0707,1.0707,55000.0,12235.0,12235.0,1541100.0,342824.7,31.64,25.88,1.008
002920,德赛西威,汽车配件,广东,20171226,002920.SZ,20190422,29.53,29.78,28.6,28.76,29.53,-0.77,-2.6075,25277.54,73743.258,2.066,2.066,0.55,38.013,38.013,3.982,2.9245,2.9245,1.0431,1.0431,55000.0,12235.0,12235.0,1581800.0,351878.6,32.48,26.58,1.008
002920,德赛西威,汽车配件,广东,20171226,002920.SZ,20190419,29.76,29.85,28.96,29.53,29.77,-0.24,-0.8062,29387.01,86557.408,2.4019,2.4019,0.59,39.0307,39.0307,4.0886,3.0028,3.0028,1.0159,1.0159,55000.0,12235.0,12235.0,1624150.0,361299.55,32.75,26.79,1.008
002920,德赛西威,汽车配件,广东,20171226,002920.SZ,20190418,30.63,30.95,29.7,29.77,30.6,-0.83,-2.7124,35076.19,105533.262,2.8669,2.8669,0.65,39.3479,39.3479,4.1219,3.0272,3.0272,1.0077,1.0077,55000.0,12235.0,12235.0,1637350.0,364235.95,33.66,27.54,1.008
002920,德赛西威,汽车配件,广东,20171226,002920.SZ,20190417,31.2,31.38,30.26,30.6,31.62,-1.02,-3.2258,57642.15,177289.097,4.7113,4.7113,1.02,40.4449,40.4449,4.2368,3.1116,3.1116,0.9804,0.9804,55000.0,12235.0,12235.0,1683000.0,374391.0,34.78,28.46,1.008
002920,德赛西威,汽车配件,广东,20171226,002920.SZ,20190416,31.14,31.99,29.4,31.62,30.67,0.95,3.0975,60184.55,183719.225,4.919,4.919,1.05,41.7931,41.7931,4.378,3.2154,3.2154,0.9488,0.9488,55000.0,12235.0,12235.0,1739100.0,386870.7,33.74,27.6,1.008
002920,德赛西威,汽车配件,广东,20171226,002920.SZ,20190415,30.79,32.2,30.3,30.67,30.04,0.63,2.0972,47886.61,149641.406,3.9139,3.9139,0.69,40.5375,40.5375,4.2465,3.1187,3.1187,0.9782,0.9782,55000.0,12235.0,12235.0,1686850.0,375247.45,33.04,27.04,1.008
002920,德赛西威,汽车配件,广东,20171226,002920.SZ,20190412,31.5,31.65,29.8,30.04,31.2,-1.16,-3.7179,48544.46,148620.835,3.9677,3.9677,0.68,39.7048,39.7048,4.1592,3.0547,3.0547,0.9987,0.9987,55000.0,12235.0,12235.0,1652200.0,367539.4,34.32,28.08,1.008
002920,德赛西威,汽车配件,广东,20171226,002920.SZ,20190411,32.11,33.0,30.8,31.2,31.47,-0.27,-0.858,55810.12,178127.962,4.5615,4.5634,0.75,41.238,41.238,4.3199,3.1726,3.1726,0.9615,0.9615,55000.0,12235.0,12230.0,1716000.0,381732.0,34.62,28.32,1.008
002920,德赛西威,汽车配件,广东,20171226,002920.SZ,20190410,31.8,32.93,30.5,31.47,30.98,0.49,1.5817,68851.79,219512.212,5.6274,5.6297,0.85,41.5948,41.5948,4.3572,3.2001,3.2001,0.9533,0.9533,55000.0,12235.0,12230.0,1730850.0,385035.45,34.08,27.88,1.008
002920,德赛西威,汽车配件,广东,20171226,002920.SZ,20190409,31.12,32.5,30.8,30.98,30.47,0.51,1.6738,66857.63,210417.053,5.4645,5.4667,0.85,40.9472,40.9472,4.2894,3.1503,3.1503,0.9684,0.9684,55000.0,12235.0,12230.0,1703900.0,379040.3,33.52,27.42,1.008
002920,德赛西威,汽车配件,广东,20171226,002920.SZ,20190408,31.52,31.9,29.4,30.47,32.57,-2.1,-6.4477,109220.36,337328.313,8.9305,8.9305,1.69,27.1857,40.3714,4.2199,2.7883,3.0998,0.9846,0.9846,55000.0,12230.0,12230.0,1675850.0,372648.1,35.83,29.31,1.008
002920,德赛西威,汽车配件,广东,20171226,002920.SZ,20190404,33.1,34.18,32.0,32.57,32.42,0.15,0.4627,56870.75,187969.801,4.6501,4.6501,0.99,29.0594,43.1538,4.5107,2.9805,3.3134,0.9211,0.9211,55000.0,12230.0,12230.0,1791350.0,398331.1,35.66,29.18,1.008
002920,德赛西威,汽车配件,广东,20171226,002920.SZ,20190403,32.28,33.86,31.67,32.42,31.9,0.52,1.6301,71683.21,233781.971,5.8613,5.8613,1.5,28.9255,42.955,4.4899,2.9667,3.2982,0.9254,0.9254,55000.0,12230.0,12230.0,1783100.0,396496.6,35.09,28.71,1.008
002920,德赛西威,汽车配件,广东,20171226,002920.SZ,20190402,30.55,33.13,30.55,31.9,30.12,1.78,5.9097,102492.52,330432.1,8.3804,8.3804,3.14,28.4616,42.2661,4.4179,2.9192,3.2453,0.9404,0.9404,55000.0,12230.0,12230.0,1754500.0,390137.0,33.13,27.11,1.008
002920,德赛西威,汽车配件,广东,20171226,002920.SZ,20190401,29.45,30.26,29.37,30.12,28.89,1.23,4.2575,52284.9,156494.881,4.2751,4.2751,1.94,26.8734,39.9076,4.1714,2.7563,3.0642,0.996,0.996,55000.0,12230.0,12230.0,1656600.0,368367.6,31.78,26.0,1.008
002920,德赛西威,汽车配件,广东,20171226,002920.SZ,20190329,26.9,29.06,26.81,28.89,26.93,1.96,7.2781,39039.92,110183.227,3.1921,3.1921,1.49,25.776,38.2779,4.001,2.6437,2.939,1.0384,1.0384,55000.0,12230.0,12230.0,1588950.0,353324.7,29.62,24.24,1.008
002920,德赛西威,汽车配件,广东,20171226,002920.SZ,20190328,27.14,27.86,26.66,26.93,27.31,-0.38,-1.3914,22075.62,60324.227,1.805,1.805,0.77,24.0273,35.681,3.7296,2.4644,2.7396,1.114,1.114,55000.0,12230.0,12230.0,1481150.0,329353.9,30.04,24.58,1.008
002920,德赛西威,汽车配件,广东,20171226,002920.SZ,20190327,27.28,27.84,26.83,27.31,26.98,0.33,1.2231,22277.45,60788.609,1.8215,1.8215,0.61,24.3663,36.1845,3.7822,2.4991,2.7783,1.0985,1.0985,55000.0,12230.0,12230.0,1502050.0,334001.3,29.68,24.28,1.008
002920,德赛西威,汽车配件,广东,20171226,002920.SZ,20190326,27.95,28.36,26.92,26.98,27.84,-0.86,-3.0891,27649.9,76462.482,2.2608,2.2608,0.64,24.0719,35.7473,3.7365,2.4689,2.7447,1.1119,1.1119,55000.0,12230.0,12230.0,1483900.0,329965.4,30.62,25.06,1.008
002920,德赛西威,汽车配件,广东,20171226,002920.SZ,20190325,27.95,28.69,27.6,27.84,28.31,-0.47,-1.6602,23684.22,66587.564,1.9366,1.9366,0.54,24.8392,36.8867,3.8556,2.5476,2.8322,1.0776,1.0776,55000.0,12230.0,12230.0,1531200.0,340483.2,31.14,25.48,1.008
002920,德赛西威,汽车配件,广东,20171226,002920.SZ,20190322,28.97,28.97,27.89,28.31,28.8,-0.49,-1.7014,35225.88,99828.06,2.8803,2.8803,0.77,25.2585,37.5095,3.9207,2.5906,2.88,1.0597,1.0597,55000.0,12230.0,12230.0,1557050.0,346231.3,31.68,25.92,1.008
002920,德赛西威,汽车配件,广东,20171226,002920.SZ,20190321,29.62,29.78,28.6,28.8,29.11,-0.31,-1.0649,34329.25,100187.293,2.807,2.807,0.65,25.6957,38.1587,3.9886,2.6355,2.9299,1.0417,1.0417,55000.0,12230.0,12230.0,1584000.0,352224.0,32.02,26.2,1.008
002920,德赛西威,汽车配件,广东,20171226,002920.SZ,20190320,28.9,29.85,28.62,29.11,28.96,0.15,0.518,61549.85,180021.585,5.0327,5.0327,1.26,25.9723,38.5694,4.0315,2.6638,2.9614,1.0306,1.0306,55000.0,12230.0,12230.0,1601050.0,356015.3,31.86,26.06,1.008
002920,德赛西威,汽车配件,广东,20171226,002920.SZ,20190319,27.76,29.27,27.75,28.96,27.22,1.74,6.3924,61429.9,177286.561,5.0229,5.0229,1.33,25.8385,38.3707,4.0107,2.6501,2.9462,1.0359,1.0359,55000.0,12230.0,12230.0,1592800.0,354180.8,29.94,24.5,1.008
002920,德赛西威,汽车配件,广东,20171226,002920.SZ,20190318,26.49,27.5,26.0,27.22,26.29,0.93,3.5375,28079.13,75557.28,2.2959,2.2959,0.54,24.286,36.0653,3.7698,2.4909,2.7691,1.1021,1.1021,55000.0,12230.0,12230.0,1497100.0,332900.6,28.92,23.66,1.008
002920,德赛西威,汽车配件,广东,20171226,002920.SZ,20190315,26.4,27.4,25.68,26.29,26.3,-0.01,-0.038,43427.81,114708.93,3.5509,3.5509,0.83,23.4563,34.8331,3.641,2.4058,2.6745,1.1411,1.1411,55000.0,12230.0,12230.0,1445950.0,321526.7,28.93,23.67,1.008
002920,德赛西威,汽车配件,广东,20171226,002920.SZ,20190314,27.7,28.38,25.26,26.3,28.06,-1.76,-6.2723,71105.38,189583.192,5.814,5.814,1.56,23.4652,34.8463,3.6423,2.4067,2.6756,1.1407,1.1407,55000.0,12230.0,12230.0,1446500.0,321649.0,30.87,25.25,1.008
002920,德赛西威,汽车配件,广东,20171226,002920.SZ,20190313,29.58,29.7,27.81,28.06,28.95,-0.89,-3.0743,40295.05,115903.596,3.2948,3.2948,0.9,25.0355,37.1782,3.8861,2.5678,2.8546,1.0691,1.0691,55000.0,12230.0,12230.0,1543300.0,343173.8,31.85,26.06,1.008
002920,德赛西威,汽车配件,广东,20171226,002920.SZ,20190312,29.5,29.6,28.24,28.95,29.4,-0.45,-1.5306,48576.04,141021.0,3.9719,3.9719,1.12,25.8296,38.3574,4.0094,2.6492,2.9451,1.0363,1.0363,55000.0,12230.0,12230.0,1592250.0,354058.5,32.34,26.46,1.008
002920,德赛西威,汽车配件,广东,20171226,002920.SZ,20190311,27.08,29.69,27.08,29.4,27.1,2.3,8.4871,55344.38,156152.635,4.5253,4.5253,1.33,26.2311,38.9537,4.0717,2.6904,2.9909,1.0204,1.0204,55000.0,12230.0,12230.0,1617000.0,359562.0,29.81,24.39,1.008
002920,德赛西威,汽车配件,广东,20171226,002920.SZ,20190308,26.8,29.04,26.52,27.1,27.68,-0.58,-2.0954,47027.71,130253.442,3.8453,3.8453,1.21,24.179,35.9063,3.7531,2.4799,2.7569,1.107,1.107,55000.0,12230.0,12230.0,1490500.0,331433.0,30.45,24.91,1.008
002920,德赛西威,汽车配件,广东,20171226,002920.SZ,20190307,27.36,27.98,26.9,27.68,27.76,-0.08,-0.2882,37117.34,102185.902,3.0349,3.0349,0.9,24.6964,36.6748,3.8335,2.533,2.8159,1.0838,1.0838,55000.0,12230.0,12230.0,1522400.0,338526.4,30.54,24.98,1.008
002920,德赛西威,汽车配件,广东,20171226,002920.SZ,20190306,27.7,28.2,26.71,27.76,27.5,0.26,0.9455,34814.82,95174.819,2.8467,2.8467,0.86,24.7678,36.7807,3.8445,2.5403,2.8241,1.0807,1.0807,55000.0,12230.0,12230.0,1526800.0,339504.8,30.25,24.75,1.008
002920,德赛西威,汽车配件,广东,20171226,002920.SZ,20190305,26.15,27.5,25.74,27.5,26.16,1.34,5.1223,42261.99,113530.811,3.4556,3.4556,1.02,24.5358,36.4363,3.8085,2.5165,2.7976,1.0909,1.0909,55000.0,12230.0,12230.0,1512500.0,336325.0,28.78,23.54,1.008
002920,德赛西威,汽车配件,广东,20171226,002920.SZ,20190304,25.25,26.78,25.25,26.16,25.18,0.98,3.892,47445.93,124283.871,3.8795,3.8795,0.97,23.3403,34.6608,3.623,2.3939,2.6613,1.1468,1.1468,55000.0,12230.0,12230.0,1438800.0,319936.8,27.7,22.66,1.008
002920,德赛西威,汽车配件,广东,20171226,002920.SZ,20190301,25.73,25.73,24.62,25.18,25.78,-0.6,-2.3274,33085.02,82794.149,2.7052,2.7052,0.72,22.4659,33.3624,3.4872,2.3042,2.5616,1.1914,1.1914,55000.0,12230.0,12230.0,1384900.0,307951.4,28.36,23.2,1.008
002920,德赛西威,汽车配件,广东,20171226,002920.SZ,20190228,25.0,26.88,24.86,25.78,24.61,1.17,4.7542,47828.52,123909.742,3.9108,3.9108,1.1,23.0012,34.1573,3.5703,2.3591,2.6227,1.1637,1.1637,55000.0,12230.0,12230.0,1417900.0,315289.4,27.07,22.15,1.008
002920,德赛西威,汽车配件,广东,20171226,002920.SZ,20190227,25.46,25.46,24.41,24.61,25.31,-0.7,-2.7657,31516.46,78821.253,2.577,2.577,0.78,21.9574,32.6071,3.4083,2.2521,2.5036,1.219,1.219,55000.0,12230.0,12230.0,1353550.0,300980.3,27.84,22.78,1.008
002920,德赛西威,汽车配件,广东,20171226,002920.SZ,20190226,25.69,26.14,25.3,25.31,25.67,-0.36,-1.4024,46774.79,120382.076,3.8246,3.8246,1.33,22.5819,28.6481,3.5745,2.3161,2.4749,1.1853,1.1853,55000.0,12230.0,12230.0,1392050.0,309541.3,28.24,23.1,1.008
002920,德赛西威,汽车配件,广东,20171226,002920.SZ,20190225,24.5,26.14,24.5,25.67,23.76,1.91,8.0387,85060.1,219276.463,6.955,6.955,3.5,22.9031,29.0556,3.6253,2.3491,2.5101,1.1687,1.1687,55000.0,12230.0,12230.0,1411850.0,313944.1,26.14,21.38,1.008
002920,德赛西威,汽车配件,广东,20171226,002920.SZ,20190222,23.1,23.79,23.01,23.76,23.2,0.56,2.4138,19492.42,45801.74,1.5938,1.5938,0.81,21.199,26.8937,3.3556,2.1743,2.3234,1.2626,1.2626,55000.0,12230.0,12230.0,1306800.0,290584.8,25.52,20.88,1.008
002920,德赛西威,汽车配件,广东,20171226,002920.SZ,20190221,22.89,24.27,22.68,23.2,23.04,0.16,0.6944,35200.75,82812.818,2.8782,2.8782,1.72,20.6993,26.2598,3.2765,2.123,2.2686,1.2931,1.2931,55000.0,12230.0,12230.0,1276000.0,283736.0,25.34,20.74,1.008
002920,德赛西威,汽车配件,广东,20171226,002920.SZ,20190220,22.99,23.22,22.58,23.04,22.86,0.18,0.7874,16489.32,37961.293,1.3483,1.3483,0.66,20.5566,26.0787,3.2539,2.1084,2.253,1.3021,1.3021,55000.0,12230.0,12230.0,1267200.0,281779.2,25.15,20.57,1.008
002920,德赛西威,汽车配件,广东,20171226,002920.SZ,20190219,23.3,23.3,22.55,22.86,23.09,-0.23,-0.9961,20002.37,45801.437,1.6355,1.6355,0.79,20.396,25.875,3.2285,2.0919,2.2354,1.3123,1.3123,55000.0,12230.0,12230.0,1257300.0,279577.8,25.4,20.78,1.008
002920,德赛西威,汽车配件,广东,20171226,002920.SZ,20190218,22.65,23.39,22.3,23.09,22.66,0.43,1.8976,30420.73,69802.57,2.4874,2.4874,1.29,20.6012,26.1353,3.261,2.113,2.2578,1.2993,1.2993,55000.0,12230.0,12230.0,1269950.0,282390.7,24.93,20.39,1.008
002920,德赛西威,汽车配件,广东,20171226,002920.SZ,20190215,22.84,22.88,22.33,22.66,22.83,-0.17,-0.7446,18487.99,41796.982,1.5117,1.5117,0.77,20.2175,25.6486,3.2002,2.0736,2.2158,1.3239,1.3239,55000.0,12230.0,12230.0,1246300.0,277131.8,25.11,20.55,1.008
002920,德赛西威,汽车配件,广东,20171226,002920.SZ,20190214,22.97,23.23,22.65,22.83,23.02,-0.19,-0.8254,17172.93,39365.607,1.4042,1.4042,0.74,20.3692,25.841,3.2242,2.0892,2.2324,1.3141,1.3141,55000.0,12230.0,12230.0,1255650.0,279210.9,25.32,20.72,1.008
002920,德赛西威,汽车配件,广东,20171226,002920.SZ,20190213,22.56,23.25,22.5,23.02,22.21,0.81,3.647,38961.45,89531.489,3.1857,3.1857,2.07,20.5387,26.0561,3.2511,2.1066,2.251,1.3032,1.3032,55000.0,12230.0,12230.0,1266100.0,281534.6,24.43,19.99,1.008
002920,德赛西威,汽车配件,广东,20171226,002920.SZ,20190212,22.38,22.64,22.11,22.21,22.44,-0.23,-1.025,22047.55,49213.952,1.8027,1.8027,1.11,19.816,25.1392,3.1367,2.0324,2.1718,1.3507,1.3507,55000.0,12230.0,12230.0,1221550.0,271628.3,24.68,20.2,1.008
002920,德赛西威,汽车配件,广东,20171226,002920.SZ,20190211,21.69,22.46,21.43,22.44,21.45,0.99,4.6154,21389.0,47317.989,1.7489,1.7489,1.07,20.0213,25.3996,3.1692,2.0535,2.1943,1.3369,1.3369,55000.0,12230.0,12230.0,1234200.0,274441.2,23.6,19.31,1.008
002920,德赛西威,汽车配件,广东,20171226,002920.SZ,20190201,20.89,21.63,20.73,21.45,20.6,0.85,4.1262,19858.04,42423.748,1.6237,1.6237,1.03,19.138,24.279,3.0293,1.9629,2.0975,1.3986,1.3986,55000.0,12230.0,12230.0,1179750.0,262333.5,22.66,18.54,1.008
002920,德赛西威,汽车配件,广东,20171226,002920.SZ,20190131,20.46,20.97,20.45,20.6,20.45,0.15,0.7335,14337.0,29736.779,1.1723,1.1723,0.66,18.3796,23.3169,2.9093,1.8851,2.0144,1.4563,1.4563,55000.0,12230.0,12230.0,1133000.0,251938.0,22.5,18.41,1.008
002920,德赛西威,汽车配件,广东,20171226,002920.SZ,20190130,21.11,21.18,20.37,20.45,21.28,-0.83,-3.9004,16626.74,34491.161,1.3595,1.3595,0.71,18.2457,23.1471,2.8881,1.8714,1.9997,1.467,1.467,55000.0,12230.0,12230.0,1124750.0,250103.5,23.41,19.15,1.008
002920,德赛西威,汽车配件,广东,20171226,002920.SZ,20190129,21.03,21.5,19.88,21.28,21.02,0.26,1.2369,26675.15,55430.115,2.1811,2.1811,1.3,18.9863,24.0866,3.0053,1.9473,2.0809,1.4098,1.4098,55000.0,12230.0,12230.0,1170400.0,260254.4,23.12,18.92,1.008
002920,德赛西威,汽车配件,广东,20171226,002920.SZ,20190128,20.86,21.58,20.84,21.02,20.8,0.22,1.0577,22519.12,47912.309,1.8413,1.8413,1.2,18.7543,23.7923,2.9686,1.9235,2.0554,1.4272,1.4272,55000.0,12230.0,12230.0,1156100.0,257074.6,22.88,18.72,1.008
002920,德赛西威,汽车配件,广东,20171226,002920.SZ,20190125,21.17,21.17,20.75,20.8,21.07,-0.27,-1.2814,16535.92,34665.32,1.3521,1.3521,0.83,18.558,23.5433,2.9375,1.9034,2.0339,1.4423,1.4423,55000.0,12230.0,12230.0,1144000.0,254384.0,23.18,18.96,1.008
002920,德赛西威,汽车配件,广东,20171226,002920.SZ,20190124,20.51,21.22,20.51,21.07,20.71,0.36,1.7383,25917.0,54413.871,2.1191,2.1191,1.39,18.7989,23.8489,2.9757,1.9281,2.0603,1.4238,1.4238,55000.0,12230.0,12230.0,1158850.0,257686.1,22.78,18.64,1.008
002920,德赛西威,汽车配件,广东,20171226,002920.SZ,20190123,20.42,20.99,20.36,20.71,20.17,0.54,2.6772,24656.47,51222.5,2.0161,2.0161,1.13,18.4777,23.4414,2.9248,1.8952,2.0251,1.4486,1.4486,55000.0,12230.0,12230.0,1139050.0,253283.3,22.19,18.15,1.008
002920,德赛西威,汽车配件,广东,20171226,002920.SZ,20190122,20.54,20.72,20.17,20.17,20.74,-0.57,-2.7483,12970.14,26441.91,1.0605,1.0605,0.56,17.9959,22.8302,2.8486,1.8457,1.9723,1.4874,1.4874,55000.0,12230.0,12230.0,1109350.0,246679.1,22.81,18.67,1.008
002920,德赛西威,汽车配件,广东,20171226,002920.SZ,20190121,20.77,20.84,20.43,20.74,20.77,-0.03,-0.1444,13365.51,27552.884,1.0928,1.0928,0.51,18.5045,23.4754,2.9291,1.8979,2.0281,1.4465,1.4465,55000.0,12230.0,12230.0,1140700.0,253650.2,22.85,18.69,1.008
002920,德赛西威,汽车配件,广东,20171226,002920.SZ,20190118,20.49,20.84,20.15,20.77,20.63,0.14,0.6786,22407.35,45905.442,1.8322,1.8322,0.76,18.5313,23.5093,2.9333,1.9007,2.031,1.4444,1.4444,55000.0,12230.0,12230.0,1142350.0,254017.1,22.69,18.57,1.008
002920,德赛西威,汽车配件,广东,20171226,002920.SZ,20190117,20.91,21.09,20.46,20.63,20.93,-0.3,-1.4333,19653.17,40627.923,1.607,1.607,0.58,18.4063,23.3508,2.9135,1.8878,2.0173,1.4542,1.4542,55000.0,12230.0,12230.0,1134650.0,252304.9,23.02,18.84,1.008
002920,德赛西威,汽车配件,广东,20171226,002920.SZ,20190116,20.28,21.1,20.2,20.93,20.3,0.63,3.1034,40891.66,84974.322,3.3436,3.3436,1.08,18.674,23.6904,2.9559,1.9153,2.0466,1.4333,1.4333,55000.0,12230.0,12230.0,1151150.0,255973.9,22.33,18.27,1.008
002920,德赛西威,汽车配件,广东,20171226,002920.SZ,20190115,20.06,20.33,19.81,20.3,20.06,0.24,1.1964,19885.19,40063.68,1.6259,1.6259,0.55,18.1119,22.9773,2.8669,1.8576,1.985,1.4778,1.4778,55000.0,12230.0,12230.0,1116500.0,248269.0,22.07,18.05,1.008
002920,德赛西威,汽车配件,广东,20171226,002920.SZ,20190114,20.23,20.78,19.93,20.06,19.88,0.18,0.9054,26930.6,54406.373,2.202,2.202,0.76,17.8978,22.7057,2.833,1.8357,1.9616,1.4955,1.4955,55000.0,12230.0,12230.0,1103300.0,245333.8,21.87,17.89,1.008
002920,德赛西威,汽车配件,广东,20171226,002920.SZ,20190111,20.1,20.7,19.8,19.88,19.75,0.13,0.6582,40537.04,82109.895,3.3146,3.3146,1.26,17.7372,22.5019,2.8076,1.8192,1.944,1.5091,1.5091,55000.0,12230.0,12230.0,1093400.0,243132.4,21.73,17.78,1.008
002920,德赛西威,汽车配件,广东,20171226,002920.SZ,20190110,19.34,19.86,19.1,19.75,19.48,0.27,1.386,40422.08,79014.091,3.3052,3.3052,1.53,17.6212,22.3548,2.7893,1.8073,1.9312,1.519,1.519,55000.0,12230.0,12230.0,1086250.0,241542.5,21.43,17.53,1.008
002920,德赛西威,汽车配件,广东,20171226,002920.SZ,20190109,18.65,20.29,18.65,19.48,18.46,1.02,5.5255,61669.18,121644.979,5.0425,5.0425,3.49,17.3803,22.0492,2.7511,1.7826,1.9048,1.54,1.54,55000.0,12230.0,12230.0,1071400.0,238240.4,20.31,16.61,1.008
002920,德赛西威,汽车配件,广东,20171226,002920.SZ,20190108,18.48,18.59,18.33,18.46,18.48,-0.02,-0.1082,11001.97,20294.28,0.8996,0.8996,0.61,16.4702,20.8946,2.6071,1.6893,1.8051,1.6251,1.6251,55000.0,12230.0,12230.0,1015300.0,225765.8,20.33,16.63,1.008
002920,德赛西威,汽车配件,广东,20171226,002920.SZ,20190107,18.27,18.57,18.03,18.48,18.03,0.45,2.4958,23027.63,42302.766,1.8829,1.8829,1.32,16.4881,20.9173,2.6099,1.6911,1.8071,1.6234,1.6234,55000.0,12230.0,12230.0,1016400.0,226010.4,19.83,16.23,1.008
002920,德赛西威,汽车配件,广东,20171226,002920.SZ,20190104,17.18,18.11,16.96,18.03,17.39,0.64,3.6803,24553.72,43604.292,2.0077,2.0077,1.63,16.0866,20.4079,2.5463,1.6499,1.7631,1.6639,1.6639,55000.0,12230.0,12230.0,991650.0,220506.9,19.13,15.65,1.008
002920,德赛西威,汽车配件,广东,20171226,002920.SZ,20190103,17.64,17.86,17.38,17.39,17.64,-0.25,-1.4172,11770.86,20724.133,0.9625,0.9625,0.67,15.5156,19.6835,2.456,1.5914,1.7005,1.7251,1.7251,55000.0,12230.0,12230.0,956450.0,212679.7,19.4,15.88,1.008
002920,德赛西威,汽车配件,广东,20171226,002920.SZ,20190102,17.35,17.79,17.32,17.64,17.35,0.29,1.6715,18100.76,31755.457,1.48,1.48,1.05,15.7386,19.9665,2.4913,1.6142,1.7249,1.7007,1.7007,55000.0,12230.0,12230.0,970200.0,215737.2,19.09,15.62,1.008
002920,德赛西威,汽车配件,广东,20171226,002920.SZ,20181228,17.37,17.83,17.27,17.35,17.33,0.02,0.1154,13416.93,23488.717,1.0971,1.0971,0.82,15.4799,19.6383,2.4503,1.5877,1.6966,,1.7291,55000.0,12230.0,12230.0,954250.0,212190.5,19.06,15.6,1.008
002920,德赛西威,汽车配件,广东,20171226,002920.SZ,20181227,18.44,18.5,17.22,17.33,18.15,-0.82,-4.5179,19705.74,35239.191,1.6113,1.6113,1.31,15.462,19.6156,2.4475,1.5859,1.6946,,1.7311,55000.0,12230.0,12230.0,953150.0,211945.9,19.97,16.34,1.008
002920,德赛西威,汽车配件,广东,20171226,002920.SZ,20181226,18.03,18.28,18.0,18.15,18.07,0.08,0.4427,12461.6,22647.877,1.0189,1.0189,0.83,16.1937,20.5438,2.5633,1.6609,1.7748,,1.6529,55000.0,12230.0,12230.0,998250.0,221974.5,19.88,16.26,1.008
002920,德赛西威,汽车配件,广东,20171226,002920.SZ,20181225,18.2,18.26,17.63,18.07,18.49,-0.42,-2.2715,23695.79,42479.645,2.3743,2.3743,1.85,16.1223,20.4532,2.552,1.6536,1.767,,1.6602,55000.0,9980.0,9980.0,993850.0,180338.6,20.34,16.64,1.008
002920,德赛西威,汽车配件,广东,20171226,002920.SZ,20181224,18.16,18.56,18.04,18.49,18.08,0.41,2.2677,17093.0,31452.041,1.7093,1.7093,,16.497,20.9286,2.6113,1.692,1.808,,1.6225,55000.0,10000.0,10000.0,1016950.0,184900.0,19.89,16.27,1.008
002920,德赛西威,汽车配件,广东,20171226,002920.SZ,20181221,17.99,18.2,17.91,18.08,18.09,-0.01,-0.0553,8862.16,16002.975,0.8862,0.8862,0.55,16.1312,20.4645,2.5534,1.6545,1.7679,,1.6593,55000.0,10000.0,10000.0,994400.0,180800.0,19.9,16.28,1.008
002920,德赛西威,汽车配件,广东,20171226,002920.SZ,20181220,18.01,18.22,17.83,18.09,18.01,0.08,0.4442,12986.82,23479.177,1.2987,1.2987,0.71,16.1401,20.4759,2.5548,1.6554,1.7689,,1.6584,55000.0,10000.0,10000.0,994950.0,180900.0,19.81,16.21,1.008
002920,德赛西威,汽车配件,广东,20171226,002920.SZ,20181219,18.51,18.65,18.0,18.01,18.51,-0.5,-2.7012,12624.0,23041.039,1.2624,1.2624,0.63,16.0687,20.3853,2.5435,1.6481,1.7611,,1.6657,55000.0,10000.0,10000.0,990550.0,180100.0,20.36,16.66,1.008
002920,德赛西威,汽车配件,广东,20171226,002920.SZ,20181218,18.4,18.75,18.15,18.51,18.51,0.0,0.0,12644.41,23337.44,1.2644,1.2644,0.52,16.5149,20.9512,2.6141,1.6938,1.81,,1.6207,55000.0,10000.0,10000.0,1018050.0,185100.0,20.36,16.66,1.008
002920,德赛西威,汽车配件,广东,20171226,002920.SZ,20181217,18.88,18.95,18.13,18.51,18.88,-0.37,-1.9597,20725.49,38247.927,2.0725,2.0725,0.85,16.5149,20.9512,2.6141,1.6938,1.81,,1.6207,55000.0,10000.0,10000.0,1018050.0,185100.0,20.77,16.99,1.008
002920,德赛西威,汽车配件,广东,20171226,002920.SZ,20181214,19.48,19.57,18.82,18.88,19.59,-0.71,-3.6243,21272.8,40621.58,2.1273,2.1273,0.9,16.845,21.37,2.6664,1.7277,1.8462,,1.589,55000.0,10000.0,10000.0,1038400.0,188800.0,21.55,17.63,1.008
002920,德赛西威,汽车配件,广东,20171226,002920.SZ,20181213,19.52,19.74,19.47,19.59,19.48,0.11,0.5647,24289.67,47632.045,2.429,2.429,0.98,17.4784,22.1737,2.7667,1.7927,1.9156,,1.5314,55000.0,10000.0,10000.0,1077450.0,195900.0,21.43,17.53,1.008
002920,德赛西威,汽车配件,广东,20171226,002920.SZ,20181212,19.72,19.85,19.36,19.48,19.7,-0.22,-1.1168,21046.12,41216.193,2.1046,2.1046,0.74,17.3803,22.0492,2.7511,1.7826,1.9048,,1.54,55000.0,10000.0,10000.0,1071400.0,194800.0,21.67,17.73,1.008
002920,德赛西威,汽车配件,广东,20171226,002920.SZ,20181211,20.42,20.45,19.4,19.7,20.38,-0.68,-3.3366,34620.11,68719.466,3.462,3.462,0.99,17.5766,22.2982,2.7822,1.8027,1.9264,,1.5228,55000.0,10000.0,10000.0,1083500.0,197000.0,22.42,18.34,1.008
002920,德赛西威,汽车配件,广东,20171226,002920.SZ,20181210,20.13,20.45,19.81,20.38,20.18,0.2,0.9911,20691.64,41710.907,2.0692,2.0692,0.5,18.1833,23.0679,2.8782,1.865,1.9929,,1.472,55000.0,10000.0,10000.0,1120900.0,203800.0,22.2,18.16,1.008
002920,德赛西威,汽车配件,广东,20171226,002920.SZ,20181207,20.0,20.35,20.0,20.18,19.98,0.2,1.001,17069.66,34488.057,1.707,1.707,0.4,18.0049,22.8415,2.85,1.8467,1.9733,,1.4866,55000.0,10000.0,10000.0,1109900.0,201800.0,21.98,17.98,1.008
002920,德赛西威,汽车配件,广东,20171226,002920.SZ,20181206,20.35,20.54,19.91,19.98,20.55,-0.57,-2.7737,30012.12,60331.087,3.0012,3.0012,0.7,17.8264,22.6151,2.8217,1.8284,1.9537,,1.5015,55000.0,10000.0,10000.0,1098900.0,199800.0,22.61,18.5,1.008
002920,德赛西威,汽车配件,广东,20171226,002920.SZ,20181205,20.64,20.89,20.4,20.55,21.19,-0.64,-3.0203,40076.5,82772.951,4.0077,4.0077,0.96,18.335,23.2603,2.9022,1.8805,2.0095,,1.4599,55000.0,10000.0,10000.0,1130250.0,205500.0,23.31,19.07,1.008
002920,德赛西威,汽车配件,广东,20171226,002920.SZ,20181204,20.33,21.27,20.1,21.19,20.28,0.91,4.4872,67456.43,141027.677,6.7456,6.7456,2.02,18.906,23.9847,2.9926,1.9391,2.0721,,1.4158,55000.0,10000.0,10000.0,1165450.0,211900.0,22.31,18.25,1.008
002920,德赛西威,汽车配件,广东,20171226,002920.SZ,20181203,20.88,20.97,20.24,20.28,19.88,0.4,2.0121,52166.41,106930.803,5.2166,5.2166,1.98,18.0941,22.9547,2.8641,1.8558,1.9831,,1.4793,55000.0,10000.0,10000.0,1115400.0,202800.0,21.87,17.89,1.008
002920,德赛西威,汽车配件,广东,20171226,002920.SZ,20181130,19.22,19.97,19.07,19.88,19.34,0.54,2.7921,26306.97,51455.473,2.6307,2.6307,0.96,17.7372,22.5019,2.8076,1.8192,1.944,,1.5091,55000.0,10000.0,10000.0,1093400.0,198800.0,21.27,17.41,1.008
002920,德赛西威,汽车配件,广东,20171226,002920.SZ,20181129,20.02,20.25,19.28,19.34,20.06,-0.72,-3.5892,28627.78,56687.55,2.8628,2.8628,0.91,17.2554,21.8907,2.7314,1.7698,1.8912,,1.5512,55000.0,10000.0,10000.0,1063700.0,193400.0,22.07,18.05,1.008
002920,德赛西威,汽车配件,广东,20171226,002920.SZ,20181128,19.54,20.1,19.11,20.06,19.6,0.46,2.3469,33543.95,66292.042,3.3544,3.3544,1.13,17.8978,22.7057,2.833,1.8357,1.9616,,1.4955,55000.0,10000.0,10000.0,1103300.0,200600.0,21.56,17.64,1.008
002920,德赛西威,汽车配件,广东,20171226,002920.SZ,20181127,19.15,19.68,19.07,19.6,18.99,0.61,3.2122,26122.51,50802.583,2.6123,2.6123,0.83,17.4874,22.185,2.7681,1.7936,1.9166,,1.5306,55000.0,10000.0,10000.0,1078000.0,196000.0,20.89,17.09,1.008
002920,德赛西威,汽车配件,广东,20171226,002920.SZ,20181126,18.81,19.36,18.81,18.99,19.14,-0.15,-0.7837,16843.9,32027.172,1.6844,1.6844,0.48,16.9431,21.4945,2.6819,1.7378,1.8569,,1.5798,55000.0,10000.0,10000.0,1044450.0,189900.0,21.05,17.23,1.008
002920,德赛西威,汽车配件,广东,20171226,002920.SZ,20181123,19.93,19.99,19.01,19.14,19.99,-0.85,-4.2521,31868.09,61801.36,3.1868,3.1868,0.71,17.0769,21.6643,2.7031,1.7515,1.8716,,1.5674,55000.0,10000.0,10000.0,1052700.0,191400.0,21.99,17.99,1.008
002920,德赛西威,汽车配件,广东,20171226,002920.SZ,20181122,19.44,20.88,19.44,19.99,19.36,0.63,3.2541,48784.06,98006.5,4.8784,4.8784,1.01,17.8353,22.6264,2.8232,1.8293,1.9547,,1.5008,55000.0,10000.0,10000.0,1099450.0,199900.0,21.3,17.42,1.008
002920,德赛西威,汽车配件,广东,20171226,002920.SZ,20181121,19.25,19.56,18.87,19.36,19.29,0.07,0.3629,24770.8,47717.085,2.4771,2.4771,0.5,17.2732,21.9133,2.7342,1.7716,1.8931,,1.5496,55000.0,10000.0,10000.0,1064800.0,193600.0,21.22,17.36,1.008
002920,德赛西威,汽车配件,广东,20171226,002920.SZ,20181120,19.97,20.11,19.26,19.29,20.28,-0.99,-4.8817,35295.7,69473.414,3.5296,3.5296,0.69,17.2108,21.8341,2.7243,1.7652,1.8863,,1.5552,55000.0,10000.0,10000.0,1060950.0,192900.0,22.31,18.25,1.008
002920,德赛西威,汽车配件,广东,20171226,002920.SZ,20181119,20.35,20.53,19.95,20.28,20.36,-0.08,-0.3929,36403.7,73467.631,3.6404,3.6404,0.75,18.0941,22.9547,2.8641,1.8558,1.9831,,1.4793,55000.0,10000.0,10000.0,1115400.0,202800.0,22.4,18.32,1.008
002920,德赛西威,汽车配件,广东,20171226,002920.SZ,20181116,19.61,20.9,19.21,20.36,19.35,1.01,5.2196,79205.72,159588.304,7.9206,7.9206,2.13,18.1654,23.0452,2.8754,1.8631,1.9909,,1.4735,55000.0,10000.0,10000.0,1119800.0,203600.0,21.29,17.42,1.008
002920,德赛西威,汽车配件,广东,20171226,002920.SZ,20181115,18.4,19.54,18.4,19.35,18.32,1.03,5.6223,66265.01,126779.023,6.6265,6.6265,2.25,17.2643,21.902,2.7328,1.7707,1.8921,,1.5504,55000.0,10000.0,10000.0,1064250.0,193500.0,20.15,16.49,1.008
002920,德赛西威,汽车配件,广东,20171226,002920.SZ,20181114,18.45,18.69,18.27,18.32,18.39,-0.07,-0.3806,30008.39,55321.016,3.0008,3.0008,1.06,16.3453,20.7362,2.5873,1.6765,1.7914,,1.6376,55000.0,10000.0,10000.0,1007600.0,183200.0,20.23,16.55,1.008
002920,德赛西威,汽车配件,广东,20171226,002920.SZ,20181113,17.91,18.56,17.8,18.39,18.1,0.29,1.6022,42808.94,78116.449,4.2809,4.2809,1.72,16.4078,20.8154,2.5972,1.6829,1.7983,,1.6313,55000.0,10000.0,10000.0,1011450.0,183900.0,19.91,16.29,1.008
002920,德赛西威,汽车配件,广东,20171226,002920.SZ,20181112,17.77,18.1,17.51,18.1,17.66,0.44,2.4915,25849.57,46296.798,2.585,2.585,0.89,16.149,20.4872,2.5562,1.6563,1.7699,,1.6575,55000.0,10000.0,10000.0,995500.0,181000.0,19.43,15.89,1.008
002920,德赛西威,汽车配件,广东,20171226,002920.SZ,20181109,17.47,17.8,17.36,17.66,17.51,0.15,0.8567,20867.34,36851.772,2.0867,2.0867,0.63,15.7565,19.9891,2.4941,1.6161,1.7269,,1.6988,55000.0,10000.0,10000.0,971300.0,176600.0,19.26,15.76,1.008
002920,德赛西威,汽车配件,广东,20171226,002920.SZ,20181108,17.99,18.06,17.5,17.51,17.76,-0.25,-1.4077,27561.92,48933.215,2.7562,2.7562,0.76,15.6226,19.8194,2.4729,1.6023,1.7122,,1.7133,55000.0,10000.0,10000.0,963050.0,175100.0,19.54,15.98,1.008
002920,德赛西威,汽车配件,广东,20171226,002920.SZ,20181107,17.85,18.08,17.73,17.76,17.85,-0.09,-0.5042,24054.76,43127.834,2.4055,2.4055,0.6,15.8457,20.1023,2.5082,1.6252,1.7367,,1.6892,55000.0,10000.0,10000.0,976800.0,177600.0,19.64,16.07,1.008
002920,德赛西威,汽车配件,广东,20171226,002920.SZ,20181106,17.99,17.99,17.51,17.85,17.95,-0.1,-0.5571,25928.4,45894.674,2.5928,2.5928,0.63,15.926,20.2042,2.5209,1.6334,1.7455,,1.6807,55000.0,10000.0,10000.0,981750.0,178500.0,19.75,16.16,1.008
002920,德赛西威,汽车配件,广东,20171226,002920.SZ,20181105,18.2,18.5,17.66,17.95,18.19,-0.24,-1.3194,47168.34,85069.222,4.7168,4.7168,1.32,16.0152,20.3174,2.535,1.6426,1.7552,,1.6713,55000.0,10000.0,10000.0,987250.0,179500.0,20.01,16.37,1.008
002920,德赛西威,汽车配件,广东,20171226,002920.SZ,20181102,17.9,18.26,17.9,18.19,17.72,0.47,2.6524,40071.16,72542.033,4.0071,4.0071,1.15,16.2293,20.589,2.5689,1.6646,1.7787,,1.6493,55000.0,10000.0,10000.0,1000450.0,181900.0,19.49,15.95,1.008
002920,德赛西威,汽车配件,广东,20171226,002920.SZ,20181101,17.82,18.16,17.71,17.72,17.73,-0.01,-0.0564,43531.12,78064.597,4.3531,4.3531,1.26,15.81,20.0571,2.5026,1.6215,1.7327,,1.693,55000.0,10000.0,10000.0,974600.0,177200.0,19.5,15.96,1.008
002920,德赛西威,汽车配件,广东,20171226,002920.SZ,20181031,17.29,17.96,17.28,17.73,17.2,0.53,3.0814,42175.87,74388.994,4.2176,4.2176,1.37,15.8189,20.0684,2.504,1.6225,1.7337,,1.692,55000.0,10000.0,10000.0,975150.0,177300.0,18.92,15.48,1.008
002920,德赛西威,汽车配件,广东,20171226,002920.SZ,20181030,16.79,17.48,16.79,17.2,16.76,0.44,2.6253,33514.06,57653.252,3.3514,3.3514,1.1,15.3461,19.4685,2.4291,1.574,1.6819,,1.7442,55000.0,10000.0,10000.0,946000.0,172000.0,18.44,15.08,1.008
002920,德赛西威,汽车配件,广东,20171226,002920.SZ,20181029,17.05,17.16,16.67,16.76,17.06,-0.3,-1.7585,19807.66,33439.424,1.9808,1.9808,0.61,14.9535,18.9704,2.367,1.5337,1.6389,,1.79,55000.0,10000.0,10000.0,921800.0,167600.0,18.77,15.35,1.008
002920,德赛西威,汽车配件,广东,20171226,002920.SZ,20181026,16.76,17.42,16.45,17.06,16.69,0.37,2.2169,35930.36,60820.844,3.593,3.593,1.17,15.2211,19.31,2.4094,1.5612,1.6682,,1.7585,55000.0,10000.0,10000.0,938300.0,170600.0,18.36,15.02,1.008
002920,德赛西威,汽车配件,广东,20171226,002920.SZ,20181025,16.15,16.69,16.05,16.69,17.28,-0.59,-3.4144,41480.14,67792.79,4.148,4.148,1.57,14.891,18.8912,2.3571,1.5273,1.632,,1.7975,55000.0,10000.0,10000.0,917950.0,166900.0,19.01,15.55,1.008
002920,德赛西威,汽车配件,广东,20171226,002920.SZ,20181024,17.54,17.6,17.19,17.28,17.55,-0.27,-1.5385,23696.22,41162.501,2.3696,2.3696,0.92,15.4174,17.4125,2.4737,1.5813,1.6569,,1.7361,55000.0,10000.0,10000.0,950400.0,172800.0,19.31,15.8,1.008
002920,德赛西威,汽车配件,广东,20171226,002920.SZ,20181023,18.08,18.18,17.31,17.55,18.13,-0.58,-3.1991,31798.09,56196.834,3.1798,3.1798,1.41,15.6583,17.6846,2.5123,1.606,1.6828,,1.7094,55000.0,10000.0,10000.0,965250.0,175500.0,19.94,16.32,1.008
002920,德赛西威,汽车配件,广东,20171226,002920.SZ,20181022,17.54,18.37,17.4,18.13,17.36,0.77,4.4355,30462.73,54748.472,3.0463,3.0463,1.52,16.1758,18.269,2.5954,1.6591,1.7384,,1.6547,55000.0,10000.0,10000.0,997150.0,181300.0,19.1,15.62,1.008
002920,德赛西威,汽车配件,广东,20171226,002920.SZ,20181019,16.56,17.5,16.43,17.36,16.84,0.52,3.0879,26535.3,45177.153,2.6535,2.6535,1.24,15.4888,17.4931,2.4851,1.5886,1.6646,,1.7281,55000.0,10000.0,10000.0,954800.0,173600.0,18.52,15.16,1.008
002920,德赛西威,汽车配件,广东,20171226,002920.SZ,20181018,17.5,17.5,16.71,16.84,17.62,-0.78,-4.4268,19355.23,32992.214,1.9355,1.9355,0.81,15.0249,16.9691,2.4107,1.541,1.6147,,1.7815,55000.0,10000.0,10000.0,926200.0,168400.0,19.38,15.86,1.008
002920,德赛西威,汽车配件,广东,20171226,002920.SZ,20181017,17.46,17.83,16.93,17.62,17.46,0.16,0.9164,21282.11,37086.311,2.1282,2.1282,0.94,15.7208,17.7551,2.5224,1.6124,1.6895,,1.7026,55000.0,10000.0,10000.0,969100.0,176200.0,19.21,15.71,1.008
002920,德赛西威,汽车配件,广东,20171226,002920.SZ,20181016,17.5,17.92,17.21,17.46,17.45,0.01,0.0573,15233.09,26676.925,1.5233,1.5233,0.66,15.578,17.5939,2.4995,1.5978,1.6742,,1.7182,55000.0,10000.0,10000.0,960300.0,174600.0,19.2,15.71,1.008
002920,德赛西威,汽车配件,广东,20171226,002920.SZ,20181015,17.97,18.26,17.4,17.45,17.93,-0.48,-2.6771,17704.34,31727.439,1.7704,1.7704,0.76,15.5691,17.5838,2.498,1.5968,1.6732,,1.7192,55000.0,10000.0,10000.0,959750.0,174500.0,19.72,16.14,1.008
002920,德赛西威,汽车配件,广东,20171226,002920.SZ,20181012,18.15,18.29,16.88,17.93,18.52,-0.59,-3.1857,33852.66,59931.721,3.3853,3.3853,1.72,15.9974,18.0675,2.5667,1.6408,1.7192,,1.6732,55000.0,10000.0,10000.0,986150.0,179300.0,20.37,16.67,1.008
002920,德赛西威,汽车配件,广东,20171226,002920.SZ,20181011,19.7,19.7,18.52,18.52,20.58,-2.06,-10.0097,31523.65,59679.731,3.1524,3.1524,1.8,16.5238,18.662,2.6512,1.6948,1.7758,,1.6199,55000.0,10000.0,10000.0,1018600.0,185200.0,22.64,18.52,1.008
002920,德赛西威,汽车配件,广东,20171226,002920.SZ,20181010,20.65,20.8,20.4,20.58,20.51,0.07,0.3413,14596.71,30081.614,1.4597,1.4597,0.74,18.3617,20.7378,2.9461,1.8833,1.9733,,1.4577,55000.0,10000.0,10000.0,1131900.0,205800.0,22.56,18.46,1.008
002920,德赛西威,汽车配件,广东,20171226,002920.SZ,20181009,20.55,20.8,20.21,20.51,20.49,0.02,0.0976,18414.28,37719.396,1.8414,1.8414,0.91,18.2993,20.6672,2.9361,1.8769,1.9666,,1.4627,55000.0,10000.0,10000.0,1128050.0,205100.0,22.54,18.44,1.008
002920,德赛西威,汽车配件,广东,20171226,002920.SZ,20181008,21.01,21.06,20.45,20.49,21.45,-0.96,-4.4755,18540.07,38548.937,1.854,1.854,0.84,18.2814,20.6471,2.9332,1.875,1.9647,,1.4641,55000.0,10000.0,10000.0,1126950.0,204900.0,23.6,19.31,1.008
002920,德赛西威,汽车配件,广东,20171226,002920.SZ,20180928,21.2,21.62,21.2,21.45,21.16,0.29,1.3705,15069.64,32265.008,1.507,1.507,0.61,19.138,21.6145,3.0706,1.9629,2.0567,,1.3986,55000.0,10000.0,10000.0,1179750.0,214500.0,23.28,19.04,1.008
002920,德赛西威,汽车配件,广东,20171226,002920.SZ,20180927,21.83,21.85,21.15,21.16,21.85,-0.69,-3.1579,20767.65,44598.717,2.0768,2.0768,0.8,18.8792,21.3222,3.0291,1.9363,2.0289,,1.4178,55000.0,10000.0,10000.0,1163800.0,211600.0,24.04,19.67,1.008
002920,德赛西威,汽车配件,广东,20171226,002920.SZ,20180926,21.78,21.94,21.65,21.85,21.74,0.11,0.506,25879.61,56456.93,2.588,2.588,1.0,19.4948,22.0175,3.1279,1.9995,2.0951,,1.373,55000.0,10000.0,10000.0,1201750.0,218500.0,23.91,19.57,1.008
002920,德赛西威,汽车配件,广东,20171226,002920.SZ,20180925,21.93,21.93,21.54,21.74,21.92,-0.18,-0.8212,20729.29,44988.136,2.0729,2.0729,0.76,19.3967,21.9067,3.1121,1.9894,2.0846,,1.3799,55000.0,10000.0,10000.0,1195700.0,217400.0,24.11,19.73,1.008
002920,德赛西威,汽车配件,广东,20171226,002920.SZ,20180921,21.68,21.99,21.35,21.92,21.61,0.31,1.4345,28075.41,61161.017,2.8075,2.8075,0.88,19.5573,22.0881,3.1379,2.0059,2.1018,,1.3686,55000.0,10000.0,10000.0,1205600.0,219200.0,23.77,19.45,1.008
002920,德赛西威,汽车配件,广东,20171226,002920.SZ,20180920,21.55,21.92,21.47,21.61,21.46,0.15,0.699,27739.04,60302.992,2.7739,2.7739,0.9,19.2807,21.7757,3.0935,1.9775,2.0721,,1.3882,55000.0,10000.0,10000.0,1188550.0,216100.0,23.61,19.31,1.008
002920,德赛西威,汽车配件,广东,20171226,002920.SZ,20180919,21.3,21.8,21.16,21.46,21.3,0.16,0.7512,27592.34,59254.228,2.7592,2.7592,0.94,19.1469,21.6245,3.0721,1.9638,2.0577,,1.3979,55000.0,10000.0,10000.0,1180300.0,214600.0,23.43,19.17,1.008
002920,德赛西威,汽车配件,广东,20171226,002920.SZ,20180918,20.89,21.36,20.77,21.3,21.07,0.23,1.0916,24662.72,51982.023,2.4663,2.4663,0.86,19.0041,21.4633,3.0492,1.9492,2.0424,,1.4085,55000.0,10000.0,10000.0,1171500.0,213000.0,23.18,18.96,1.008
002920,德赛西威,汽车配件,广东,20171226,002920.SZ,20180917,21.11,21.4,21.0,21.07,22.07,-1.0,-4.531,28351.43,59945.191,2.8351,2.8351,0.99,18.7989,21.2315,3.0162,1.9281,2.0203,,1.4238,55000.0,10000.0,10000.0,1158850.0,210700.0,24.28,19.86,1.008
002920,德赛西威,汽车配件,广东,20171226,002920.SZ,20180914,22.98,23.45,21.95,22.07,21.89,0.18,0.8223,50306.8,113166.624,5.0307,5.0307,1.86,19.6911,22.2392,3.1594,2.0196,2.1162,,1.3593,55000.0,10000.0,10000.0,1213850.0,220700.0,24.08,19.7,1.008
002920,德赛西威,汽车配件,广东,20171226,002920.SZ,20180913,22.04,22.25,21.59,21.89,21.68,0.21,0.9686,23675.6,51691.198,2.3676,2.3676,0.75,19.5305,22.0578,3.1336,2.0031,2.0989,,1.3705,55000.0,10000.0,10000.0,1203950.0,218900.0,23.85,19.51,1.008
002920,德赛西威,汽车配件,广东,20171226,002920.SZ,20180912,21.53,21.77,21.24,21.68,21.55,0.13,0.6032,19850.84,42764.888,1.9851,1.9851,0.47,19.3432,21.8462,3.1036,1.9839,2.0788,,1.3838,55000.0,10000.0,10000.0,1192400.0,216800.0,23.71,19.4,1.008
002920,德赛西威,汽车配件,广东,20171226,002920.SZ,20180911,21.45,21.7,21.02,21.55,21.51,0.04,0.186,21796.8,46600.004,2.1797,2.1797,0.52,19.2272,21.7152,3.0849,1.972,2.0663,,1.3921,55000.0,10000.0,10000.0,1185250.0,215500.0,23.66,19.36,1.008
002920,德赛西威,汽车配件,广东,20171226,002920.SZ,20180910,22.1,22.36,21.45,21.51,21.87,-0.36,-1.6461,27985.61,61171.15,2.7986,2.7986,0.66,19.1915,21.6749,3.0792,1.9684,2.0625,,1.3947,55000.0,10000.0,10000.0,1183050.0,215100.0,24.06,19.68,1.008
002920,德赛西威,汽车配件,广东,20171226,002920.SZ,20180907,21.68,22.64,21.68,21.87,21.72,0.15,0.6906,41794.59,92440.338,4.1795,4.1795,1.04,19.5127,22.0377,3.1308,2.0013,2.097,,1.3717,55000.0,10000.0,10000.0,1202850.0,218700.0,23.89,19.55,1.008
002920,德赛西威,汽车配件,广东,20171226,002920.SZ,20180906,21.9,21.96,21.41,21.72,22.27,-0.55,-2.4697,47049.4,102136.042,4.7049,4.7049,1.37,19.3789,21.8865,3.1093,1.9876,2.0826,,1.3812,55000.0,10000.0,10000.0,1194600.0,217200.0,24.5,20.04,1.008
002920,德赛西威,汽车配件,广东,20171226,002920.SZ,20180905,21.79,23.62,21.7,22.27,21.47,0.8,3.7261,73158.34,166910.045,7.3158,7.3158,3.14,19.8696,22.4407,3.188,2.0379,2.1354,,1.3471,55000.0,10000.0,10000.0,1224850.0,222700.0,23.62,19.32,1.008
002920,德赛西威,汽车配件,广东,20171226,002920.SZ,20180904,21.28,21.62,21.01,21.47,21.23,0.24,1.1305,20494.88,43911.274,2.0495,2.0495,0.85,19.1558,21.6346,3.0735,1.9647,2.0587,,1.3973,55000.0,10000.0,10000.0,1180850.0,214700.0,23.35,19.11,1.008
002920,德赛西威,汽车配件,广东,20171226,002920.SZ,20180903,21.77,21.98,20.81,21.23,22.05,-0.82,-3.7188,27982.24,59213.342,2.7982,2.7982,1.06,18.9417,21.3928,3.0391,1.9427,2.0357,,1.4131,55000.0,10000.0,10000.0,1167650.0,212300.0,24.26,19.85,1.008
002920,德赛西威,汽车配件,广东,20171226,002920.SZ,20180831,21.72,22.5,21.5,22.05,21.46,0.59,2.7493,32838.82,72526.249,3.2839,3.2839,1.3,19.6733,22.2191,3.1565,2.0178,2.1143,,1.3605,55000.0,10000.0,10000.0,1212750.0,220500.0,23.61,19.31,1.008
002920,德赛西威,汽车配件,广东,20171226,002920.SZ,20180830,21.82,22.17,21.4,21.46,21.92,-0.46,-2.0985,17530.37,38257.452,1.753,1.753,0.63,19.1469,21.6245,3.0721,1.9638,2.0577,,1.3979,55000.0,10000.0,10000.0,1180300.0,214600.0,24.11,19.73,1.008
002920,德赛西威,汽车配件,广东,20171226,002920.SZ,20180829,22.42,22.42,21.8,21.92,22.34,-0.42,-1.88,17650.33,38809.024,1.765,1.765,0.59,19.5573,22.0881,3.1379,2.0059,2.1018,,1.3686,55000.0,10000.0,10000.0,1205600.0,219200.0,24.57,20.11,1.008
002920,德赛西威,汽车配件,广东,20171226,002920.SZ,20180828,22.6,22.6,22.11,22.34,22.59,-0.25,-1.1067,24717.34,55056.581,2.4717,2.4717,0.78,19.932,22.5113,3.198,2.0443,2.1421,,1.3429,55000.0,10000.0,10000.0,1228700.0,223400.0,24.85,20.33,1.008
002920,德赛西威,汽车配件,广东,20171226,002920.SZ,20180827,21.6,22.75,21.53,22.59,21.67,0.92,4.2455,39820.73,88882.17,3.9821,3.9821,1.12,20.1551,22.7632,3.2338,2.0672,2.1661,,1.328,55000.0,10000.0,10000.0,1242450.0,225900.0,23.84,19.5,1.008
002920,德赛西威,汽车配件,广东,20171226,002920.SZ,20180824,21.7,22.14,21.56,21.67,21.62,0.05,0.2313,26556.77,57932.756,2.6557,2.6557,0.76,19.3342,21.8361,3.1021,1.983,2.0778,,1.3844,55000.0,10000.0,10000.0,1191850.0,216700.0,23.78,19.46,1.008
002920,德赛西威,汽车配件,广东,20171226,002920.SZ,20180823,21.07,21.8,21.07,21.62,21.3,0.32,1.5023,29949.44,64298.915,2.9949,2.9949,0.87,19.2896,21.7858,3.095,1.9784,2.073,,1.3876,55000.0,10000.0,10000.0,1189100.0,216200.0,23.43,19.17,1.008
002920,德赛西威,汽车配件,广东,20171226,002920.SZ,20180822,21.72,21.9,21.2,21.3,21.22,0.08,0.377,28881.13,62056.09,2.8881,2.8881,0.85,19.0041,21.4633,3.0492,1.9492,2.0424,,1.4085,55000.0,10000.0,10000.0,1171500.0,213000.0,23.34,19.1,1.008
002920,德赛西威,汽车配件,广东,20171226,002920.SZ,20180821,21.15,21.36,20.85,21.22,21.23,-0.01,-0.0471,33008.85,69835.331,3.3009,3.3009,0.97,18.9328,21.3827,3.0377,1.9418,2.0347,,1.4138,55000.0,10000.0,10000.0,1167100.0,212200.0,23.35,19.11,1.008
002920,德赛西威,汽车配件,广东,20171226,002920.SZ,20180820,22.28,22.39,20.52,21.23,22.5,-1.27,-5.6444,60051.97,127417.135,6.0052,6.0052,2.05,18.9417,21.3928,3.0391,1.9427,2.0357,,1.4131,55000.0,10000.0,10000.0,1167650.0,212300.0,24.75,20.25,1.008
002920,德赛西威,汽车配件,广东,20171226,002920.SZ,20180817,22.93,23.2,22.5,22.5,22.79,-0.29,-1.2725,23429.26,53666.229,2.3429,2.3429,0.82,20.0748,22.0441,3.3308,2.059,2.1633,,1.3333,55000.0,10000.0,10000.0,1237500.0,225000.0,25.07,20.51,1.008
002920,德赛西威,汽车配件,广东,20171226,002920.SZ,20180816,22.95,23.17,22.58,22.79,23.17,-0.38,-1.6401,25769.69,58961.484,2.577,2.577,0.88,20.3335,22.3282,3.3737,2.0855,2.1912,,1.3164,55000.0,10000.0,10000.0,1253450.0,227900.0,25.49,20.85,1.008
002920,德赛西威,汽车配件,广东,20171226,002920.SZ,20180815,24.05,24.16,23.1,23.17,24.07,-0.9,-3.7391,28131.2,66156.725,2.8131,2.8131,0.98,20.6726,22.7005,3.43,2.1203,2.2278,,1.2948,55000.0,10000.0,10000.0,1274350.0,231700.0,26.48,21.66,1.008
002920,德赛西威,汽车配件,广东,20171226,002920.SZ,20180814,24.6,24.7,23.93,24.07,24.7,-0.63,-2.5506,32881.0,79664.862,3.2881,3.2881,1.19,21.4756,23.5823,3.5632,2.2026,2.3143,,1.2464,55000.0,10000.0,10000.0,1323850.0,240700.0,27.17,22.23,1.008
002920,德赛西威,汽车配件,广东,20171226,002920.SZ,20180813,23.57,25.12,23.37,24.7,24.04,0.66,2.7454,36534.12,87994.338,3.6534,3.6534,1.46,22.0377,24.1995,3.6565,2.2603,2.3749,,1.2146,55000.0,10000.0,10000.0,1358500.0,247000.0,26.44,21.64,1.008
002920,德赛西威,汽车配件,广东,20171226,002920.SZ,20180810,23.8,24.13,23.66,24.04,23.79,0.25,1.0509,20276.44,48505.261,2.0276,2.0276,0.83,21.4488,23.5529,3.5588,2.1999,2.3114,,1.2479,55000.0,10000.0,10000.0,1322200.0,240400.0,26.17,21.41,1.008
002920,德赛西威,汽车配件,广东,20171226,002920.SZ,20180809,23.06,24.03,23.05,23.79,23.12,0.67,2.8979,28317.71,67244.53,2.8318,2.8318,1.13,21.2257,23.308,3.5218,2.177,2.2874,,1.261,55000.0,10000.0,10000.0,1308450.0,237900.0,25.43,20.81,1.008
002920,德赛西威,汽车配件,广东,20171226,002920.SZ,20180808,23.83,24.15,23.12,23.12,23.82,-0.7,-2.9387,24921.25,58805.91,2.4921,2.4921,0.96,20.628,22.6515,3.4226,2.1157,2.223,,1.2976,55000.0,10000.0,10000.0,1271600.0,231200.0,26.2,21.44,1.008
002920,德赛西威,汽车配件,广东,20171226,002920.SZ,20180807,23.17,23.86,22.92,23.82,23.05,0.77,3.3406,27862.94,65455.796,2.7863,2.7863,1.18,21.2525,23.3373,3.5262,2.1798,2.2903,,1.2594,55000.0,10000.0,10000.0,1310100.0,238200.0,25.36,20.75,1.008
002920,德赛西威,汽车配件,广东,20171226,002920.SZ,20180806,23.8,24.24,22.97,23.05,23.78,-0.73,-3.0698,23654.05,55754.693,2.3654,2.3654,0.94,20.5655,22.5829,3.4122,2.1093,2.2162,,1.3015,55000.0,10000.0,10000.0,1267750.0,230500.0,26.16,21.4,1.008
002920,德赛西威,汽车配件,广东,20171226,002920.SZ,20180803,24.46,24.56,23.78,23.78,24.4,-0.62,-2.541,17145.66,41441.994,1.7146,1.7146,0.66,21.2168,23.2982,3.5203,2.1761,2.2864,,1.2616,55000.0,10000.0,10000.0,1307900.0,237800.0,26.84,21.96,1.008
002920,德赛西威,汽车配件,广东,20171226,002920.SZ,20180802,25.56,25.6,23.81,24.4,25.42,-1.02,-4.0126,31619.5,77831.176,3.162,3.162,1.2,21.77,23.9056,3.6121,2.2328,2.346,,1.2295,55000.0,10000.0,10000.0,1342000.0,244000.0,27.96,22.88,1.008
002920,德赛西威,汽车配件,广东,20171226,002920.SZ,20180801,26.43,26.57,25.41,25.42,26.33,-0.91,-3.4561,29105.51,75972.825,2.9106,2.9106,1.16,22.68,24.9049,3.7631,2.3262,2.4441,,1.1802,55000.0,10000.0,10000.0,1398100.0,254200.0,28.96,23.7,1.008
002920,德赛西威,汽车配件,广东,20171226,002920.SZ,20180731,26.41,26.5,26.25,26.33,26.35,-0.02,-0.0759,16653.12,43905.082,1.6653,1.6653,0.58,23.492,25.7965,3.8978,2.4094,2.5316,,1.1394,55000.0,10000.0,10000.0,1448150.0,263300.0,28.99,23.72,1.008
002920,德赛西威,汽车配件,广东,20171226,002920.SZ,20180730,27.3,27.41,26.27,26.35,27.42,-1.07,-3.9023,31680.46,84719.672,3.168,3.168,1.14,23.5098,25.8161,3.9007,2.4113,2.5335,,1.1385,55000.0,10000.0,10000.0,1449250.0,263500.0,30.16,24.68,1.008
002920,德赛西威,汽车配件,广东,20171226,002920.SZ,20180727,27.6,27.98,27.27,27.42,27.66,-0.24,-0.8677,21065.8,57803.856,2.1066,2.1066,0.7,24.4645,26.8644,4.0591,2.5092,2.6364,,1.0941,55000.0,10000.0,10000.0,1508100.0,274200.0,30.43,24.89,1.008
002920,德赛西威,汽车配件,广东,20171226,002920.SZ,20180726,28.45,28.58,27.5,27.66,28.2,-0.54,-1.9149,33718.98,93890.453,3.3719,3.3719,0.97,24.6786,27.0995,4.0947,2.5312,2.6595,,1.0846,55000.0,10000.0,10000.0,1521300.0,276600.0,31.02,25.38,1.008
002920,德赛西威,汽车配件,广东,20171226,002920.SZ,20180725,28.26,28.5,28.03,28.2,28.29,-0.09,-0.3181,22836.39,64535.953,2.2836,2.2836,0.66,25.1604,27.6286,4.1746,2.5806,2.7114,,1.0638,55000.0,10000.0,10000.0,1551000.0,282000.0,31.12,25.46,1.008
002920,德赛西威,汽车配件,广东,20171226,002920.SZ,20180724,27.92,28.35,27.92,28.29,27.79,0.5,1.7992,34538.01,97427.082,3.4538,3.4538,1.06,25.2407,27.7168,4.1879,2.5888,2.72,,1.0604,55000.0,10000.0,10000.0,1555950.0,282900.0,30.57,25.01,1.008
002920,德赛西威,汽车配件,广东,20171226,002920.SZ,20180723,27.7,28.18,27.56,27.79,27.73,0.06,0.2164,26486.24,73774.449,2.6486,2.6486,0.82,24.7946,27.2269,4.1139,2.5431,2.672,,1.0795,55000.0,10000.0,10000.0,1528450.0,277900.0,30.5,24.96,1.008
002920,德赛西威,汽车配件,广东,20171226,002920.SZ,20180720,27.27,27.95,27.26,27.73,27.4,0.33,1.2044,33306.06,92103.86,3.3306,3.3306,1.06,24.7411,27.1681,4.105,2.5376,2.6662,,1.0819,55000.0,10000.0,10000.0,1525150.0,277300.0,30.14,24.66,1.008
002920,德赛西威,汽车配件,广东,20171226,002920.SZ,20180719,28.94,29.05,27.2,27.4,28.9,-1.5,-5.19,56681.8,158475.912,5.6682,5.6682,1.84,24.4466,26.8448,4.0562,2.5074,2.6345,,1.0949,55000.0,10000.0,10000.0,1507000.0,274000.0,31.79,26.01,1.008
002920,德赛西威,汽车配件,广东,20171226,002920.SZ,20180718,29.3,29.44,28.82,28.9,29.19,-0.29,-0.99,23186.44,67525.853,2.3186,2.3186,0.71,25.7849,28.3144,4.2782,2.6446,2.7787,,1.0381,55000.0,10000.0,10000.0,1589500.0,289000.0,32.11,26.27,1.008
002920,德赛西威,汽车配件,广东,20171226,002920.SZ,20180717,29.67,29.67,28.7,29.19,29.48,-0.29,-0.98,23825.02,69505.655,2.3825,2.3825,0.73,26.0437,28.5985,4.3212,2.6712,2.8066,,1.0277,55000.0,10000.0,10000.0,1605450.0,291900.0,32.43,26.53,1.008
002920,德赛西威,汽车配件,广东,20171226,002920.SZ,20180716,29.15,29.62,28.86,29.48,29.21,0.27,0.92,23993.66,70506.432,2.3994,2.3994,0.73,26.3024,28.8827,4.3641,2.6977,2.8345,,1.0176,55000.0,10000.0,10000.0,1621400.0,294800.0,32.13,26.29,1.008
002920,德赛西威,汽车配件,广东,20171226,002920.SZ,20180713,29.42,29.65,29.1,29.21,29.36,-0.15,-0.51,29522.2,86640.746,2.9522,2.9522,0.87,26.0615,28.6181,4.3241,2.673,2.8085,,1.027,55000.0,10000.0,10000.0,1606550.0,292100.0,32.3,26.42,1.008
002920,德赛西威,汽车配件,广东,20171226,002920.SZ,20180712,28.52,29.6,28.52,29.36,28.39,0.97,3.42,53329.9,156241.413,5.333,5.333,1.83,26.1954,28.7651,4.3463,2.6867,2.8229,,1.0218,55000.0,10000.0,10000.0,1614800.0,293600.0,31.23,25.55,1.008
002920,德赛西威,汽车配件,广东,20171226,002920.SZ,20180711,29.0,29.0,27.89,28.39,29.58,-1.19,-4.02,31826.23,90487.048,3.1826,3.1826,0.95,25.3299,27.8147,4.2027,2.598,2.7297,,1.0567,55000.0,10000.0,10000.0,1561450.0,283900.0,32.54,26.62,1.008
002920,德赛西威,汽车配件,广东,20171226,002920.SZ,20180710,29.22,29.67,29.09,29.58,29.18,0.4,1.37,23902.04,70157.191,2.3902,2.3902,0.66,26.3916,28.9806,4.3789,2.7069,2.8441,,1.0142,55000.0,10000.0,10000.0,1626900.0,295800.0,32.1,26.26,1.008
002920,德赛西威,汽车配件,广东,20171226,002920.SZ,20180709,28.73,29.3,28.73,29.18,28.65,0.53,1.85,26375.43,76700.441,2.6375,2.6375,0.68,26.0348,28.5887,4.3197,2.6702,2.8056,,1.0281,55000.0,10000.0,10000.0,1604900.0,291800.0,31.52,25.79,1.008
002920,德赛西威,汽车配件,广东,20171226,002920.SZ,20180706,29.06,29.5,27.52,28.65,29.03,-0.38,-1.31,34512.89,98984.365,3.4513,3.4513,0.9,25.5619,28.0695,4.2412,2.6217,2.7547,,1.0471,55000.0,10000.0,10000.0,1575750.0,286500.0,31.93,26.13,1.008
002920,德赛西威,汽车配件,广东,20171226,002920.SZ,20180705,29.95,30.55,29.02,29.03,30.2,-1.17,-3.87,29149.03,86582.752,2.9149,2.9149,0.79,25.9009,28.4418,4.2975,2.6565,2.7912,,1.0334,55000.0,10000.0,10000.0,1596650.0,290300.0,33.22,27.18,1.008
002920,德赛西威,汽车配件,广东,20171226,002920.SZ,20180704,30.1,30.82,29.86,30.2,30.01,0.19,0.63,54014.43,164343.998,5.4014,5.4014,1.68,26.9448,29.5881,4.4707,2.7636,2.9037,,0.9934,55000.0,10000.0,10000.0,1661000.0,302000.0,33.01,27.01,1.008
002920,德赛西威,汽车配件,广东,20171226,002920.SZ,20180703,29.16,30.06,28.81,30.01,29.6,0.41,1.39,37277.16,109741.896,3.7277,3.7277,1.19,26.7753,29.4019,4.4425,2.7462,2.8854,,0.9997,55000.0,10000.0,10000.0,1650550.0,300100.0,32.56,26.64,1.008
002920,德赛西威,汽车配件,广东,20171226,002920.SZ,20180702,29.89,30.87,29.23,29.6,29.9,-0.3,-1.0,38627.9,116502.902,3.8628,3.8628,1.35,26.4095,29.0002,4.3818,2.7087,2.846,,1.0135,55000.0,10000.0,10000.0,1628000.0,296000.0,32.89,26.91,1.008
002920,德赛西威,汽车配件,广东,20171226,002920.SZ,20180629,29.01,30.23,28.81,29.9,28.96,0.94,3.25,33383.34,99329.902,3.3383,3.3383,1.25,26.6772,29.2942,4.4263,2.7361,2.8748,,1.0033,55000.0,10000.0,10000.0,1644500.0,299000.0,31.86,26.06,1.008
002920,德赛西威,汽车配件,广东,20171226,002920.SZ,20180628,29.4,29.93,28.93,28.96,29.56,-0.6,-2.03,21545.68,63682.131,2.1546,2.1546,0.71,25.8385,28.3732,4.2871,2.6501,2.7845,,1.0359,55000.0,10000.0,10000.0,1592800.0,289600.0,32.52,26.6,1.008
002920,德赛西威,汽车配件,广东,20171226,002920.SZ,20180627,29.46,29.98,29.3,29.56,29.52,0.04,0.14,30311.15,89984.148,3.0311,3.0311,1.01,26.3738,28.961,4.3759,2.705,2.8421,,1.0149,55000.0,10000.0,10000.0,1625800.0,295600.0,32.47,26.57,1.008
002920,德赛西威,汽车配件,广东,20171226,002920.SZ,20180626,28.35,29.73,28.35,29.52,28.99,0.53,1.83,32283.99,94269.924,3.2284,3.2284,0.93,26.3381,28.9219,4.37,2.7014,2.8383,,1.0163,55000.0,10000.0,10000.0,1623600.0,295200.0,31.89,26.09,1.008
002920,德赛西威,汽车配件,广东,20171226,002920.SZ,20180625,29.26,29.6,28.8,28.99,28.83,0.16,0.56,25338.05,73689.956,2.5338,2.5338,0.65,25.8652,28.4026,4.2915,2.6529,2.7873,,1.0348,55000.0,10000.0,10000.0,1594450.0,289900.0,31.71,25.95,1.008
002920,德赛西威,汽车配件,广东,20171226,002920.SZ,20180622,28.28,29.15,27.88,28.83,28.74,0.09,0.31,23562.11,67446.295,2.3562,2.3562,0.52,25.7225,28.2458,4.2679,2.6382,2.772,,1.0406,55000.0,10000.0,10000.0,1585650.0,288300.0,31.61,25.87,1.008
002920,德赛西威,汽车配件,广东,20171226,002920.SZ,20180621,30.16,30.35,28.74,28.74,30.16,-1.42,-4.71,40027.33,117930.88,4.0027,4.0027,0.79,25.6422,28.1577,4.2545,2.63,2.7633,,1.0438,55000.0,10000.0,10000.0,1580700.0,287400.0,33.18,27.14,1.008
002920,德赛西威,汽车配件,广东,20171226,002920.SZ,20180620,29.69,30.69,29.5,30.16,29.69,0.47,1.58,29420.26,88737.126,2.942,2.942,0.43,26.9091,29.5489,4.4647,2.7599,2.8998,,0.9947,55000.0,10000.0,10000.0,1658800.0,301600.0,32.66,26.72,1.008
002920,德赛西威,汽车配件,广东,20171226,002920.SZ,20180619,31.6,31.97,29.59,29.69,32.79,-3.1,-9.45,54455.83,167040.798,5.4456,5.4456,0.75,26.4898,29.0884,4.3952,2.7169,2.8546,,1.0104,55000.0,10000.0,10000.0,1632950.0,296900.0,36.07,29.51,1.008
002920,德赛西威,汽车配件,广东,20171226,002920.SZ,20180615,34.06,34.73,32.5,32.79,34.38,-1.59,-4.62,47943.96,162005.181,4.7944,4.7944,0.69,29.2557,32.1256,4.8541,3.0006,3.1527,,0.9149,55000.0,10000.0,10000.0,1803450.0,327900.0,37.82,30.94,1.008
002920,德赛西威,汽车配件,广东,20171226,002920.SZ,20180614,33.58,34.7,33.16,34.38,33.6,0.78,2.32,52595.45,179978.92,5.2595,5.2595,0.82,30.6743,33.6834,5.0895,3.1461,3.3056,,0.8726,55000.0,10000.0,10000.0,1890900.0,343800.0,36.96,30.24,1.008
002920,德赛西威,汽车配件,广东,20171226,002920.SZ,20180613,34.89,34.89,33.5,33.6,35.33,-1.73,-4.9,68961.29,234913.821,6.8961,6.8961,1.26,29.9783,32.9192,4.974,3.0747,3.2306,,0.8929,55000.0,10000.0,10000.0,1848000.0,336000.0,38.86,31.8,1.008
002920,德赛西威,汽车配件,广东,20171226,002920.SZ,20180612,34.45,36.25,34.35,35.33,34.94,0.39,1.12,114657.36,405710.693,11.4657,11.4657,3.17,31.5219,34.6141,5.2301,3.233,3.3969,,0.8491,55000.0,10000.0,10000.0,1943150.0,353300.0,38.43,31.45,1.008
002920,德赛西威,汽车配件,广东,20171226,002920.SZ,20180611,33.06,35.85,32.81,34.94,33.23,1.71,5.15,78859.6,271961.657,7.886,7.886,3.33,31.1739,34.232,5.1724,3.1973,3.3594,,0.8586,55000.0,10000.0,10000.0,1921700.0,349400.0,36.55,29.91,1.008
002920,德赛西威,汽车配件,广东,20171226,002920.SZ,20180608,32.62,33.5,32.2,33.23,32.86,0.37,1.13,31974.58,105428.914,3.1975,3.1975,1.41,29.6482,32.5567,4.9192,3.0409,3.195,,0.9028,55000.0,10000.0,10000.0,1827650.0,332300.0,36.15,29.57,1.008
002920,德赛西威,汽车配件,广东,20171226,002920.SZ,20180607,33.34,33.86,32.86,32.86,33.01,-0.15,-0.45,26563.58,88612.419,2.6564,2.6564,1.15,29.3181,32.1942,4.8644,3.007,3.1594,,0.913,55000.0,10000.0,10000.0,1807300.0,328600.0,36.31,29.71,1.008
002920,德赛西威,汽车配件,广东,20171226,002920.SZ,20180606,32.88,33.27,32.6,33.01,32.6,0.41,1.26,21322.59,70228.608,2.1323,2.1323,0.77,29.4519,32.3411,4.8866,3.0207,3.1739,,0.9088,55000.0,10000.0,10000.0,1815550.0,330100.0,35.86,29.34,1.008
002920,德赛西威,汽车配件,广东,20171226,002920.SZ,20180605,31.98,32.71,31.98,32.6,31.88,0.72,2.26,22121.96,71832.893,2.2122,2.2122,0.71,29.0861,31.9394,4.826,2.9832,3.1344,,0.9202,55000.0,10000.0,10000.0,1793000.0,326000.0,35.07,28.69,1.008
002920,德赛西威,汽车配件,广东,20171226,002920.SZ,20180604,32.15,32.33,31.71,31.88,32.15,-0.27,-0.84,16260.88,52014.695,1.6261,1.6261,0.42,28.4437,31.234,4.7194,2.9173,3.0652,,0.941,55000.0,10000.0,10000.0,1753400.0,318800.0,35.37,28.94,1.008
002920,德赛西威,汽车配件,广东,20171226,002920.SZ,20180601,32.58,32.75,31.66,32.15,32.45,-0.3,-0.92,26856.42,86658.667,2.6856,2.6856,0.53,28.6846,31.4986,4.7593,2.942,3.0912,,0.9331,55000.0,10000.0,10000.0,1768250.0,321500.0,35.7,29.21,1.008
002920,德赛西威,汽车配件,广东,20171226,002920.SZ,20180531,32.25,32.46,31.7,32.45,31.79,0.66,2.08,28656.74,92322.382,2.8657,2.8657,0.53,28.9523,31.7925,4.8037,2.9695,3.12,,0.9245,55000.0,10000.0,10000.0,1784750.0,324500.0,34.97,28.61,1.008
002920,德赛西威,汽车配件,广东,20171226,002920.SZ,20180530,32.77,32.77,30.26,31.79,33.62,-1.83,-5.44,44440.83,142181.535,4.4441,4.4441,0.74,28.3634,31.1459,4.706,2.9091,3.0566,,0.9437,55000.0,10000.0,10000.0,1748450.0,317900.0,36.98,30.26,1.008
002920,德赛西威,汽车配件,广东,20171226,002920.SZ,20180529,34.11,34.88,33.4,33.62,34.44,-0.82,-2.38,40323.17,137312.818,4.0323,4.0323,0.64,29.9962,32.9388,4.9769,3.0766,3.2325,,0.8923,55000.0,10000.0,10000.0,1849100.0,336200.0,37.88,31.0,1.008
002920,德赛西威,汽车配件,广东,20171226,002920.SZ,20180528,34.85,35.4,34.21,34.44,35.4,-0.96,-2.71,51486.81,178725.601,5.1487,5.1487,0.86,30.7278,33.7422,5.0983,3.1516,3.3114,,0.8711,55000.0,10000.0,10000.0,1894200.0,344400.0,38.94,31.86,1.008
002920,德赛西威,汽车配件,广东,20171226,002920.SZ,20180525,36.21,38.35,35.4,35.4,35.49,-0.09,-0.25,87270.83,318259.81,8.7271,8.7271,1.84,31.5843,34.6827,5.2405,3.2394,3.4037,,0.8475,55000.0,10000.0,10000.0,1947000.0,354000.0,39.04,31.94,1.008
002920,德赛西威,汽车配件,广东,20171226,002920.SZ,20180524,35.94,36.24,35.36,35.79,35.77,0.02,0.06,44735.24,160240.738,4.4735,4.4735,1.03,31.9323,35.0648,5.0729,3.2751,3.4412,,,55000.0,10000.0,10000.0,1968450.0,357900.0,39.35,32.19,1.0
002920,德赛西威,汽车配件,广东,20171226,002920.SZ,20180523,35.6,36.35,35.3,35.77,35.49,0.28,0.79,76441.24,275080.502,7.6441,7.6441,2.28,31.9144,35.0452,5.0701,3.2733,3.4392,,,55000.0,10000.0,10000.0,1967350.0,357700.0,39.04,31.94,1.0
002920,德赛西威,汽车配件,广东,20171226,002920.SZ,20180522,34.54,35.6,34.39,35.49,34.73,0.76,2.19,54697.1,191517.141,5.4697,5.4697,1.79,31.6646,34.7709,5.0304,3.2477,3.4123,,,55000.0,10000.0,10000.0,1951950.0,354900.0,38.2,31.26,1.0
002920,德赛西威,汽车配件,广东,20171226,002920.SZ,20180521,34.33,34.88,34.33,34.73,34.1,0.63,1.85,36995.81,128036.99,3.6996,3.6996,1.34,30.9865,34.0263,4.9227,3.1781,3.3392,,,55000.0,10000.0,10000.0,1910150.0,347300.0,37.51,30.69,1.0
002920,德赛西威,汽车配件,广东,20171226,002920.SZ,20180518,33.8,34.39,33.67,34.1,33.76,0.34,1.01,24445.2,83323.226,2.4445,2.4445,0.89,30.4245,33.409,4.8334,3.1205,3.2787,,,55000.0,10000.0,10000.0,1875500.0,341000.0,37.14,30.38,1.0
002920,德赛西威,汽车配件,广东,20171226,002920.SZ,20180517,33.98,34.15,33.51,33.76,34.05,-0.29,-0.85,23765.14,80138.259,2.3765,2.3765,0.86,30.1211,33.0759,4.7852,3.0894,3.246,,,55000.0,10000.0,10000.0,1856800.0,337600.0,37.46,30.65,1.0
002920,德赛西威,汽车配件,广东,20171226,002920.SZ,20180516,34.28,34.7,34.0,34.05,34.6,-0.55,-1.59,27458.12,94243.445,2.7458,2.7458,1.03,30.3798,33.3601,4.8263,3.1159,3.2739,,,55000.0,10000.0,10000.0,1872750.0,340500.0,38.06,31.14,1.0
002920,德赛西威,汽车配件,广东,20171226,002920.SZ,20180515,33.91,34.69,33.91,34.6,33.64,0.96,2.85,40509.27,139587.068,4.0509,4.0509,1.68,30.8706,33.8989,4.9042,3.1662,3.3267,,,55000.0,10000.0,10000.0,1903000.0,346000.0,37.0,30.28,1.0
002920,德赛西威,汽车配件,广东,20171226,002920.SZ,20180514,33.6,34.18,33.45,33.64,33.6,0.04,0.12,21871.11,74030.085,2.1871,2.1871,0.81,30.014,32.9584,4.7682,3.0784,3.2344,,,55000.0,10000.0,10000.0,1850200.0,336400.0,36.96,30.24,1.0
002920,德赛西威,汽车配件,广东,20171226,002920.SZ,20180511,34.3,34.45,33.5,33.6,34.21,-0.61,-1.78,23022.0,78236.361,2.3022,2.3022,0.85,29.9783,32.9192,4.7625,3.0747,3.2306,,,55000.0,10000.0,10000.0,1848000.0,336000.0,37.63,30.79,1.0
002920,德赛西威,汽车配件,广东,20171226,002920.SZ,20180510,34.48,34.73,33.9,34.21,34.49,-0.28,-0.81,24980.1,85610.338,2.498,2.498,0.84,30.5226,33.5168,4.8489,3.1305,3.2892,,,55000.0,10000.0,10000.0,1881550.0,342100.0,37.94,31.04,1.0
002920,德赛西威,汽车配件,广东,20171226,002920.SZ,20180509,34.66,34.89,34.24,34.49,34.59,-0.1,-0.29,22889.21,79046.313,2.2889,2.2889,0.74,30.7724,33.7911,4.8886,3.1562,3.3162,,,55000.0,10000.0,10000.0,1896950.0,344900.0,38.05,31.13,1.0
002920,德赛西威,汽车配件,广东,20171226,002920.SZ,20180508,34.95,34.95,34.4,34.59,34.66,-0.07,-0.2,27695.74,95706.2,2.7696,2.7696,0.89,30.8616,33.8891,4.9028,3.1653,3.3258,,,55000.0,10000.0,10000.0,1902450.0,345900.0,38.13,31.19,1.0
002920,德赛西威,汽车配件,广东,20171226,002920.SZ,20180507,33.65,34.82,33.6,34.66,33.67,0.99,2.94,35913.99,123572.067,3.5914,3.5914,1.14,30.9241,33.9577,4.9127,3.1717,3.3325,,,55000.0,10000.0,10000.0,1906300.0,346600.0,37.04,30.3,1.0
002920,德赛西威,汽车配件,广东,20171226,002920.SZ,20180504,33.9,34.43,33.54,33.67,34.05,-0.38,-1.12,24557.04,83290.711,2.4557,2.4557,0.58,30.0408,32.9878,4.7724,3.0811,3.2373,,,55000.0,10000.0,10000.0,1851850.0,336700.0,37.46,30.65,1.0
002920,德赛西威,汽车配件,广东,20171226,002920.SZ,20180503,33.0,34.18,32.12,34.05,33.01,1.04,3.15,37823.38,127319.328,3.7823,3.7823,0.9,30.3798,33.3601,4.8263,3.1159,3.2739,,,55000.0,10000.0,10000.0,1872750.0,340500.0,36.31,29.71,1.0
002920,德赛西威,汽车配件,广东,20171226,002920.SZ,20180502,33.43,33.58,32.71,33.01,33.21,-0.2,-0.6,28835.21,95204.335,2.8835,2.8835,0.68,29.4519,32.3411,4.6789,3.0207,3.1739,,,55000.0,10000.0,10000.0,1815550.0,330100.0,36.53,29.89,1.0
002920,德赛西威,汽车配件,广东,20171226,002920.SZ,20180427,33.3,33.49,32.85,33.21,33.02,0.19,0.58,27869.46,92341.027,2.7869,2.7869,0.52,29.6304,32.5371,4.7072,3.039,3.1931,,,55000.0,10000.0,10000.0,1826550.0,332100.0,36.32,29.72,1.0
002920,德赛西威,汽车配件,广东,20171226,002920.SZ,20180426,33.9,33.9,33.0,33.02,33.96,-0.94,-2.77,38125.21,127565.262,3.8125,3.8125,0.68,29.4609,32.3509,4.6803,3.0216,3.1748,,,55000.0,10000.0,10000.0,1816100.0,330200.0,37.36,30.56,1.0
002920,德赛西威,汽车配件,广东,20171226,002920.SZ,20180425,34.1,34.1,33.28,33.96,35.21,-1.25,-3.55,78279.62,264050.819,7.828,7.828,1.47,30.2995,33.2719,4.8135,3.1077,3.2652,,,55000.0,10000.0,10000.0,1867800.0,339600.0,38.73,31.69,1.0
002920,德赛西威,汽车配件,广东,20171226,002920.SZ,20180424,34.56,35.3,34.3,35.21,34.38,0.83,2.41,37514.19,131168.52,3.7514,3.7514,0.58,31.4148,31.4148,5.2052,3.2221,3.2221,,,55000.0,10000.0,10000.0,1936550.0,352100.0,37.82,30.94,1.0
002920,德赛西威,汽车配件,广东,20171226,002920.SZ,20180423,34.18,34.55,33.68,34.38,34.13,0.25,0.73,30963.76,105651.19,3.0964,3.0964,0.44,30.6743,30.6743,5.0825,3.1461,3.1461,,,55000.0,10000.0,10000.0,1890900.0,343800.0,37.54,30.72,1.0
002920,德赛西威,汽车配件,广东,20171226,002920.SZ,20180420,35.4,35.64,33.82,34.13,35.73,-1.6,-4.48,80973.24,279281.495,8.0973,8.0973,1.09,30.4512,30.4512,5.0456,3.1232,3.1232,,,55000.0,10000.0,10000.0,1877150.0,341300.0,39.3,32.16,1.0
002920,德赛西威,汽车配件,广东,20171226,002920.SZ,20180419,36.23,36.66,35.65,35.73,36.48,-0.75,-2.06,52309.08,189446.378,5.2309,5.2309,0.64,31.8788,31.8788,5.2821,3.2696,3.2696,,,55000.0,10000.0,10000.0,1965150.0,357300.0,40.13,32.83,1.0
002920,德赛西威,汽车配件,广东,20171226,002920.SZ,20180418,36.15,36.78,35.28,36.48,35.85,0.63,1.76,64793.42,233765.562,6.4793,6.4793,0.74,32.5479,32.5479,5.393,3.3383,3.3383,,,55000.0,10000.0,10000.0,2006400.0,364800.0,39.44,32.27,1.0
002920,德赛西威,汽车配件,广东,20171226,002920.SZ,20180417,38.6,38.97,35.79,35.85,38.6,-2.75,-7.12,91927.7,340385.954,9.1928,9.1928,1.05,31.9858,31.9858,5.2998,3.2806,3.2806,,,55000.0,10000.0,10000.0,1971750.0,358500.0,42.46,34.74,1.0
002920,德赛西威,汽车配件,广东,20171226,002920.SZ,20180416,38.97,39.0,38.0,38.6,39.29,-0.69,-1.76,61642.39,237234.642,6.1642,6.1642,0.68,34.4394,34.4394,5.7064,3.5323,3.5323,,,55000.0,10000.0,10000.0,2123000.0,386000.0,43.22,35.36,1.0
002920,德赛西威,汽车配件,广东,20171226,002920.SZ,20180413,38.88,39.9,38.63,39.29,38.25,1.04,2.72,100958.2,396806.777,10.0958,10.0958,1.17,35.055,35.055,5.8084,3.5954,3.5954,,,55000.0,10000.0,10000.0,2160950.0,392900.0,42.08,34.43,1.0
002920,德赛西威,汽车配件,广东,20171226,002920.SZ,20180412,38.9,39.68,37.86,38.25,39.22,-0.97,-2.47,91112.04,353362.047,9.1112,9.1112,1.01,34.1271,34.1271,5.6546,3.5002,3.5002,,,55000.0,10000.0,10000.0,2103750.0,382500.0,43.14,35.3,1.0
002920,德赛西威,汽车配件,广东,20171226,002920.SZ,20180411,38.03,39.66,37.68,39.22,38.23,0.99,2.59,95083.63,371115.407,9.5084,9.5084,0.85,34.9926,34.9926,5.798,3.589,3.589,,,55000.0,10000.0,10000.0,2157100.0,392200.0,42.05,34.41,1.0
002920,德赛西威,汽车配件,广东,20171226,002920.SZ,20180410,39.02,39.78,37.35,38.23,38.45,-0.22,-0.57,90794.99,350400.779,9.0795,9.0795,0.88,34.1093,34.1093,5.6517,3.4984,3.4984,,,55000.0,10000.0,10000.0,2102650.0,382300.0,42.3,34.61,1.0
002920,德赛西威,汽车配件,广东,20171226,002920.SZ,20180409,37.37,38.5,36.89,38.45,37.53,0.92,2.45,76923.93,291276.583,7.6924,7.6924,0.81,34.3056,34.3056,5.6842,3.5185,3.5185,,,55000.0,10000.0,10000.0,2114750.0,384500.0,41.28,33.78,1.0
002920,德赛西威,汽车配件,广东,20171226,002920.SZ,20180404,38.9,39.25,37.5,37.53,39.05,-1.52,-3.89,76854.89,294707.435,7.6855,7.6855,0.89,33.4847,33.4847,5.5482,3.4344,3.4344,,,55000.0,10000.0,10000.0,2064150.0,375300.0,42.96,35.15,1.0
002920,德赛西威,汽车配件,广东,20171226,002920.SZ,20180403,39.0,39.36,38.18,39.05,40.25,-1.2,-2.98,110313.82,427622.036,11.0314,11.0314,1.49,36.3852,34.8059,5.7719,3.7826,3.574,,,55000.0,10000.0,10000.0,2147750.0,390500.0,44.28,36.23,1.0
002920,德赛西威,汽车配件,广东,20171226,002920.SZ,20180402,36.88,40.65,36.86,40.25,36.95,3.3,8.93,205982.22,821316.039,20.5982,20.5982,4.81,37.5033,35.8755,5.9493,3.8988,3.6838,,,55000.0,10000.0,10000.0,2213750.0,402500.0,40.65,33.26,1.0
002920,德赛西威,汽车配件,广东,20171226,002920.SZ,20180330,36.06,37.13,36.06,36.95,35.84,1.11,3.1,44992.09,165148.429,4.4992,4.4992,0.95,34.4285,32.9341,5.4615,3.5791,3.3818,,,55000.0,10000.0,10000.0,2032250.0,369500.0,39.42,32.26,1.0
002920,德赛西威,汽车配件,广东,20171226,002920.SZ,20180329,36.24,36.45,35.59,35.84,36.0,-0.16,-0.44,36622.24,131219.547,3.6622,3.6622,0.75,33.3943,31.9448,5.2975,3.4716,3.2802,,,55000.0,10000.0,10000.0,1971200.0,358400.0,39.6,32.4,1.0
002920,德赛西威,汽车配件,广东,20171226,002920.SZ,20180328,36.16,36.88,35.98,36.0,36.57,-0.57,-1.56,35886.77,130592.818,3.5887,3.5887,0.68,33.5434,32.0874,5.3211,3.4871,3.2949,,,55000.0,10000.0,10000.0,1980000.0,360000.0,40.23,32.91,1.0
002920,德赛西威,汽车配件,广东,20171226,002920.SZ,20180327,35.85,36.94,35.85,36.57,35.28,1.29,3.66,46924.41,171050.936,4.6924,4.6924,0.88,34.0745,32.5954,5.4054,3.5423,3.347,,,55000.0,10000.0,10000.0,2011350.0,365700.0,38.81,31.75,1.0
002920,德赛西威,汽车配件,广东,20171226,002920.SZ,20180326,33.92,35.4,32.88,35.28,34.58,0.7,2.02,49688.51,171154.881,4.9689,4.9689,0.81,32.8725,31.4456,5.2147,3.4174,3.229,,,55000.0,10000.0,10000.0,1940400.0,352800.0,38.04,31.12,1.0
002920,德赛西威,汽车配件,广东,20171226,002920.SZ,20180323,36.6,37.36,34.58,34.58,38.42,-3.84,-9.99,66499.28,239038.472,6.6499,6.6499,1.12,32.2203,30.8217,5.1112,3.3496,3.1649,,,55000.0,10000.0,10000.0,1901900.0,345800.0,42.26,34.58,1.0
002920,德赛西威,汽车配件,广东,20171226,002920.SZ,20180322,38.68,38.98,37.8,38.42,38.36,0.06,0.16,45588.33,175172.792,4.5588,4.5588,0.63,35.7982,34.2444,5.6788,3.7215,3.5164,,,55000.0,10000.0,10000.0,2113100.0,384200.0,42.2,34.52,1.0
002920,德赛西威,汽车配件,广东,20171226,002920.SZ,20180321,39.48,39.87,38.31,38.36,39.01,-0.65,-1.67,54999.72,215524.193,5.5,5.5,0.74,35.7423,34.1909,5.6699,3.7157,3.5109,,,55000.0,10000.0,10000.0,2109800.0,383600.0,42.91,35.11,1.0
002920,德赛西威,汽车配件,广东,20171226,002920.SZ,20180320,38.56,39.35,38.5,39.01,39.35,-0.34,-0.86,49289.36,191492.165,4.9289,4.9289,0.61,36.348,34.7702,5.766,3.7787,3.5704,,,55000.0,10000.0,10000.0,2145550.0,390100.0,43.29,35.42,1.0
002920,德赛西威,汽车配件,广东,20171226,002920.SZ,20180319,37.81,40.58,37.0,39.35,37.69,1.66,4.4,89892.88,350310.226,8.9893,8.9893,1.02,36.6648,35.0733,5.8163,3.8116,3.6015,,,55000.0,10000.0,10000.0,2164250.0,393500.0,41.46,33.92,1.0
002920,德赛西威,汽车配件,广东,20171226,002920.SZ,20180316,37.8,38.8,37.56,37.69,37.56,0.13,0.35,56045.29,213531.84,5.6045,5.6045,0.56,35.118,33.5937,5.5709,3.6508,3.4495,,,55000.0,10000.0,10000.0,2072950.0,376900.0,41.32,33.8,1.0
002920,德赛西威,汽车配件,广东,20171226,002920.SZ,20180315,39.28,39.37,36.86,37.56,39.97,-2.41,-6.03,113763.98,433046.044,11.3764,11.3764,1.22,34.9969,33.4778,5.5517,3.6382,3.4376,,,55000.0,10000.0,10000.0,2065800.0,375600.0,43.97,35.97,1.0
002920,德赛西威,汽车配件,广东,20171226,002920.SZ,20180314,39.95,40.5,39.64,39.97,40.0,-0.03,-0.08,62278.45,249776.834,6.2278,6.2278,0.64,37.2425,35.6259,5.9079,3.8717,3.6582,,,55000.0,10000.0,10000.0,2198350.0,399700.0,44.0,36.0,1.0
002920,德赛西威,汽车配件,广东,20171226,002920.SZ,20180313,40.79,40.79,39.8,40.0,41.0,-1.0,-2.44,82757.14,333012.279,8.2757,8.2757,0.76,37.2704,35.6526,5.9124,3.8746,3.661,,,55000.0,10000.0,10000.0,2200000.0,400000.0,45.1,36.9,1.0
002920,德赛西威,汽车配件,广东,20171226,002920.SZ,20180312,40.47,41.16,40.06,41.0,40.1,0.9,2.24,127051.94,516837.993,12.7052,12.7052,1.25,38.2022,36.544,6.0602,3.9714,3.7525,,,55000.0,10000.0,10000.0,2255000.0,410000.0,44.11,36.09,1.0
002920,德赛西威,汽车配件,广东,20171226,002920.SZ,20180309,38.73,40.66,38.48,40.1,38.81,1.29,3.32,116532.93,464792.921,11.6533,11.6533,1.11,37.3636,35.7418,5.9271,3.8843,3.6701,,,55000.0,10000.0,10000.0,2205500.0,401000.0,42.69,34.93,1.0
002920,德赛西威,汽车配件,广东,20171226,002920.SZ,20180308,38.55,39.84,38.4,38.81,38.7,0.11,0.28,78975.26,309162.787,7.8975,7.8975,0.77,36.1616,34.592,5.7365,3.7593,3.5521,,,55000.0,10000.0,10000.0,2134550.0,388100.0,42.57,34.83,1.0
002920,德赛西威,汽车配件,广东,20171226,002920.SZ,20180307,38.9,39.7,38.01,38.7,39.21,-0.51,-1.3,84132.19,325951.312,8.4132,8.4132,0.83,36.0591,34.4939,5.7202,3.7487,3.542,,,55000.0,10000.0,10000.0,2128500.0,387000.0,43.13,35.29,1.0
002920,德赛西威,汽车配件,广东,20171226,002920.SZ,20180306,39.5,41.19,39.2,39.21,39.33,-0.12,-0.31,140014.59,562265.869,14.0015,14.0015,1.53,36.5343,34.9485,5.7956,3.7981,3.5887,,,55000.0,10000.0,10000.0,2156550.0,392100.0,43.26,35.4,1.0
002920,德赛西威,汽车配件,广东,20171226,002920.SZ,20180305,39.0,39.39,38.1,39.33,38.5,0.83,2.16,88333.07,343263.779,8.8333,8.8333,0.95,36.6461,35.0555,5.8133,3.8097,3.5996,,,55000.0,10000.0,10000.0,2163150.0,393300.0,42.35,34.65,1.0
002920,德赛西威,汽车配件,广东,20171226,002920.SZ,20180302,36.73,40.32,36.73,38.5,37.35,1.15,3.08,133306.24,516735.549,13.3306,13.3306,1.71,35.8728,34.3157,5.6906,3.7293,3.5237,,,55000.0,10000.0,10000.0,2117500.0,385000.0,41.09,33.62,1.0
002920,德赛西威,汽车配件,广东,20171226,002920.SZ,20180301,36.3,37.64,36.3,37.35,36.85,0.5,1.36,65194.93,241844.022,6.5195,6.5195,0.84,34.8012,33.2907,5.5207,3.6179,3.4184,,,55000.0,10000.0,10000.0,2054250.0,373500.0,40.54,33.17,1.0
002920,德赛西威,汽车配件,广东,20171226,002920.SZ,20180228,36.7,38.1,35.69,36.85,37.14,-0.29,-0.78,81676.95,303152.28,8.1677,8.1677,1.14,34.3354,32.845,5.4468,3.5695,3.3727,,,55000.0,10000.0,10000.0,2026750.0,368500.0,40.85,33.43,1.0
002920,德赛西威,汽车配件,广东,20171226,002920.SZ,20180227,37.1,38.25,36.85,37.14,37.43,-0.29,-0.77,89713.54,336839.537,8.9714,8.9714,1.22,34.6056,34.3138,5.7178,3.5975,3.3451,,,55000.0,10000.0,10000.0,2042700.0,371400.0,41.17,33.69,1.0
002920,德赛西威,汽车配件,广东,20171226,002920.SZ,20180226,36.96,37.88,36.5,37.43,36.0,1.43,3.97,95217.77,354618.69,9.5218,9.5218,1.39,34.8758,34.5818,5.7625,3.6256,3.3712,,,55000.0,10000.0,10000.0,2058650.0,374300.0,39.6,32.4,1.0
002920,德赛西威,汽车配件,广东,20171226,002920.SZ,20180223,36.14,36.49,35.51,36.0,36.53,-0.53,-1.45,58067.2,208697.174,5.8067,5.8067,0.81,33.5434,33.2606,5.5423,3.4871,3.2424,,,55000.0,10000.0,10000.0,1980000.0,360000.0,40.18,32.88,1.0
002920,德赛西威,汽车配件,广东,20171226,002920.SZ,20180222,37.0,37.4,36.15,36.53,36.16,0.37,1.02,64122.84,234756.41,6.4123,6.4123,0.85,34.0372,33.7502,5.6239,3.5385,3.2902,,,55000.0,10000.0,10000.0,2009150.0,365300.0,39.78,32.54,1.0
002920,德赛西威,汽车配件,广东,20171226,002920.SZ,20180214,37.18,37.38,36.01,36.16,36.97,-0.81,-2.19,49991.91,181975.968,4.9992,4.9992,0.58,33.6924,33.4084,5.5669,3.5026,3.2568,,,55000.0,10000.0,10000.0,1988800.0,361600.0,40.67,33.27,1.0
002920,德赛西威,汽车配件,广东,20171226,002920.SZ,20180213,35.76,37.7,35.75,36.97,35.96,1.01,2.81,99106.52,363722.7,9.9107,9.9107,1.21,34.4472,34.1568,5.6916,3.5811,3.3298,,,55000.0,10000.0,10000.0,2033350.0,369700.0,39.56,32.36,1.0
002920,德赛西威,汽车配件,广东,20171226,002920.SZ,20180212,35.0,36.5,35.0,35.96,34.43,1.53,4.44,71509.52,256808.895,7.151,7.151,0.92,33.5061,33.2236,5.5362,3.4832,3.2388,,,55000.0,10000.0,10000.0,1977800.0,359600.0,37.87,30.99,1.0
002920,德赛西威,汽车配件,广东,20171226,002920.SZ,20180209,34.26,35.54,33.33,34.43,35.49,-1.06,-2.99,72751.11,251357.571,7.2751,7.2751,0.93,32.0805,31.81,5.3006,3.335,3.101,,,55000.0,10000.0,10000.0,1893650.0,344300.0,39.04,31.94,1.0
002920,德赛西威,汽车配件,广东,20171226,002920.SZ,20180208,34.57,36.9,34.29,35.49,34.69,0.8,2.31,85583.43,305538.238,8.5583,8.5583,1.05,33.0682,32.7894,5.4638,3.4377,3.1965,,,55000.0,10000.0,10000.0,1951950.0,354900.0,38.16,31.22,1.0
002920,德赛西威,汽车配件,广东,20171226,002920.SZ,20180207,33.5,35.86,32.52,34.69,32.61,2.08,6.38,102350.23,348568.811,10.235,10.235,1.27,32.3228,32.0503,5.3406,3.3602,3.1244,,,55000.0,10000.0,10000.0,1907950.0,346900.0,35.87,29.35,1.0
002920,德赛西威,汽车配件,广东,20171226,002920.SZ,20180206,32.11,33.92,32.02,32.61,33.33,-0.72,-2.16,77134.46,254781.764,7.7134,7.7134,1.01,30.3847,30.1285,5.0204,3.1588,2.9371,,,55000.0,10000.0,10000.0,1793550.0,326100.0,36.66,30.0,1.0
002920,德赛西威,汽车配件,广东,20171226,002920.SZ,20180205,33.08,34.71,33.03,33.33,33.93,-0.6,-1.77,49659.52,168700.32,4.966,4.966,0.62,31.0556,30.7937,5.1313,3.2285,3.0019,,,55000.0,10000.0,10000.0,1833150.0,333300.0,37.32,30.54,1.0
002920,德赛西威,汽车配件,广东,20171226,002920.SZ,20180202,33.42,34.18,32.0,33.93,33.59,0.34,1.01,75910.48,254146.094,7.591,7.591,0.88,31.6146,31.3481,5.2236,3.2866,3.056,,,55000.0,10000.0,10000.0,1866150.0,339300.0,36.95,30.23,1.0
002920,德赛西威,汽车配件,广东,20171226,002920.SZ,20180201,35.8,36.15,33.28,33.59,35.55,-1.96,-5.51,102285.18,351409.183,10.2285,10.2285,1.18,31.2978,31.034,5.1713,3.2537,3.0254,,,55000.0,10000.0,10000.0,1847450.0,335900.0,39.11,32.0,1.0
002920,德赛西威,汽车配件,广东,20171226,002920.SZ,20180131,38.0,38.0,35.48,35.55,38.33,-2.78,-7.25,97956.28,358256.831,9.7956,9.7956,1.08,33.1241,32.8448,5.473,3.4435,3.2019,,,55000.0,10000.0,10000.0,1955250.0,355500.0,42.16,34.5,1.0
002920,德赛西威,汽车配件,广东,20171226,002920.SZ,20180130,37.66,38.49,37.58,38.33,38.04,0.29,0.76,54786.35,208903.738,5.4786,5.4786,0.55,35.7144,35.4133,5.901,3.7128,3.4523,,,55000.0,10000.0,10000.0,2108150.0,383300.0,41.84,34.24,1.0
002920,德赛西威,汽车配件,广东,20171226,002920.SZ,20180129,38.68,38.99,37.62,38.04,38.9,-0.86,-2.21,69693.65,266362.007,6.9694,6.9694,0.66,35.4442,35.1453,5.8564,3.6847,3.4262,,,55000.0,10000.0,10000.0,2092200.0,380400.0,42.79,35.01,1.0
002920,德赛西威,汽车配件,广东,20171226,002920.SZ,20180126,39.51,39.74,38.32,38.9,39.82,-0.92,-2.31,107787.73,418542.08,10.7788,10.7788,1.06,36.2455,35.9399,5.9888,3.768,3.5036,,,55000.0,10000.0,10000.0,2139500.0,389000.0,43.8,35.84,1.0
002920,德赛西威,汽车配件,广东,20171226,002920.SZ,20180125,40.2,40.8,39.6,39.82,40.07,-0.25,-0.62,102524.73,412524.895,10.2525,10.2525,1.04,37.1027,36.7899,6.1304,3.8571,3.5865,,,55000.0,10000.0,10000.0,2190100.0,398200.0,44.08,36.06,1.0
002920,德赛西威,汽车配件,广东,20171226,002920.SZ,20180124,39.3,40.88,39.0,40.07,39.49,0.58,1.47,117199.14,470900.443,11.7199,11.7199,1.18,37.3356,37.0209,6.1689,3.8814,3.609,,,55000.0,10000.0,10000.0,2203850.0,400700.0,43.44,35.54,1.0
002920,德赛西威,汽车配件,广东,20171226,002920.SZ,20180123,38.3,39.88,38.3,39.49,38.26,1.23,3.21,103528.84,407670.591,10.3529,10.3529,1.02,36.7952,36.485,6.0796,3.8252,3.5568,,,55000.0,10000.0,10000.0,2171950.0,394900.0,42.09,34.43,1.0
002920,德赛西威,汽车配件,广东,20171226,002920.SZ,20180122,39.65,39.65,37.5,38.26,39.26,-1.0,-2.55,94446.0,363716.201,9.4446,9.4446,0.8,35.6491,35.3486,5.8902,3.706,3.446,,,55000.0,10000.0,10000.0,2104300.0,382600.0,43.19,35.33,1.0
002920,德赛西威,汽车配件,广东,20171226,002920.SZ,20180119,39.01,39.97,38.9,39.26,39.0,0.26,0.67,88389.98,348178.131,8.839,8.839,0.65,36.5809,36.2725,6.0442,3.8029,3.536,,,55000.0,10000.0,10000.0,2159300.0,392600.0,42.9,35.1,1.0
002920,德赛西威,汽车配件,广东,20171226,002920.SZ,20180118,39.59,39.97,39.0,39.0,39.96,-0.96,-2.4,90971.12,358078.842,9.0971,9.0971,0.57,36.3386,36.0323,6.0042,3.7777,3.5126,,,55000.0,10000.0,10000.0,2145000.0,390000.0,43.96,35.96,1.0
002920,德赛西威,汽车配件,广东,20171226,002920.SZ,20180117,39.17,40.47,38.68,39.96,39.46,0.5,1.27,118725.04,470895.022,11.8725,11.8725,0.63,37.2331,36.9192,6.152,3.8707,3.5991,,,55000.0,10000.0,10000.0,2197800.0,399600.0,43.41,35.51,1.0
002920,德赛西威,汽车配件,广东,20171226,002920.SZ,20180116,38.91,40.2,38.9,39.46,39.18,0.28,0.71,113379.9,450260.813,11.338,11.338,0.47,36.7673,36.4573,6.075,3.8223,3.5541,,,55000.0,10000.0,10000.0,2170300.0,394600.0,43.1,35.26,1.0
002920,德赛西威,汽车配件,广东,20171226,002920.SZ,20180115,41.0,41.0,38.51,39.18,41.71,-2.53,-6.07,179853.34,713946.683,17.9853,17.9853,0.63,36.5064,36.1986,6.0319,3.7952,3.5288,,,55000.0,10000.0,10000.0,2154900.0,391800.0,45.88,37.54,1.0
002920,德赛西威,汽车配件,广东,20171226,002920.SZ,20180112,42.95,43.75,41.64,41.71,43.76,-2.05,-4.68,176277.67,747991.387,17.6278,17.6278,0.56,38.8637,38.5361,6.4214,4.0402,3.7567,,,55000.0,10000.0,10000.0,2294050.0,417100.0,48.14,39.38,1.0
002920,德赛西威,汽车配件,广东,20171226,002920.SZ,20180111,42.71,44.8,41.51,43.76,43.21,0.55,1.27,209581.94,914654.991,20.9582,20.9582,0.58,40.7738,40.4301,6.737,4.2388,3.9413,,,55000.0,10000.0,10000.0,2406800.0,437600.0,47.53,38.89,1.0
002920,德赛西威,汽车配件,广东,20171226,002920.SZ,20180110,43.68,44.63,42.28,43.21,45.14,-1.93,-4.28,259853.86,1127222.493,25.9854,25.9854,0.63,40.2614,39.9219,6.6523,4.1855,3.8918,,,55000.0,10000.0,10000.0,2376550.0,432100.0,49.65,40.63,1.0
002920,德赛西威,汽车配件,广东,20171226,002920.SZ,20180109,48.0,48.75,44.33,45.14,47.99,-2.85,-5.94,391377.66,1804919.012,39.1378,39.1378,1.15,42.0596,41.7051,6.9494,4.3725,4.0656,,,55000.0,10000.0,10000.0,2482700.0,451400.0,52.79,43.19,1.0
002920,德赛西威,汽车配件,广东,20171226,002920.SZ,20180108,47.89,47.99,46.38,47.99,43.63,4.36,9.99,392155.31,1866861.55,39.2155,39.2155,1.5,44.7152,44.3382,7.3882,4.6485,4.3223,,,55000.0,10000.0,10000.0,2639450.0,479900.0,47.99,39.27,1.0
002920,德赛西威,汽车配件,广东,20171226,002920.SZ,20180105,46.12,47.5,43.5,43.63,46.16,-2.53,-5.48,332764.78,1497286.565,33.2765,33.2765,1.7,40.6527,40.31,6.717,4.2262,3.9296,,,55000.0,10000.0,10000.0,2399650.0,436300.0,50.78,41.54,1.0
002920,德赛西威,汽车配件,广东,20171226,002920.SZ,20180104,43.39,48.0,43.15,46.16,44.56,1.6,3.59,423058.81,1933484.554,42.3059,42.3059,3.81,43.01,42.6474,7.1065,4.4713,4.1575,,,55000.0,10000.0,10000.0,2538800.0,461600.0,49.02,40.1,1.0
002920,德赛西威,汽车配件,广东,20171226,002920.SZ,20180103,45.0,47.0,42.02,44.56,43.04,1.52,3.53,526376.92,2333228.464,52.6377,52.6377,88.29,41.5192,41.1692,6.8602,4.3163,4.0134,,,55000.0,10000.0,10000.0,2450800.0,445600.0,47.34,38.74,1.0
002920,德赛西威,汽车配件,广东,20171226,002920.SZ,20180102,43.04,43.04,43.04,43.04,39.13,3.91,9.99,27117.87,116715.312,2.7118,2.7118,,40.103,39.7649,6.6261,4.169,3.8765,,,55000.0,10000.0,10000.0,2367200.0,430400.0,43.04,35.22,1.0
002920,德赛西威,汽车配件,广东,20171226,002920.SZ,20171229,39.13,39.13,39.13,39.13,35.57,3.56,10.01,1504.58,5887.421,0.1505,0.1505,,36.4598,36.1524,6.0242,3.7903,3.5243,,,55000.0,10000.0,10000.0,2152150.0,391300.0,39.13,32.01,1.0
002920,德赛西威,汽车配件,广东,20171226,002920.SZ,20171228,35.57,35.57,35.57,35.57,32.34,3.23,9.99,336.7,1197.641,0.0337,0.0337,,33.1427,32.8633,5.4761,3.4455,3.2037,,,55000.0,10000.0,10000.0,1956350.0,355700.0,35.57,29.11,1.0
002920,德赛西威,汽车配件,广东,20171226,002920.SZ,20171227,32.34,32.34,32.34,32.34,29.4,2.94,10.0,253.0,818.202,0.0253,0.0253,,30.1331,29.8791,4.9788,3.1326,2.9128,,,55000.0,10000.0,10000.0,1778700.0,323400.0,32.34,26.46,1.0
002920,德赛西威,汽车配件,广东,20171226,002920.SZ,20171226,24.5,29.4,24.5,29.4,20.42,8.98,43.98,597.15,1752.288,0.0597,0.0597,,27.3937,27.1628,4.5262,2.8478,2.648,,,55000.0,10000.0,10000.0,1617000.0,294000.0,,,1.0
