code,name,industry,region,list_date,ts_code,trade_date,open,high,low,close,pre_close,change,pct_change,volume,amount,turnover_rate,turnover_rate_free,volume_ratio,pe,pe_ttm,pb,ps,ps_ttm,dividend_yield,dividend_yield_ttm,total_share,float_share,free_share,total_mv,circ_mv,limit_up,limit_down,adj_factor
301468,博盈特焊,专用机械,广东,20230724,301468.SZ,20250908,25.15,25.74,25.07,25.47,25.2,0.27,1.0714,17528.9,44576.063,2.2798,2.8069,1.3,48.4299,80.1135,1.4744,7.3038,7.4453,1.9631,1.0062,13200.0,7688.8729,6244.8586,336204.0,195835.5928,30.24,20.16,1.0338
301468,博盈特焊,专用机械,广东,20230724,301468.SZ,20250905,24.7,25.26,24.7,25.2,24.75,0.45,1.8182,10834.01,27189.928,1.4091,1.7349,0.71,47.9165,79.2642,1.4587,7.2264,7.3664,1.9841,1.017,13200.0,7688.8729,6244.8586,332640.0,193759.5971,29.7,19.8,1.0338
301468,博盈特焊,专用机械,广东,20230724,301468.SZ,20250904,24.92,25.2,24.51,24.75,24.67,0.08,0.3243,13159.03,32826.24,1.7114,2.1072,0.73,47.0609,77.8488,1.4327,7.0974,7.2348,2.0202,1.0355,13200.0,7688.8729,6244.8586,326700.0,190299.6043,29.6,19.74,1.0338
301468,博盈特焊,专用机械,广东,20230724,301468.SZ,20250903,25.1,25.3,24.6,24.67,25.08,-0.41,-1.6348,11917.0,29685.61,1.5499,1.9083,0.54,46.9088,77.5971,1.4281,7.0744,7.2115,2.0268,1.0389,13200.0,7688.8729,6244.8586,325644.0,189684.4944,30.1,20.06,1.0338
301468,博盈特焊,专用机械,广东,20230724,301468.SZ,20250902,25.26,25.39,24.69,25.08,25.28,-0.2,-0.7911,17085.48,42692.698,2.2221,2.7359,0.68,47.6883,78.8868,1.4518,7.192,7.3313,1.9936,1.0219,13200.0,7688.8729,6244.8586,331056.0,192836.9323,30.34,20.22,1.0338
301468,博盈特焊,专用机械,广东,20230724,301468.SZ,20250901,25.3,25.55,25.14,25.28,25.1,0.18,0.7171,14244.52,36094.788,1.8526,2.281,0.54,48.0686,79.5158,1.4634,7.2494,7.3898,1.9778,1.0138,13200.0,7688.8729,6244.8586,333696.0,194374.7069,30.12,20.08,1.0338
301468,博盈特焊,专用机械,广东,20230724,301468.SZ,20250829,25.5,25.73,25.1,25.1,25.62,-0.52,-2.0297,20304.7,51397.278,2.6408,3.2514,0.78,47.7264,78.9497,1.4529,7.1977,7.3372,1.992,1.0211,13200.0,7688.8729,6244.8586,331320.0,192990.7098,30.74,20.5,1.0338
301468,博盈特焊,专用机械,广东,20230724,301468.SZ,20250828,25.9,26.17,24.8,25.62,25.74,-0.12,-0.4662,26716.57,68031.928,3.4747,4.2782,1.1,48.7151,80.5853,1.483,7.3469,7.4892,1.9516,1.0003,13200.0,7688.8729,6244.8586,338184.0,196988.9237,30.89,20.59,1.0338
301468,博盈特焊,专用机械,广东,20230724,301468.SZ,20250827,26.52,26.76,25.73,25.74,26.65,-0.91,-3.4146,32043.6,84257.511,4.1675,5.1312,1.49,48.9433,61.8069,1.4775,7.3813,7.676,1.9425,0.9957,13200.0,7688.8729,6244.8586,339768.0,197911.5884,31.98,21.32,1.0338
301468,博盈特焊,专用机械,广东,20230724,301468.SZ,20250826,26.51,27.08,26.51,26.65,26.58,0.07,0.2634,32688.22,87510.662,4.2514,5.2344,1.66,50.6736,63.992,1.5298,7.6422,7.9474,1.8762,0.9617,13200.0,7688.8729,6244.8586,351780.0,204908.4628,31.9,21.26,1.0338
301468,博盈特焊,专用机械,广东,20230724,301468.SZ,20250825,26.75,26.89,26.52,26.58,26.64,-0.06,-0.2252,19722.27,52633.921,2.565,3.1582,0.85,50.5405,63.8239,1.5258,7.6222,7.9265,1.8811,0.9642,13200.0,7688.8729,6244.8586,350856.0,204370.2417,31.97,21.31,1.0338
301468,博盈特焊,专用机械,广东,20230724,301468.SZ,20250822,26.75,26.97,26.48,26.64,26.84,-0.2,-0.7452,18917.05,50400.312,2.4603,3.0292,0.83,50.6546,63.968,1.5292,7.6394,7.9444,1.8769,0.962,13200.0,7688.8729,6244.8586,351648.0,204831.5741,32.21,21.47,1.0338
301468,博盈特焊,专用机械,广东,20230724,301468.SZ,20250821,26.78,27.09,26.73,26.84,26.93,-0.09,-0.3342,18377.29,49405.199,2.3901,2.9428,0.73,51.0349,64.4482,1.5407,7.6967,8.0041,1.8629,0.9549,13200.0,7688.8729,6244.8586,354288.0,206369.3486,32.32,21.54,1.0338
301468,博盈特焊,专用机械,广东,20230724,301468.SZ,20250820,26.6,26.93,26.6,26.93,26.76,0.17,0.6353,17529.46,46976.541,2.2798,2.807,0.65,51.206,64.6643,1.5459,7.7225,8.0309,1.8567,0.9517,13200.0,7688.8729,6244.8586,355476.0,207061.3472,32.11,21.41,1.0338
301468,博盈特焊,专用机械,广东,20230724,301468.SZ,20250819,26.65,26.89,26.4,26.76,26.67,0.09,0.3375,23780.67,63570.603,3.0929,3.808,0.82,50.8828,64.2561,1.5361,7.6738,7.9802,1.8685,0.9577,13200.0,7688.8729,6244.8586,353232.0,205754.2388,32.0,21.34,1.0338
301468,博盈特焊,专用机械,广东,20230724,301468.SZ,20250818,26.07,27.12,26.07,26.67,25.97,0.7,2.6954,37729.27,100605.259,4.907,6.0417,1.41,50.7117,64.04,1.5309,7.648,7.9534,1.8748,0.9609,13200.0,7688.8729,6244.8586,352044.0,205062.2402,31.16,20.78,1.0338
301468,博盈特焊,专用机械,广东,20230724,301468.SZ,20250815,25.73,26.19,25.64,25.97,25.73,0.24,0.9328,16276.76,42215.658,2.1169,2.6064,0.58,49.3806,62.3592,1.4907,7.4472,7.7446,1.9253,0.9868,13200.0,7688.8729,6244.8586,342804.0,199680.0292,30.88,20.58,1.0338
301468,博盈特焊,专用机械,广东,20230724,301468.SZ,20250814,26.34,26.74,25.73,25.73,26.34,-0.61,-2.3159,30588.51,79805.409,3.9783,4.8982,1.0,48.9243,61.7829,1.477,7.3784,7.673,1.9433,0.9961,13200.0,7688.8729,6244.8586,339636.0,197834.6997,31.61,21.07,1.0338
301468,博盈特焊,专用机械,广东,20230724,301468.SZ,20250813,27.0,27.0,26.29,26.34,26.85,-0.51,-1.8994,27469.0,72737.632,3.5726,4.3987,0.79,50.0842,63.2476,1.512,7.5533,7.8549,1.8983,0.973,13200.0,7688.8729,6244.8586,347688.0,202524.9122,32.22,21.48,1.0338
301468,博盈特焊,专用机械,广东,20230724,301468.SZ,20250812,26.56,27.38,26.42,26.85,26.67,0.18,0.6749,32348.0,86745.637,4.2071,5.1799,0.79,51.0539,64.4722,1.5413,7.6996,8.007,1.8622,0.9545,13200.0,7688.8729,6244.8586,354420.0,206446.2374,32.0,21.34,1.0338
301468,博盈特焊,专用机械,广东,20230724,301468.SZ,20250811,26.62,26.88,26.34,26.67,26.41,0.26,0.9845,26888.0,71554.318,3.497,4.3056,0.56,50.7117,64.04,1.5309,7.648,7.9534,1.8748,0.9609,13200.0,7688.8729,6244.8586,352044.0,205062.2402,31.69,21.13,1.0338
301468,博盈特焊,专用机械,广东,20230724,301468.SZ,20250808,26.72,26.72,26.24,26.41,26.62,-0.21,-0.7889,23481.9,62009.837,3.054,3.7602,0.4,50.2173,63.4157,1.516,7.5734,7.8758,1.8932,0.9704,13200.0,7688.8729,6244.8586,348612.0,203063.1333,31.94,21.3,1.0338
301468,博盈特焊,专用机械,广东,20230724,301468.SZ,20250807,27.06,27.09,26.45,26.62,27.17,-0.55,-2.0243,42005.23,112090.101,5.4631,6.7264,0.74,50.6166,63.92,1.5281,7.6336,7.9384,1.8783,0.9628,13200.0,7688.8729,6244.8586,351384.0,204677.7966,32.6,21.74,1.0338
301468,博盈特焊,专用机械,广东,20230724,301468.SZ,20250806,27.4,27.59,26.87,27.17,27.54,-0.37,-1.3435,48460.04,131462.957,6.3026,7.76,0.9,51.6624,65.2406,1.5596,7.7913,8.1025,1.8403,0.9433,13200.0,7688.8729,6244.8586,358644.0,208906.6767,33.05,22.03,1.0338
301468,博盈特焊,专用机械,广东,20230724,301468.SZ,20250805,27.0,27.96,26.59,27.54,27.07,0.47,1.7362,64253.05,175672.516,8.3566,10.289,1.36,52.3659,66.1291,1.5809,7.8974,8.2128,1.8155,0.9306,13200.0,7688.8729,6244.8586,363528.0,211751.5597,32.48,21.66,1.0338
301468,博盈特焊,专用机械,广东,20230724,301468.SZ,20250804,26.4,27.48,26.0,27.07,26.4,0.67,2.5379,60141.44,162348.541,7.8219,9.6306,1.36,51.4722,65.0005,1.5539,7.7627,8.0726,1.8471,0.9467,13200.0,7688.8729,6244.8586,357324.0,208137.7894,31.68,21.12,1.0338
301468,博盈特焊,专用机械,广东,20230724,301468.SZ,20250801,25.1,27.0,25.03,26.4,25.05,1.35,5.3892,75990.72,199278.537,9.8832,12.1685,1.78,50.1983,63.3917,1.5154,7.5705,7.8728,1.8939,0.9708,13200.0,7688.8729,6244.8586,348480.0,202986.2446,30.06,20.04,1.0338
301468,博盈特焊,专用机械,广东,20230724,301468.SZ,20250731,25.69,26.25,24.97,25.05,25.8,-0.75,-2.907,33893.42,86306.658,4.4081,5.4274,0.7,47.6313,60.1501,1.4379,7.1834,7.4702,1.996,1.0231,13200.0,7688.8729,6244.8586,330660.0,192606.2661,30.96,20.64,1.0338
301468,博盈特焊,专用机械,广东,20230724,301468.SZ,20250730,25.8,26.19,25.3,25.8,25.62,0.18,0.7026,35816.22,92201.51,4.6582,5.7353,0.54,49.0574,61.951,1.481,7.3985,7.6939,1.938,0.9934,13200.0,7688.8729,6244.8586,340560.0,198372.9208,30.74,20.5,1.0338
301468,博盈特焊,专用机械,广东,20230724,301468.SZ,20250729,26.08,26.15,25.34,25.62,25.88,-0.26,-1.0046,31045.9,79345.07,4.0378,4.9714,0.34,48.7151,61.5188,1.4707,7.3469,7.6402,1.9516,1.0003,13200.0,7688.8729,6244.8586,338184.0,196988.9237,31.06,20.7,1.0338
301468,博盈特焊,专用机械,广东,20230724,301468.SZ,20250728,26.1,26.22,25.5,25.88,26.05,-0.17,-0.6526,44133.47,114025.05,5.7399,7.0672,0.5,49.2095,62.1431,1.4856,7.4214,7.7178,1.932,0.9903,13200.0,7688.8729,6244.8586,341616.0,198988.0307,31.26,20.84,1.0338
301468,博盈特焊,专用机械,广东,20230724,301468.SZ,20250725,25.65,26.49,25.18,26.05,25.56,0.49,1.9171,68641.31,176742.821,8.9274,10.9917,0.89,49.5328,62.5513,1.4953,7.4702,7.7685,1.9194,0.9838,13200.0,7688.8729,6244.8586,343860.0,200295.139,30.67,20.45,1.0338
301468,博盈特焊,专用机械,广东,20230724,301468.SZ,20250724,25.3,25.97,25.3,25.56,25.96,-0.4,-1.5408,62341.69,159344.084,8.108,9.9829,0.94,48.601,61.3747,1.4672,7.3297,7.6223,1.9562,1.0027,13200.0,7688.8729,6244.8586,337392.0,196527.5913,31.15,20.77,1.0338
301468,博盈特焊,专用机械,广东,20230724,301468.SZ,20250723,28.39,28.8,25.78,25.96,27.3,-1.34,-4.9084,122960.2,330156.437,15.992,19.6898,2.81,49.3616,62.3352,1.4902,7.4444,7.7416,1.926,0.9872,13200.0,7688.8729,6244.8586,342672.0,199603.1405,32.76,21.84,1.0338
301468,博盈特焊,专用机械,广东,20230724,301468.SZ,20250722,24.3,28.78,24.22,27.3,24.27,3.03,12.4845,164203.86,442715.278,21.356,27.3929,11.83,51.9096,65.5528,1.5671,7.8286,8.1412,1.8315,0.9388,13200.0,7688.8729,5994.3986,360360.0,209906.2302,29.12,19.42,1.0338
301468,博盈特焊,专用机械,广东,20230724,301468.SZ,20250721,23.8,24.28,23.8,24.27,23.85,0.42,1.761,24076.78,58031.478,3.1314,4.0165,2.02,46.1482,58.2771,1.3932,6.9597,7.2376,2.0602,1.056,13200.0,7688.8729,5994.3986,320364.0,186608.9453,28.62,19.08,1.0338
301468,博盈特焊,专用机械,广东,20230724,301468.SZ,20250718,23.78,23.86,23.6,23.85,23.76,0.09,0.3788,11027.62,26170.134,1.4342,1.8759,0.8,45.3496,57.2686,1.3691,6.8393,7.1124,2.0964,1.0746,13200.0,7688.8729,5878.5002,314820.0,183379.6187,28.51,19.01,1.0338
301468,博盈特焊,专用机械,广东,20230724,301468.SZ,20250717,23.87,23.88,23.65,23.76,23.79,-0.03,-0.1261,9220.62,21918.752,1.1992,1.5685,0.65,45.1784,57.0525,1.3639,6.8135,7.0856,2.1044,1.0786,13200.0,7688.8729,5878.5002,313632.0,182687.6201,28.55,19.03,1.0338
301468,博盈特焊,专用机械,广东,20230724,301468.SZ,20250716,23.71,23.87,23.5,23.79,23.63,0.16,0.6771,10460.28,24847.087,1.3604,1.7794,0.69,45.2355,57.1246,1.3656,6.8221,7.0945,2.1017,1.0773,13200.0,7688.8729,5878.5002,314028.0,182918.2863,28.36,18.9,1.0338
301468,博盈特焊,专用机械,广东,20230724,301468.SZ,20250715,23.97,24.02,23.46,23.63,23.94,-0.31,-1.2949,14594.97,34532.539,1.8982,2.4828,0.95,44.9312,56.7404,1.3564,6.7762,7.0468,2.116,1.0846,13200.0,7688.8729,5878.5002,311916.0,181688.0666,28.73,19.15,1.0338
301468,博盈特焊,专用机械,广东,20230724,301468.SZ,20250714,23.72,24.05,23.7,23.94,23.75,0.19,0.8,14216.79,33942.076,1.849,2.4184,0.91,45.5207,57.4847,1.3742,6.8651,7.1392,2.0886,1.0705,13200.0,7688.8729,5878.5002,316008.0,184071.6172,28.5,19.0,1.0338
301468,博盈特焊,专用机械,广东,20230724,301468.SZ,20250711,23.6,24.0,23.42,23.75,23.59,0.16,0.6783,20178.28,47933.363,2.6243,3.4326,1.17,45.1594,57.0285,1.3633,6.8106,7.0826,2.1053,1.0791,13200.0,7688.8729,5878.5002,313500.0,182610.7314,28.31,18.87,1.0338
301468,博盈特焊,专用机械,广东,20230724,301468.SZ,20250710,23.51,23.72,23.48,23.59,23.64,-0.05,-0.2115,11455.0,27000.212,1.4898,1.9486,0.53,44.8552,56.6443,1.3541,6.7647,7.0349,2.1195,1.0864,13200.0,7688.8729,5878.5002,311388.0,181380.5117,28.37,18.91,1.0338
301468,博盈特焊,专用机械,广东,20230724,301468.SZ,20250709,23.83,23.95,23.57,23.64,23.83,-0.19,-0.7973,15346.16,36468.905,1.9959,2.6106,0.48,44.9503,56.7644,1.357,6.7791,7.0498,2.1151,1.0841,13200.0,7688.8729,5878.5002,312048.0,181764.9554,28.6,19.06,1.0338
301468,博盈特焊,专用机械,广东,20230724,301468.SZ,20250708,23.82,23.98,23.65,23.83,23.81,0.02,0.084,15559.0,37004.852,2.0236,2.6468,0.49,45.3115,57.2206,1.3679,6.8336,7.1064,2.0982,1.0755,13200.0,7688.8729,5878.5002,314556.0,183225.8412,28.57,19.05,1.0338
301468,博盈特焊,专用机械,广东,20230724,301468.SZ,20250707,23.4,23.9,23.32,23.81,23.52,0.29,1.233,15663.09,37119.521,2.0371,2.6645,0.47,45.2735,57.1726,1.3668,6.8278,7.1005,2.1,1.0764,13200.0,7688.8729,5878.5002,314292.0,183072.0637,28.22,18.82,1.0338
301468,博盈特焊,专用机械,广东,20230724,301468.SZ,20250704,23.96,24.07,23.5,23.52,23.96,-0.44,-1.8364,28146.2,66899.664,3.6606,4.788,0.91,44.7221,56.4762,1.3501,6.7447,7.014,2.1259,1.0896,13200.0,7688.8729,5878.5002,310464.0,180842.2906,28.75,19.17,1.0338
301468,博盈特焊,专用机械,广东,20230724,301468.SZ,20250703,24.28,24.3,23.78,23.96,24.28,-0.32,-1.318,33526.83,80148.604,4.3604,5.7033,1.26,45.5587,57.5328,1.3754,6.8708,7.1452,2.0868,1.0696,13200.0,7688.8729,5878.5002,316272.0,184225.3947,29.14,19.42,1.0338
301468,博盈特焊,专用机械,广东,20230724,301468.SZ,20250702,23.4,24.86,23.25,24.28,23.25,1.03,4.4301,66085.33,159754.177,8.5949,11.2419,4.17,46.1672,58.3011,1.3937,6.9626,7.2406,2.0593,1.0555,13200.0,7688.8729,5878.5002,320496.0,186685.834,27.9,18.6,1.0338
301468,博盈特焊,专用机械,广东,20230724,301468.SZ,20250701,23.49,23.53,23.08,23.25,23.49,-0.24,-1.0217,15600.0,36299.317,2.0289,2.6537,0.97,44.2087,55.8279,1.3346,6.6672,6.9335,2.1505,1.1023,13200.0,7688.8729,5878.5002,306900.0,178766.2949,28.19,18.79,1.0338
301468,博盈特焊,专用机械,广东,20230724,301468.SZ,20250630,23.1,23.57,22.96,23.49,22.98,0.51,2.2193,24559.6,57320.79,3.1942,4.1779,1.84,44.665,56.4042,1.3484,6.7361,7.005,2.1286,1.091,13200.0,7688.8729,5878.5002,310068.0,180611.6244,27.58,18.38,1.0338
301468,博盈特焊,专用机械,广东,20230724,301468.SZ,20250627,22.8,23.0,22.73,22.98,22.78,0.2,0.878,14172.0,32474.497,1.8432,2.4108,1.14,43.6953,55.1796,1.3191,6.5898,6.8529,2.1758,1.1153,13200.0,7688.8729,5878.5002,303336.0,176690.2992,27.34,18.22,1.0338
301468,博盈特焊,专用机械,广东,20230724,301468.SZ,20250626,22.75,22.98,22.65,22.78,22.77,0.01,0.0439,12828.57,29295.403,1.6685,2.1823,1.0,43.315,54.6993,1.3076,6.5325,6.7933,2.1949,1.125,13200.0,7688.8729,5878.5002,300696.0,175152.5247,27.32,18.22,1.0338
301468,博盈特焊,专用机械,广东,20230724,301468.SZ,20250625,22.74,22.81,22.57,22.77,22.74,0.03,0.1319,12035.0,27317.213,1.5652,2.0473,0.93,43.296,54.6753,1.3071,6.5296,6.7903,2.1959,1.1255,13200.0,7688.8729,5878.5002,300564.0,175075.6359,27.29,18.19,1.0338
301468,博盈特焊,专用机械,广东,20230724,301468.SZ,20250624,22.32,22.75,22.23,22.74,22.23,0.51,2.2942,16760.97,37842.923,2.1799,2.8512,1.41,43.239,54.6033,1.3053,6.521,6.7814,2.1988,1.127,13200.0,7688.8729,5878.5002,300168.0,174844.9697,26.68,17.78,1.0338
301468,博盈特焊,专用机械,广东,20230724,301468.SZ,20250623,22.04,22.54,21.95,22.49,22.23,0.26,1.1696,10784.0,24055.288,1.4025,1.8345,0.89,42.7636,54.003,1.2723,6.4493,6.7068,2.2232,2.2232,13200.0,7688.8729,5878.5002,296868.0,172922.7515,26.68,17.78,1.0218
301468,博盈特焊,专用机械,广东,20230724,301468.SZ,20250620,22.16,22.52,22.16,22.23,22.16,0.07,0.3159,9995.98,22322.33,1.3001,1.7004,0.74,42.2692,53.3787,1.2576,6.3747,6.6293,2.2492,2.2492,13200.0,7688.8729,5878.5002,293436.0,170923.6446,26.59,17.73,1.0218
301468,博盈特焊,专用机械,广东,20230724,301468.SZ,20250619,22.6,22.62,22.11,22.16,22.68,-0.52,-2.2928,14807.0,33045.826,1.9258,2.5188,1.13,42.1361,53.2106,1.2536,6.3547,6.6084,2.2563,2.2563,13200.0,7688.8729,5878.5002,292512.0,170385.4235,27.22,18.14,1.0218
301468,博盈特焊,专用机械,广东,20230724,301468.SZ,20250618,22.58,22.79,22.39,22.68,22.61,0.07,0.3096,12234.0,27650.859,1.5911,2.1264,0.84,43.1249,54.4592,1.283,6.5038,6.7635,2.2046,2.2046,13200.0,7688.8729,5753.5002,299376.0,174383.6374,27.13,18.09,1.0218
301468,博盈特焊,专用机械,广东,20230724,301468.SZ,20250617,22.71,22.8,22.45,22.61,22.71,-0.1,-0.4403,11564.27,26147.73,1.504,2.01,0.64,42.9918,54.2911,1.2791,6.4837,6.7426,2.2114,2.2114,13200.0,7688.8729,5753.5002,298452.0,173845.4163,27.25,18.17,1.0218
301468,博盈特焊,专用机械,广东,20230724,301468.SZ,20250616,22.2,22.74,22.08,22.71,22.35,0.36,1.6107,11999.0,27033.123,1.5606,2.0855,0.59,43.1819,54.5313,1.2847,6.5124,6.7724,2.2017,2.2017,13200.0,7688.8729,5753.5002,299772.0,174614.3036,26.82,17.88,1.0218
301468,博盈特焊,专用机械,广东,20230724,301468.SZ,20250613,22.72,22.87,22.31,22.35,22.88,-0.53,-2.3164,16613.67,37416.379,2.1607,2.8876,0.85,42.4974,53.6668,1.2643,6.4091,6.6651,2.2371,2.2371,13200.0,7688.8729,5753.5002,295020.0,171846.3093,27.46,18.3,1.0218
301468,博盈特焊,专用机械,广东,20230724,301468.SZ,20250612,22.76,22.91,22.66,22.88,22.86,0.02,0.0875,13213.0,30117.347,1.7185,2.2965,0.63,43.5052,54.9395,1.2943,6.5611,6.8231,2.1853,2.1853,13200.0,7688.8729,5753.5002,302016.0,175921.412,27.43,18.29,1.0218
301468,博盈特焊,专用机械,广东,20230724,301468.SZ,20250611,22.99,23.1,22.8,22.86,23.04,-0.18,-0.7813,19449.0,44609.073,2.5295,3.3804,0.87,43.4671,54.8914,1.2932,6.5554,6.8172,2.1872,2.1872,13200.0,7688.8729,5753.5002,301752.0,175767.6345,27.65,18.43,1.0218
301468,博盈特焊,专用机械,广东,20230724,301468.SZ,20250610,22.96,23.49,22.86,23.04,23.05,-0.01,-0.0434,29301.72,67810.024,3.8109,5.0929,1.31,43.8094,55.3237,1.3034,6.607,6.8708,2.1701,2.1701,13200.0,7688.8729,5753.5002,304128.0,177151.6316,27.66,18.44,1.0218
301468,博盈特焊,专用机械,广东,20230724,301468.SZ,20250609,22.65,23.07,22.55,23.05,22.62,0.43,1.901,22550.61,51587.065,2.9329,3.9195,0.78,43.8284,55.3477,1.3039,6.6099,6.8738,2.1692,2.1692,13200.0,7688.8729,5753.5002,304260.0,177228.5203,27.14,18.1,1.0218
301468,博盈特焊,专用机械,广东,20230724,301468.SZ,20250606,22.57,22.74,22.43,22.62,22.67,-0.05,-0.2206,12952.64,29226.572,1.6846,2.2513,0.31,43.0108,54.3152,1.2796,6.4866,6.7456,2.2104,2.2104,13200.0,7688.8729,5753.5002,298584.0,173922.305,27.2,18.14,1.0218
301468,博盈特焊,专用机械,广东,20230724,301468.SZ,20250605,22.79,22.84,22.55,22.67,22.81,-0.14,-0.6138,20750.28,47037.124,2.6987,3.6065,0.42,43.1059,54.4352,1.2825,6.5009,6.7605,2.2056,2.2056,13200.0,7688.8729,5753.5002,299244.0,174306.7486,27.37,18.25,1.0218
301468,博盈特焊,专用机械,广东,20230724,301468.SZ,20250604,23.08,23.21,22.72,22.81,23.06,-0.25,-1.0841,26304.38,60085.838,3.4211,4.5719,0.43,43.3721,54.7714,1.2904,6.5411,6.8022,2.192,2.192,13200.0,7688.8729,5753.5002,301092.0,175383.1908,27.67,18.45,1.0218
301468,博盈特焊,专用机械,广东,20230724,301468.SZ,20250603,22.99,23.12,22.68,23.06,23.14,-0.08,-0.3457,29124.18,66788.789,3.7878,5.062,0.43,43.8474,55.3717,1.3045,6.6128,6.8768,2.1683,2.1683,13200.0,7688.8729,5753.5002,304392.0,177305.4091,27.77,18.51,1.0218
301468,博盈特焊,专用机械,广东,20230724,301468.SZ,20250530,24.05,24.37,23.1,23.14,24.49,-1.35,-5.5125,54860.4,128659.09,7.135,9.7792,0.83,43.9995,55.5638,1.309,6.6357,6.9007,2.1608,2.1608,13200.0,7688.8729,5609.9146,305448.0,177920.5189,29.39,19.59,1.0218
301468,博盈特焊,专用机械,广东,20230724,301468.SZ,20250529,23.4,25.88,23.23,24.49,23.71,0.78,3.2898,80448.98,197512.664,10.463,14.3405,1.54,46.5665,58.8054,1.3854,7.0228,7.3032,2.0416,2.0416,13200.0,7688.8729,5609.9146,323268.0,188300.4973,28.45,18.97,1.0218
301468,博盈特焊,专用机械,广东,20230724,301468.SZ,20250528,24.01,24.56,23.68,23.71,24.49,-0.78,-3.185,57452.04,137953.135,7.4721,10.2412,1.35,45.0834,56.9325,1.3413,6.7991,7.0706,2.1088,2.1088,13200.0,7688.8729,5609.9146,312972.0,182303.1765,29.39,19.59,1.0218
301468,博盈特焊,专用机械,广东,20230724,301468.SZ,20250527,23.42,24.85,22.8,24.49,23.7,0.79,3.3333,82707.02,198264.242,10.7567,14.743,2.98,46.5665,58.8054,1.3854,7.0228,7.3032,2.0416,2.0416,13200.0,7688.8729,5609.9146,323268.0,188300.4973,28.44,18.96,1.0218
301468,博盈特焊,专用机械,广东,20230724,301468.SZ,20250526,22.6,24.12,22.51,23.7,22.7,1.0,4.4053,64906.62,152550.509,8.4416,11.57,4.02,45.0643,56.9084,1.3407,6.7963,7.0677,2.1097,2.1097,13200.0,7688.8729,5609.9146,312840.0,182226.2877,27.24,18.16,1.0218
301468,博盈特焊,专用机械,广东,20230724,301468.SZ,20250523,22.1,23.18,21.91,22.7,21.98,0.72,3.2757,46334.13,104795.886,6.0261,8.2593,5.44,43.1629,54.5072,1.2841,6.5095,6.7694,2.2026,2.2026,13200.0,7688.8729,5609.9146,299640.0,174537.4148,26.38,17.58,1.0218
301468,博盈特焊,专用机械,广东,20230724,301468.SZ,20250522,22.16,22.42,21.98,21.98,22.33,-0.35,-1.5674,10080.0,22349.461,1.311,1.8036,1.29,41.7939,52.7784,1.2434,6.303,6.5547,2.2748,2.2748,13200.0,7688.8729,5588.7746,290136.0,169001.4263,26.8,17.86,1.0218
301468,博盈特焊,专用机械,广东,20230724,301468.SZ,20250521,22.25,22.43,22.2,22.33,22.3,0.03,0.1345,7994.0,17820.811,1.0397,1.4304,1.03,42.4594,53.6188,1.2632,6.4034,6.6591,2.2391,2.2391,13200.0,7688.8729,5588.7746,294756.0,171692.5319,26.76,17.84,1.0218
301468,博盈特焊,专用机械,广东,20230724,301468.SZ,20250520,22.07,22.38,21.99,22.3,22.02,0.28,1.2716,9381.0,20876.088,1.2201,1.6785,1.22,42.4023,53.5468,1.2615,6.3948,6.6502,2.2422,2.2422,13200.0,7688.8729,5588.7746,294360.0,171461.8657,26.42,17.62,1.0218
301468,博盈特焊,专用机械,广东,20230724,301468.SZ,20250519,21.9,22.07,21.81,22.02,21.99,0.03,0.1364,6981.0,15342.503,0.9079,1.2491,0.9,41.8699,52.8744,1.2457,6.3145,6.5667,2.2707,2.2707,13200.0,7688.8729,5588.7746,290664.0,169308.9813,26.39,17.59,1.0218
301468,博盈特焊,专用机械,广东,20230724,301468.SZ,20250516,21.89,22.05,21.68,21.99,21.89,0.1,0.4568,8182.0,17995.009,1.0641,1.464,1.06,41.8129,52.8024,1.244,6.3059,6.5577,2.2738,2.2738,13200.0,7688.8729,5588.7746,290268.0,169078.3151,26.27,17.51,1.0218
301468,博盈特焊,专用机械,广东,20230724,301468.SZ,20250515,22.0,22.04,21.64,21.89,21.89,0.0,0.0,6624.0,14457.212,0.8615,1.1852,0.73,41.6227,52.5623,1.2383,6.2772,6.5279,2.2841,2.2841,13200.0,7688.8729,5588.7746,288948.0,168309.4278,26.27,17.51,1.0218
301468,博盈特焊,专用机械,广东,20230724,301468.SZ,20250514,21.81,22.0,21.81,21.89,21.88,0.01,0.0457,7716.0,16890.324,1.0035,1.3806,0.81,41.6227,52.5623,1.2383,6.2772,6.5279,2.2841,2.2841,13200.0,7688.8729,5588.7746,288948.0,168309.4278,26.26,17.5,1.0218
301468,博盈特焊,专用机械,广东,20230724,301468.SZ,20250513,22.19,22.23,21.81,21.88,21.9,-0.02,-0.0913,8946.27,19614.707,1.1635,1.6008,0.94,41.6037,52.5383,1.2378,6.2744,6.5249,2.2852,2.2852,13200.0,7688.8729,5588.7746,288816.0,168232.5391,26.28,17.52,1.0218
301468,博盈特焊,专用机械,广东,20230724,301468.SZ,20250512,21.69,21.99,21.69,21.9,21.69,0.21,0.9682,7293.0,15969.343,0.9485,1.3049,0.8,41.6417,52.5863,1.2389,6.2801,6.5309,2.2831,2.2831,13200.0,7688.8729,5588.7746,289080.0,168386.3165,26.03,17.35,1.0218
301468,博盈特焊,专用机械,广东,20230724,301468.SZ,20250509,21.85,21.99,21.62,21.69,21.88,-0.19,-0.8684,7846.0,17064.84,1.0204,1.4039,0.88,41.2424,52.082,1.227,6.2199,6.4683,2.3052,2.3052,13200.0,7688.8729,5588.7746,286308.0,166771.6532,26.26,17.5,1.0218
301468,博盈特焊,专用机械,广东,20230724,301468.SZ,20250508,21.4,21.92,21.32,21.88,21.41,0.47,2.1952,13876.0,30183.493,1.8047,2.4828,1.85,41.6037,52.5383,1.2378,6.2744,6.5249,2.2852,2.2852,13200.0,7688.8729,5588.7746,288816.0,168232.5391,25.69,17.13,1.0218
301468,博盈特焊,专用机械,广东,20230724,301468.SZ,20250507,21.55,21.68,21.24,21.41,21.4,0.01,0.0467,9542.22,20473.489,1.241,1.7074,1.4,40.71,51.4097,1.2112,6.1396,6.3848,2.3354,2.3354,13200.0,7688.8729,5588.7746,282612.0,164618.7688,25.68,17.12,1.0218
301468,博盈特焊,专用机械,广东,20230724,301468.SZ,20250506,21.06,21.44,21.06,21.4,21.04,0.36,1.711,9168.81,19551.802,1.1925,1.6406,1.15,40.691,51.3857,1.2106,6.1367,6.3818,2.3364,2.3364,13200.0,7688.8729,5588.7746,282480.0,164541.8801,25.25,16.83,1.0218
301468,博盈特焊,专用机械,广东,20230724,301468.SZ,20250430,21.0,21.13,20.9,21.04,20.88,0.16,0.7663,5384.13,11318.843,0.7002,0.9634,0.61,40.0065,50.5213,1.1902,6.0335,6.2744,2.3764,2.3764,13200.0,7688.8729,5588.7746,277728.0,161773.8858,25.06,16.7,1.0218
301468,博盈特焊,专用机械,广东,20230724,301468.SZ,20250429,20.56,20.98,20.56,20.88,20.69,0.19,0.9183,6539.0,13635.166,0.8504,1.17,0.74,39.7023,50.1371,1.1812,5.9876,6.2267,2.3946,2.3946,13200.0,7688.8729,5588.7746,275616.0,160543.6662,24.83,16.55,1.0218
301468,博盈特焊,专用机械,广东,20230724,301468.SZ,20250428,21.23,21.23,20.69,20.69,21.04,-0.35,-1.6635,6839.0,14240.096,0.8895,1.2237,0.81,39.341,49.6808,1.1704,5.9331,6.17,2.4166,2.4166,13200.0,7688.8729,5588.7746,273108.0,159082.7803,25.25,16.83,1.0218
301468,博盈特焊,专用机械,广东,20230724,301468.SZ,20250425,20.97,21.14,20.86,21.04,21.0,0.04,0.1905,6139.0,12881.627,0.7984,1.0985,0.73,40.0065,50.5213,1.1902,6.0335,6.2744,2.3764,2.3764,13200.0,7688.8729,5588.7746,277728.0,161773.8858,25.2,16.8,1.0218
301468,博盈特焊,专用机械,广东,20230724,301468.SZ,20250424,21.27,21.38,20.75,21.0,21.65,-0.65,-3.0023,15005.26,31639.606,1.9516,2.7047,2.12,39.9304,50.4252,1.188,6.022,6.2625,2.381,2.381,13200.0,7688.8729,5547.7645,277200.0,161466.3309,25.98,17.32,1.0218
301468,博盈特焊,专用机械,广东,20230724,301468.SZ,20250423,21.26,21.68,21.26,21.65,21.2,0.45,2.1226,9932.98,21340.898,1.2919,1.7904,1.41,21.8086,32.361,1.2343,4.7333,5.7824,2.3095,2.3095,13200.0,7688.8729,5547.7645,285780.0,166464.0983,25.44,16.96,1.0218
301468,博盈特焊,专用机械,广东,20230724,301468.SZ,20250422,21.17,21.38,21.1,21.2,21.23,-0.03,-0.1413,6106.0,12949.306,0.7941,1.1006,0.81,21.3553,31.6884,1.2087,4.635,5.6622,2.3585,2.3585,13200.0,7688.8729,5547.7645,279840.0,163004.1055,25.48,16.98,1.0218
301468,博盈特焊,专用机械,广东,20230724,301468.SZ,20250421,21.13,21.28,20.95,21.23,21.13,0.1,0.4733,4902.69,10377.38,0.6376,0.8837,0.58,21.3855,31.7332,1.2104,4.6415,5.6702,2.3552,2.3552,13200.0,7688.8729,5547.7645,280236.0,163234.7717,25.36,16.9,1.0218
301468,博盈特焊,专用机械,广东,20230724,301468.SZ,20250418,21.33,21.4,21.01,21.13,21.33,-0.2,-0.9376,6014.18,12717.127,0.7822,1.0841,0.66,21.2848,31.5837,1.2047,4.6197,5.6435,2.3663,2.3663,13200.0,7688.8729,5547.7645,278916.0,162465.8844,25.6,17.06,1.0218
301468,博盈特焊,专用机械,广东,20230724,301468.SZ,20250417,21.03,21.42,20.99,21.33,21.14,0.19,0.8988,8416.0,17945.464,1.0946,1.517,0.8,21.4863,31.8827,1.2161,4.6634,5.6969,2.3441,2.3441,13200.0,7688.8729,5547.7645,281556.0,164003.659,25.37,16.91,1.0218
301468,博盈特焊,专用机械,广东,20230724,301468.SZ,20250416,21.52,21.52,20.72,21.14,21.49,-0.35,-1.6287,9670.18,20383.157,1.2577,1.7431,0.81,21.2949,31.5987,1.2053,4.6218,5.6461,2.3652,2.3652,13200.0,7688.8729,5547.7645,279048.0,162542.7731,25.79,17.19,1.0218
301468,博盈特焊,专用机械,广东,20230724,301468.SZ,20250415,21.23,21.49,21.11,21.49,21.3,0.19,0.892,8485.83,18098.104,1.1037,1.5296,0.65,21.6474,32.1218,1.2252,4.6984,5.7396,2.3267,2.3267,13200.0,7688.8729,5547.7645,283668.0,165233.8786,25.56,17.04,1.0218
301468,博盈特焊,专用机械,广东,20230724,301468.SZ,20250414,21.21,21.46,21.08,21.3,20.82,0.48,2.3055,9706.04,20624.394,1.2623,1.7495,0.58,21.456,31.8378,1.2144,4.6568,5.6889,2.3474,2.3474,13200.0,7688.8729,5547.7645,281160.0,163772.9928,24.98,16.66,1.0218
301468,博盈特焊,专用机械,广东,20230724,301468.SZ,20250411,20.59,21.08,20.59,20.82,20.87,-0.05,-0.2396,9056.03,18932.766,1.1778,1.6324,0.5,20.9725,31.1204,1.187,4.5519,5.5607,2.4015,2.4015,13200.0,7688.8729,5547.7645,274824.0,160082.3338,25.04,16.7,1.0218
301468,博盈特焊,专用机械,广东,20230724,301468.SZ,20250410,20.55,21.19,20.55,20.87,20.39,0.48,2.3541,15406.9,32290.461,2.0038,2.7771,0.82,21.0229,31.1951,1.1899,4.5628,5.574,2.3958,2.3958,13200.0,7688.8729,5547.7645,275484.0,160466.7774,24.47,16.31,1.0218
301468,博盈特焊,专用机械,广东,20230724,301468.SZ,20250409,19.68,20.47,18.81,20.39,20.02,0.37,1.8482,16768.04,33197.804,2.1808,3.0225,0.74,20.5394,30.4776,1.1625,4.4579,5.4458,2.4522,2.4522,13200.0,7688.8729,5547.7645,269148.0,156776.1184,24.02,16.02,1.0218
301468,博盈特焊,专用机械,广东,20230724,301468.SZ,20250408,19.8,20.4,19.59,20.02,19.54,0.48,2.4565,14827.62,29657.724,1.9285,2.6727,0.64,20.1667,29.9246,1.1414,4.377,5.347,2.4975,2.4975,13200.0,7688.8729,5547.7645,264264.0,153931.2355,23.45,15.63,1.0218
301468,博盈特焊,专用机械,广东,20230724,301468.SZ,20250407,21.32,21.59,19.22,19.54,22.92,-3.38,-14.7469,28195.09,57283.109,3.667,5.0822,1.14,19.6832,29.2071,1.114,4.272,5.2188,2.5589,2.5589,13200.0,7688.8729,5547.7645,257928.0,150240.5765,27.5,18.34,1.0218
301468,博盈特焊,专用机械,广东,20230724,301468.SZ,20250403,22.9,23.3,22.65,22.92,23.07,-0.15,-0.6502,15111.48,34765.639,1.9654,2.7239,0.46,23.0879,34.2593,1.3067,5.011,6.1216,2.1815,2.1815,13200.0,7688.8729,5547.7645,302544.0,176228.9669,27.68,18.46,1.0218
301468,博盈特焊,专用机械,广东,20230724,301468.SZ,20250402,23.51,23.52,22.97,23.07,23.71,-0.64,-2.6993,18608.69,43172.02,2.4202,3.3543,0.43,23.239,34.4835,1.3153,5.0438,6.1616,2.1673,2.1673,13200.0,7688.8729,5547.7645,304524.0,177382.2978,28.45,18.97,1.0218
301468,博盈特焊,专用机械,广东,20230724,301468.SZ,20250401,22.52,23.85,22.52,23.71,22.49,1.22,5.4246,36278.25,84784.689,4.7183,6.5393,0.64,23.8837,35.4402,1.3518,5.1837,6.3326,2.1088,2.1088,13200.0,7688.8729,5547.7645,312972.0,182303.1765,26.99,17.99,1.0218
301468,博盈特焊,专用机械,广东,20230724,301468.SZ,20250331,22.93,22.98,22.31,22.49,22.88,-0.39,-1.7045,17471.1,39378.926,2.2723,3.1492,0.27,22.6548,33.6166,1.2822,4.917,6.0067,2.2232,2.2232,13200.0,7688.8729,5547.7645,296868.0,172922.7515,27.46,18.3,1.0218
301468,博盈特焊,专用机械,广东,20230724,301468.SZ,20250328,24.08,24.1,22.88,22.88,23.98,-1.1,-4.5872,36355.44,84883.654,4.7283,6.5532,0.56,23.0476,34.1995,1.3045,5.0023,6.1109,2.1853,2.1853,13200.0,7688.8729,5547.7645,302016.0,175921.412,28.78,19.18,1.0218
301468,博盈特焊,专用机械,广东,20230724,301468.SZ,20250327,25.08,25.5,23.98,23.98,25.62,-1.64,-6.4012,56542.72,138162.857,7.3538,10.192,1.02,24.1557,35.8437,1.3672,5.2428,6.4047,2.0851,2.0851,13200.0,7688.8729,5547.7645,316536.0,184379.1721,30.74,20.5,1.0218
301468,博盈特焊,专用机械,广东,20230724,301468.SZ,20250326,25.31,25.87,24.83,25.62,26.25,-0.63,-2.4,68036.49,172132.987,8.8487,12.2638,1.58,25.8077,38.2951,1.4607,5.6013,6.8427,1.9516,1.9516,13200.0,7688.8729,5547.7645,338184.0,196988.9237,31.5,21.0,1.0218
301468,博盈特焊,专用机械,广东,20230724,301468.SZ,20250325,23.56,26.5,23.56,26.25,24.19,2.06,8.5159,103200.73,263293.304,13.4221,18.6022,4.34,26.4423,39.2368,1.4966,5.739,7.0109,1.9048,1.9048,13200.0,7688.8729,5547.7645,346500.0,201832.9136,29.03,19.35,1.0218
301468,博盈特焊,专用机械,广东,20230724,301468.SZ,20250324,24.75,25.87,23.3,24.19,23.94,0.25,1.0443,61521.62,151772.895,8.0014,11.0894,4.75,24.3672,36.1576,1.3792,5.2887,6.4608,2.067,2.067,13200.0,7688.8729,5547.7645,319308.0,185993.8355,28.73,19.15,1.0218
301468,博盈特焊,专用机械,广东,20230724,301468.SZ,20250321,23.24,24.28,22.91,23.94,23.16,0.78,3.3679,36821.31,87010.548,4.7889,6.6371,4.55,24.1154,35.7839,1.3649,5.234,6.394,2.0886,2.0886,13200.0,7688.8729,5547.7645,316008.0,184071.6172,27.79,18.53,1.0218
301468,博盈特焊,专用机械,广东,20230724,301468.SZ,20250320,23.1,23.33,23.09,23.16,23.17,-0.01,-0.0432,7873.04,18281.389,1.024,1.4191,0.79,23.3297,34.6181,1.3204,5.0635,6.1857,2.1589,2.1589,13200.0,7688.8729,5547.7645,305712.0,178074.2964,27.8,18.54,1.0218
301468,博盈特焊,专用机械,广东,20230724,301468.SZ,20250319,23.29,23.29,23.04,23.17,23.24,-0.07,-0.3012,5378.82,12441.693,0.6996,0.9695,0.38,23.3397,34.633,1.321,5.0657,6.1883,2.158,2.158,13200.0,7688.8729,5547.7645,305844.0,178151.1851,27.89,18.59,1.0218
301468,博盈特焊,专用机械,广东,20230724,301468.SZ,20250318,23.19,23.29,23.04,23.24,23.2,0.04,0.1724,7375.0,17102.885,0.9592,1.3294,0.5,23.4103,34.7376,1.325,5.081,6.207,2.1515,2.1515,13200.0,7688.8729,5547.7645,306768.0,178689.4062,27.84,18.56,1.0218
301468,博盈特焊,专用机械,广东,20230724,301468.SZ,20250317,23.1,23.25,23.02,23.2,23.13,0.07,0.3026,7336.33,16971.785,0.9541,1.3224,0.48,23.37,34.6778,1.3227,5.0722,6.1963,2.1552,2.1552,13200.0,7688.8729,5547.7645,306240.0,178381.8513,27.76,18.5,1.0218
301468,博盈特焊,专用机械,广东,20230724,301468.SZ,20250314,23.0,23.28,22.7,23.13,23.11,0.02,0.0865,12531.63,28792.61,1.6298,2.2589,0.87,23.2995,34.5732,1.3187,5.0569,6.1776,2.1617,2.1617,13200.0,7688.8729,5547.7645,305316.0,177843.6302,27.73,18.49,1.0218
301468,博盈特焊,专用机械,广东,20230724,301468.SZ,20250313,23.32,23.58,22.88,23.11,23.42,-0.31,-1.3237,17359.91,40306.13,2.2578,3.1292,1.34,23.2793,34.5433,1.3176,5.0525,6.1723,2.1636,2.1636,13200.0,7688.8729,5547.7645,305052.0,177689.8527,28.1,18.74,1.0218
301468,博盈特焊,专用机械,广东,20230724,301468.SZ,20250312,22.79,23.8,22.6,23.42,22.67,0.75,3.3083,26398.59,61451.226,3.4333,4.7584,2.99,23.5916,35.0067,1.3353,5.1203,6.2551,2.1349,2.1349,13200.0,7688.8729,5547.7645,309144.0,180073.4033,27.2,18.14,1.0218
301468,博盈特焊,专用机械,广东,20230724,301468.SZ,20250311,22.43,22.87,22.36,22.67,22.65,0.02,0.0883,10800.01,24429.616,1.4046,1.9467,1.38,22.8361,33.8856,1.2925,4.9563,6.0548,2.2056,2.2056,13200.0,7688.8729,5547.7645,299244.0,174306.7486,27.18,18.12,1.0218
301468,博盈特焊,专用机械,广东,20230724,301468.SZ,20250310,22.4,22.68,22.38,22.65,22.43,0.22,0.9808,8621.4,19457.434,1.1213,1.554,1.15,22.8159,33.8557,1.2914,4.952,6.0494,2.2075,2.2075,13200.0,7688.8729,5547.7645,298980.0,174152.9712,26.92,17.94,1.0218
301468,博盈特焊,专用机械,广东,20230724,301468.SZ,20250307,22.48,22.6,22.11,22.43,22.48,-0.05,-0.2224,8429.79,18937.672,1.0964,1.5195,1.11,22.5943,33.5269,1.2788,4.9039,5.9907,2.2292,2.2292,13200.0,7688.8729,5547.7645,296076.0,172461.4191,26.98,17.98,1.0218
301468,博盈特焊,专用机械,广东,20230724,301468.SZ,20250306,22.22,22.64,22.18,22.48,22.15,0.33,1.4898,10451.63,23459.311,1.3593,1.8839,1.38,22.6447,33.6016,1.2817,4.9148,6.004,2.2242,2.2242,13200.0,7688.8729,5547.7645,296736.0,172845.8628,26.58,17.72,1.0218
301468,博盈特焊,专用机械,广东,20230724,301468.SZ,20250305,22.11,22.28,21.98,22.15,22.14,0.01,0.0452,5788.21,12799.224,0.7528,1.0433,0.64,22.3123,33.1084,1.2628,4.8427,5.9159,2.2573,2.2573,13200.0,7688.8729,5547.7645,292380.0,170308.5347,26.57,17.71,1.0218
301468,博盈特焊,专用机械,广东,20230724,301468.SZ,20250304,21.75,22.19,21.75,22.14,21.91,0.23,1.0497,5805.0,12827.742,0.755,1.0464,0.61,22.3022,33.0934,1.2623,4.8405,5.9132,2.2584,2.2584,13200.0,7688.8729,5547.7645,292248.0,170231.646,26.29,17.53,1.0218
301468,博盈特焊,专用机械,广东,20230724,301468.SZ,20250303,21.89,22.33,21.82,21.91,21.91,0.0,0.0,7008.57,15491.593,0.9115,1.2633,0.69,22.0705,32.7496,1.2492,4.7902,5.8518,2.2821,2.2821,13200.0,7688.8729,5547.7645,289212.0,168463.2052,26.29,17.53,1.0218
301468,博盈特焊,专用机械,广东,20230724,301468.SZ,20250228,22.39,22.4,21.8,21.91,22.39,-0.48,-2.1438,8749.17,19283.458,1.1379,1.5771,0.87,22.0705,32.7496,1.2492,4.7902,5.8518,2.2821,2.2821,13200.0,7688.8729,5547.7645,289212.0,168463.2052,26.87,17.91,1.0218
301468,博盈特焊,专用机械,广东,20230724,301468.SZ,20250227,22.48,22.54,22.07,22.39,22.51,-0.12,-0.5331,10408.95,23220.325,1.3538,1.8762,1.09,22.554,33.4671,1.2765,4.8951,5.98,2.2331,2.2331,13200.0,7688.8729,5547.7645,295548.0,172153.8642,27.01,18.01,1.0218
301468,博盈特焊,专用机械,广东,20230724,301468.SZ,20250226,22.0,22.6,22.0,22.51,22.0,0.51,2.3182,13094.74,29341.757,1.7031,2.3604,1.53,22.6749,33.6465,1.2834,4.9214,6.0121,2.2212,2.2212,13200.0,7688.8729,5547.7645,297132.0,173076.529,26.4,17.6,1.0218
301468,博盈特焊,专用机械,广东,20230724,301468.SZ,20250225,22.0,22.14,21.71,22.0,22.1,-0.1,-0.4525,7933.77,17463.181,1.0319,1.4301,0.92,22.1612,32.8842,1.2543,4.8099,5.8758,2.2727,2.2727,13200.0,7688.8729,5547.7645,290400.0,169155.2038,26.52,17.68,1.0218
301468,博盈特焊,专用机械,广东,20230724,301468.SZ,20250224,21.9,22.1,21.79,22.1,21.87,0.23,1.0517,10630.63,23346.883,1.3826,1.9162,1.28,22.2619,33.0336,1.26,4.8317,5.9025,2.2624,2.2624,13200.0,7688.8729,5547.7645,291720.0,169924.0911,26.24,17.5,1.0218
301468,博盈特焊,专用机械,广东,20230724,301468.SZ,20250221,21.87,21.89,21.61,21.87,21.72,0.15,0.6906,8128.26,17727.332,1.0571,1.4651,1.04,22.0302,32.6898,1.2469,4.7814,5.8411,2.2862,2.2862,13200.0,7688.8729,5547.7645,288684.0,168155.6503,26.06,17.38,1.0218
301468,博盈特焊,专用机械,广东,20230724,301468.SZ,20250220,21.7,21.76,21.6,21.72,21.68,0.04,0.1845,7745.95,16789.597,1.0074,1.3962,1.07,21.8791,32.4656,1.2383,4.7486,5.8011,2.302,2.302,13200.0,7688.8729,5547.7645,286704.0,167002.3194,26.02,17.34,1.0218
301468,博盈特焊,专用机械,广东,20230724,301468.SZ,20250219,21.27,21.68,21.24,21.68,21.26,0.42,1.9755,8354.97,18042.584,1.0866,1.506,1.23,21.8388,32.4058,1.236,4.7399,5.7904,2.3063,2.3063,13200.0,7688.8729,5547.7645,286176.0,166694.7645,25.51,17.01,1.0218
301468,博盈特焊,专用机械,广东,20230724,301468.SZ,20250218,21.65,21.79,21.24,21.26,21.65,-0.39,-1.8014,8456.75,18235.539,1.0999,1.5244,1.3,21.4158,31.7781,1.2121,4.6481,5.6782,2.3518,2.3518,13200.0,7688.8729,5547.7645,280632.0,163465.4379,25.98,17.32,1.0218
301468,博盈特焊,专用机械,广东,20230724,301468.SZ,20250217,21.46,21.67,21.39,21.65,21.46,0.19,0.8854,8883.28,19141.47,1.1553,1.6012,1.49,21.8086,32.361,1.2343,4.7333,5.7824,2.3095,2.3095,13200.0,7688.8729,5547.7645,285780.0,166464.0983,25.75,17.17,1.0218
301468,博盈特焊,专用机械,广东,20230724,301468.SZ,20250214,21.2,21.55,21.2,21.46,21.29,0.17,0.7985,5535.0,11842.863,0.7199,0.9977,0.78,21.6172,32.077,1.2235,4.6918,5.7316,2.3299,2.3299,13200.0,7688.8729,5547.7645,283272.0,165003.2124,25.55,17.03,1.0218
301468,博盈特焊,专用机械,广东,20230724,301468.SZ,20250213,21.35,21.48,21.25,21.29,21.46,-0.17,-0.7922,4978.0,10621.441,0.6474,0.8973,0.64,21.446,31.8229,1.2138,4.6546,5.6862,2.3485,2.3485,13200.0,7688.8729,5547.7645,281028.0,163696.104,25.75,17.17,1.0218
301468,博盈特焊,专用机械,广东,20230724,301468.SZ,20250212,21.49,21.51,21.26,21.46,21.49,-0.03,-0.1396,6156.75,13162.848,0.8007,1.1098,0.8,21.6172,32.077,1.2235,4.6918,5.7316,2.3299,2.3299,13200.0,7688.8729,5547.7645,283272.0,165003.2124,25.79,17.19,1.0218
301468,博盈特焊,专用机械,广东,20230724,301468.SZ,20250211,21.41,21.49,21.31,21.49,21.42,0.07,0.3268,7089.95,15179.913,0.9221,1.278,0.97,21.6474,32.1218,1.2252,4.6984,5.7396,2.3267,2.3267,13200.0,7688.8729,5547.7645,283668.0,165233.8786,25.7,17.14,1.0218
301468,博盈特焊,专用机械,广东,20230724,301468.SZ,20250210,21.27,21.42,21.21,21.42,21.27,0.15,0.7052,6148.34,13112.465,0.7996,1.1083,0.86,21.5769,32.0172,1.2212,4.6831,5.7209,2.3343,2.3343,13200.0,7688.8729,5547.7645,282744.0,164695.6575,25.52,17.02,1.0218
301468,博盈特焊,专用机械,广东,20230724,301468.SZ,20250207,21.26,21.5,21.15,21.27,21.21,0.06,0.2829,11042.28,23546.009,1.4361,1.9904,1.79,21.4258,31.793,1.2127,4.6503,5.6809,2.3507,2.3507,13200.0,7688.8729,5547.7645,280764.0,163542.3266,25.45,16.97,1.0218
301468,博盈特焊,专用机械,广东,20230724,301468.SZ,20250206,20.9,21.27,20.89,21.21,21.0,0.21,1.0,8197.05,17325.382,1.0661,1.4775,1.48,21.3654,31.7033,1.2093,4.6371,5.6648,2.3574,2.3574,13200.0,7688.8729,5547.7645,279972.0,163080.9942,25.2,16.8,1.0218
301468,博盈特焊,专用机械,广东,20230724,301468.SZ,20250205,21.09,21.18,20.91,21.0,20.97,0.03,0.1431,6079.95,12809.058,0.7907,1.0959,1.17,21.1538,31.3894,1.1973,4.5912,5.6088,2.381,2.381,13200.0,7688.8729,5547.7645,277200.0,161466.3309,25.16,16.78,1.0218
301468,博盈特焊,专用机械,广东,20230724,301468.SZ,20250127,21.09,21.27,20.97,20.97,21.03,-0.06,-0.2853,4916.95,10370.81,0.6395,0.8863,0.92,21.1236,31.3446,1.1956,4.5847,5.6007,2.3844,2.3844,13200.0,7688.8729,5547.7645,276804.0,161235.6647,25.24,16.82,1.0218
301468,博盈特焊,专用机械,广东,20230724,301468.SZ,20250124,21.0,21.11,20.78,21.03,21.0,0.03,0.1429,5417.0,11375.1,0.7045,0.9764,1.07,21.1841,31.4343,1.199,4.5978,5.6168,2.3776,2.3776,13200.0,7688.8729,5547.7645,277596.0,161696.9971,25.2,16.8,1.0218
301468,博盈特焊,专用机械,广东,20230724,301468.SZ,20250123,21.29,21.34,20.94,21.0,21.13,-0.13,-0.6152,6245.0,13234.133,0.8266,1.1281,1.29,21.1538,31.3894,1.1973,4.5912,5.6088,2.381,2.381,13200.0,7554.6025,5535.7115,277200.0,158646.6525,25.36,16.9,1.0218
301468,博盈特焊,专用机械,广东,20230724,301468.SZ,20250122,21.14,21.33,21.07,21.13,21.14,-0.01,-0.0473,4996.55,10583.013,0.6614,0.9026,1.0,21.2848,31.5837,1.2047,4.6197,5.6435,2.3663,2.3663,13200.0,7554.6025,5535.7115,278916.0,159628.7508,25.37,16.91,1.0218
301468,博盈特焊,专用机械,广东,20230724,301468.SZ,20250121,21.22,21.26,20.88,21.14,21.21,-0.07,-0.33,4388.44,9239.357,0.5809,0.7928,0.76,21.2949,31.5987,1.2053,4.6218,5.6461,2.3652,2.3652,13200.0,7554.6025,5535.7115,279048.0,159704.2969,25.45,16.97,1.0218
301468,博盈特焊,专用机械,广东,20230724,301468.SZ,20250120,20.9,21.32,20.9,21.21,20.96,0.25,1.1927,5667.7,12017.293,0.7502,1.0238,1.08,21.3654,31.7033,1.2093,4.6371,5.6648,2.3574,2.3574,13200.0,7554.6025,5535.7115,279972.0,160233.119,25.15,16.77,1.0218
301468,博盈特焊,专用机械,广东,20230724,301468.SZ,20250117,20.87,21.12,20.71,20.96,20.89,0.07,0.3351,4038.0,8453.828,0.5345,0.7294,0.74,21.1136,31.3296,1.195,4.5825,5.5981,2.3855,2.3855,13200.0,7554.6025,5535.7115,276672.0,158344.4684,25.07,16.71,1.0218
301468,博盈特焊,专用机械,广东,20230724,301468.SZ,20250116,20.99,21.12,20.73,20.89,20.88,0.01,0.0479,5117.96,10727.129,0.6775,0.9245,0.99,21.043,31.225,1.191,4.5672,5.5794,2.3935,2.3935,13200.0,7554.6025,5535.7115,275748.0,157815.6462,25.06,16.7,1.0218
301468,博盈特焊,专用机械,广东,20230724,301468.SZ,20250115,20.75,20.91,20.63,20.88,20.77,0.11,0.5296,5742.81,11945.128,0.7602,1.0374,1.13,21.033,31.2101,1.1904,4.565,5.5767,2.3946,2.3946,13200.0,7554.6025,5535.7115,275616.0,157740.1002,24.92,16.62,1.0218
301468,博盈特焊,专用机械,广东,20230724,301468.SZ,20250114,20.35,20.82,20.25,20.77,20.22,0.55,2.7201,8295.04,17130.908,1.098,1.4985,1.95,20.9222,31.0456,1.1842,4.5409,5.5473,2.4073,2.4073,13200.0,7554.6025,5535.7115,274164.0,156909.0939,24.26,16.18,1.0218
301468,博盈特焊,专用机械,广东,20230724,301468.SZ,20250113,20.01,20.29,19.73,20.22,20.05,0.17,0.8479,2947.64,5929.639,0.3902,0.5325,0.63,20.3681,30.2235,1.1528,4.4207,5.4004,2.4728,2.4728,13200.0,7554.6025,5535.7115,266904.0,152754.0626,24.06,16.04,1.0218
301468,博盈特焊,专用机械,广东,20230724,301468.SZ,20250110,20.43,20.7,20.05,20.05,20.47,-0.42,-2.0518,5300.26,10809.44,0.7016,0.9575,0.99,20.1969,29.9694,1.1431,4.3835,5.355,2.4938,2.4938,13200.0,7554.6025,5535.7115,264660.0,151469.7801,24.56,16.38,1.0218
301468,博盈特焊,专用机械,广东,20230724,301468.SZ,20250109,20.3,20.56,20.1,20.47,20.36,0.11,0.5403,3669.0,7499.437,0.4857,0.6628,0.6,20.62,30.5972,1.1671,4.4754,5.4672,2.4426,2.4426,13200.0,7554.6025,5535.7115,270204.0,154642.7132,24.43,16.29,1.0218
301468,博盈特焊,专用机械,广东,20230724,301468.SZ,20250108,20.28,20.53,19.91,20.36,20.4,-0.04,-0.1961,5135.0,10397.581,0.6797,0.9276,0.81,20.5092,30.4328,1.1608,4.4513,5.4378,2.4558,2.4558,13200.0,7554.6025,5535.7115,268752.0,153811.7069,24.48,16.32,1.0218
301468,博盈特焊,专用机械,广东,20230724,301468.SZ,20250107,20.21,20.4,20.01,20.4,20.16,0.24,1.1905,4203.0,8502.099,0.5563,0.7593,0.61,20.5495,30.4926,1.1631,4.4601,5.4485,2.451,2.451,13200.0,7554.6025,5535.7115,269280.0,154113.891,24.19,16.13,1.0218
301468,博盈特焊,专用机械,广东,20230724,301468.SZ,20250106,20.01,20.36,19.67,20.16,20.01,0.15,0.7496,5187.0,10440.585,0.6866,0.937,0.7,20.3077,30.1338,1.1494,4.4076,5.3844,2.4802,2.4802,13200.0,7554.6025,5535.7115,266112.0,152300.7864,24.01,16.01,1.0218
301468,博盈特焊,专用机械,广东,20230724,301468.SZ,20250103,20.78,20.97,19.96,20.01,20.79,-0.78,-3.7518,8630.02,17601.028,1.1424,1.559,1.23,20.1566,29.9096,1.1408,4.3748,5.3443,2.4988,2.4988,13200.0,7554.6025,5535.7115,264132.0,151167.596,24.95,16.63,1.0218
301468,博盈特焊,专用机械,广东,20230724,301468.SZ,20250102,20.86,21.28,20.76,20.79,20.98,-0.19,-0.9056,7199.16,15120.365,0.953,1.3005,0.97,20.9423,31.0755,1.1853,4.5453,5.5527,2.405,2.405,13200.0,7554.6025,5535.7115,274428.0,157060.186,25.18,16.78,1.0218
301468,博盈特焊,专用机械,广东,20230724,301468.SZ,20241231,21.42,21.6,20.98,20.98,21.42,-0.44,-2.0542,6674.49,14138.014,0.8835,1.2057,0.82,21.1337,31.3595,1.1961,4.5869,5.6034,0.0,2.3832,13200.0,7554.6025,5535.7115,276936.0,158495.5605,25.7,17.14,1.0218
301468,博盈特焊,专用机械,广东,20230724,301468.SZ,20241230,21.47,21.57,21.22,21.42,21.47,-0.05,-0.2329,6513.3,13935.517,0.8622,1.1766,0.67,21.5769,32.0172,1.2212,4.6831,5.7209,0.0,2.3343,13200.0,7554.6025,5535.7115,282744.0,161819.5856,25.76,17.18,1.0218
301468,博盈特焊,专用机械,广东,20230724,301468.SZ,20241227,21.27,21.84,21.27,21.47,21.27,0.2,0.9403,8246.0,17796.6,1.0915,1.4896,0.82,21.6273,32.092,1.2241,4.694,5.7343,0.0,2.3288,13200.0,7554.6025,5535.7115,283404.0,162197.3157,25.52,17.02,1.0218
301468,博盈特焊,专用机械,广东,20230724,301468.SZ,20241226,21.16,21.45,21.01,21.27,21.05,0.22,1.0451,6554.98,13963.597,0.8677,1.1841,0.63,21.4258,31.793,1.2127,4.6503,5.6809,0.0,2.3507,13200.0,7554.6025,5535.7115,280764.0,160686.3952,25.26,16.84,1.0218
301468,博盈特焊,专用机械,广东,20230724,301468.SZ,20241225,21.74,21.74,20.9,21.05,21.52,-0.47,-2.184,9220.0,19465.763,1.2204,1.7062,0.91,21.2042,31.4642,1.2001,4.6022,5.6221,0.0,2.3753,13200.0,7554.6025,5403.7115,277860.0,159024.3826,25.82,17.22,1.0218
301468,博盈特焊,专用机械,广东,20230724,301468.SZ,20241224,21.8,21.91,21.1,21.52,21.57,-0.05,-0.2318,10336.0,22230.343,1.3682,1.9128,1.06,21.6777,32.1667,1.2269,4.7049,5.7476,0.0,2.3234,13200.0,7554.6025,5403.7115,284064.0,162575.0458,25.88,17.26,1.0218
301468,博盈特焊,专用机械,广东,20230724,301468.SZ,20241223,22.6,22.65,21.5,21.57,22.52,-0.95,-4.2185,14545.13,32026.865,1.9253,2.6917,1.78,21.728,32.2414,1.2298,4.7159,5.761,0.0,2.318,13200.0,7554.6025,5403.7115,284724.0,162952.7759,27.02,18.02,1.0218
301468,博盈特焊,专用机械,广东,20230724,301468.SZ,20241220,22.47,22.82,22.41,22.52,22.47,0.05,0.2225,9692.16,21928.601,1.2829,1.7936,1.14,22.685,33.6614,1.2839,4.9236,6.0147,0.0,2.2202,13200.0,7554.6025,5403.7115,297264.0,170129.6483,26.96,17.98,1.0218
301468,博盈特焊,专用机械,广东,20230724,301468.SZ,20241219,22.5,22.88,22.31,22.47,22.81,-0.34,-1.4906,8518.32,19167.28,1.1276,1.5764,0.95,22.6346,33.5867,1.2811,4.9126,6.0014,0.0,2.2252,13200.0,7554.6025,5403.7115,296604.0,169751.9182,27.37,18.25,1.0218
301468,博盈特焊,专用机械,广东,20230724,301468.SZ,20241218,23.25,23.25,22.68,22.81,22.89,-0.08,-0.3495,7524.0,17234.904,0.9959,1.3924,0.82,22.9771,34.0949,1.3005,4.987,6.0922,0.0,2.192,13200.0,7554.6025,5403.7115,301092.0,172320.483,27.47,18.31,1.0218
301468,博盈特焊,专用机械,广东,20230724,301468.SZ,20241217,23.65,23.76,22.78,22.89,23.63,-0.74,-3.1316,8357.41,19325.655,1.1063,1.5466,0.78,23.0577,34.2145,1.305,5.0044,6.1135,0.0,2.1844,13200.0,7554.6025,5403.7115,302148.0,172924.8512,28.36,18.9,1.0218
301468,博盈特焊,专用机械,广东,20230724,301468.SZ,20241216,23.74,23.87,23.5,23.63,23.71,-0.08,-0.3374,6664.54,15775.128,0.8822,1.2333,0.6,23.8031,35.3206,1.3472,5.1662,6.3112,0.0,2.116,13200.0,7554.6025,5403.7115,311916.0,178515.2571,28.45,18.97,1.0218
301468,博盈特焊,专用机械,广东,20230724,301468.SZ,20241213,24.05,24.11,23.58,23.71,24.15,-0.44,-1.8219,11615.49,27658.633,1.5375,2.1495,1.03,23.8837,35.4402,1.3518,5.1837,6.3326,0.0,2.1088,13200.0,7554.6025,5403.7115,312972.0,179119.6253,28.98,19.32,1.0218
301468,博盈特焊,专用机械,广东,20230724,301468.SZ,20241212,23.94,24.19,23.92,24.15,23.94,0.21,0.8772,10861.47,26150.827,1.4377,2.01,0.98,24.3269,36.0978,1.3769,5.2799,6.4501,0.0,2.0704,13200.0,7554.6025,5403.7115,318780.0,182443.6504,28.73,19.15,1.0218
301468,博盈特焊,专用机械,广东,20230724,301468.SZ,20241211,23.84,23.96,23.74,23.94,23.8,0.14,0.5882,8625.39,20580.793,1.1417,1.5962,0.79,24.1154,35.7839,1.3649,5.234,6.394,0.0,2.0886,13200.0,7554.6025,5403.7115,316008.0,180857.1839,28.56,19.04,1.0218
301468,博盈特焊,专用机械,广东,20230724,301468.SZ,20241210,24.31,24.44,23.77,23.8,23.82,-0.02,-0.084,15926.18,38259.788,2.1081,2.9473,1.69,23.9744,35.5747,1.3569,5.2034,6.3566,0.0,2.1008,13200.0,7554.6025,5403.7115,314160.0,179799.5395,28.58,19.06,1.0218
301468,博盈特焊,专用机械,广东,20230724,301468.SZ,20241209,23.83,23.99,23.66,23.82,23.84,-0.02,-0.0839,8734.07,20805.312,1.1561,1.6163,0.93,23.9945,35.6046,1.3581,5.2078,6.3619,0.0,2.0991,13200.0,7554.6025,5403.7115,314424.0,179950.6316,28.61,19.07,1.0218
301468,博盈特焊,专用机械,广东,20230724,301468.SZ,20241206,23.65,23.94,23.4,23.84,23.64,0.2,0.846,12491.87,29662.24,1.6535,2.3117,1.44,24.0147,35.6345,1.3592,5.2121,6.3673,0.0,2.0973,13200.0,7554.6025,5403.7115,314688.0,180101.7236,28.37,18.91,1.0218
301468,博盈特焊,专用机械,广东,20230724,301468.SZ,20241205,23.39,23.82,23.2,23.64,23.39,0.25,1.0688,9396.24,22163.198,1.2438,1.7388,1.13,23.8132,35.3355,1.3478,5.1684,6.3139,0.0,2.1151,13200.0,7554.6025,5403.7115,312048.0,178590.8031,28.07,18.71,1.0218
301468,博盈特焊,专用机械,广东,20230724,301468.SZ,20241204,23.7,23.85,23.3,23.39,23.7,-0.31,-1.308,8278.82,19518.614,1.0959,1.5321,0.96,23.5614,34.9618,1.3335,5.1138,6.2471,0.0,2.1377,13200.0,7554.6025,5403.7115,308748.0,176702.1525,28.44,18.96,1.0218
301468,博盈特焊,专用机械,广东,20230724,301468.SZ,20241203,23.65,23.76,23.45,23.7,23.73,-0.03,-0.1264,8127.78,19192.305,1.0759,1.5041,0.96,23.8736,35.4252,1.3512,5.1815,6.3299,0.0,2.1097,13200.0,7554.6025,5403.7115,312840.0,179044.0793,28.48,18.98,1.0218
301468,博盈特焊,专用机械,广东,20230724,301468.SZ,20241202,23.36,23.78,23.34,23.73,23.36,0.37,1.5839,8445.8,19931.48,1.118,1.563,1.06,23.9038,35.4701,1.3529,5.1881,6.3379,0.0,2.107,13200.0,7554.6025,5403.7115,313236.0,179270.7173,28.03,18.69,1.0218
301468,博盈特焊,专用机械,广东,20230724,301468.SZ,20241129,23.05,23.48,23.0,23.36,23.08,0.28,1.2132,9239.78,21550.401,1.2231,1.7099,1.01,23.5311,34.917,1.3318,5.1072,6.2391,0.0,2.1404,13200.0,7554.6025,5403.7115,308352.0,176475.5144,27.7,18.46,1.0218
301468,博盈特焊,专用机械,广东,20230724,301468.SZ,20241128,23.19,23.26,23.03,23.08,23.08,0.0,0.0,7443.66,17230.24,0.9853,1.3775,0.71,23.2491,34.4985,1.3159,5.046,6.1643,0.0,2.1664,13200.0,7554.6025,5403.7115,304656.0,174360.2257,27.7,18.46,1.0218
301468,博盈特焊,专用机械,广东,20230724,301468.SZ,20241127,22.88,23.09,22.16,23.08,22.87,0.21,0.9182,9934.01,22434.05,1.315,1.8384,0.94,23.2491,34.4985,1.3159,5.046,6.1643,0.0,2.1664,13200.0,7554.6025,5403.7115,304656.0,174360.2257,27.44,18.3,1.0218
301468,博盈特焊,专用机械,广东,20230724,301468.SZ,20241126,23.26,23.34,22.85,22.87,23.26,-0.39,-1.6767,7229.0,16682.768,0.9569,1.3713,0.69,23.0375,34.1846,1.3039,5.0001,6.1082,0.0,2.1863,13200.0,7554.6025,5271.7115,301884.0,172773.7592,27.91,18.61,1.0218
301468,博盈特焊,专用机械,广东,20230724,301468.SZ,20241125,23.0,23.3,22.78,23.26,22.88,0.38,1.6608,5886.63,13591.789,0.7792,1.1166,0.53,23.4304,34.7675,1.3261,5.0853,6.2124,0.0,2.1496,13200.0,7554.6025,5271.7115,307032.0,175720.0542,27.46,18.3,1.0218
301468,博盈特焊,专用机械,广东,20230724,301468.SZ,20241122,24.1,24.1,22.85,22.88,24.1,-1.22,-5.0622,15198.56,35709.471,2.0118,2.883,1.36,23.0476,34.1995,1.3045,5.0023,6.1109,0.0,2.1853,13200.0,7554.6025,5271.7115,302016.0,172849.3052,28.92,19.28,1.0218
301468,博盈特焊,专用机械,广东,20230724,301468.SZ,20241121,23.55,24.1,23.45,24.1,23.59,0.51,2.1619,14052.58,33537.722,1.8601,2.6657,1.05,24.2766,36.0231,1.374,5.269,6.4367,0.0,2.0747,13200.0,7554.6025,5271.7115,318120.0,182065.9203,28.31,18.87,1.0218
301468,博盈特焊,专用机械,广东,20230724,301468.SZ,20241120,23.06,23.65,23.02,23.59,23.27,0.32,1.3752,10287.72,24096.618,1.3618,1.9515,0.49,23.7628,35.2608,1.3449,5.1575,6.3005,0.0,2.1195,13200.0,7554.6025,5271.7115,311388.0,178213.073,27.92,18.62,1.0218
301468,博盈特焊,专用机械,广东,20230724,301468.SZ,20241119,23.35,23.35,22.8,23.27,22.84,0.43,1.8827,6760.27,15573.525,0.8949,1.2824,0.29,23.4405,34.7825,1.3267,5.0875,6.215,0.0,2.1487,13200.0,7554.6025,5271.7115,307164.0,175795.6002,27.41,18.27,1.0218
301468,博盈特焊,专用机械,广东,20230724,301468.SZ,20241118,23.16,23.37,22.65,22.84,23.16,-0.32,-1.3817,9349.65,21444.573,1.2376,1.7736,0.39,23.0073,34.1397,1.3022,4.9935,6.1002,0.0,2.1891,13200.0,7554.6025,5271.7115,301488.0,172547.1211,27.79,18.53,1.0218
301468,博盈特焊,专用机械,广东,20230724,301468.SZ,20241115,23.62,23.9,23.12,23.16,23.85,-0.69,-2.8931,15546.26,36551.202,2.0579,2.949,0.66,23.3297,34.6181,1.3204,5.0635,6.1857,0.0,2.1589,13200.0,7554.6025,5271.7115,305712.0,174964.5939,28.62,19.08,1.0218
301468,博盈特焊,专用机械,广东,20230724,301468.SZ,20241114,25.1,25.1,23.84,23.85,25.0,-1.15,-4.6,25145.69,61349.137,3.3285,4.7699,1.2,24.0247,35.6494,1.3598,5.2143,6.3699,0.0,2.0964,13200.0,7554.6025,5271.7115,314820.0,180177.2696,30.0,20.0,1.0218
301468,博盈特焊,专用机械,广东,20230724,301468.SZ,20241113,24.44,25.68,24.25,25.0,24.18,0.82,3.3912,47489.26,118430.9,6.2861,9.0083,3.45,25.1832,37.3684,1.4253,5.4658,6.6771,0.0,2.0,13200.0,7554.6025,5271.7115,330000.0,188865.0625,29.02,19.34,1.0218
301468,博盈特焊,专用机械,广东,20230724,301468.SZ,20241112,24.04,24.37,23.8,24.18,24.0,0.18,0.75,20402.99,49129.872,2.7007,3.8703,1.66,24.3571,36.1427,1.3786,5.2865,6.4581,0.0,2.0678,13200.0,7554.6025,5271.7115,319176.0,182670.2885,28.8,19.2,1.0218
301468,博盈特焊,专用机械,广东,20230724,301468.SZ,20241111,23.61,24.0,23.45,24.0,23.53,0.47,1.9975,12327.57,29399.643,1.6318,2.3384,1.07,24.1758,35.8736,1.3683,5.2471,6.41,0.0,2.0833,13200.0,7554.6025,5271.7115,316800.0,181310.46,28.24,18.82,1.0218
301468,博盈特焊,专用机械,广东,20230724,301468.SZ,20241108,23.95,23.95,23.47,23.53,23.63,-0.1,-0.4232,12889.4,30497.164,1.7062,2.445,1.17,23.7024,35.1711,1.3415,5.1444,6.2845,0.0,2.1249,13200.0,7554.6025,5271.7115,310596.0,177759.7968,28.36,18.9,1.0218
301468,博盈特焊,专用机械,广东,20230724,301468.SZ,20241107,23.12,23.66,22.97,23.63,23.23,0.4,1.7219,11873.38,27859.053,1.5717,2.2523,1.09,23.8031,35.3206,1.3472,5.1662,6.3112,0.0,2.116,13200.0,7554.6025,5271.7115,311916.0,178515.2571,27.88,18.58,1.0218
301468,博盈特焊,专用机械,广东,20230724,301468.SZ,20241106,23.31,23.48,23.15,23.23,23.24,-0.01,-0.043,11395.02,26542.11,1.5084,2.1615,1.07,23.4002,34.7227,1.3244,5.0788,6.2044,0.0,2.1524,13200.0,7554.6025,5271.7115,306636.0,175493.4161,27.89,18.59,1.0218
301468,博盈特焊,专用机械,广东,20230724,301468.SZ,20241105,22.88,23.26,22.82,23.24,22.83,0.41,1.7959,13082.8,30234.054,1.7318,2.4817,1.09,23.4103,34.7376,1.325,5.081,6.207,0.0,2.1515,13200.0,7554.6025,5271.7115,306768.0,175568.9621,27.4,18.26,1.0218
301468,博盈特焊,专用机械,广东,20230724,301468.SZ,20241104,22.59,22.87,22.58,22.83,22.64,0.19,0.8392,8164.26,18566.652,1.0807,1.5487,0.67,22.9973,34.1248,1.3016,4.9913,6.0975,0.0,2.1901,13200.0,7554.6025,5271.7115,301356.0,172471.5751,27.17,18.11,1.0218
301468,博盈特焊,专用机械,广东,20230724,301468.SZ,20241101,22.92,23.07,22.52,22.64,22.9,-0.26,-1.1354,10618.85,24176.56,1.4056,2.0143,0.91,22.8059,33.8408,1.2908,4.9498,6.0468,0.0,2.2085,13200.0,7554.6025,5271.7115,298848.0,171036.2006,27.48,18.32,1.0218
301468,博盈特焊,专用机械,广东,20230724,301468.SZ,20241031,22.9,23.15,22.71,22.9,22.89,0.01,0.0437,11197.82,25754.207,1.4823,2.1241,1.04,23.0678,34.2294,1.3056,5.0066,6.1162,0.0,2.1834,13200.0,7554.6025,5271.7115,302280.0,173000.3973,27.47,18.31,1.0218
301468,博盈特焊,专用机械,广东,20230724,301468.SZ,20241030,23.2,23.32,22.63,22.89,23.25,-0.36,-1.5484,10199.24,23407.325,1.3501,1.9347,0.97,23.0577,34.2145,1.305,5.0044,6.1135,0.0,2.1844,13200.0,7554.6025,5271.7115,302148.0,172924.8512,27.9,18.6,1.0218
301468,博盈特焊,专用机械,广东,20230724,301468.SZ,20241029,24.3,24.35,23.21,23.25,24.4,-1.15,-4.7131,19656.95,46534.256,2.602,3.7288,2.25,23.4203,34.7526,1.3256,5.0832,6.2097,0.0,2.1505,13200.0,7554.6025,5271.7115,306900.0,175644.5081,29.28,19.52,1.0218
301468,博盈特焊,专用机械,广东,20230724,301468.SZ,20241028,24.23,24.45,24.1,24.4,24.23,0.17,0.7016,8881.27,21624.667,1.1756,1.6847,0.91,24.5788,34.0471,1.3951,5.3346,6.8108,0.0,2.0492,13200.0,7554.6025,5271.7115,322080.0,184332.301,29.08,19.38,1.0218
301468,博盈特焊,专用机械,广东,20230724,301468.SZ,20241025,23.77,24.28,23.77,24.23,23.77,0.46,1.9352,8210.24,19824.2,1.0868,1.5574,0.78,24.4075,33.8098,1.3854,5.2974,6.7634,0.0,2.0636,13200.0,7554.6025,5271.7115,319836.0,183048.0186,28.52,19.02,1.0218
301468,博盈特焊,专用机械,广东,20230724,301468.SZ,20241024,24.0,24.0,23.66,23.77,23.95,-0.18,-0.7516,6744.54,16062.36,0.8928,1.2794,0.65,23.9441,33.168,1.3591,5.1968,6.635,0.0,2.1035,13200.0,7554.6025,5271.7115,313764.0,179572.9014,28.74,19.16,1.0218
301468,博盈特焊,专用机械,广东,20230724,301468.SZ,20241023,24.1,24.34,23.89,23.95,23.97,-0.02,-0.0834,8923.73,21486.639,1.1812,1.6928,0.92,24.1255,33.4191,1.3694,5.2362,6.6852,0.0,2.0877,13200.0,7554.6025,5271.7115,316140.0,180932.7299,28.76,19.18,1.0218
301468,博盈特焊,专用机械,广东,20230724,301468.SZ,20241022,23.99,24.3,23.68,23.97,23.81,0.16,0.672,11014.13,26480.143,1.4579,2.0893,1.24,24.1456,33.4471,1.3705,5.2406,6.6908,0.0,2.0859,13200.0,7554.6025,5271.7115,316404.0,181083.8219,28.57,19.05,1.0218
301468,博盈特焊,专用机械,广东,20230724,301468.SZ,20241021,23.48,24.2,23.1,23.81,23.28,0.53,2.2766,13971.18,33180.275,1.8494,2.6502,1.82,23.9844,33.2238,1.3614,5.2056,6.6461,0.0,2.1,13200.0,7554.6025,5271.7115,314292.0,179875.0855,27.94,18.62,1.0218
301468,博盈特焊,专用机械,广东,20230724,301468.SZ,20241018,22.66,23.59,22.51,23.28,22.73,0.55,2.4197,11989.49,27775.774,1.587,2.2743,1.62,23.4506,32.4842,1.3311,5.0897,6.4982,0.0,2.1478,13200.0,7554.6025,5271.7115,307296.0,175871.1462,27.28,18.18,1.0218
301468,博盈特焊,专用机械,广东,20230724,301468.SZ,20241017,22.97,23.05,22.68,22.73,22.74,-0.01,-0.044,6018.82,13771.006,0.7967,1.1417,0.7,22.8965,31.7168,1.2996,4.9695,6.3447,0.0,2.1997,13200.0,7554.6025,5271.7115,300036.0,171716.1148,27.29,18.19,1.0218
301468,博盈特焊,专用机械,广东,20230724,301468.SZ,20241016,22.5,22.95,22.35,22.74,22.71,0.03,0.1321,5612.94,12765.844,0.743,1.0647,0.44,22.9066,31.7307,1.3002,4.9717,6.3475,0.0,2.1988,13200.0,7554.6025,5271.7115,300168.0,171791.6609,27.25,18.17,1.0218
301468,博盈特焊,专用机械,广东,20230724,301468.SZ,20241015,23.21,23.26,22.71,22.71,23.1,-0.39,-1.6883,6839.15,15717.707,0.9053,1.2973,0.32,22.8764,31.6889,1.2985,4.9651,6.3391,0.0,2.2017,13200.0,7554.6025,5271.7115,299772.0,171565.0228,27.72,18.48,1.0218
301468,博盈特焊,专用机械,广东,20230724,301468.SZ,20241014,22.68,23.1,22.48,23.1,22.64,0.46,2.0318,7933.29,18164.954,1.0501,1.5049,0.3,23.2692,32.2331,1.3208,5.0504,6.4479,0.0,2.1645,13200.0,7554.6025,5271.7115,304920.0,174511.3178,27.17,18.11,1.0218
301468,博盈特焊,专用机械,广东,20230724,301468.SZ,20241011,23.34,23.6,22.17,22.64,23.34,-0.7,-2.9991,10599.04,24207.678,1.403,2.0106,0.38,22.8059,31.5912,1.2945,4.9498,6.3195,0.0,2.2085,13200.0,7554.6025,5271.7115,298848.0,171036.2006,28.01,18.67,1.0218
301468,博盈特焊,专用机械,广东,20230724,301468.SZ,20241010,23.79,24.02,23.31,23.34,23.34,0.0,0.0,11781.02,27832.609,1.5594,2.2348,0.44,23.511,32.568,1.3345,5.1028,6.5149,0.0,2.1422,13200.0,7554.6025,5271.7115,308088.0,176324.4224,28.01,18.67,1.0218
301468,博盈特焊,专用机械,广东,20230724,301468.SZ,20241009,25.0,25.1,23.34,23.34,26.09,-2.75,-10.5404,26835.51,65075.896,3.5522,5.0905,1.12,23.511,32.568,1.3345,5.1028,6.5149,0.0,2.1422,13200.0,7554.6025,5271.7115,308088.0,176324.4224,31.31,20.87,1.0218
301468,博盈特焊,专用机械,广东,20230724,301468.SZ,20241008,28.5,28.89,24.9,26.09,24.14,1.95,8.0779,49337.71,130123.515,6.5308,9.359,3.03,26.2811,36.4052,1.4918,5.7041,7.2825,0.0,1.9164,13200.0,7554.6025,5271.7115,344388.0,197099.5792,28.97,19.31,1.0218
301468,博盈特焊,专用机械,广东,20230724,301468.SZ,20240930,22.09,24.65,22.09,24.14,21.57,2.57,11.9147,33705.12,78573.473,4.4615,6.3936,3.18,24.3169,33.6843,1.3803,5.2777,6.7382,0.0,2.0713,13200.0,7554.6025,5271.7115,318648.0,182368.1044,25.88,17.26,1.0218
301468,博盈特焊,专用机械,广东,20230724,301468.SZ,20240927,20.75,21.75,20.52,21.57,20.5,1.07,5.2195,16058.84,33984.778,2.1257,3.0462,1.99,21.728,30.0982,1.2333,4.7159,6.0209,0.0,2.318,13200.0,7554.6025,5271.7115,284724.0,162952.7759,24.6,16.4,1.0218
301468,博盈特焊,专用机械,广东,20230724,301468.SZ,20240926,19.99,20.53,19.99,20.5,20.17,0.33,1.6361,8988.36,18243.382,1.1898,1.705,1.21,20.6502,28.6051,1.1721,4.4819,5.7222,0.0,2.439,13200.0,7554.6025,5271.7115,270600.0,154869.3513,24.2,16.14,1.0218
301468,博盈特焊,专用机械,广东,20230724,301468.SZ,20240925,20.35,20.62,20.15,20.17,20.34,-0.17,-0.8358,11802.79,24059.855,1.5623,2.2389,1.99,20.3178,28.1446,1.1533,4.4098,5.6301,0.0,2.4789,13200.0,7554.6025,5271.7115,266244.0,152376.3324,24.41,16.27,1.0218
301468,博盈特焊,专用机械,广东,20230724,301468.SZ,20240924,19.89,20.34,19.82,20.34,19.8,0.54,2.7273,10983.5,22116.536,1.4539,2.0835,2.44,20.489,28.3819,1.163,4.4469,5.6775,0.0,2.4582,13200.0,7554.6025,5271.7115,268488.0,153660.6149,23.76,15.84,1.0218
301468,博盈特焊,专用机械,广东,20230724,301468.SZ,20240923,19.69,19.88,19.56,19.8,19.57,0.23,1.1753,5126.31,10119.566,0.6786,0.9724,1.26,19.9451,27.6284,1.1321,4.3289,5.5268,0.0,2.5253,13200.0,7554.6025,5271.7115,261360.0,149581.1295,23.48,15.66,1.0218
301468,博盈特焊,专用机械,广东,20230724,301468.SZ,20240920,19.52,19.58,19.33,19.57,19.52,0.05,0.2561,3504.15,6815.472,0.4638,0.6647,0.9,19.7134,27.3074,1.119,4.2786,5.4626,0.0,2.5549,13200.0,7554.6025,5271.7115,258324.0,147843.5709,23.42,15.62,1.0218
301468,博盈特焊,专用机械,广东,20230724,301468.SZ,20240919,19.22,19.55,19.13,19.52,19.21,0.31,1.6137,5754.39,11184.078,0.7617,1.0916,1.73,19.663,27.2376,1.1161,4.2677,5.4486,0.0,2.5615,13200.0,7554.6025,5271.7115,257664.0,147465.8408,23.05,15.37,1.0218
301468,博盈特焊,专用机械,广东,20230724,301468.SZ,20240918,19.05,19.21,18.8,19.21,18.96,0.25,1.3186,4218.19,8027.15,0.5584,0.8002,1.4,19.3507,26.8051,1.0984,4.1999,5.3621,0.0,2.6028,13200.0,7554.6025,5271.7115,253572.0,145123.914,22.75,15.17,1.0218
301468,博盈特焊,专用机械,广东,20230724,301468.SZ,20240913,19.07,19.24,18.81,18.96,19.0,-0.04,-0.2105,3890.85,7412.082,0.515,0.7381,1.22,19.0989,26.4562,1.0841,4.1452,5.2923,0.0,2.6371,13200.0,7554.6025,5271.7115,250272.0,143235.2634,22.8,15.2,1.0218
301468,博盈特焊,专用机械,广东,20230724,301468.SZ,20240912,19.0,19.24,18.73,19.0,19.0,0.0,0.0,3051.19,5827.311,0.4039,0.5788,0.98,19.1392,26.5121,1.0864,4.154,5.3035,0.0,2.6316,13200.0,7554.6025,5271.7115,250800.0,143537.4475,22.8,15.2,1.0218
301468,博盈特焊,专用机械,广东,20230724,301468.SZ,20240911,18.82,19.28,18.82,19.0,18.96,0.04,0.211,2657.41,5048.09,0.3518,0.5041,0.83,19.1392,26.5121,1.0864,4.154,5.3035,0.0,2.6316,13200.0,7554.6025,5271.7115,250800.0,143537.4475,22.75,15.17,1.0218
301468,博盈特焊,专用机械,广东,20230724,301468.SZ,20240910,18.74,18.99,18.61,18.96,18.72,0.24,1.2821,2829.02,5318.299,0.3745,0.5366,0.86,19.0989,26.4562,1.0841,4.1452,5.2923,0.0,2.6371,13200.0,7554.6025,5271.7115,250272.0,143235.2634,22.46,14.98,1.0218
301468,博盈特焊,专用机械,广东,20230724,301468.SZ,20240909,18.8,18.9,18.6,18.72,18.78,-0.06,-0.3195,2650.95,4963.336,0.3509,0.5029,0.73,18.8571,26.1214,1.0704,4.0928,5.2253,0.0,2.6709,13200.0,7554.6025,5271.7115,247104.0,141422.1588,22.54,15.02,1.0218
301468,博盈特焊,专用机械,广东,20230724,301468.SZ,20240906,19.33,19.34,18.77,18.78,19.31,-0.53,-2.7447,4730.63,8978.349,0.6262,0.8974,1.25,18.9176,26.2051,1.0738,4.1059,5.2421,0.0,2.6624,13200.0,7554.6025,5271.7115,247896.0,141875.435,23.17,15.45,1.0218
301468,博盈特焊,专用机械,广东,20230724,301468.SZ,20240905,19.02,19.33,19.01,19.31,19.13,0.18,0.9409,2762.07,5312.582,0.3656,0.5239,0.69,19.4515,26.9446,1.1041,4.2217,5.39,0.0,2.5893,13200.0,7554.6025,5271.7115,254892.0,145879.3743,22.96,15.3,1.0218
301468,博盈特焊,专用机械,广东,20230724,301468.SZ,20240904,19.04,19.26,18.98,19.13,19.2,-0.07,-0.3646,3128.68,5977.777,0.4141,0.5935,0.78,19.2701,26.6935,1.0938,4.1824,5.3398,0.0,2.6137,13200.0,7554.6025,5271.7115,252516.0,144519.5458,23.04,15.36,1.0218
301468,博盈特焊,专用机械,广东,20230724,301468.SZ,20240903,19.11,19.43,19.04,19.2,19.16,0.04,0.2088,3110.34,5991.042,0.4117,0.59,0.78,19.3407,26.7911,1.0978,4.1977,5.3593,0.0,2.6042,13200.0,7554.6025,5271.7115,253440.0,145048.368,22.99,15.33,1.0218
301468,博盈特焊,专用机械,广东,20230724,301468.SZ,20240902,19.01,19.63,19.01,19.16,19.43,-0.27,-1.3896,4314.85,8373.702,0.5712,0.8185,1.15,19.3004,26.7353,1.0955,4.189,5.3482,0.0,2.6096,13200.0,7554.6025,5271.7115,252912.0,144746.1839,23.32,15.54,1.0218
301468,博盈特焊,专用机械,广东,20230724,301468.SZ,20240830,19.26,19.64,19.19,19.43,19.25,0.18,0.9351,5555.79,10818.168,0.7354,1.0539,1.63,19.5723,27.1121,1.111,4.248,5.4235,0.0,2.5733,13200.0,7554.6025,5271.7115,256476.0,146785.9266,23.1,15.4,1.0218
301468,博盈特焊,专用机械,广东,20230724,301468.SZ,20240829,18.95,19.33,18.86,19.25,18.93,0.32,1.6904,3837.64,7338.877,0.508,0.728,1.14,19.391,26.8609,1.1007,4.2086,5.3733,0.0,2.5974,13200.0,7554.6025,5271.7115,254100.0,145426.0981,22.72,15.14,1.0218
301468,博盈特焊,专用机械,广东,20230724,301468.SZ,20240828,18.9,19.05,18.56,18.93,18.67,0.26,1.3926,3288.85,6203.419,0.4353,0.6239,1.04,19.0687,26.4144,1.0824,4.1387,5.284,0.0,2.6413,13200.0,7554.6025,5271.7115,249876.0,143008.6253,22.4,14.94,1.0218
301468,博盈特焊,专用机械,广东,20230724,301468.SZ,20240827,18.78,18.87,18.52,18.67,18.83,-0.16,-0.8497,3031.85,5661.577,0.4013,0.5751,0.83,18.8068,19.0991,1.0824,4.0818,4.1017,0.0,2.6781,13200.0,7554.6025,5271.7115,246444.0,141044.4287,22.6,15.06,1.0218
301468,博盈特焊,专用机械,广东,20230724,301468.SZ,20240826,18.57,19.0,18.57,18.83,18.57,0.26,1.4001,2984.69,5621.856,0.3951,0.5662,0.79,18.9679,19.2627,1.0917,4.1168,4.1368,0.0,2.6553,13200.0,7554.6025,5271.7115,248556.0,142253.1651,22.28,14.86,1.0218
301468,博盈特焊,专用机械,广东,20230724,301468.SZ,20240823,18.95,19.11,18.55,18.57,18.95,-0.38,-2.0053,3938.32,7364.211,0.5213,0.7471,1.05,18.706,18.9968,1.0766,4.06,4.0797,0.0,2.6925,13200.0,7554.6025,5271.7115,245124.0,140288.9684,22.74,15.16,1.0218
301468,博盈特焊,专用机械,广东,20230724,301468.SZ,20240822,19.37,19.49,18.89,18.95,19.37,-0.42,-2.1683,3593.0,6886.479,0.4756,0.6816,0.9,19.0888,19.3855,1.0987,4.143,4.1632,0.0,2.6385,13200.0,7554.6025,5271.7115,250140.0,143159.7174,23.24,15.5,1.0218
301468,博盈特焊,专用机械,广东,20230724,301468.SZ,20240821,19.31,19.44,19.25,19.37,19.33,0.04,0.2069,2226.01,4307.659,0.2947,0.4223,0.49,19.5119,19.8152,1.123,4.2349,4.2555,0.0,2.5813,13200.0,7554.6025,5271.7115,255684.0,146332.6504,23.2,15.46,1.0218
301468,博盈特焊,专用机械,广东,20230724,301468.SZ,20240820,19.9,20.06,19.28,19.33,19.72,-0.39,-1.9777,5568.8,10865.59,0.7371,1.0564,1.19,19.4716,19.7742,1.1207,4.2261,4.2467,0.0,2.5867,13200.0,7554.6025,5271.7115,255156.0,146030.4663,23.66,15.78,1.0218
301468,博盈特焊,专用机械,广东,20230724,301468.SZ,20240819,19.79,19.97,19.71,19.72,19.86,-0.14,-0.7049,3576.94,7099.671,0.4735,0.6785,0.75,19.8645,20.1732,1.1433,4.3114,4.3324,0.0,2.5355,13200.0,7554.6025,5271.7115,260304.0,148976.7613,23.83,15.89,1.0218
301468,博盈特焊,专用机械,广东,20230724,301468.SZ,20240816,20.0,20.08,19.83,19.86,19.97,-0.11,-0.5508,3838.0,7665.738,0.508,0.728,0.8,20.0055,20.3164,1.1514,4.342,4.3631,0.0,2.5176,13200.0,7554.6025,5271.7115,262152.0,150034.4057,23.96,15.98,1.0218
301468,博盈特焊,专用机械,广东,20230724,301468.SZ,20240815,19.86,20.01,19.71,19.97,19.93,0.04,0.2007,4775.0,9501.118,0.6321,0.9058,1.03,20.1163,20.4289,1.1578,4.366,4.3873,0.0,2.5038,13200.0,7554.6025,5271.7115,263604.0,150865.4119,23.92,15.94,1.0218
301468,博盈特焊,专用机械,广东,20230724,301468.SZ,20240814,19.94,20.24,19.87,19.93,20.07,-0.14,-0.6976,4848.0,9693.642,0.6417,0.9196,1.07,20.076,20.388,1.1555,4.3573,4.3785,0.0,2.5088,13200.0,7554.6025,5271.7115,263076.0,150563.2278,24.08,16.06,1.0218
301468,博盈特焊,专用机械,广东,20230724,301468.SZ,20240813,20.34,20.34,19.66,20.07,19.87,0.2,1.0065,6298.9,12572.032,0.8338,1.1948,1.33,20.217,20.5312,1.1636,4.3879,4.4093,0.0,2.4913,13200.0,7554.6025,5271.7115,264924.0,151620.8722,23.84,15.9,1.0218
301468,博盈特焊,专用机械,广东,20230724,301468.SZ,20240812,19.78,19.92,19.61,19.87,19.76,0.11,0.5567,4158.22,8215.532,0.5504,0.7888,0.77,20.0156,20.3266,1.152,4.3442,4.3653,0.0,2.5164,13200.0,7554.6025,5271.7115,262284.0,150109.9517,23.71,15.81,1.0218
301468,博盈特焊,专用机械,广东,20230724,301468.SZ,20240809,19.93,20.1,19.76,19.76,19.84,-0.08,-0.4032,3981.0,7926.842,0.527,0.7552,0.61,19.9048,20.2141,1.1456,4.3201,4.3412,0.0,2.5304,13200.0,7554.6025,5271.7115,260832.0,149278.9454,23.81,15.87,1.0218
301468,博盈特焊,专用机械,广东,20230724,301468.SZ,20240808,20.0,20.01,19.67,19.84,20.04,-0.2,-0.998,3856.42,7639.588,0.5105,0.7315,0.52,19.9853,20.296,1.1503,4.3376,4.3587,0.0,2.5202,13200.0,7554.6025,5271.7115,261888.0,149883.3136,24.05,16.03,1.0218
301468,博盈特焊,专用机械,广东,20230724,301468.SZ,20240807,20.24,20.26,20.01,20.04,20.13,-0.09,-0.4471,4315.09,8664.466,0.5712,0.8185,0.46,20.1868,20.5006,1.1619,4.3813,4.4027,0.0,2.495,13200.0,7554.6025,5271.7115,264528.0,151394.2341,24.16,16.1,1.0218
301468,博盈特焊,专用机械,广东,20230724,301468.SZ,20240806,19.7,20.13,19.7,20.13,19.52,0.61,3.125,7412.1,14794.631,0.9811,1.406,0.84,20.2775,20.5926,1.1671,4.401,4.4224,0.0,2.4839,13200.0,7554.6025,5271.7115,265716.0,152074.1483,23.42,15.62,1.0218
301468,博盈特焊,专用机械,广东,20230724,301468.SZ,20240805,19.99,20.3,19.5,19.52,20.13,-0.61,-3.0303,7490.8,14910.986,0.9916,1.4209,0.87,19.663,19.9686,1.1317,4.2677,4.2884,0.0,2.5615,13200.0,7554.6025,5271.7115,257664.0,147465.8408,24.16,16.1,1.0218
301468,博盈特焊,专用机械,广东,20230724,301468.SZ,20240802,20.16,20.49,20.07,20.13,20.25,-0.12,-0.5926,9784.45,19874.388,1.2952,1.856,1.25,20.2775,20.5926,1.1671,4.401,4.4224,0.0,2.4839,13200.0,7554.6025,5271.7115,265716.0,152074.1483,24.3,16.2,1.0218
301468,博盈特焊,专用机械,广东,20230724,301468.SZ,20240801,20.21,20.39,20.16,20.25,20.29,-0.04,-0.1971,8070.51,16355.646,1.0683,1.5309,1.05,20.3984,20.7154,1.174,4.4273,4.4488,0.0,2.4691,13200.0,7554.6025,5271.7115,267300.0,152980.7006,24.35,16.23,1.0218
301468,博盈特焊,专用机械,广东,20230724,301468.SZ,20240731,19.95,20.48,19.82,20.29,19.95,0.34,1.7043,13650.82,27649.104,1.807,2.5894,2.06,20.4386,20.7563,1.1764,4.436,4.4576,0.0,2.4643,13200.0,7554.6025,5271.7115,267828.0,153282.8847,23.94,15.96,1.0218
301468,博盈特焊,专用机械,广东,20230724,301468.SZ,20240730,19.85,19.95,19.6,19.95,19.8,0.15,0.7576,5092.92,10106.8,0.6741,0.9661,0.69,20.0962,20.4085,1.1566,4.3617,4.3829,0.0,2.5063,13200.0,7554.6025,5271.7115,263340.0,150714.3199,23.76,15.84,1.0218
301468,博盈特焊,专用机械,广东,20230724,301468.SZ,20240729,20.07,20.13,19.79,19.8,20.01,-0.21,-1.0495,6477.02,12909.871,0.8574,1.2286,0.98,19.9451,20.255,1.148,4.3289,4.3499,0.0,2.5253,13200.0,7554.6025,5271.7115,261360.0,149581.1295,24.01,16.01,1.0218
301468,博盈特焊,专用机械,广东,20230724,301468.SZ,20240726,20.02,20.2,19.94,20.01,19.92,0.09,0.4518,5883.2,11801.394,0.7788,1.116,1.0,20.1566,20.4699,1.1601,4.3748,4.3961,0.0,2.4988,13200.0,7554.6025,5271.7115,264132.0,151167.596,23.9,15.94,1.0218
301468,博盈特焊,专用机械,广东,20230724,301468.SZ,20240725,19.83,20.18,19.58,19.92,19.8,0.12,0.6061,7313.0,14587.617,0.968,1.3872,1.44,20.0659,20.3778,1.1549,4.3551,4.3763,0.0,2.51,13200.0,7554.6025,5271.7115,262944.0,150487.6818,23.76,15.84,1.0218
301468,博盈特焊,专用机械,广东,20230724,301468.SZ,20240724,20.52,20.53,19.7,19.8,20.51,-0.71,-3.4617,8394.21,16769.806,1.1111,1.5923,2.2,19.9451,20.255,1.148,4.3289,4.3499,0.0,2.5253,13200.0,7554.6025,5271.7115,261360.0,149581.1295,24.61,16.41,1.0218
301468,博盈特焊,专用机械,广东,20230724,301468.SZ,20240723,21.5,21.56,20.41,20.51,21.56,-1.05,-4.8701,8907.62,18558.292,2.6993,2.6993,3.6,20.6603,20.9814,1.1891,4.4841,4.5059,0.0,2.4378,13200.0,3300.0,3300.0,270732.0,67683.0,25.87,17.25,1.0218
301468,博盈特焊,专用机械,广东,20230724,301468.SZ,20240722,21.41,21.74,21.4,21.56,21.55,0.01,0.0464,2586.71,5573.44,0.7839,0.7839,0.96,21.7179,22.0555,1.25,4.7137,4.7366,0.0,2.3191,13200.0,3300.0,3300.0,284592.0,71148.0,25.86,17.24,1.0218
301468,博盈特焊,专用机械,广东,20230724,301468.SZ,20240719,21.32,21.65,21.12,21.55,21.35,0.2,0.9368,2222.74,4776.392,0.6736,0.6736,0.79,21.7079,22.0453,1.2494,4.7115,4.7344,0.0,2.3202,13200.0,3300.0,3300.0,284460.0,71115.0,25.62,17.08,1.0218
301468,博盈特焊,专用机械,广东,20230724,301468.SZ,20240718,21.6,21.65,21.07,21.35,21.66,-0.31,-1.4312,3277.04,6966.297,0.993,0.993,1.04,21.5064,21.8407,1.2378,4.6678,4.6905,0.0,2.3419,13200.0,3300.0,3300.0,281820.0,70455.0,25.99,17.33,1.0218
301468,博盈特焊,专用机械,广东,20230724,301468.SZ,20240717,21.9,21.95,21.65,21.66,21.89,-0.23,-1.0507,2089.9,4545.276,0.6333,0.6333,0.56,21.8187,22.1578,1.2558,4.7355,4.7586,0.0,2.3084,13200.0,3300.0,3300.0,285912.0,71478.0,26.27,17.51,1.0218
301468,博盈特焊,专用机械,广东,20230724,301468.SZ,20240716,21.97,21.97,21.6,21.89,21.84,0.05,0.2289,2205.69,4811.877,0.6684,0.6684,0.5,22.0504,22.3931,1.2691,4.7858,4.8091,0.0,2.2841,13200.0,3300.0,3300.0,288948.0,72237.0,26.21,17.47,1.0218
301468,博盈特焊,专用机械,广东,20230724,301468.SZ,20240715,22.01,22.16,21.62,21.84,22.03,-0.19,-0.8625,3649.01,7958.214,1.1058,1.1058,0.8,22.0,22.3419,1.2662,4.7749,4.7981,0.0,2.2894,13200.0,3300.0,3300.0,288288.0,72072.0,26.44,17.62,1.0218
301468,博盈特焊,专用机械,广东,20230724,301468.SZ,20240712,22.16,22.21,21.98,22.03,22.16,-0.13,-0.5866,2768.27,6114.084,0.8389,0.8389,0.58,22.1914,22.5363,1.2772,4.8164,4.8399,0.0,2.2696,13200.0,3300.0,3300.0,290796.0,72699.0,26.59,17.73,1.0218
301468,博盈特焊,专用机械,广东,20230724,301468.SZ,20240711,21.85,22.19,21.85,22.16,21.54,0.62,2.8784,4993.45,11018.505,1.5132,1.5132,0.99,22.3223,22.6693,1.2848,4.8448,4.8684,0.0,2.2563,13200.0,3300.0,3300.0,292512.0,73128.0,25.85,17.23,1.0218
301468,博盈特焊,专用机械,广东,20230724,301468.SZ,20240710,22.23,22.23,21.42,21.54,21.69,-0.15,-0.6916,5133.69,11172.951,1.5557,1.5557,1.0,21.6978,22.035,1.2488,4.7093,4.7322,0.0,2.3213,13200.0,3300.0,3300.0,284328.0,71082.0,26.03,17.35,1.0218
301468,博盈特焊,专用机械,广东,20230724,301468.SZ,20240709,21.62,21.73,20.85,21.69,21.44,0.25,1.166,5494.44,11704.298,1.665,1.665,1.18,21.8489,22.1885,1.2575,4.7421,4.7652,0.0,2.3052,13200.0,3300.0,3300.0,286308.0,71577.0,25.73,17.15,1.0218
301468,博盈特焊,专用机械,广东,20230724,301468.SZ,20240708,22.24,22.32,21.44,21.44,22.23,-0.79,-3.5538,4444.96,9678.145,1.347,1.347,0.98,21.5971,21.9327,1.243,4.6874,4.7102,0.0,2.3321,13200.0,3300.0,3300.0,283008.0,70752.0,26.68,17.78,1.0218
301468,博盈特焊,专用机械,广东,20230724,301468.SZ,20240705,22.3,22.38,21.72,22.23,22.16,0.07,0.3159,3652.96,8076.486,1.107,1.107,0.73,22.3929,22.7409,1.2888,4.8601,4.8838,0.0,2.2492,13200.0,3300.0,3300.0,293436.0,73359.0,26.59,17.73,1.0218
301468,博盈特焊,专用机械,广东,20230724,301468.SZ,20240704,23.05,23.24,22.1,22.16,23.15,-0.99,-4.2765,6461.0,14612.68,1.9579,1.9579,1.28,22.3223,22.6693,1.2848,4.8448,4.8684,0.0,2.2563,13200.0,3300.0,3300.0,292512.0,73128.0,27.78,18.52,1.0218
301468,博盈特焊,专用机械,广东,20230724,301468.SZ,20240703,23.05,23.53,22.97,23.15,23.11,0.04,0.1731,5579.78,12985.032,1.6908,1.6908,0.99,23.3196,23.682,1.3422,5.0613,5.0859,0.0,2.1598,13200.0,3300.0,3300.0,305580.0,76395.0,27.73,18.49,1.0218
301468,博盈特焊,专用机械,广东,20230724,301468.SZ,20240702,23.15,23.23,22.99,23.11,23.13,-0.02,-0.0865,3120.0,7208.475,0.9455,0.9455,0.47,23.2793,23.6411,1.3399,5.0525,5.0771,0.0,2.1636,13200.0,3300.0,3300.0,305052.0,76263.0,27.76,18.5,1.0218
301468,博盈特焊,专用机械,广东,20230724,301468.SZ,20240701,23.13,23.59,22.75,23.13,23.13,0.0,0.0,3880.36,8923.864,1.1759,1.1759,0.52,23.2995,23.6616,1.341,5.0569,5.0815,0.0,2.1617,13200.0,3300.0,3300.0,305316.0,76329.0,27.76,18.5,1.0218
301468,博盈特焊,专用机械,广东,20230724,301468.SZ,20240628,22.99,23.2,22.81,23.13,22.93,0.2,0.8722,6064.15,13993.478,1.8376,1.8376,0.84,23.2995,23.6616,1.341,5.0569,5.0815,0.0,2.1617,13200.0,3300.0,3300.0,305316.0,76329.0,27.52,18.34,1.0218
301468,博盈特焊,专用机械,广东,20230724,301468.SZ,20240627,23.48,23.95,23.35,23.43,23.64,-0.21,-0.8883,6535.18,15498.738,1.9804,1.9804,0.91,23.6016,23.9685,1.3201,5.1225,5.1474,0.0,,13200.0,3300.0,3300.0,309276.0,77319.0,28.37,18.91,1.0
301468,博盈特焊,专用机械,广东,20230724,301468.SZ,20240626,22.77,24.0,22.51,23.64,22.89,0.75,3.2765,8556.46,20083.956,2.5929,2.5929,1.36,23.8132,24.1833,1.332,5.1684,5.1936,0.0,,13200.0,3300.0,3300.0,312048.0,78012.0,27.47,18.31,1.0
301468,博盈特焊,专用机械,广东,20230724,301468.SZ,20240625,22.29,23.46,22.26,22.89,22.23,0.66,2.969,8463.8,19335.613,2.5648,2.5648,1.48,23.0577,23.416,1.2897,5.0044,5.0288,0.0,,13200.0,3300.0,3300.0,302148.0,75537.0,26.68,17.78,1.0
301468,博盈特焊,专用机械,广东,20230724,301468.SZ,20240624,23.78,23.78,22.18,22.23,23.59,-1.36,-5.7652,7719.07,17578.1,2.3391,2.3391,1.44,22.3929,22.7409,1.2525,4.8601,4.8838,0.0,,13200.0,3300.0,3300.0,293436.0,73359.0,28.31,18.87,1.0
301468,博盈特焊,专用机械,广东,20230724,301468.SZ,20240621,24.05,24.05,23.42,23.59,24.05,-0.46,-1.9127,4832.7,11448.737,1.4645,1.4645,0.91,23.7628,24.1321,1.3292,5.1575,5.1826,0.0,,13200.0,3300.0,3300.0,311388.0,77847.0,28.86,19.24,1.0
301468,博盈特焊,专用机械,广东,20230724,301468.SZ,20240620,24.47,24.86,24.0,24.05,24.67,-0.62,-2.5132,6266.29,15309.121,1.8989,1.8989,1.15,24.2262,24.6027,1.3551,5.2581,5.2836,0.0,,13200.0,3300.0,3300.0,317460.0,79365.0,29.6,19.74,1.0
301468,博盈特焊,专用机械,广东,20230724,301468.SZ,20240619,24.84,24.89,24.5,24.67,24.84,-0.17,-0.6844,4212.0,10397.709,1.2764,1.2764,0.68,24.8507,25.237,1.39,5.3936,5.4199,0.0,,13200.0,3300.0,3300.0,325644.0,81411.0,29.81,19.87,1.0
301468,博盈特焊,专用机械,广东,20230724,301468.SZ,20240618,24.39,24.85,24.29,24.84,24.39,0.45,1.845,5530.5,13632.273,1.6759,1.6759,0.91,25.022,25.4109,1.3996,5.4308,5.4572,0.0,,13200.0,3300.0,3300.0,327888.0,81972.0,29.27,19.51,1.0
301468,博盈特焊,专用机械,广东,20230724,301468.SZ,20240617,24.73,24.88,24.27,24.39,24.88,-0.49,-1.9695,5881.96,14428.147,1.7824,1.7824,0.95,24.5687,24.9505,1.3742,5.3324,5.3583,0.0,,13200.0,3300.0,3300.0,321948.0,80487.0,29.86,19.9,1.0
301468,博盈特焊,专用机械,广东,20230724,301468.SZ,20240614,24.99,25.08,24.65,24.88,24.99,-0.11,-0.4402,4552.96,11296.144,1.3797,1.3797,0.59,25.0623,25.4518,1.4018,5.4395,5.466,0.0,,13200.0,3300.0,3300.0,328416.0,82104.0,29.99,19.99,1.0
301468,博盈特焊,专用机械,广东,20230724,301468.SZ,20240613,24.61,25.13,24.51,24.99,24.71,0.28,1.1331,7142.61,17765.461,2.1644,2.1644,0.89,25.1731,25.5643,1.408,5.4636,5.4902,0.0,,13200.0,3300.0,3300.0,329868.0,82467.0,29.65,19.77,1.0
301468,博盈特焊,专用机械,广东,20230724,301468.SZ,20240612,23.85,24.87,23.85,24.71,24.1,0.61,2.5311,7752.35,19000.508,2.3492,2.3492,0.93,24.891,25.2779,1.3923,5.4024,5.4286,0.0,,13200.0,3300.0,3300.0,326172.0,81543.0,28.92,19.28,1.0
301468,博盈特焊,专用机械,广东,20230724,301468.SZ,20240611,24.0,24.34,23.5,24.1,24.08,0.02,0.0831,5068.25,12080.067,1.5358,1.5358,0.54,24.2766,24.6539,1.3579,5.269,5.2946,0.0,,13200.0,3300.0,3300.0,318120.0,79530.0,28.9,19.26,1.0
301468,博盈特焊,专用机械,广东,20230724,301468.SZ,20240607,23.8,24.36,23.8,24.08,23.7,0.38,1.6034,6453.96,15564.124,1.9557,1.9557,0.57,24.2564,24.6334,1.3568,5.2646,5.2902,0.0,,13200.0,3300.0,3300.0,317856.0,79464.0,28.44,18.96,1.0
301468,博盈特焊,专用机械,广东,20230724,301468.SZ,20240606,24.9,25.18,23.68,23.7,25.11,-1.41,-5.6153,12137.38,29589.172,3.678,3.678,0.97,23.8736,24.2447,1.3354,5.1815,5.2067,0.0,,13200.0,3300.0,3300.0,312840.0,78210.0,30.13,20.09,1.0
301468,博盈特焊,专用机械,广东,20230724,301468.SZ,20240605,24.95,25.27,24.72,25.11,24.95,0.16,0.6413,8676.94,21710.893,2.6294,2.6294,0.54,25.294,25.6871,1.4148,5.4898,5.5165,0.0,,13200.0,3300.0,3300.0,331452.0,82863.0,29.94,19.96,1.0
301468,博盈特焊,专用机械,广东,20230724,301468.SZ,20240604,25.21,25.27,24.56,24.95,25.27,-0.32,-1.2663,9404.93,23307.282,2.85,2.85,0.42,25.1328,25.5234,1.4058,5.4548,5.4814,0.0,,13200.0,3300.0,3300.0,329340.0,82335.0,30.32,20.22,1.0
301468,博盈特焊,专用机械,广东,20230724,301468.SZ,20240603,25.58,25.8,24.99,25.27,25.5,-0.23,-0.902,10527.61,26673.582,3.1902,3.1902,0.44,25.4551,25.8507,1.4238,5.5248,5.5517,0.0,,13200.0,3300.0,3300.0,333564.0,83391.0,30.6,20.4,1.0
301468,博盈特焊,专用机械,广东,20230724,301468.SZ,20240531,26.23,26.23,25.5,25.5,26.32,-0.82,-3.1155,16297.01,41950.642,4.9385,4.9385,0.61,25.6868,26.086,1.4368,5.5751,5.6022,0.0,,13200.0,3300.0,3300.0,336600.0,84150.0,31.58,21.06,1.0
301468,博盈特焊,专用机械,广东,20230724,301468.SZ,20240530,26.68,26.68,26.12,26.32,26.76,-0.44,-1.6442,17354.23,45635.997,5.2589,5.2589,0.65,26.5128,26.9249,1.483,5.7543,5.7823,0.0,,13200.0,3300.0,3300.0,347424.0,86856.0,32.11,21.41,1.0
301468,博盈特焊,专用机械,广东,20230724,301468.SZ,20240529,26.31,26.76,26.01,26.76,26.81,-0.05,-0.1865,27377.71,72077.939,8.2963,8.2963,1.25,26.956,27.375,1.5078,5.8505,5.879,0.0,,13200.0,3300.0,3300.0,353232.0,88308.0,32.17,21.45,1.0
301468,博盈特焊,专用机械,广东,20230724,301468.SZ,20240528,25.05,26.98,24.51,26.81,25.16,1.65,6.558,41602.58,108912.654,12.6068,12.6068,2.86,27.0064,27.4261,1.5106,5.8615,5.89,0.0,,13200.0,3300.0,3300.0,353892.0,88473.0,30.19,20.13,1.0
301468,博盈特焊,专用机械,广东,20230724,301468.SZ,20240527,25.26,25.36,24.5,25.16,25.5,-0.34,-1.3333,17164.19,42741.136,5.2013,5.2013,1.42,25.3443,25.7382,1.4176,5.5007,5.5275,0.0,,13200.0,3300.0,3300.0,332112.0,83028.0,30.6,20.4,1.0
301468,博盈特焊,专用机械,广东,20230724,301468.SZ,20240524,24.72,25.95,24.4,25.5,24.7,0.8,3.2389,30144.15,76768.784,9.1346,9.1346,4.38,25.6868,26.086,1.4368,5.5751,5.6022,0.0,,13200.0,3300.0,3300.0,336600.0,84150.0,29.64,19.76,1.0
301468,博盈特焊,专用机械,广东,20230724,301468.SZ,20240523,24.12,24.8,23.87,24.7,24.2,0.5,2.0661,16363.33,40109.689,4.9586,4.9586,3.59,24.881,25.2676,1.3917,5.4002,5.4264,0.0,,13200.0,3300.0,3300.0,326040.0,81510.0,29.04,19.36,1.0
301468,博盈特焊,专用机械,广东,20230724,301468.SZ,20240522,23.85,24.2,23.85,24.2,23.92,0.28,1.1706,4513.92,10884.199,1.3679,1.3679,0.95,24.3773,24.7562,1.3635,5.2909,5.3166,0.0,,13200.0,3300.0,3300.0,319440.0,79860.0,28.7,19.14,1.0
301468,博盈特焊,专用机械,广东,20230724,301468.SZ,20240521,24.06,24.23,23.86,23.92,24.15,-0.23,-0.9524,4657.0,11176.284,1.4112,1.4112,0.99,24.0952,24.4697,1.3477,5.2296,5.2551,0.0,,13200.0,3300.0,3300.0,315744.0,78936.0,28.98,19.32,1.0
301468,博盈特焊,专用机械,广东,20230724,301468.SZ,20240520,24.35,24.38,24.0,24.15,24.26,-0.11,-0.4534,4759.32,11517.608,1.4422,1.4422,0.98,24.3269,24.705,1.3607,5.2799,5.3056,0.0,,13200.0,3300.0,3300.0,318780.0,79695.0,29.11,19.41,1.0
301468,博盈特焊,专用机械,广东,20230724,301468.SZ,20240517,23.75,24.27,23.75,24.26,23.91,0.35,1.4638,4144.46,9980.792,1.2559,1.2559,0.81,24.4377,24.8175,1.3669,5.304,5.3298,0.0,,13200.0,3300.0,3300.0,320232.0,80058.0,28.69,19.13,1.0
301468,博盈特焊,专用机械,广东,20230724,301468.SZ,20240516,23.99,24.28,23.86,23.91,23.98,-0.07,-0.2919,4684.05,11276.133,1.4194,1.4194,0.88,24.0852,24.4595,1.3472,5.2274,5.2529,0.0,,13200.0,3300.0,3300.0,315612.0,78903.0,28.78,19.18,1.0
301468,博盈特焊,专用机械,广东,20230724,301468.SZ,20240515,24.15,24.55,23.96,23.98,23.96,0.02,0.0835,5597.38,13571.472,1.6962,1.6962,1.04,24.1557,24.5311,1.3511,5.2428,5.2683,0.0,,13200.0,3300.0,3300.0,316536.0,79134.0,28.75,19.17,1.0
301468,博盈特焊,专用机械,广东,20230724,301468.SZ,20240514,23.9,24.09,23.71,23.96,23.69,0.27,1.1397,4445.49,10655.547,1.3471,1.3471,0.77,24.1355,24.5106,1.35,5.2384,5.2639,0.0,,13200.0,3300.0,3300.0,316272.0,79068.0,28.43,18.95,1.0
301468,博盈特焊,专用机械,广东,20230724,301468.SZ,20240513,23.81,24.0,23.59,23.69,24.19,-0.5,-2.067,5382.82,12797.143,1.6312,1.6312,0.86,23.8636,24.2344,1.3348,5.1793,5.2046,0.0,,13200.0,3300.0,3300.0,312708.0,78177.0,29.03,19.35,1.0
301468,博盈特焊,专用机械,广东,20230724,301468.SZ,20240510,24.66,24.66,24.1,24.19,24.51,-0.32,-1.3056,5416.5,13150.216,1.6414,1.6414,0.85,24.3672,24.7459,1.363,5.2887,5.3144,0.0,,13200.0,3300.0,3300.0,319308.0,79827.0,29.41,19.61,1.0
301468,博盈特焊,专用机械,广东,20230724,301468.SZ,20240509,24.16,24.6,24.16,24.51,24.16,0.35,1.4487,5766.04,14115.22,1.7473,1.7473,0.85,24.6896,25.0733,1.381,5.3586,5.3847,0.0,,13200.0,3300.0,3300.0,323532.0,80883.0,28.99,19.33,1.0
301468,博盈特焊,专用机械,广东,20230724,301468.SZ,20240508,24.59,24.67,24.12,24.16,24.59,-0.43,-1.7487,5968.87,14530.726,1.8087,1.8087,0.86,24.337,24.7152,1.3613,5.2821,5.3078,0.0,,13200.0,3300.0,3300.0,318912.0,79728.0,29.51,19.67,1.0
301468,博盈特焊,专用机械,广东,20230724,301468.SZ,20240507,24.35,24.6,24.28,24.59,24.41,0.18,0.7374,6486.51,15883.094,1.9656,1.9656,0.96,24.7701,25.1551,1.3855,5.3761,5.4023,0.0,,13200.0,3300.0,3300.0,324588.0,81147.0,29.29,19.53,1.0
301468,博盈特焊,专用机械,广东,20230724,301468.SZ,20240506,24.2,24.48,24.2,24.41,24.04,0.37,1.5391,7666.04,18670.941,2.323,2.323,1.22,24.5888,24.971,1.3754,5.3368,5.3627,0.0,,13200.0,3300.0,3300.0,322212.0,80553.0,28.85,19.23,1.0
301468,博盈特焊,专用机械,广东,20230724,301468.SZ,20240430,24.0,24.38,23.75,24.04,24.11,-0.07,-0.2903,5828.94,13989.146,1.7663,1.7663,0.95,24.2161,24.5925,1.3545,5.2559,5.2814,0.0,,13200.0,3300.0,3300.0,317328.0,79332.0,28.93,19.29,1.0
301468,博盈特焊,专用机械,广东,20230724,301468.SZ,20240429,23.35,24.11,23.27,24.11,23.39,0.72,3.0782,8137.06,19389.524,2.4658,2.4658,1.34,24.2866,24.6641,1.3585,5.2712,5.2968,0.0,,13200.0,3300.0,3300.0,318252.0,79563.0,28.07,18.71,1.0
301468,博盈特焊,专用机械,广东,20230724,301468.SZ,20240426,23.06,23.41,23.03,23.39,23.29,0.1,0.4294,6439.94,14988.395,1.9515,1.9515,1.05,23.5614,23.9275,1.3179,5.1138,5.1386,0.0,,13200.0,3300.0,3300.0,308748.0,77187.0,27.95,18.63,1.0
301468,博盈特焊,专用机械,广东,20230724,301468.SZ,20240425,23.27,23.48,23.06,23.29,23.15,0.14,0.6048,5828.64,13594.88,1.7663,1.7663,0.91,23.4606,23.8252,1.3123,5.0919,5.1167,0.0,,13200.0,3300.0,3300.0,307428.0,76857.0,27.78,18.52,1.0
301468,博盈特焊,专用机械,广东,20230724,301468.SZ,20240424,22.88,23.22,22.7,23.15,22.91,0.24,1.0476,5304.23,12241.451,1.6073,1.6073,0.74,23.3196,23.682,1.3044,5.0613,5.0859,0.0,,13200.0,3300.0,3300.0,305580.0,76395.0,27.49,18.33,1.0
301468,博盈特焊,专用机械,广东,20230724,301468.SZ,20240423,22.71,23.23,22.71,22.91,22.95,-0.04,-0.1743,4962.63,11428.124,1.5038,1.5038,0.58,23.0778,23.4365,1.2908,5.0088,5.0332,0.0,,13200.0,3300.0,3300.0,302412.0,75603.0,27.54,18.36,1.0
301468,博盈特焊,专用机械,广东,20230724,301468.SZ,20240422,23.02,23.45,22.68,22.95,23.48,-0.53,-2.2572,7803.5,18002.902,2.3647,2.3647,0.8,23.1181,23.4774,1.2931,5.0176,5.042,0.0,,13200.0,3300.0,3300.0,302940.0,75735.0,28.18,18.78,1.0
301468,博盈特焊,专用机械,广东,20230724,301468.SZ,20240419,23.61,23.78,23.23,23.48,23.8,-0.32,-1.3445,6779.38,15896.171,2.0544,2.0544,0.56,25.6221,24.3407,1.3533,5.3908,5.5266,0.0,,13200.0,3300.0,3300.0,309936.0,77484.0,28.56,19.04,1.0
301468,博盈特焊,专用机械,广东,20230724,301468.SZ,20240418,23.38,23.99,23.05,23.8,23.45,0.35,1.4925,7139.6,16847.837,2.1635,2.1635,0.44,25.9713,24.6725,1.3717,5.4643,5.6019,0.0,,13200.0,3300.0,3300.0,314160.0,78540.0,28.14,18.76,1.0
301468,博盈特焊,专用机械,广东,20230724,301468.SZ,20240417,22.2,23.49,22.19,23.45,21.99,1.46,6.6394,9035.41,20929.953,2.738,2.738,0.54,25.5894,24.3096,1.3515,5.384,5.5195,0.0,,13200.0,3300.0,3300.0,309540.0,77385.0,26.39,17.59,1.0
301468,博盈特焊,专用机械,广东,20230724,301468.SZ,20240416,23.6,23.88,21.91,21.99,24.12,-2.13,-8.8308,11931.85,27007.477,3.6157,3.6157,0.79,23.9962,22.7961,1.2674,5.0488,5.1759,0.0,,13200.0,3300.0,3300.0,290268.0,72567.0,28.94,19.3,1.0
301468,博盈特焊,专用机械,广东,20230724,301468.SZ,20240415,25.0,25.47,23.83,24.12,25.23,-1.11,-4.3995,13901.11,34219.845,4.2125,4.2125,1.02,26.3205,25.0042,1.3901,5.5378,5.6772,0.0,,13200.0,3300.0,3300.0,318384.0,79596.0,30.28,20.18,1.0
301468,博盈特焊,专用机械,广东,20230724,301468.SZ,20240412,25.93,25.98,25.2,25.23,26.11,-0.88,-3.3704,18646.02,47446.997,5.6503,5.6503,1.71,27.5318,26.1549,1.4541,5.7926,5.9385,0.0,,13200.0,3300.0,3300.0,333036.0,83259.0,31.33,20.89,1.0
301468,博盈特焊,专用机械,广东,20230724,301468.SZ,20240411,24.43,26.14,24.21,26.11,24.62,1.49,6.052,27402.84,69834.363,8.3039,8.3039,4.0,28.4921,27.0671,1.5048,5.9947,6.1456,0.0,,13200.0,3300.0,3300.0,344652.0,86163.0,29.54,19.7,1.0
301468,博盈特焊,专用机械,广东,20230724,301468.SZ,20240410,24.5,25.36,24.08,24.62,24.31,0.31,1.2752,12036.21,29738.332,3.6473,3.6473,2.03,26.8662,25.5225,1.419,5.6526,5.7949,0.0,,13200.0,3300.0,3300.0,324984.0,81246.0,29.17,19.45,1.0
301468,博盈特焊,专用机械,广东,20230724,301468.SZ,20240409,23.77,24.33,23.77,24.31,23.78,0.53,2.2288,3711.96,8964.365,1.1248,1.1248,0.62,26.5279,25.2012,1.4011,5.5814,5.7219,0.0,,13200.0,3300.0,3300.0,320892.0,80223.0,28.54,19.02,1.0
301468,博盈特焊,专用机械,广东,20230724,301468.SZ,20240408,24.51,24.52,23.78,23.78,24.49,-0.71,-2.8991,6230.38,15009.169,1.888,1.888,1.09,25.9495,24.6517,1.3705,5.4597,5.5972,0.0,,13200.0,3300.0,3300.0,313896.0,78474.0,29.39,19.59,1.0
301468,博盈特焊,专用机械,广东,20230724,301468.SZ,20240403,24.72,24.84,24.27,24.49,24.74,-0.25,-1.0105,5128.52,12546.094,1.5541,1.5541,0.88,26.7243,25.3878,1.4115,5.6227,5.7643,0.0,,13200.0,3300.0,3300.0,323268.0,80817.0,29.69,19.79,1.0
301468,博盈特焊,专用机械,广东,20230724,301468.SZ,20240402,24.65,24.84,24.51,24.74,24.65,0.09,0.3651,7142.64,17655.303,2.1644,2.1644,1.31,26.9971,25.6469,1.4259,5.6801,5.8231,0.0,,13200.0,3300.0,3300.0,326568.0,81642.0,29.58,19.72,1.0
301468,博盈特焊,专用机械,广东,20230724,301468.SZ,20240401,24.0,24.83,23.91,24.65,23.88,0.77,3.2245,7503.32,18378.892,2.2737,2.2737,1.39,26.8989,25.5536,1.4207,5.6595,5.802,0.0,,13200.0,3300.0,3300.0,325380.0,81345.0,28.66,19.1,1.0
301468,博盈特焊,专用机械,广东,20230724,301468.SZ,20240329,23.56,23.89,23.56,23.88,23.57,0.31,1.3152,3723.28,8854.629,1.1283,1.1283,0.6,26.0586,24.7554,1.3763,5.4827,5.6207,0.0,,13200.0,3300.0,3300.0,315216.0,78804.0,28.28,18.86,1.0
301468,博盈特焊,专用机械,广东,20230724,301468.SZ,20240328,23.11,23.79,22.99,23.57,23.14,0.43,1.8583,5186.27,12197.592,1.5716,1.5716,0.71,25.7204,24.434,1.3584,5.4115,5.5478,0.0,,13200.0,3300.0,3300.0,311124.0,77781.0,27.77,18.51,1.0
301468,博盈特焊,专用机械,广东,20230724,301468.SZ,20240327,23.74,23.94,23.1,23.14,23.76,-0.62,-2.6094,5490.21,12912.704,1.6637,1.6637,0.66,25.2511,23.9883,1.3337,5.3128,5.4465,0.0,,13200.0,3300.0,3300.0,305448.0,76362.0,28.51,19.01,1.0
301468,博盈特焊,专用机械,广东,20230724,301468.SZ,20240326,23.83,24.01,23.46,23.76,23.8,-0.04,-0.1681,5349.12,12697.456,1.6209,1.6209,0.61,25.9277,24.631,1.3694,5.4551,5.5925,0.0,,13200.0,3300.0,3300.0,313632.0,78408.0,28.56,19.04,1.0
301468,博盈特焊,专用机械,广东,20230724,301468.SZ,20240325,24.65,24.65,23.8,23.8,24.65,-0.85,-3.4483,7285.37,17653.275,2.2077,2.2077,0.79,25.9713,24.6725,1.3717,5.4643,5.6019,0.0,,13200.0,3300.0,3300.0,314160.0,78540.0,29.58,19.72,1.0
301468,博盈特焊,专用机械,广东,20230724,301468.SZ,20240322,25.26,25.49,24.51,24.65,25.22,-0.57,-2.2601,7745.7,19193.365,2.3472,2.3472,0.86,26.8989,25.5536,1.4207,5.6595,5.802,0.0,,13200.0,3300.0,3300.0,325380.0,81345.0,30.26,20.18,1.0
301468,博盈特焊,专用机械,广东,20230724,301468.SZ,20240321,25.66,25.69,24.89,25.22,25.69,-0.47,-1.8295,10706.49,27024.661,3.2444,3.2444,1.3,27.5209,26.1445,1.4535,5.7903,5.9361,0.0,,13200.0,3300.0,3300.0,332904.0,83226.0,30.83,20.55,1.0
301468,博盈特焊,专用机械,广东,20230724,301468.SZ,20240320,25.16,25.73,24.99,25.69,25.17,0.52,2.066,10616.98,26993.485,3.2173,3.2173,1.4,28.0338,26.6318,1.4806,5.8983,6.0467,0.0,,13200.0,3300.0,3300.0,339108.0,84777.0,30.2,20.14,1.0
301468,博盈特焊,专用机械,广东,20230724,301468.SZ,20240319,25.17,25.34,24.99,25.17,25.2,-0.03,-0.119,7704.37,19373.783,2.3347,2.3347,0.95,27.4663,26.0927,1.4507,5.7789,5.9243,0.0,,13200.0,3300.0,3300.0,332244.0,83061.0,30.24,20.16,1.0
301468,博盈特焊,专用机械,广东,20230724,301468.SZ,20240318,24.81,25.27,24.8,25.2,24.7,0.5,2.0243,9224.05,23105.793,2.7952,2.7952,1.15,27.4991,26.1238,1.4524,5.7857,5.9314,0.0,,13200.0,3300.0,3300.0,332640.0,83160.0,29.64,19.76,1.0
301468,博盈特焊,专用机械,广东,20230724,301468.SZ,20240315,24.19,24.7,24.19,24.7,24.3,0.4,1.6461,6647.79,16305.021,2.0145,2.0145,0.82,26.9535,25.6055,1.4236,5.671,5.8137,0.0,,13200.0,3300.0,3300.0,326040.0,81510.0,29.16,19.44,1.0
301468,博盈特焊,专用机械,广东,20230724,301468.SZ,20240314,24.67,24.76,24.01,24.3,24.67,-0.37,-1.4998,6950.37,16944.256,2.1062,2.1062,0.72,26.517,25.1908,1.4005,5.5791,5.7196,0.0,,13200.0,3300.0,3300.0,320760.0,80190.0,29.6,19.74,1.0
301468,博盈特焊,专用机械,广东,20230724,301468.SZ,20240313,24.78,24.88,24.54,24.67,24.85,-0.18,-0.7243,7388.44,18252.759,2.2389,2.2389,0.73,26.9207,25.5744,1.4218,5.6641,5.8067,0.0,,13200.0,3300.0,3300.0,325644.0,81411.0,29.82,19.88,1.0
301468,博盈特焊,专用机械,广东,20230724,301468.SZ,20240312,24.5,24.86,24.31,24.85,24.58,0.27,1.0985,10333.33,25441.264,3.1313,3.1313,1.1,27.1171,25.761,1.4322,5.7054,5.849,0.0,,13200.0,3300.0,3300.0,328020.0,82005.0,29.5,19.66,1.0
301468,博盈特焊,专用机械,广东,20230724,301468.SZ,20240311,24.1,24.58,24.02,24.58,24.18,0.4,1.6543,8749.82,21231.889,2.6515,2.6515,0.96,26.8225,25.4811,1.4166,5.6434,5.7855,0.0,,13200.0,3300.0,3300.0,324456.0,81114.0,29.02,19.34,1.0
301468,博盈特焊,专用机械,广东,20230724,301468.SZ,20240308,24.36,24.39,23.89,24.18,24.41,-0.23,-0.9422,6980.54,16829.499,2.1153,2.1153,0.72,26.386,25.0664,1.3936,5.5516,5.6913,0.0,,13200.0,3300.0,3300.0,319176.0,79794.0,29.29,19.53,1.0
301468,博盈特焊,专用机械,广东,20230724,301468.SZ,20240307,24.09,24.63,24.03,24.41,24.02,0.39,1.6236,14540.65,35471.07,4.4063,4.4063,1.7,26.637,25.3048,1.4069,5.6044,5.7455,0.0,,13200.0,3300.0,3300.0,322212.0,80553.0,28.82,19.22,1.0
301468,博盈特焊,专用机械,广东,20230724,301468.SZ,20240306,23.4,24.13,23.3,24.02,23.4,0.62,2.6496,9724.35,23218.352,2.9468,2.9468,0.92,26.2114,24.9005,1.3844,5.5148,5.6537,0.0,,13200.0,3300.0,3300.0,317064.0,79266.0,28.08,18.72,1.0
301468,博盈特焊,专用机械,广东,20230724,301468.SZ,20240305,23.97,23.97,23.31,23.4,23.98,-0.58,-2.4187,7099.85,16733.074,2.1515,2.1515,0.63,25.5349,24.2578,1.3486,5.3725,5.5077,0.0,,13200.0,3300.0,3300.0,308880.0,77220.0,28.78,19.18,1.0
301468,博盈特焊,专用机械,广东,20230724,301468.SZ,20240304,24.03,24.21,23.63,23.98,24.09,-0.11,-0.4566,7094.34,16944.492,2.1498,2.1498,0.55,26.1678,24.8591,1.3821,5.5056,5.6443,0.0,,13200.0,3300.0,3300.0,316536.0,79134.0,28.91,19.27,1.0
301468,博盈特焊,专用机械,广东,20230724,301468.SZ,20240301,23.71,24.24,23.55,24.09,23.74,0.35,1.4743,10117.94,24256.589,3.066,3.066,0.79,26.2878,24.9731,1.3884,5.5309,5.6701,0.0,,13200.0,3300.0,3300.0,317988.0,79497.0,28.49,18.99,1.0
301468,博盈特焊,专用机械,广东,20230724,301468.SZ,20240229,22.8,23.74,22.77,23.74,22.97,0.77,3.3522,8810.83,20649.049,2.6699,2.6699,0.7,25.9059,24.6103,1.3682,5.4505,5.5878,0.0,,13200.0,3300.0,3300.0,313368.0,78342.0,27.56,18.38,1.0
301468,博盈特焊,专用机械,广东,20230724,301468.SZ,20240228,24.69,25.07,22.88,22.97,24.69,-1.72,-6.9664,19683.62,47598.562,5.9647,5.9647,1.83,25.0656,23.812,1.3239,5.2738,5.4065,0.0,,13200.0,3300.0,3300.0,303204.0,75801.0,29.63,19.75,1.0
301468,博盈特焊,专用机械,广东,20230724,301468.SZ,20240227,23.99,24.69,23.8,24.69,24.19,0.5,2.067,11024.43,26889.489,3.3407,3.3407,1.12,26.9425,25.5951,1.423,5.6687,5.8114,0.0,,13200.0,3300.0,3300.0,325908.0,81477.0,29.03,19.35,1.0
301468,博盈特焊,专用机械,广东,20230724,301468.SZ,20240226,23.45,24.68,23.45,24.19,23.45,0.74,3.1557,14887.66,35867.406,4.5114,4.5114,1.67,26.3969,25.0768,1.3942,5.5539,5.6937,0.0,,13200.0,3300.0,3300.0,319308.0,79827.0,28.14,18.76,1.0
301468,博盈特焊,专用机械,广东,20230724,301468.SZ,20240223,22.98,23.49,22.83,23.45,22.99,0.46,2.0009,10024.57,23234.523,3.0377,3.0377,1.1,25.5894,24.3096,1.3515,5.384,5.5195,0.0,,13200.0,3300.0,3300.0,309540.0,77385.0,27.59,18.39,1.0
301468,博盈特焊,专用机械,广东,20230724,301468.SZ,20240222,22.6,22.99,22.5,22.99,22.56,0.43,1.906,6943.31,15844.257,2.104,2.104,0.74,25.0874,23.8328,1.325,5.2783,5.4112,0.0,,13200.0,3300.0,3300.0,303468.0,75867.0,27.07,18.05,1.0
301468,博盈特焊,专用机械,广东,20230724,301468.SZ,20240221,22.15,23.25,22.09,22.56,22.37,0.19,0.8494,10900.91,24821.935,3.3033,3.3033,1.2,24.6182,23.387,1.3002,5.1796,5.31,0.0,,13200.0,3300.0,3300.0,297792.0,74448.0,26.84,17.9,1.0
301468,博盈特焊,专用机械,广东,20230724,301468.SZ,20240220,22.12,22.45,21.79,22.37,22.24,0.13,0.5845,6632.67,14726.691,2.0099,2.0099,0.67,24.4109,23.19,1.2893,5.136,5.2653,0.0,,13200.0,3300.0,3300.0,295284.0,73821.0,26.69,17.79,1.0
301468,博盈特焊,专用机械,广东,20230724,301468.SZ,20240219,21.67,22.41,21.56,22.24,21.51,0.73,3.3938,10181.21,22470.806,3.0852,3.0852,1.08,24.269,23.0553,1.2818,5.1062,5.2347,0.0,,13200.0,3300.0,3300.0,293568.0,73392.0,25.81,17.21,1.0
301468,博盈特焊,专用机械,广东,20230724,301468.SZ,20240208,19.92,21.55,19.8,21.51,19.9,1.61,8.0905,11008.98,23025.841,3.3361,3.3361,1.27,23.4724,22.2985,1.2397,4.9386,5.0629,0.0,,13200.0,3300.0,3300.0,283932.0,70983.0,23.88,15.92,1.0
301468,博盈特焊,专用机械,广东,20230724,301468.SZ,20240207,20.85,20.85,19.72,19.9,20.46,-0.56,-2.737,8088.93,16388.74,2.4512,2.4512,0.92,21.7155,20.6295,1.1469,4.5689,4.6839,0.0,,13200.0,3300.0,3300.0,262680.0,65670.0,24.55,16.37,1.0
301468,博盈特焊,专用机械,广东,20230724,301468.SZ,20240206,19.64,20.9,18.31,20.46,19.67,0.79,4.0163,9442.52,18767.192,2.8614,2.8614,1.12,22.3266,21.21,1.1792,4.6975,4.8157,0.0,,13200.0,3300.0,3300.0,270072.0,67518.0,23.6,15.74,1.0
301468,博盈特焊,专用机械,广东,20230724,301468.SZ,20240205,21.4,21.54,18.98,19.67,21.6,-1.93,-8.9352,10637.09,21289.018,3.2234,3.2234,1.22,21.4646,20.3911,1.1337,4.5161,4.6298,0.0,,13200.0,3300.0,3300.0,259644.0,64911.0,25.92,17.28,1.0
301468,博盈特焊,专用机械,广东,20230724,301468.SZ,20240202,22.74,23.1,20.92,21.6,22.67,-1.07,-4.7199,8041.82,17703.135,2.4369,2.4369,0.87,23.5706,22.3918,1.2449,4.9592,5.0841,0.0,,13200.0,3300.0,3300.0,285120.0,71280.0,27.2,18.14,1.0
301468,博盈特焊,专用机械,广东,20230724,301468.SZ,20240201,23.15,23.36,22.35,22.67,23.2,-0.53,-2.2845,6987.03,15909.549,2.1173,2.1173,0.64,24.7383,23.501,1.3066,5.2049,5.3359,0.0,,13200.0,3300.0,3300.0,299244.0,74811.0,27.84,18.56,1.0
301468,博盈特焊,专用机械,广东,20230724,301468.SZ,20240131,24.46,24.54,23.16,23.2,24.46,-1.26,-5.1513,9005.84,21314.974,2.729,2.729,0.65,25.3166,24.0505,1.3371,5.3266,5.4607,0.0,,13200.0,3300.0,3300.0,306240.0,76560.0,29.35,19.57,1.0
301468,博盈特焊,专用机械,广东,20230724,301468.SZ,20240130,25.17,25.34,24.41,24.46,25.23,-0.77,-3.0519,7589.79,18872.201,2.2999,2.2999,0.57,26.6916,25.3567,1.4097,5.6159,5.7572,0.0,,13200.0,3300.0,3300.0,322872.0,80718.0,30.28,20.18,1.0
301468,博盈特焊,专用机械,广东,20230724,301468.SZ,20240129,25.85,26.6,25.11,25.23,25.49,-0.26,-1.02,11809.33,30450.044,3.5786,3.5786,0.94,27.5318,26.1549,1.4541,5.7926,5.9385,0.0,,13200.0,3300.0,3300.0,333036.0,83259.0,30.59,20.39,1.0
301468,博盈特焊,专用机械,广东,20230724,301468.SZ,20240126,25.6,26.15,25.49,25.49,25.7,-0.21,-0.8171,10744.75,27673.482,3.256,3.256,0.96,27.8155,26.4244,1.4691,5.8523,5.9997,0.0,,13200.0,3300.0,3300.0,336468.0,84117.0,30.84,20.56,1.0
301468,博盈特焊,专用机械,广东,20230724,301468.SZ,20240125,25.18,25.75,24.71,25.7,25.1,0.6,2.3904,15150.16,38493.831,4.591,4.591,1.63,28.0447,26.6421,1.4812,5.9005,6.0491,0.0,,13200.0,3300.0,3300.0,339240.0,84810.0,30.12,20.08,1.0
301468,博盈特焊,专用机械,广东,20230724,301468.SZ,20240124,25.26,25.57,24.1,25.1,25.77,-0.67,-2.5999,24193.01,60244.481,7.3312,7.3312,4.62,27.3899,26.0201,1.4466,5.7628,5.9079,0.0,,13200.0,3300.0,3300.0,331320.0,82830.0,30.92,20.62,1.0
301468,博盈特焊,专用机械,广东,20230724,301468.SZ,20240123,25.84,26.15,25.43,25.77,25.85,-0.08,-0.3095,4955.03,12789.471,1.5831,1.5831,0.92,28.1211,26.7147,1.4852,5.9166,6.0656,0.0,,13200.0,3129.9094,3129.9094,340164.0,80657.7652,31.02,20.68,1.0
301468,博盈特焊,专用机械,广东,20230724,301468.SZ,20240122,27.95,27.95,25.6,25.85,27.95,-2.1,-7.5134,7975.95,21334.377,2.5483,2.5483,1.75,28.2084,26.7976,1.4898,5.935,6.0844,0.0,,13200.0,3129.9094,3129.9094,341220.0,80908.158,33.54,22.36,1.0
301468,博盈特焊,专用机械,广东,20230724,301468.SZ,20240119,28.49,28.49,27.91,27.95,28.36,-0.41,-1.4457,3833.1,10782.606,1.2247,1.2247,0.78,30.5,28.9746,1.6109,6.4171,6.5787,0.0,,13200.0,3129.9094,3129.9094,368940.0,87480.9677,34.03,22.69,1.0
301468,博盈特焊,专用机械,广东,20230724,301468.SZ,20240118,28.7,28.73,27.9,28.36,28.65,-0.29,-1.0122,5611.66,15846.914,1.7929,1.7929,1.16,30.9474,29.3996,1.6345,6.5113,6.6752,0.0,,13200.0,3129.9094,3129.9094,374352.0,88764.2306,34.38,22.92,1.0
301468,博盈特焊,专用机械,广东,20230724,301468.SZ,20240117,29.25,29.25,28.61,28.65,29.28,-0.63,-2.1516,3829.0,11073.123,1.2234,1.2234,0.76,31.2638,29.7003,1.6512,6.5778,6.7434,0.0,,13200.0,3129.9094,3129.9094,378180.0,89671.9043,35.14,23.42,1.0
301468,博盈特焊,专用机械,广东,20230724,301468.SZ,20240116,29.46,29.5,28.93,29.28,29.46,-0.18,-0.611,5775.95,16859.669,1.8454,1.8454,1.19,31.9513,30.3534,1.6875,6.7225,6.8917,0.0,,13200.0,3129.9094,3129.9094,386496.0,91643.7472,35.35,23.57,1.0
301468,博盈特焊,专用机械,广东,20230724,301468.SZ,20240115,29.57,29.58,29.25,29.46,29.63,-0.17,-0.5737,3719.82,10946.221,1.1885,1.1885,0.72,32.1477,30.54,1.6979,6.7638,6.9341,0.0,,13200.0,3129.9094,3129.9094,388872.0,92207.1309,35.56,23.7,1.0
301468,博盈特焊,专用机械,广东,20230724,301468.SZ,20240112,29.78,30.2,29.63,29.63,29.81,-0.18,-0.6038,5587.91,16719.458,1.7853,1.7853,1.03,32.3332,30.7162,1.7077,6.8028,6.9741,0.0,,13200.0,3129.9094,3129.9094,391116.0,92739.2155,35.77,23.85,1.0
301468,博盈特焊,专用机械,广东,20230724,301468.SZ,20240111,29.41,29.81,29.29,29.81,29.4,0.41,1.3946,5180.03,15351.525,1.655,1.655,1.01,32.5297,30.9028,1.7181,6.8442,7.0165,0.0,,13200.0,3129.9094,3129.9094,393492.0,93302.5992,35.28,23.52,1.0
301468,博盈特焊,专用机械,广东,20230724,301468.SZ,20240110,29.51,29.9,29.14,29.4,29.66,-0.26,-0.8766,4866.0,14357.316,1.5547,1.5547,0.91,32.0822,30.4778,1.6944,6.75,6.92,0.0,,13200.0,3129.9094,3129.9094,388080.0,92019.3364,35.59,23.73,1.0
301468,博盈特焊,专用机械,广东,20230724,301468.SZ,20240109,29.51,30.13,29.51,29.66,29.51,0.15,0.5083,4856.69,14512.692,1.5517,1.5517,0.83,32.366,30.7473,1.7094,6.8097,6.9812,0.0,,13200.0,3129.9094,3129.9094,391512.0,92833.1128,35.41,23.61,1.0
301468,博盈特焊,专用机械,广东,20230724,301468.SZ,20240108,30.3,30.37,29.51,29.51,30.22,-0.71,-2.3494,5452.08,16252.894,1.7419,1.7419,0.86,32.2023,30.5918,1.7008,6.7753,6.9459,0.0,,13200.0,3129.9094,3129.9094,389532.0,92363.6264,36.26,24.18,1.0
301468,博盈特焊,专用机械,广东,20230724,301468.SZ,20240105,30.31,30.69,30.06,30.22,30.33,-0.11,-0.3627,6778.79,20633.793,2.1658,2.1658,1.04,32.9771,31.3278,1.7417,6.9383,7.113,0.0,,13200.0,3129.9094,3129.9094,398904.0,94585.8621,36.4,24.26,1.0
301468,博盈特焊,专用机械,广东,20230724,301468.SZ,20240104,30.15,30.38,30.15,30.33,30.29,0.04,0.1321,3635.36,11011.623,1.1615,1.1615,0.56,33.0971,31.4418,1.748,6.9636,7.1389,0.0,,13200.0,3129.9094,3129.9094,400356.0,94930.1521,36.35,24.23,1.0
301468,博盈特焊,专用机械,广东,20230724,301468.SZ,20240103,30.52,30.56,30.08,30.29,30.66,-0.37,-1.2068,6054.92,18338.185,1.9345,1.9345,1.03,33.0534,31.4004,1.7457,6.9544,7.1295,0.0,,13200.0,3129.9094,3129.9094,399828.0,94804.9557,36.79,24.53,1.0
301468,博盈特焊,专用机械,广东,20230724,301468.SZ,20240102,30.53,31.04,30.36,30.66,30.49,0.17,0.5576,7482.59,22941.173,2.3907,2.3907,1.52,33.4572,31.7839,1.7671,7.0393,7.2165,0.0,,13200.0,3129.9094,3129.9094,404712.0,95963.0222,36.59,24.39,1.0
301468,博盈特焊,专用机械,广东,20230724,301468.SZ,20231229,30.19,30.5,30.19,30.49,30.31,0.18,0.5939,7603.41,23060.92,2.4293,2.4293,1.68,33.2717,31.6077,1.7573,7.0003,7.1765,,,13200.0,3129.9094,3129.9094,402468.0,95430.9376,36.37,24.25,1.0
301468,博盈特焊,专用机械,广东,20230724,301468.SZ,20231228,29.79,30.37,29.59,30.31,29.79,0.52,1.7456,7888.31,23782.275,2.5203,2.5203,1.81,33.0753,31.4211,1.7469,6.959,7.1342,,,13200.0,3129.9094,3129.9094,400092.0,94867.5539,35.75,23.83,1.0
301468,博盈特焊,专用机械,广东,20230724,301468.SZ,20231227,29.62,29.84,29.47,29.79,29.66,0.13,0.4383,3258.51,9670.492,1.0411,1.0411,0.64,32.5078,30.882,1.7169,6.8396,7.0118,,,13200.0,3129.9094,3129.9094,393228.0,93240.001,35.59,23.73,1.0
301468,博盈特焊,专用机械,广东,20230724,301468.SZ,20231226,29.72,29.79,29.41,29.66,29.72,-0.06,-0.2019,3116.0,9221.97,0.9956,0.9956,0.6,32.366,30.7473,1.7094,6.8097,6.9812,,,13200.0,3129.9094,3129.9094,391512.0,92833.1128,35.66,23.78,1.0
301468,博盈特焊,专用机械,广东,20230724,301468.SZ,20231225,29.86,29.96,29.67,29.72,29.98,-0.26,-0.8672,2782.83,8279.012,0.8891,0.8891,0.49,32.4314,30.8095,1.7129,6.8235,6.9953,,,13200.0,3129.9094,3129.9094,392304.0,93020.9074,35.98,23.98,1.0
301468,博盈特焊,专用机械,广东,20230724,301468.SZ,20231222,30.1,30.4,29.81,29.98,30.19,-0.21,-0.6956,5638.21,16987.045,1.8014,1.8014,1.07,32.7152,31.079,1.7279,6.8832,7.0565,,,13200.0,3129.9094,3129.9094,395736.0,93834.6838,36.23,24.15,1.0
301468,博盈特焊,专用机械,广东,20230724,301468.SZ,20231221,29.95,30.22,29.4,30.19,30.02,0.17,0.5663,7043.94,20983.845,2.2505,2.2505,1.53,32.9443,31.2967,1.74,6.9314,7.1059,,,13200.0,3129.9094,3129.9094,398508.0,94491.9648,36.02,24.02,1.0
301468,博盈特焊,专用机械,广东,20230724,301468.SZ,20231220,30.09,30.73,30.0,30.02,29.91,0.11,0.3678,6800.43,20665.183,2.1727,2.1727,1.64,32.7588,31.1205,1.7302,6.8924,7.0659,,,13200.0,3129.9094,3129.9094,396264.0,93959.8802,35.89,23.93,1.0
301468,博盈特焊,专用机械,广东,20230724,301468.SZ,20231219,29.66,30.08,29.5,29.91,29.61,0.3,1.0132,3505.81,10450.672,1.1201,1.1201,0.83,32.6388,31.0064,1.7238,6.8671,7.04,,,13200.0,3129.9094,3129.9094,394812.0,93615.5902,35.53,23.69,1.0
301468,博盈特焊,专用机械,广东,20230724,301468.SZ,20231218,30.24,30.24,29.55,29.61,30.01,-0.4,-1.3329,5387.89,16064.674,1.7214,1.7214,1.23,32.3114,30.6955,1.7065,6.7983,6.9694,,,13200.0,3129.9094,3129.9094,390852.0,92676.6173,36.01,24.01,1.0
301468,博盈特焊,专用机械,广东,20230724,301468.SZ,20231215,30.15,30.25,29.95,30.01,30.09,-0.08,-0.2659,3618.2,10875.767,1.156,1.156,0.79,32.7479,31.1101,1.7296,6.8901,7.0636,,,13200.0,3129.9094,3129.9094,396132.0,93928.5811,36.11,24.07,1.0
301468,博盈特焊,专用机械,广东,20230724,301468.SZ,20231214,30.4,30.4,30.08,30.09,30.21,-0.12,-0.3972,3689.0,11142.531,1.1786,1.1786,0.74,32.8352,31.193,1.7342,6.9085,7.0824,,,13200.0,3129.9094,3129.9094,397188.0,94178.9738,36.25,24.17,1.0
301468,博盈特焊,专用机械,广东,20230724,301468.SZ,20231213,30.38,30.62,30.18,30.21,30.46,-0.25,-0.8207,4569.6,13864.381,1.46,1.46,0.93,32.9661,31.3174,1.7411,6.936,7.1106,,,13200.0,3129.9094,3129.9094,398772.0,94554.563,36.55,24.37,1.0
301468,博盈特焊,专用机械,广东,20230724,301468.SZ,20231212,30.48,30.57,30.28,30.46,30.44,0.02,0.0657,3861.59,11734.843,1.2338,1.2338,0.76,33.239,31.5766,1.7555,6.9934,7.1695,,,13200.0,3129.9094,3129.9094,402072.0,95337.0403,36.53,24.35,1.0
301468,博盈特焊,专用机械,广东,20230724,301468.SZ,20231211,30.07,30.48,29.73,30.44,30.07,0.37,1.2305,6118.54,18497.913,1.9549,1.9549,1.28,33.2171,31.5559,1.7544,6.9888,7.1648,,,13200.0,3129.9094,3129.9094,401808.0,95274.4421,36.08,24.06,1.0
301468,博盈特焊,专用机械,广东,20230724,301468.SZ,20231208,30.36,30.54,30.04,30.07,30.36,-0.29,-0.9552,4681.68,14147.286,1.4958,1.4958,0.98,32.8134,31.1723,1.7331,6.9039,7.0777,,,13200.0,3129.9094,3129.9094,396924.0,94116.3757,36.43,24.29,1.0
301468,博盈特焊,专用机械,广东,20230724,301468.SZ,20231207,30.81,30.81,30.31,30.36,30.77,-0.41,-1.3325,5719.52,17402.152,1.8274,1.8274,1.22,33.1298,31.4729,1.7498,6.9705,7.1459,,,13200.0,3129.9094,3129.9094,400752.0,95024.0494,36.92,24.62,1.0
301468,博盈特焊,专用机械,广东,20230724,301468.SZ,20231206,30.49,31.08,30.49,30.77,30.6,0.17,0.5556,4218.68,13040.958,1.3479,1.3479,0.84,33.5772,31.898,1.7734,7.0646,7.2424,,,13200.0,3129.9094,3129.9094,406164.0,96307.3122,36.72,24.48,1.0
301468,博盈特焊,专用机械,广东,20230724,301468.SZ,20231205,31.12,31.12,30.6,30.6,31.16,-0.56,-1.7972,4598.45,14174.066,1.4692,1.4692,0.87,33.3917,31.7217,1.7636,7.0256,7.2024,,,13200.0,3129.9094,3129.9094,403920.0,95775.2276,37.39,24.93,1.0
301468,博盈特焊,专用机械,广东,20230724,301468.SZ,20231204,31.51,31.63,31.11,31.16,31.43,-0.27,-0.8591,4640.87,14501.866,1.4827,1.4827,0.88,34.0028,32.3023,1.7959,7.1541,7.3342,,,13200.0,3129.9094,3129.9094,411312.0,97527.9769,37.72,25.14,1.0
301468,博盈特焊,专用机械,广东,20230724,301468.SZ,20231201,31.36,31.57,31.03,31.43,31.36,0.07,0.2232,4771.87,14942.801,1.5246,1.5246,0.82,34.2975,32.5822,1.8114,7.2161,7.3978,,,13200.0,3129.9094,3129.9094,414876.0,98373.0524,37.63,25.09,1.0
301468,博盈特焊,专用机械,广东,20230724,301468.SZ,20231130,31.65,31.85,31.1,31.36,31.75,-0.39,-1.2283,5234.02,16441.413,1.6723,1.6723,0.88,34.2211,32.5096,1.8074,7.2,7.3813,,,13200.0,3129.9094,3129.9094,413952.0,98153.9588,38.1,25.4,1.0
301468,博盈特焊,专用机械,广东,20230724,301468.SZ,20231129,31.9,32.32,31.7,31.75,31.92,-0.17,-0.5326,5854.06,18721.157,1.8704,1.8704,0.95,34.6466,32.9139,1.8299,7.2896,7.4731,,,13200.0,3129.9094,3129.9094,419100.0,99374.6235,38.3,25.54,1.0
301468,博盈特焊,专用机械,广东,20230724,301468.SZ,20231128,31.52,31.99,31.48,31.92,31.58,0.34,1.0766,5914.65,18846.143,1.8897,1.8897,0.91,34.8322,33.0901,1.8397,7.3286,7.5131,,,13200.0,3129.9094,3129.9094,421344.0,99906.708,37.9,25.26,1.0
301468,博盈特焊,专用机械,广东,20230724,301468.SZ,20231127,31.4,31.77,31.4,31.58,31.57,0.01,0.0317,4655.45,14711.752,1.4874,1.4874,0.67,34.4611,32.7377,1.8201,7.2506,7.4331,,,13200.0,3129.9094,3129.9094,416856.0,98842.5389,37.88,25.26,1.0
301468,博盈特焊,专用机械,广东,20230724,301468.SZ,20231124,32.13,32.19,31.45,31.57,32.09,-0.52,-1.6204,7559.7,23941.349,2.4153,2.4153,1.22,34.4502,32.7273,1.8195,7.2483,7.4307,,,13200.0,3129.9094,3129.9094,416724.0,98811.2398,38.51,25.67,1.0
301468,博盈特焊,专用机械,广东,20230724,301468.SZ,20231123,31.7,32.12,31.62,32.09,31.65,0.44,1.3902,5828.41,18610.889,1.8622,1.8622,0.92,35.0177,33.2664,1.8495,7.3676,7.5531,,,13200.0,3129.9094,3129.9094,423588.0,100438.7926,37.98,25.32,1.0
301468,博盈特焊,专用机械,广东,20230724,301468.SZ,20231122,32.13,32.28,31.65,31.65,32.13,-0.48,-1.4939,6887.0,21970.412,2.2004,2.2004,1.1,34.5375,32.8102,1.8241,7.2666,7.4496,,,13200.0,3129.9094,3129.9094,417780.0,99061.6325,38.56,25.7,1.0
301468,博盈特焊,专用机械,广东,20230724,301468.SZ,20231121,32.59,32.64,32.06,32.13,32.59,-0.46,-1.4115,7583.48,24508.613,2.4229,2.4229,1.22,35.0613,33.3078,1.8518,7.3768,7.5625,,,13200.0,3129.9094,3129.9094,424116.0,100563.989,39.11,26.07,1.0
301468,博盈特焊,专用机械,广东,20230724,301468.SZ,20231120,32.23,32.7,32.01,32.59,32.16,0.43,1.3371,6749.3,21891.905,2.1564,2.1564,1.1,35.5633,33.7847,1.8783,7.4824,7.6708,,,13200.0,3129.9094,3129.9094,430188.0,102003.7473,38.59,25.73,1.0
301468,博盈特焊,专用机械,广东,20230724,301468.SZ,20231117,32.08,32.23,31.9,32.16,32.06,0.1,0.3119,4024.24,12919.806,1.2857,1.2857,0.64,35.0941,33.3389,1.8535,7.3837,7.5696,,,13200.0,3129.9094,3129.9094,424512.0,100657.8863,38.47,25.65,1.0
301468,博盈特焊,专用机械,广东,20230724,301468.SZ,20231116,32.68,32.68,31.91,32.06,32.46,-0.4,-1.2323,6393.07,20558.204,2.0426,2.0426,0.99,34.9849,33.2353,1.8478,7.3608,7.5461,,,13200.0,3129.9094,3129.9094,423192.0,100344.8954,38.95,25.97,1.0
301468,博盈特焊,专用机械,广东,20230724,301468.SZ,20231115,32.45,32.54,32.21,32.46,32.29,0.17,0.5265,6627.53,21473.257,2.1175,2.1175,1.02,35.4214,33.6499,1.8708,7.4526,7.6402,,,13200.0,3129.9094,3129.9094,428472.0,101596.8591,38.75,25.83,1.0
301468,博盈特焊,专用机械,广东,20230724,301468.SZ,20231114,32.08,32.35,31.97,32.29,32.19,0.1,0.3107,7268.17,23367.447,2.3222,2.3222,1.13,35.2359,33.4737,1.861,7.4136,7.6002,,,13200.0,3129.9094,3129.9094,426228.0,101064.7745,38.63,25.75,1.0
301468,博盈特焊,专用机械,广东,20230724,301468.SZ,20231113,31.98,32.2,31.73,32.19,31.8,0.39,1.2264,6482.2,20769.932,2.0711,2.0711,0.95,35.1268,33.37,1.8552,7.3906,7.5767,,,13200.0,3129.9094,3129.9094,424908.0,100751.7836,38.16,25.44,1.0
301468,博盈特焊,专用机械,广东,20230724,301468.SZ,20231110,31.71,31.85,31.49,31.8,31.84,-0.04,-0.1256,4491.16,14233.25,1.4349,1.4349,0.59,34.7012,32.9657,1.8328,7.3011,7.4849,,,13200.0,3129.9094,3129.9094,419760.0,99531.1189,38.21,25.47,1.0
301468,博盈特焊,专用机械,广东,20230724,301468.SZ,20231109,31.9,32.14,31.65,31.84,31.97,-0.13,-0.4066,7319.25,23311.731,2.3385,2.3385,0.99,34.7449,33.0072,1.8351,7.3102,7.4943,,,13200.0,3129.9094,3129.9094,420288.0,99656.3153,38.36,25.58,1.0
301468,博盈特焊,专用机械,广东,20230724,301468.SZ,20231108,32.04,32.13,31.77,31.97,32.05,-0.08,-0.2496,6792.39,21706.596,2.1702,2.1702,0.97,34.8867,33.142,1.8426,7.3401,7.5249,,,13200.0,3129.9094,3129.9094,422004.0,100063.2035,38.46,25.64,1.0
301468,博盈特焊,专用机械,广东,20230724,301468.SZ,20231107,32.07,32.14,31.74,32.05,32.11,-0.06,-0.1869,7050.58,22524.052,2.2526,2.2526,1.02,34.974,33.2249,1.8472,7.3585,7.5437,,,13200.0,3129.9094,3129.9094,423060.0,100313.5963,38.53,25.69,1.0
301468,博盈特焊,专用机械,广东,20230724,301468.SZ,20231106,31.74,32.15,31.61,32.11,31.58,0.53,1.6783,8426.98,26956.944,2.6924,2.6924,1.23,35.0395,33.2871,1.8506,7.3722,7.5578,,,13200.0,3129.9094,3129.9094,423852.0,100501.3908,37.9,25.26,1.0
301468,博盈特焊,专用机械,广东,20230724,301468.SZ,20231103,31.1,31.71,31.1,31.58,31.12,0.46,1.4781,8380.18,26465.199,2.6775,2.6775,1.17,34.4611,32.7377,1.8201,7.2506,7.4331,,,13200.0,3129.9094,3129.9094,416856.0,98842.5389,37.34,24.9,1.0
301468,博盈特焊,专用机械,广东,20230724,301468.SZ,20231102,31.53,31.65,31.04,31.12,31.55,-0.43,-1.3629,6296.46,19673.387,2.0117,2.0117,0.82,33.9592,32.2608,1.7936,7.1449,7.3248,,,13200.0,3129.9094,3129.9094,410784.0,97402.7805,37.86,25.24,1.0
301468,博盈特焊,专用机械,广东,20230724,301468.SZ,20231101,31.66,31.69,31.32,31.55,31.58,-0.03,-0.095,4968.84,15669.218,1.5875,1.5875,0.58,34.4284,32.7066,1.8184,7.2437,7.426,,,13200.0,3129.9094,3129.9094,416460.0,98748.6416,37.9,25.26,1.0
301468,博盈特焊,专用机械,广东,20230724,301468.SZ,20231031,31.69,31.7,31.25,31.58,31.51,0.07,0.2222,6547.54,20575.2,2.0919,2.0919,0.66,34.4611,32.7377,1.8201,7.2506,7.4331,,,13200.0,3129.9094,3129.9094,416856.0,98842.5389,37.81,25.21,1.0
301468,博盈特焊,专用机械,广东,20230724,301468.SZ,20231030,31.3,31.69,31.18,31.51,31.39,0.12,0.3823,8179.97,25740.962,2.6135,2.6135,0.75,34.3848,32.6651,1.8161,7.2345,7.4166,,,13200.0,3129.9094,3129.9094,415932.0,98623.4452,37.67,25.11,1.0
301468,博盈特焊,专用机械,广东,20230724,301468.SZ,20231027,30.66,31.49,30.6,31.39,30.93,0.46,1.4872,9687.79,30241.509,3.0952,3.0952,0.92,34.2538,32.5407,1.8091,7.2069,7.3884,,,13200.0,3129.9094,3129.9094,414348.0,98247.8561,37.12,24.74,1.0
301468,博盈特焊,专用机械,广东,20230724,301468.SZ,20231026,30.41,30.96,30.22,30.93,30.76,0.17,0.5527,8900.25,27274.833,2.8436,2.8436,0.86,33.7518,32.0638,1.7826,7.1013,7.2801,,,13200.0,3129.9094,3129.9094,408276.0,96808.0977,36.91,24.61,1.0
301468,博盈特焊,专用机械,广东,20230724,301468.SZ,20231025,30.79,31.09,30.52,30.76,30.62,0.14,0.4572,9785.26,30089.688,3.1264,3.1264,0.89,33.5663,31.8876,1.7728,7.0623,7.2401,,,13200.0,3129.9094,3129.9094,406032.0,96276.0131,36.74,24.5,1.0
301468,博盈特焊,专用机械,广东,20230724,301468.SZ,20231024,29.86,30.77,29.86,30.62,29.83,0.79,2.6483,12832.64,39022.359,4.1,4.1,1.31,33.4136,31.7425,1.7648,7.0301,7.2071,,,13200.0,3129.9094,3129.9094,404184.0,95837.8258,35.8,23.86,1.0
301468,博盈特焊,专用机械,广东,20230724,301468.SZ,20231023,30.95,30.95,29.71,29.83,31.56,-1.73,-5.4816,13224.61,39946.72,4.2252,4.2252,1.48,32.5515,30.9235,1.7192,6.8488,7.0212,,,13200.0,3129.9094,3129.9094,393756.0,93365.1974,37.87,25.25,1.0
301468,博盈特焊,专用机械,广东,20230724,301468.SZ,20231020,31.79,32.22,31.55,31.56,31.76,-0.2,-0.6297,7640.96,24282.941,2.4413,2.4413,0.78,34.4393,32.0432,1.8301,7.246,7.1699,,,13200.0,3129.9094,3129.9094,416592.0,98779.9407,38.11,25.41,1.0
301468,博盈特焊,专用机械,广东,20230724,301468.SZ,20231019,31.71,32.47,31.71,31.76,32.0,-0.24,-0.75,8154.52,26113.872,2.6054,2.6054,0.86,34.6576,32.2463,1.8417,7.2919,7.2154,,,13200.0,3129.9094,3129.9094,419232.0,99405.9225,38.4,25.6,1.0
301468,博盈特焊,专用机械,广东,20230724,301468.SZ,20231018,33.4,33.4,31.98,32.0,33.39,-1.39,-4.1629,13109.99,42502.59,4.1886,4.1886,1.58,34.9195,32.49,1.8556,7.347,7.2699,,,13200.0,3129.9094,3129.9094,422400.0,100157.1008,40.07,26.71,1.0
301468,博盈特焊,专用机械,广东,20230724,301468.SZ,20231017,33.65,33.76,33.17,33.39,33.65,-0.26,-0.7727,6754.96,22513.353,2.1582,2.1582,0.75,36.4363,33.9012,1.9362,7.6661,7.5857,,,13200.0,3129.9094,3129.9094,440748.0,104507.6749,40.38,26.92,1.0
301468,博盈特焊,专用机械,广东,20230724,301468.SZ,20231016,34.0,34.16,33.35,33.65,33.88,-0.23,-0.6789,9067.27,30520.195,2.897,2.897,1.07,36.72,34.1652,1.9513,7.7258,7.6447,,,13200.0,3129.9094,3129.9094,444180.0,105321.4513,40.66,27.1,1.0
301468,博盈特焊,专用机械,广东,20230724,301468.SZ,20231013,34.65,34.76,33.81,33.88,34.85,-0.97,-2.7834,11875.35,40572.175,3.7942,3.7942,1.6,36.971,34.3988,1.9647,7.7786,7.697,,,13200.0,3129.9094,3129.9094,447216.0,106041.3305,41.82,27.88,1.0
301468,博盈特焊,专用机械,广东,20230724,301468.SZ,20231012,34.99,35.27,34.61,34.85,34.99,-0.14,-0.4001,6714.03,23360.069,2.1451,2.1451,0.92,38.0295,35.3836,2.0209,8.0013,7.9174,,,13200.0,3129.9094,3129.9094,460020.0,109077.3426,41.99,27.99,1.0
301468,博盈特焊,专用机械,广东,20230724,301468.SZ,20231011,34.81,35.28,34.6,34.99,34.79,0.2,0.5749,7170.85,25080.788,2.2911,2.2911,1.02,38.1822,35.5257,2.029,8.0335,7.9492,,,13200.0,3129.9094,3129.9094,461868.0,109515.5299,41.75,27.83,1.0
301468,博盈特焊,专用机械,广东,20230724,301468.SZ,20231010,35.6,35.63,34.77,34.79,35.47,-0.68,-1.9171,10367.58,36355.266,3.3124,3.3124,1.71,37.964,35.3227,2.0174,7.9875,7.9037,,,13200.0,3129.9094,3129.9094,459228.0,108889.548,42.56,28.38,1.0
301468,博盈特焊,专用机械,广东,20230724,301468.SZ,20231009,35.84,35.95,35.45,35.47,35.84,-0.37,-1.0324,6440.94,22918.222,2.0579,2.0579,1.03,38.706,36.0131,2.0569,8.1437,8.0582,,,13200.0,3129.9094,3129.9094,468204.0,111017.8864,43.01,28.67,1.0
301468,博盈特焊,专用机械,广东,20230724,301468.SZ,20230928,35.69,35.95,35.63,35.84,35.63,0.21,0.5894,6329.51,22681.607,2.0223,2.0223,0.98,39.1098,36.3888,2.0783,8.2286,8.1423,,,13200.0,3129.9094,3129.9094,473088.0,112175.9529,42.76,28.5,1.0
301468,博盈特焊,专用机械,广东,20230724,301468.SZ,20230927,35.55,35.95,35.36,35.63,35.6,0.03,0.0843,6366.67,22757.987,2.0341,2.0341,1.01,38.8806,36.1755,2.0661,8.1804,8.0946,,,13200.0,3129.9094,3129.9094,470316.0,111518.6719,42.72,28.48,1.0
301468,博盈特焊,专用机械,广东,20230724,301468.SZ,20230926,35.31,35.86,35.31,35.6,35.32,0.28,0.7928,5604.21,19939.653,1.7905,1.7905,0.87,38.8479,36.1451,2.0644,8.1735,8.0878,,,13200.0,3129.9094,3129.9094,469920.0,111424.7746,42.38,28.26,1.0
301468,博盈特焊,专用机械,广东,20230724,301468.SZ,20230925,35.69,35.76,35.22,35.32,35.69,-0.37,-1.0367,5544.93,19638.532,1.7716,1.7716,0.81,38.5423,35.8608,2.0482,8.1092,8.0241,,,13200.0,3129.9094,3129.9094,466224.0,110548.4,42.83,28.55,1.0
301468,博盈特焊,专用机械,广东,20230724,301468.SZ,20230922,35.24,35.75,35.05,35.69,35.22,0.47,1.3345,7487.89,26556.706,2.3924,2.3924,1.09,38.9461,36.2365,2.0696,8.1942,8.1082,,,13200.0,3129.9094,3129.9094,471108.0,111706.4665,42.26,28.18,1.0
301468,博盈特焊,专用机械,广东,20230724,301468.SZ,20230921,35.75,35.84,35.2,35.22,35.75,-0.53,-1.4825,7312.52,25943.562,2.3363,2.3363,1.04,38.4332,35.7593,2.0424,8.0863,8.0014,,,13200.0,3129.9094,3129.9094,464904.0,110235.4091,42.9,28.6,1.0
301468,博盈特焊,专用机械,广东,20230724,301468.SZ,20230920,35.75,36.08,35.72,35.75,35.93,-0.18,-0.501,5653.0,20261.885,1.8061,1.8061,0.73,39.0116,36.2974,2.0731,8.208,8.1218,,,13200.0,3129.9094,3129.9094,471900.0,111894.2611,43.12,28.74,1.0
301468,博盈特焊,专用机械,广东,20230724,301468.SZ,20230919,36.26,36.35,35.88,35.93,36.38,-0.45,-1.2369,6188.06,22278.249,1.9771,1.9771,0.77,39.208,36.4801,2.0835,8.2493,8.1627,,,13200.0,3129.9094,3129.9094,474276.0,112457.6447,43.66,29.1,1.0
301468,博盈特焊,专用机械,广东,20230724,301468.SZ,20230918,36.08,36.5,35.7,36.38,36.08,0.3,0.8315,7698.25,27919.458,2.4596,2.4596,0.93,39.6991,36.937,2.1096,8.3526,8.265,,,13200.0,3129.9094,3129.9094,480216.0,113866.104,43.3,28.86,1.0
301468,博盈特焊,专用机械,广东,20230724,301468.SZ,20230915,36.07,36.32,35.71,36.08,36.0,0.08,0.2222,7577.27,27317.248,2.4209,2.4209,0.94,39.3717,36.6324,2.0922,8.2837,8.1968,,,13200.0,3129.9094,3129.9094,476256.0,112927.1312,43.2,28.8,1.0
301468,博盈特焊,专用机械,广东,20230724,301468.SZ,20230914,36.19,36.48,35.87,36.0,36.31,-0.31,-0.8538,7896.68,28427.4,2.523,2.523,0.81,39.2844,36.5512,2.0876,8.2654,8.1786,,,13200.0,3129.9094,3129.9094,475200.0,112676.7384,43.57,29.05,1.0
301468,博盈特焊,专用机械,广东,20230724,301468.SZ,20230913,36.83,36.83,36.05,36.31,36.81,-0.5,-1.3583,9418.36,34178.568,3.0091,3.0091,0.95,39.6227,36.866,2.1056,8.3365,8.2491,,,13200.0,3129.9094,3129.9094,479292.0,113647.0103,44.17,29.45,1.0
301468,博盈特焊,专用机械,广东,20230724,301468.SZ,20230912,36.9,37.1,36.72,36.81,37.02,-0.21,-0.5673,7431.65,27400.782,2.3744,2.3744,0.67,40.1683,37.3736,2.1346,8.4513,8.3626,,,13200.0,3129.9094,3129.9094,485892.0,115211.965,44.42,29.62,1.0
301468,博盈特焊,专用机械,广东,20230724,301468.SZ,20230911,36.92,37.26,36.57,37.02,36.97,0.05,0.1352,9074.81,33500.137,2.8994,2.8994,0.76,40.3974,37.5868,2.1467,8.4995,8.4104,,,13200.0,3129.9094,3129.9094,488664.0,115869.246,44.36,29.58,1.0
301468,博盈特焊,专用机械,广东,20230724,301468.SZ,20230908,36.74,37.15,36.66,36.97,36.8,0.17,0.462,6672.01,24648.773,2.1317,2.1317,0.49,40.3429,37.5361,2.1438,8.4881,8.399,,,13200.0,3129.9094,3129.9094,488004.0,115712.7505,44.16,29.44,1.0
301468,博盈特焊,专用机械,广东,20230724,301468.SZ,20230907,38.09,38.09,36.79,36.8,38.04,-1.24,-3.2597,16087.33,59880.617,5.1399,5.1399,1.17,40.1574,37.3635,2.134,8.449,8.3604,,,13200.0,3129.9094,3129.9094,485760.0,115180.6659,45.65,30.43,1.0
301468,博盈特焊,专用机械,广东,20230724,301468.SZ,20230906,38.11,38.21,37.6,38.04,38.12,-0.08,-0.2099,10047.99,38120.813,3.2103,3.2103,0.58,41.5105,38.6224,2.2059,8.7337,8.6421,,,13200.0,3129.9094,3129.9094,502128.0,119061.7536,45.74,30.5,1.0
301468,博盈特焊,专用机械,广东,20230724,301468.SZ,20230905,38.56,38.69,37.92,38.12,38.69,-0.57,-1.4732,13421.65,51274.388,4.2882,4.2882,0.61,41.5978,38.7037,2.2105,8.7521,8.6603,,,13200.0,3129.9094,3129.9094,503184.0,119312.1463,46.43,30.95,1.0
301468,博盈特焊,专用机械,广东,20230724,301468.SZ,20230904,38.66,38.88,38.01,38.69,38.62,0.07,0.1813,13558.06,52177.332,4.3318,4.3318,0.56,42.2198,39.2824,2.2436,8.883,8.7898,,,13200.0,3129.9094,3129.9094,510708.0,121096.1947,46.34,30.9,1.0
301468,博盈特焊,专用机械,广东,20230724,301468.SZ,20230901,38.38,38.98,38.2,38.62,38.6,0.02,0.0518,14671.06,56676.794,4.6874,4.6874,0.59,42.1434,39.2113,2.2395,8.8669,8.7738,,,13200.0,3129.9094,3129.9094,509784.0,120877.101,46.32,30.88,1.0
301468,博盈特焊,专用机械,广东,20230724,301468.SZ,20230831,38.7,38.97,38.41,38.6,38.42,0.18,0.4685,16888.82,65312.824,5.3959,5.3959,0.61,42.1216,39.191,2.2384,8.8623,8.7693,,,13200.0,3129.9094,3129.9094,509520.0,120814.5028,46.1,30.74,1.0
301468,博盈特焊,专用机械,广东,20230724,301468.SZ,20230830,37.76,38.97,37.73,38.42,38.09,0.33,0.8664,28522.97,109710.749,9.113,9.113,1.05,41.9252,39.0083,2.2279,8.821,8.7284,,,13200.0,3129.9094,3129.9094,507144.0,120251.1191,45.71,30.47,1.0
301468,博盈特焊,专用机械,广东,20230724,301468.SZ,20230829,36.25,38.22,36.18,38.09,36.19,1.9,5.2501,35557.73,133636.271,11.3606,11.3606,1.22,41.5651,38.6732,2.2088,8.7452,8.6534,,,13200.0,3129.9094,3129.9094,502788.0,119218.249,43.43,28.95,1.0
301468,博盈特焊,专用机械,广东,20230724,301468.SZ,20230828,38.2,38.2,36.13,36.19,35.6,0.59,1.6573,24360.92,90146.608,7.7833,7.7833,0.72,39.4917,36.7441,2.0986,8.309,8.2218,,,13200.0,3129.9094,3129.9094,477708.0,113271.4212,42.72,28.48,1.0
301468,博盈特焊,专用机械,广东,20230724,301468.SZ,20230825,36.01,36.78,35.56,35.6,36.34,-0.74,-2.0363,19971.58,71921.37,6.3809,6.3809,0.49,38.8479,36.1451,2.0644,8.1735,8.0878,,,13200.0,3129.9094,3129.9094,469920.0,111424.7746,43.61,29.07,1.0
301468,博盈特焊,专用机械,广东,20230724,301468.SZ,20230824,37.3,37.8,36.0,36.34,37.56,-1.22,-3.2481,30251.46,110908.219,9.6653,9.6653,0.71,39.6554,36.8964,2.1073,8.3434,8.2559,,,13200.0,3129.9094,3129.9094,479688.0,113740.9076,45.07,30.05,1.0
301468,博盈特焊,专用机械,广东,20230724,301468.SZ,20230823,38.05,38.7,37.5,37.56,38.41,-0.85,-2.213,25445.58,96845.88,8.1298,8.1298,0.6,40.9867,38.1351,2.1781,8.6235,8.533,,,13200.0,3129.9094,3129.9094,495792.0,117559.3971,46.09,30.73,1.0
301468,博盈特焊,专用机械,广东,20230724,301468.SZ,20230822,39.29,39.81,37.4,38.41,39.59,-1.18,-2.9806,46229.71,177541.23,14.7703,14.7703,1.17,41.9143,38.9981,2.2274,8.8187,8.7261,,,13200.0,3129.9094,3129.9094,507012.0,120219.8201,47.51,31.67,1.0
301468,博盈特焊,专用机械,广东,20230724,301468.SZ,20230821,39.56,40.48,39.15,39.59,39.25,0.34,0.8662,47162.59,187905.081,15.0684,15.0684,1.32,43.2019,40.1962,2.2958,9.0896,8.9942,,,13200.0,3129.9094,3129.9094,522588.0,123913.1131,47.1,31.4,1.0
301468,博盈特焊,专用机械,广东,20230724,301468.SZ,20230818,38.71,40.5,38.62,39.25,38.87,0.38,0.9776,55376.54,219470.507,17.6927,17.6927,1.81,42.8309,39.851,2.2761,9.0115,8.917,,,13200.0,3129.9094,3129.9094,518100.0,122848.944,46.64,31.1,1.0
301468,博盈特焊,专用机械,广东,20230724,301468.SZ,20230817,38.33,38.99,37.41,38.87,38.71,0.16,0.4133,37680.89,144058.877,12.039,12.039,1.17,42.4162,39.4652,2.254,8.9243,8.8306,,,13200.0,3129.9094,3129.9094,513084.0,121659.5784,46.45,30.97,1.0
301468,博盈特焊,专用机械,广东,20230724,301468.SZ,20230816,38.3,38.94,38.19,38.71,38.52,0.19,0.4933,25273.93,97739.662,8.075,8.075,0.75,42.2416,39.3027,2.2447,8.8876,8.7943,,,13200.0,3129.9094,3129.9094,510972.0,121158.7929,46.22,30.82,1.0
301468,博盈特焊,专用机械,广东,20230724,301468.SZ,20230815,39.19,39.34,38.38,38.52,38.72,-0.2,-0.5165,31292.95,121511.902,9.998,9.998,0.94,42.0343,39.1098,2.2337,8.8439,8.7511,,,13200.0,3129.9094,3129.9094,508464.0,120564.1101,46.46,30.98,1.0
301468,博盈特焊,专用机械,广东,20230724,301468.SZ,20230814,38.0,38.84,37.87,38.72,38.26,0.46,1.2023,28917.02,111482.913,9.2389,9.2389,0.93,42.2525,46.0928,2.3136,8.8898,10.2661,,,13200.0,3129.9094,3129.9094,511104.0,121190.092,45.91,30.61,1.0
301468,博盈特焊,专用机械,广东,20230724,301468.SZ,20230811,38.21,38.67,38.08,38.26,38.46,-0.2,-0.52,30222.22,115959.275,9.6559,9.6559,0.99,41.7506,45.5452,2.2861,8.7842,10.1442,,,13200.0,3129.9094,3129.9094,505032.0,119750.3336,46.15,30.77,1.0
301468,博盈特焊,专用机械,广东,20230724,301468.SZ,20230810,38.61,39.55,38.41,38.46,38.47,-0.01,-0.026,45933.59,178984.483,14.6757,14.6757,1.79,41.9688,45.7833,2.2981,8.8302,10.1972,,,13200.0,3129.9094,3129.9094,507672.0,120376.3155,46.16,30.78,1.0
301468,博盈特焊,专用机械,广东,20230724,301468.SZ,20230809,37.85,38.57,37.64,38.47,38.05,0.42,1.1038,33094.71,126058.216,10.5737,10.5737,1.25,41.9797,45.7952,2.2987,8.8325,10.1998,,,13200.0,3129.9094,3129.9094,507804.0,120407.6146,45.66,30.44,1.0
301468,博盈特焊,专用机械,广东,20230724,301468.SZ,20230808,37.55,38.2,37.5,38.05,37.57,0.48,1.2776,27439.96,103896.555,8.767,8.767,0.78,41.5214,45.2953,2.2736,8.736,10.0885,,,13200.0,3129.9094,3129.9094,502260.0,119093.0527,45.08,30.06,1.0
301468,博盈特焊,专用机械,广东,20230724,301468.SZ,20230807,37.34,37.61,37.16,37.57,37.34,0.23,0.616,18922.75,70779.839,6.0458,6.0458,0.39,40.9976,44.7239,2.2449,8.6258,9.9612,,,13200.0,3129.9094,3129.9094,495924.0,117590.6962,44.81,29.87,1.0
301468,博盈特焊,专用机械,广东,20230724,301468.SZ,20230804,37.68,37.86,37.31,37.34,37.72,-0.38,-1.0074,27330.27,102501.898,8.732,8.732,0.51,40.7466,44.4501,2.2312,8.573,9.9002,,,13200.0,3129.9094,3129.9094,492888.0,116870.817,45.26,30.18,1.0
301468,博盈特焊,专用机械,广东,20230724,301468.SZ,20230803,37.52,38.09,37.41,37.72,37.72,0.0,0.0,21343.84,80657.575,6.8193,6.8193,0.35,41.1613,44.9024,2.2539,8.6603,10.001,,,13200.0,3129.9094,3129.9094,497904.0,118060.1826,45.26,30.18,1.0
301468,博盈特焊,专用机械,广东,20230724,301468.SZ,20230802,37.8,38.17,37.61,37.72,38.43,-0.71,-1.8475,37322.08,141018.349,11.9243,11.9243,0.55,41.1613,44.9024,2.2539,8.6603,10.001,,,13200.0,3129.9094,3129.9094,497904.0,118060.1826,46.12,30.74,1.0
301468,博盈特焊,专用机械,广东,20230724,301468.SZ,20230801,39.66,39.88,38.1,38.43,40.81,-2.38,-5.8319,71304.21,276146.461,22.7816,22.7816,0.99,41.9361,45.7476,2.2963,8.8233,10.1892,,,13200.0,3129.9094,3129.9094,507276.0,120282.4182,48.97,32.65,1.0
301468,博盈特焊,专用机械,广东,20230724,301468.SZ,20230731,37.7,41.99,37.7,40.81,38.42,2.39,6.2207,85512.37,340164.475,27.321,27.321,1.06,44.5332,48.5808,2.4385,9.3697,10.8203,,,13200.0,3129.9094,3129.9094,538692.0,127731.6026,46.1,30.74,1.0
301468,博盈特焊,专用机械,广东,20230724,301468.SZ,20230728,38.0,39.45,37.69,38.42,38.73,-0.31,-0.8004,52736.52,203594.368,16.8492,16.8492,,41.9252,45.7357,2.2957,8.821,10.1866,,,13200.0,3129.9094,3129.9094,507144.0,120251.1191,,,1.0
301468,博盈特焊,专用机械,广东,20230724,301468.SZ,20230727,37.6,38.83,37.11,38.73,38.2,0.53,1.3874,57823.2,219250.942,18.4744,18.4744,,42.2635,46.1047,2.3142,8.8921,10.2688,,,13200.0,3129.9094,3129.9094,511236.0,121221.3911,,,1.0
301468,博盈特焊,专用机械,广东,20230724,301468.SZ,20230726,39.02,39.89,38.11,38.2,40.1,-1.9,-4.7382,73697.33,285824.307,23.5462,23.5462,,41.6851,45.4738,2.2825,8.7705,10.1282,,,13200.0,3129.9094,3129.9094,504240.0,119562.5391,,,1.0
301468,博盈特焊,专用机械,广东,20230724,301468.SZ,20230725,38.64,41.64,38.4,40.1,40.1,0.0,0.0,90792.44,363943.506,29.008,29.008,,43.7584,47.7356,2.3961,9.2067,10.632,,,13200.0,3129.9094,3129.9094,529320.0,125509.3669,,,1.0
301468,博盈特焊,专用机械,广东,20230724,301468.SZ,20230724,39.99,42.65,38.01,40.1,47.58,-7.48,-15.7209,126460.55,506432.328,40.4039,40.4039,,43.7584,47.7356,2.3961,9.2067,10.632,,,13200.0,3129.9094,3129.9094,529320.0,125509.3669,,,1.0
