code,name,industry,region,list_date,ts_code,trade_date,open,high,low,close,pre_close,change,pct_change,volume,amount,turnover_rate,turnover_rate_free,volume_ratio,pe,pe_ttm,pb,ps,ps_ttm,dividend_yield,dividend_yield_ttm,total_share,float_share,free_share,total_mv,circ_mv,limit_up,limit_down,adj_factor
601211,国泰君安,证券,上海,20150626,601211.SH,20250908,19.76,19.81,19.41,19.51,19.76,-0.25,-1.2652,906038.44,1771340.03,0.6714,0.8304,0.78,26.408,14.4846,1.1045,7.9254,6.8514,1.4994,1.8325,1762892.5829,1349399.3295,1091081.3756,34394034.2924,26326780.9185,21.74,17.78,1.3311
601211,国泰君安,证券,上海,20150626,601211.SH,20250905,19.65,19.84,19.5,19.76,19.59,0.17,0.8678,740209.99,1454652.864,0.5485,0.6784,0.56,26.7464,14.6702,1.1187,8.027,6.9392,1.4804,1.8093,1762892.5829,1349399.3295,1091081.3756,34834757.4381,26664130.7509,21.55,17.63,1.3311
601211,国泰君安,证券,上海,20150626,601211.SH,20250904,19.77,19.85,19.42,19.59,19.78,-0.19,-0.9606,1244515.11,2442449.056,0.9223,1.1406,0.96,26.5163,14.544,1.109,7.9579,6.8795,1.4933,1.825,1762892.5829,1349399.3295,1091081.3756,34535065.699,26434732.8649,21.76,17.8,1.3311
601211,国泰君安,证券,上海,20150626,601211.SH,20250903,20.45,20.49,19.65,19.78,20.4,-0.62,-3.0392,1325305.99,2644206.469,0.9821,1.2147,1.01,26.7735,14.685,1.1198,8.0351,6.9462,1.479,1.8074,1762892.5829,1349399.3295,1091081.3756,34870015.2898,26691118.7375,22.44,18.36,1.3311
601211,国泰君安,证券,上海,20150626,601211.SH,20250902,20.65,20.74,20.2,20.4,20.63,-0.23,-1.1149,1192273.15,2431471.55,0.8836,1.0927,0.96,27.6127,15.1453,1.1549,8.287,7.164,1.434,1.7525,1762892.5829,1349399.3295,1091081.3756,35963008.6912,27527746.3218,22.69,18.57,1.3311
601211,国泰君安,证券,上海,20150626,601211.SH,20250901,21.06,21.19,20.62,20.63,20.97,-0.34,-1.6214,1275017.59,2657006.963,0.9449,1.1686,0.96,27.924,15.3161,1.1854,8.3804,7.2447,1.418,1.733,1762892.5829,1349399.3295,1091081.3756,36368473.9852,27838108.1676,23.07,18.87,1.3311
601211,国泰君安,证券,上海,20150626,601211.SH,20250829,21.19,21.38,20.88,20.97,21.06,-0.09,-0.4274,1610241.61,3401033.2,1.1933,1.4758,1.14,28.3842,16.2305,1.2049,8.5185,7.8343,1.395,1.7049,1762892.5829,1349399.3295,1091081.3756,36967857.4634,28296903.9396,23.17,18.95,1.3311
601211,国泰君安,证券,上海,20150626,601211.SH,20250828,20.78,21.08,20.64,21.06,20.8,0.26,1.25,1087865.8,2267496.842,0.8062,0.9971,0.74,28.506,16.3002,1.2101,8.5551,7.8679,1.3891,1.6976,1762892.5829,1349399.3295,1091081.3756,37126517.7959,28418349.8793,22.88,18.72,1.3311
601211,国泰君安,证券,上海,20150626,601211.SH,20250827,21.39,21.53,20.78,20.8,21.41,-0.61,-2.8491,1399422.72,2963684.842,1.0371,1.2826,0.98,28.1541,16.0989,1.1951,8.4494,7.7708,1.4064,1.7188,1762892.5829,1349399.3295,1091081.3756,36668165.7243,28067506.0536,23.55,19.27,1.3311
601211,国泰君安,证券,上海,20150626,601211.SH,20250826,21.51,21.69,21.38,21.41,21.64,-0.23,-1.0628,833552.17,1793289.675,0.6177,0.764,0.55,28.9798,16.5711,1.2302,8.6972,7.9987,1.3664,1.6698,1762892.5829,1349399.3295,1091081.3756,37743530.1999,28890639.6446,23.8,19.48,1.3311
601211,国泰君安,证券,上海,20150626,601211.SH,20250825,21.7,21.87,21.36,21.64,21.5,0.14,0.6512,1740723.48,3757504.385,1.29,1.5954,1.06,29.2911,16.7491,1.2434,8.7907,8.0846,1.3518,1.6521,1762892.5829,1349399.3295,1091081.3756,38148995.494,29201001.4904,23.65,19.35,1.3311
601211,国泰君安,证券,上海,20150626,601211.SH,20250822,20.79,21.58,20.75,21.5,20.86,0.64,3.0681,1970834.05,4177359.094,1.4605,1.8063,1.13,29.1016,16.6407,1.2354,8.7338,8.0323,1.3606,1.6628,1762892.5829,1349399.3295,1091081.3756,37902190.5324,29012085.5843,22.95,18.77,1.3315
601211,国泰君安,证券,上海,20150626,601211.SH,20250821,20.98,21.1,20.76,20.86,20.7,0.16,0.7729,1389114.29,2907434.965,1.0294,1.2732,0.78,28.2353,16.1454,1.1986,8.4738,7.7932,1.4024,1.7139,1762892.5829,1349399.3295,1091081.3756,36773939.2793,28148470.0134,22.77,18.63,1.3315
601211,国泰君安,证券,上海,20150626,601211.SH,20250820,20.34,20.71,20.21,20.7,20.39,0.31,1.5204,1214780.52,2484409.594,0.9002,1.1134,0.64,28.0188,16.0215,1.1894,8.4088,7.7334,1.4132,1.7271,1762892.5829,1349399.3295,1091081.3756,36491876.466,27932566.1207,22.43,18.35,1.3315
601211,国泰君安,证券,上海,20150626,601211.SH,20250819,20.7,20.86,20.39,20.39,20.7,-0.31,-1.4976,1300858.02,2675454.801,0.964,1.1923,0.73,27.5992,15.7816,1.1716,8.2829,7.6176,1.4347,1.7534,1762892.5829,1349399.3295,1091081.3756,35945379.7653,27514252.3285,22.77,18.63,1.3315
601211,国泰君安,证券,上海,20150626,601211.SH,20250818,20.8,21.01,20.47,20.7,20.62,0.08,0.388,2339567.48,4859966.864,1.7338,2.1443,1.57,28.0188,16.0215,1.1894,8.4088,7.7334,1.4132,1.7271,1762892.5829,1349399.3295,1091081.3756,36491876.466,27932566.1207,22.68,18.56,1.3315
601211,国泰君安,证券,上海,20150626,601211.SH,20250815,20.13,20.9,20.06,20.62,20.2,0.42,2.0792,2451301.84,5046306.631,1.8166,2.2467,2.21,27.9105,15.9596,1.1848,8.3763,7.7035,1.4187,1.7338,1762892.5829,1349399.3295,1091081.3756,36350845.0594,27824614.1743,22.22,18.18,1.3315
601211,国泰君安,证券,上海,20150626,601211.SH,20250814,20.2,20.54,20.14,20.2,20.13,0.07,0.3477,1630024.96,3311486.081,1.208,1.494,1.71,27.3432,15.6352,1.1607,8.2061,7.5469,1.4481,1.7698,1762970.8696,1349399.3295,1091081.3756,35612011.5659,27257866.4559,22.14,18.12,1.3311
601211,国泰君安,证券,上海,20150626,601211.SH,20250813,20.12,20.43,20.02,20.13,20.07,0.06,0.299,1799700.85,3635878.716,1.3337,1.6495,2.44,27.2484,15.581,1.1567,8.1776,7.5208,1.4532,1.7759,1762970.8696,1349399.3295,1091081.3756,35488603.605,27163408.5028,22.08,18.06,1.3311
601211,国泰君安,证券,上海,20150626,601211.SH,20250812,20.09,20.17,20.01,20.07,20.05,0.02,0.0998,658331.61,1321674.147,0.4879,0.6034,0.87,27.1672,15.5346,1.1532,8.1533,7.4984,1.4575,1.7812,1762970.8696,1349399.3295,1091081.3756,35382825.3529,27082444.5431,22.06,18.05,1.3311
601211,国泰君安,证券,上海,20150626,601211.SH,20250811,19.99,20.2,19.95,20.05,20.0,0.05,0.25,900995.45,1809857.675,0.6677,0.8258,1.21,27.1402,15.5191,1.1521,8.1451,7.4909,1.459,1.783,1762970.8696,1349399.3295,1091081.3756,35347565.9355,27055456.5565,22.0,18.0,1.3311
601211,国泰君安,证券,上海,20150626,601211.SH,20250808,20.16,20.18,19.99,20.0,20.19,-0.19,-0.9411,568715.96,1141232.686,0.4215,0.5212,0.71,27.0725,15.4804,1.1492,8.1248,7.4722,1.4626,1.7875,1762970.8696,1349399.3295,1091081.3756,35259417.392,26987986.59,22.21,18.17,1.3311
601211,国泰君安,证券,上海,20150626,601211.SH,20250807,20.25,20.53,20.11,20.19,20.2,-0.01,-0.0495,831521.31,1685895.695,0.6162,0.7621,0.9,27.3297,15.6275,1.1601,8.202,7.5432,1.4488,1.7706,1762970.8696,1349399.3295,1091081.3756,35594381.8572,27244372.4626,22.22,18.18,1.3311
601211,国泰君安,证券,上海,20150626,601211.SH,20250806,20.1,20.29,20.02,20.2,20.09,0.11,0.5475,727800.63,1468210.434,0.5394,0.667,0.72,27.3432,15.6352,1.1607,8.2061,7.5469,1.4481,1.7698,1762970.8696,1349399.3295,1091081.3756,35612011.5659,27257866.4559,22.1,18.08,1.3311
601211,国泰君安,证券,上海,20150626,601211.SH,20250805,20.12,20.18,19.98,20.09,20.06,0.03,0.1496,758121.14,1521704.879,0.5618,0.6948,0.63,27.1943,15.5501,1.1544,8.1614,7.5058,1.4561,1.7795,1762970.8696,1349399.3295,1091081.3756,35418084.7703,27109432.5297,22.07,18.05,1.3311
601211,国泰君安,证券,上海,20150626,601211.SH,20250804,19.94,20.22,19.92,20.06,19.98,0.08,0.4004,834607.82,1673235.037,0.6185,0.7649,0.57,27.1537,15.5269,1.1527,8.1492,7.4946,1.4582,1.7821,1762970.8696,1349399.3295,1091081.3756,35365195.6442,27068950.5498,21.98,17.98,1.3311
601211,国泰君安,证券,上海,20150626,601211.SH,20250801,20.3,20.37,19.97,19.98,20.3,-0.32,-1.5764,850412.64,1712436.979,0.6302,0.7794,0.54,27.0454,15.4649,1.1481,8.1167,7.4648,1.4641,1.7893,1762970.8696,1349399.3295,1091081.3756,35224157.9746,26960998.6034,22.33,18.27,1.3311
601211,国泰君安,证券,上海,20150626,601211.SH,20250731,20.65,20.81,20.17,20.3,20.86,-0.56,-2.6846,1460904.13,2989572.816,1.0826,1.339,0.94,27.4786,15.7126,1.1664,8.2467,7.5843,1.441,1.761,1762970.8696,1349399.3295,1091081.3756,35788308.6529,27392806.3889,22.95,18.77,1.3311
601211,国泰君安,证券,上海,20150626,601211.SH,20250730,21.13,21.14,20.69,20.86,21.1,-0.24,-1.1374,1181381.91,2475556.798,0.8755,1.0828,0.72,28.2366,16.1461,1.1986,8.4742,7.7935,1.4023,1.7138,1762970.8696,1349399.3295,1091081.3756,36775572.3399,28148470.0134,23.21,18.99,1.3311
601211,国泰君安,证券,上海,20150626,601211.SH,20250729,20.68,21.17,20.41,21.1,20.79,0.31,1.4911,1683650.24,3512179.117,1.2477,1.5431,1.17,28.5615,16.3318,1.2124,8.5717,7.8832,1.3864,1.6943,1762970.8696,1349399.3295,1091081.3756,37198685.3486,28472325.8525,22.87,18.71,1.3311
601211,国泰君安,证券,上海,20150626,601211.SH,20250728,20.6,20.98,20.25,20.79,20.21,0.58,2.8699,2159840.29,4481050.611,1.6006,1.9795,1.72,28.1418,16.0919,1.1946,8.4458,7.7674,1.407,1.7195,1762970.8696,1349399.3295,1091081.3756,36652164.379,28054012.0603,22.23,18.19,1.3311
601211,国泰君安,证券,上海,20150626,601211.SH,20250725,20.36,20.53,20.18,20.49,20.3,0.19,0.936,1359268.73,2768689.015,1.0073,1.2458,1.16,27.7357,15.8597,1.1588,8.3239,7.6553,1.4276,0.3894,1762970.8696,1349399.3295,1091081.3756,36123273.1181,27649192.2615,22.33,18.27,1.3129
601211,国泰君安,证券,上海,20150626,601211.SH,20250724,19.9,20.41,19.84,20.3,20.0,0.3,1.5,1418042.1,2871839.239,1.0509,1.2997,1.41,27.4786,15.7126,1.1481,8.2467,7.5843,1.441,0.393,1762970.8696,1349399.3295,1091081.3756,35788308.6529,27392806.3889,22.0,18.0,1.3129
601211,国泰君安,证券,上海,20150626,601211.SH,20250723,19.79,20.23,19.79,20.0,19.78,0.22,1.1122,1554842.76,3112406.174,1.1522,1.425,1.92,27.0725,15.4804,1.1311,8.1248,7.4722,1.4626,0.3989,1762970.8696,1349399.3295,1091081.3756,35259417.392,26987986.59,21.76,17.8,1.3129
601211,国泰君安,证券,上海,20150626,601211.SH,20250722,19.85,19.85,19.54,19.78,19.81,-0.03,-0.1514,727424.81,1432202.876,0.5391,0.6667,0.85,26.7747,15.3101,1.1187,8.0355,7.39,1.4789,0.4033,1762970.8696,1349399.3295,1091081.3756,34871563.8007,26691118.7375,21.79,17.83,1.3129
601211,国泰君安,证券,上海,20150626,601211.SH,20250721,19.65,20.06,19.63,19.81,19.65,0.16,0.8142,1211337.15,2400048.388,0.8977,1.1102,1.45,26.8153,15.3334,1.1204,8.0476,7.4012,1.4766,0.4027,1762970.8696,1349399.3295,1091081.3756,34924452.9268,26731600.7174,21.62,17.69,1.3129
601211,国泰君安,证券,上海,20150626,601211.SH,20250718,19.35,19.76,19.32,19.65,19.3,0.35,1.8135,949921.41,1854851.809,0.704,0.8706,0.82,26.5987,15.2095,1.1113,7.9826,7.3415,1.4887,0.406,1762970.8696,1349399.3295,1091081.3756,34642377.5876,26515696.8247,21.23,17.37,1.3129
601211,国泰君安,证券,上海,20150626,601211.SH,20250717,19.3,19.33,19.15,19.3,19.25,0.05,0.2597,588990.84,1132803.763,0.4365,0.5398,0.48,26.1249,14.9386,1.0915,7.8405,7.2107,1.5157,0.4134,1762970.8696,1349399.3295,1091081.3756,34025337.7833,26043407.0594,21.18,17.33,1.3129
601211,国泰君安,证券,上海,20150626,601211.SH,20250716,19.4,19.44,19.19,19.25,19.36,-0.11,-0.5682,563407.32,1086700.158,0.4175,0.5164,0.45,26.0573,14.8999,1.0887,7.8201,7.192,1.5196,0.4144,1762970.8696,1349399.3295,1091081.3756,33937189.2398,25975937.0929,21.3,17.42,1.3129
601211,国泰君安,证券,上海,20150626,601211.SH,20250715,19.56,19.68,19.28,19.36,19.59,-0.23,-1.1741,979629.29,1903742.74,0.726,0.8979,0.83,26.2062,14.985,1.0949,7.8648,7.2331,1.511,0.4121,1762970.8696,1349399.3295,1091081.3756,34131116.0355,26124371.0191,21.55,17.63,1.3129
601211,国泰君安,证券,上海,20150626,601211.SH,20250714,19.9,19.93,19.58,19.59,19.9,-0.31,-1.5578,1086627.71,2142738.537,0.8053,0.9959,1.04,26.5175,15.1631,1.1079,7.9583,7.319,1.4932,0.4072,1762970.8696,1349399.3295,1091081.3756,34536599.3355,26434732.8649,21.89,17.91,1.3129
601211,国泰君安,证券,上海,20150626,601211.SH,20250711,19.8,20.44,19.69,19.9,19.39,0.51,2.6302,2559936.6,5142654.13,1.8971,2.3462,3.63,26.9371,15.403,1.1255,8.0842,7.4349,1.47,0.4009,1762970.8696,1349399.3295,1091081.3756,35083120.305,26853046.6571,21.33,17.45,1.3129
601211,国泰君安,证券,上海,20150626,601211.SH,20250710,19.28,19.58,19.25,19.39,19.28,0.11,0.5705,936331.17,1818204.931,0.6939,0.8582,1.52,26.2468,15.0083,1.0966,7.877,7.2443,1.5086,0.4114,1762970.8696,1349399.3295,1091081.3756,34184005.1615,26164852.999,21.21,17.35,1.3129
601211,国泰君安,证券,上海,20150626,601211.SH,20250709,19.47,19.57,19.25,19.28,19.42,-0.14,-0.7209,729843.87,1417781.483,0.5409,0.6689,1.26,26.0979,14.9231,1.0904,7.8323,7.2032,1.5172,0.4138,1762970.8696,1349399.3295,1091081.3756,33990078.3659,26016419.0728,21.36,17.48,1.3129
601211,国泰君安,证券,上海,20150626,601211.SH,20250708,19.29,19.48,19.24,19.42,19.28,0.14,0.7261,590946.94,1146500.547,0.4379,0.5416,0.97,26.2874,15.0315,1.0983,7.8892,7.2555,1.5063,0.4108,1762970.8696,1349399.3295,1091081.3756,34236894.2876,26205334.9789,21.21,17.35,1.3129
601211,国泰君安,证券,上海,20150626,601211.SH,20250707,19.28,19.41,19.23,19.28,19.34,-0.06,-0.3102,398231.03,768163.23,0.2951,0.365,0.55,26.0979,14.9231,1.0904,7.8323,7.2032,1.5172,0.4138,1762970.8696,1349399.3295,1091081.3756,33990078.3659,26016419.0728,21.27,17.41,1.3129
601211,国泰君安,证券,上海,20150626,601211.SH,20250704,19.26,19.59,19.11,19.34,19.28,0.06,0.3112,870100.53,1683625.869,0.6448,0.7975,0.92,26.1791,14.9696,1.0938,7.8567,7.2256,1.5125,0.4125,1762970.8696,1349399.3295,1091081.3756,34095856.6181,26097383.0325,21.21,17.35,1.3129
601211,国泰君安,证券,上海,20150626,601211.SH,20250703,19.17,19.3,19.17,19.28,19.2,0.08,0.4167,484662.13,932840.788,0.3592,0.4442,0.32,26.0979,14.9231,1.0904,7.8323,7.2032,1.5172,0.4138,1762970.8696,1349399.3295,1091081.3756,33990078.3659,26016419.0728,21.12,17.28,1.3129
601211,国泰君安,证券,上海,20150626,601211.SH,20250702,19.25,19.27,19.08,19.2,19.27,-0.07,-0.3633,552598.71,1059496.283,0.4095,0.5065,0.26,25.9896,14.8612,1.0859,7.7998,7.1733,1.5235,0.4155,1762970.8696,1349399.3295,1091081.3756,33849040.6963,25908467.1264,21.2,17.34,1.3129
601211,国泰君安,证券,上海,20150626,601211.SH,20250701,19.21,19.39,19.06,19.27,19.16,0.11,0.5741,725333.56,1396402.894,0.5375,0.6648,0.34,26.0843,14.9154,1.0898,7.8283,7.1995,1.518,0.414,1762970.8696,1349399.3295,1091081.3756,33972448.6572,26002925.0795,21.08,17.24,1.3129
601211,国泰君安,证券,上海,20150626,601211.SH,20250630,19.2,19.36,19.01,19.16,19.22,-0.06,-0.3122,971667.06,1858831.425,0.7201,0.8906,0.48,25.9354,14.8302,1.0836,7.7836,7.1584,1.5267,0.4164,1762970.8696,1349399.3295,1091081.3756,33778521.8615,25854491.1532,21.14,17.3,1.3129
601211,国泰君安,证券,上海,20150626,601211.SH,20250627,19.3,19.8,19.18,19.22,19.42,-0.2,-1.0299,2007603.59,3906785.34,1.4878,1.84,1.17,26.0166,14.8767,1.087,7.808,7.1808,1.522,1.522,1762970.8696,1349399.3295,1091081.3756,33884300.1137,25935455.113,21.36,17.48,1.3129
601211,国泰君安,证券,上海,20150626,601211.SH,20250626,20.32,20.34,19.4,19.42,20.29,-0.87,-4.2878,3242356.58,6392327.115,2.4028,2.9717,2.76,26.2874,15.0315,1.0983,7.8892,7.2555,1.5063,1.5063,1762970.8696,1349399.3295,1091081.3756,34236894.2876,26205334.9789,22.32,18.26,1.3129
601211,国泰君安,证券,上海,20150626,601211.SH,20250625,19.1,20.34,18.91,20.29,18.6,1.69,9.086,3707511.61,7260479.571,2.7475,3.398,7.11,27.465,15.7049,1.1475,8.2426,7.5806,1.4417,1.4417,1762970.8696,1349399.3295,1091081.3756,35770678.9442,27379312.3956,20.46,16.74,1.3129
601211,国泰君安,证券,上海,20150626,601211.SH,20250624,18.5,18.86,18.5,18.6,18.44,0.16,0.8677,828514.08,1546807.813,0.614,0.7594,1.67,25.1774,14.3968,1.0519,7.5561,6.9492,1.5727,1.5727,1762970.8696,1349399.3295,1091081.3756,32791258.1746,25098827.5287,20.28,16.6,1.3129
601211,国泰君安,证券,上海,20150626,601211.SH,20250623,18.33,18.57,18.26,18.44,18.44,0.0,0.0,399168.01,734713.569,0.2958,0.3658,0.69,24.9608,14.2729,1.0429,7.4911,6.8894,1.5863,1.5863,1762970.8696,1349399.3295,1091081.3756,32509182.8354,24882923.636,20.28,16.6,1.3129
601211,国泰君安,证券,上海,20150626,601211.SH,20250620,18.37,18.49,18.34,18.44,18.33,0.11,0.6001,426509.04,785939.582,0.3161,0.3909,0.48,24.9608,14.2729,1.0429,7.4911,6.8894,1.5863,1.5863,1762970.8696,1349399.3295,1091081.3756,32509182.8354,24882923.636,20.16,16.5,1.3129
601211,国泰君安,证券,上海,20150626,601211.SH,20250619,18.47,18.51,18.27,18.33,18.45,-0.12,-0.6504,520973.15,956082.568,0.3861,0.4775,0.53,24.8119,14.1878,1.0367,7.4464,6.8483,1.5959,1.5959,1762970.8696,1349399.3295,1091081.3756,32315256.0398,24734489.7097,20.3,16.61,1.3129
601211,国泰君安,证券,上海,20150626,601211.SH,20250618,18.64,18.71,18.37,18.45,18.67,-0.22,-1.1784,433293.62,801057.593,0.3211,0.3971,0.41,24.9744,14.2807,1.0435,7.4952,6.8931,1.5855,1.5855,1762970.8696,1349399.3295,1091081.3756,32526812.5441,24896417.6293,20.54,16.8,1.3129
601211,国泰君安,证券,上海,20150626,601211.SH,20250617,18.43,18.68,18.41,18.67,18.43,0.24,1.3022,695190.66,1291343.876,0.5152,0.6372,0.62,25.2722,14.451,1.0559,7.5845,6.9753,1.5668,1.5668,1762970.8696,1349399.3295,1091081.3756,32914666.1354,25193285.4818,20.27,16.59,1.3129
601211,国泰君安,证券,上海,20150626,601211.SH,20250616,18.17,18.47,18.13,18.43,18.2,0.23,1.2637,812895.64,1487392.058,0.6024,0.745,0.73,24.9473,14.2652,1.0423,7.487,6.8857,1.5872,1.5872,1762970.8696,1349399.3295,1091081.3756,32491553.1267,24869429.6427,20.02,16.38,1.3129
601211,国泰君安,证券,上海,20150626,601211.SH,20250613,18.48,18.53,18.11,18.2,18.43,-0.23,-1.248,2021804.64,3684724.259,1.4983,1.853,2.33,24.6359,14.0872,1.0293,7.3936,6.7997,1.6073,1.6073,1762970.8696,1349399.3295,1091081.3756,32086069.8267,24559067.7969,20.27,16.59,1.3129
601211,国泰君安,证券,上海,20150626,601211.SH,20250612,18.59,18.65,18.31,18.43,18.63,-0.2,-1.0735,911982.04,1686964.055,0.6758,0.8359,0.99,24.9473,14.2652,1.0423,7.487,6.8857,1.5872,1.5872,1762970.8696,1349399.3295,1091081.3756,32491553.1267,24869429.6427,20.49,16.77,1.3129
601211,国泰君安,证券,上海,20150626,601211.SH,20250611,18.59,18.89,18.52,18.63,18.51,0.12,0.6483,832155.82,1557398.312,0.6167,0.7627,0.92,25.218,14.42,1.0536,7.5683,6.9604,1.5702,1.5702,1762970.8696,1349399.3295,1091081.3756,32844147.3006,25139309.5086,20.36,16.66,1.3129
601211,国泰君安,证券,上海,20150626,601211.SH,20250610,18.57,18.88,18.43,18.51,18.55,-0.04,-0.2156,1046970.13,1951720.933,0.7759,0.9596,1.06,25.0556,14.3271,1.0469,7.5195,6.9155,1.5803,1.5803,1762970.8696,1349399.3295,1091081.3756,32632590.7963,24977381.589,20.41,16.7,1.3129
601211,国泰君安,证券,上海,20150626,601211.SH,20250609,18.55,18.7,18.48,18.55,18.5,0.05,0.2703,784967.3,1459876.4,0.5817,0.7194,0.84,25.1097,14.3581,1.0491,7.5358,6.9305,1.5769,1.5769,1762970.8696,1349399.3295,1091081.3756,32703109.6311,25031357.5622,20.35,16.65,1.3129
601211,国泰君安,证券,上海,20150626,601211.SH,20250606,18.42,18.55,18.38,18.5,18.43,0.07,0.3798,753392.93,1392430.248,0.5583,0.6905,0.89,25.042,14.3194,1.0463,7.5155,6.9118,1.5812,1.5812,1762970.8696,1349399.3295,1091081.3756,32614961.0876,24963887.5958,20.27,16.59,1.3129
601211,国泰君安,证券,上海,20150626,601211.SH,20250605,18.05,18.55,18.01,18.43,18.05,0.38,2.1053,1181462.23,2168283.04,0.8755,1.0828,1.82,24.9473,14.2652,1.0423,7.487,6.8857,1.5872,1.5872,1762970.8696,1349399.3295,1091081.3756,32491553.1267,24869429.6427,19.86,16.25,1.3129
601211,国泰君安,证券,上海,20150626,601211.SH,20250604,17.82,18.07,17.8,18.05,17.86,0.19,1.0638,754846.83,1354270.908,0.5594,0.6918,1.37,24.4329,13.9711,1.0208,7.3327,6.7437,1.6206,1.6206,1762970.8696,1349399.3295,1091081.3756,31821624.1963,24356657.8975,19.65,16.07,1.3129
601211,国泰君安,证券,上海,20150626,601211.SH,20250603,17.37,18.05,17.22,17.86,17.18,0.68,3.9581,1453288.14,2588638.316,1.077,1.332,4.67,24.1757,13.824,1.0101,7.2555,6.6727,1.6379,1.6379,1762970.8696,1349399.3295,1091081.3756,31486659.7311,24100272.0249,18.9,15.46,1.3129
601211,国泰君安,证券,上海,20150626,601211.SH,20250530,17.32,17.39,17.12,17.18,17.34,-0.16,-0.9227,524761.14,904034.796,0.3889,0.481,1.94,23.2553,13.2977,0.9716,6.9792,6.4186,1.7027,1.7027,1762970.8696,1349399.3295,1091081.3756,30287839.5397,23182680.4808,19.07,15.61,1.3129
601211,国泰君安,证券,上海,20150626,601211.SH,20250529,17.26,17.45,17.22,17.34,17.23,0.11,0.6384,322867.77,560661.571,0.2393,0.2959,1.27,23.4718,13.4215,0.9807,7.0442,6.4784,1.687,1.687,1762970.8696,1349399.3295,1091081.3756,30569914.8789,23398584.3735,18.95,15.51,1.3129
601211,国泰君安,证券,上海,20150626,601211.SH,20250528,17.31,17.34,17.22,17.23,17.33,-0.1,-0.577,181169.15,312818.393,0.1343,0.166,0.66,23.3229,13.3364,0.9745,6.9995,6.4373,1.6977,1.6977,1762970.8696,1349399.3295,1091081.3756,30375988.0832,23250150.4473,19.06,15.6,1.3129
601211,国泰君安,证券,上海,20150626,601211.SH,20250527,17.4,17.43,17.22,17.33,17.38,-0.05,-0.2877,272198.86,471196.645,0.2017,0.2495,0.99,23.4583,13.4138,0.9801,7.0402,6.4747,1.6879,1.6879,1762970.8696,1349399.3295,1091081.3756,30552285.1702,23385090.3802,19.12,15.64,1.3129
601211,国泰君安,证券,上海,20150626,601211.SH,20250526,17.46,17.51,17.3,17.38,17.46,-0.08,-0.4582,254761.83,443293.31,0.1888,0.2335,0.91,23.526,13.4525,0.9829,7.0605,6.4934,1.6831,1.6831,1762970.8696,1349399.3295,1091081.3756,30640433.7136,23452560.3467,19.21,15.71,1.3129
601211,国泰君安,证券,上海,20150626,601211.SH,20250523,17.63,17.71,17.45,17.46,17.64,-0.18,-1.0204,324285.03,570228.429,0.2403,0.2972,1.08,23.6343,13.5144,0.9875,7.093,6.5233,1.6754,1.6754,1762970.8696,1349399.3295,1091081.3756,30781471.3832,23560512.2931,19.4,15.88,1.3129
601211,国泰君安,证券,上海,20150626,601211.SH,20250522,17.6,17.67,17.52,17.64,17.59,0.05,0.2843,237716.06,418716.541,0.1762,0.2179,0.66,23.8779,13.6537,0.9977,7.1661,6.5905,1.6583,1.6583,1762970.8696,1349399.3295,1091081.3756,31098806.1397,23803404.1724,19.35,15.83,1.3129
601211,国泰君安,证券,上海,20150626,601211.SH,20250521,17.65,17.7,17.59,17.59,17.65,-0.06,-0.3399,275559.4,486079.67,0.2042,0.2526,0.48,23.8102,13.615,0.9948,7.1458,6.5718,1.663,1.663,1762970.8696,1349399.3295,1091081.3756,31010657.5963,23735934.2059,19.42,15.89,1.3129
601211,国泰君安,证券,上海,20150626,601211.SH,20250520,17.69,17.74,17.61,17.65,17.65,0.0,0.0,280008.92,494605.472,0.2075,0.2566,0.46,23.8915,13.6615,0.9982,7.1702,6.5942,1.6573,1.6573,1762970.8696,1349399.3295,1091081.3756,31116435.8484,23816898.1657,19.42,15.89,1.3129
601211,国泰君安,证券,上海,20150626,601211.SH,20250519,17.72,17.8,17.63,17.65,17.78,-0.13,-0.7312,283002.48,500173.693,0.2097,0.2594,0.41,23.8915,13.6615,0.9982,7.1702,6.5942,1.6573,1.6573,1762970.8696,1349399.3295,1091081.3756,31116435.8484,23816898.1657,19.56,16.0,1.3129
601211,国泰君安,证券,上海,20150626,601211.SH,20250516,17.88,17.93,17.67,17.78,17.89,-0.11,-0.6149,426235.81,756930.031,0.3159,0.3907,0.63,24.0674,13.7621,1.0056,7.223,6.6428,1.6452,1.6452,1762970.8696,1349399.3295,1091081.3756,31345622.0615,23992320.0785,19.68,16.1,1.3129
601211,国泰君安,证券,上海,20150626,601211.SH,20250515,18.0,18.13,17.88,17.89,18.08,-0.19,-1.0509,537415.07,965362.476,0.3983,0.4926,0.81,24.2163,13.8472,1.0118,7.2677,6.6839,1.6351,1.6351,1762970.8696,1349399.3295,1091081.3756,31539548.8571,24140754.0048,19.89,16.27,1.3129
601211,国泰君安,证券,上海,20150626,601211.SH,20250514,17.59,18.19,17.57,18.08,17.59,0.49,2.7857,1326147.32,2379143.662,0.9828,1.2154,2.5,24.4735,13.9943,1.0225,7.3448,6.7549,1.6179,1.6179,1762970.8696,1349399.3295,1091081.3756,31874513.3224,24397139.8774,19.35,15.83,1.3129
601211,国泰君安,证券,上海,20150626,601211.SH,20250513,17.7,17.73,17.52,17.59,17.62,-0.03,-0.1703,446977.61,787271.082,0.3312,0.4097,0.8,23.8102,13.615,0.9948,7.1458,6.5718,1.663,1.663,1762970.8696,1349399.3295,1091081.3756,31010657.5963,23735934.2059,19.38,15.86,1.3129
601211,国泰君安,证券,上海,20150626,601211.SH,20250512,17.41,17.67,17.36,17.62,17.35,0.27,1.5562,708105.81,1242428.357,0.5248,0.649,1.39,23.8508,13.6383,0.9965,7.158,6.583,1.6602,1.6602,1762970.8696,1349399.3295,1091081.3756,31063546.7224,23776416.1858,19.09,15.62,1.3129
601211,国泰君安,证券,上海,20150626,601211.SH,20250509,17.36,17.43,17.31,17.35,17.39,-0.04,-0.23,359727.27,624940.788,0.2666,0.3297,0.71,23.4854,13.4293,0.9813,7.0483,6.4822,1.686,1.686,1762970.8696,1349399.3295,1091081.3756,30587544.5876,23412078.3668,19.13,15.65,1.3129
601211,国泰君安,证券,上海,20150626,601211.SH,20250508,17.27,17.4,17.24,17.39,17.37,0.02,0.1151,472479.29,819627.056,0.3501,0.433,0.96,23.5395,13.4602,0.9835,7.0645,6.4971,1.6821,1.6821,1762970.8696,1349399.3295,1091081.3756,30658063.4223,23466054.34,19.11,15.63,1.3129
601211,国泰君安,证券,上海,20150626,601211.SH,20250507,17.65,17.69,17.31,17.37,17.27,0.1,0.579,669011.39,1164365.144,0.4968,0.6147,1.53,23.5124,13.4447,0.9824,7.0564,6.4896,1.6841,1.6841,1762970.8696,1346619.4188,1088301.4649,30622804.005,23390779.3046,19.0,15.54,1.3129
601211,国泰君安,证券,上海,20150626,601211.SH,20250506,17.33,17.34,17.16,17.27,17.23,0.04,0.2322,567203.32,980123.987,0.4212,0.5212,1.4,23.3771,13.3673,0.9767,7.0158,6.4523,1.6938,1.6938,1762970.8696,1346619.4188,1088301.4649,30446506.918,23256117.3627,18.95,15.51,1.3129
601211,国泰君安,证券,上海,20150626,601211.SH,20250430,17.26,17.33,17.18,17.23,17.18,0.05,0.291,470750.59,811720.864,0.3496,0.4616,1.21,23.3229,13.3364,0.9745,6.9995,6.4373,1.6977,1.6977,1762970.8696,1346619.4188,1019810.4031,30375988.0832,23202252.5859,18.9,15.46,1.3129
601211,国泰君安,证券,上海,20150626,601211.SH,20250429,17.19,17.28,17.12,17.18,17.21,-0.03,-0.1743,366732.75,630048.187,0.2723,0.3596,0.93,23.2553,23.2553,1.2183,6.9792,6.9792,1.7027,1.7027,1762970.8696,1346619.4188,1019810.4031,30287839.5397,23134921.615,18.93,15.49,1.3129
601211,国泰君安,证券,上海,20150626,601211.SH,20250428,17.19,17.25,17.06,17.21,17.21,0.0,0.0,384172.07,659953.407,0.2853,0.3767,0.94,23.2959,23.2959,1.2205,6.9914,6.9914,1.6997,1.6997,1762970.8696,1346619.4188,1019810.4031,30340728.6658,23175320.1975,18.93,15.49,1.3129
601211,国泰君安,证券,上海,20150626,601211.SH,20250425,17.16,17.25,17.1,17.21,17.1,0.11,0.6433,396246.93,681393.215,0.2943,0.3857,1.0,23.2959,23.2959,1.2205,6.9914,6.9914,1.6997,1.6997,1762970.8696,1346619.4188,1027358.6292,30340728.6658,23175320.1975,18.81,15.39,1.3129
601211,国泰君安,证券,上海,20150626,601211.SH,20250424,17.1,17.17,17.05,17.1,17.1,0.0,0.0,404678.92,693040.178,0.3005,0.3939,0.97,23.147,23.147,1.2127,6.9467,6.9467,1.7106,1.7106,1762970.8696,1346619.4188,1027358.6292,30146801.8702,23027192.0615,18.81,15.39,1.3129
601211,国泰君安,证券,上海,20150626,601211.SH,20250423,17.11,17.16,17.0,17.1,17.06,0.04,0.2345,389566.08,665708.553,0.2893,0.3792,0.87,23.147,23.147,1.2127,6.9467,6.9467,1.7106,1.7106,1762970.8696,1346619.4188,1027358.6292,30146801.8702,23027192.0615,18.77,15.35,1.3129
601211,国泰君安,证券,上海,20150626,601211.SH,20250422,16.99,17.14,16.94,17.06,16.99,0.07,0.412,397847.94,679622.009,0.2954,0.3873,0.89,23.0928,23.0928,1.2098,6.9305,6.9305,1.7147,1.7147,1762970.8696,1346619.4188,1027358.6292,30076283.0354,22973327.2847,18.69,15.29,1.3129
601211,国泰君安,证券,上海,20150626,601211.SH,20250421,16.81,17.08,16.79,16.99,16.84,0.15,0.8907,449776.63,762874.504,0.334,0.4378,1.0,22.9981,22.9981,1.2049,6.902,6.902,1.7217,1.7217,1762970.8696,1346619.4188,1027358.6292,29952875.0745,22879063.9254,18.52,15.16,1.3129
601211,国泰君安,证券,上海,20150626,601211.SH,20250418,16.79,16.87,16.74,16.84,16.84,0.0,0.0,336679.52,566271.061,0.25,0.3277,0.63,22.795,22.795,1.1942,6.8411,6.8411,1.7371,1.7371,1762970.8696,1346619.4188,1027358.6292,29688429.4441,22677071.0126,18.52,15.16,1.3129
601211,国泰君安,证券,上海,20150626,601211.SH,20250417,16.74,16.85,16.67,16.84,16.78,0.06,0.3576,515733.24,865231.046,0.383,0.502,0.83,22.795,22.795,1.1942,6.8411,6.8411,1.7371,1.7371,1762970.8696,1346619.4188,1027358.6292,29688429.4441,22677071.0126,18.46,15.1,1.3129
601211,国泰君安,证券,上海,20150626,601211.SH,20250416,16.78,16.8,16.61,16.78,16.77,0.01,0.0596,544348.28,909397.887,0.4042,0.5299,0.8,22.7138,22.7138,1.19,6.8167,6.8167,1.7433,1.7433,1762970.8696,1346619.4188,1027358.6292,29582651.1919,22596273.8475,18.45,15.09,1.3129
601211,国泰君安,证券,上海,20150626,601211.SH,20250415,16.72,16.79,16.62,16.77,16.69,0.08,0.4793,400419.01,669285.914,0.2974,0.3898,0.46,22.7003,22.7003,1.1893,6.8127,6.8127,1.7443,1.7443,1762970.8696,1346619.4188,1027358.6292,29565021.4832,22582807.6533,18.36,15.02,1.3129
601211,国泰君安,证券,上海,20150626,601211.SH,20250414,16.84,16.89,16.68,16.69,16.75,-0.06,-0.3582,458610.48,767686.803,0.3406,0.4464,0.43,22.592,22.592,1.1836,6.7802,6.7802,1.7527,1.7527,1762970.8696,1346619.4188,1027358.6292,29423983.8136,22475078.0998,18.43,15.08,1.3129
601211,国泰君安,证券,上海,20150626,601211.SH,20250411,16.8,17.09,16.67,16.75,16.59,0.16,0.9644,765364.73,1286644.645,0.5684,0.745,0.79,22.6732,22.6732,1.1879,6.8045,6.8045,1.7464,1.7464,1762970.8696,1346619.4188,1027358.6292,29529762.0658,22555875.2649,18.25,14.93,1.3129
601211,国泰君安,证券,上海,20150626,601211.SH,20250410,16.45,16.75,16.31,16.59,16.2,0.39,2.4074,923354.3,1529625.259,0.6857,0.8988,1.1,22.4566,22.4566,1.1765,6.7395,6.7395,1.7632,1.7632,1762970.8696,1346619.4188,1027358.6292,29247686.7267,22340416.1579,17.82,14.58,1.3129
601211,国泰君安,证券,上海,20150626,601211.SH,20250409,15.9,16.29,15.82,16.2,16.03,0.17,1.0605,864139.57,1388804.858,0.6417,0.8411,1.15,21.9287,21.9287,1.1488,6.5811,6.5811,1.8057,1.8057,1762970.8696,1346619.4188,1027358.6292,28560128.0875,21815234.5846,17.63,14.43,1.3129
601211,国泰君安,证券,上海,20150626,601211.SH,20250408,15.81,16.04,15.54,16.03,15.44,0.59,3.8212,1343862.82,2132394.601,0.998,1.3081,2.22,21.6986,21.6986,1.1368,6.512,6.512,1.8248,1.8248,1762970.8696,1346619.4188,1027358.6292,28260423.0397,21586309.2834,16.98,13.9,1.3129
601211,国泰君安,证券,上海,20150626,601211.SH,20250407,16.2,16.48,15.42,15.44,17.13,-1.69,-9.8657,1418532.45,2240748.776,1.0534,1.3808,3.64,20.8999,20.8999,1.095,6.2724,6.2724,1.8946,1.8946,1762970.8696,1346619.4188,1027358.6292,27220270.2266,20791803.8263,18.84,15.42,1.3129
601211,国泰君安,证券,上海,20150626,601211.SH,20250403,17.08,17.27,17.06,17.13,17.25,-0.12,-0.6957,298542.44,512972.175,0.2217,0.2906,0.74,23.1876,23.1876,1.2148,6.9589,6.9589,1.7077,1.7077,1762970.8696,1346619.4188,1027358.6292,30199690.9962,23067590.644,18.98,15.53,1.3129
601211,国泰君安,证券,上海,20150626,601211.SH,20250402,17.19,17.3,17.16,17.25,17.21,0.04,0.2324,288385.04,497469.84,0.2142,0.2807,0.69,23.35,23.35,1.2233,7.0077,7.0077,1.6958,1.6958,1762970.8696,1346619.4188,1027358.6292,30411247.5006,23229184.9743,18.93,15.49,1.3129
601211,国泰君安,证券,上海,20150626,601211.SH,20250401,17.2,17.26,17.08,17.21,17.2,0.01,0.0581,408295.82,701619.131,0.3032,0.3974,1.01,23.2959,23.2959,1.2205,6.9914,6.9914,1.6997,1.6997,1762970.8696,1346619.4188,1027358.6292,30340728.6658,23175320.1975,18.92,15.48,1.3129
601211,国泰君安,证券,上海,20150626,601211.SH,20250331,17.43,17.55,17.12,17.2,17.43,-0.23,-1.3196,606632.69,1049229.818,0.4505,0.5905,1.58,23.2823,23.2823,1.2198,6.9874,6.9874,1.7007,1.7007,1762970.8696,1346619.4188,1027358.6292,30323098.9571,23161854.0034,19.17,15.69,1.3129
601211,国泰君安,证券,上海,20150626,601211.SH,20250328,17.53,17.57,17.43,17.43,17.5,-0.07,-0.4,345215.08,603794.71,0.2564,0.336,0.64,32.7801,23.6045,1.2361,8.5023,7.0793,1.6783,1.6783,1762970.8696,1346619.4188,1027358.6292,30728582.2571,23471576.4697,19.25,15.75,1.3129
601211,国泰君安,证券,上海,20150626,601211.SH,20250327,17.44,17.62,17.4,17.5,17.46,0.04,0.2291,377986.22,662348.936,0.2807,0.3679,0.66,32.9118,23.6993,1.2411,8.5365,7.1077,1.6715,1.6715,1762970.8696,1346619.4188,1027358.6292,30851990.218,23565839.829,19.21,15.71,1.3129
601211,国泰君安,证券,上海,20150626,601211.SH,20250326,17.49,17.55,17.42,17.46,17.53,-0.07,-0.3993,363291.36,634797.12,0.2698,0.3536,0.61,32.8366,23.6452,1.2383,8.517,7.0915,1.6754,1.6754,1762970.8696,1346619.4188,1027358.6292,30781471.3832,23511975.0522,19.28,15.78,1.3129
601211,国泰君安,证券,上海,20150626,601211.SH,20250325,17.51,17.56,17.42,17.53,17.51,0.02,0.1142,328496.53,575507.771,0.2439,0.3197,0.48,32.9682,23.74,1.2432,8.5511,7.1199,1.6687,1.6687,1762970.8696,1346619.4188,1027358.6292,30904879.3441,23606238.4116,19.26,15.76,1.3129
601211,国泰君安,证券,上海,20150626,601211.SH,20250324,17.46,17.56,17.4,17.51,17.62,-0.11,-0.6243,502533.52,878885.237,0.3732,0.4892,0.54,32.9306,23.7129,1.2418,8.5414,7.1118,1.6706,1.6706,1762970.8696,1346619.4188,1027358.6292,30869619.9267,23579306.0232,19.38,15.86,1.3129
601211,国泰君安,证券,上海,20150626,601211.SH,20250321,17.58,17.66,17.3,17.62,17.61,0.01,0.0568,1123143.69,1966302.329,0.834,1.0932,1.25,33.1375,23.8618,1.2496,8.595,7.1565,1.6602,1.6602,1762970.8696,1346619.4188,1027358.6292,31063546.7224,23727434.1593,19.37,15.85,1.3129
601211,国泰君安,证券,上海,20150626,601211.SH,20250320,17.72,17.74,17.58,17.61,17.75,-0.14,-0.7887,553320.16,976646.443,0.4109,0.5386,0.64,33.1187,23.8483,1.2489,8.5902,7.1524,1.6611,1.6611,1762970.8696,1346619.4188,1027358.6292,31045917.0137,23713967.9651,19.53,15.98,1.3129
601211,国泰君安,证券,上海,20150626,601211.SH,20250319,17.73,17.83,17.69,17.75,17.72,0.03,0.1693,478039.67,848334.367,0.355,0.4653,0.56,33.382,24.0379,1.2588,8.6584,7.2093,1.648,1.648,1762970.8696,1346619.4188,1027358.6292,31292732.9354,23902494.6837,19.49,15.95,1.3129
601211,国泰君安,证券,上海,20150626,601211.SH,20250318,17.81,17.89,17.68,17.72,17.8,-0.08,-0.4494,787518.7,1399107.329,0.5848,0.7665,1.02,33.3255,23.9973,1.2567,8.6438,7.1971,1.6508,1.6508,1762970.8696,1346619.4188,1027358.6292,31239843.8093,23862096.1011,19.58,16.02,1.3129
601211,国泰君安,证券,上海,20150626,601211.SH,20250317,18.1,18.12,17.69,17.8,18.35,-0.55,-2.9973,1713792.06,3057602.155,1.2727,1.6682,3.27,33.476,24.1056,1.2624,8.6828,7.2296,1.6434,1.6434,1762970.8696,1346619.4188,1027358.6292,31380881.4789,23969825.6546,20.19,16.52,1.3129
601211,国泰君安,证券,上海,20150626,601211.SH,20250314,17.95,18.45,17.93,18.35,17.96,0.39,2.1715,943280.4,1720226.274,0.7005,0.9182,2.15,30.3723,21.8707,1.7172,7.8778,6.5593,1.5941,1.5941,1551577.6028,1346619.4188,1027358.6292,28471449.0114,24710466.335,19.76,16.16,1.3129
601211,国泰君安,证券,上海,20150626,601211.SH,20250313,17.99,18.13,17.9,17.96,18.05,-0.09,-0.4986,402879.84,724774.217,0.5386,0.9396,0.81,17.0587,12.2838,1.0263,4.4246,3.6841,3.0624,3.0624,890373.062,748032.2856,428771.496,15991100.1935,13434659.8494,19.86,16.25,1.3129
601211,国泰君安,证券,上海,20150626,601211.SH,20250312,18.11,18.29,17.98,18.05,18.12,-0.07,-0.3863,434794.0,786445.7,0.5813,1.014,0.8,17.1442,12.3453,1.0314,4.4468,3.7025,3.0471,3.0471,890373.062,748032.2856,428771.496,16071233.7691,13501982.7551,19.93,16.31,1.3129
601211,国泰君安,证券,上海,20150626,601211.SH,20250311,17.91,18.12,17.87,18.12,18.06,0.06,0.3322,371319.3,667899.41,0.4964,0.866,0.49,17.2107,12.3932,1.0354,4.464,3.7169,3.0353,3.0353,890373.062,748032.2856,428771.496,16133559.8834,13554345.0151,19.87,16.25,1.3129
601211,国泰君安,证券,上海,20150626,601211.SH,20250310,18.33,18.38,17.96,18.06,18.35,-0.29,-1.5804,465763.97,841424.372,0.6227,1.0863,0.55,17.1537,12.3522,1.032,4.4492,3.7046,3.0454,3.0454,890373.062,748032.2856,428771.496,16080137.4997,13509463.0779,20.19,16.52,1.3129
601211,国泰君安,证券,上海,20150626,601211.SH,20250307,18.34,18.59,18.27,18.35,18.4,-0.05,-0.2717,516934.69,951405.907,0.6911,1.2056,0.56,17.4292,12.5505,1.0486,4.5207,3.7641,2.9973,2.9973,890373.062,748032.2856,428771.496,16338345.6877,13726392.4408,20.24,16.56,1.3129
601211,国泰君安,证券,上海,20150626,601211.SH,20250306,18.25,18.53,18.11,18.4,18.15,0.25,1.3774,696264.89,1280008.524,0.9308,1.6239,0.75,17.4767,12.5847,1.0514,4.533,3.7743,2.9891,2.9891,890373.062,748032.2856,428771.496,16382864.3408,13763794.055,19.97,16.34,1.3129
601211,国泰君安,证券,上海,20150626,601211.SH,20250305,18.1,18.59,18.01,18.15,18.34,-0.19,-1.036,671897.11,1223409.856,0.8982,1.567,0.76,17.2392,12.4137,1.0371,4.4714,3.723,3.0303,3.0303,890373.062,748032.2856,428771.496,16160271.0753,13576785.9836,20.17,16.51,1.3129
601211,国泰君安,证券,上海,20150626,601211.SH,20250304,17.78,18.81,17.73,18.34,17.88,0.46,2.5727,1414422.64,2594535.129,1.8909,3.2988,2.11,17.4197,12.5437,1.048,4.5182,3.762,2.9989,2.9989,890373.062,748032.2856,428771.496,16329441.9571,13718912.1179,19.67,16.09,1.3129
601211,国泰君安,证券,上海,20150626,601211.SH,20250303,17.47,18.02,17.35,17.88,17.33,0.55,3.1737,936177.14,1668860.951,1.2515,2.1834,1.56,16.9827,12.229,1.0217,4.4049,3.6676,3.0761,3.0761,890373.062,748032.2856,428771.496,15919870.3486,13374817.2665,19.06,15.6,1.3129
601211,国泰君安,证券,上海,20150626,601211.SH,20250228,17.75,18.12,17.33,17.33,17.79,-0.46,-2.5857,861572.34,1521726.497,1.1518,2.0094,1.54,16.4603,11.8529,0.9903,4.2694,3.5548,3.1737,3.1737,890373.062,748032.2856,428771.496,15430165.1645,12963399.5094,19.57,16.01,1.3129
601211,国泰君安,证券,上海,20150626,601211.SH,20250227,18.01,18.04,17.57,17.79,18.1,-0.31,-1.7127,770685.2,1370443.68,1.0303,1.7974,1.67,16.8973,12.1675,1.0166,4.3827,3.6492,3.0916,3.0916,890373.062,748032.2856,428771.496,15839736.773,13307494.3608,19.91,16.29,1.3129
601211,国泰君安,证券,上海,20150626,601211.SH,20250226,17.86,18.16,17.77,18.1,17.8,0.3,1.6854,447257.98,802238.807,0.5979,1.0431,1.01,17.1917,12.3795,1.0343,4.4591,3.7128,3.0387,3.0387,890373.062,748032.2856,428771.496,16115752.4222,13539384.3694,19.58,16.02,1.3129
601211,国泰君安,证券,上海,20150626,601211.SH,20250225,17.89,18.05,17.73,17.8,18.04,-0.24,-1.3304,334224.21,597355.851,0.4468,0.7795,0.74,16.9068,12.1743,1.0171,4.3852,3.6512,3.0899,3.0899,890373.062,748032.2856,428771.496,15848640.5036,13314974.6837,19.84,16.24,1.3129
601211,国泰君安,证券,上海,20150626,601211.SH,20250224,17.92,18.17,17.78,18.04,17.87,0.17,0.9513,590148.93,1062825.008,0.7889,1.3764,1.42,17.1347,12.3385,1.0309,4.4443,3.7005,3.0488,3.0488,890373.062,748032.2856,428771.496,16062330.0385,13494502.4322,19.66,16.08,1.3129
601211,国泰君安,证券,上海,20150626,601211.SH,20250221,17.58,17.93,17.51,17.87,17.55,0.32,1.8234,649356.84,1153301.259,0.8681,1.5145,1.86,16.9732,12.2222,1.0211,4.4024,3.6656,3.0778,3.0778,890373.062,748032.2856,428771.496,15910966.6179,13367336.9437,19.31,15.8,1.3129
601211,国泰君安,证券,上海,20150626,601211.SH,20250220,17.55,17.61,17.44,17.55,17.58,-0.03,-0.1706,283630.34,497752.707,0.3792,0.6615,0.69,16.6693,12.0033,1.0029,4.3236,3.6,3.1339,3.1339,890373.062,748032.2856,428771.496,15626047.2381,13127966.6123,19.34,15.82,1.3129
601211,国泰君安,证券,上海,20150626,601211.SH,20250219,17.44,17.64,17.36,17.58,17.44,0.14,0.8028,364905.06,638423.933,0.4878,0.851,0.85,16.6978,12.0239,1.0046,4.331,3.6061,3.1286,3.1286,890373.062,748032.2856,428771.496,15652758.43,13150407.5808,19.18,15.7,1.3129
601211,国泰君安,证券,上海,20150626,601211.SH,20250218,17.63,17.74,17.4,17.44,17.66,-0.22,-1.2458,365906.85,643101.505,0.4892,0.8534,0.76,16.5648,11.9281,0.9966,4.2965,3.5774,3.1537,3.1537,890373.062,748032.2856,428771.496,15528106.2013,13045683.0609,19.43,15.89,1.3129
601211,国泰君安,证券,上海,20150626,601211.SH,20250217,17.83,17.87,17.54,17.66,17.7,-0.04,-0.226,407030.5,720171.19,0.5441,0.9493,0.65,16.7738,12.0786,1.0091,4.3507,3.6225,3.1144,3.1144,890373.062,748032.2856,428771.496,15723988.2749,13210250.1637,19.47,15.93,1.3129
601211,国泰君安,证券,上海,20150626,601211.SH,20250214,17.65,17.74,17.54,17.7,17.7,0.0,0.0,326578.0,576455.453,0.4366,0.7617,0.47,16.8118,12.1059,1.0114,4.3606,3.6307,3.1073,3.1073,890373.062,748032.2856,428771.496,15759603.1974,13240171.4551,19.47,15.93,1.3129
601211,国泰君安,证券,上海,20150626,601211.SH,20250213,17.7,17.83,17.61,17.7,17.67,0.03,0.1698,590408.42,1047287.342,0.7893,1.377,0.84,16.8118,12.1059,1.0114,4.3606,3.6307,3.1073,3.1073,890373.062,748032.2856,428771.496,15759603.1974,13240171.4551,19.44,15.9,1.3129
601211,国泰君安,证券,上海,20150626,601211.SH,20250212,17.38,17.7,17.38,17.67,17.47,0.2,1.1448,460891.63,808270.789,0.6161,1.0749,0.54,16.7833,12.0854,1.0097,4.3532,3.6246,3.1126,3.1126,890373.062,748032.2856,428771.496,15732892.0055,13217730.4866,19.22,15.72,1.3129
601211,国泰君安,证券,上海,20150626,601211.SH,20250211,17.71,17.71,17.27,17.47,17.74,-0.27,-1.522,626436.07,1091819.365,0.8374,1.461,0.69,16.5933,11.9486,0.9983,4.3039,3.5835,3.1483,3.1483,890373.062,748032.2856,428771.496,15554817.3931,13068124.0294,19.51,15.97,1.3129
601211,国泰君安,证券,上海,20150626,601211.SH,20250210,18.01,18.29,17.65,17.74,17.78,-0.04,-0.225,1122051.46,2008646.978,1.5,2.6169,1.44,16.8498,12.1333,1.0137,4.3704,3.6389,3.1003,3.1003,890373.062,748032.2856,428771.496,15795218.1199,13270092.7465,19.56,16.0,1.3129
601211,国泰君安,证券,上海,20150626,601211.SH,20250205,17.83,17.84,17.36,17.78,17.73,0.05,0.282,644879.77,1135034.068,0.8621,1.504,0.93,16.8878,12.1607,1.016,4.3803,3.6471,3.0934,3.0934,890373.062,748032.2856,428771.496,15830833.0424,13300014.038,,,1.3129
601211,国泰君安,证券,上海,20150626,601211.SH,20250127,18.17,18.18,17.64,17.73,18.23,-0.5,-2.7427,641938.01,1141620.533,0.8582,1.4972,0.99,16.8403,12.1265,1.0131,4.3679,3.6369,3.1021,3.1021,890373.062,748032.2856,428771.496,15786314.3893,13262612.4237,,,1.3129
601211,国泰君安,证券,上海,20150626,601211.SH,20250124,17.22,18.55,17.11,18.23,17.19,1.04,6.05,1260440.66,2253864.546,1.685,2.9397,2.88,17.3152,15.8053,1.0807,4.4911,4.2588,3.017,3.017,890373.062,748032.2856,428771.496,16231500.9203,13636628.5665,18.91,15.47,1.3129
601211,国泰君安,证券,上海,20150626,601211.SH,20250123,17.8,17.96,17.1,17.19,17.6,-0.41,-2.3295,855916.18,1499217.983,1.1442,1.9962,2.7,16.3274,14.9036,1.019,4.2349,4.0158,3.1995,3.1995,890373.062,748032.2856,428771.496,15305512.9358,12858674.9895,19.36,15.84,1.3129
601211,国泰君安,证券,上海,20150626,601211.SH,20250122,17.88,18.1,17.54,17.6,17.78,-0.18,-1.0124,483077.1,857931.15,0.6458,1.1267,1.77,16.7168,15.2591,1.0433,4.3359,4.1116,3.125,3.125,890373.062,748032.2856,428771.496,15670565.8912,13165368.2266,19.56,16.0,1.3129
601211,国泰君安,证券,上海,20150626,601211.SH,20250121,17.81,17.85,17.65,17.78,17.76,0.02,0.1126,217958.3,386935.991,0.2914,0.5083,0.68,16.8878,15.4151,1.054,4.3803,4.1537,3.0934,3.0934,890373.062,748032.2856,428771.496,15830833.0424,13300014.038,19.54,15.98,1.3129
601211,国泰君安,证券,上海,20150626,601211.SH,20250120,17.8,18.08,17.7,17.76,17.6,0.16,0.9091,435182.7,777315.506,0.5818,1.015,1.57,16.8688,15.3978,1.0528,4.3753,4.149,3.0968,3.0968,890373.062,748032.2856,428771.496,15813025.5811,13285053.3923,19.36,15.84,1.3129
601211,国泰君安,证券,上海,20150626,601211.SH,20250117,17.45,17.68,17.44,17.6,17.54,0.06,0.3421,195874.04,344407.968,0.2619,0.4568,0.65,16.7168,15.2591,1.0433,4.3359,4.1116,3.125,3.125,890373.062,748032.2856,428771.496,15670565.8912,13165368.2266,19.29,15.79,1.3129
601211,国泰君安,证券,上海,20150626,601211.SH,20250116,17.75,17.81,17.46,17.54,17.65,-0.11,-0.6232,253905.94,447710.05,0.3394,0.5922,0.86,16.6598,15.207,1.0398,4.3211,4.0976,3.1357,3.1357,890373.062,748032.2856,428771.496,15617143.5075,13120486.2894,19.42,15.89,1.3129
601211,国泰君安,证券,上海,20150626,601211.SH,20250115,17.63,17.68,17.55,17.65,17.75,-0.1,-0.5634,259392.72,457198.628,0.3468,0.605,0.86,16.7643,15.3024,1.0463,4.3482,4.1233,3.1161,3.1161,890373.062,748032.2856,428771.496,15715084.5443,13202769.8408,19.53,15.98,1.3129
601211,国泰君安,证券,上海,20150626,601211.SH,20250114,17.32,17.8,17.23,17.75,17.28,0.47,2.7199,465137.37,819011.973,0.6218,1.0848,1.86,16.8593,15.3891,1.0522,4.3729,4.1467,3.0986,3.0986,890373.062,748032.2856,428771.496,15804121.8505,13277573.0694,19.01,15.55,1.3129
601211,国泰君安,证券,上海,20150626,601211.SH,20250113,17.1,17.4,17.01,17.28,17.4,-0.12,-0.6897,215920.75,372836.369,0.2887,0.5036,0.81,16.4129,14.9816,1.0244,4.2571,4.0369,3.1829,3.1829,890373.062,748032.2856,428771.496,15385646.5114,12925997.8952,19.14,15.66,1.3129
601211,国泰君安,证券,上海,20150626,601211.SH,20250110,17.54,17.8,17.4,17.4,17.53,-0.13,-0.7416,322153.6,567314.866,0.4307,0.7513,1.13,16.5268,15.0857,1.0315,4.2866,4.0649,3.1609,3.1609,890373.062,748032.2856,428771.496,15492491.2788,13015761.7694,19.28,15.78,1.3129
601211,国泰君安,证券,上海,20150626,601211.SH,20250109,17.6,17.7,17.45,17.53,17.67,-0.14,-0.7923,212349.62,373788.688,0.2839,0.4953,0.58,16.6503,15.1984,1.0392,4.3187,4.0953,3.1375,3.1375,890373.062,748032.2856,428771.496,15608239.7769,13113005.9666,19.44,15.9,1.3129
601211,国泰君安,证券,上海,20150626,601211.SH,20250108,17.61,17.73,17.31,17.67,17.69,-0.02,-0.1131,298313.8,522432.357,0.3988,0.6957,0.72,16.7833,15.3198,1.0475,4.3532,4.128,3.1126,3.1126,890373.062,748032.2856,428771.496,15732892.0055,13217730.4866,19.46,15.92,1.3129
601211,国泰君安,证券,上海,20150626,601211.SH,20250107,17.6,17.69,17.47,17.69,17.55,0.14,0.7977,199699.93,351163.845,0.267,0.4657,0.44,16.8023,15.3371,1.0487,4.3581,4.1327,3.1091,3.1091,890373.062,748032.2856,428771.496,15750699.4668,13232691.1323,19.31,15.8,1.3129
601211,国泰君安,证券,上海,20150626,601211.SH,20250106,17.46,17.62,17.3,17.55,17.57,-0.02,-0.1138,292253.62,511008.219,0.3907,0.6816,0.6,16.6693,15.2157,1.0404,4.3236,4.0999,3.1339,3.1339,890373.062,748032.2856,428771.496,15626047.2381,13127966.6123,19.33,15.81,1.3129
601211,国泰君安,证券,上海,20150626,601211.SH,20250103,17.87,17.94,17.42,17.57,17.77,-0.2,-1.1255,428045.44,757054.324,0.5722,0.9983,0.96,16.6883,15.2331,1.0416,4.3285,4.1046,3.1303,3.1303,890373.062,748032.2856,428771.496,15643854.6993,13142927.258,19.55,15.99,1.3129
601211,国泰君安,证券,上海,20150626,601211.SH,20250102,18.54,18.56,17.65,17.77,18.65,-0.88,-4.7185,608565.27,1100098.952,0.8136,1.4193,1.53,16.8783,15.4065,1.0534,4.3778,4.1513,3.0951,3.0951,890373.062,748032.2856,428771.496,15821929.3117,13292533.7151,20.52,16.79,1.3129
601211,国泰君安,证券,上海,20150626,601211.SH,20241231,19.18,19.34,18.62,18.65,19.17,-0.52,-2.7126,550548.74,1044759.437,0.736,1.284,1.49,17.7141,16.1694,1.1056,4.5946,4.3569,2.8421,2.9491,890373.062,748032.2856,428771.496,16605457.6063,13950802.1264,21.09,17.25,1.3129
601211,国泰君安,证券,上海,20150626,601211.SH,20241230,18.94,19.23,18.9,19.17,18.95,0.22,1.1609,386514.82,739033.403,0.5167,0.9014,1.12,18.208,16.6202,1.1364,4.7227,4.4784,2.765,2.8691,890373.062,748032.2856,428771.496,17068451.5985,14339778.915,20.85,17.06,1.3129
601211,国泰君安,证券,上海,20150626,601211.SH,20241227,18.9,19.26,18.89,18.95,18.91,0.04,0.2115,454357.79,866498.28,0.6074,1.0597,1.43,17.9991,16.4295,1.1234,4.6685,4.427,2.7971,2.9024,890373.062,748032.2856,428771.496,16872569.5249,14175211.8121,20.8,17.02,1.3129
601211,国泰君安,证券,上海,20150626,601211.SH,20241226,18.99,19.0,18.87,18.91,19.01,-0.1,-0.526,236093.35,446512.897,0.3156,0.5506,0.73,17.9611,16.3948,1.121,4.6586,4.4177,2.803,2.9085,890373.062,748032.2856,428771.496,16836954.6024,14145290.5207,20.91,17.11,1.3129
601211,国泰君安,证券,上海,20150626,601211.SH,20241225,18.97,19.05,18.7,19.01,18.95,0.06,0.3166,364256.65,688059.986,0.487,0.8495,1.21,18.056,16.4815,1.1269,4.6833,4.441,2.7883,2.8932,890373.062,748032.2856,428771.496,16925991.9086,14220093.7493,20.85,17.06,1.3129
601211,国泰君安,证券,上海,20150626,601211.SH,20241224,18.8,19.0,18.72,18.95,18.64,0.31,1.6631,404413.66,762933.303,0.5406,0.9432,1.45,17.9991,16.4295,1.1234,4.6685,4.427,2.7971,2.9024,890373.062,748032.2856,428771.496,16872569.5249,14175211.8121,20.5,16.78,1.3129
601211,国泰君安,证券,上海,20150626,601211.SH,20241223,18.76,18.85,18.6,18.64,18.76,-0.12,-0.6397,270542.76,506622.892,0.3617,0.631,0.89,17.7046,16.1607,1.105,4.5921,4.3546,2.8437,2.9506,890373.062,748032.2856,428771.496,16596553.8757,13943321.8036,20.64,16.88,1.3129
601211,国泰君安,证券,上海,20150626,601211.SH,20241220,18.72,18.9,18.72,18.76,18.76,0.0,0.0,309889.06,582590.903,0.4143,0.7227,0.87,17.8186,16.2648,1.1121,4.6217,4.3826,2.8255,2.9318,890373.062,748032.2856,428771.496,16703398.6431,14033085.6779,20.64,16.88,1.3129
601211,国泰君安,证券,上海,20150626,601211.SH,20241219,18.61,18.79,18.56,18.76,18.78,-0.02,-0.1065,262205.73,490160.79,0.3505,0.6115,0.64,17.8186,16.2648,1.1121,4.6217,4.3826,2.8255,2.9318,890373.062,748032.2856,428771.496,16703398.6431,14033085.6779,20.66,16.9,1.3129
601211,国泰君安,证券,上海,20150626,601211.SH,20241218,18.85,18.96,18.75,18.78,18.77,0.01,0.0533,262179.38,493679.575,0.3505,0.6115,0.62,17.8376,16.2821,1.1133,4.6266,4.3873,2.8225,2.9286,890373.062,748032.2856,428771.496,16721206.1044,14048046.3236,20.65,16.89,1.3129
601211,国泰君安,证券,上海,20150626,601211.SH,20241217,18.83,18.97,18.76,18.77,18.87,-0.1,-0.5299,291407.9,549415.504,0.3896,0.6796,0.58,17.8281,16.2734,1.1127,4.6242,4.385,2.824,2.9302,890373.062,748032.2856,428771.496,16712302.3737,14040566.0007,20.76,16.98,1.3129
601211,国泰君安,证券,上海,20150626,601211.SH,20241216,19.01,19.09,18.76,18.87,19.01,-0.14,-0.7365,401630.24,758074.97,0.5369,0.9367,0.76,17.9231,16.3601,1.1186,4.6488,4.4083,2.809,2.9147,890373.062,748032.2856,428771.496,16801339.6799,14115369.2293,20.91,17.11,1.3129
601211,国泰君安,证券,上海,20150626,601211.SH,20241213,19.25,19.27,18.97,19.01,19.43,-0.42,-2.1616,562684.57,1074191.359,0.7522,1.3123,1.05,18.056,16.4815,1.1269,4.6833,4.441,2.7883,2.8932,890373.062,748032.2856,428771.496,16925991.9086,14220093.7493,21.37,17.49,1.3129
601211,国泰君安,证券,上海,20150626,601211.SH,20241212,19.25,19.5,19.13,19.43,19.16,0.27,1.4092,543339.1,1049294.154,0.7264,1.2672,1.08,18.455,16.8457,1.1518,4.7868,4.5391,2.728,2.8307,890373.062,748032.2856,428771.496,17299948.5947,14534267.3092,21.08,17.24,1.3129
601211,国泰君安,证券,上海,20150626,601211.SH,20241211,19.11,19.29,19.09,19.16,19.11,0.05,0.2616,326192.92,625652.058,0.4361,0.7608,0.63,18.1985,16.6116,1.1358,4.7202,4.4761,2.7665,2.8706,890373.062,748032.2856,428771.496,17059547.8679,14332298.5921,21.02,17.2,1.3129
601211,国泰君安,证券,上海,20150626,601211.SH,20241210,19.88,19.88,19.09,19.11,18.98,0.13,0.6849,697212.73,1356300.651,0.9321,1.6261,1.49,18.151,16.5682,1.1328,4.7079,4.4644,2.7737,2.8781,890373.062,748032.2856,428771.496,17015029.2148,14294896.9778,20.88,17.08,1.3129
601211,国泰君安,证券,上海,20150626,601211.SH,20241209,19.24,19.29,18.85,18.98,19.28,-0.3,-1.556,513444.22,977938.484,0.6864,1.1975,1.1,18.0275,16.4555,1.1251,4.6759,4.434,2.7927,2.8978,890373.062,748032.2856,428771.496,16899280.7168,14197652.7807,21.21,17.35,1.3129
601211,国泰君安,证券,上海,20150626,601211.SH,20241206,19.11,19.43,18.95,19.28,19.11,0.17,0.8896,590812.66,1135687.482,0.7898,1.3779,1.21,18.3125,16.7156,1.1429,4.7498,4.5041,2.7493,2.8527,890373.062,748032.2856,428771.496,17166392.6354,14422062.4664,21.02,17.2,1.3129
601211,国泰君安,证券,上海,20150626,601211.SH,20241205,19.0,19.2,18.98,19.11,18.97,0.14,0.738,392346.31,748768.346,0.5245,0.915,0.81,18.151,16.5682,1.1328,4.7079,4.4644,2.7737,2.8781,890373.062,748032.2856,428771.496,17015029.2148,14294896.9778,20.87,17.07,1.3129
601211,国泰君安,证券,上海,20150626,601211.SH,20241204,19.21,19.21,18.85,18.97,19.26,-0.29,-1.5057,411839.98,784314.637,0.5506,0.9605,0.85,18.018,16.4468,1.1245,4.6734,4.4317,2.7942,2.8993,890373.062,748032.2856,428771.496,16890376.9861,14190172.4578,21.19,17.33,1.3129
601211,国泰君安,证券,上海,20150626,601211.SH,20241203,19.19,19.32,19.05,19.26,19.15,0.11,0.5744,433464.79,831693.187,0.5795,1.0109,0.95,18.2935,16.6983,1.1417,4.7449,4.4994,2.7521,2.8557,890373.062,748032.2856,428771.496,17148585.1741,14407101.8207,21.07,17.24,1.3129
601211,国泰君安,证券,上海,20150626,601211.SH,20241202,18.88,19.24,18.84,19.15,18.93,0.22,1.1622,513471.02,980800.061,0.6864,1.1975,1.12,18.189,16.6029,1.1352,4.7178,4.4737,2.7679,2.8721,890373.062,748032.2856,428771.496,17050644.1373,14324818.2692,20.82,17.04,1.3129
601211,国泰君安,证券,上海,20150626,601211.SH,20241129,18.74,19.49,18.67,18.93,18.77,0.16,0.8524,693380.92,1319963.553,0.9269,1.6171,1.51,17.9801,16.4122,1.1222,4.6636,4.4223,2.8001,2.9054,890373.062,748032.2856,428771.496,16854762.0637,14160251.1664,20.65,16.89,1.3129
601211,国泰君安,证券,上海,20150626,601211.SH,20241128,19.07,19.12,18.77,18.77,19.08,-0.31,-1.6247,371356.77,702054.921,0.4964,0.8661,0.65,17.8281,16.2734,1.1127,4.6242,4.385,2.824,2.9302,890373.062,748032.2856,428771.496,16712302.3737,14040566.0007,20.99,17.17,1.3129
601211,国泰君安,证券,上海,20150626,601211.SH,20241127,18.85,19.09,18.78,19.08,18.98,0.1,0.5269,399937.45,757770.867,0.5347,0.9328,0.71,18.1225,16.5422,1.1311,4.7005,4.4574,2.7781,2.8826,890373.062,748032.2856,428771.496,16988318.023,14272456.0092,20.88,17.08,1.3129
601211,国泰君安,证券,上海,20150626,601211.SH,20241126,18.9,19.12,18.88,18.98,18.99,-0.01,-0.0527,304585.6,578083.383,0.4072,0.7104,0.51,18.0275,16.4555,1.1251,4.6759,4.434,2.7927,2.8978,890373.062,748032.2856,428771.496,16899280.7168,14197652.7807,20.89,17.09,1.3129
601211,国泰君安,证券,上海,20150626,601211.SH,20241125,19.12,19.19,18.73,18.99,19.12,-0.13,-0.6799,519837.58,987106.949,0.6949,1.2124,0.87,18.037,16.4642,1.1257,4.6784,4.4364,2.7912,2.8963,890373.062,748032.2856,428771.496,16908184.4474,14205133.1035,21.03,17.21,1.3129
601211,国泰君安,证券,上海,20150626,601211.SH,20241122,19.99,20.05,19.1,19.12,19.81,-0.69,-3.4831,704392.94,1382470.051,0.9417,1.6428,1.2,18.1605,16.5769,1.1334,4.7104,4.4667,2.7723,2.8766,890373.062,748032.2856,428771.496,17023932.9454,14302377.3007,21.79,17.83,1.3129
601211,国泰君安,证券,上海,20150626,601211.SH,20241121,20.11,20.18,19.45,19.81,19.55,0.26,1.3299,924597.12,1829225.712,1.236,2.1564,1.79,18.8159,17.1751,1.1743,4.8804,4.6279,2.6757,2.7764,890373.062,748032.2856,428771.496,17638290.3582,14818519.5777,21.51,17.6,1.3129
601211,国泰君安,证券,上海,20150626,601211.SH,20241120,19.6,19.63,19.41,19.55,19.64,-0.09,-0.4582,362467.0,707562.974,0.4846,0.8454,0.64,18.5689,16.9497,1.1589,4.8163,4.5672,2.7113,2.8133,890373.062,748032.2856,428771.496,17406793.3621,14624031.1835,21.6,17.68,1.3129
601211,国泰君安,证券,上海,20150626,601211.SH,20241119,19.7,19.76,19.32,19.64,19.58,0.06,0.3064,472207.4,921728.318,0.6313,1.1013,0.72,18.6544,17.0277,1.1643,4.8385,4.5882,2.6989,2.8004,890373.062,748032.2856,428771.496,17486926.9377,14691354.0892,21.54,17.62,1.3129
601211,国泰君安,证券,上海,20150626,601211.SH,20241118,19.6,19.86,19.42,19.58,19.58,0.0,0.0,526885.04,1034187.089,0.7044,1.2288,0.7,18.5974,16.9757,1.1607,4.8237,4.5742,2.7071,2.809,890373.062,748032.2856,428771.496,17433504.554,14646472.152,21.54,17.62,1.3129
601211,国泰君安,证券,上海,20150626,601211.SH,20241115,20.2,20.45,19.58,19.58,20.28,-0.7,-3.4517,642496.87,1285136.044,0.8589,1.4985,0.7,18.5974,16.9757,1.1607,4.8237,4.5742,2.7071,2.809,890373.062,748032.2856,428771.496,17433504.554,14646472.152,22.31,18.25,1.3129
601211,国泰君安,证券,上海,20150626,601211.SH,20241114,20.47,20.73,20.28,20.28,20.48,-0.2,-0.9766,585063.54,1199179.489,0.7821,1.3645,0.49,19.2623,17.5826,1.2022,4.9962,4.7377,2.6137,2.712,890373.062,748032.2856,428771.496,18056765.6974,15170094.752,22.53,18.43,1.3129
601211,国泰君安,证券,上海,20150626,601211.SH,20241113,20.27,20.66,20.18,20.48,20.42,0.06,0.2938,618182.93,1261553.204,0.8264,1.4418,0.4,19.4523,17.756,1.2141,5.0454,4.7844,2.5882,2.6855,890373.062,748032.2856,428771.496,18234840.3098,15319701.2091,22.46,18.38,1.3129
601211,国泰君安,证券,上海,20150626,601211.SH,20241112,20.77,21.19,20.25,20.42,20.88,-0.46,-2.2031,928781.95,1928935.808,1.2416,2.1661,0.56,19.3953,17.704,1.2105,5.0306,4.7704,2.5958,2.6934,890373.062,748032.2856,428771.496,18181417.926,15274819.272,22.97,18.79,1.3129
601211,国泰君安,证券,上海,20150626,601211.SH,20241111,20.52,21.27,20.45,20.88,20.97,-0.09,-0.4292,975609.9,2032312.483,1.3042,2.2754,0.59,19.8322,18.1028,1.2378,5.144,4.8779,2.5386,2.6341,890373.062,748032.2856,428771.496,18590989.5346,15618914.1233,23.07,18.87,1.3129
601211,国泰君安,证券,上海,20150626,601211.SH,20241108,22.0,22.08,20.8,20.97,21.5,-0.53,-2.4651,1508981.86,3211939.82,2.0173,3.5193,0.99,19.9177,18.1808,1.2431,5.1661,4.8989,2.5277,2.6228,890373.062,748032.2856,428771.496,18671123.1101,15686237.029,23.65,19.35,1.3129
601211,国泰君安,证券,上海,20150626,601211.SH,20241107,20.0,21.92,19.87,21.5,20.45,1.05,5.1345,1942148.16,4043397.334,2.5963,4.5296,1.41,20.4211,18.6403,1.2745,5.2967,5.0227,2.4654,2.5581,890373.062,748032.2856,428771.496,19143020.833,16082694.1404,22.5,18.41,1.3129
601211,国泰君安,证券,上海,20150626,601211.SH,20241106,20.6,21.76,20.01,20.45,19.8,0.65,3.2828,2307819.02,4809042.194,3.0852,5.3824,2.23,19.4238,17.73,1.2123,5.038,4.7774,2.592,2.6895,890373.062,748032.2856,428771.496,18208129.1179,15297260.2405,21.78,17.82,1.3129
601211,国泰君安,证券,上海,20150626,601211.SH,20241105,19.25,19.95,18.99,19.8,19.26,0.54,2.8037,1622264.55,3177744.623,2.1687,3.7835,1.84,18.8064,17.1664,1.1738,4.8779,4.6256,2.6771,2.7778,890373.062,748032.2856,428771.496,17629386.6276,14811039.2549,21.19,17.33,1.3129
601211,国泰君安,证券,上海,20150626,601211.SH,20241104,19.05,19.3,19.02,19.26,18.87,0.39,2.0668,909547.2,1743668.306,1.2159,2.1213,1.11,18.2935,16.6983,1.1417,4.7449,4.4994,2.7521,2.8557,890373.062,748032.2856,428771.496,17148585.1741,14407101.8207,20.76,16.98,1.3129
601211,国泰君安,证券,上海,20150626,601211.SH,20241101,18.9,19.19,18.8,18.87,18.92,-0.05,-0.2643,807594.44,1531620.759,1.0796,1.8835,1.0,17.9231,16.3601,1.1186,4.6488,4.4083,2.809,2.9147,890373.062,748032.2856,428771.496,16801339.6799,14115369.2293,20.81,17.03,1.3129
601211,国泰君安,证券,上海,20150626,601211.SH,20241031,18.75,19.28,18.66,18.92,18.66,0.26,1.3934,1219707.34,2318616.935,1.6306,2.8447,1.72,17.9706,16.4035,1.1472,4.6611,4.42,2.8016,2.907,890373.062,748032.2856,428771.496,16845858.333,14152770.8436,20.53,16.79,1.3129
601211,国泰君安,证券,上海,20150626,601211.SH,20241030,18.63,18.84,18.5,18.66,18.75,-0.09,-0.48,616942.5,1150929.525,0.8248,1.4389,0.77,17.7236,19.2105,1.1314,4.5971,4.7637,2.8406,2.9475,890373.062,748032.2856,428771.496,16614361.3369,13958282.4493,20.63,16.88,1.3129
601211,国泰君安,证券,上海,20150626,601211.SH,20241029,18.79,19.04,18.66,18.75,18.69,0.06,0.321,852455.75,1605291.58,1.1396,1.9881,1.02,17.8091,19.3032,1.1369,4.6192,4.7866,2.827,2.9333,890373.062,748032.2856,428771.496,16694494.9125,14025605.355,20.56,16.82,1.3129
601211,国泰君安,证券,上海,20150626,601211.SH,20241028,18.77,18.86,18.62,18.69,18.77,-0.08,-0.4262,595585.81,1114256.881,0.7962,1.3891,0.54,17.7521,19.2414,1.1333,4.6044,4.7713,2.836,2.9428,890373.062,748032.2856,428771.496,16641072.5288,13980723.4179,20.65,16.89,1.3129
601211,国泰君安,证券,上海,20150626,601211.SH,20241025,18.91,18.96,18.67,18.77,18.81,-0.04,-0.2127,737552.78,1384324.628,0.986,1.7202,0.44,17.8281,19.3237,1.1381,4.6242,4.7917,2.824,2.9302,890373.062,748032.2856,428771.496,16712302.3737,14040566.0007,20.69,16.93,1.3129
601211,国泰君安,证券,上海,20150626,601211.SH,20241024,18.75,19.08,18.63,18.81,18.91,-0.1,-0.5288,740280.42,1392955.32,0.9896,1.7265,0.35,17.8661,19.3649,1.1405,4.634,4.8019,2.818,2.924,890373.062,748032.2856,428771.496,16747917.2962,14070487.2921,20.8,17.02,1.3129
601211,国泰君安,证券,上海,20150626,601211.SH,20241023,19.16,19.44,18.82,18.91,19.05,-0.14,-0.7349,1083489.09,2077718.717,1.4485,2.527,0.45,17.9611,19.4679,1.1466,4.6586,4.8275,2.803,2.9085,890373.062,748032.2856,428771.496,16836954.6024,14145290.5207,20.96,17.15,1.3129
601211,国泰君安,证券,上海,20150626,601211.SH,20241022,19.02,19.32,18.93,19.05,19.18,-0.13,-0.6778,1035785.18,1977460.186,1.3847,2.4157,0.38,18.094,19.612,1.1551,4.6931,4.8632,2.7824,2.8871,890373.062,748032.2856,428771.496,16961606.8311,14250015.0407,21.1,17.26,1.3129
601211,国泰君安,证券,上海,20150626,601211.SH,20241021,19.53,19.58,19.13,19.18,20.12,-0.94,-4.672,1955219.15,3773582.448,2.6138,4.56,0.56,18.2175,19.7458,1.163,4.7252,4.8964,2.7636,2.8676,890373.062,748032.2856,428771.496,17077355.3292,14347259.2378,22.13,18.11,1.3129
601211,国泰君安,证券,上海,20150626,601211.SH,20241018,18.9,21.1,18.41,20.27,19.18,1.09,5.683,3646000.63,7212229.962,4.8741,8.5034,1.31,19.2528,20.868,1.218,4.9937,5.1747,2.615,1.9734,890373.062,748032.2856,428771.496,18047861.9667,15162614.4291,21.1,17.26,1.3032
601211,国泰君安,证券,上海,20150626,601211.SH,20241017,18.58,20.08,18.22,19.18,18.58,0.6,3.2293,2768588.9,5371745.217,3.7012,6.457,1.23,18.2175,19.7458,1.1525,4.7252,4.8964,2.7636,2.0855,890373.062,748032.2856,428771.496,17077355.3292,14347259.2378,20.44,16.72,1.3032
601211,国泰君安,证券,上海,20150626,601211.SH,20241016,17.7,19.56,17.7,18.58,18.0,0.58,3.2222,2670665.55,4967100.165,3.5703,6.2286,1.51,17.6476,19.1281,1.1164,4.5773,4.7432,2.8528,2.1529,890373.062,748032.2856,428771.496,16543131.492,13898439.8664,19.8,16.2,1.3032
601211,国泰君安,证券,上海,20150626,601211.SH,20241015,18.0,18.58,17.72,18.0,19.01,-1.01,-5.313,2585163.55,4704594.319,3.456,6.0292,2.02,17.0967,18.531,1.0816,4.4345,4.5952,2.9448,2.2222,890373.062,748032.2856,428771.496,16026715.116,13464581.1408,20.91,17.11,1.3032
601211,国泰君安,证券,上海,20150626,601211.SH,20241014,19.57,19.57,18.05,19.01,17.79,1.22,6.8578,5833594.81,11174359.641,7.7986,13.6054,36.86,18.056,19.5708,1.1423,4.6833,4.853,2.7883,2.1042,890373.062,748032.2856,428771.496,16925991.9086,14220093.7493,19.57,16.01,1.3032
601211,国泰君安,证券,上海,20150626,601211.SH,20241011,17.79,17.79,17.79,17.79,16.17,1.62,10.0186,55776.62,99226.607,0.0746,0.1301,0.26,16.8973,18.3148,1.069,4.3827,4.5416,2.9795,2.2485,890373.062,748032.2856,428771.496,15839736.773,13307494.3608,17.79,14.55,1.3032
601211,国泰君安,证券,上海,20150626,601211.SH,20241010,16.17,16.17,16.17,16.17,14.7,1.47,10.0,102463.52,165683.512,0.137,0.239,0.3,15.3586,16.647,0.9716,3.9836,4.128,3.278,2.4737,890373.062,748032.2856,428771.496,14397332.4125,12095682.0582,16.17,13.23,1.3032
601211,国泰君安,证券,上海,20150626,601211.SH,20240905,14.41,14.74,14.41,14.7,14.46,0.24,1.6598,243164.25,355587.069,0.3251,0.5773,0.72,13.9623,15.1337,0.8833,3.6215,3.7527,3.6058,2.7211,890373.062,748032.2856,421223.2699,13088484.0114,10996074.5983,,,1.3032
601211,国泰君安,证券,上海,20150626,601211.SH,20240904,14.55,14.68,14.43,14.46,14.56,-0.1,-0.6868,174369.0,253184.526,0.2331,0.414,0.53,13.7344,14.8866,0.8689,3.5624,3.6914,3.6657,2.7663,890373.062,748032.2856,421223.2699,12874794.4765,10816546.8498,,,1.3032
601211,国泰君安,证券,上海,20150626,601211.SH,20240903,14.41,14.63,14.38,14.56,14.47,0.09,0.622,215634.12,313144.427,0.2883,0.5119,0.69,13.8294,14.9895,0.8749,3.587,3.717,3.6405,2.7473,890373.062,748032.2856,421223.2699,12963831.7827,10891350.0783,,,1.3032
601211,国泰君安,证券,上海,20150626,601211.SH,20240902,14.65,14.66,14.4,14.47,14.76,-0.29,-1.9648,335701.44,486680.914,0.4488,0.797,1.24,13.7439,14.8969,0.8695,3.5648,3.694,3.6631,2.7643,890373.062,748032.2856,421223.2699,12883698.2071,10824027.1726,,,1.3032
601211,国泰君安,证券,上海,20150626,601211.SH,20240830,14.13,14.86,14.1,14.76,14.07,0.69,4.9041,747937.1,1093405.805,0.9999,1.7756,4.75,14.0193,15.1954,0.8869,3.6363,3.768,3.5912,2.71,890373.062,748032.2856,421223.2699,13141906.3951,11040956.5355,,,1.3032
601211,国泰君安,证券,上海,20150626,601211.SH,20240829,14.01,14.23,13.96,14.07,13.96,0.11,0.788,215631.88,304984.728,0.2883,0.5119,1.49,13.3639,14.1988,0.8583,3.4663,3.5961,3.7673,2.8429,890373.062,748032.2856,421223.2699,12527548.9823,10524814.2584,,,1.3032
601211,国泰君安,证券,上海,20150626,601211.SH,20240828,13.91,14.05,13.91,13.96,13.97,-0.01,-0.0716,137026.0,191645.724,0.1832,0.3253,0.96,13.2595,14.0878,0.8516,3.4392,3.568,3.797,2.8653,890373.062,748032.2856,421223.2699,12429607.9455,10442530.707,,,1.3032
601211,国泰君安,证券,上海,20150626,601211.SH,20240827,14.07,14.13,13.92,13.97,14.13,-0.16,-1.1323,116842.28,163185.15,0.1562,0.2774,0.77,13.269,14.0979,0.8522,3.4416,3.5706,3.7942,2.8633,890373.062,748032.2856,421223.2699,12438511.6761,10450011.0298,,,1.3032
601211,国泰君安,证券,上海,20150626,601211.SH,20240826,14.15,14.24,14.05,14.13,14.14,-0.01,-0.0707,135258.19,191259.558,0.1808,0.3211,0.91,13.4209,14.2593,0.862,3.4811,3.6115,3.7513,2.8309,890373.062,748032.2856,421223.2699,12580971.3661,10569696.1955,,,1.3032
601211,国泰君安,证券,上海,20150626,601211.SH,20240823,13.91,14.22,13.91,14.14,13.97,0.17,1.2169,183130.84,258012.825,0.2448,0.4348,1.25,13.4304,14.2694,0.8626,3.4835,3.614,3.7486,2.8289,890373.062,748032.2856,421223.2699,12589875.0967,10577176.5184,,,1.3032
601211,国泰君安,证券,上海,20150626,601211.SH,20240822,14.13,14.15,13.91,13.97,14.07,-0.1,-0.7107,152422.73,213624.667,0.2038,0.3619,0.93,13.269,14.0979,0.8522,3.4416,3.5706,3.7942,2.8633,890373.062,748032.2856,421223.2699,12438511.6761,10450011.0298,,,1.3032
601211,国泰君安,证券,上海,20150626,601211.SH,20240821,14.17,14.21,14.03,14.07,14.18,-0.11,-0.7757,126634.47,178594.434,0.1693,0.3006,0.73,13.3639,14.1988,0.8583,3.4663,3.5961,3.7673,2.8429,890373.062,748032.2856,421223.2699,12527548.9823,10524814.2584,,,1.3032
601211,国泰君安,证券,上海,20150626,601211.SH,20240820,14.25,14.36,14.06,14.18,14.24,-0.06,-0.4213,161299.33,229287.79,0.2156,0.3829,0.94,13.4684,14.3098,0.865,3.4934,3.6242,3.7381,2.8209,890373.062,748032.2856,421223.2699,12625490.0192,10607097.8098,,,1.3032
601211,国泰君安,证券,上海,20150626,601211.SH,20240819,14.15,14.34,14.15,14.24,14.24,0.0,0.0,119011.36,169753.721,0.1591,0.2825,0.7,13.5254,14.3703,0.8687,3.5082,3.6396,3.7223,2.809,890373.062,748032.2856,421223.2699,12678912.4029,10651979.7469,,,1.3032
601211,国泰君安,证券,上海,20150626,601211.SH,20240816,14.2,14.33,14.13,14.24,14.3,-0.06,-0.4196,173586.88,246862.073,0.2321,0.4121,1.04,13.5254,14.3703,0.8687,3.5082,3.6396,3.7223,2.809,890373.062,748032.2856,421223.2699,12678912.4029,10651979.7469,,,1.3032
601211,国泰君安,证券,上海,20150626,601211.SH,20240815,14.0,14.33,13.96,14.3,14.0,0.3,2.1429,235458.0,335185.86,0.3148,0.559,1.49,13.5824,14.4309,0.8723,3.5229,3.6549,3.7067,2.7972,890373.062,748032.2856,421223.2699,12732334.7866,10696861.6841,,,1.3032
601211,国泰君安,证券,上海,20150626,601211.SH,20240814,14.02,14.11,13.94,14.0,14.09,-0.09,-0.6388,175836.13,246712.643,0.2351,0.4174,1.17,13.2975,14.1281,0.854,3.449,3.5782,3.7861,2.8571,890373.062,748032.2856,421223.2699,12465222.868,10472451.9984,,,1.3032
601211,国泰君安,证券,上海,20150626,601211.SH,20240813,14.0,14.11,13.88,14.09,14.0,0.09,0.6429,153888.0,215176.666,0.2057,0.3653,0.95,13.3829,14.219,0.8595,3.4712,3.6012,3.7619,2.8389,890373.062,748032.2856,421223.2699,12545356.4436,10539774.9041,,,1.3032
601211,国泰君安,证券,上海,20150626,601211.SH,20240812,14.03,14.06,13.97,14.0,14.07,-0.07,-0.4975,114808.45,160830.022,0.1535,0.2726,0.56,13.2975,14.1281,0.854,3.449,3.5782,3.7861,2.8571,890373.062,748032.2856,421223.2699,12465222.868,10472451.9984,,,1.3032
601211,国泰君安,证券,上海,20150626,601211.SH,20240809,14.2,14.3,14.06,14.07,14.14,-0.07,-0.495,152949.36,216558.75,0.2045,0.3631,0.65,13.3639,14.1988,0.8583,3.4663,3.5961,3.7673,2.8429,890373.062,748032.2856,421223.2699,12527548.9823,10524814.2584,,,1.3032
601211,国泰君安,证券,上海,20150626,601211.SH,20240808,14.08,14.26,14.06,14.14,14.11,0.03,0.2126,191798.0,271411.265,0.2564,0.4553,0.65,13.4304,14.2694,0.8626,3.4835,3.614,3.7486,2.8289,890373.062,748032.2856,421223.2699,12589875.0967,10577176.5184,,,1.3032
601211,国泰君安,证券,上海,20150626,601211.SH,20240807,14.18,14.24,14.09,14.11,14.18,-0.07,-0.4937,135789.03,192056.175,0.1815,0.3224,0.35,13.4019,14.2391,0.8608,3.4761,3.6063,3.7566,2.8349,890373.062,748032.2856,421223.2699,12563163.9048,10554735.5498,,,1.3032
601211,国泰君安,证券,上海,20150626,601211.SH,20240806,14.21,14.26,14.01,14.18,14.11,0.07,0.4961,215188.5,304466.365,0.2877,0.5109,0.57,13.4684,14.3098,0.865,3.4934,3.6242,3.7381,2.8209,890373.062,748032.2856,421223.2699,12625490.0192,10607097.8098,,,1.3032
601211,国泰君安,证券,上海,20150626,601211.SH,20240805,14.2,14.37,14.06,14.11,14.2,-0.09,-0.6338,324235.36,460969.745,0.4335,0.7697,0.95,13.4019,14.2391,0.8608,3.4761,3.6063,3.7566,2.8349,890373.062,748032.2856,421223.2699,12563163.9048,10554735.5498,,,1.3032
601211,国泰君安,证券,上海,20150626,601211.SH,20240802,14.45,14.55,14.18,14.2,14.55,-0.35,-2.4055,308377.1,441204.797,0.4123,0.7321,0.97,13.4874,14.33,0.8662,3.4983,3.6293,3.7328,2.8169,890373.062,748032.2856,421223.2699,12643297.4804,10622058.4555,,,1.3032
601211,国泰君安,证券,上海,20150626,601211.SH,20240801,14.34,14.59,14.31,14.55,14.38,0.17,1.1822,480603.35,696897.587,0.6425,1.141,1.87,13.8199,14.6832,0.8876,3.5845,3.7188,3.643,2.7491,890373.062,748032.2856,421223.2699,12954928.0521,10883869.7555,,,1.3032
601211,国泰君安,证券,上海,20150626,601211.SH,20240731,14.0,14.58,13.97,14.38,13.97,0.41,2.9349,605769.49,870518.038,0.8098,1.4381,3.44,13.6584,14.5116,0.8772,3.5426,3.6753,3.6861,2.7816,890373.062,748032.2856,421223.2699,12803564.6316,10756704.2669,15.37,12.57,1.3032
601211,国泰君安,证券,上海,20150626,601211.SH,20240730,13.86,13.99,13.83,13.97,13.88,0.09,0.6484,152874.9,212927.017,0.2044,0.3629,0.77,13.269,14.0979,0.8522,3.4416,3.5706,3.7942,2.8633,890373.062,748032.2856,421223.2699,12438511.6761,10450011.0298,,,1.3032
601211,国泰君安,证券,上海,20150626,601211.SH,20240729,13.95,14.05,13.87,13.88,14.03,-0.15,-1.0691,154560.3,215705.144,0.2066,0.3669,0.66,13.1835,14.007,0.8467,3.4195,3.5476,3.8189,2.8818,890373.062,748032.2856,421223.2699,12358378.1006,10382688.1241,,,1.3032
601211,国泰君安,证券,上海,20150626,601211.SH,20240726,13.92,14.14,13.9,14.03,13.89,0.14,1.0079,196188.75,274930.644,0.2623,0.4658,0.74,13.3259,14.1584,0.8559,3.4564,3.5859,3.778,2.851,890373.062,748032.2856,421223.2699,12491934.0599,10494892.967,,,1.3032
601211,国泰君安,证券,上海,20150626,601211.SH,20240725,13.87,13.95,13.83,13.89,13.82,0.07,0.5065,173142.82,240601.369,0.2315,0.411,0.61,13.193,14.0171,0.8473,3.4219,3.5501,3.8161,2.8798,890373.062,748032.2856,421223.2699,12367281.8312,10390168.447,,,1.3032
601211,国泰君安,证券,上海,20150626,601211.SH,20240724,13.88,13.93,13.74,13.82,13.89,-0.07,-0.504,204505.67,282757.302,0.2734,0.4855,0.69,13.1265,13.9465,0.8431,3.4047,3.5322,3.8354,2.8944,890373.062,748032.2856,421223.2699,12304955.7168,10337806.187,,,1.3032
601211,国泰君安,证券,上海,20150626,601211.SH,20240723,14.12,14.12,13.85,13.89,14.13,-0.24,-1.6985,261293.6,365525.066,0.3493,0.6203,0.89,13.193,14.0171,0.8473,3.4219,3.5501,3.8161,2.8798,890373.062,748032.2856,421223.2699,12367281.8312,10390168.447,,,1.3032
601211,国泰君安,证券,上海,20150626,601211.SH,20240722,14.19,14.25,14.0,14.13,14.05,0.08,0.5694,341126.81,481109.643,0.456,0.8098,1.37,13.4209,14.2593,0.862,3.4811,3.6115,3.7513,2.8309,890373.062,748032.2856,421223.2699,12580971.3661,10569696.1955,15.5,12.68,1.3032
601211,国泰君安,证券,上海,20150626,601211.SH,20240719,13.83,14.1,13.8,14.05,13.9,0.15,1.0791,341531.02,478231.986,0.4566,0.8108,1.61,13.3449,14.1786,0.8571,3.4613,3.591,3.7726,2.847,890373.062,748032.2856,421223.2699,12509741.5211,10509853.6127,,,1.3032
601211,国泰君安,证券,上海,20150626,601211.SH,20240718,13.76,13.91,13.63,13.9,13.75,0.15,1.0909,277203.38,382684.107,0.3706,0.6581,1.39,13.2025,14.0272,0.8479,3.4244,3.5527,3.8134,2.8777,890373.062,748032.2856,421223.2699,12376185.5618,10397648.7698,,,1.3032
601211,国泰君安,证券,上海,20150626,601211.SH,20240717,13.64,13.8,13.63,13.75,13.62,0.13,0.9545,260064.88,357675.332,0.3477,0.6174,1.39,13.06,13.8758,0.8388,3.3874,3.5143,3.855,2.9091,890373.062,748032.2856,421223.2699,12242629.6025,10285443.927,,,1.3032
601211,国泰君安,证券,上海,20150626,601211.SH,20240716,13.49,13.73,13.46,13.62,13.5,0.12,0.8889,243851.73,332780.372,0.326,0.5789,1.22,12.9365,13.7447,0.8309,3.3554,3.4811,3.8918,2.9369,890373.062,748032.2856,421223.2699,12126881.1044,10188199.7299,,,1.3032
601211,国泰君安,证券,上海,20150626,601211.SH,20240715,13.46,13.51,13.42,13.5,13.46,0.04,0.2972,120228.65,162015.766,0.1607,0.2854,0.54,12.8225,13.6236,0.8235,3.3258,3.4504,3.9263,2.963,890373.062,748032.2856,421223.2699,12020036.337,10098435.8556,,,1.3032
601211,国泰君安,证券,上海,20150626,601211.SH,20240712,13.57,13.58,13.44,13.46,13.55,-0.09,-0.6642,156476.07,211099.91,0.2092,0.3715,0.67,12.7846,13.5832,0.8211,3.316,3.4402,3.938,2.9718,890373.062,748032.2856,421223.2699,11984421.4145,10068514.5642,,,1.3032
601211,国泰君安,证券,上海,20150626,601211.SH,20240711,13.57,13.65,13.5,13.55,13.47,0.08,0.5939,218768.76,296999.194,0.2925,0.5194,0.96,12.87,13.674,0.8266,3.3382,3.4632,3.9119,2.952,890373.062,748032.2856,421223.2699,12064554.9901,10135837.4699,,,1.3032
601211,国泰君安,证券,上海,20150626,601211.SH,20240710,13.36,13.61,13.31,13.47,13.45,0.02,0.1487,199296.0,268855.547,0.2664,0.4731,0.91,12.794,13.5933,0.8217,3.3185,3.4428,3.9351,2.9696,890373.062,748032.2856,421223.2699,11993325.1451,10075994.887,,,1.3032
601211,国泰君安,证券,上海,20150626,601211.SH,20240709,13.35,13.49,13.12,13.45,13.33,0.12,0.9002,307461.41,408666.107,0.411,0.7299,1.59,12.7751,13.5731,0.8205,3.3135,3.4377,3.9409,2.974,890373.062,748032.2856,421223.2699,11975517.6839,10061034.2413,,,1.3032
601211,国泰君安,证券,上海,20150626,601211.SH,20240708,13.41,13.49,13.26,13.33,13.45,-0.12,-0.8922,238055.09,318149.531,0.3182,0.5652,1.18,12.6611,13.452,0.8132,3.284,3.407,3.9764,3.0008,890373.062,748032.2856,421223.2699,11868672.9165,9971270.367,,,1.3032
601211,国泰君安,证券,上海,20150626,601211.SH,20240705,13.51,13.57,13.4,13.45,13.51,-0.06,-0.4441,196925.2,265302.482,0.2633,0.4675,0.82,12.7751,13.5731,0.8205,3.3135,3.4377,3.9409,2.974,890373.062,748032.2856,421223.2699,11975517.6839,10061034.2413,,,1.3032
601211,国泰君安,证券,上海,20150626,601211.SH,20240704,13.71,13.71,13.49,13.51,13.68,-0.17,-1.2427,195597.0,265418.574,0.2615,0.4644,0.78,12.832,13.6336,0.8242,3.3283,3.453,3.9234,2.9608,890373.062,748032.2856,421223.2699,12028940.0676,10105916.1785,,,1.3032
601211,国泰君安,证券,上海,20150626,601211.SH,20240703,13.65,13.74,13.59,13.68,13.67,0.01,0.0732,157625.61,215303.993,0.2107,0.3742,0.56,12.9935,13.8052,0.8345,3.3702,3.4964,3.8747,2.924,890373.062,748032.2856,421223.2699,12180303.4882,10233081.667,,,1.3032
601211,国泰君安,证券,上海,20150626,601211.SH,20240702,13.76,13.83,13.63,13.67,13.78,-0.11,-0.7983,178529.98,245037.562,0.2387,0.4238,0.58,12.984,13.7951,0.8339,3.3677,3.4939,3.8775,2.9261,890373.062,748032.2856,421223.2699,12171399.7575,10225601.3442,15.2,12.44,1.3032
601211,国泰君安,证券,上海,20150626,601211.SH,20240701,13.52,13.8,13.42,13.78,13.55,0.23,1.6974,283738.8,387521.986,0.3793,0.6736,0.92,13.0885,13.9061,0.8406,3.3948,3.522,3.8466,2.9028,890373.062,748032.2856,421223.2699,12269340.7944,10307884.8956,,,1.3032
601211,国泰君安,证券,上海,20150626,601211.SH,20240628,13.66,13.78,13.44,13.55,13.62,-0.07,-0.514,378500.2,515587.654,0.506,0.8986,1.32,12.87,13.674,0.8266,3.3382,3.4632,3.9119,6.8639,890373.062,748032.2856,421223.2699,12064554.9901,10135837.4699,,,1.3032
601211,国泰君安,证券,上海,20150626,601211.SH,20240627,14.05,14.11,13.97,14.02,14.11,-0.09,-0.6378,256081.44,359402.224,0.3423,0.6079,0.89,13.3164,14.1483,0.8349,3.454,3.5833,3.7807,3.7807,890373.062,748032.2856,421223.2699,12483030.3292,10487412.6441,,,1.3032
601211,国泰君安,证券,上海,20150626,601211.SH,20240626,13.83,14.2,13.82,14.11,13.83,0.28,2.0246,313586.42,440703.778,0.4192,0.7445,1.07,13.4019,14.2391,0.8403,3.4761,3.6063,3.7566,3.7566,890373.062,748032.2856,421223.2699,12563163.9048,10554735.5498,,,1.3032
601211,国泰君安,证券,上海,20150626,601211.SH,20240625,14.02,14.06,13.75,13.83,14.02,-0.19,-1.3552,305865.27,424572.931,0.4089,0.7261,0.88,13.136,13.9566,0.8236,3.4071,3.5348,3.8327,3.8327,890373.062,748032.2856,421223.2699,12313859.4475,10345286.5098,,,1.3032
601211,国泰君安,证券,上海,20150626,601211.SH,20240624,14.05,14.17,13.95,14.02,14.06,-0.04,-0.2845,289696.43,407238.097,0.3873,0.6878,0.69,13.3164,14.1483,0.8349,3.454,3.5833,3.7807,3.7807,890373.062,748032.2856,421223.2699,12483030.3292,10487412.6441,,,1.3032
601211,国泰君安,证券,上海,20150626,601211.SH,20240621,14.09,14.19,13.98,14.06,14.08,-0.02,-0.142,268993.51,378591.69,0.3596,0.6386,0.43,13.3544,14.1887,0.8373,3.4638,3.5936,3.77,3.77,890373.062,748032.2856,421223.2699,12518645.2517,10517333.9355,,,1.3032
601211,国泰君安,证券,上海,20150626,601211.SH,20240620,14.12,14.21,14.02,14.08,14.18,-0.1,-0.7052,255165.97,360095.329,0.3411,0.6058,0.4,13.3734,14.2089,0.8385,3.4687,3.5987,3.7646,3.7646,890373.062,748032.2856,421223.2699,12536452.713,10532294.5812,,,1.3032
601211,国泰君安,证券,上海,20150626,601211.SH,20240619,14.45,14.45,14.15,14.18,14.44,-0.26,-1.8006,346974.24,494673.105,0.4638,0.8237,0.58,13.4684,14.3098,0.8444,3.4934,3.6242,3.7381,3.7381,890373.062,748032.2856,421223.2699,12625490.0192,10607097.8098,,,1.3032
601211,国泰君安,证券,上海,20150626,601211.SH,20240618,14.32,14.65,14.29,14.44,14.32,0.12,0.838,581354.53,841627.248,0.7772,1.3802,1.09,13.7154,14.5722,0.8599,3.5574,3.6907,3.6708,3.6708,890373.062,748032.2856,421223.2699,12856987.0153,10801586.2041,,,1.3032
601211,国泰君安,证券,上海,20150626,601211.SH,20240617,14.2,14.39,13.99,14.32,14.44,-0.12,-0.831,645701.41,917455.909,0.8632,1.5329,1.4,13.6014,14.4511,0.8528,3.5279,3.66,3.7015,3.7015,890373.062,748032.2856,421223.2699,12750142.2478,10711822.3298,,,1.3032
601211,国泰君安,证券,上海,20150626,601211.SH,20240614,13.81,14.69,13.81,14.44,13.78,0.66,4.7896,1329482.57,1904269.453,1.7773,3.1562,5.32,13.7154,14.5722,0.8599,3.5574,3.6907,3.6708,3.6708,890373.062,748032.2856,421223.2699,12856987.0153,10801586.2041,,,1.3032
601211,国泰君安,证券,上海,20150626,601211.SH,20240613,13.66,13.92,13.61,13.78,13.64,0.14,1.0264,272900.01,375250.226,0.3648,0.6479,1.11,13.0885,13.9061,0.8206,3.3948,3.522,3.8466,3.8466,890373.062,748032.2856,421223.2699,12269340.7944,10307884.8956,,,1.3032
601211,国泰君安,证券,上海,20150626,601211.SH,20240612,13.67,13.7,13.58,13.64,13.66,-0.02,-0.1464,171605.14,234033.703,0.2294,0.4074,0.63,12.9555,13.7648,0.8123,3.3603,3.4862,3.886,3.886,890373.062,748032.2856,421223.2699,12144688.5657,10203160.3756,,,1.3032
601211,国泰君安,证券,上海,20150626,601211.SH,20240611,13.7,13.78,13.61,13.66,13.78,-0.12,-0.8708,244320.95,334698.772,0.3266,0.58,0.78,12.9745,13.785,0.8135,3.3653,3.4913,3.8804,3.8804,890373.062,748032.2856,421223.2699,12162496.0269,10218121.0213,,,1.3032
601211,国泰君安,证券,上海,20150626,601211.SH,20240607,13.73,13.79,13.51,13.78,13.68,0.1,0.731,289946.39,396636.977,0.3876,0.6883,0.93,13.0885,13.9061,0.8206,3.3948,3.522,3.8466,3.8466,890373.062,748032.2856,421223.2699,12269340.7944,10307884.8956,15.04,12.3,1.3032
601211,国泰君安,证券,上海,20150626,601211.SH,20240606,13.82,13.86,13.65,13.68,13.82,-0.14,-1.013,270815.65,372134.687,0.362,0.6429,0.85,12.9935,13.8052,0.8146,3.3702,3.4964,3.8747,3.8747,890373.062,748032.2856,421223.2699,12180303.4882,10233081.667,15.16,12.4,1.3032
601211,国泰君安,证券,上海,20150626,601211.SH,20240605,13.83,13.96,13.8,13.82,13.82,0.0,0.0,250975.16,348074.183,0.3355,0.5958,0.72,13.1265,13.9465,0.823,3.4047,3.5322,3.8354,3.8354,890373.062,748032.2856,421223.2699,12304955.7168,10337806.187,,,1.3032
601211,国泰君安,证券,上海,20150626,601211.SH,20240604,13.6,13.85,13.6,13.82,13.65,0.17,1.2454,307351.18,422966.792,0.4109,0.7297,0.88,13.1265,13.9465,0.823,3.4047,3.5322,3.8354,3.8354,890373.062,748032.2856,421223.2699,12304955.7168,10337806.187,14.98,12.26,1.3032
601211,国泰君安,证券,上海,20150626,601211.SH,20240603,13.91,13.92,13.55,13.65,13.94,-0.29,-2.0803,439574.74,601675.216,0.5876,1.0436,1.06,12.965,13.7749,0.8129,3.3628,3.4888,3.8832,3.8832,890373.062,748032.2856,421223.2699,12153592.2963,10210640.6984,,,1.266
601211,国泰君安,证券,上海,20150626,601211.SH,20240531,14.09,14.13,13.92,13.94,14.09,-0.15,-1.0646,287569.06,403048.425,0.3844,0.6827,0.73,13.2405,14.0676,0.8301,3.4342,3.5629,3.8024,3.8024,890373.062,748032.2856,421223.2699,12411800.4843,10427570.0613,,,1.266
601211,国泰君安,证券,上海,20150626,601211.SH,20240530,14.0,14.14,13.92,14.09,14.05,0.04,0.2847,306323.4,430051.298,0.4095,0.7272,0.8,13.3829,14.219,0.8391,3.4712,3.6012,3.7619,3.7619,890373.062,748032.2856,421223.2699,12545356.4436,10539774.9041,15.42,12.62,1.2664
601211,国泰君安,证券,上海,20150626,601211.SH,20240529,13.82,14.3,13.82,14.05,13.85,0.2,1.444,412786.13,582701.424,0.5518,0.98,1.22,13.3449,14.1786,0.8367,3.4613,3.591,3.7726,3.7726,890373.062,748032.2856,421223.2699,12509741.5211,10509853.6127,,,1.266
601211,国泰君安,证券,上海,20150626,601211.SH,20240528,13.95,14.05,13.83,13.85,14.06,-0.21,-1.4936,303929.78,422821.077,0.4063,0.7215,0.96,13.155,13.9768,0.8248,3.4121,3.5399,3.8271,3.8271,890373.062,748032.2856,421223.2699,12331666.9087,10360247.1556,15.49,12.67,1.266
601211,国泰君安,证券,上海,20150626,601211.SH,20240527,13.67,14.25,13.67,14.06,13.6,0.46,3.3824,771600.84,1079525.057,1.0315,1.8318,3.24,13.3544,14.1887,0.8373,3.4638,3.5936,3.77,3.77,890373.062,748032.2856,421223.2699,12518645.2517,10517333.9355,,,1.266
601211,国泰君安,证券,上海,20150626,601211.SH,20240524,13.69,13.76,13.58,13.6,13.72,-0.12,-0.8746,184837.55,252865.964,0.2471,0.4388,0.73,12.9188,13.7258,0.8099,3.3508,3.4763,3.897,3.897,890461.0816,748032.2856,421223.2699,12110270.7098,10173239.0842,,,1.266
601211,国泰君安,证券,上海,20150626,601211.SH,20240523,13.89,13.91,13.7,13.72,13.92,-0.2,-1.4368,230912.88,318251.897,0.3087,0.5482,0.92,13.0328,13.8469,0.8171,3.3804,3.507,3.8629,3.8629,890461.0816,748032.2856,421223.2699,12217126.0396,10263002.9584,,,1.266
601211,国泰君安,证券,上海,20150626,601211.SH,20240522,13.88,13.98,13.86,13.92,13.91,0.01,0.0719,199536.55,277697.283,0.2667,0.4737,0.74,13.2228,14.0488,0.829,3.4297,3.5581,3.8074,3.8074,890461.0816,748032.2856,421223.2699,12395218.2559,10412609.4156,,,1.266
601211,国泰君安,证券,上海,20150626,601211.SH,20240521,13.99,14.01,13.85,13.91,14.01,-0.1,-0.7138,190812.91,265861.173,0.2551,0.453,0.68,13.2133,14.0387,0.8284,3.4272,3.5556,3.8102,3.8102,890461.0816,748032.2856,421223.2699,12386313.6451,10405129.0927,,,1.266
601211,国泰君安,证券,上海,20150626,601211.SH,20240520,13.93,14.16,13.9,14.01,13.93,0.08,0.5743,386016.0,542512.885,0.516,0.9164,1.45,13.3083,14.1396,0.8343,3.4518,3.5811,3.783,3.783,890461.0816,748032.2856,421223.2699,12475359.7532,10479932.3213,,,1.266
601211,国泰君安,证券,上海,20150626,601211.SH,20240517,13.74,13.95,13.73,13.93,13.74,0.19,1.3828,251722.34,348171.672,0.3365,0.5976,0.9,13.2323,14.0589,0.8296,3.4321,3.5607,3.8047,3.8047,890461.0816,748032.2856,421223.2699,12404122.8667,10420089.7384,,,1.266
601211,国泰君安,证券,上海,20150626,601211.SH,20240516,13.75,13.88,13.73,13.74,13.73,0.01,0.0728,230193.5,317559.824,0.3077,0.5465,0.82,13.0518,13.8671,0.8183,3.3853,3.5121,3.8573,3.8573,890461.0816,748032.2856,421223.2699,12234935.2612,10277963.6041,,,1.266
601211,国泰君安,证券,上海,20150626,601211.SH,20240515,13.99,13.99,13.73,13.73,13.93,-0.2,-1.4358,284595.72,393399.195,0.3805,0.6756,1.05,13.0423,13.857,0.8177,3.3828,3.5096,3.8601,3.8601,890461.0816,748032.2856,421223.2699,12226030.6504,10270483.2813,,,1.266
601211,国泰君安,证券,上海,20150626,601211.SH,20240514,13.95,13.97,13.84,13.93,13.95,-0.02,-0.1434,243574.71,338534.341,0.3256,0.5783,0.87,13.2323,14.0589,0.8296,3.4321,3.5607,3.8047,3.8047,890461.0816,748032.2856,421223.2699,12404122.8667,10420089.7384,,,1.266
601211,国泰君安,证券,上海,20150626,601211.SH,20240513,13.87,14.02,13.75,13.95,13.88,0.07,0.5043,325284.61,452179.459,0.4349,0.7722,1.09,13.2513,14.0791,0.8308,3.437,3.5658,3.7992,3.7992,890461.0816,748032.2856,421223.2699,12421932.0883,10435050.3841,,,1.266
601211,国泰君安,证券,上海,20150626,601211.SH,20240510,13.81,13.92,13.79,13.88,13.8,0.08,0.5797,312068.65,432332.052,0.4172,0.7409,1.02,13.1848,14.0084,0.8266,3.4198,3.5479,3.8184,3.8184,890461.0816,748032.2856,421223.2699,12359599.8126,10382688.1241,,,1.266
601211,国泰君安,证券,上海,20150626,601211.SH,20240509,13.7,13.83,13.7,13.8,13.71,0.09,0.6565,237417.58,327203.456,0.3174,0.5636,0.61,13.1088,13.9277,0.8218,3.4001,3.5275,3.8405,3.8405,890461.0816,748032.2856,421223.2699,12288362.9261,10322845.5413,,,1.266
601211,国泰君安,证券,上海,20150626,601211.SH,20240508,13.81,13.83,13.66,13.71,13.83,-0.12,-0.8677,240753.2,330795.568,0.3218,0.5716,0.5,13.0233,13.8368,0.8165,3.3779,3.5045,3.8658,3.8658,890461.0816,748032.2856,421223.2699,12208221.4287,10255522.6356,,,1.266
601211,国泰君安,证券,上海,20150626,601211.SH,20240507,13.86,13.87,13.78,13.83,13.86,-0.03,-0.2165,276906.97,382815.015,0.3702,0.6574,0.6,13.1373,13.958,0.8236,3.4075,3.5351,3.8322,3.8322,890461.0816,748032.2856,421223.2699,12315076.7585,10345286.5098,,,1.266
601211,国泰君安,证券,上海,20150626,601211.SH,20240506,13.9,13.96,13.81,13.86,13.76,0.1,0.7267,420373.77,583491.258,0.562,0.998,1.0,13.1658,13.9882,0.8254,3.4149,3.5428,3.8239,3.8239,890461.0816,748032.2856,421223.2699,12341790.591,10367727.4784,,,1.266
601211,国泰君安,证券,上海,20150626,601211.SH,20240430,13.9,13.91,13.65,13.76,13.88,-0.12,-0.8646,351263.24,483651.922,0.4696,0.8339,0.9,13.0708,13.8873,0.8195,3.3902,3.5172,3.8517,3.8517,890461.0816,748032.2856,421223.2699,12252744.4828,10292924.2499,,,1.266
601211,国泰君安,证券,上海,20150626,601211.SH,20240429,13.85,14.03,13.74,13.88,13.86,0.02,0.1443,658652.54,915756.474,0.8805,1.5637,2.17,13.1848,13.1848,0.8405,3.4198,3.4198,3.8184,3.8184,890461.0816,748032.2856,421223.2699,12359599.8126,10382688.1241,,,1.266
601211,国泰君安,证券,上海,20150626,601211.SH,20240426,13.6,13.92,13.42,13.86,13.35,0.51,3.8202,707636.0,968214.618,0.946,1.68,3.39,13.1658,13.1658,0.8393,3.4149,3.4149,3.8239,3.8239,890461.0816,748032.2856,421223.2699,12341790.591,10367727.4784,,,1.266
601211,国泰君安,证券,上海,20150626,601211.SH,20240425,13.28,13.42,13.27,13.35,13.33,0.02,0.15,160892.44,214632.368,0.2151,0.382,0.63,12.6813,12.6813,0.8084,3.2892,3.2892,3.97,3.97,890461.0816,748032.2856,421223.2699,11887655.4394,9986231.0128,,,1.266
601211,国泰君安,证券,上海,20150626,601211.SH,20240424,13.3,13.36,13.16,13.33,13.31,0.02,0.1503,219157.12,290977.978,0.293,0.5203,0.79,12.6623,12.6623,0.8072,3.2843,3.2843,3.976,3.976,890461.0816,748032.2856,421223.2699,11869846.2177,9971270.367,,,1.266
601211,国泰君安,证券,上海,20150626,601211.SH,20240423,13.39,13.47,13.3,13.31,13.4,-0.09,-0.6716,201107.91,269178.809,0.2688,0.4774,0.68,12.6433,12.6433,0.806,3.2794,3.2794,3.9819,3.9819,890461.0816,748032.2856,421223.2699,11852036.9961,9956309.7213,,,1.266
601211,国泰君安,证券,上海,20150626,601211.SH,20240422,13.4,13.52,13.36,13.4,13.41,-0.01,-0.0746,227193.88,304954.175,0.3037,0.5394,0.7,12.7288,12.7288,0.8114,3.3015,3.3015,3.9552,3.9552,890461.0816,748032.2856,421223.2699,11932178.4934,10023632.627,,,1.266
601211,国泰君安,证券,上海,20150626,601211.SH,20240419,13.39,13.48,13.35,13.41,13.44,-0.03,-0.2232,235571.23,315948.706,0.3149,0.5593,0.69,12.7383,12.7383,0.812,3.304,3.304,3.9522,3.9522,890461.0816,748032.2856,421223.2699,11941083.1043,10031112.9499,,,1.266
601211,国泰君安,证券,上海,20150626,601211.SH,20240418,13.35,13.57,13.3,13.44,13.39,0.05,0.3734,394839.62,531004.986,0.5278,0.9374,1.26,12.7668,12.7668,0.8139,3.3114,3.3114,3.9434,3.9434,890461.0816,748032.2856,421223.2699,11967796.9367,10053553.9185,,,1.266
601211,国泰君安,证券,上海,20150626,601211.SH,20240417,13.16,13.39,13.1,13.39,13.16,0.23,1.7477,331174.61,439479.889,0.4427,0.7862,1.03,12.7193,12.7193,0.8108,3.2991,3.2991,3.9581,3.9581,890461.0816,748032.2856,421223.2699,11923273.8826,10016152.3042,,,1.266
601211,国泰君安,证券,上海,20150626,601211.SH,20240416,13.22,13.36,13.12,13.16,13.32,-0.16,-1.2012,279916.52,370347.988,0.3742,0.6645,0.86,12.5008,12.5008,0.7969,3.2424,3.2424,4.0273,4.0273,890461.0816,748032.2856,421223.2699,11718467.8339,9844104.8785,,,1.266
601211,国泰君安,证券,上海,20150626,601211.SH,20240415,13.05,13.35,12.93,13.32,13.05,0.27,2.069,379854.67,501820.269,0.5078,0.9018,1.18,12.6528,12.6528,0.8066,3.2818,3.2818,3.9789,3.9789,890461.0816,748032.2856,421223.2699,11860941.6069,9963790.0442,,,1.266
601211,国泰君安,证券,上海,20150626,601211.SH,20240412,13.27,13.33,13.03,13.05,13.27,-0.22,-1.6579,325895.41,428259.879,0.4357,0.7737,1.02,12.3964,12.3964,0.7902,3.2153,3.2153,4.0613,4.0613,890461.0816,748032.2856,421223.2699,11620517.1149,9761821.3271,,,1.266
601211,国泰君安,证券,上海,20150626,601211.SH,20240411,13.3,13.41,13.26,13.27,13.34,-0.07,-0.5247,247225.6,329711.563,0.3305,0.5869,0.72,12.6053,12.6053,0.8036,3.2695,3.2695,3.9939,3.9939,890461.0816,748032.2856,421223.2699,11816418.5528,9926388.4299,,,1.266
601211,国泰君安,证券,上海,20150626,601211.SH,20240410,13.51,13.55,13.28,13.34,13.54,-0.2,-1.4771,376074.77,503946.934,0.5028,0.8928,1.03,12.6718,12.6718,0.8078,3.2868,3.2868,3.973,3.973,890461.0816,748032.2856,421223.2699,11878750.8285,9978750.6899,,,1.266
601211,国泰君安,证券,上海,20150626,601211.SH,20240409,13.51,13.59,13.48,13.54,13.53,0.01,0.0739,300734.07,406853.372,0.402,0.714,0.71,12.8618,12.8618,0.8199,3.336,3.336,3.9143,3.9143,890461.0816,748032.2856,421223.2699,12056843.0449,10128357.147,,,1.266
601211,国泰君安,证券,上海,20150626,601211.SH,20240408,13.56,13.68,13.43,13.53,13.73,-0.2,-1.4567,364265.18,493392.504,0.487,0.8648,0.91,12.8523,12.8523,0.8193,3.3336,3.3336,3.9172,3.9172,890461.0816,748032.2856,421223.2699,12047938.434,10120876.8242,15.14,12.38,1.266
601211,国泰君安,证券,上海,20150626,601211.SH,20240403,13.81,13.84,13.71,13.73,13.82,-0.09,-0.6512,303441.38,417647.935,0.4057,0.7204,0.81,13.0423,13.0423,0.8314,3.3828,3.3828,3.8601,3.8601,890461.0816,748032.2856,421223.2699,12226030.6504,10270483.2813,,,1.266
601211,国泰君安,证券,上海,20150626,601211.SH,20240402,13.96,13.98,13.78,13.82,13.97,-0.15,-1.0737,380725.28,527817.026,0.509,0.9039,1.16,13.1278,13.1278,0.8369,3.405,3.405,3.835,3.835,890461.0816,748032.2856,421223.2699,12306172.1477,10337806.187,,,1.266
601211,国泰君安,证券,上海,20150626,601211.SH,20240401,13.89,14.03,13.87,13.97,13.87,0.1,0.721,470622.48,655348.936,0.6291,1.1173,1.53,13.2703,13.2703,0.8459,3.442,3.442,3.7938,3.7938,890461.0816,748032.2856,421223.2699,12439741.31,10450011.0298,,,1.266
601211,国泰君安,证券,上海,20150626,601211.SH,20240329,13.95,13.98,13.6,13.87,14.25,-0.38,-2.6667,596200.44,820431.568,0.797,1.4154,2.45,13.1753,13.1753,0.8399,3.4173,3.4173,3.8212,3.8212,890461.0816,748032.2856,421223.2699,12350695.2018,10375207.8013,,,1.266
601211,国泰君安,证券,上海,20150626,601211.SH,20240328,14.28,14.38,14.18,14.25,14.27,-0.02,-0.1402,253566.45,361647.021,0.339,0.602,1.05,11.0271,10.8391,0.8692,3.5773,3.5458,3.7193,3.7193,890461.0816,748032.2856,421223.2699,12689070.4128,10659460.0698,,,1.266
601211,国泰君安,证券,上海,20150626,601211.SH,20240327,14.37,14.45,14.26,14.27,14.43,-0.16,-1.1088,164863.4,237051.575,0.2204,0.3914,0.66,11.0426,10.8544,0.8704,3.5823,3.5508,3.714,3.714,890461.0816,748032.2856,421223.2699,12706879.6344,10674420.7155,,,1.266
601211,国泰君安,证券,上海,20150626,601211.SH,20240326,14.37,14.45,14.36,14.43,14.36,0.07,0.4875,160936.88,231700.169,0.2151,0.3821,0.59,11.1664,10.9761,0.8802,3.6225,3.5906,3.6729,3.6729,890461.0816,748032.2856,421223.2699,12849353.4075,10794105.8812,,,1.266
601211,国泰君安,证券,上海,20150626,601211.SH,20240325,14.55,14.6,14.29,14.36,14.65,-0.29,-1.9795,361860.27,523079.256,0.4837,0.8591,1.3,11.1122,10.9228,0.8759,3.6049,3.5732,3.6908,3.6908,890461.0816,748032.2856,421223.2699,12787021.1318,10741743.6212,,,1.266
601211,国泰君安,证券,上海,20150626,601211.SH,20240322,14.78,14.79,14.5,14.65,14.78,-0.13,-0.8796,276106.39,403872.185,0.3691,0.6555,1.05,11.3367,11.1434,0.8936,3.6777,3.6454,3.6177,3.6177,890461.0816,748032.2856,421223.2699,13045254.8454,10958672.984,,,1.266
601211,国泰君安,证券,上海,20150626,601211.SH,20240321,14.83,14.94,14.72,14.78,14.76,0.02,0.1355,238404.99,353465.387,0.3187,0.566,0.93,11.4372,11.2423,0.9015,3.7103,3.6777,3.5859,3.5859,890461.0816,748032.2856,421223.2699,13161014.786,11055917.1812,,,1.266
601211,国泰君安,证券,上海,20150626,601211.SH,20240320,14.77,14.85,14.7,14.76,14.76,0.0,0.0,205678.6,303826.126,0.275,0.4883,0.75,11.4218,11.2271,0.9003,3.7053,3.6727,3.5907,3.5907,890461.0816,748032.2856,421223.2699,13143205.5644,11040956.5355,,,1.266
601211,国泰君安,证券,上海,20150626,601211.SH,20240319,14.99,15.01,14.72,14.76,15.0,-0.24,-1.6,274437.47,408011.535,0.3669,0.6515,1.03,11.4218,11.2271,0.9003,3.7053,3.6727,3.5907,3.5907,890461.0816,748032.2856,421223.2699,13143205.5644,11040956.5355,,,1.266
601211,国泰君安,证券,上海,20150626,601211.SH,20240318,14.75,15.07,14.75,15.0,14.72,0.28,1.9022,396781.49,593211.693,0.5304,0.942,1.66,11.6075,11.4096,0.9149,3.7656,3.7324,3.5333,3.5333,890461.0816,748032.2856,421223.2699,13356916.224,11220484.284,,,1.266
601211,国泰君安,证券,上海,20150626,601211.SH,20240315,14.69,14.76,14.63,14.72,14.7,0.02,0.1361,196898.92,289366.708,0.2632,0.4674,0.81,11.3908,11.1966,0.8978,3.6953,3.6628,3.6005,3.6005,890461.0816,748032.2856,421223.2699,13107587.1212,11011035.244,,,1.266
601211,国泰君安,证券,上海,20150626,601211.SH,20240314,14.76,14.86,14.64,14.7,14.79,-0.09,-0.6085,204303.59,301477.483,0.2731,0.485,0.78,11.3753,11.1814,0.8966,3.6902,3.6578,3.6054,3.6054,890461.0816,748032.2856,421223.2699,13089777.8995,10996074.5983,,,1.266
601211,国泰君安,证券,上海,20150626,601211.SH,20240313,14.98,15.01,14.74,14.79,15.0,-0.21,-1.4,296222.97,439355.618,0.396,0.7032,1.17,11.445,11.2499,0.9021,3.7128,3.6802,3.5835,3.5835,890461.0816,748032.2856,421223.2699,13169919.3969,11063397.504,,,1.266
601211,国泰君安,证券,上海,20150626,601211.SH,20240312,15.03,15.06,14.91,15.0,14.99,0.01,0.0667,243175.67,364384.934,0.3251,0.5773,0.95,11.6075,11.4096,0.9149,3.7656,3.7324,3.5333,3.5333,890461.0816,748032.2856,421223.2699,13356916.224,11220484.284,,,1.266
601211,国泰君安,证券,上海,20150626,601211.SH,20240311,14.84,14.99,14.82,14.99,14.82,0.17,1.1471,250942.64,373888.447,0.3355,0.5957,0.97,11.5998,11.402,0.9143,3.763,3.73,3.5357,3.5357,890461.0816,748032.2856,421223.2699,13348011.6132,11213003.9611,,,1.266
601211,国泰君安,证券,上海,20150626,601211.SH,20240308,14.82,14.88,14.79,14.82,14.85,-0.03,-0.202,218111.32,323480.698,0.2916,0.5178,0.77,11.4682,11.2727,0.9039,3.7204,3.6877,3.5762,3.5762,890461.0816,748032.2856,421223.2699,13196633.2293,11085838.4726,,,1.266
601211,国泰君安,证券,上海,20150626,601211.SH,20240307,14.92,15.0,14.75,14.85,14.92,-0.07,-0.4692,307425.75,457982.664,0.411,0.7298,1.0,11.4914,11.2955,0.9058,3.7279,3.6951,3.569,3.569,890461.0816,748032.2856,421223.2699,13223347.0618,11108279.4412,,,1.266
601211,国泰君安,证券,上海,20150626,601211.SH,20240306,14.96,15.03,14.89,14.92,14.97,-0.05,-0.334,245484.01,367015.558,0.3282,0.5828,0.71,11.5456,11.3488,0.91,3.7455,3.7125,3.5522,3.5522,890461.0816,748032.2856,421223.2699,13285679.3375,11160641.7012,15.68,12.83,1.266
601211,国泰君安,证券,上海,20150626,601211.SH,20240305,14.91,15.01,14.86,14.97,14.96,0.01,0.0668,259388.58,387588.401,0.3468,0.6158,0.74,11.5843,11.3868,0.9131,3.758,3.725,3.5404,3.5404,890461.0816,748032.2856,421223.2699,13330202.3916,11198043.3154,15.7,12.84,1.266
601211,国泰君安,证券,上海,20150626,601211.SH,20240304,15.11,15.14,14.94,14.96,15.1,-0.14,-0.9272,264378.2,396891.748,0.3534,0.6276,0.75,11.5765,11.3792,0.9125,3.7555,3.7225,3.5427,3.5427,890461.0816,748032.2856,421223.2699,13321297.7807,11190562.9926,15.87,12.99,1.266
601211,国泰君安,证券,上海,20150626,601211.SH,20240301,15.09,15.16,14.99,15.1,15.09,0.01,0.0663,344087.92,518265.498,0.46,0.8169,1.0,11.6849,11.4857,0.921,3.7907,3.7573,3.5099,3.5099,890461.0816,748032.2856,421223.2699,13445962.3322,11295287.5126,15.8,12.92,1.266
601211,国泰君安,证券,上海,20150626,601211.SH,20240229,14.91,15.1,14.89,15.09,14.96,0.13,0.869,419499.44,628486.716,0.5608,0.9959,1.34,11.6771,11.4781,0.9204,3.7882,3.7548,3.5122,3.5122,890461.0816,748032.2856,421223.2699,13437057.7213,11287807.1897,,,1.266
601211,国泰君安,证券,上海,20150626,601211.SH,20240228,15.12,15.29,14.94,14.96,15.09,-0.13,-0.8615,451789.53,683948.378,0.604,1.0726,1.42,11.5765,11.3792,0.9125,3.7555,3.7225,3.5427,3.5427,890461.0816,748032.2856,421223.2699,13321297.7807,11190562.9926,,,1.266
601211,国泰君安,证券,上海,20150626,601211.SH,20240227,15.02,15.09,14.98,15.09,15.02,0.07,0.466,280970.86,422184.862,0.3756,0.667,0.86,11.6771,11.4781,0.9204,3.7882,3.7548,3.5122,3.5122,890461.0816,748032.2856,421223.2699,13437057.7213,11287807.1897,,,1.266
601211,国泰君安,证券,上海,20150626,601211.SH,20240226,15.17,15.2,15.02,15.02,15.18,-0.16,-1.054,260177.3,393054.976,0.3478,0.6177,0.76,11.623,11.4248,0.9161,3.7706,3.7374,3.5286,3.5286,890461.0816,748032.2856,421223.2699,13374725.4456,11235444.9297,,,1.266
601211,国泰君安,证券,上海,20150626,601211.SH,20240223,15.25,15.31,15.13,15.18,15.22,-0.04,-0.2628,299913.75,455644.943,0.4009,0.712,0.79,11.7468,11.5465,0.9259,3.8107,3.7772,3.4914,3.4914,890461.0816,748032.2856,421223.2699,13517199.2187,11355130.0954,,,1.266
601211,国泰君安,证券,上海,20150626,601211.SH,20240222,15.09,15.24,15.04,15.22,15.09,0.13,0.8615,277845.22,420888.022,0.3714,0.6596,0.67,11.7777,11.577,0.9283,3.8208,3.7872,3.4822,3.4822,890461.0816,748032.2856,421223.2699,13552817.662,11385051.3868,,,1.266
601211,国泰君安,证券,上海,20150626,601211.SH,20240221,14.88,15.33,14.84,15.09,14.96,0.13,0.869,476402.33,720971.527,0.6369,1.131,1.2,11.6771,11.4781,0.9204,3.7882,3.7548,3.5122,3.5122,890461.0816,748032.2856,421223.2699,13437057.7213,11287807.1897,,,1.266
601211,国泰君安,证券,上海,20150626,601211.SH,20240220,14.78,15.08,14.71,14.96,14.79,0.17,1.1494,327749.86,489149.656,0.4381,0.7781,0.78,11.5765,11.3792,0.9125,3.7555,3.7225,3.5427,3.5427,890461.0816,748032.2856,421223.2699,13321297.7807,11190562.9926,16.27,13.31,1.266
601211,国泰君安,证券,上海,20150626,601211.SH,20240219,14.8,14.81,14.57,14.79,14.86,-0.07,-0.4711,330726.87,487422.89,0.4421,0.7852,0.76,11.445,11.2499,0.9021,3.7128,3.6802,3.5835,3.5835,890461.0816,748032.2856,421223.2699,13169919.3969,11063397.504,,,1.266
601211,国泰君安,证券,上海,20150626,601211.SH,20240208,14.86,14.95,14.7,14.86,14.77,0.09,0.6093,485250.48,718563.59,0.6487,1.152,1.2,11.4992,11.3031,0.9064,3.7304,3.6976,3.5666,3.5666,890461.0816,748032.2856,421223.2699,13232251.6726,11115759.764,,,1.266
601211,国泰君安,证券,上海,20150626,601211.SH,20240207,14.75,14.85,14.6,14.77,14.71,0.06,0.4079,439390.92,647114.112,0.5874,1.0431,1.16,11.4295,11.2347,0.9009,3.7078,3.6752,3.5883,3.5883,890461.0816,748032.2856,421223.2699,13152110.1752,11048436.8583,,,1.266
601211,国泰君安,证券,上海,20150626,601211.SH,20240206,14.2,14.81,14.12,14.71,14.2,0.51,3.5915,406234.97,588689.247,0.5431,0.9644,1.16,11.3831,11.189,0.8972,3.6928,3.6603,3.603,3.603,890461.0816,748032.2856,421223.2699,13098682.5103,11003554.9212,,,1.266
601211,国泰君安,证券,上海,20150626,601211.SH,20240205,14.2,14.43,13.99,14.2,14.34,-0.14,-0.9763,437059.49,621215.837,0.5843,1.0376,1.3,10.9884,10.8011,0.8661,3.5647,3.5334,3.7324,3.7324,890461.0816,748032.2856,421223.2699,12644547.3587,10622058.4555,,,1.266
601211,国泰君安,证券,上海,20150626,601211.SH,20240202,14.64,14.69,13.9,14.34,14.64,-0.3,-2.0492,413716.51,592074.548,0.5551,0.9887,1.28,11.0968,10.9076,0.8747,3.5999,3.5682,3.6959,3.6959,890461.0816,745261.8576,418452.8419,12769211.9101,10687055.038,,,1.266
601211,国泰君安,证券,上海,20150626,601211.SH,20240201,14.57,14.75,14.37,14.64,14.61,0.03,0.2053,329920.57,481297.223,0.4427,0.7884,0.9,11.3289,11.1358,0.893,3.6752,3.6429,3.6202,3.6202,890461.0816,745261.8576,418452.8419,13036350.2346,10910633.5953,,,1.266
601211,国泰君安,证券,上海,20150626,601211.SH,20240131,14.8,14.83,14.5,14.61,14.83,-0.22,-1.4835,302893.0,444328.068,0.4064,0.7238,0.78,11.3057,11.113,0.8911,3.6677,3.6354,3.6276,3.6276,890461.0816,745261.8576,418452.8419,13009636.4022,10888275.7395,,,1.266
601211,国泰君安,证券,上海,20150626,601211.SH,20240130,14.92,15.09,14.8,14.83,15.02,-0.19,-1.265,274072.41,409047.117,0.3678,0.655,0.71,11.4759,11.2803,0.9045,3.7229,3.6901,3.5738,3.5738,890461.0816,745261.8576,418452.8419,13205537.8401,11052233.3482,,,1.266
601211,国泰君安,证券,上海,20150626,601211.SH,20240129,15.06,15.23,14.98,15.02,15.06,-0.04,-0.2656,363636.73,549555.016,0.4879,0.869,0.97,11.623,11.4248,0.9161,3.7706,3.7374,3.5286,3.5286,890461.0816,745261.8576,418452.8419,13374725.4456,11193833.1012,,,1.266
601211,国泰君安,证券,上海,20150626,601211.SH,20240126,15.03,15.11,14.91,15.06,15.06,0.0,0.0,350423.81,525773.573,0.4702,0.8374,0.99,11.6539,11.4553,0.9186,3.7806,3.7474,3.5192,3.5192,890461.0816,745261.8576,418452.8419,13410343.8889,11223643.5755,16.6,13.58,1.266
601211,国泰君安,证券,上海,20150626,601211.SH,20240125,14.7,15.09,14.61,15.06,14.74,0.32,2.171,548251.49,813788.331,0.7356,1.3102,1.61,11.6539,11.4553,0.9186,3.7806,3.7474,3.5192,3.5192,890461.0816,745261.8576,418452.8419,13410343.8889,11223643.5755,,,1.266
601211,国泰君安,证券,上海,20150626,601211.SH,20240124,14.32,14.84,14.18,14.74,14.25,0.49,3.4386,413066.34,598711.267,0.5543,0.9871,1.33,11.4063,11.2119,0.8991,3.7003,3.6677,3.5956,3.5956,890461.0816,745261.8576,418452.8419,13125396.3428,10985159.781,,,1.266
601211,国泰君安,证券,上海,20150626,601211.SH,20240123,14.25,14.35,13.95,14.25,14.14,0.11,0.7779,245710.26,348148.149,0.3297,0.5872,0.79,11.0271,10.8391,0.8692,3.5773,3.5458,3.7193,3.7193,890461.0816,745261.8576,418452.8419,12689070.4128,10619981.4708,,,1.266
601211,国泰君安,证券,上海,20150626,601211.SH,20240122,14.33,14.49,14.04,14.14,14.37,-0.23,-1.6006,320370.15,459072.865,0.4299,0.7656,1.15,10.942,10.7555,0.8625,3.5497,3.5184,3.7482,3.7482,890461.0816,745261.8576,418452.8419,12591119.6938,10538002.6665,,,1.266
601211,国泰君安,证券,上海,20150626,601211.SH,20240119,14.37,14.46,14.23,14.37,14.46,-0.09,-0.6224,249956.01,358157.513,0.3354,0.5973,0.93,11.12,10.9304,0.8765,3.6074,3.5757,3.6882,3.6882,890461.0816,745261.8576,418452.8419,12795925.7426,10709412.8937,,,1.266
601211,国泰君安,证券,上海,20150626,601211.SH,20240118,14.59,14.66,13.98,14.46,14.65,-0.19,-1.2969,478792.93,683385.141,0.6424,1.1442,2.2,11.1896,10.9989,0.882,3.63,3.5981,3.6652,3.6652,890461.0816,745261.8576,418452.8419,12876067.2399,10776486.4609,,,1.266
601211,国泰君安,证券,上海,20150626,601211.SH,20240117,14.69,14.86,14.65,14.65,14.75,-0.1,-0.678,262200.74,387642.631,0.3518,0.6266,1.31,11.3367,11.1434,0.8936,3.6777,3.6454,3.6177,3.6177,890461.0816,745261.8576,418452.8419,13045254.8454,10918086.2138,,,1.266
601211,国泰君安,证券,上海,20150626,601211.SH,20240116,14.5,14.75,14.47,14.75,14.52,0.23,1.584,251397.63,368190.745,0.3373,0.6008,1.31,11.414,11.2195,0.8997,3.7028,3.6702,3.5932,3.5932,890461.0816,745261.8576,418452.8419,13134300.9536,10992612.3996,,,1.266
601211,国泰君安,证券,上海,20150626,601211.SH,20240115,14.41,14.66,14.36,14.52,14.47,0.05,0.3455,150794.68,218607.753,0.2023,0.3604,0.73,11.2361,11.0445,0.8856,3.6451,3.613,3.6501,3.6501,890461.0816,745261.8576,418452.8419,12929494.9048,10821202.1724,,,1.266
601211,国泰君安,证券,上海,20150626,601211.SH,20240112,14.39,14.53,14.37,14.47,14.43,0.04,0.2772,207041.66,299288.103,0.2778,0.4948,0.98,11.1974,11.0065,0.8826,3.6325,3.6006,3.6627,3.6627,890461.0816,745261.8576,418452.8419,12884971.8508,10783939.0795,,,1.266
601211,国泰君安,证券,上海,20150626,601211.SH,20240111,14.41,14.46,14.26,14.43,14.41,0.02,0.1388,215429.59,309498.999,0.2891,0.5148,1.02,11.1664,10.9761,0.8802,3.6225,3.5906,3.6729,3.6729,890461.0816,745261.8576,418452.8419,12849353.4075,10754128.6052,,,1.266
601211,国泰君安,证券,上海,20150626,601211.SH,20240110,14.5,14.56,14.37,14.41,14.53,-0.12,-0.8259,175737.59,253916.261,0.2358,0.42,0.85,11.1509,10.9608,0.8789,3.6174,3.5856,3.678,3.678,890461.0816,745261.8576,418452.8419,12831544.1859,10739223.368,,,1.266
601211,国泰君安,证券,上海,20150626,601211.SH,20240109,14.58,14.65,14.43,14.53,14.68,-0.15,-1.0218,212432.07,308936.552,0.285,0.5077,1.03,11.2438,11.0521,0.8863,3.6476,3.6155,3.6476,3.6476,890461.0816,745261.8576,418452.8419,12938399.5156,10828654.7909,,,1.266
601211,国泰君安,证券,上海,20150626,601211.SH,20240108,14.84,14.84,14.57,14.68,14.89,-0.21,-1.4103,222530.61,326230.976,0.2986,0.5318,1.14,11.3599,11.1662,0.8954,3.6852,3.6528,3.6103,3.6103,890461.0816,745261.8576,418452.8419,13071968.6779,10940444.0696,,,1.266
601211,国泰君安,证券,上海,20150626,601211.SH,20240105,14.82,15.02,14.75,14.89,14.89,0.0,0.0,228828.65,340880.144,0.307,0.5468,1.15,11.5224,11.3259,0.9082,3.7379,3.7051,3.5594,3.5594,890461.0816,745261.8576,418452.8419,13258965.505,11096949.0597,,,1.266
601211,国泰君安,证券,上海,20150626,601211.SH,20240104,14.95,14.98,14.7,14.89,14.96,-0.07,-0.4679,215431.83,319656.732,0.2891,0.5148,1.14,11.5224,11.3259,0.9082,3.7379,3.7051,3.5594,3.5594,890461.0816,745261.8576,418452.8419,13258965.505,11096949.0597,,,1.266
601211,国泰君安,证券,上海,20150626,601211.SH,20240103,14.81,14.98,14.81,14.96,14.87,0.09,0.6052,159393.52,237735.581,0.2139,0.3809,0.85,11.5765,11.3792,0.9125,3.7555,3.7225,3.5427,3.5427,890461.0816,745261.8576,418452.8419,13321297.7807,11149117.3897,,,1.266
601211,国泰君安,证券,上海,20150626,601211.SH,20240102,14.85,14.98,14.84,14.87,14.88,-0.01,-0.0672,201563.06,300445.907,0.2705,0.4817,1.18,11.5069,11.3107,0.907,3.7329,3.7001,3.5642,3.5642,890461.0816,745261.8576,418452.8419,13241156.2834,11082043.8225,,,1.266
601211,国泰君安,证券,上海,20150626,601211.SH,20231229,14.8,14.93,14.79,14.88,14.84,0.04,0.2695,166628.02,247951.779,0.2236,0.3982,0.97,11.5146,11.3183,0.9076,3.7354,3.7026,4.5711,3.5618,890461.0816,745261.8576,418452.8419,13250060.8942,11089496.4411,,,1.266
601211,国泰君安,证券,上海,20150626,601211.SH,20231228,14.67,14.88,14.56,14.84,14.68,0.16,1.0899,248668.83,367255.218,0.3337,0.5943,1.53,11.4837,11.2879,0.9052,3.7254,3.6926,4.5835,3.5714,890461.0816,745261.8576,418452.8419,13214442.4509,11059685.9668,,,1.266
601211,国泰君安,证券,上海,20150626,601211.SH,20231227,14.62,14.74,14.5,14.68,14.64,0.04,0.2732,170772.14,249786.202,0.2291,0.4081,0.96,11.3599,11.1662,0.8954,3.6852,3.6528,4.6334,3.6103,890461.0816,745261.8576,418452.8419,13071968.6779,10940444.0696,,,1.266
601211,国泰君安,证券,上海,20150626,601211.SH,20231226,14.65,14.7,14.49,14.64,14.69,-0.05,-0.3404,146398.55,213501.911,0.1964,0.3499,0.76,11.3289,11.1358,0.893,3.6752,3.6429,4.6461,3.6202,890461.0816,745261.8576,418452.8419,13036350.2346,10910633.5953,,,1.266
601211,国泰君安,证券,上海,20150626,601211.SH,20231225,14.58,14.74,14.57,14.69,14.68,0.01,0.0681,124901.64,183176.453,0.1676,0.2985,0.6,11.3676,11.1738,0.896,3.6877,3.6553,4.6303,3.6079,890461.0816,745261.8576,418452.8419,13080873.2887,10947896.6881,16.12,13.19,1.266
601211,国泰君安,证券,上海,20150626,601211.SH,20231222,14.61,14.7,14.5,14.68,14.64,0.04,0.2732,167862.76,245297.297,0.2252,0.4012,0.79,11.3599,11.1662,0.8954,3.6852,3.6528,4.6334,3.6103,890461.0816,745261.8576,418452.8419,13071968.6779,10940444.0696,,,1.266
601211,国泰君安,证券,上海,20150626,601211.SH,20231221,14.61,14.66,14.5,14.64,14.66,-0.02,-0.1364,201364.7,293876.648,0.2702,0.4812,0.88,11.3289,11.1358,0.893,3.6752,3.6429,4.6461,3.6202,890461.0816,745261.8576,418452.8419,13036350.2346,10910633.5953,,,1.266
601211,国泰君安,证券,上海,20150626,601211.SH,20231220,14.98,14.99,14.65,14.66,15.0,-0.34,-2.2667,252450.58,373569.692,0.3387,0.6033,1.1,11.3444,11.151,0.8942,3.6802,3.6478,4.6397,3.6152,890461.0816,745261.8576,418452.8419,13054159.4563,10925538.8324,,,1.266
601211,国泰君安,证券,上海,20150626,601211.SH,20231219,14.98,15.03,14.81,15.0,14.97,0.03,0.2004,216983.0,324169.825,0.2912,0.5185,1.0,11.6075,11.4096,0.9149,3.7656,3.7324,4.5346,3.5333,890461.0816,745261.8576,418452.8419,13356916.224,11178927.864,,,1.266
601211,国泰君安,证券,上海,20150626,601211.SH,20231218,14.92,15.02,14.87,14.97,14.99,-0.02,-0.1334,204826.58,306155.207,0.2748,0.4895,0.93,11.5843,11.3868,0.9131,3.758,3.725,4.5437,3.5404,890461.0816,745261.8576,418452.8419,13330202.3916,11156570.0083,,,1.266
601211,国泰君安,证券,上海,20150626,601211.SH,20231215,15.03,15.2,14.96,14.99,15.0,-0.01,-0.0667,190703.97,287418.617,0.2559,0.4557,0.88,11.5998,11.402,0.9143,3.763,3.73,4.5376,3.5357,890461.0816,745261.8576,418452.8419,13348011.6132,11171475.2454,,,1.266
601211,国泰君安,证券,上海,20150626,601211.SH,20231214,14.98,15.31,14.89,15.0,14.96,0.04,0.2674,272810.67,412464.364,0.3661,0.652,1.43,11.6075,11.4096,0.9149,3.7656,3.7324,4.5346,3.5333,890461.0816,745261.8576,418452.8419,13356916.224,11178927.864,,,1.266
601211,国泰君安,证券,上海,20150626,601211.SH,20231213,14.95,15.05,14.84,14.96,14.95,0.01,0.0669,265907.33,397897.311,0.3568,0.6355,1.56,11.5765,11.3792,0.9125,3.7555,3.7225,4.5467,3.5427,890461.0816,745261.8576,418452.8419,13321297.7807,11149117.3897,,,1.266
601211,国泰君安,证券,上海,20150626,601211.SH,20231212,14.88,15.05,14.86,14.95,14.93,0.02,0.134,145487.84,217378.037,0.1952,0.3477,0.84,11.5688,11.3716,0.9119,3.753,3.72,4.5497,3.5451,890461.0816,745261.8576,418452.8419,13312393.1699,11141664.7711,16.38,13.4,1.266
601211,国泰君安,证券,上海,20150626,601211.SH,20231211,14.7,14.96,14.5,14.93,14.74,0.19,1.289,229029.26,337515.821,0.3073,0.5473,1.5,11.5533,11.3564,0.9106,3.748,3.715,4.5558,3.5499,890461.0816,745261.8576,418452.8419,13294583.9483,11126759.534,,,1.266
601211,国泰君安,证券,上海,20150626,601211.SH,20231208,14.81,14.88,14.72,14.74,14.83,-0.09,-0.6069,167456.73,247770.311,0.2247,0.4002,1.05,11.4063,11.2119,0.8991,3.7003,3.6677,4.6146,3.5956,890461.0816,745261.8576,418452.8419,13125396.3428,10985159.781,,,1.266
601211,国泰君安,证券,上海,20150626,601211.SH,20231207,14.8,14.9,14.75,14.83,14.8,0.03,0.2027,146632.46,217343.371,0.1968,0.3504,0.91,11.4759,11.2803,0.9045,3.7229,3.6901,4.5866,3.5738,890461.0816,745261.8576,418452.8419,13205537.8401,11052233.3482,,,1.266
601211,国泰君安,证券,上海,20150626,601211.SH,20231206,14.9,14.98,14.74,14.8,14.89,-0.09,-0.6044,165821.71,246011.58,0.2225,0.3963,1.01,11.4527,11.2575,0.9027,3.7154,3.6827,4.5959,3.581,890461.0816,745261.8576,418452.8419,13178824.0077,11029875.4925,,,1.266
601211,国泰君安,证券,上海,20150626,601211.SH,20231205,15.09,15.11,14.87,14.89,15.11,-0.22,-1.456,153282.47,230215.432,0.2057,0.3663,0.98,11.5224,11.3259,0.9082,3.7379,3.7051,4.5681,3.5594,890461.0816,745261.8576,418452.8419,13258965.505,11096949.0597,,,1.266
601211,国泰君安,证券,上海,20150626,601211.SH,20231204,15.1,15.2,15.07,15.11,15.07,0.04,0.2654,128576.28,194493.152,0.1725,0.3073,0.74,11.6926,11.4933,0.9216,3.7932,3.7598,4.5016,3.5076,890461.0816,745261.8576,418452.8419,13454866.943,11260906.6683,,,1.266
601211,国泰君安,证券,上海,20150626,601211.SH,20231201,15.05,15.13,14.97,15.07,15.1,-0.03,-0.1987,204841.04,308341.807,0.2749,0.4895,1.23,11.6617,11.4629,0.9192,3.7831,3.7499,4.5135,3.5169,890461.0816,745261.8576,418452.8419,13419248.4997,11231096.194,,,1.266
601211,国泰君安,证券,上海,20150626,601211.SH,20231130,14.92,15.11,14.92,15.1,14.98,0.12,0.8011,157217.34,236380.578,0.211,0.3757,0.95,11.6849,11.4857,0.921,3.7907,3.7573,4.5045,3.5099,890461.0816,745261.8576,418452.8419,13445962.3322,11253454.0498,,,1.266
601211,国泰君安,证券,上海,20150626,601211.SH,20231129,15.2,15.23,14.91,14.98,15.08,-0.1,-0.6631,174602.5,262578.418,0.2343,0.4173,1.06,11.592,11.3944,0.9137,3.7605,3.7275,4.5406,3.538,890461.0816,745261.8576,418452.8419,13339107.0024,11164022.6268,,,1.266
601211,国泰君安,证券,上海,20150626,601211.SH,20231128,15.1,15.16,15.04,15.08,15.1,-0.02,-0.1325,116796.71,176362.205,0.1567,0.2791,0.62,11.6694,11.4705,0.9198,3.7856,3.7523,4.5105,3.5146,890461.0816,745261.8576,418452.8419,13428153.1105,11238548.8126,,,1.266
601211,国泰君安,证券,上海,20150626,601211.SH,20231127,15.17,15.17,15.0,15.1,15.22,-0.12,-0.7884,213584.85,321857.357,0.2866,0.5104,1.14,11.6849,11.4857,0.921,3.7907,3.7573,4.5045,3.5099,890461.0816,745261.8576,418452.8419,13445962.3322,11253454.0498,,,1.266
601211,国泰君安,证券,上海,20150626,601211.SH,20231124,15.26,15.36,15.18,15.22,15.27,-0.05,-0.3274,167747.99,255909.322,0.2251,0.4009,0.93,11.7777,11.577,0.9283,3.8208,3.7872,4.469,3.4822,890461.0816,745261.8576,418452.8419,13552817.662,11342885.4727,,,1.266
601211,国泰君安,证券,上海,20150626,601211.SH,20231123,15.19,15.3,15.15,15.27,15.21,0.06,0.3945,157527.49,239774.298,0.2114,0.3765,0.86,11.8164,11.615,0.9314,3.8333,3.7996,4.4544,3.4708,890461.0816,745261.8576,418452.8419,13597340.716,11380148.5656,,,1.266
601211,国泰君安,证券,上海,20150626,601211.SH,20231122,15.24,15.37,15.2,15.21,15.27,-0.06,-0.3929,166442.56,254341.145,0.2233,0.3978,0.85,11.77,11.5694,0.9277,3.8183,3.7847,4.472,3.4845,890461.0816,745261.8576,418452.8419,13543913.0511,11335432.8541,,,1.266
601211,国泰君安,证券,上海,20150626,601211.SH,20231121,15.28,15.5,15.25,15.27,15.26,0.01,0.0655,229753.76,353154.957,0.3083,0.5491,1.09,11.8164,11.615,0.9314,3.8333,3.7996,4.4544,3.4708,890461.0816,745261.8576,418452.8419,13597340.716,11380148.5656,,,1.266
601211,国泰君安,证券,上海,20150626,601211.SH,20231120,15.29,15.32,15.07,15.26,15.27,-0.01,-0.0655,213588.33,324579.359,0.2866,0.5104,1.06,11.8087,11.6074,0.9308,3.8308,3.7971,4.4573,3.4731,890461.0816,745261.8576,418452.8419,13588436.1052,11372695.947,,,1.266
601211,国泰君安,证券,上海,20150626,601211.SH,20231117,15.19,15.29,15.18,15.27,15.24,0.03,0.1969,138712.92,211378.094,0.1861,0.3315,0.67,11.8164,11.615,0.9314,3.8333,3.7996,4.4544,3.4708,890461.0816,745261.8576,418452.8419,13597340.716,11380148.5656,,,1.266
601211,国泰君安,证券,上海,20150626,601211.SH,20231116,15.29,15.4,15.23,15.24,15.29,-0.05,-0.327,167924.23,257018.185,0.2253,0.4013,0.8,11.7932,11.5922,0.9296,3.8258,3.7922,4.4632,3.4777,890461.0816,745261.8576,418452.8419,13570626.8836,11357790.7098,,,1.266
601211,国泰君安,证券,上海,20150626,601211.SH,20231115,15.37,15.44,15.26,15.29,15.25,0.04,0.2623,230004.42,352809.911,0.3086,0.5497,1.09,11.8319,11.6302,0.9326,3.8384,3.8046,4.4486,3.4663,890461.0816,745261.8576,418452.8419,13615149.9377,11395053.8027,,,1.266
601211,国泰君安,证券,上海,20150626,601211.SH,20231114,15.14,15.4,15.09,15.25,15.09,0.16,1.0603,300358.25,458269.817,0.403,0.7178,1.44,11.801,11.5998,0.9302,3.8283,3.7946,4.4602,3.4754,890461.0816,745261.8576,418452.8419,13579531.4944,11365243.3284,,,1.266
601211,国泰君安,证券,上海,20150626,601211.SH,20231113,15.17,15.18,14.99,15.09,15.09,0.0,0.0,168059.75,253338.451,0.2255,0.4016,0.6,11.6771,11.4781,0.9204,3.7882,3.7548,4.5075,3.5122,890461.0816,745261.8576,418452.8419,13437057.7213,11246001.4312,,,1.266
601211,国泰君安,证券,上海,20150626,601211.SH,20231110,15.1,15.17,15.04,15.09,15.13,-0.04,-0.2644,165354.97,249578.982,0.2219,0.3952,0.58,11.6771,11.4781,0.9204,3.7882,3.7548,4.5075,3.5122,890461.0816,745261.8576,418452.8419,13437057.7213,11246001.4312,16.62,13.6,1.266
601211,国泰君安,证券,上海,20150626,601211.SH,20231109,15.18,15.19,15.03,15.13,15.19,-0.06,-0.395,182874.56,276220.46,0.2454,0.437,0.63,11.7081,11.5085,0.9228,3.7982,3.7648,4.4956,3.5029,890461.0816,745261.8576,418452.8419,13472676.1646,11275811.9055,,,1.266
601211,国泰君安,证券,上海,20150626,601211.SH,20231108,15.25,15.29,15.08,15.19,15.26,-0.07,-0.4587,238967.0,362406.603,0.3206,0.5711,0.8,11.7545,11.5541,0.9265,3.8133,3.7797,4.4779,3.4891,890461.0816,745261.8576,418452.8419,13526103.8295,11320527.6169,,,1.266
601211,国泰君安,证券,上海,20150626,601211.SH,20231107,15.22,15.34,15.18,15.26,15.29,-0.03,-0.1962,289109.44,441105.476,0.3879,0.6909,0.95,11.8087,11.6074,0.9308,3.8308,3.7971,4.4573,3.4731,890461.0816,745261.8576,418452.8419,13588436.1052,11372695.947,,,1.266
601211,国泰君安,证券,上海,20150626,601211.SH,20231106,15.25,15.38,15.07,15.29,14.94,0.35,2.3427,535831.5,816490.784,0.719,1.2805,2.33,11.8319,11.6302,0.9326,3.8384,3.8046,4.4486,3.4663,890461.0816,745261.8576,418452.8419,13615149.9377,11395053.8027,,,1.266
601211,国泰君安,证券,上海,20150626,601211.SH,20231103,14.85,15.03,14.83,14.94,14.87,0.07,0.4707,178709.15,266837.889,0.2398,0.4271,0.79,11.5611,11.364,0.9113,3.7505,3.7175,4.5528,3.5475,890461.0816,745261.8576,418452.8419,13303488.5591,11134212.1525,,,1.266
601211,国泰君安,证券,上海,20150626,601211.SH,20231102,14.9,15.11,14.86,14.87,14.92,-0.05,-0.3351,209853.29,314461.817,0.2816,0.5015,1.0,11.5069,11.3107,0.907,3.7329,3.7001,4.5742,3.5642,890461.0816,745261.8576,418452.8419,13241156.2834,11082043.8225,,,1.266
601211,国泰君安,证券,上海,20150626,601211.SH,20231101,14.85,14.96,14.8,14.92,14.77,0.15,1.0156,286667.0,426862.154,0.3847,0.6851,1.48,11.5456,11.3488,0.91,3.7455,3.7125,4.5589,3.5522,890461.0816,745261.8576,418452.8419,13285679.3375,11119306.9154,,,1.266
601211,国泰君安,证券,上海,20150626,601211.SH,20231031,14.77,14.88,14.71,14.77,14.58,0.19,1.3032,303036.75,448589.276,0.4066,0.7114,1.74,11.4295,11.2347,0.9009,3.7078,3.6752,4.6052,3.5883,890461.0816,745261.8576,426001.068,13152110.1752,11007517.6368,,,1.266
601211,国泰君安,证券,上海,20150626,601211.SH,20231030,14.62,14.71,14.55,14.58,14.69,-0.11,-0.7488,169321.0,247727.244,0.2272,0.3975,0.94,11.2825,11.9373,0.9101,3.6601,3.7905,4.6652,3.6351,890461.0816,745261.8576,426001.068,12982922.5697,10865917.8838,,,1.266
601211,国泰君安,证券,上海,20150626,601211.SH,20231027,14.57,14.72,14.54,14.69,14.61,0.08,0.5476,164443.39,240858.077,0.2207,0.386,0.9,11.3676,12.0274,0.917,3.6877,3.8191,4.6303,3.6079,890461.0816,745261.8576,426001.068,13080873.2887,10947896.6881,,,1.266
601211,国泰君安,证券,上海,20150626,601211.SH,20231026,14.5,14.64,14.5,14.61,14.58,0.03,0.2058,125508.43,183057.091,0.1684,0.2946,0.6,11.3057,11.9619,0.912,3.6677,3.7983,4.6556,3.6276,890461.0816,745261.8576,426001.068,13009636.4022,10888275.7395,,,1.266
601211,国泰君安,证券,上海,20150626,601211.SH,20231025,14.58,14.66,14.51,14.58,14.5,0.08,0.5517,209243.63,305555.299,0.2808,0.4912,1.08,11.2825,11.9373,0.9101,3.6601,3.7905,4.6652,3.6351,890461.0816,745261.8576,426001.068,12982922.5697,10865917.8838,,,1.266
601211,国泰君安,证券,上海,20150626,601211.SH,20231024,14.18,14.53,14.18,14.5,14.15,0.35,2.4735,203105.0,291407.869,0.2725,0.4768,1.06,11.2206,11.8718,0.9051,3.64,3.7697,4.6909,3.6551,890461.0816,745261.8576,426001.068,12911685.6832,10806296.9352,,,1.266
601211,国泰君安,证券,上海,20150626,601211.SH,20231023,14.35,14.36,14.07,14.15,14.42,-0.27,-1.8724,197559.13,280377.807,0.2651,0.4638,1.12,10.9497,11.5852,0.8833,3.5522,3.6787,4.807,3.7455,890461.0816,745261.8576,426001.068,12600024.3046,10545455.285,,,1.266
601211,国泰君安,证券,上海,20150626,601211.SH,20231020,14.4,14.53,14.35,14.42,14.46,-0.04,-0.2766,176769.09,255159.438,0.2372,0.4149,1.1,11.1587,11.8063,0.9001,3.62,3.7489,4.717,3.6754,890461.0816,745261.8576,426001.068,12840448.7967,10746675.9866,,,1.266
601211,国泰君安,证券,上海,20150626,601211.SH,20231019,14.48,14.64,14.43,14.46,14.53,-0.07,-0.4818,257426.5,373857.228,0.3454,0.6043,1.89,11.1896,11.839,0.9026,3.63,3.7593,4.7039,3.6652,890461.0816,745261.8576,426001.068,12876067.2399,10776486.4609,,,1.266
601211,国泰君安,证券,上海,20150626,601211.SH,20231018,14.56,14.64,14.52,14.53,14.6,-0.07,-0.4795,131273.27,191378.525,0.1761,0.3082,0.98,11.2438,11.8964,0.907,3.6476,3.7775,4.6813,3.6476,890461.0816,745261.8576,426001.068,12938399.5156,10828654.7909,,,1.266
601211,国泰君安,证券,上海,20150626,601211.SH,20231017,14.55,14.7,14.51,14.6,14.48,0.12,0.8287,191645.06,279960.907,0.2572,0.4499,1.6,11.298,11.9537,0.9114,3.6651,3.7957,4.6588,3.6301,890461.0816,745261.8576,426001.068,13000731.7914,10880823.121,,,1.266
601211,国泰君安,证券,上海,20150626,601211.SH,20231016,14.45,14.56,14.4,14.48,14.47,0.01,0.0691,122485.0,177435.231,0.1644,0.2875,0.94,11.2051,11.8554,0.9039,3.635,3.7645,4.6974,3.6602,890461.0816,745261.8576,426001.068,12893876.4616,10791391.698,,,1.266
601211,国泰君安,证券,上海,20150626,601211.SH,20231013,14.51,14.51,14.43,14.47,14.56,-0.09,-0.6181,103761.0,150207.426,0.1392,0.2436,0.62,11.1974,11.8472,0.9033,3.6325,3.7619,4.7007,3.6627,890461.0816,745261.8576,426001.068,12884971.8508,10783939.0795,,,1.266
601211,国泰君安,证券,上海,20150626,601211.SH,20231012,14.52,14.58,14.49,14.56,14.39,0.17,1.1814,132221.0,192230.353,0.1774,0.3104,0.73,11.267,11.9209,0.9089,3.6551,3.7853,4.6716,3.6401,890461.0816,745261.8576,426001.068,12965113.3481,10851012.6467,,,1.266
601211,国泰君安,证券,上海,20150626,601211.SH,20231011,14.48,14.56,14.39,14.39,14.41,-0.02,-0.1388,121451.04,175529.053,0.163,0.2851,0.63,11.1355,11.7817,0.8983,3.6124,3.7411,4.7268,3.6831,890461.0816,745261.8576,426001.068,12813734.9642,10724318.1309,,,1.266
601211,国泰君安,证券,上海,20150626,601211.SH,20231010,14.58,14.58,14.41,14.41,14.49,-0.08,-0.5521,119783.35,173301.124,0.1607,0.2812,0.57,11.1509,11.7981,0.8995,3.6174,3.7463,4.7202,3.678,890461.0816,745261.8576,426001.068,12831544.1859,10739223.368,,,1.266
601211,国泰君安,证券,上海,20150626,601211.SH,20231009,14.49,14.57,14.34,14.49,14.54,-0.05,-0.3439,174345.73,252102.644,0.2339,0.4093,0.76,11.2128,11.8636,0.9045,3.6375,3.7671,4.6942,3.6577,890461.0816,745261.8576,426001.068,12902781.0724,10798844.3166,,,1.266
601211,国泰君安,证券,上海,20150626,601211.SH,20230928,14.75,14.79,14.53,14.54,14.75,-0.21,-1.4237,289215.82,422655.679,0.3881,0.6789,1.42,11.2515,11.9045,0.9076,3.6501,3.7801,4.678,3.6451,890461.0816,745261.8576,426001.068,12947304.1265,10836107.4095,,,1.266
601211,国泰君安,证券,上海,20150626,601211.SH,20230927,14.68,14.8,14.66,14.75,14.68,0.07,0.4768,203961.7,300451.497,0.2737,0.4788,1.06,11.414,12.0765,0.9207,3.7028,3.8347,4.6114,3.5932,890461.0816,745261.8576,426001.068,13134300.9536,10992612.3996,16.16,13.22,1.266
601211,国泰君安,证券,上海,20150626,601211.SH,20230926,14.76,14.79,14.66,14.68,14.78,-0.1,-0.6766,169083.64,248874.793,0.2269,0.3969,0.88,11.3599,12.0192,0.9164,3.6852,3.8165,4.6334,3.6103,890461.0816,745261.8576,426001.068,13071968.6779,10940444.0696,,,1.266
601211,国泰君安,证券,上海,20150626,601211.SH,20230925,14.81,14.84,14.71,14.78,14.9,-0.12,-0.8054,211089.12,311839.952,0.2832,0.4955,1.18,11.4372,12.101,0.9226,3.7103,3.8425,4.6021,3.5859,890461.0816,745261.8576,426001.068,13161014.786,11014970.2553,,,1.266
601211,国泰君安,证券,上海,20150626,601211.SH,20230922,14.61,14.92,14.57,14.9,14.63,0.27,1.8455,273698.76,404869.04,0.3673,0.6425,1.45,11.5301,12.1993,0.9301,3.7405,3.8737,4.565,3.557,890461.0816,745261.8576,426001.068,13267870.1158,11104401.6782,,,1.266
601211,国泰君安,证券,上海,20150626,601211.SH,20230921,14.67,14.77,14.62,14.63,14.69,-0.06,-0.4084,160354.0,235405.117,0.2152,0.3764,0.79,11.3212,11.9782,0.9132,3.6727,3.8035,4.6493,3.6227,890461.0816,745261.8576,426001.068,13027445.6238,10903180.9767,,,1.266
601211,国泰君安,证券,上海,20150626,601211.SH,20230920,14.78,14.8,14.67,14.69,14.81,-0.12,-0.8103,147367.08,217244.256,0.1977,0.3459,0.7,11.3676,12.0274,0.917,3.6877,3.8191,4.6303,3.6079,890461.0816,745261.8576,426001.068,13080873.2887,10947896.6881,,,1.266
601211,国泰君安,证券,上海,20150626,601211.SH,20230919,14.76,14.84,14.71,14.81,14.76,0.05,0.3388,166949.38,246735.155,0.224,0.3919,0.8,11.4605,12.1256,0.9245,3.7179,3.8503,4.5928,3.5786,890461.0816,745261.8576,426001.068,13187728.6185,11037328.1111,,,1.266
601211,国泰君安,证券,上海,20150626,601211.SH,20230918,14.7,14.79,14.64,14.76,14.72,0.04,0.2717,147787.05,217728.877,0.1983,0.3469,0.6,11.4218,12.0847,0.9214,3.7053,3.8373,4.6083,3.5907,890461.0816,745261.8576,426001.068,13143205.5644,11000065.0182,,,1.266
601211,国泰君安,证券,上海,20150626,601211.SH,20230915,14.9,14.97,14.69,14.72,14.86,-0.14,-0.9421,319979.33,474578.47,0.4294,0.7511,1.52,11.3908,12.0519,0.9189,3.6953,3.8269,4.6208,3.6005,890461.0816,745261.8576,426001.068,13107587.1212,10970254.5439,,,1.266
601211,国泰君安,证券,上海,20150626,601211.SH,20230914,14.69,14.87,14.64,14.86,14.65,0.21,1.4334,229299.49,338747.663,0.3077,0.5383,1.13,11.4992,12.1665,0.9276,3.7304,3.8633,4.5773,3.5666,890461.0816,745261.8576,426001.068,13232251.6726,11074591.2039,,,1.266
601211,国泰君安,证券,上海,20150626,601211.SH,20230913,14.87,14.89,14.6,14.65,14.88,-0.23,-1.5457,192084.3,282463.434,0.2577,0.4509,0.96,11.3367,11.9946,0.9145,3.6777,3.8087,4.6429,3.6177,890461.0816,745261.8576,426001.068,13045254.8454,10918086.2138,,,1.266
601211,国泰君安,证券,上海,20150626,601211.SH,20230912,14.9,14.94,14.84,14.88,14.95,-0.07,-0.4682,151336.4,225069.507,0.2031,0.3552,0.74,11.5146,12.1829,0.9288,3.7354,3.8685,4.5711,3.5618,890461.0816,745261.8576,426001.068,13250060.8942,11089496.4411,,,1.266
601211,国泰君安,证券,上海,20150626,601211.SH,20230911,14.74,15.02,14.68,14.95,14.7,0.25,1.7007,329847.26,490275.003,0.4426,0.7743,1.71,11.5688,12.2402,0.9332,3.753,3.8867,4.5497,3.5451,890461.0816,745261.8576,426001.068,13312393.1699,11141664.7711,,,1.266
601211,国泰君安,证券,上海,20150626,601211.SH,20230908,14.6,14.75,14.55,14.7,14.64,0.06,0.4098,152942.07,224170.987,0.2052,0.359,0.73,11.3753,12.0355,0.9176,3.6902,3.8217,4.6271,3.6054,890461.0816,745261.8576,426001.068,13089777.8995,10955349.3067,,,1.266
601211,国泰君安,证券,上海,20150626,601211.SH,20230907,14.66,14.75,14.62,14.64,14.67,-0.03,-0.2045,188321.48,276484.279,0.2527,0.4421,0.83,11.3289,11.9864,0.9139,3.6752,3.8061,4.6461,3.6202,890461.0816,745261.8576,426001.068,13036350.2346,10910633.5953,,,1.266
601211,国泰君安,证券,上海,20150626,601211.SH,20230906,14.61,14.71,14.6,14.67,14.65,0.02,0.1365,180077.12,263774.568,0.2416,0.4227,0.66,11.3521,12.011,0.9157,3.6827,3.8139,4.6366,3.6128,890461.0816,745261.8576,426001.068,13063064.0671,10932991.451,,,1.266
601211,国泰君安,证券,上海,20150626,601211.SH,20230905,14.69,14.73,14.61,14.65,14.75,-0.1,-0.678,178284.35,261284.764,0.2392,0.4185,0.49,11.3367,11.9946,0.9145,3.6777,3.8087,4.6429,3.6177,890461.0816,745261.8576,426001.068,13045254.8454,10918086.2138,16.23,13.28,1.266
601211,国泰君安,证券,上海,20150626,601211.SH,20230904,14.62,14.8,14.57,14.75,14.57,0.18,1.2354,264423.49,389118.675,0.3548,0.6207,0.47,11.414,12.0765,0.9207,3.7028,3.8347,4.6114,3.5932,890461.0816,745261.8576,426001.068,13134300.9536,10992612.3996,,,1.266
601211,国泰君安,证券,上海,20150626,601211.SH,20230901,14.62,14.71,14.53,14.57,14.56,0.01,0.0687,235357.87,343520.483,0.3158,0.5525,0.42,11.2747,11.9291,0.9095,3.6576,3.7879,4.6684,3.6376,890461.0816,745261.8576,426001.068,12974017.9589,10858465.2652,,,1.266
601211,国泰君安,证券,上海,20150626,601211.SH,20230831,14.76,14.81,14.56,14.56,14.71,-0.15,-1.0197,273252.85,400106.389,0.3667,0.6414,0.49,11.267,11.9209,0.9089,3.6551,3.7853,4.6716,3.6401,890461.0816,745261.8576,426001.068,12965113.3481,10851012.6467,,,1.266
601211,国泰君安,证券,上海,20150626,601211.SH,20230830,15.03,15.03,14.7,14.71,15.05,-0.34,-2.2591,407128.96,604515.586,0.5463,0.9557,0.78,11.3831,12.0437,0.9182,3.6928,3.8243,4.624,3.603,890461.0816,745261.8576,426001.068,13098682.5103,10962801.9253,,,1.266
601211,国泰君安,证券,上海,20150626,601211.SH,20230829,15.03,15.17,14.73,15.05,15.13,-0.08,-0.5288,637595.46,955091.273,0.8555,1.4967,1.36,11.6462,12.3221,0.9564,3.7781,3.9129,4.5195,3.5216,890461.0816,745261.8576,426001.068,13401439.2781,11216190.9569,,,1.266
601211,国泰君安,证券,上海,20150626,601211.SH,20230828,16.3,16.4,15.08,15.13,14.95,0.18,1.204,1248622.89,1970197.99,1.6754,2.931,4.23,11.7081,12.3876,0.9615,3.7982,3.9337,4.4956,3.5029,890461.0816,745261.8576,426001.068,13472676.1646,11275811.9055,,,1.266
601211,国泰君安,证券,上海,20150626,601211.SH,20230825,14.91,15.08,14.89,14.95,14.97,-0.02,-0.1336,243398.13,364681.75,0.3266,0.5714,0.8,11.5688,12.2403,0.95,3.753,3.8869,4.5497,3.5451,890461.0816,745261.8576,426001.068,13312393.1699,11141664.7711,,,1.266
601211,国泰君安,证券,上海,20150626,601211.SH,20230824,14.99,15.18,14.91,14.97,14.89,0.08,0.5373,250902.34,376811.185,0.3367,0.589,0.78,11.5843,12.2566,0.9513,3.758,3.8921,4.5437,3.5404,890461.0816,745261.8576,426001.068,13330202.3916,11156570.0083,,,1.266
601211,国泰君安,证券,上海,20150626,601211.SH,20230823,14.94,15.1,14.87,14.89,15.03,-0.14,-0.9315,241235.38,360737.485,0.3237,0.5663,0.69,11.5224,12.1911,0.9462,3.7379,3.8713,4.5681,3.5594,890461.0816,745261.8576,426001.068,13258965.505,11096949.0597,,,1.266
601211,国泰君安,证券,上海,20150626,601211.SH,20230822,14.98,15.08,14.8,15.03,14.89,0.14,0.9402,362947.35,542923.033,0.487,0.852,1.07,11.6307,12.3058,0.9551,3.7731,3.9077,4.5255,3.5262,890461.0816,745261.8576,426001.068,13383630.0564,11201285.7197,,,1.266
601211,国泰君安,证券,上海,20150626,601211.SH,20230821,15.2,15.3,14.87,14.89,15.3,-0.41,-2.6797,375855.99,566266.503,0.5043,0.8823,1.1,11.5224,12.1911,0.9462,3.7379,3.8713,4.5681,3.5594,890461.0816,745261.8576,426001.068,13258965.505,11096949.0597,,,1.266
601211,国泰君安,证券,上海,20150626,601211.SH,20230818,15.51,15.66,15.26,15.3,15.49,-0.19,-1.2266,297743.58,460893.191,0.3995,0.6989,0.75,11.8396,12.5268,0.9723,3.8409,3.9779,4.4457,3.464,890461.0816,745261.8576,426001.068,13624054.5485,11402506.4213,,,1.266
601211,国泰君安,证券,上海,20150626,601211.SH,20230817,15.44,15.58,15.27,15.49,15.55,-0.06,-0.3859,336557.65,519522.104,0.4516,0.79,0.8,11.9867,12.6824,0.9844,3.8886,4.0273,4.3911,3.4215,890461.0816,745261.8576,426001.068,13793242.154,11544106.1742,,,1.266
601211,国泰君安,证券,上海,20150626,601211.SH,20230816,15.3,15.78,15.23,15.55,15.48,0.07,0.4522,385639.56,599576.651,0.5175,0.9053,0.9,12.0331,12.7315,0.9882,3.9036,4.0429,4.3742,3.4083,890461.0816,745261.8576,426001.068,13846669.8189,11588821.8857,,,1.266
601211,国泰君安,证券,上海,20150626,601211.SH,20230815,15.25,15.48,15.23,15.48,15.33,0.15,0.9785,306061.36,470527.649,0.4107,0.7185,0.61,11.9789,12.6742,0.9837,3.8861,4.0247,4.394,3.4237,890461.0816,745261.8576,426001.068,13784337.5432,11536653.5556,16.14,13.2,1.266
601211,国泰君安,证券,上海,20150626,601211.SH,20230814,15.2,15.48,15.14,15.33,15.41,-0.08,-0.5191,385016.02,588848.706,0.5166,0.9038,0.72,11.8629,12.5514,0.9742,3.8484,3.9857,4.437,3.4572,890461.0816,745261.8576,426001.068,13650768.3809,11424864.277,,,1.266
601211,国泰君安,证券,上海,20150626,601211.SH,20230811,15.88,15.88,15.38,15.41,15.9,-0.49,-3.0818,583451.14,908023.375,0.7829,1.3696,0.82,11.9248,12.6169,0.9793,3.8685,4.0065,4.4139,3.4393,890461.0816,745261.8576,426001.068,13722005.2675,11484485.2256,,,1.266
601211,国泰君安,证券,上海,20150626,601211.SH,20230810,15.79,15.9,15.73,15.9,15.79,0.11,0.6966,454765.7,719735.789,0.6102,1.0675,0.6,12.3039,13.0181,1.0104,3.9915,4.1338,4.2779,3.3333,890461.0816,745261.8576,426001.068,14158331.1974,11849663.5358,,,1.266
601211,国泰君安,证券,上海,20150626,601211.SH,20230809,15.77,15.93,15.68,15.79,15.84,-0.05,-0.3157,420624.01,664621.548,0.5644,0.9874,0.55,12.2188,12.928,1.0034,3.9639,4.1052,4.3077,3.3565,890461.0816,745261.8576,426001.068,14060380.4785,11767684.7315,,,1.266
601211,国泰君安,证券,上海,20150626,601211.SH,20230808,15.61,16.1,15.35,15.84,15.76,0.08,0.5076,684785.12,1078925.357,0.9189,1.6075,0.93,12.2575,12.9689,1.0066,3.9764,4.1182,4.2941,3.3459,890461.0816,745261.8576,426001.068,14104903.5325,11804947.8244,,,1.266
601211,国泰君安,证券,上海,20150626,601211.SH,20230807,15.65,15.82,15.57,15.76,15.9,-0.14,-0.8805,517938.95,812815.544,0.695,1.2158,0.62,12.1956,12.9034,1.0015,3.9563,4.0974,4.3159,3.3629,890461.0816,745261.8576,426001.068,14033666.646,11745326.8758,,,1.266
601211,国泰君安,证券,上海,20150626,601211.SH,20230804,15.99,16.36,15.9,15.9,15.8,0.1,0.6329,1496400.6,2412033.837,2.0079,3.5127,2.05,12.3039,13.0181,1.0104,3.9915,4.1338,4.2779,3.3333,890461.0816,745261.8576,426001.068,14158331.1974,11849663.5358,,,1.266
601211,国泰君安,证券,上海,20150626,601211.SH,20230803,15.55,15.84,15.36,15.8,15.47,0.33,2.1332,650634.41,1020184.366,0.873,1.5273,1.01,12.2266,12.9362,1.0041,3.9664,4.1078,4.305,3.3544,890461.0816,745261.8576,426001.068,14069285.0893,11775137.3501,,,1.266
601211,国泰君安,证券,上海,20150626,601211.SH,20230802,15.45,15.8,15.4,15.47,15.5,-0.03,-0.1935,464074.77,721364.741,0.6227,1.0894,0.76,11.9712,12.666,0.9831,3.8835,4.0221,4.3968,3.4259,890461.0816,745261.8576,426001.068,13775432.9324,11529200.9371,,,1.266
601211,国泰君安,证券,上海,20150626,601211.SH,20230801,15.47,15.8,15.4,15.5,15.58,-0.08,-0.5135,557939.57,868841.039,0.7486,1.3097,0.89,11.9944,12.6906,0.985,3.8911,4.0299,4.3883,3.4193,890461.0816,745261.8576,426001.068,13802146.7648,11551558.7928,16.38,13.4,1.266
601211,国泰君安,证券,上海,20150626,601211.SH,20230731,15.79,16.01,15.58,15.58,15.69,-0.11,-0.7011,992686.72,1562893.476,1.332,2.3302,2.22,12.0563,12.7561,0.9901,3.9112,4.0507,4.3658,3.4018,890461.0816,745261.8576,426001.068,13873383.6513,11611179.7414,,,1.266
601211,国泰君安,证券,上海,20150626,601211.SH,20230728,14.99,15.83,14.9,15.69,14.91,0.78,5.2314,984059.2,1523069.712,1.3204,2.31,3.66,12.1414,11.6149,0.9971,3.9388,3.8163,4.3352,3.3779,890461.0816,745261.8576,426001.068,13971334.3703,11693158.5457,16.38,13.4,1.266
601211,国泰君安,证券,上海,20150626,601211.SH,20230727,15.05,15.1,14.88,14.91,15.03,-0.12,-0.7984,217572.15,326360.159,0.2919,0.5107,0.86,11.5378,11.0375,0.9475,3.743,3.6266,4.5619,3.5546,890461.0816,745261.8576,426001.068,13276774.7267,11111854.2968,,,1.266
601211,国泰君安,证券,上海,20150626,601211.SH,20230726,14.9,15.06,14.87,15.03,14.99,0.04,0.2668,307861.8,461254.678,0.4131,0.7227,1.41,11.6307,11.1264,0.9551,3.7731,3.6558,4.5255,3.5262,890461.0816,745261.8576,426001.068,13383630.0564,11201285.7197,,,1.266
601211,国泰君安,证券,上海,20150626,601211.SH,20230725,14.78,15.08,14.68,14.99,14.45,0.54,3.737,640325.92,951508.495,0.8592,1.5031,5.84,11.5998,11.0968,0.9526,3.763,3.646,4.5376,3.5357,890461.0816,745261.8576,426001.068,13348011.6132,11171475.2454,,,1.266
601211,国泰君安,证券,上海,20150626,601211.SH,20230724,14.4,14.55,14.33,14.45,14.49,-0.04,-0.2761,86910.16,125710.143,0.1166,0.204,0.78,11.1819,10.697,0.9183,3.6275,3.5147,4.7072,3.6678,890461.0816,745261.8576,426001.068,12867162.6291,10769033.8423,,,1.266
601211,国泰君安,证券,上海,20150626,601211.SH,20230721,14.47,14.6,14.44,14.49,14.47,0.02,0.1382,90033.5,130612.454,0.1208,0.2113,0.8,11.2128,10.7266,0.9208,3.6375,3.5244,4.6942,3.6577,890461.0816,745261.8576,426001.068,12902781.0724,10798844.3166,,,1.266
601211,国泰君安,证券,上海,20150626,601211.SH,20230720,14.64,14.65,14.45,14.47,14.61,-0.14,-0.9582,133622.06,194608.67,0.1793,0.3137,1.07,11.1974,10.7118,0.9195,3.6325,3.5195,4.7007,3.6627,890461.0816,745261.8576,426001.068,12884971.8508,10783939.0795,,,1.266
601211,国泰君安,证券,上海,20150626,601211.SH,20230719,14.48,14.63,14.41,14.61,14.51,0.1,0.6892,143888.58,209685.24,0.1931,0.3378,1.22,11.3057,10.8154,0.9284,3.6677,3.5536,4.6556,3.6276,890461.0816,745261.8576,426001.068,13009636.4022,10888275.7395,,,1.266
601211,国泰君安,证券,上海,20150626,601211.SH,20230718,14.45,14.55,14.45,14.51,14.5,0.01,0.069,94081.5,136576.217,0.1262,0.2208,0.78,11.2283,10.7414,0.9221,3.6425,3.5293,4.6877,3.6526,890461.0816,745261.8576,426001.068,12920590.294,10813749.5538,17.37,14.21,1.266
601211,国泰君安,证券,上海,20150626,601211.SH,20230717,14.45,14.52,14.37,14.5,14.48,0.02,0.1381,94505.78,136576.759,0.1268,0.2218,0.7,11.2206,10.734,0.9215,3.64,3.5268,4.6909,3.6551,890461.0816,745261.8576,426001.068,12911685.6832,10806296.9352,17.42,14.26,1.266
601211,国泰君安,证券,上海,20150626,601211.SH,20230714,14.56,14.58,14.48,14.48,14.54,-0.06,-0.4127,98404.44,142827.362,0.132,0.231,0.62,11.2051,10.7192,0.9202,3.635,3.522,4.6974,8.3576,890461.0816,745261.8576,426001.068,12893876.4616,10791391.698,,,1.266
601211,国泰君安,证券,上海,20150626,601211.SH,20230713,14.44,14.6,14.42,14.54,14.37,0.17,1.183,192338.0,279691.888,0.2581,0.4515,1.41,11.2515,10.7636,0.924,3.6501,3.5366,4.678,8.3231,890461.0816,745261.8576,426001.068,12947304.1265,10836107.4095,,,1.266
601211,国泰君安,证券,上海,20150626,601211.SH,20230712,14.47,14.52,14.35,14.37,14.48,-0.11,-0.7597,111155.2,160331.055,0.1491,0.2609,0.84,11.12,10.6378,0.9132,3.6074,3.4952,4.7334,8.4216,890461.0816,745261.8576,426001.068,12795925.7426,10709412.8937,17.38,14.22,1.266
601211,国泰君安,证券,上海,20150626,601211.SH,20230711,14.46,14.53,14.41,14.48,14.47,0.01,0.0691,105866.14,153299.06,0.1421,0.2485,0.77,11.2051,10.7192,0.9202,3.635,3.522,4.6974,8.3576,890461.0816,745261.8576,426001.068,12893876.4616,10791391.698,,,1.266
601211,国泰君安,证券,上海,20150626,601211.SH,20230710,14.45,14.54,14.38,14.47,14.38,0.09,0.6259,165796.51,239540.177,0.2225,0.3892,1.2,11.1974,10.7118,0.9195,3.6325,3.5195,4.7007,8.3634,890461.0816,745261.8576,425993.957,12884971.8508,10783939.0795,,,1.266
601211,国泰君安,证券,上海,20150626,601211.SH,20230707,14.15,14.44,14.12,14.38,14.18,0.2,1.4104,213676.85,306431.593,0.2867,0.5016,1.64,11.1276,10.6451,0.9138,3.6099,3.4976,4.7301,8.4158,890453.9706,745254.7466,425993.957,12804728.0972,10716763.2561,,,1.266
601211,国泰君安,证券,上海,20150626,601211.SH,20230706,14.17,14.3,14.16,14.18,14.2,-0.02,-0.1408,85882.56,122087.72,0.1152,0.2016,0.6,10.9729,10.497,0.9011,3.5597,3.449,4.7968,8.5345,890453.9706,745254.7466,425993.957,12626637.3031,10567712.3068,,,1.266
601211,国泰君安,证券,上海,20150626,601211.SH,20230705,14.28,14.31,14.18,14.2,14.28,-0.08,-0.5602,90334.09,128586.689,0.1212,0.2121,0.58,10.9883,10.5118,0.9024,3.5647,3.4538,4.7901,8.5225,890453.9706,745254.7466,425993.957,12644446.3825,10582617.4017,,,1.266
601211,国泰君安,证券,上海,20150626,601211.SH,20230704,14.2,14.3,14.16,14.28,14.22,0.06,0.4219,128677.91,183434.21,0.1727,0.3021,0.8,11.0502,10.5711,0.9075,3.5848,3.4733,4.7633,8.4747,890453.9706,745254.7466,425993.1054,12715682.7002,10642237.7814,,,1.266
601211,国泰君安,证券,上海,20150626,601211.SH,20230703,14.02,14.24,14.01,14.22,13.99,0.23,1.644,173647.26,245612.396,0.233,0.4076,1.0,11.0038,10.5266,0.9037,3.5697,3.4587,4.7834,8.5105,890453.119,745253.895,425993.1054,12662243.3522,10597510.3869,,,1.266
601211,国泰君安,证券,上海,20150626,601211.SH,20230630,13.78,14.04,13.77,13.99,13.78,0.21,1.5239,174015.74,242797.871,0.2335,0.4085,1.0,10.8258,10.3564,0.889,3.512,3.4028,4.862,8.6504,890453.119,745253.895,425993.1054,12457439.1348,10426101.9911,,,1.266
601211,国泰君安,证券,上海,20150626,601211.SH,20230629,13.84,13.85,13.78,13.78,13.77,0.01,0.0726,152313.3,210365.118,0.2044,0.3575,0.87,10.6633,10.2009,0.8757,3.4593,3.3517,4.9361,8.7822,890453.119,745253.895,425993.1054,12270443.9798,10269598.6731,,,1.266
601211,国泰君安,证券,上海,20150626,601211.SH,20230628,14.32,14.36,14.26,14.3,14.3,0.0,0.0,146254.94,209393.44,0.1962,0.3433,0.81,11.0657,10.5859,0.8791,3.5898,3.4782,4.7566,4.7566,890453.119,745253.895,425993.1054,12733479.6017,10657130.6985,,,1.266
601211,国泰君安,证券,上海,20150626,601211.SH,20230627,14.24,14.34,14.22,14.3,14.22,0.08,0.5626,153658.42,219637.568,0.2062,0.3607,0.8,11.0657,10.5859,0.8791,3.5898,3.4782,4.7566,4.7566,890453.119,745253.895,425993.1054,12733479.6017,10657130.6985,,,1.266
601211,国泰君安,证券,上海,20150626,601211.SH,20230626,14.51,14.53,14.19,14.22,14.61,-0.39,-2.6694,244805.0,350517.964,0.3285,0.5747,1.13,11.0038,10.5266,0.8742,3.5697,3.4587,4.7834,4.7834,890453.119,745253.895,425993.1054,12662243.3522,10597510.3869,,,1.266
601211,国泰君安,证券,上海,20150626,601211.SH,20230621,14.72,14.77,14.59,14.61,14.75,-0.14,-0.9492,175204.18,256899.513,0.2351,0.4113,0.8,11.3056,10.8153,0.8982,3.6676,3.5536,4.6557,4.6557,890453.119,745253.895,425993.1054,13009520.0686,10888159.406,,,1.266
601211,国泰君安,证券,上海,20150626,601211.SH,20230620,14.79,14.85,14.72,14.75,14.75,0.0,0.0,154982.24,229128.681,0.208,0.3638,0.72,11.4139,10.919,0.9068,3.7028,3.5876,4.6115,4.6115,890453.119,745253.895,425993.1054,13134183.5053,10992494.9513,,,1.266
601211,国泰君安,证券,上海,20150626,601211.SH,20230619,14.94,14.94,14.74,14.75,14.94,-0.19,-1.2718,172952.48,255941.658,0.2321,0.406,0.83,11.4139,10.919,0.9068,3.7028,3.5876,4.6115,4.6115,890453.119,745253.895,425993.1054,13134183.5053,10992494.9513,,,1.266
601211,国泰君安,证券,上海,20150626,601211.SH,20230616,14.89,14.96,14.85,14.94,14.88,0.06,0.4032,212167.49,316250.286,0.2847,0.4981,1.07,11.561,11.0596,0.9185,3.7505,3.6338,4.5528,4.5528,890453.119,745253.895,425993.1054,13303369.5979,11134093.1913,,,1.266
601211,国泰君安,证券,上海,20150626,601211.SH,20230615,14.84,14.97,14.73,14.88,14.84,0.04,0.2695,366229.36,543919.982,0.4914,0.8597,2.3,11.5145,11.0152,0.9148,3.7354,3.6192,4.5712,4.5712,890453.119,745253.895,425993.1054,13249942.4107,11089377.9576,,,1.266
601211,国泰君安,证券,上海,20150626,601211.SH,20230614,14.94,15.1,14.82,14.84,14.92,-0.08,-0.5362,194601.88,291616.36,0.2611,0.4568,1.37,11.4836,10.9856,0.9123,3.7254,3.6095,4.5835,4.5835,890453.119,745253.895,425993.1054,13214324.286,11059567.8018,,,1.266
601211,国泰君安,证券,上海,20150626,601211.SH,20230613,14.88,14.93,14.82,14.92,14.86,0.06,0.4038,123860.99,184273.113,0.1662,0.2908,0.82,11.5455,11.0448,0.9172,3.7454,3.629,4.5589,4.5589,890453.119,745253.895,425993.1054,13285560.5355,11119188.1134,,,1.266
601211,国泰君安,证券,上海,20150626,601211.SH,20230612,14.85,14.9,14.78,14.86,14.88,-0.02,-0.1344,151219.89,224466.087,0.2029,0.355,1.06,11.4991,11.0004,0.9136,3.7304,3.6144,4.5773,4.5773,890453.119,745253.895,425993.1054,13232133.3483,11074472.8797,15.6,12.76,1.266
601211,国泰君安,证券,上海,20150626,601211.SH,20230609,14.89,14.92,14.81,14.88,14.88,0.0,0.0,155750.82,231763.333,0.209,0.3656,1.11,11.5145,11.0152,0.9148,3.7354,3.6192,4.5712,4.5712,890453.119,745253.895,425993.1054,13249942.4107,11089377.9576,15.62,12.78,1.266
601211,国泰君安,证券,上海,20150626,601211.SH,20230608,14.75,14.9,14.63,14.88,14.74,0.14,0.9498,169544.68,250957.36,0.2275,0.398,1.22,11.5173,11.0179,0.9149,3.7363,3.6201,4.5699,4.5699,890668.7937,745253.895,425993.1054,13253151.6503,11089377.9576,,,1.266
601211,国泰君安,证券,上海,20150626,601211.SH,20230607,14.65,14.83,14.63,14.74,14.63,0.11,0.7519,107590.85,158592.684,0.1444,0.2526,0.7,11.409,10.9142,0.9063,3.7012,3.5861,4.6133,4.6133,890668.7937,745253.895,425993.1054,13128458.0191,10985042.4123,,,1.266
601211,国泰君安,证券,上海,20150626,601211.SH,20230606,14.79,14.89,14.62,14.63,14.78,-0.15,-1.0149,174332.35,257468.094,0.2339,0.4092,1.15,11.3238,10.8328,0.8996,3.6735,3.5593,4.648,4.648,890668.7937,745253.895,425993.1054,13030484.4518,10903064.4839,,,1.266
601211,国泰君安,证券,上海,20150626,601211.SH,20230605,14.85,14.87,14.74,14.78,14.83,-0.05,-0.3372,104543.71,154678.571,0.1403,0.2454,0.64,11.4399,10.9438,0.9088,3.7112,3.5958,4.6008,4.6008,890668.7937,745253.895,425992.9367,13164084.7709,11014852.5681,,,1.266
601211,国泰君安,证券,上海,20150626,601211.SH,20230602,14.82,14.88,14.77,14.83,14.8,0.03,0.2027,146831.71,217785.243,0.197,0.3447,0.93,11.4786,10.9809,0.9118,3.7237,3.6079,4.5853,4.5853,890668.625,745253.7263,425992.9367,13208615.7088,11052112.761,,,1.266
601211,国泰君安,证券,上海,20150626,601211.SH,20230601,14.74,14.89,14.73,14.8,14.8,0.0,0.0,163502.55,242318.937,0.2194,0.3838,1.02,11.4554,10.9587,0.91,3.7162,3.6006,4.5946,4.5946,890668.625,745253.7263,425992.9367,13181895.65,11029755.1492,,,1.219
601211,国泰君安,证券,上海,20150626,601211.SH,20230531,14.76,14.82,14.68,14.8,14.78,0.02,0.1353,177258.74,261665.264,0.2379,0.4161,1.0,11.4554,10.9587,0.91,3.7162,3.6006,4.5946,4.5946,890668.625,745253.7263,425992.9367,13181895.65,11029755.1492,,,1.219
601211,国泰君安,证券,上海,20150626,601211.SH,20230530,14.66,14.78,14.55,14.78,14.66,0.12,0.8186,165032.78,242187.218,0.2214,0.3874,0.9,11.4399,10.9438,0.9088,3.7112,3.5958,4.6008,4.6008,890668.625,745253.7263,425992.9367,13164082.2775,11014850.0747,,,1.219
601211,国泰君安,证券,上海,20150626,601211.SH,20230529,14.7,14.79,14.62,14.66,14.67,-0.01,-0.0682,159493.44,234195.64,0.214,0.3744,0.79,11.347,10.855,0.9014,3.6811,3.5666,4.6385,4.6385,890668.625,745253.7263,425992.9367,13057202.0425,10925419.6276,,,1.219
601211,国泰君安,证券,上海,20150626,601211.SH,20230526,14.6,14.69,14.52,14.67,14.6,0.07,0.4795,122082.57,178404.848,0.1638,0.2866,0.54,11.3548,10.8624,0.902,3.6836,3.569,4.6353,4.6353,890668.625,745253.7263,425992.9367,13066108.7288,10932872.1648,,,1.219
601211,国泰君安,证券,上海,20150626,601211.SH,20230525,14.51,14.6,14.46,14.6,14.53,0.07,0.4818,179067.46,260311.289,0.2403,0.4204,0.75,11.3006,10.8106,0.8977,3.666,3.552,4.6575,4.6575,890668.625,745253.7263,425992.9367,13003761.925,10880704.404,,,1.219
601211,国泰君安,证券,上海,20150626,601211.SH,20230524,14.76,14.8,14.53,14.53,14.79,-0.26,-1.7579,260572.08,381399.116,0.3496,0.6117,1.17,11.2464,10.7587,0.8934,3.6484,3.535,4.68,4.68,890668.625,745253.7263,425992.9367,12941415.1213,10828536.6431,,,1.219
601211,国泰君安,证券,上海,20150626,601211.SH,20230523,14.99,15.0,14.79,14.79,14.94,-0.15,-1.004,195105.1,290362.408,0.2618,0.458,0.86,11.4477,10.9512,0.9094,3.7137,3.5982,4.5977,4.5977,890668.625,745253.7263,425992.9367,13172988.9638,11022302.612,,,1.219
601211,国泰君安,证券,上海,20150626,601211.SH,20230522,15.01,15.1,14.91,14.94,15.04,-0.1,-0.6649,255865.96,383451.176,0.3433,0.6006,1.0,11.5638,11.0623,0.9186,3.7514,3.6347,4.5515,4.5515,890668.625,745253.7263,425992.9367,13306589.2575,11134090.6709,,,1.219
601211,国泰君安,证券,上海,20150626,601211.SH,20230519,15.32,15.34,15.02,15.04,15.34,-0.3,-1.9557,247277.35,373887.591,0.3318,0.5805,0.95,11.6412,11.1364,0.9248,3.7765,3.659,4.5213,4.5213,890668.625,745253.7263,425992.9367,13395656.12,11208616.0436,,,1.219
601211,国泰君安,证券,上海,20150626,601211.SH,20230518,15.36,15.48,15.27,15.34,15.28,0.06,0.3927,236044.08,362549.476,0.3167,0.5541,0.85,11.8734,11.3585,0.9432,3.8518,3.732,4.4328,4.4328,890668.625,745253.7263,425992.9367,13662856.7075,11432192.1614,,,1.219
601211,国泰君安,证券,上海,20150626,601211.SH,20230517,15.25,15.4,15.21,15.28,15.3,-0.02,-0.1307,181414.43,277261.176,0.2434,0.4259,0.49,11.8269,11.3141,0.9395,3.8367,3.7174,4.4503,4.4503,890668.625,745253.7263,425992.9367,13609416.59,11387476.9379,,,1.219
601211,国泰君安,证券,上海,20150626,601211.SH,20230516,15.4,15.55,15.27,15.3,15.4,-0.1,-0.6494,214592.14,330217.46,0.2879,0.5037,0.34,11.8424,11.3289,0.9407,3.8418,3.7223,4.4444,4.4444,890668.625,745253.7263,425992.9367,13627229.9625,11402382.0124,16.21,13.27,1.219
601211,国泰君安,证券,上海,20150626,601211.SH,20230515,15.25,15.43,14.95,15.4,15.22,0.18,1.1827,398275.76,604746.577,0.5344,0.9349,0.58,11.9198,11.4029,0.9469,3.8669,3.7466,4.4156,4.4156,890668.625,745253.7263,425992.9367,13716296.825,11476907.385,,,1.219
601211,国泰君安,证券,上海,20150626,601211.SH,20230512,15.35,15.49,15.21,15.22,15.33,-0.11,-0.7175,271589.39,416248.404,0.3644,0.6375,0.35,11.7805,11.2696,0.9358,3.8217,3.7028,4.4678,4.4678,890668.625,745253.7263,425992.9367,13555976.4725,11342761.7143,,,1.219
601211,国泰君安,证券,上海,20150626,601211.SH,20230511,15.5,15.58,15.3,15.33,15.32,0.01,0.0653,314749.68,486572.061,0.4223,0.7389,0.4,11.8656,11.3511,0.9426,3.8493,3.7296,4.4357,4.4357,890668.625,745253.7263,425992.9367,13653950.0213,11424739.6242,,,1.219
601211,国泰君安,证券,上海,20150626,601211.SH,20230510,15.68,15.85,15.27,15.32,15.79,-0.47,-2.9766,661250.03,1022600.635,0.8873,1.5523,0.9,11.8579,11.3437,0.942,3.8468,3.7272,4.4386,4.4386,890668.625,745253.7263,425992.9367,13645043.335,11417287.0869,,,1.219
601211,国泰君安,证券,上海,20150626,601211.SH,20230509,15.88,16.5,15.77,15.79,15.78,0.01,0.0634,1476937.73,2384845.486,1.9818,3.467,3.06,12.2217,11.6917,0.9709,3.9648,3.8415,4.3065,4.3065,890668.625,745253.7263,425992.9367,14063657.5888,11767556.3383,,,1.219
601211,国泰君安,证券,上海,20150626,601211.SH,20230508,15.55,15.95,15.4,15.78,15.53,0.25,1.6098,722207.07,1135317.729,0.9691,1.6953,1.91,12.2139,11.6843,0.9703,3.9623,3.8391,4.3092,4.3092,890668.625,745253.7263,425992.9367,14054750.9025,11760103.801,16.26,13.3,1.2193
601211,国泰君安,证券,上海,20150626,601211.SH,20230505,15.33,15.95,15.32,15.53,15.3,0.23,1.5033,659937.0,1034077.183,0.8855,1.5492,2.22,12.0204,11.4992,0.9549,3.8995,3.7782,4.3786,4.3786,890668.625,745253.7263,425991.7665,13832083.7463,11573790.3694,,,1.2193
601211,国泰君安,证券,上海,20150626,601211.SH,20230504,15.12,15.3,15.05,15.3,15.12,0.18,1.1905,433854.97,659592.523,0.5822,1.0185,1.71,11.8424,11.3289,0.9407,3.8418,3.7223,4.4444,4.4444,890667.4548,745252.5561,425991.5977,13627212.0584,11402364.1083,,,1.2193
601211,国泰君安,证券,上海,20150626,601211.SH,20230428,14.86,15.27,14.77,15.12,14.83,0.29,1.9555,376568.05,568363.297,0.5053,0.884,1.49,11.7031,11.7031,0.9507,3.7966,3.7966,4.4974,4.4974,890667.4548,745252.5561,425991.7665,13466891.9166,11268218.6482,,,1.2193
601211,国泰君安,证券,上海,20150626,601211.SH,20230427,14.65,14.87,14.61,14.83,14.7,0.13,0.8844,219880.91,324050.418,0.295,0.5162,0.83,11.4786,11.4786,0.9325,3.7237,3.7237,4.5853,4.5853,890667.4548,745252.5561,425991.7665,13208598.3547,11052095.407,,,1.2193
601211,国泰君安,证券,上海,20150626,601211.SH,20230426,14.77,14.81,14.65,14.7,14.8,-0.1,-0.6757,201110.09,296013.261,0.2699,0.4721,0.7,11.378,11.378,0.9243,3.6911,3.6911,4.6258,4.6258,890667.4548,745252.5561,425991.7665,13092811.5856,10955212.5747,16.27,13.31,1.2193
601211,国泰君安,证券,上海,20150626,601211.SH,20230425,14.68,14.82,14.62,14.8,14.66,0.14,0.955,254763.04,375124.039,0.3418,0.598,0.84,11.4554,11.4554,0.9306,3.7162,3.7162,4.5946,4.5946,890667.4548,745252.5561,425991.7665,13181878.331,11029737.8303,,,1.2193
601211,国泰君安,证券,上海,20150626,601211.SH,20230424,14.72,14.87,14.6,14.66,14.68,-0.02,-0.1362,215283.48,317521.761,0.2889,0.5054,0.58,11.347,11.347,0.9218,3.6811,3.6811,4.6385,4.6385,890667.4548,745252.5561,425991.7665,13057184.8874,10925402.4724,,,1.2193
601211,国泰君安,证券,上海,20150626,601211.SH,20230421,15.17,15.18,14.67,14.68,15.15,-0.47,-3.1023,375320.31,558555.686,0.5036,0.8811,1.12,11.3625,11.3625,0.923,3.6861,3.6861,4.6322,4.6322,890667.4548,745252.5561,425991.7665,13074998.2365,10940307.5235,,,1.2193
601211,国泰君安,证券,上海,20150626,601211.SH,20230420,15.13,15.17,14.94,15.15,15.1,0.05,0.3311,281073.84,423159.508,0.3772,0.6598,0.82,11.7263,11.7263,0.9526,3.8041,3.8041,4.4884,4.4884,890667.4548,745252.5561,425991.7665,13493611.9402,11290576.2249,,,1.2193
601211,国泰君安,证券,上海,20150626,601211.SH,20230419,15.23,15.28,15.08,15.1,15.27,-0.17,-1.1133,315464.22,478610.958,0.4233,0.7405,0.92,11.6876,11.6876,0.9494,3.7915,3.7915,4.5033,4.5033,890667.4548,745252.5561,425991.7665,13449078.5675,11253313.5971,16.83,13.77,1.2193
601211,国泰君安,证券,上海,20150626,601211.SH,20230418,15.3,15.43,15.21,15.27,15.35,-0.08,-0.5212,323076.86,494130.718,0.4335,0.7584,0.93,11.8192,11.8192,0.9601,3.8342,3.8342,4.4532,4.4532,890667.4548,745252.5561,425991.7665,13600492.0348,11380006.5316,,,1.2193
601211,国泰君安,证券,上海,20150626,601211.SH,20230417,15.04,15.43,14.98,15.35,14.99,0.36,2.4016,548606.34,838327.719,0.7361,1.2878,1.85,11.8811,11.8811,0.9652,3.8543,3.8543,4.43,4.43,890667.4548,745252.5561,425991.7665,13671745.4312,11439626.7361,,,1.2193
601211,国泰君安,证券,上海,20150626,601211.SH,20230414,15.01,15.06,14.9,14.99,14.97,0.02,0.1336,202704.73,303679.84,0.272,0.4758,0.65,11.6024,11.6024,0.9425,3.7639,3.7639,4.5364,4.5364,890667.4548,745252.5561,425991.7665,13351105.1475,11171335.8159,,,1.2193
601211,国泰君安,证券,上海,20150626,601211.SH,20230413,14.89,15.06,14.85,14.97,14.96,0.01,0.0668,326575.39,487729.862,0.4382,0.7666,1.02,11.587,11.587,0.9413,3.7589,3.7589,4.5424,4.5424,890667.4548,745252.5561,425991.7665,13333291.7984,11156430.7648,,,1.2193
601211,国泰君安,证券,上海,20150626,601211.SH,20230412,14.96,15.07,14.89,14.96,14.96,0.0,0.0,319977.3,478919.479,0.4294,0.7511,0.79,11.5792,11.5792,0.9406,3.7564,3.7564,4.5455,4.5455,890667.4548,745252.5561,425991.7665,13324385.1238,11148978.2393,,,1.2193
601211,国泰君安,证券,上海,20150626,601211.SH,20230411,14.94,15.17,14.87,14.96,14.9,0.06,0.4027,330357.01,495777.997,0.4433,0.7755,0.77,11.5792,11.5792,0.9406,3.7564,3.7564,4.5455,4.5455,890667.4548,745252.5561,425991.7665,13324385.1238,11148978.2393,,,1.2193
601211,国泰君安,证券,上海,20150626,601211.SH,20230410,15.09,15.17,14.87,14.9,14.98,-0.08,-0.534,304749.09,457297.774,0.4089,0.7154,0.76,11.5328,11.5328,0.9369,3.7413,3.7413,4.5638,4.5638,890667.4548,745252.5561,425991.7665,13270945.0765,11104263.0859,,,1.2193
601211,国泰君安,证券,上海,20150626,601211.SH,20230407,14.98,15.04,14.86,14.98,14.93,0.05,0.3349,283835.92,424909.519,0.3809,0.6663,0.73,11.5947,11.5947,0.9419,3.7614,3.7614,4.5394,4.5394,890667.4548,745252.5561,425991.7665,13342198.4729,11163883.2904,,,1.2193
601211,国泰君安,证券,上海,20150626,601211.SH,20230406,14.99,15.03,14.84,14.93,15.0,-0.07,-0.4667,354335.03,529522.981,0.4755,0.8318,1.02,11.556,11.556,0.9388,3.7489,3.7489,4.5546,4.5546,890667.4548,745252.5561,425991.7665,13297665.1002,11126620.6626,,,1.2193
601211,国泰君安,证券,上海,20150626,601211.SH,20230404,14.63,15.1,14.59,15.0,14.61,0.39,2.6694,743248.36,1106913.131,0.9973,1.7447,3.21,11.6102,11.6102,0.9432,3.7664,3.7664,4.5333,4.5333,890667.4548,745252.5561,425991.5977,13360011.822,11178788.3415,,,1.2193
601211,国泰君安,证券,上海,20150626,601211.SH,20230403,14.36,14.68,14.35,14.61,14.36,0.25,1.7409,446002.69,649450.453,0.5985,1.047,2.44,11.3083,11.3083,0.9186,3.6685,3.6685,4.6543,4.6543,890667.286,745252.3873,425991.5977,13012649.0485,10888137.3785,,,1.2193
601211,国泰君安,证券,上海,20150626,601211.SH,20230331,14.41,14.45,14.34,14.36,14.41,-0.05,-0.347,178468.6,256566.783,0.2395,0.4189,0.98,11.1148,11.1148,0.9029,3.6057,3.6057,4.7354,4.7354,890667.286,745252.3873,425991.5977,12789982.227,10701824.2816,,,1.2193
601211,国泰君安,证券,上海,20150626,601211.SH,20230330,14.37,14.44,14.2,14.41,14.35,0.06,0.4181,231195.81,330681.577,0.3102,0.5427,1.19,11.1535,11.1535,0.9061,3.6183,3.6183,4.7189,4.7189,890667.286,745252.3873,425991.5977,12834515.5913,10739086.901,,,1.2193
601211,国泰君安,证券,上海,20150626,601211.SH,20230329,14.43,14.48,14.31,14.35,14.42,-0.07,-0.4854,139149.09,200170.764,0.1867,0.3266,0.67,8.5131,11.1071,0.922,2.985,3.5809,4.7387,4.7387,890667.286,745252.3873,425991.5977,12781075.5541,10694371.7578,,,1.2193
601211,国泰君安,证券,上海,20150626,601211.SH,20230328,14.44,14.49,14.38,14.42,14.46,-0.04,-0.2766,161336.53,233009.931,0.2165,0.3787,0.69,8.5546,11.1612,0.9265,2.9996,3.5984,4.7157,4.7157,890667.286,745252.3873,425991.5977,12843422.2641,10746539.4249,,,1.2193
601211,国泰君安,证券,上海,20150626,601211.SH,20230327,14.41,14.49,14.29,14.46,14.43,0.03,0.2079,202162.52,291125.956,0.2713,0.4746,0.83,8.5783,11.1922,0.9291,3.0079,3.6084,4.7026,4.7026,890667.286,745252.3873,425991.5977,12879048.9556,10776349.5204,,,1.2193
601211,国泰君安,证券,上海,20150626,601211.SH,20230324,14.51,14.52,14.37,14.43,14.5,-0.07,-0.4828,176887.11,255296.982,0.2374,0.4152,0.65,8.5605,11.169,0.9272,3.0017,3.6009,4.7124,4.7124,890667.286,745252.3873,425991.5977,12852328.937,10753991.9487,,,1.2193
601211,国泰君安,证券,上海,20150626,601211.SH,20230323,14.23,14.5,14.2,14.5,14.3,0.2,1.3986,292670.18,421201.659,0.3927,0.687,1.16,8.6021,11.2232,0.9317,3.0162,3.6184,4.6897,4.6897,890667.286,745252.3873,425991.5977,12914675.647,10806159.6159,,,1.2193
601211,国泰君安,证券,上海,20150626,601211.SH,20230322,14.28,14.34,14.21,14.3,14.25,0.05,0.3509,207373.35,296075.475,0.2783,0.4868,0.87,8.4834,11.0684,0.9188,2.9746,3.5685,4.7552,4.7552,890667.286,745252.3873,425991.5977,12736542.1898,10657109.1384,,,1.2193
601211,国泰君安,证券,上海,20150626,601211.SH,20230321,14.3,14.35,14.12,14.25,14.25,0.0,0.0,285596.21,405657.261,0.3832,0.6704,1.35,8.4537,11.0297,0.9156,2.9642,3.556,4.7719,4.7719,890667.286,745252.3873,425991.5977,12692008.8255,10619846.519,,,1.2193
601211,国泰君安,证券,上海,20150626,601211.SH,20230320,14.25,14.4,14.19,14.25,14.25,0.0,0.0,260314.31,371892.927,0.3493,0.6111,1.35,8.4537,11.0297,0.9156,2.9642,3.556,4.7719,4.7719,890667.286,745252.3873,425991.5977,12692008.8255,10619846.519,,,1.2193
601211,国泰君安,证券,上海,20150626,601211.SH,20230317,14.18,14.36,14.16,14.25,14.05,0.2,1.4235,312612.83,445961.667,0.4195,0.7338,1.7,8.4537,11.0297,0.9156,2.9642,3.556,4.7719,4.7719,890667.286,745252.3873,425991.5977,12692008.8255,10619846.519,,,1.2193
601211,国泰君安,证券,上海,20150626,601211.SH,20230316,14.07,14.15,14.02,14.05,14.14,-0.09,-0.6365,191506.54,269558.227,0.257,0.4496,1.11,8.3351,10.8749,0.9028,2.9226,3.5061,4.8399,4.8399,890667.286,745252.3873,425991.5977,12513875.3683,10470796.0416,,,1.2193
601211,国泰君安,证券,上海,20150626,601211.SH,20230315,14.15,14.19,14.1,14.14,14.02,0.12,0.8559,139495.91,197390.6,0.1872,0.3275,0.81,8.3885,10.9445,0.9085,2.9414,3.5285,4.8091,4.8091,890667.286,745252.3873,425991.5977,12594035.424,10537868.7564,,,1.2193
601211,国泰君安,证券,上海,20150626,601211.SH,20230314,14.11,14.14,13.98,14.02,14.14,-0.12,-0.8487,154475.51,217218.826,0.2073,0.3626,0.75,8.3173,10.8516,0.9008,2.9164,3.4986,4.8502,4.8502,890667.286,745252.3873,425991.5977,12487155.3497,10448438.4699,,,1.2193
601211,国泰君安,证券,上海,20150626,601211.SH,20230313,13.99,14.16,13.97,14.14,13.97,0.17,1.2169,167519.21,235598.332,0.2248,0.3932,0.77,8.3885,10.9445,0.9085,2.9414,3.5285,4.8091,4.8091,890667.286,745252.3873,425991.5977,12594035.424,10537868.7564,,,1.2193
601211,国泰君安,证券,上海,20150626,601211.SH,20230310,14.16,14.18,13.97,13.97,14.21,-0.24,-1.689,267935.27,376845.189,0.3595,0.629,1.27,8.2876,10.8129,0.8976,2.906,3.4861,4.8676,4.8676,890667.286,745252.3873,425991.5977,12442621.9854,10411175.8506,,,1.2193
601211,国泰君安,证券,上海,20150626,601211.SH,20230309,14.28,14.29,14.19,14.21,14.25,-0.04,-0.2807,131579.53,187338.53,0.1766,0.3089,0.59,8.43,10.9987,0.913,2.9559,3.546,4.7854,4.7854,890667.286,745252.3873,425991.5977,12656382.1341,10590036.4235,,,1.2193
601211,国泰君安,证券,上海,20150626,601211.SH,20230308,14.23,14.27,14.19,14.25,14.27,-0.02,-0.1402,136779.5,194660.682,0.1835,0.3211,0.56,8.4537,11.0297,0.9156,2.9642,3.556,4.7719,4.7719,890667.286,745252.3873,425991.5977,12692008.8255,10619846.519,,,1.2193
601211,国泰君安,证券,上海,20150626,601211.SH,20230307,14.43,14.62,14.25,14.27,14.42,-0.15,-1.0402,328509.05,474520.682,0.4408,0.7712,1.63,8.4656,11.0451,0.9169,2.9684,3.561,4.7652,4.7652,890667.286,745252.3873,425991.5977,12709822.1712,10634751.5668,,,1.2193
601211,国泰君安,证券,上海,20150626,601211.SH,20230306,14.6,14.61,14.41,14.42,14.58,-0.16,-1.0974,216994.2,314159.777,0.2912,0.5094,1.19,8.5546,11.1612,0.9265,2.9996,3.5984,4.7157,4.7157,890667.286,745252.3873,425991.5977,12843422.2641,10746539.4249,,,1.2193
601211,国泰君安,证券,上海,20150626,601211.SH,20230303,14.5,14.6,14.43,14.58,14.5,0.08,0.5517,241836.92,351414.619,0.3245,0.5677,1.32,8.6495,11.2851,0.9368,3.0329,3.6383,4.6639,4.6639,890667.286,745252.3873,425991.5977,12985929.0299,10865779.8068,15.91,13.01,1.2193
601211,国泰君安,证券,上海,20150626,601211.SH,20230302,14.47,14.53,14.42,14.5,14.46,0.04,0.2766,191829.57,277898.991,0.2574,0.4503,1.03,8.6021,11.2232,0.9317,3.0162,3.6184,4.6897,4.6897,890667.2692,745252.3705,425991.5809,12914675.4034,10806159.3723,15.87,12.99,1.2193
601211,国泰君安,证券,上海,20150626,601211.SH,20230301,14.29,14.49,14.25,14.46,14.29,0.17,1.1896,237191.86,341759.18,0.3183,0.5568,1.34,8.5783,11.1922,0.9291,3.0079,3.6084,4.7026,4.7026,890667.2692,745252.3705,425991.5809,12879048.7126,10776349.2774,,,1.2193
601211,国泰君安,证券,上海,20150626,601211.SH,20230228,14.24,14.32,14.17,14.29,14.2,0.09,0.6338,119164.6,169815.125,0.1599,0.2797,0.6,8.4775,11.0606,0.9182,2.9726,3.566,4.7586,4.7586,890667.2692,745252.3705,425991.5809,12727635.2769,10649656.3744,,,1.2193
601211,国泰君安,证券,上海,20150626,601211.SH,20230227,14.22,14.29,14.18,14.2,14.28,-0.08,-0.5602,123410.1,175631.424,0.1656,0.2897,0.47,8.4241,10.991,0.9124,2.9538,3.5435,4.7887,4.7887,890667.2692,745252.3705,425991.5809,12647475.2226,10582583.6611,15.68,12.83,1.2193
601211,国泰君安,证券,上海,20150626,601211.SH,20230224,14.44,14.47,14.25,14.28,14.46,-0.18,-1.2448,241840.81,346370.276,0.3245,0.5677,0.95,8.4715,11.0529,0.9175,2.9705,3.5635,4.7619,4.7619,890667.2692,745252.3705,425991.5809,12718728.6042,10642203.8507,,,1.2193
601211,国泰君安,证券,上海,20150626,601211.SH,20230223,14.41,14.57,14.39,14.46,14.39,0.07,0.4864,212817.36,307923.122,0.2856,0.4996,0.76,8.5783,11.1922,0.9291,3.0079,3.6084,4.7026,4.7026,890667.2692,745252.3705,425991.5809,12879048.7126,10776349.2774,,,1.2193
601211,国泰君安,证券,上海,20150626,601211.SH,20230222,14.41,14.5,14.35,14.39,14.5,-0.11,-0.7586,188179.51,271330.024,0.2525,0.4417,0.7,8.5368,11.138,0.9246,2.9934,3.5909,4.7255,4.7255,890667.2692,745252.3705,425991.5809,12816702.0038,10724181.6115,,,1.2193
601211,国泰君安,证券,上海,20150626,601211.SH,20230221,14.43,14.53,14.37,14.5,14.46,0.04,0.2766,232586.51,336323.746,0.3121,0.546,0.94,8.6021,11.2232,0.9317,3.0162,3.6184,4.6897,4.6897,890667.2692,745252.3705,425991.5809,12914675.4034,10806159.3723,,,1.2193
601211,国泰君安,证券,上海,20150626,601211.SH,20230220,14.19,14.49,14.11,14.46,14.02,0.44,3.1384,434924.88,622841.422,0.5836,1.021,2.12,8.5783,11.1922,0.9291,3.0079,3.6084,4.7026,4.7026,890667.2692,745252.3705,425991.5809,12879048.7126,10776349.2774,15.42,12.62,1.2193
601211,国泰君安,证券,上海,20150626,601211.SH,20230217,14.1,14.18,14.01,14.02,14.1,-0.08,-0.5674,200806.97,283000.738,0.2694,0.4714,1.0,8.3173,10.8516,0.9008,2.9164,3.4986,4.8502,4.8502,890667.2692,745252.3705,425991.5809,12487155.1142,10448438.2344,15.55,12.73,1.2193
601211,国泰君安,证券,上海,20150626,601211.SH,20230216,14.22,14.4,14.04,14.1,14.22,-0.12,-0.8439,335681.67,479308.997,0.4504,0.788,1.9,8.3648,10.9136,0.906,2.933,3.5185,4.8227,4.8227,890667.2692,745252.3705,425991.5809,12558408.4957,10508058.4241,,,1.2193
601211,国泰君安,证券,上海,20150626,601211.SH,20230215,14.29,14.31,14.2,14.22,14.29,-0.07,-0.4899,130945.55,186516.026,0.1757,0.3074,0.68,8.4359,11.0064,0.9137,2.958,3.5485,4.782,4.782,890667.2692,745252.3705,425991.5809,12665288.568,10597488.7085,,,1.2193
601211,国泰君安,证券,上海,20150626,601211.SH,20230214,14.32,14.33,14.24,14.29,14.29,0.0,0.0,140499.94,200678.488,0.1885,0.3298,0.72,8.4775,11.0606,0.9182,2.9726,3.566,4.7586,4.7586,890667.2692,745252.3705,425991.5809,12727635.2769,10649656.3744,15.68,12.83,1.2193
601211,国泰君安,证券,上海,20150626,601211.SH,20230213,14.21,14.32,14.16,14.29,14.22,0.07,0.4923,219995.94,313654.022,0.2952,0.5164,1.14,8.4775,11.0606,0.9182,2.9726,3.566,4.7586,4.7586,890667.2692,745252.3705,425991.5809,12727635.2769,10649656.3744,,,1.2193
601211,国泰君安,证券,上海,20150626,601211.SH,20230210,14.21,14.27,14.16,14.22,14.25,-0.03,-0.2105,179835.48,255676.263,0.2413,0.4222,0.87,8.4359,11.0064,0.9137,2.958,3.5485,4.782,4.782,890667.2692,745252.3705,425991.5809,12665288.568,10597488.7085,,,1.2193
601211,国泰君安,证券,上海,20150626,601211.SH,20230209,14.1,14.25,14.05,14.25,14.1,0.15,1.0638,211737.0,300347.367,0.2841,0.497,0.85,8.4537,11.0297,0.9156,2.9642,3.556,4.7719,4.7719,890667.2692,745252.3705,425991.5809,12692008.5861,10619846.2796,,,1.2193
601211,国泰君安,证券,上海,20150626,601211.SH,20230208,14.24,14.28,14.09,14.1,14.19,-0.09,-0.6342,209110.54,296512.197,0.2806,0.4909,0.82,8.3648,10.9136,0.906,2.933,3.5185,4.8227,4.8227,890667.2692,745252.3705,425991.5809,12558408.4957,10508058.4241,,,1.2193
601211,国泰君安,证券,上海,20150626,601211.SH,20230207,14.18,14.23,14.13,14.19,14.16,0.03,0.2119,160004.69,226803.218,0.2147,0.3756,0.59,8.4181,10.7051,0.9117,2.9518,3.3591,4.7921,4.7921,890667.2692,745252.3705,425991.5809,12638568.5499,10575131.1374,,,1.2193
601211,国泰君安,证券,上海,20150626,601211.SH,20230206,14.2,14.24,14.12,14.16,14.28,-0.12,-0.8403,204750.04,290156.32,0.2747,0.4806,0.7,8.4004,10.6825,0.9098,2.9455,3.352,4.8023,4.8023,890667.2692,745252.3705,425991.5809,12611848.5319,10552773.5663,15.72,12.86,1.2193
601211,国泰君安,证券,上海,20150626,601211.SH,20230203,14.34,14.39,14.18,14.28,14.38,-0.1,-0.6954,243287.16,347154.994,0.3264,0.5711,0.79,8.4715,10.773,0.9175,2.9705,3.3804,4.7619,4.7619,890667.2692,745252.3705,425991.5809,12718728.6042,10642203.8507,,,1.2193
601211,国泰君安,证券,上海,20150626,601211.SH,20230202,14.74,14.77,14.36,14.38,14.55,-0.17,-1.1684,434004.19,629550.872,0.5824,1.0188,1.55,8.5309,10.8484,0.924,2.9913,3.404,4.7288,4.7288,890667.2692,745252.3705,425991.5809,12807795.3311,10716729.0878,,,1.2193
601211,国泰君安,证券,上海,20150626,601211.SH,20230201,14.31,14.55,14.27,14.55,14.27,0.28,1.9622,237419.51,341718.128,0.3186,0.5573,0.86,8.6317,10.9767,0.9349,3.0266,3.4443,4.6735,4.6735,890667.2636,745252.3649,425991.5753,12959208.6854,10843421.9093,,,1.2193
601211,国泰君安,证券,上海,20150626,601211.SH,20230131,14.41,14.47,14.25,14.27,14.42,-0.15,-1.0402,229884.35,329580.871,0.3085,0.5396,0.8,8.4656,10.7654,0.9169,2.9684,3.378,4.7652,4.7652,890667.2636,745252.3649,425991.5753,12709821.8516,10634751.2471,15.83,12.95,1.2193
601211,国泰君安,证券,上海,20150626,601211.SH,20230130,14.69,14.7,14.4,14.42,14.49,-0.07,-0.4831,324399.91,470899.282,0.4353,0.7615,0.97,8.5546,10.8786,0.9265,2.9996,3.4135,4.7157,4.7157,890667.2636,745252.3649,425991.5753,12843421.9411,10746539.1019,15.95,13.05,1.2193
601211,国泰君安,证券,上海,20150626,601211.SH,20230120,14.41,14.51,14.31,14.49,14.41,0.08,0.5552,321060.94,463153.825,0.4308,0.7537,0.98,8.5961,10.9314,0.931,3.0142,3.4301,4.6929,4.6929,890667.2636,745252.3649,425991.5753,12905768.6496,10798706.7674,,,1.2193
601211,国泰君安,证券,上海,20150626,601211.SH,20230119,14.21,14.42,14.19,14.41,14.25,0.16,1.1228,289462.33,414327.993,0.3884,0.6795,0.98,8.5487,10.8711,0.9259,2.9975,3.4111,4.7189,4.7189,890667.2636,745252.3649,425991.5753,12834515.2685,10739086.5782,,,1.2193
601211,国泰君安,证券,上海,20150626,601211.SH,20230118,14.26,14.35,14.22,14.25,14.3,-0.05,-0.3497,209973.58,299711.845,0.2817,0.4929,0.72,8.4537,10.7504,0.9156,2.9642,3.3733,4.7719,4.7719,890667.2636,745252.3649,425991.5753,12692008.5063,10619846.1998,,,1.2193
601211,国泰君安,证券,上海,20150626,601211.SH,20230117,14.22,14.32,14.15,14.3,14.23,0.07,0.4919,290905.63,414526.228,0.3903,0.6829,1.05,8.4834,10.7881,0.9188,2.9746,3.3851,4.7552,4.7552,890667.2636,745252.3649,425991.5753,12736541.8695,10657108.8181,15.64,12.8,1.2193
601211,国泰君安,证券,上海,20150626,601211.SH,20230116,13.92,14.43,13.89,14.23,13.88,0.35,2.5216,567038.91,805432.459,0.7609,1.3311,2.65,8.4419,10.7353,0.9143,2.9601,3.3685,4.7786,4.7786,890667.2636,745252.3649,425991.5753,12674195.161,10604941.1525,,,1.2193
601211,国泰君安,证券,上海,20150626,601211.SH,20230113,13.7,13.9,13.67,13.88,13.7,0.18,1.3139,275018.78,378991.125,0.369,0.6456,1.41,8.2342,10.4712,0.8918,2.8873,3.2857,4.8991,4.8991,890667.2636,745252.3649,425991.5753,12362461.6188,10344102.8248,,,1.2193
601211,国泰君安,证券,上海,20150626,601211.SH,20230112,13.66,13.72,13.58,13.7,13.64,0.06,0.4399,136249.9,186125.606,0.1828,0.3198,0.62,8.1275,10.3354,0.8803,2.8498,3.2431,4.9635,4.9635,890667.2636,745252.3649,425991.5753,12202141.5113,10209957.3991,,,1.2193
601211,国泰君安,证券,上海,20150626,601211.SH,20230111,13.72,13.79,13.63,13.64,13.72,-0.08,-0.5831,187648.64,257438.331,0.2518,0.4405,0.83,8.0919,10.2902,0.8764,2.8373,3.2289,4.9853,4.9853,890667.2636,745252.3649,425991.5753,12148701.4755,10165242.2572,,,1.2193
601211,国泰君安,证券,上海,20150626,601211.SH,20230110,13.75,13.85,13.7,13.72,13.73,-0.01,-0.0728,224424.0,309166.363,0.3011,0.5268,0.83,8.1393,10.3505,0.8815,2.854,3.2478,4.9563,4.9563,890667.2636,745252.3649,425991.5753,12219954.8566,10224862.4464,,,1.2193
601211,国泰君安,证券,上海,20150626,601211.SH,20230109,13.69,13.87,13.66,13.73,13.61,0.12,0.8817,246088.38,338649.834,0.3302,0.5777,0.99,8.1453,10.3581,0.8822,2.8561,3.2502,4.9527,4.9527,890667.2636,745252.3649,425991.5753,12228861.5292,10232314.9701,,,1.2193
601211,国泰君安,证券,上海,20150626,601211.SH,20230106,13.62,13.7,13.52,13.61,13.61,0.0,0.0,179775.38,244976.337,0.2412,0.422,0.75,8.0741,10.2675,0.8745,2.8311,3.2218,4.9963,4.9963,890667.2636,745252.3649,425991.5753,12121981.4576,10142884.6863,,,1.2193
601211,国泰君安,证券,上海,20150626,601211.SH,20230105,13.53,13.67,13.51,13.61,13.46,0.15,1.1144,259781.41,353267.871,0.3486,0.6098,1.22,8.0741,10.2675,0.8745,2.8311,3.2218,4.9963,4.9963,890667.2636,745252.3649,425991.5753,12121981.4576,10142884.6863,,,1.2193
601211,国泰君安,证券,上海,20150626,601211.SH,20230104,13.45,13.53,13.4,13.46,13.45,0.01,0.0743,225236.95,303265.571,0.3022,0.5287,1.15,7.9851,10.1544,0.8648,2.7999,3.1863,5.052,5.052,890667.2636,745252.3649,425991.5191,11988381.3681,10031096.8316,,,1.2193
601211,国泰君安,证券,上海,20150626,601211.SH,20230103,13.45,13.47,13.15,13.45,13.59,-0.14,-1.0302,445308.28,591571.545,0.5975,1.0453,3.41,7.9791,10.1468,0.8642,2.7978,3.1839,5.0558,5.0558,890667.2074,745252.3087,425991.5191,11979473.9395,10023643.552,,,1.2193
601211,国泰君安,证券,上海,20150626,601211.SH,20221230,13.58,13.63,13.55,13.59,13.53,0.06,0.4435,138351.94,188135.285,0.1856,0.3248,1.03,8.0622,10.2524,0.8732,2.8269,3.217,4.1162,5.0037,890667.2074,745252.3087,425991.5191,12104167.3486,10127978.8752,,,1.2193
601211,国泰君安,证券,上海,20150626,601211.SH,20221229,13.54,13.57,13.46,13.53,13.58,-0.05,-0.3682,128347.49,173430.066,0.1722,0.3013,0.84,8.0266,10.2072,0.8693,2.8145,3.2028,4.1344,5.0259,890667.2074,745252.3087,425991.5191,12050727.3161,10083263.7367,,,1.2193
601211,国泰君安,证券,上海,20150626,601211.SH,20221228,13.6,13.63,13.53,13.58,13.64,-0.06,-0.4399,130930.55,177701.739,0.1757,0.3074,0.77,8.0563,10.2449,0.8726,2.8249,3.2147,4.1192,5.0074,890667.2074,745252.3087,425991.5191,12095260.6765,10120526.3521,,,1.2193
601211,国泰君安,证券,上海,20150626,601211.SH,20221227,13.62,13.68,13.57,13.64,13.53,0.11,0.813,132742.1,180939.718,0.1781,0.3116,0.75,8.0919,10.2902,0.8764,2.8373,3.2289,4.1011,4.9853,890667.2074,745252.3087,425991.5191,12148700.7089,10165241.4907,,,1.2193
601211,国泰君安,证券,上海,20150626,601211.SH,20221226,13.51,13.55,13.43,13.53,13.49,0.04,0.2965,121767.64,164428.815,0.1634,0.2858,0.61,8.0266,10.2072,0.8693,2.8145,3.2028,4.1344,5.0259,890667.2074,745252.3087,425991.5191,12050727.3161,10083263.7367,,,1.2193
601211,国泰君安,证券,上海,20150626,601211.SH,20221223,13.46,13.59,13.39,13.49,13.52,-0.03,-0.2219,154586.41,208662.128,0.2074,0.3629,0.8,8.0029,10.177,0.8668,2.8061,3.1934,4.1467,5.0408,890667.2074,745252.3087,425991.5191,12015100.6278,10053453.6444,,,1.2193
601211,国泰君安,证券,上海,20150626,601211.SH,20221222,13.69,13.75,13.47,13.52,13.6,-0.08,-0.5882,226104.67,306893.789,0.3034,0.5308,1.27,8.0207,10.1996,0.8687,2.8124,3.2005,4.1375,5.0296,890667.2074,745252.3087,425991.5191,12041820.644,10075811.2136,,,1.2193
601211,国泰君安,证券,上海,20150626,601211.SH,20221221,13.65,13.75,13.46,13.6,13.67,-0.07,-0.5121,210649.22,286499.312,0.2827,0.4945,1.27,8.0681,10.26,0.8738,2.829,3.2194,4.1131,5.0,890667.2074,745252.3087,425991.5191,12113074.0206,10135431.3983,,,1.2193
601211,国泰君安,证券,上海,20150626,601211.SH,20221220,13.71,13.8,13.62,13.67,13.75,-0.08,-0.5818,169392.84,232159.792,0.2281,0.4,0.97,8.1097,10.3128,0.8783,2.8436,3.236,4.0921,4.9744,890667.2074,742762.2904,423501.5008,12175420.7252,10153560.5098,,,1.2193
601211,国泰君安,证券,上海,20150626,601211.SH,20221219,14.09,14.16,13.69,13.75,14.11,-0.36,-2.5514,232955.63,323089.05,0.3136,0.5501,1.2,8.1571,10.3732,0.8835,2.8602,3.2549,4.0683,4.9455,890667.2074,742762.2904,423501.5008,12246674.1018,10212981.493,,,1.2193
601211,国泰君安,证券,上海,20150626,601211.SH,20221216,14.01,14.14,14.0,14.11,14.07,0.04,0.2843,127461.19,179368.459,0.1716,0.301,0.39,8.3707,10.6447,0.9066,2.9351,3.3401,3.9645,4.8193,890667.2074,742762.2904,423501.5008,12567314.2964,10480375.9175,,,1.2193
601211,国泰君安,证券,上海,20150626,601211.SH,20221215,14.16,14.24,14.05,14.07,14.21,-0.14,-0.9852,147218.87,207694.704,0.1982,0.3476,0.42,8.347,10.6146,0.904,2.9268,3.3307,3.9757,4.833,890667.2074,742762.2904,423501.5008,12531687.6081,10450665.4259,,,1.2193
601211,国泰君安,证券,上海,20150626,601211.SH,20221214,14.2,14.26,14.12,14.21,14.18,0.03,0.2116,153815.99,218155.994,0.2071,0.3632,0.4,8.43,10.7202,0.913,2.9559,3.3638,3.9366,4.7854,890667.2074,742762.2904,423501.5008,12656381.0172,10554652.1466,,,1.2193
601211,国泰君安,证券,上海,20150626,601211.SH,20221213,14.23,14.31,14.16,14.18,14.19,-0.01,-0.0705,213017.19,302934.289,0.2868,0.503,0.53,8.4122,10.6975,0.9111,2.9497,3.3567,3.9449,4.7955,890667.2074,742762.2904,423501.5008,12629661.0009,10532369.2779,,,1.2193
601211,国泰君安,证券,上海,20150626,601211.SH,20221212,14.23,14.32,14.18,14.19,14.3,-0.11,-0.7692,325742.01,464140.183,0.4386,0.7692,0.76,8.4181,10.7051,0.9117,2.9518,3.3591,3.9421,4.7921,890667.2074,742762.2904,423501.5008,12638567.673,10539796.9008,,,1.2193
601211,国泰君安,证券,上海,20150626,601211.SH,20221209,14.21,14.52,14.14,14.3,14.21,0.09,0.6334,779583.76,1116552.423,1.0496,1.8408,2.46,8.4834,10.7881,0.9188,2.9746,3.3851,3.9118,4.7552,890667.2074,742762.2904,423501.5008,12736541.0658,10621500.7527,,,1.2193
601211,国泰君安,证券,上海,20150626,601211.SH,20221208,14.2,14.25,14.13,14.21,14.22,-0.01,-0.0703,268399.66,380564.555,0.3614,0.6338,0.75,8.43,10.7202,0.913,2.9559,3.3638,3.9366,4.7854,890667.2074,742762.2904,423501.5008,12656381.0172,10554652.1466,14.95,12.23,1.2193
601211,国泰君安,证券,上海,20150626,601211.SH,20221207,14.31,14.35,14.12,14.22,14.32,-0.1,-0.6983,343605.37,488500.434,0.4626,0.8113,0.99,8.4359,10.7277,0.9137,2.958,3.3662,3.9338,4.782,890667.2074,742762.2904,423501.5008,12665287.6892,10562079.7695,,,1.2193
601211,国泰君安,证券,上海,20150626,601211.SH,20221206,14.39,14.47,14.26,14.32,14.41,-0.09,-0.6246,284836.4,409013.695,0.3835,0.6726,0.76,8.4953,10.8032,0.9201,2.9788,3.3898,3.9063,4.7486,890667.2074,742762.2904,423501.5008,12754354.41,10636355.9985,,,1.2193
601211,国泰君安,证券,上海,20150626,601211.SH,20221205,14.22,14.53,14.22,14.41,14.12,0.29,2.0538,471871.49,680124.249,0.6353,1.1142,1.4,8.5487,10.8711,0.9259,2.9975,3.4111,3.8819,4.7189,890667.2074,742762.2904,423501.5008,12834514.4586,10703204.6047,,,1.2193
601211,国泰君安,证券,上海,20150626,601211.SH,20221202,14.1,14.2,14.09,14.12,14.12,0.0,0.0,217726.28,307953.674,0.2931,0.5141,0.65,8.3766,10.6523,0.9073,2.9372,3.3425,3.9617,4.8159,890667.2074,742762.2904,423501.5008,12576220.9685,10487803.5404,,,1.2193
601211,国泰君安,证券,上海,20150626,601211.SH,20221201,14.19,14.4,14.1,14.12,13.99,0.13,0.9292,469815.24,669915.31,0.6325,1.1094,1.73,8.3766,10.6523,0.9073,2.9372,3.3425,3.9617,4.8159,890667.2074,742762.2904,423501.5008,12576220.9685,10487803.5404,,,1.2193
601211,国泰君安,证券,上海,20150626,601211.SH,20221130,14.02,14.17,13.99,13.99,14.03,-0.04,-0.2851,287505.54,404151.738,0.3871,0.6789,1.13,8.2995,10.5542,0.8989,2.9102,3.3117,3.9985,4.8606,890667.2074,742762.2904,423501.5008,12460434.2315,10391244.4427,,,1.2193
601211,国泰君安,证券,上海,20150626,601211.SH,20221129,13.67,14.1,13.66,14.03,13.67,0.36,2.6335,430667.08,600242.743,0.5798,1.0169,2.06,8.3232,10.5844,0.9015,2.9185,3.3212,3.9871,4.8468,890667.2074,742762.2904,423501.5008,12496060.9198,10420954.9343,,,1.2193
601211,国泰君安,证券,上海,20150626,601211.SH,20221128,13.65,13.7,13.52,13.67,13.88,-0.21,-1.513,278406.45,378450.312,0.3748,0.6574,1.45,8.1097,10.3128,0.8783,2.8436,3.236,4.0921,4.9744,890667.2074,742762.2904,423501.5008,12175420.7252,10153560.5098,,,1.2193
601211,国泰君安,证券,上海,20150626,601211.SH,20221125,13.78,13.96,13.74,13.88,13.78,0.1,0.7257,203756.0,282695.008,0.2743,0.4811,1.04,8.2342,10.4712,0.8918,2.8873,3.2857,4.0302,4.8991,890667.2074,742762.2904,423501.5008,12362460.8387,10309540.5908,15.13,12.38,1.2193
601211,国泰君安,证券,上海,20150626,601211.SH,20221124,13.92,13.97,13.77,13.78,13.86,-0.08,-0.5772,160495.69,222110.203,0.2161,0.379,0.77,8.1749,10.3958,0.8854,2.8665,3.262,4.0594,4.9347,890667.2074,742762.2904,423501.5008,12273394.118,10235264.3617,,,1.2193
601211,国泰君安,证券,上海,20150626,601211.SH,20221123,13.75,13.93,13.74,13.86,13.78,0.08,0.5806,196780.65,272683.719,0.2649,0.4647,0.91,8.2224,10.4561,0.8905,2.8831,3.2809,4.036,4.9062,890667.2074,742762.2904,423501.5008,12344647.4946,10294685.3449,,,1.2193
601211,国泰君安,证券,上海,20150626,601211.SH,20221122,13.69,13.88,13.66,13.78,13.69,0.09,0.6574,203467.84,280156.853,0.2739,0.4804,0.7,8.1749,10.3958,0.8854,2.8665,3.262,4.0594,4.9347,890667.2074,742762.2904,423501.5008,12273394.118,10235264.3617,,,1.2193
601211,国泰君安,证券,上海,20150626,601211.SH,20221121,13.76,13.77,13.62,13.69,13.81,-0.12,-0.8689,195455.24,267280.151,0.2631,0.4615,0.61,8.1215,10.3279,0.8796,2.8477,3.2407,4.0861,4.9671,890667.2074,742762.2904,423501.5008,12193234.0693,10168415.7556,,,1.2193
601211,国泰君安,证券,上海,20150626,601211.SH,20221118,13.95,14.04,13.8,13.81,13.96,-0.15,-1.0745,226339.87,314020.515,0.3047,0.5344,0.64,8.1927,10.4184,0.8873,2.8727,3.2691,4.0506,4.924,890667.2074,742762.2904,423501.5008,12300114.1342,10257547.2304,,,1.2193
601211,国泰君安,证券,上海,20150626,601211.SH,20221117,13.88,14.0,13.83,13.96,13.92,0.04,0.2874,213560.62,297319.844,0.2875,0.5043,0.62,8.2817,10.5316,0.897,2.9039,3.3046,4.0071,4.8711,890667.2074,742762.2904,423501.5008,12433714.2153,10368961.574,,,1.2193
601211,国泰君安,证券,上海,20150626,601211.SH,20221116,14.0,14.06,13.91,13.92,14.09,-0.17,-1.2065,239495.56,334660.139,0.3224,0.5655,0.76,8.258,10.5014,0.8944,2.8956,3.2951,4.0186,4.8851,890667.2074,742762.2904,423501.5008,12398087.527,10339251.0824,,,1.2193
601211,国泰君安,证券,上海,20150626,601211.SH,20221115,13.76,14.23,13.75,14.09,13.8,0.29,2.1014,573593.21,805577.877,0.7722,1.3544,2.41,8.3588,10.6297,0.9053,2.931,3.3354,3.9701,4.8261,890667.2074,742762.2904,423501.5008,12549500.9523,10465520.6717,,,1.2193
601211,国泰君安,证券,上海,20150626,601211.SH,20221114,13.84,14.04,13.78,13.8,13.78,0.02,0.1451,347824.46,482377.149,0.4683,0.8213,1.57,8.1868,10.4109,0.8867,2.8706,3.2667,4.0535,4.9275,890667.2074,742762.2904,423501.5008,12291207.4621,10250119.6075,,,1.2193
601211,国泰君安,证券,上海,20150626,601211.SH,20221111,13.71,13.93,13.63,13.78,13.5,0.28,2.0741,393810.48,541523.219,0.5302,0.9299,1.8,8.1749,10.3958,0.8854,2.8665,3.262,4.0594,4.9347,890667.2074,742762.2904,423501.5008,12273394.118,10235264.3617,,,1.2193
601211,国泰君安,证券,上海,20150626,601211.SH,20221110,13.39,13.53,13.34,13.5,13.44,0.06,0.4464,155477.0,209226.083,0.2093,0.3671,0.69,8.0088,10.1846,0.8674,2.8082,3.1957,4.1436,5.037,890667.2074,742762.2904,423501.5008,12024007.2999,10027290.9204,,,1.2193
601211,国泰君安,证券,上海,20150626,601211.SH,20221109,13.48,13.52,13.43,13.44,13.47,-0.03,-0.2227,113180.27,152409.185,0.1524,0.2672,0.44,7.9732,10.1393,0.8636,2.7957,3.1815,4.1621,5.0595,890667.2074,742762.2904,423501.5008,11970567.2675,9982725.183,,,1.2193
601211,国泰君安,证券,上海,20150626,601211.SH,20221108,13.55,13.58,13.42,13.47,13.54,-0.07,-0.517,180771.37,243605.467,0.2434,0.4268,0.61,7.991,10.1619,0.8655,2.802,3.1886,4.1528,5.0483,890667.2074,742762.2904,423501.5008,11997287.2837,10005008.0517,,,1.2193
601211,国泰君安,证券,上海,20150626,601211.SH,20221107,13.5,13.62,13.47,13.54,13.55,-0.01,-0.0738,265251.5,359492.726,0.3571,0.6263,0.86,8.0325,10.2147,0.87,2.8165,3.2052,4.1314,5.0222,890667.2074,742762.2904,423501.5008,12059633.9882,10057001.412,,,1.2193
601211,国泰君安,证券,上海,20150626,601211.SH,20221104,13.25,13.6,13.24,13.55,13.27,0.28,2.11,377378.48,507750.93,0.5081,0.8911,1.4,8.0385,10.2223,0.8706,2.8186,3.2076,4.1283,5.0184,890667.2074,742762.2904,423501.5008,12068540.6603,10064429.0349,,,1.2193
601211,国泰君安,证券,上海,20150626,601211.SH,20221103,13.35,13.37,13.22,13.27,13.42,-0.15,-1.1177,197535.81,262572.437,0.2659,0.4664,0.77,7.8724,10.011,0.8526,2.7604,3.1413,4.2154,5.1243,890667.2074,742762.2904,423501.5008,11819153.8422,9856455.5936,,,1.2193
601211,国泰君安,证券,上海,20150626,601211.SH,20221102,13.37,13.47,13.3,13.42,13.44,-0.02,-0.1488,268402.59,359003.06,0.3614,0.6338,1.15,7.9613,10.1242,0.8623,2.7916,3.1768,4.1683,5.0671,890667.2074,742762.2904,423501.5008,11952753.9233,9967869.9372,,,1.2193
601211,国泰君安,证券,上海,20150626,601211.SH,20221101,13.25,13.44,13.22,13.44,13.22,0.22,1.6641,376991.96,502832.196,0.5076,0.8902,1.95,7.9732,10.1393,0.8636,2.7957,3.1815,4.1621,5.0595,890667.2074,742762.2904,423501.5008,11970567.2675,9982725.183,,,1.2193
601211,国泰君安,证券,上海,20150626,601211.SH,20221031,13.41,13.45,13.2,13.22,13.4,-0.18,-1.3433,314570.0,418363.355,0.4235,0.7428,1.76,7.8427,9.9733,0.8494,2.75,3.1294,4.2314,5.1437,890667.2074,742762.2904,423501.5008,11774620.4818,9819317.4791,,,1.2193
601211,国泰君安,证券,上海,20150626,601211.SH,20221028,13.55,13.7,13.35,13.4,13.58,-0.18,-1.3255,191162.77,258715.852,0.2574,0.4514,1.06,7.9495,8.9246,0.8764,2.7874,2.9503,4.1745,5.0746,890667.2074,742762.2904,423501.5008,11934940.5792,9953014.6914,,,1.2193
601211,国泰君安,证券,上海,20150626,601211.SH,20221027,13.53,13.68,13.51,13.58,13.52,0.06,0.4438,136764.43,186165.652,0.1841,0.3229,0.75,8.0563,9.0445,0.8882,2.8249,2.99,4.1192,5.0074,890667.2074,742762.2904,423501.5008,12095260.6765,10086711.9036,,,1.2193
601211,国泰君安,证券,上海,20150626,601211.SH,20221026,13.53,13.7,13.48,13.52,13.45,0.07,0.5204,152292.46,206631.31,0.205,0.3596,0.87,8.0207,9.0045,0.8843,2.8124,2.9768,4.1375,5.0296,890667.2074,742762.2904,423501.5008,12041820.644,10042146.1662,,,1.2193
601211,国泰君安,证券,上海,20150626,601211.SH,20221025,13.5,13.69,13.32,13.45,13.45,0.0,0.0,172561.49,232649.161,0.2323,0.4075,1.05,7.9791,8.9579,0.8797,2.7978,2.9613,4.159,5.0558,890667.2074,742762.2904,423501.5008,11979473.9395,9990152.8059,,,1.2193
601211,国泰君安,证券,上海,20150626,601211.SH,20221024,13.81,14.01,13.42,13.45,13.76,-0.31,-2.2529,239019.49,327492.744,0.3218,0.5644,1.68,7.9791,8.9579,0.8797,2.7978,2.9613,4.159,5.0558,890667.2074,742762.2904,423501.5008,11979473.9395,9990152.8059,,,1.2193
601211,国泰君安,证券,上海,20150626,601211.SH,20221021,14.08,14.12,13.76,13.76,13.81,-0.05,-0.3621,200632.43,279255.254,0.2701,0.4737,1.5,8.1631,9.1644,0.9,2.8623,3.0296,4.0653,4.9419,890667.2074,742762.2904,423501.5008,12255580.7738,10220409.1159,15.18,12.42,1.2193
601211,国泰君安,证券,上海,20150626,601211.SH,20221020,13.73,13.98,13.73,13.81,13.77,0.04,0.2905,151074.69,208795.529,0.2034,0.3567,1.19,8.1927,9.1977,0.9032,2.8727,3.0406,4.0506,4.924,890667.2074,742762.2904,423501.5008,12300114.1342,10257547.2304,15.16,12.4,1.2193
601211,国泰君安,证券,上海,20150626,601211.SH,20221019,13.91,13.95,13.77,13.77,13.87,-0.1,-0.721,109495.78,151633.078,0.1474,0.2585,0.83,8.169,9.171,0.9006,2.8644,3.0318,4.0624,4.9383,890667.2074,742762.2904,423501.5008,12264487.4459,10227836.7388,,,1.2193
601211,国泰君安,证券,上海,20150626,601211.SH,20221018,13.93,13.99,13.87,13.87,13.9,-0.03,-0.2158,123963.56,172574.554,0.1669,0.2927,0.94,8.2283,9.2376,0.9072,2.8852,3.0538,4.0331,4.9027,890667.2074,742762.2904,423501.5008,12353554.1666,10302112.9678,,,1.2193
601211,国泰君安,证券,上海,20150626,601211.SH,20221017,13.85,13.95,13.82,13.9,13.88,0.02,0.1441,128156.14,178142.475,0.1725,0.3026,0.89,8.2461,9.2576,0.9091,2.8914,3.0604,4.0244,4.8921,890667.2074,742762.2904,423501.5008,12380274.1829,10324395.8366,,,1.2193
601211,国泰君安,证券,上海,20150626,601211.SH,20221014,13.88,13.99,13.83,13.88,13.79,0.09,0.6526,156623.7,218001.344,0.2109,0.3698,1.13,8.2342,9.2443,0.9078,2.8873,3.056,4.0302,4.8991,890667.2074,742762.2904,423501.5008,12362460.8387,10309540.5908,,,1.2193
601211,国泰君安,证券,上海,20150626,601211.SH,20221013,13.79,13.85,13.71,13.79,13.85,-0.06,-0.4332,119202.87,164067.141,0.1605,0.2815,0.77,8.1808,9.1844,0.9019,2.8685,3.0362,4.0565,4.9311,890667.2074,742762.2904,423501.5008,12282300.79,10242691.9846,,,1.2193
601211,国泰君安,证券,上海,20150626,601211.SH,20221012,13.6,13.87,13.5,13.85,13.6,0.25,1.8382,128159.38,175532.885,0.1725,0.3026,0.81,8.2164,9.2243,0.9058,2.881,3.0494,4.0389,4.9097,890667.2074,742762.2904,423501.5008,12335740.8225,10287257.722,,,1.2193
601211,国泰君安,证券,上海,20150626,601211.SH,20221011,13.59,13.78,13.55,13.6,13.6,0.0,0.0,129958.48,177398.709,0.175,0.3069,0.77,8.0681,9.0578,0.8895,2.829,2.9944,4.1131,5.0,890667.2074,742762.2904,423501.5008,12113074.0206,10101567.1494,,,1.2193
601211,国泰君安,证券,上海,20150626,601211.SH,20221010,13.7,13.83,13.28,13.6,13.67,-0.07,-0.5121,183275.7,250360.888,0.2467,0.4328,1.11,8.0681,9.0578,0.8895,2.829,2.9944,4.1131,5.0,890667.2074,742762.2904,423501.5008,12113074.0206,10101567.1494,,,1.2193
601211,国泰君安,证券,上海,20150626,601211.SH,20220930,13.58,13.78,13.55,13.67,13.58,0.09,0.6627,134610.67,184520.273,0.1812,0.3179,0.83,8.1097,9.1044,0.8941,2.8436,3.0098,4.0921,4.9744,890667.2074,742762.2904,423501.5008,12175420.7252,10153560.5098,,,1.2193
601211,国泰君安,证券,上海,20150626,601211.SH,20220929,13.93,13.97,13.5,13.58,13.86,-0.28,-2.0202,197649.84,270934.074,0.2661,0.4667,1.42,8.0563,9.0445,0.8882,2.8249,2.99,4.1192,5.0074,890667.2074,742762.2904,423501.5008,12095260.6765,10086711.9036,,,1.2193
601211,国泰君安,证券,上海,20150626,601211.SH,20220928,13.97,14.02,13.83,13.86,13.99,-0.13,-0.9292,146854.3,204158.104,0.1977,0.3468,1.12,8.2224,9.231,0.9065,2.8831,3.0516,4.036,4.9062,890667.2074,742762.2904,423501.5008,12344647.4946,10294685.3449,,,1.2193
601211,国泰君安,证券,上海,20150626,601211.SH,20220927,14.08,14.13,13.91,13.99,14.01,-0.02,-0.1428,177393.96,247795.099,0.2388,0.4189,1.43,8.2995,9.3176,0.915,2.9102,3.0802,3.9985,4.8606,890667.2074,742762.2904,423501.5008,12460434.2315,10391244.4427,,,1.2193
601211,国泰君安,证券,上海,20150626,601211.SH,20220926,14.17,14.26,14.01,14.01,14.25,-0.24,-1.6842,171353.15,241822.43,0.2307,0.4046,1.37,8.3114,9.3309,0.9163,2.9143,3.0846,3.9928,4.8537,890667.2074,742762.2904,423501.5008,12478247.5757,10406099.6885,,,1.2193
601211,国泰君安,证券,上海,20150626,601211.SH,20220923,14.22,14.36,14.17,14.25,14.25,0.0,0.0,113261.3,161692.441,0.1525,0.2674,0.58,8.4537,9.4907,0.932,2.9642,3.1375,3.9255,4.7719,890667.2074,742762.2904,423501.5008,12692007.7055,10584362.6382,,,1.2193
601211,国泰君安,证券,上海,20150626,601211.SH,20220922,14.18,14.3,14.16,14.25,14.21,0.04,0.2815,88917.25,126429.745,0.1197,0.21,0.41,8.4537,9.4907,0.932,2.9642,3.1375,3.9255,4.7719,890667.2074,742762.2904,423501.5008,12692007.7055,10584362.6382,,,1.2193
601211,国泰君安,证券,上海,20150626,601211.SH,20220921,14.18,14.29,14.08,14.21,14.18,0.03,0.2116,107100.72,152014.57,0.1442,0.2529,0.45,8.43,9.4641,0.9294,2.9559,3.1287,3.9366,4.7854,890667.2074,742762.2904,423501.5008,12656381.0172,10554652.1466,,,1.2193
601211,国泰君安,证券,上海,20150626,601211.SH,20220920,14.15,14.32,14.12,14.18,14.11,0.07,0.4961,139655.24,198611.923,0.188,0.3298,0.55,8.4122,9.4441,0.9274,2.9497,3.1221,3.9449,4.7955,890667.2074,742762.2904,423501.5008,12629661.0009,10532369.2779,,,1.2193
601211,国泰君安,证券,上海,20150626,601211.SH,20220919,14.12,14.23,14.03,14.11,14.12,-0.01,-0.0708,176481.41,249240.855,0.2376,0.4167,0.63,8.3707,9.3975,0.9229,2.9351,3.1067,3.9645,4.8193,890667.2074,742762.2904,423501.5008,12567314.2964,10480375.9175,,,1.2193
601211,国泰君安,证券,上海,20150626,601211.SH,20220916,14.84,14.84,14.11,14.12,14.87,-0.75,-5.0437,469417.19,670488.247,0.632,1.1084,2.23,8.3766,9.4041,0.9235,2.9372,3.1089,3.9617,4.8159,890667.2074,742762.2904,423501.5008,12576220.9685,10487803.5404,,,1.2193
601211,国泰君安,证券,上海,20150626,601211.SH,20220915,14.85,14.98,14.71,14.87,14.81,0.06,0.4051,196894.51,292564.651,0.2651,0.4649,1.01,8.8216,9.9036,0.9726,3.0932,3.274,3.7619,4.573,890667.2074,742762.2904,423501.5008,13244221.374,11044875.2582,,,1.2193
601211,国泰君安,证券,上海,20150626,601211.SH,20220914,14.8,14.91,14.71,14.81,14.97,-0.16,-1.0688,203356.9,301181.006,0.2738,0.4802,1.03,8.786,9.8637,0.9686,3.0807,3.2608,3.7771,4.5915,890667.2074,742762.2904,423501.5008,13190781.3416,11000309.5208,,,1.2193
601211,国泰君安,证券,上海,20150626,601211.SH,20220913,15.12,15.17,14.93,14.97,15.07,-0.1,-0.6636,230960.91,347430.908,0.3109,0.5454,1.22,8.8809,9.9703,0.9791,3.114,3.296,3.7367,4.5424,890667.2074,742762.2904,423501.5008,13333288.0948,11119151.4873,,,1.2193
601211,国泰君安,证券,上海,20150626,601211.SH,20220909,14.87,15.1,14.83,15.07,14.84,0.23,1.5499,298080.24,447913.831,0.4013,0.7038,1.79,8.9402,10.0369,0.9856,3.1348,3.318,3.7119,4.5123,890667.2074,742762.2904,423501.5008,13422354.8155,11193427.7163,,,1.2193
601211,国泰君安,证券,上海,20150626,601211.SH,20220908,14.9,14.98,14.82,14.84,14.88,-0.04,-0.2688,123881.13,184411.671,0.1668,0.2925,0.7,8.8038,9.8837,0.9706,3.087,3.2674,3.7695,4.5822,890667.2074,742762.2904,423501.5008,13217501.3578,11022592.3895,,,1.2193
601211,国泰君安,证券,上海,20150626,601211.SH,20220907,14.9,14.92,14.82,14.88,14.92,-0.04,-0.2681,114202.75,169733.625,0.1538,0.2697,0.55,8.8275,9.9103,0.9732,3.0953,3.2762,3.7593,4.5699,890667.2074,742762.2904,423501.5008,13253128.0461,11052302.8812,,,1.2193
601211,国泰君安,证券,上海,20150626,601211.SH,20220906,14.86,14.95,14.81,14.92,14.84,0.08,0.5391,218053.44,324628.491,0.2936,0.5149,1.08,8.8512,9.9369,0.9758,3.1036,3.285,3.7492,4.5576,890667.2074,742762.2904,423501.5008,13288754.7344,11082013.3728,,,1.2193
601211,国泰君安,证券,上海,20150626,601211.SH,20220905,14.61,14.86,14.57,14.84,14.62,0.22,1.5048,194743.72,287409.176,0.2622,0.4598,0.96,8.8038,9.8837,0.9706,3.087,3.2674,3.7695,4.5822,890667.2074,742762.2904,423501.5008,13217501.3578,11022592.3895,,,1.2193
601211,国泰君安,证券,上海,20150626,601211.SH,20220902,14.68,14.79,14.55,14.62,14.73,-0.11,-0.7468,182868.17,267989.741,0.2462,0.4318,0.89,8.6732,9.7371,0.9562,3.0412,3.2189,3.8262,4.6512,890667.1793,742762.2623,423501.4727,13021554.1614,10859184.2748,,,1.2193
601211,国泰君安,证券,上海,20150626,601211.SH,20220901,14.77,14.88,14.71,14.73,14.79,-0.06,-0.4057,170532.22,252342.247,0.2296,0.4027,0.79,8.7385,9.8104,0.9634,3.0641,3.2432,3.7976,4.6164,890667.1793,742762.2623,423501.4727,13119527.5511,10940888.1237,,,1.2193
601211,国泰君安,证券,上海,20150626,601211.SH,20220831,14.69,14.95,14.65,14.79,14.68,0.11,0.7493,278056.59,410952.721,0.3744,0.6566,1.29,8.7741,9.8504,0.9673,3.0766,3.2564,3.7822,4.5977,890667.1793,742762.2623,423501.4727,13172967.5818,10985453.8594,,,1.2193
601211,国泰君安,证券,上海,20150626,601211.SH,20220830,14.75,14.83,14.61,14.68,14.68,0.0,0.0,179646.43,264152.223,0.2419,0.4242,0.81,8.7088,9.7771,0.9601,3.0537,3.2322,3.8105,4.6322,890667.1793,742762.2623,423501.4727,13074994.1921,10903750.0106,,,1.2193
601211,国泰君安,证券,上海,20150626,601211.SH,20220829,14.65,14.77,14.53,14.68,14.72,-0.04,-0.2717,200282.07,293534.768,0.2696,0.4729,0.94,8.7088,9.7771,0.9601,3.0537,3.2322,3.8105,4.6322,890667.1793,742762.2623,423501.4727,13074994.1921,10903750.0106,,,1.2193
601211,国泰君安,证券,上海,20150626,601211.SH,20220826,14.78,14.86,14.63,14.72,14.73,-0.01,-0.0679,193254.59,285057.822,0.2602,0.4563,0.9,8.7326,9.8034,0.9922,3.062,3.2425,3.8002,4.6196,890667.1793,742762.2623,423501.4619,13110620.8793,10933460.5011,,,1.2193
601211,国泰君安,证券,上海,20150626,601211.SH,20220825,14.5,14.79,14.5,14.73,14.48,0.25,1.7265,222073.63,325300.626,0.299,0.5244,1.12,8.7385,9.81,0.9929,3.0641,3.2447,3.7976,4.6164,890667.1793,742762.2623,423501.4619,13119527.5511,10940888.1237,,,1.2193
601211,国泰君安,证券,上海,20150626,601211.SH,20220824,14.64,14.85,14.45,14.48,14.66,-0.18,-1.2278,281050.86,412582.548,0.3784,0.6636,1.43,8.5902,9.6435,0.9761,3.0121,3.1897,3.8632,4.6961,890667.1793,742762.2623,423501.4619,12896860.7563,10755197.5581,,,1.2193
601211,国泰君安,证券,上海,20150626,601211.SH,20220823,14.62,14.8,14.54,14.66,14.6,0.06,0.411,205925.65,301995.964,0.2772,0.4862,1.14,8.697,9.7634,0.9882,3.0495,3.2293,3.8157,4.6385,890667.1793,742762.2623,423501.4619,13057180.8485,10888894.7653,,,1.2193
601211,国泰君安,证券,上海,20150626,601211.SH,20220822,14.51,14.67,14.48,14.6,14.56,0.04,0.2747,166674.36,243560.462,0.2244,0.3936,0.93,8.6614,9.7234,0.9842,3.037,3.2161,3.8314,4.6575,890667.1793,742762.2623,423501.4619,13003740.8178,10844329.0296,,,1.2193
601211,国泰君安,证券,上海,20150626,601211.SH,20220819,14.58,14.74,14.56,14.56,14.58,-0.02,-0.1372,196720.88,288446.078,0.2649,0.4645,1.08,8.6376,9.6968,0.9815,3.0287,3.2073,3.8419,8.5123,890667.1793,742762.2623,423501.4727,12968114.1306,10814618.5391,,,1.2193
601211,国泰君安,证券,上海,20150626,601211.SH,20220818,14.63,14.69,14.57,14.58,14.71,-0.13,-0.8838,138716.5,202937.509,0.1868,0.3275,0.58,8.6495,9.7101,0.9828,3.0329,3.2117,3.8367,8.5006,890667.1793,742762.2623,423501.4727,12985927.4742,10829473.7843,,,1.2193
601211,国泰君安,证券,上海,20150626,601211.SH,20220817,14.58,14.76,14.51,14.71,14.56,0.15,1.0302,271764.42,398995.894,0.3659,0.6417,1.31,8.7266,9.7967,0.9916,3.0599,3.2403,3.8028,8.4255,890667.1793,742762.2623,423501.4727,13101714.2075,10926032.8784,,,1.2193
601211,国泰君安,证券,上海,20150626,601211.SH,20220816,14.61,14.67,14.5,14.56,14.61,-0.05,-0.3422,131814.78,192142.159,0.1775,0.3112,0.66,8.6376,9.6968,0.9815,3.0287,3.2073,3.8419,8.5123,890667.1793,742762.2623,423501.4727,12968114.1306,10814618.5391,,,1.2193
601211,国泰君安,证券,上海,20150626,601211.SH,20220815,14.56,14.66,14.51,14.61,14.6,0.01,0.0685,154332.6,225307.038,0.2078,0.3644,0.8,8.6673,9.7301,0.9848,3.0391,3.2183,3.8288,8.4831,890667.1793,742762.2623,423501.4727,13012647.4896,10851756.6522,,,1.2193
601211,国泰君安,证券,上海,20150626,601211.SH,20220812,14.55,14.69,14.53,14.6,14.68,-0.08,-0.545,209947.18,306993.586,0.2827,0.4957,1.13,8.6614,9.7234,0.9842,3.037,3.2161,3.8314,8.489,890667.1793,742762.2623,423501.4727,13003740.8178,10844329.0296,,,1.2193
601211,国泰君安,证券,上海,20150626,601211.SH,20220811,14.31,14.74,14.29,14.68,14.25,0.43,3.0175,432061.64,629522.784,0.5817,1.0202,3.53,8.7088,9.7767,0.9896,3.0537,3.2337,3.8105,8.4427,890667.1793,742762.2623,423501.4727,13074994.1921,10903750.0106,,,1.2193
601211,国泰君安,证券,上海,20150626,601211.SH,20220810,14.29,14.35,14.18,14.25,14.26,-0.01,-0.0701,106428.5,151702.998,0.1433,0.2513,0.82,8.4537,9.4903,0.9606,2.9642,3.139,3.9255,8.6975,890667.1793,742762.2623,423501.4727,12692007.305,10584362.2378,,,1.2193
601211,国泰君安,证券,上海,20150626,601211.SH,20220809,14.26,14.33,14.25,14.26,14.29,-0.03,-0.2099,101642.0,145222.864,0.1368,0.24,0.63,8.4597,9.497,0.9612,2.9663,3.1412,3.9228,8.6914,890667.1793,742762.2623,423501.4727,12700913.9768,10591789.8604,,,1.2193
601211,国泰君安,证券,上海,20150626,601211.SH,20220808,14.23,14.34,14.2,14.29,14.27,0.02,0.1402,116795.36,166857.62,0.1572,0.2758,0.7,8.4775,9.517,0.9633,2.9726,3.1478,3.9145,8.6731,890667.1793,742762.2623,423501.4727,12727633.9922,10614072.7283,,,1.2193
601211,国泰君安,证券,上海,20150626,601211.SH,20220805,14.12,14.28,14.01,14.27,14.05,0.22,1.5658,172859.4,244625.463,0.2327,0.4082,1.05,8.4656,9.5037,0.9619,2.9684,3.1434,3.92,8.6853,890667.1793,742762.2623,423501.4727,12709820.6486,10599217.483,,,1.2193
601211,国泰君安,证券,上海,20150626,601211.SH,20220804,14.08,14.13,14.01,14.05,13.95,0.1,0.7168,113492.08,159566.111,0.1528,0.268,0.6,8.3351,9.3571,0.9471,2.9226,3.095,3.9814,8.8213,890667.1793,742762.2623,423501.4727,12513873.8692,10435809.7853,,,1.2193
601211,国泰君安,证券,上海,20150626,601211.SH,20220803,14.06,14.22,13.92,13.95,14.08,-0.13,-0.9233,146794.15,206622.549,0.1976,0.3466,0.82,8.2758,9.2905,0.9403,2.9018,3.0729,4.0099,8.8845,890667.1793,742762.2623,423501.4727,12424807.1512,10361533.5591,,,1.2193
601211,国泰君安,证券,上海,20150626,601211.SH,20220802,14.26,14.27,13.89,14.08,14.37,-0.29,-2.0181,262803.4,369002.171,0.3538,0.6205,1.76,8.3529,9.3771,0.9491,2.9289,3.1016,3.9729,8.8025,890667.1793,742762.2623,423501.4727,12540593.8845,10458092.6532,,,1.2193
601211,国泰君安,证券,上海,20150626,601211.SH,20220801,14.44,14.45,14.27,14.37,14.45,-0.08,-0.5536,139385.72,200123.552,0.1877,0.3291,0.91,8.5249,9.5703,0.9687,2.9892,3.1654,3.8927,8.6248,890667.1793,742762.2623,423501.4727,12798887.3665,10673493.7093,,,1.2193
601211,国泰君安,证券,上海,20150626,601211.SH,20220729,14.51,14.67,14.41,14.45,14.53,-0.08,-0.5506,163055.56,236804.048,0.2195,0.385,1.04,8.5724,9.6235,0.974,3.0058,3.1831,3.8712,8.5771,890667.1793,742762.2623,423501.4727,12870140.7409,10732914.6902,,,1.2193
601211,国泰君安,证券,上海,20150626,601211.SH,20220728,14.46,14.69,14.46,14.53,14.37,0.16,1.1134,230282.29,335755.023,0.31,0.5438,1.72,8.6198,9.6768,0.9794,3.0225,3.2007,3.8499,8.5299,890667.1793,742762.2623,423501.4727,12941394.1152,10792335.6712,,,1.2193
601211,国泰君安,证券,上海,20150626,601211.SH,20220727,14.47,14.48,14.36,14.37,14.47,-0.1,-0.6911,95536.29,137614.483,0.1286,0.2256,0.69,8.5249,9.5703,0.9687,2.9892,3.1654,3.8927,8.6248,890667.1793,742762.2623,423501.4727,12798887.3665,10673493.7093,,,1.2193
601211,国泰君安,证券,上海,20150626,601211.SH,20220726,14.47,14.58,14.44,14.47,14.49,-0.02,-0.138,116755.23,169426.078,0.1572,0.2757,0.8,8.5843,9.6369,0.9754,3.01,3.1875,3.8658,8.5652,890667.1793,742762.2623,423501.4727,12887954.0845,10747769.9355,,,1.2193
601211,国泰君安,证券,上海,20150626,601211.SH,20220725,14.41,14.55,14.33,14.49,14.41,0.08,0.5552,158879.21,229872.406,0.2139,0.3752,1.04,8.5961,9.6502,0.9767,3.0142,3.1919,3.8605,8.5534,890667.1793,742762.2623,423501.4727,12905767.4281,10762625.1807,,,1.2193
601211,国泰君安,证券,上海,20150626,601211.SH,20220722,14.33,14.46,14.26,14.41,14.25,0.16,1.1228,182165.15,262044.251,0.2453,0.4301,1.06,8.5487,9.7816,0.9714,2.9975,3.2068,3.8819,8.6009,890667.1793,742762.2623,423501.4727,12834514.0537,10703204.1997,,,1.2193
601211,国泰君安,证券,上海,20150626,601211.SH,20220721,14.37,14.43,14.24,14.25,14.38,-0.13,-0.904,117369.06,168417.048,0.158,0.2771,0.59,8.4537,9.673,0.9606,2.9642,3.1711,3.9255,8.6975,890667.1793,742762.2623,423501.4727,12692007.305,10584362.2378,,,1.2193
601211,国泰君安,证券,上海,20150626,601211.SH,20220720,14.36,14.45,14.34,14.38,14.36,0.02,0.1393,112295.71,161733.703,0.1512,0.2652,0.53,8.5309,9.7612,0.9693,2.9913,3.2001,3.89,8.6188,890667.1793,742762.2623,423501.4727,12807794.0383,10680921.3319,,,1.2193
601211,国泰君安,证券,上海,20150626,601211.SH,20220719,14.29,14.41,14.15,14.36,14.25,0.11,0.7719,157770.9,225403.529,0.2124,0.3725,0.69,8.519,9.7477,0.968,2.9871,3.1956,3.8955,8.6308,890667.1793,742762.2623,423501.4727,12789980.6947,10666066.0866,15.68,12.83,1.2193
601211,国泰君安,证券,上海,20150626,601211.SH,20220718,14.01,14.28,13.94,14.25,13.92,0.33,2.3707,195211.83,276685.457,0.2628,0.4609,0.85,8.4537,9.673,0.9606,2.9642,3.1711,3.9255,8.6975,890667.1793,742762.2623,423501.4727,12692007.305,10584362.2378,,,1.2193
601211,国泰君安,证券,上海,20150626,601211.SH,20220715,14.4,14.4,13.92,13.92,14.32,-0.4,-2.7933,273273.57,388465.752,0.3679,0.6453,1.3,8.258,9.449,0.9383,2.8956,3.0977,4.0186,8.9036,890667.1793,742762.2623,423501.4727,12398087.1359,10339250.6912,15.72,12.86,1.2193
601211,国泰君安,证券,上海,20150626,601211.SH,20220714,15.15,15.16,14.93,15.0,15.18,-0.18,-1.1858,248802.19,374441.217,0.335,0.5875,1.23,8.8987,10.1821,0.9668,3.1202,3.3381,3.7292,3.7292,890667.1793,742762.2623,423501.4727,13360007.6895,11141433.9345,,,1.2193
601211,国泰君安,证券,上海,20150626,601211.SH,20220713,15.22,15.27,15.15,15.18,15.22,-0.04,-0.2628,190316.23,289435.725,0.2562,0.4494,0.94,9.0055,10.3043,0.9784,3.1577,3.3781,3.685,3.685,890667.1793,742762.2623,423501.4727,13520327.7818,11275131.1417,,,1.2193
601211,国泰君安,证券,上海,20150626,601211.SH,20220712,15.14,15.33,15.14,15.22,15.14,0.08,0.5284,239430.05,364670.056,0.3224,0.5654,1.2,9.0292,10.3314,0.981,3.166,3.387,3.6753,3.6753,890667.1793,742762.2623,423501.4727,13555954.4689,11304841.6322,,,1.2193
601211,国泰君安,证券,上海,20150626,601211.SH,20220711,15.17,15.23,15.12,15.14,15.17,-0.03,-0.1978,191200.72,290043.235,0.2574,0.4515,0.95,8.9817,10.2771,0.9758,3.1494,3.3692,3.6948,3.6948,890667.1793,742762.2623,423501.4727,13484701.0946,11245420.6512,,,1.2193
601211,国泰君安,证券,上海,20150626,601211.SH,20220708,15.15,15.28,15.13,15.17,15.09,0.08,0.5302,180388.45,274126.202,0.2429,0.4259,0.85,8.9995,10.2975,0.9778,3.1556,3.3759,3.6875,3.6875,890667.1793,742762.2623,423501.4727,13511421.11,11267703.5191,15.81,12.93,1.2193
601211,国泰君安,证券,上海,20150626,601211.SH,20220707,15.06,15.22,15.01,15.09,14.98,0.11,0.7343,209887.01,317584.018,0.2826,0.4956,0.96,8.9521,10.2432,0.9726,3.139,3.3581,3.707,3.707,890667.1793,742762.2623,423501.4727,13440167.7356,11208282.5381,,,1.2193
601211,国泰君安,证券,上海,20150626,601211.SH,20220706,15.06,15.11,14.96,14.98,15.08,-0.1,-0.6631,194890.96,292628.335,0.2624,0.4602,0.8,8.8868,10.1685,0.9655,3.1161,3.3336,3.7342,3.7342,890667.1793,742762.2623,423501.4727,13342194.3459,11126578.6893,,,1.2193
601211,国泰君安,证券,上海,20150626,601211.SH,20220705,15.15,15.26,15.0,15.08,15.15,-0.07,-0.462,221860.52,335268.406,0.2987,0.5239,0.86,8.9461,10.2364,0.972,3.1369,3.3559,3.7095,3.7095,890667.1793,742762.2623,423501.4727,13431261.0638,11200854.9155,,,1.2193
601211,国泰君安,证券,上海,20150626,601211.SH,20220704,15.1,15.16,14.96,15.15,15.1,0.05,0.3311,201674.78,303906.317,0.2715,0.4762,0.69,8.9877,10.2839,0.9765,3.1515,3.3714,3.6923,3.6923,890667.1793,742762.2623,423501.4619,13493607.7664,11252848.2738,,,1.2193
601211,国泰君安,证券,上海,20150626,601211.SH,20220701,15.18,15.27,15.06,15.1,15.2,-0.1,-0.6579,233219.55,353375.38,0.314,0.5507,0.8,8.958,10.25,0.9733,3.141,3.3603,3.7046,3.7046,890667.1685,742762.2515,423501.4619,13449074.2444,11215709.9977,15.94,13.04,1.2193
601211,国泰君安,证券,上海,20150626,601211.SH,20220630,15.12,15.32,15.12,15.2,15.12,0.08,0.5291,238593.72,363401.515,0.3212,0.5634,0.73,9.0173,10.3179,0.9797,3.1619,3.3826,3.6802,3.6802,890667.1685,742762.2515,423501.4619,13538140.9612,11289986.2228,15.85,12.97,1.2193
601211,国泰君安,证券,上海,20150626,601211.SH,20220629,15.27,15.37,15.11,15.12,15.26,-0.14,-0.9174,322791.89,493065.396,0.4346,0.7622,1.02,8.9699,10.2636,0.9745,3.1452,3.3648,3.6997,3.6997,890667.1685,742762.2515,423501.4619,13466887.5877,11230565.2427,,,1.2193
601211,国泰君安,证券,上海,20150626,601211.SH,20220628,15.14,15.34,15.07,15.26,15.17,0.09,0.5933,287780.05,436559.267,0.3874,0.6795,0.92,9.0529,10.3586,0.9836,3.1743,3.3959,3.6657,3.6657,890667.1685,742762.2515,423501.4619,13591580.9913,11334551.9579,,,1.2193
601211,国泰君安,证券,上海,20150626,601211.SH,20220627,15.31,15.37,15.13,15.17,15.2,-0.03,-0.1974,369326.17,562645.269,0.4972,0.8721,1.19,8.9995,10.2975,0.9778,3.1556,3.3759,3.6875,3.6875,890667.1685,742762.2515,423501.4619,13511420.9461,11267703.3553,,,1.2193
601211,国泰君安,证券,上海,20150626,601211.SH,20220624,15.24,15.29,15.12,15.2,15.23,-0.03,-0.197,245327.23,372941.577,0.3303,0.5793,0.72,9.0173,10.3179,0.9797,3.1619,3.3826,3.6802,3.6802,890667.1685,742762.2515,423501.4619,13538140.9612,11289986.2228,,,1.2193
601211,国泰君安,证券,上海,20150626,601211.SH,20220623,14.85,15.33,14.85,15.23,14.88,0.35,2.3522,413967.84,626775.959,0.5573,0.9775,1.08,9.0351,10.3382,0.9816,3.1681,3.3892,3.6729,3.6729,890667.1685,742762.2515,423501.4619,13564860.9763,11312269.0903,,,1.2193
601211,国泰君安,证券,上海,20150626,601211.SH,20220622,15.07,15.13,14.87,14.88,15.08,-0.2,-1.3263,259180.22,388381.126,0.3489,0.612,0.45,8.8275,10.1006,0.9591,3.0953,3.3113,3.7593,3.7593,890667.1685,742762.2515,423501.4619,13253127.4673,11052302.3023,,,1.2193
601211,国泰君安,证券,上海,20150626,601211.SH,20220621,15.04,15.16,14.93,15.08,15.01,0.07,0.4664,271182.93,408115.751,0.3651,0.6403,0.43,8.9461,10.2364,0.972,3.1369,3.3559,3.7095,3.7095,890667.1685,742762.2515,423501.4619,13431260.901,11200854.7526,,,1.164
601211,国泰君安,证券,上海,20150626,601211.SH,20220620,15.13,15.25,15.01,15.01,15.16,-0.15,-0.9894,360574.77,544206.132,0.4855,0.8514,0.57,8.9046,10.1889,0.9675,3.1223,3.3403,3.7268,3.7268,890667.1685,742762.2515,423501.4619,13368914.1992,11148861.395,,,1.164
601211,国泰君安,证券,上海,20150626,601211.SH,20220617,15.08,15.3,14.94,15.16,15.19,-0.03,-0.1975,398219.87,602293.517,0.5361,0.9403,0.63,8.9936,10.2907,0.9771,3.1535,3.3737,3.6899,3.6899,890667.1685,742762.2515,423501.4619,13502514.2745,11260275.7327,,,1.164
601211,国泰君安,证券,上海,20150626,601211.SH,20220616,15.67,15.67,15.18,15.19,15.67,-0.48,-3.0632,631016.69,971032.432,0.8496,1.49,1.09,9.0114,10.3111,0.9791,3.1598,3.3803,3.6826,3.6826,890667.1685,742762.2515,423501.4619,13529234.2895,11282558.6003,,,1.164
601211,国泰君安,证券,上海,20150626,601211.SH,20220615,15.35,16.17,15.35,15.67,15.3,0.37,2.4183,1204464.04,1902084.859,1.6216,2.8441,2.92,9.2961,10.6369,1.01,3.2596,3.4872,3.5698,3.5698,890667.1685,742762.2515,423501.4619,13956754.5304,11639084.481,,,1.164
601211,国泰君安,证券,上海,20150626,601211.SH,20220614,14.66,15.41,14.53,15.3,14.78,0.52,3.5183,575531.84,858653.227,0.7749,1.359,1.62,9.0766,10.3857,0.9861,3.1827,3.4048,3.6561,3.6561,890667.1685,742762.2515,423501.4619,13627207.6781,11364262.448,,,1.164
601211,国泰君安,证券,上海,20150626,601211.SH,20220613,14.82,14.9,14.68,14.78,14.98,-0.2,-1.3351,332796.33,491813.774,0.4481,0.7858,0.96,8.7682,10.0328,0.9526,3.0745,3.2891,3.7848,3.7848,890667.1685,742762.2515,423501.4619,13164060.7504,10978026.0772,,,1.164
601211,国泰君安,证券,上海,20150626,601211.SH,20220610,14.67,15.02,14.59,14.98,14.75,0.23,1.5593,403253.64,598285.827,0.5429,0.9522,1.34,8.8868,10.1685,0.9655,3.1161,3.3336,3.7342,3.7342,890667.1685,742762.2515,423501.4619,13342194.1841,11126578.5275,,,1.164
601211,国泰君安,证券,上海,20150626,601211.SH,20220609,14.8,15.02,14.67,14.75,14.79,-0.04,-0.2705,388380.49,576386.261,0.5229,0.9171,1.52,8.7504,10.0124,0.9507,3.0682,3.2824,3.7925,3.7925,890667.1685,742762.2515,423501.4619,13137340.7354,10955743.2096,,,1.164
601211,国泰君安,证券,上海,20150626,601211.SH,20220608,14.68,14.84,14.64,14.79,14.66,0.13,0.8868,364981.52,537932.296,0.4914,0.8618,1.63,8.7741,10.0395,0.9533,3.0766,3.2913,3.7822,3.7822,890667.1685,742762.2515,423501.4619,13172967.4221,10985453.6997,,,1.164
601211,国泰君安,证券,上海,20150626,601211.SH,20220607,14.65,14.84,14.6,14.66,14.67,-0.01,-0.0682,289022.03,425151.374,0.3891,0.6825,1.47,8.697,9.9513,0.9449,3.0495,3.2624,3.8157,3.8157,890667.1685,742762.2515,423501.4619,13057180.6902,10888894.607,,,1.164
601211,国泰君安,证券,上海,20150626,601211.SH,20220606,14.42,14.7,14.39,14.67,14.48,0.19,1.3122,291680.15,425223.271,0.3927,0.6887,1.6,8.7029,9.9581,0.9455,3.0516,3.2646,3.8131,3.8131,890667.1685,742762.2515,423501.4619,13066087.3619,10896322.2295,,,1.164
601211,国泰君安,证券,上海,20150626,601211.SH,20220602,14.42,14.52,14.33,14.48,14.42,0.06,0.4161,167015.07,240997.162,0.2249,0.3944,0.85,8.5902,9.8291,0.9333,3.0121,3.2223,3.8632,3.8632,890667.1685,742762.2515,423501.4619,12896860.5999,10755197.4017,,,1.164
601211,国泰君安,证券,上海,20150626,601211.SH,20220601,14.51,14.53,14.37,14.42,14.49,-0.07,-0.4831,163643.91,236401.864,0.2203,0.3864,0.84,8.5546,9.7884,0.9294,2.9996,3.209,3.8792,3.8792,890667.1685,742762.2515,423501.4619,12843420.5698,10710631.6666,,,1.164
601211,国泰君安,证券,上海,20150626,601211.SH,20220531,14.42,14.53,14.34,14.49,14.42,0.07,0.4854,210398.64,304264.251,0.2833,0.4968,1.05,8.5961,9.8359,0.9339,3.0142,3.2246,3.8605,3.8605,890667.1685,742762.2515,423501.4619,12905767.2716,10762625.0242,,,1.164
601211,国泰君安,证券,上海,20150626,601211.SH,20220530,14.41,14.52,14.32,14.42,14.43,-0.01,-0.0693,151029.34,217742.42,0.2033,0.3566,0.71,8.5546,9.7884,0.9294,2.9996,3.209,3.8792,3.8792,890667.1685,742762.2515,423501.4619,12843420.5698,10710631.6666,,,1.164
601211,国泰君安,证券,上海,20150626,601211.SH,20220527,14.4,14.49,14.32,14.43,14.34,0.09,0.6276,221147.73,318845.389,0.2977,0.5222,0.99,8.5605,9.7952,0.9301,3.0017,3.2112,3.8766,3.8766,890667.1685,742762.2515,423501.4619,12852327.2415,10718059.2891,,,1.164
601211,国泰君安,证券,上海,20150626,601211.SH,20220526,14.23,14.5,14.11,14.34,14.18,0.16,1.1283,234135.55,335146.129,0.3152,0.5529,1.1,8.5071,9.7341,0.9243,2.983,3.1912,3.9009,3.9009,890667.1685,742762.2515,423501.4619,12772167.1963,10651210.6865,,,1.164
601211,国泰君安,证券,上海,20150626,601211.SH,20220525,14.11,14.23,14.07,14.18,14.1,0.08,0.5674,151900.21,215264.479,0.2045,0.3587,0.69,8.4122,9.6255,0.914,2.9497,3.1556,3.9449,3.9449,890667.1685,742762.2515,423501.4619,12629660.4493,10532368.7263,,,1.164
601211,国泰君安,证券,上海,20150626,601211.SH,20220524,14.39,14.51,14.08,14.1,14.4,-0.3,-2.0833,244319.73,349057.496,0.3289,0.5769,1.21,8.3648,9.5712,0.9088,2.933,3.1378,3.9673,3.9673,890667.1685,742762.2515,423501.4619,12558407.0759,10472947.7462,,,1.164
601211,国泰君安,证券,上海,20150626,601211.SH,20220523,14.39,14.42,14.25,14.4,14.38,0.02,0.1391,211209.55,303013.325,0.2844,0.4987,1.07,8.5427,9.7748,0.9281,2.9954,3.2045,3.8846,3.8846,890667.1685,742762.2515,423501.4619,12825607.2264,10695776.4216,17.24,14.1,1.164
601211,国泰君安,证券,上海,20150626,601211.SH,20220520,14.22,14.41,14.21,14.38,14.17,0.21,1.482,277992.14,398604.295,0.3743,0.6564,1.54,8.5309,9.7612,0.9268,2.9913,3.2001,3.89,3.89,890667.1685,742762.2515,423501.4619,12807793.883,10680921.1766,,,1.164
601211,国泰君安,证券,上海,20150626,601211.SH,20220519,14.09,14.18,14.02,14.17,14.2,-0.03,-0.2113,179716.32,253308.146,0.242,0.4244,0.98,8.4063,9.6187,0.9133,2.9476,3.1533,3.9477,3.9477,890667.1685,742762.2515,423501.4619,12620753.7776,10524941.1038,,,1.164
601211,国泰君安,证券,上海,20150626,601211.SH,20220518,14.25,14.32,14.15,14.2,14.2,0.0,0.0,188877.2,268895.585,0.2543,0.446,0.88,8.4241,9.6391,0.9152,2.9538,3.16,3.9393,3.9393,890667.1685,742762.2515,423501.4619,12647473.7927,10547223.9713,,,1.164
601211,国泰君安,证券,上海,20150626,601211.SH,20220517,14.17,14.26,14.06,14.2,14.16,0.04,0.2825,152379.97,215774.467,0.2052,0.3598,0.64,8.4241,9.6391,0.9152,2.9538,3.16,3.9393,3.9393,890667.1685,742762.2515,423501.4619,12647473.7927,10547223.9713,,,1.164
601211,国泰君安,证券,上海,20150626,601211.SH,20220516,14.35,14.39,14.13,14.16,14.24,-0.08,-0.5618,186426.26,264934.648,0.251,0.4402,0.77,8.4003,9.6119,0.9127,2.9455,3.1511,3.9505,3.9505,890667.1685,742762.2515,423501.4619,12611847.106,10517513.4812,,,1.164
601211,国泰君安,证券,上海,20150626,601211.SH,20220513,14.2,14.32,14.15,14.24,14.14,0.1,0.7072,192567.13,273816.023,0.2593,0.4547,0.78,8.4478,9.6662,0.9178,2.9622,3.1689,3.9283,3.9283,890667.1685,742762.2515,423501.4619,12683100.4794,10576934.4614,,,1.164
601211,国泰君安,证券,上海,20150626,601211.SH,20220512,14.13,14.27,14.07,14.14,14.19,-0.05,-0.3524,195739.55,276923.231,0.2635,0.4622,0.74,8.3885,9.5983,0.9114,2.9414,3.1467,3.9561,3.9561,890667.1685,742762.2515,423501.4619,12594033.7626,10502658.2362,,,1.164
601211,国泰君安,证券,上海,20150626,601211.SH,20220511,14.12,14.45,14.1,14.19,14.13,0.06,0.4246,347677.49,495728.797,0.4681,0.821,1.27,8.4181,9.6323,0.9146,2.9518,3.1578,3.9421,3.9421,890667.1685,742762.2515,423501.4619,12638567.121,10539796.3488,,,1.164
601211,国泰君安,证券,上海,20150626,601211.SH,20220510,13.91,14.21,13.83,14.13,14.04,0.09,0.641,260194.8,365594.583,0.3503,0.6144,0.92,8.3826,9.5915,0.9107,2.9393,3.1444,3.9589,3.9589,890667.1685,742762.2515,423501.4619,12585127.0909,10495230.6137,,,1.164
601211,国泰君安,证券,上海,20150626,601211.SH,20220509,14.02,14.13,13.94,14.04,14.08,-0.04,-0.2841,209296.35,293626.783,0.2818,0.4942,0.7,8.3292,9.5304,0.9049,2.9206,3.1244,3.9842,3.9842,890667.1685,742762.2515,423501.4619,12504967.0457,10428382.0111,,,1.164
601211,国泰君安,证券,上海,20150626,601211.SH,20220506,14.11,14.23,14.06,14.08,14.33,-0.25,-1.7446,214920.37,303849.782,0.2894,0.5075,0.66,8.3529,9.5576,0.9075,2.9289,3.1333,3.9729,3.9729,890667.1685,742762.2515,423501.4619,12540593.7325,10458092.5011,,,1.164
601211,国泰君安,证券,上海,20150626,601211.SH,20220505,14.39,14.48,14.32,14.33,14.6,-0.27,-1.8493,281799.36,405258.604,0.3794,0.6654,0.84,8.5012,9.7273,0.9236,2.9809,3.189,3.9036,3.9036,890667.1631,742762.2461,423501.4565,12763260.4472,10643782.9866,,,1.164
601211,国泰君安,证券,上海,20150626,601211.SH,20220429,14.54,14.69,14.24,14.6,14.15,0.45,3.1802,405653.38,588170.667,0.5461,0.9579,1.39,8.6614,8.6614,0.9553,3.037,3.037,3.8314,3.8314,890667.1631,742762.2461,423501.4565,13003740.5813,10844328.7931,,,1.164
601211,国泰君安,证券,上海,20150626,601211.SH,20220428,14.3,14.33,13.97,14.15,14.36,-0.21,-1.4624,299770.1,424204.921,0.4036,0.7078,1.08,8.3944,8.3944,0.9258,2.9434,2.9434,3.9533,3.9533,890667.1631,742762.2461,423501.4565,12602940.3579,10510085.7823,,,1.164
601211,国泰君安,证券,上海,20150626,601211.SH,20220427,14.15,14.41,14.09,14.36,14.26,0.1,0.7013,288585.54,411690.064,0.3885,0.6814,1.14,8.519,8.519,0.9396,2.9871,2.9871,3.8955,3.8955,890667.1631,742762.2461,423501.4565,12789980.4621,10666065.854,,,1.164
601211,国泰君安,证券,上海,20150626,601211.SH,20220426,14.74,14.79,14.19,14.26,14.71,-0.45,-3.0591,340282.86,492794.774,0.4581,0.8035,1.51,8.4597,8.4597,0.933,2.9663,2.9663,3.9228,3.9228,890667.1631,742762.2461,423501.4565,12700913.7458,10591789.6294,,,1.164
601211,国泰君安,证券,上海,20150626,601211.SH,20220425,14.92,15.22,14.7,14.71,15.23,-0.52,-3.4143,342899.02,513852.431,0.4617,0.8097,1.66,8.7266,8.7266,0.9625,3.0599,3.0599,3.8028,3.8028,890667.1631,742762.2461,423501.4565,13101713.9692,10926032.6401,,,1.164
601211,国泰君安,证券,上海,20150626,601211.SH,20220422,15.17,15.33,15.17,15.23,15.21,0.02,0.1315,189292.11,288725.135,0.2548,0.447,0.87,9.0351,9.0351,0.9965,3.1681,3.1681,3.6729,3.6729,890667.1631,742762.2461,423501.4565,13564860.894,11312269.0081,,,1.164
601211,国泰君安,证券,上海,20150626,601211.SH,20220421,15.25,15.43,15.16,15.21,15.3,-0.09,-0.5882,220579.58,336897.565,0.297,0.5208,1.0,9.0233,9.0233,0.9952,3.1639,3.1639,3.6778,3.6778,890667.1631,742762.2461,423501.4565,13547047.5508,11297413.7632,,,1.164
601211,国泰君安,证券,上海,20150626,601211.SH,20220420,15.47,15.51,15.25,15.3,15.44,-0.14,-0.9067,172616.67,265360.915,0.2324,0.4076,0.74,9.0766,9.0766,1.0011,3.1827,3.1827,3.6561,3.6561,890667.1631,742762.2461,423501.4565,13627207.5954,11364262.3653,,,1.164
601211,国泰君安,证券,上海,20150626,601211.SH,20220419,15.54,15.6,15.38,15.44,15.54,-0.1,-0.6435,198257.41,307366.165,0.2669,0.4681,0.78,9.1597,9.1597,1.0102,3.2118,3.2118,3.623,3.623,890667.1631,742762.2461,423501.4565,13751900.9983,11468249.0798,,,1.164
601211,国泰君安,证券,上海,20150626,601211.SH,20220418,15.7,15.73,15.44,15.54,15.83,-0.29,-1.832,251510.83,391129.913,0.3386,0.5939,0.96,9.219,9.219,1.0168,3.2326,3.2326,3.5997,3.5997,890667.1631,742762.2461,423501.4565,13840967.7146,11542525.3044,,,1.164
601211,国泰君安,证券,上海,20150626,601211.SH,20220415,15.73,15.97,15.7,15.83,15.85,-0.02,-0.1262,248192.36,393716.659,0.3341,0.586,0.96,9.3911,9.3911,1.0358,3.2929,3.2929,3.5337,3.5337,890667.1631,742762.2461,423501.4565,14099261.1919,11757926.3558,,,1.164
601211,国泰君安,证券,上海,20150626,601211.SH,20220414,15.77,15.92,15.72,15.85,15.65,0.2,1.278,236078.79,373947.24,0.3178,0.5574,0.91,9.4029,9.4029,1.0371,3.2971,3.2971,3.5293,3.5293,890667.1631,742762.2461,423501.4565,14117074.5351,11772781.6007,,,1.164
601211,国泰君安,证券,上海,20150626,601211.SH,20220413,15.75,15.82,15.64,15.65,15.79,-0.14,-0.8866,225268.64,354042.552,0.3033,0.5319,0.85,9.2843,9.2843,1.024,3.2555,3.2555,3.5744,3.5744,890667.1631,742762.2461,423501.4565,13938941.1025,11624229.1515,,,1.164
601211,国泰君安,证券,上海,20150626,601211.SH,20220412,15.45,15.94,15.38,15.79,15.45,0.34,2.2006,304907.11,478212.075,0.4105,0.72,1.14,9.3673,9.3673,1.0331,3.2846,3.2846,3.5427,3.5427,890667.1631,742762.2461,423501.4565,14063634.5053,11728215.8659,,,1.164
601211,国泰君安,证券,上海,20150626,601211.SH,20220411,15.79,15.81,15.38,15.45,15.86,-0.41,-2.5851,291969.24,454007.805,0.3931,0.6894,1.07,9.1656,9.1656,1.0109,3.2139,3.2139,3.6206,3.6206,890667.1631,742762.2461,423501.4565,13760807.6699,11475676.7022,,,1.164
601211,国泰君安,证券,上海,20150626,601211.SH,20220408,15.65,15.9,15.54,15.86,15.6,0.26,1.6667,230250.36,362060.331,0.31,0.5437,0.78,9.4089,9.4089,1.0377,3.2991,3.2991,3.527,3.527,890667.1631,742762.2461,423501.4565,14125981.2068,11780209.2231,,,1.164
601211,国泰君安,证券,上海,20150626,601211.SH,20220407,15.9,15.95,15.6,15.6,15.91,-0.31,-1.9485,244671.92,385591.209,0.3294,0.5777,0.9,9.2546,9.2546,1.0207,3.2451,3.2451,3.5858,3.5858,890667.1631,742762.2461,423501.4565,13894407.7444,11587091.0392,,,1.164
601211,国泰君安,证券,上海,20150626,601211.SH,20220406,15.82,15.99,15.78,15.91,15.9,0.01,0.0629,248669.45,394655.084,0.3348,0.5872,0.95,9.4385,9.4385,1.041,3.3095,3.3095,3.5159,3.5159,890667.1631,742762.2461,423501.4565,14170514.5649,11817347.3355,,,1.164
601211,国泰君安,证券,上海,20150626,601211.SH,20220401,15.64,15.95,15.6,15.9,15.71,0.19,1.2094,321336.42,508605.692,0.4326,0.7588,1.37,9.4326,9.4326,1.0403,3.3075,3.3075,3.5182,3.5182,890667.1631,742762.2461,423501.4565,14161607.8933,11809919.713,,,1.164
601211,国泰君安,证券,上海,20150626,601211.SH,20220331,15.65,15.86,15.6,15.71,15.67,0.04,0.2553,314110.93,494704.106,0.4229,0.7417,1.52,9.3199,9.3199,1.0279,3.2679,3.2679,3.5607,3.5607,890667.1631,742762.2461,423501.4565,13992381.1323,11668794.8862,,,1.164
601211,国泰君安,证券,上海,20150626,601211.SH,20220330,15.37,15.71,15.37,15.67,15.33,0.34,2.2179,345641.02,539147.961,0.4653,0.8162,1.9,12.5487,9.2964,1.0521,3.965,3.2709,3.5698,3.5698,890667.1631,742762.2461,423501.4565,13956754.4458,11639084.3964,,,1.164
601211,国泰君安,证券,上海,20150626,601211.SH,20220329,15.4,15.45,15.28,15.33,15.39,-0.06,-0.3899,128148.26,196819.085,0.1725,0.3026,0.62,12.2764,9.0947,1.0293,3.8789,3.1999,3.649,3.649,890667.1631,742762.2461,423501.4565,13653927.6103,11386545.2327,,,1.164
601211,国泰君安,证券,上海,20150626,601211.SH,20220328,15.25,15.47,15.15,15.39,15.34,0.05,0.3259,193565.43,296575.457,0.2606,0.4571,0.89,12.3244,9.1303,1.0333,3.8941,3.2125,3.6347,3.6347,890667.1631,742762.2461,423501.4565,13707367.6401,11431110.9675,,,1.164
601211,国泰君安,证券,上海,20150626,601211.SH,20220325,15.43,15.58,15.32,15.34,15.41,-0.07,-0.4543,189382.14,292256.022,0.255,0.4472,0.8,12.2844,9.1007,1.0299,3.8815,3.202,3.6466,3.6466,890667.1631,742762.2461,423501.4565,13662834.282,11393972.8552,,,1.164
601211,国泰君安,证券,上海,20150626,601211.SH,20220324,15.48,15.53,15.4,15.41,15.55,-0.14,-0.9003,173736.24,268486.517,0.2339,0.4102,0.59,12.3405,9.1422,1.0346,3.8992,3.2166,3.63,3.63,890667.1631,742762.2461,423501.4565,13725180.9834,11445966.2124,,,1.164
601211,国泰君安,证券,上海,20150626,601211.SH,20220323,15.56,15.6,15.44,15.55,15.55,0.0,0.0,224118.96,348020.072,0.3017,0.5292,0.62,12.4526,9.2252,1.044,3.9346,3.2459,3.5973,3.5973,890667.1631,742762.2461,423501.4565,13849874.3862,11549952.9269,17.09,13.99,1.164
601211,国泰君安,证券,上海,20150626,601211.SH,20220322,15.4,15.68,15.36,15.55,15.48,0.07,0.4522,258667.02,402735.437,0.3483,0.6108,0.65,12.4526,9.2252,1.044,3.9346,3.2459,3.5973,3.5973,890667.1631,742762.2461,423501.4565,13849874.3862,11549952.9269,,,1.164
601211,国泰君安,证券,上海,20150626,601211.SH,20220321,15.59,15.6,15.37,15.48,15.56,-0.08,-0.5141,236568.93,365983.823,0.3185,0.5586,0.58,12.3965,9.1837,1.0393,3.9169,3.2312,3.6136,3.6136,890667.1631,742762.2461,423501.4565,13787527.6848,11497959.5696,,,1.164
601211,国泰君安,证券,上海,20150626,601211.SH,20220318,15.44,15.7,15.4,15.56,15.43,0.13,0.8425,297002.39,461615.523,0.3999,0.7013,0.69,12.4606,9.2312,1.0447,3.9371,3.2479,3.595,3.595,890667.1631,742762.2461,423501.4565,13858781.0578,11557380.5493,,,1.164
601211,国泰君安,证券,上海,20150626,601211.SH,20220317,15.7,15.75,15.4,15.43,15.5,-0.07,-0.4516,452056.28,702232.501,0.6086,1.0674,1.1,12.3565,9.1541,1.036,3.9042,3.2208,3.6253,3.6253,890667.1631,742762.2461,423501.4565,13742994.3266,11460821.4573,,,1.164
601211,国泰君安,证券,上海,20150626,601211.SH,20220316,15.02,15.61,14.8,15.5,14.84,0.66,4.4474,551503.96,839827.857,0.7425,1.3022,1.43,12.4125,9.1956,1.0407,3.9219,3.2354,3.6089,3.6089,890667.1631,742762.2461,423501.4565,13805341.0281,11512814.8146,,,1.164
601211,国泰君安,证券,上海,20150626,601211.SH,20220315,15.36,15.52,14.83,14.84,15.39,-0.55,-3.5737,452028.38,686021.286,0.6086,1.0674,1.28,11.884,8.804,0.9964,3.7549,3.0977,3.7695,3.7695,890667.1631,742762.2461,423501.4565,13217500.7004,11022591.7321,,,1.164
601211,国泰君安,证券,上海,20150626,601211.SH,20220314,15.42,15.71,15.37,15.39,15.69,-0.3,-1.912,273355.23,424271.22,0.368,0.6455,0.76,12.3244,9.1303,1.0333,3.8941,3.2125,3.6347,3.6347,890667.1631,742762.2461,423501.4565,13707367.6401,11431110.9675,,,1.164
601211,国泰君安,证券,上海,20150626,601211.SH,20220311,15.25,15.8,15.0,15.69,15.48,0.21,1.3566,433344.56,667346.108,0.5834,1.0232,1.36,12.5647,9.3083,1.0534,3.97,3.2751,3.5652,3.5652,890667.1631,742762.2461,423501.4565,13974567.789,11653939.6413,,,1.164
601211,国泰君安,证券,上海,20150626,601211.SH,20220310,15.79,15.82,15.46,15.48,15.49,-0.01,-0.0646,338193.43,529034.978,0.4553,0.7986,1.12,12.3965,9.1837,1.0393,3.9169,3.2312,3.6136,3.6136,890667.1631,742762.2461,423501.4565,13787527.6848,11497959.5696,,,1.164
601211,国泰君安,证券,上海,20150626,601211.SH,20220309,15.94,16.02,15.12,15.49,15.9,-0.41,-2.5786,427999.16,668377.739,0.5762,1.0106,1.66,12.4045,9.1897,1.04,3.9194,3.2333,3.6113,3.6113,890667.1631,742762.2461,423501.4565,13796434.3564,11505387.1921,,,1.164
601211,国泰君安,证券,上海,20150626,601211.SH,20220308,16.35,16.38,15.89,15.9,16.26,-0.36,-2.214,299128.37,483250.74,0.4027,0.7063,1.16,12.7329,9.4329,1.0675,4.0232,3.3189,3.5182,3.5182,890667.1631,742762.2461,423501.4565,14161607.8933,11809919.713,,,1.164
601211,国泰君安,证券,上海,20150626,601211.SH,20220307,16.58,16.6,16.24,16.26,16.64,-0.38,-2.2837,294052.64,482362.562,0.3959,0.6943,1.19,13.0211,9.6465,1.0917,4.1142,3.3941,3.4403,3.4403,890667.1631,742762.2461,423501.4565,14482248.072,12077314.1216,,,1.164
601211,国泰君安,证券,上海,20150626,601211.SH,20220304,16.69,16.71,16.55,16.64,16.79,-0.15,-0.8934,234743.83,390247.203,0.316,0.5543,0.9,13.3255,9.8719,1.1172,4.2104,3.4734,3.3617,3.3617,890667.1631,742762.2461,423501.4565,14820701.594,12359563.7751,,,1.164
601211,国泰君安,证券,上海,20150626,601211.SH,20220303,16.78,16.88,16.72,16.79,16.7,0.09,0.5389,251417.19,422354.0,0.3385,0.5937,0.78,13.4456,9.9609,1.1273,4.2483,3.5047,3.3317,3.3317,890667.1631,742762.2461,423501.4565,14954301.6684,12470978.112,,,1.164
601211,国泰君安,证券,上海,20150626,601211.SH,20220302,16.64,16.77,16.61,16.7,16.75,-0.05,-0.2985,213249.49,355835.132,0.2871,0.5035,0.64,13.3735,9.9075,1.1213,4.2256,3.4859,3.3496,3.3496,890667.1631,742762.2461,423501.4565,14874141.6238,12404129.5099,,,1.164
601211,国泰君安,证券,上海,20150626,601211.SH,20220301,16.74,16.83,16.62,16.75,16.69,0.06,0.3595,293248.52,490031.854,0.3948,0.6924,0.85,13.4135,9.9372,1.1246,4.2382,3.4963,3.3396,3.3396,890667.1631,742762.2461,423501.4565,14918674.9819,12441267.6222,,,1.164
601211,国泰君安,证券,上海,20150626,601211.SH,20220228,16.7,16.76,16.57,16.69,16.7,-0.01,-0.0599,240520.3,400519.318,0.3238,0.5679,0.7,13.3655,9.9016,1.1206,4.223,3.4838,3.3516,3.3516,890667.1631,742762.2461,423501.4565,14865234.9521,12396701.8874,,,1.164
601211,国泰君安,证券,上海,20150626,601211.SH,20220225,16.8,16.91,16.63,16.7,16.7,0.0,0.0,304695.39,510560.163,0.4102,0.7195,0.9,13.3735,9.9075,1.1213,4.2256,3.4859,3.3496,3.3496,890667.1631,742762.2461,423501.4565,14874141.6238,12404129.5099,,,1.164
601211,国泰君安,证券,上海,20150626,601211.SH,20220224,17.15,17.2,16.6,16.7,17.3,-0.6,-3.4682,553523.66,935209.351,0.7452,1.307,1.86,13.3735,9.9075,1.1213,4.2256,3.4859,3.3496,3.3496,890667.1631,742762.2461,423501.4565,14874141.6238,12404129.5099,,,1.164
601211,国泰君安,证券,上海,20150626,601211.SH,20220223,17.2,17.32,17.16,17.3,17.2,0.1,0.5814,266574.33,459671.877,0.3589,0.6295,0.88,13.854,10.2635,1.1615,4.3774,3.6112,3.2335,3.2335,890667.1631,742762.2461,423501.4565,15408541.9216,12849786.8575,,,1.164
601211,国泰君安,证券,上海,20150626,601211.SH,20220222,17.41,17.45,17.12,17.2,17.59,-0.39,-2.2172,366699.16,632977.292,0.4937,0.8659,1.26,13.7739,10.2041,1.1548,4.3521,3.5903,3.2523,3.2523,890667.1631,742762.2461,423501.4565,15319475.2053,12775510.6329,,,1.164
601211,国泰君安,证券,上海,20150626,601211.SH,20220221,17.59,17.65,17.44,17.59,17.59,0.0,0.0,229414.0,401941.595,0.3089,0.5417,0.59,14.0862,10.4355,1.181,4.4508,3.6717,3.1801,3.1801,890667.1631,742762.2461,423501.4565,15666835.3989,13065187.9089,,,1.164
601211,国泰君安,证券,上海,20150626,601211.SH,20220218,17.3,17.6,17.26,17.59,17.41,0.18,1.0339,276769.96,483590.729,0.3726,0.6535,0.61,14.0862,10.4355,1.181,4.4508,3.6717,3.1801,3.1801,890667.1631,742762.2461,423501.4565,15666835.3989,13065187.9089,,,1.164
601211,国泰君安,证券,上海,20150626,601211.SH,20220217,17.59,17.69,17.35,17.41,17.63,-0.22,-1.2479,344768.41,603111.435,0.4642,0.8141,0.75,13.9421,10.3287,1.1689,4.4052,3.6341,3.213,3.213,890667.1631,742762.2461,423501.4565,15506515.3096,12931490.7046,,,1.164
601211,国泰君安,证券,上海,20150626,601211.SH,20220216,17.73,17.82,17.57,17.63,17.65,-0.02,-0.1133,289538.53,512064.577,0.3898,0.6837,0.62,14.1183,10.4592,1.1837,4.4609,3.68,3.1729,3.1729,890667.1631,742762.2461,423501.4565,15702462.0855,13094898.3987,,,1.164
601211,国泰君安,证券,上海,20150626,601211.SH,20220215,17.68,17.74,17.51,17.65,17.66,-0.01,-0.0566,311985.13,550700.018,0.42,0.7367,0.6,14.1343,10.4711,1.185,4.466,3.6842,3.1693,3.1693,890667.1631,742762.2461,423501.4565,15720275.4287,13109753.6437,,,1.164
601211,国泰君安,证券,上海,20150626,601211.SH,20220214,18.2,18.23,17.55,17.66,18.35,-0.69,-3.7602,721865.31,1284369.302,0.9719,1.7045,1.55,14.1423,10.477,1.1857,4.4685,3.6863,3.1675,3.1675,890667.1631,742762.2461,423501.4565,15729182.1003,13117181.2661,,,1.164
601211,国泰君安,证券,上海,20150626,601211.SH,20220211,18.29,18.7,18.25,18.35,18.37,-0.02,-0.1089,607526.4,1120795.642,0.8179,1.4345,1.33,14.6948,10.8864,1.232,4.6431,3.8303,3.0484,3.0484,890667.1631,742762.2461,423501.4565,16343742.4429,13629687.2159,,,1.164
601211,国泰君安,证券,上海,20150626,601211.SH,20220210,18.29,18.46,18.19,18.37,18.31,0.06,0.3277,353217.88,646967.046,0.4755,0.834,0.7,14.7109,10.8983,1.2334,4.6481,3.8345,3.0451,3.0451,890667.1631,742762.2461,423501.4565,16361555.7861,13644542.4609,,,1.164
601211,国泰君安,证券,上海,20150626,601211.SH,20220209,18.37,18.44,18.2,18.31,18.41,-0.1,-0.5432,359304.86,658211.694,0.4837,0.8484,0.63,14.6628,10.8627,1.2294,4.633,3.822,3.0551,3.0551,890667.1631,742762.2461,423501.4565,16308115.7564,13599976.7261,,,1.164
601211,国泰君安,证券,上海,20150626,601211.SH,20220208,17.91,18.46,17.88,18.41,17.98,0.43,2.3915,548825.37,1001854.394,0.7389,1.2959,1.0,14.7429,10.922,1.2361,4.6583,3.8428,3.0385,3.0385,890667.1631,742762.2461,423501.4565,16397182.4727,13674252.9507,,,1.164
601211,国泰君安,证券,上海,20150626,601211.SH,20220207,17.88,18.13,17.76,17.98,17.63,0.35,1.9853,456099.1,818726.003,0.6141,1.077,0.83,14.3985,10.6669,1.2072,4.5495,3.7531,3.1112,3.1112,890667.1631,742762.2461,423501.4565,16014195.5925,13354865.1849,,,1.164
601211,国泰君安,证券,上海,20150626,601211.SH,20220128,18.18,18.38,17.55,17.63,18.1,-0.47,-2.5967,573386.44,1034053.832,0.772,1.3539,1.09,14.1183,10.4592,1.1837,4.4609,3.68,3.1729,3.1729,890667.1631,742762.2461,423501.4565,15702462.0855,13094898.3987,,,1.164
601211,国泰君安,证券,上海,20150626,601211.SH,20220127,18.39,18.44,17.99,18.1,18.62,-0.52,-2.7927,586011.57,1065800.782,0.789,1.3837,0.92,14.4946,10.7381,1.2153,4.5798,3.7781,3.0905,3.0905,890667.1631,742762.2461,423501.4565,16121075.6521,13443996.6544,,,1.164
601211,国泰君安,证券,上海,20150626,601211.SH,20220126,18.0,18.75,18.0,18.62,17.95,0.67,3.7326,673710.33,1240041.232,0.907,1.5908,1.08,14.914,11.0488,1.2503,4.7123,3.8875,3.0035,3.0035,890844.9631,742762.2461,423501.4565,16587533.2129,13830233.0224,,,1.164
601211,国泰君安,证券,上海,20150626,601211.SH,20220125,18.28,18.35,17.92,17.95,18.37,-0.42,-2.2863,467755.52,848465.089,0.6298,1.1045,0.79,14.3774,10.6512,1.2053,4.5428,3.7476,3.1156,3.1156,890844.9631,742762.2461,423501.4565,15990667.0876,13332582.3175,,,1.164
601211,国泰君安,证券,上海,20150626,601211.SH,20220124,18.28,18.49,18.14,18.37,18.37,0.0,0.0,439919.95,806945.303,0.5923,1.0388,0.79,14.7138,10.9004,1.2022,4.6491,3.8353,3.0444,3.0444,890844.9523,742762.2353,423501.4457,16364821.7738,13644542.2625,,,1.164
601211,国泰君安,证券,上海,20150626,601211.SH,20220121,18.4,18.58,18.28,18.37,18.54,-0.17,-0.9169,469097.85,863124.185,0.6316,1.1077,0.84,14.7138,11.8541,1.2335,4.6491,3.9557,3.0444,3.0444,890844.9523,742762.2353,423501.4457,16364821.7738,13644542.2625,,,1.164
601211,国泰君安,证券,上海,20150626,601211.SH,20220120,17.85,18.85,17.85,18.54,17.85,0.69,3.8655,1143858.16,2109131.746,1.54,2.701,2.91,14.85,11.9638,1.2449,4.6921,3.9923,3.0165,3.0165,890844.9523,742762.2353,423501.4457,16516265.4156,13770811.8425,,,1.164
601211,国泰君安,证券,上海,20150626,601211.SH,20220119,17.44,18.13,17.44,17.85,17.48,0.37,2.1167,585315.41,1046558.142,0.788,1.3821,1.74,14.2973,11.5185,1.1986,4.5175,3.8437,3.1331,3.1331,890844.9523,742762.2353,423501.4457,15901582.3986,13258305.9001,,,1.164
601211,国泰君安,证券,上海,20150626,601211.SH,20220118,17.3,17.53,17.22,17.48,17.29,0.19,1.0989,306882.85,533847.218,0.4132,0.7246,0.87,14.0009,11.2797,1.1738,4.4238,3.7641,3.1994,3.1994,890844.9523,742762.2353,423501.4457,15571969.7662,12983483.873,,,1.164
601211,国泰君安,证券,上海,20150626,601211.SH,20220117,17.22,17.38,17.15,17.29,17.24,0.05,0.29,273783.13,472383.957,0.3686,0.6465,0.7,13.8487,11.1571,1.161,4.3757,3.7232,3.2346,3.2346,890844.9523,742762.2353,423501.4457,15402709.2253,12842359.0483,,,1.164
601211,国泰君安,证券,上海,20150626,601211.SH,20220114,17.69,17.69,17.17,17.24,17.79,-0.55,-3.0916,488282.27,850256.713,0.6574,1.153,1.29,13.8087,11.1249,1.1576,4.3631,3.7124,3.2439,3.2439,890844.9523,742762.2353,423501.4457,15358166.9777,12805220.9366,,,1.164
601211,国泰君安,证券,上海,20150626,601211.SH,20220113,18.04,18.06,17.78,17.79,17.87,-0.08,-0.4477,313438.61,562170.121,0.422,0.7401,0.77,14.2492,11.4798,1.1946,4.5023,3.8308,3.1436,3.1436,890844.9523,742762.2353,423501.4457,15848131.7014,13213740.166,,,1.164
601211,国泰君安,证券,上海,20150626,601211.SH,20220112,17.84,17.94,17.7,17.87,17.84,0.03,0.1682,300228.94,534784.222,0.4042,0.7089,0.72,14.3133,11.5314,1.1999,4.5225,3.848,3.1296,3.1296,890844.9523,742762.2353,423501.4457,15919399.2976,13273161.1448,,,1.164
601211,国泰君安,证券,上海,20150626,601211.SH,20220111,17.8,18.1,17.73,17.84,17.84,0.0,0.0,381725.11,683337.44,0.5139,0.9014,0.94,14.2893,11.5121,1.1979,4.5149,3.8416,3.1348,3.1348,890844.9523,742762.2353,423501.4457,15892673.949,13250878.2778,,,1.164
601211,国泰君安,证券,上海,20150626,601211.SH,20220110,17.54,18.02,17.54,17.84,17.59,0.25,1.4213,467837.03,835802.964,0.6299,1.1047,1.26,14.2893,11.5121,1.1979,4.5149,3.8416,3.1348,3.1348,890844.9523,742762.2353,423501.4457,15892673.949,13250878.2778,,,1.164
601211,国泰君安,证券,上海,20150626,601211.SH,20220107,17.46,17.75,17.41,17.59,17.38,0.21,1.2083,431050.67,758238.834,0.5803,1.0178,1.19,14.089,11.3507,1.1811,4.4517,3.7878,3.1794,3.1794,890844.9523,742762.2353,423501.4457,15669962.711,13065187.7189,,,1.164
601211,国泰君安,证券,上海,20150626,601211.SH,20220106,17.64,17.68,17.36,17.38,17.68,-0.3,-1.6968,448331.05,782504.216,0.6036,1.0586,1.31,13.9208,11.2152,1.167,4.3985,3.7425,3.2178,3.2178,890844.9523,742762.2353,423501.4457,15482885.271,12909207.6495,,,1.164
601211,国泰君安,证券,上海,20150626,601211.SH,20220105,17.82,17.94,17.66,17.68,17.86,-0.18,-1.0078,355380.15,632366.047,0.4785,0.8391,1.09,14.1611,11.4088,1.1872,4.4744,3.8071,3.1632,3.1632,890844.9523,742762.2353,423501.4457,15750138.7567,13132036.3201,,,1.164
601211,国泰君安,证券,上海,20150626,601211.SH,20220104,17.84,17.91,17.66,17.86,17.89,-0.03,-0.1677,319994.83,569518.811,0.4308,0.7556,1.04,14.3053,11.525,1.1993,4.52,3.8459,3.1313,3.1313,890844.9523,742762.2353,423501.4457,15910490.8481,13265733.5225,,,1.164
601211,国泰君安,证券,上海,20150626,601211.SH,20211231,17.84,17.94,17.8,17.89,17.86,0.03,0.168,295412.97,528057.73,0.3977,0.6975,1.0,14.3293,11.5443,1.2013,4.5276,3.8524,2.154,3.1261,890844.9523,742762.2353,423501.4457,15937216.1966,13288016.3895,,,1.164
601211,国泰君安,证券,上海,20150626,601211.SH,20211230,17.64,17.96,17.59,17.86,17.63,0.23,1.3046,390382.35,696666.121,0.5256,0.9218,1.46,14.3053,11.525,1.1993,4.52,3.8459,2.1577,3.1313,890844.9523,742762.2353,423501.4457,15910490.8481,13265733.5225,,,1.164
601211,国泰君安,证券,上海,20150626,601211.SH,20211229,17.63,17.87,17.62,17.63,17.68,-0.05,-0.2828,352997.33,626233.921,0.4752,0.8335,1.44,14.1211,11.3765,1.1838,4.4618,3.7964,2.1858,3.1722,890844.9523,742762.2353,423501.4457,15705596.509,13094898.2083,,,1.164
601211,国泰君安,证券,上海,20150626,601211.SH,20211228,17.67,17.73,17.5,17.68,17.62,0.06,0.3405,274614.3,484244.521,0.3697,0.6484,0.94,14.1611,11.4088,1.1872,4.4744,3.8071,2.1796,3.1632,890844.9523,742762.2353,423501.4457,15750138.7567,13132036.3201,,,1.164
601211,国泰君安,证券,上海,20150626,601211.SH,20211227,17.5,17.7,17.46,17.62,17.48,0.14,0.8009,226510.64,398761.145,0.305,0.5349,0.75,14.1131,11.3701,1.1832,4.4593,3.7942,2.187,3.174,890844.9523,742762.2353,423501.4457,15696688.0595,13087470.586,,,1.164
601211,国泰君安,证券,上海,20150626,601211.SH,20211224,17.46,17.61,17.44,17.48,17.5,-0.02,-0.1143,238414.39,417638.295,0.321,0.563,0.76,14.0009,11.2797,1.1738,4.4238,3.7641,2.2046,3.1994,890844.9523,742762.2353,423501.4457,15571969.7662,12983483.873,19.23,15.73,1.164
601211,国泰君安,证券,上海,20150626,601211.SH,20211223,17.58,17.58,17.35,17.5,17.41,0.09,0.5169,247651.45,432331.741,0.3334,0.5848,0.79,14.0169,11.2927,1.1751,4.4289,3.7684,2.202,3.1957,890844.9523,742762.2353,423501.4457,15589786.6653,12998339.1178,,,1.164
601211,国泰君安,证券,上海,20150626,601211.SH,20211222,17.57,17.64,17.41,17.41,17.6,-0.19,-1.0795,239138.63,418506.976,0.322,0.5647,0.76,13.9449,11.2346,1.1691,4.4061,3.749,2.2134,3.2123,890844.9523,742762.2353,423501.4457,15509610.6195,12931490.5166,,,1.164
601211,国泰君安,证券,上海,20150626,601211.SH,20211221,17.15,17.66,17.14,17.6,17.16,0.44,2.5641,510001.99,889657.7,0.6866,1.2043,1.85,14.097,11.3572,1.1818,4.4542,3.7899,2.1895,3.1776,890844.9523,742762.2353,423501.4457,15678871.1605,13072615.3413,,,1.164
601211,国泰君安,证券,上海,20150626,601211.SH,20211220,17.34,17.46,17.13,17.16,17.39,-0.23,-1.3226,277922.92,480535.764,0.3742,0.6563,0.86,13.7446,11.0733,1.1523,4.3428,3.6952,2.2457,3.2591,890844.9523,742762.2353,423501.4457,15286899.3815,12745799.9577,,,1.164
601211,国泰君安,证券,上海,20150626,601211.SH,20211217,17.46,17.6,17.36,17.39,17.44,-0.05,-0.2867,287572.69,502182.391,0.3872,0.679,0.83,13.9288,11.2217,1.1677,4.401,3.7447,2.216,3.216,890844.9523,742762.2353,423501.4457,15491793.7205,12916635.2719,,,1.164
601211,国泰君安,证券,上海,20150626,601211.SH,20211216,17.41,17.48,17.31,17.44,17.33,0.11,0.6347,247162.66,430004.515,0.3328,0.5836,0.59,13.9689,11.2539,1.1711,4.4137,3.7555,2.2096,3.2067,890844.9523,742762.2353,423501.4457,15536335.9681,12953773.3836,,,1.164
601211,国泰君安,证券,上海,20150626,601211.SH,20211215,17.33,17.48,17.29,17.33,17.33,0.0,0.0,243323.67,422481.194,0.3276,0.5746,0.54,13.8808,11.183,1.1637,4.3859,3.7318,2.2236,3.2271,890844.9523,742762.2353,423501.4457,15438343.0234,12872069.5377,,,1.164
601211,国泰君安,证券,上海,20150626,601211.SH,20211214,17.4,17.43,17.28,17.33,17.46,-0.13,-0.7446,323363.46,560959.586,0.4354,0.7635,0.69,13.8808,11.183,1.1637,4.3859,3.7318,2.2236,3.2271,890844.9523,742762.2353,423501.4457,15438343.0234,12872069.5377,,,1.164
601211,国泰君安,证券,上海,20150626,601211.SH,20211213,17.71,17.88,17.45,17.46,17.46,0.0,0.0,520980.62,920394.169,0.7014,1.2302,0.99,13.9849,11.2668,1.1724,4.4188,3.7598,2.2071,3.2031,890844.9523,742762.2353,423501.4457,15554152.8672,12968628.6283,,,1.164
601211,国泰君安,证券,上海,20150626,601211.SH,20211210,17.49,17.59,17.38,17.46,17.62,-0.16,-0.9081,403251.81,704574.627,0.5429,0.9522,0.8,13.9849,11.2668,1.1724,4.4188,3.7598,2.2071,3.2031,890844.9523,742762.2353,423501.4457,15554152.8672,12968628.6283,,,1.164
601211,国泰君安,证券,上海,20150626,601211.SH,20211209,17.37,17.87,17.35,17.62,17.44,0.18,1.0321,614323.2,1082652.454,0.8271,1.4506,1.39,14.1131,11.3701,1.1832,4.4593,3.7942,2.187,3.174,890844.9523,742762.2353,423501.4457,15696688.0595,13087470.586,,,1.164
601211,国泰君安,证券,上海,20150626,601211.SH,20211208,17.37,17.45,17.18,17.44,17.27,0.17,0.9844,402128.82,697240.149,0.5414,0.9495,0.96,13.9689,11.2539,1.1711,4.4137,3.7555,2.2096,3.2067,890844.9523,742762.2353,423501.4457,15536335.9681,12953773.3836,,,1.164
601211,国泰君安,证券,上海,20150626,601211.SH,20211207,17.4,17.43,17.15,17.27,17.25,0.02,0.1159,401564.27,694418.208,0.5406,0.9482,1.05,13.8327,11.1442,1.1597,4.3707,3.7188,2.2314,3.2383,890844.9523,742762.2353,423501.4457,15384892.3262,12827503.8036,,,1.164
601211,国泰君安,证券,上海,20150626,601211.SH,20211206,17.13,17.67,17.06,17.25,17.04,0.21,1.2324,801344.47,1395956.986,1.0789,1.8922,2.89,13.8167,11.1313,1.1583,4.3656,3.7145,2.2339,3.2421,890844.9523,742762.2353,423501.4457,15367075.4272,12812648.5589,,,1.164
601211,国泰君安,证券,上海,20150626,601211.SH,20211203,16.98,17.11,16.85,17.04,16.99,0.05,0.2943,289891.34,492262.782,0.3903,0.6845,1.1,13.6485,10.9958,1.1442,4.3125,3.6693,2.2615,3.282,890844.9523,742762.2353,423501.4457,15179997.9872,12656668.4895,,,1.164
601211,国泰君安,证券,上海,20150626,601211.SH,20211202,16.8,17.03,16.78,16.99,16.9,0.09,0.5325,321963.45,545497.395,0.4335,0.7602,1.0,13.6085,10.9636,1.1409,4.2998,3.6585,2.2681,3.2917,890844.9523,742762.2353,423501.4457,15135455.7396,12619530.3777,,,1.164
601211,国泰君安,证券,上海,20150626,601211.SH,20211201,16.8,16.94,16.75,16.9,16.73,0.17,1.0161,272957.22,460347.537,0.3675,0.6445,0.89,13.5364,10.9055,1.1348,4.277,3.6392,2.2802,3.3092,890844.9523,742762.2353,423501.4457,15055279.6939,12552681.7766,,,1.164
601211,国泰君安,证券,上海,20150626,601211.SH,20211130,16.73,16.83,16.72,16.73,16.68,0.05,0.2998,231823.72,388750.393,0.3121,0.5474,0.69,13.4002,10.7958,1.1234,4.234,3.6026,2.3034,3.3428,890844.9523,742762.2353,423501.4457,14903836.052,12426412.1966,,,1.164
601211,国泰君安,证券,上海,20150626,601211.SH,20211129,16.69,16.87,16.61,16.68,16.85,-0.17,-1.0089,270029.62,451229.027,0.3635,0.6376,0.81,13.3602,10.7635,1.12,4.2214,3.5918,2.3103,3.3528,890844.9523,742762.2353,423501.4457,14859293.8044,12389274.0848,,,1.164
601211,国泰君安,证券,上海,20150626,601211.SH,20211126,16.85,16.92,16.8,16.85,16.9,-0.05,-0.2959,226749.59,382240.648,0.3053,0.5354,0.63,13.4963,10.8732,1.1314,4.2644,3.6284,2.287,3.319,890844.9523,742762.2353,423501.4457,15010737.4463,12515543.6648,,,1.164
601211,国泰君安,证券,上海,20150626,601211.SH,20211125,17.11,17.11,16.81,16.9,17.35,-0.45,-2.5937,604157.94,1021822.42,0.8134,1.4266,2.09,13.5364,10.9055,1.1348,4.277,3.6392,2.2802,3.3092,890844.9523,742762.2353,423501.4457,15055279.6939,12552681.7766,19.13,15.65,1.164
601211,国泰君安,证券,上海,20150626,601211.SH,20211124,17.3,17.39,17.23,17.35,17.34,0.01,0.0577,196590.84,340350.805,0.2647,0.4642,0.67,13.8968,11.1959,1.165,4.3909,3.7361,2.2211,3.2234,890844.9523,742762.2353,423501.4457,15456159.9224,12886924.7825,,,1.164
601211,国泰君安,证券,上海,20150626,601211.SH,20211123,17.28,17.55,17.25,17.34,17.3,0.04,0.2312,378233.59,657972.991,0.5092,0.8931,1.39,13.8888,11.1894,1.1644,4.3884,3.7339,2.2224,3.2252,890844.9523,742762.2353,423501.4457,15447251.4729,12879497.1601,19.06,15.6,1.164
601211,国泰君安,证券,上海,20150626,601211.SH,20211122,17.22,17.33,17.12,17.3,17.29,0.01,0.0578,269491.16,464768.732,0.3628,0.6363,1.01,13.8568,11.1636,1.1617,4.3783,3.7253,2.2275,3.2327,890844.9523,742762.2353,423501.4457,15411617.6748,12849786.6707,19.06,15.6,1.164
601211,国泰君安,证券,上海,20150626,601211.SH,20211119,16.95,17.31,16.88,17.29,16.91,0.38,2.2472,361964.38,619814.037,0.4873,0.8547,1.52,13.8487,11.1571,1.161,4.3757,3.7232,2.2288,3.2346,890844.9523,742762.2353,423501.4457,15402709.2253,12842359.0483,,,1.164
601211,国泰君安,证券,上海,20150626,601211.SH,20211118,17.11,17.18,16.9,16.91,17.16,-0.25,-1.4569,238852.68,406597.33,0.3216,0.564,0.88,13.5444,10.9119,1.1355,4.2796,3.6413,2.2789,3.3072,890844.9523,742762.2353,423501.4457,15064188.1434,12560109.3989,,,1.164
601211,国泰君安,证券,上海,20150626,601211.SH,20211117,17.15,17.25,17.09,17.16,17.17,-0.01,-0.0582,218448.59,374856.869,0.2941,0.5158,0.79,13.7446,11.0733,1.1523,4.3428,3.6952,2.2457,3.2591,890844.9523,742762.2353,423501.4457,15286899.3815,12745799.9577,,,1.164
601211,国泰君安,证券,上海,20150626,601211.SH,20211116,17.35,17.43,17.11,17.17,17.35,-0.18,-1.0375,272250.34,469674.775,0.3665,0.6429,1.0,13.7526,11.0797,1.1529,4.3454,3.6973,2.2444,3.2572,890844.9523,742762.2353,423501.4457,15295807.831,12753227.5801,,,1.164
601211,国泰君安,证券,上海,20150626,601211.SH,20211115,17.38,17.49,17.21,17.35,17.37,-0.02,-0.1151,242202.35,420024.574,0.3261,0.5719,0.89,13.8968,11.1959,1.165,4.3909,3.7361,2.2211,3.2234,890844.9523,742762.2353,423501.4457,15456159.9224,12886924.7825,,,1.164
601211,国泰君安,证券,上海,20150626,601211.SH,20211112,17.35,17.39,17.24,17.37,17.37,0.0,0.0,216674.59,375229.694,0.2917,0.5116,0.8,13.9128,11.2088,1.1664,4.396,3.7404,2.2185,3.2197,890844.9523,742762.2353,423501.4457,15473976.8215,12901780.0272,,,1.164
601211,国泰君安,证券,上海,20150626,601211.SH,20211111,16.95,17.45,16.95,17.37,17.05,0.32,1.8768,410814.41,709931.722,0.5531,0.97,1.69,13.9128,11.2088,1.1664,4.396,3.7404,2.2185,3.2197,890844.9523,742762.2353,423501.4457,15473976.8215,12901780.0272,18.74,15.34,1.164
601211,国泰君安,证券,上海,20150626,601211.SH,20211110,17.07,17.14,16.88,17.05,17.1,-0.05,-0.2924,240673.44,408933.707,0.324,0.5683,1.01,13.6565,11.0023,1.1449,4.315,3.6715,2.2602,3.2801,890844.9523,742762.2353,423501.4457,15188906.4367,12664096.1119,,,1.164
601211,国泰君安,证券,上海,20150626,601211.SH,20211109,17.08,17.19,16.97,17.1,17.09,0.01,0.0585,245424.99,418995.01,0.3304,0.5795,0.85,13.6966,11.0345,1.1482,4.3276,3.6822,2.2535,3.2705,890844.9523,742762.2353,423501.4457,15233448.6843,12701234.2236,,,1.164
601211,国泰君安,证券,上海,20150626,601211.SH,20211108,16.91,17.25,16.87,17.09,16.92,0.17,1.0047,240937.54,410648.82,0.3244,0.5689,0.78,13.6885,11.0281,1.1476,4.3251,3.6801,2.2549,3.2724,890844.9523,742762.2353,423501.4457,15224540.2348,12693806.6013,,,1.164
601211,国泰君安,证券,上海,20150626,601211.SH,20211105,16.96,17.12,16.88,16.92,16.99,-0.07,-0.412,224130.62,380675.23,0.3018,0.5292,0.65,13.5524,10.9184,1.1361,4.2821,3.6435,2.2775,3.3053,890844.9523,742762.2353,423501.4457,15073096.5929,12567537.0213,,,1.164
601211,国泰君安,证券,上海,20150626,601211.SH,20211104,17.17,17.21,16.95,16.99,17.07,-0.08,-0.4687,261903.26,446100.046,0.3526,0.6184,0.72,13.6085,10.9636,1.1409,4.2998,3.6585,2.2681,3.2917,890844.9523,742762.2353,423501.4457,15135455.7396,12619530.3777,,,1.164
601211,国泰君安,证券,上海,20150626,601211.SH,20211103,17.16,17.22,17.02,17.07,17.09,-0.02,-0.117,224292.34,383659.076,0.302,0.5296,0.58,13.6725,11.0152,1.1462,4.3201,3.6758,2.2575,3.2762,890844.9523,742762.2353,423501.4457,15206723.3358,12678951.3566,,,1.164
601211,国泰君安,证券,上海,20150626,601211.SH,20211102,17.5,17.62,16.91,17.09,17.52,-0.43,-2.4543,499929.01,859466.459,0.6731,1.1805,1.45,13.6885,11.0281,1.1476,4.3251,3.6801,2.2549,3.2724,890844.9523,742762.2353,423501.4457,15224540.2348,12693806.6013,,,1.164
601211,国泰君安,证券,上海,20150626,601211.SH,20211101,17.43,17.68,17.39,17.52,17.52,0.0,0.0,330453.81,578736.82,0.4449,0.7803,0.94,14.033,11.3056,1.1764,4.4339,3.7727,2.1995,3.1921,890844.9523,742762.2353,423501.4457,15607603.5643,13013194.3625,,,1.164
601211,国泰君安,证券,上海,20150626,601211.SH,20211029,17.46,17.6,16.99,17.52,17.47,0.05,0.2862,417824.06,723679.788,0.5625,0.9866,1.32,14.033,11.4077,1.2112,4.4339,3.7785,2.1995,3.1921,890844.9523,742762.2353,423501.4457,15607603.5643,13013194.3625,,,1.164
601211,国泰君安,证券,上海,20150626,601211.SH,20211028,17.69,17.8,17.38,17.47,17.71,-0.24,-1.3552,357501.5,627512.596,0.4813,0.8442,1.16,13.9929,11.3752,1.2078,4.4213,3.7677,2.2058,3.2012,890844.9523,742762.2353,423501.4457,15563061.3167,12976056.2507,,,1.164
601211,国泰君安,证券,上海,20150626,601211.SH,20211027,17.96,17.96,17.6,17.71,18.02,-0.31,-1.7203,341276.67,605995.418,0.4595,0.8058,1.2,14.1851,11.5315,1.2244,4.482,3.8195,2.1759,3.1578,890844.9523,742762.2353,423501.4457,15776864.1052,13154319.1872,,,1.164
601211,国泰君安,证券,上海,20150626,601211.SH,20211026,18.26,18.38,18.01,18.02,18.36,-0.34,-1.8519,272131.46,494924.14,0.3664,0.6426,0.87,14.4334,11.7333,1.2458,4.5605,3.8863,2.1385,3.1035,890844.9523,742762.2353,423501.4457,16053026.0404,13384575.4801,,,1.164
601211,国泰君安,证券,上海,20150626,601211.SH,20211025,18.09,18.44,17.95,18.36,18.03,0.33,1.8303,375880.59,683710.528,0.5061,0.8876,1.26,14.7058,11.9547,1.2693,4.6465,3.9596,2.0989,3.0461,890844.9523,742762.2353,423501.4457,16355913.3242,13637114.6401,18.89,15.45,1.164
601211,国泰君安,证券,上海,20150626,601211.SH,20211022,18.08,18.13,17.89,18.03,18.01,0.02,0.111,235932.17,425127.656,0.3176,0.5571,0.79,14.4415,11.7398,1.2465,4.563,3.8885,2.1373,3.1018,890844.9523,742762.2353,423501.4457,16061934.49,13392003.1025,,,1.164
601211,国泰君安,证券,上海,20150626,601211.SH,20211021,18.03,18.22,17.86,18.01,18.01,0.0,0.0,312788.61,563549.234,0.4211,0.7386,1.11,14.4254,11.7268,1.2451,4.558,3.8842,2.1397,3.1052,890844.9523,742762.2353,423501.4457,16044117.5909,13377147.8578,,,1.164
601211,国泰君安,证券,上海,20150626,601211.SH,20211020,18.1,18.16,17.88,18.01,18.01,0.0,0.0,228922.15,411948.879,0.3082,0.5405,0.78,14.4254,11.7268,1.2451,4.558,3.8842,2.1397,3.1052,890844.9523,742762.2353,423501.4457,16044117.5909,13377147.8578,,,1.164
601211,国泰君安,证券,上海,20150626,601211.SH,20211019,17.59,18.16,17.57,18.01,17.7,0.31,1.7514,413294.45,742668.799,0.5564,0.9759,1.1,14.4254,11.7268,1.2451,4.558,3.8842,2.1397,3.1052,890844.9523,742762.2353,423501.4457,16044117.5909,13377147.8578,,,1.164
601211,国泰君安,证券,上海,20150626,601211.SH,20211018,17.8,17.91,17.45,17.7,17.74,-0.04,-0.2255,296290.22,523021.068,0.3989,0.6996,0.72,14.1771,11.5249,1.2237,4.4795,3.8173,2.1772,3.1596,890844.9523,742762.2353,423501.4457,15767955.6557,13146891.5648,,,1.164
601211,国泰君安,证券,上海,20150626,601211.SH,20211015,17.7,17.83,17.57,17.74,17.7,0.04,0.226,247192.7,438169.78,0.3328,0.5837,0.46,14.2092,11.551,1.2265,4.4896,3.8259,2.1722,3.1525,890844.9523,742762.2353,423501.4457,15803589.4538,13176602.0542,,,1.164
601211,国泰君安,证券,上海,20150626,601211.SH,20211014,17.64,17.77,17.44,17.7,17.63,0.07,0.3971,217939.53,384169.548,0.2934,0.5146,0.38,14.1771,11.5249,1.2237,4.4795,3.8173,2.1772,3.1596,890844.9523,742762.2353,423501.4457,15767955.6557,13146891.5648,,,1.164
601211,国泰君安,证券,上海,20150626,601211.SH,20211013,17.61,17.75,17.4,17.63,17.7,-0.07,-0.3955,295164.11,519535.123,0.3974,0.697,0.47,14.1211,11.4794,1.2189,4.4618,3.8022,2.1858,3.1722,890844.9523,742762.2353,423501.4457,15705596.509,13094898.2083,,,1.164
601211,国泰君安,证券,上海,20150626,601211.SH,20211012,18.57,18.6,17.42,17.7,18.66,-0.96,-5.1447,830057.55,1484758.38,1.1175,1.96,1.51,14.1771,11.5249,1.2237,4.4795,3.8173,2.1772,3.1596,890844.9523,742762.2353,423501.4457,15767955.6557,13146891.5648,,,1.164
601211,国泰君安,证券,上海,20150626,601211.SH,20211011,18.66,19.05,18.57,18.66,18.7,-0.04,-0.2139,471992.14,886966.6,0.6355,1.1145,0.83,14.9461,12.15,1.2901,4.7225,4.0243,2.0651,2.9971,890844.9523,742762.2353,423501.4457,16623166.8099,13859943.3107,,,1.164
601211,国泰君安,证券,上海,20150626,601211.SH,20211008,18.0,18.95,17.95,18.7,17.83,0.87,4.8794,870466.03,1617445.287,1.1719,2.0554,1.72,14.9781,12.1761,1.2928,4.7326,4.033,2.0607,2.9907,890844.9523,742762.2353,423501.4457,16658800.608,13889653.8001,,,1.164
601211,国泰君安,证券,上海,20150626,601211.SH,20210930,18.14,18.2,17.75,17.83,18.14,-0.31,-1.7089,397204.95,711708.366,0.5348,0.9379,0.72,14.2813,11.6096,1.2327,4.5124,3.8453,2.1613,3.1366,890844.9523,742762.2353,423501.4457,15883765.4995,13243450.6554,,,1.164
601211,国泰君安,证券,上海,20150626,601211.SH,20210929,18.33,18.35,17.8,18.14,18.53,-0.39,-2.1047,572962.42,1035964.594,0.7704,1.3497,1.03,14.5296,11.8114,1.2541,4.5909,3.9122,2.1243,3.083,890844.9523,743762.2343,424501.4447,16159927.4347,13491846.9302,,,1.164
601211,国泰君安,证券,上海,20150626,601211.SH,20210928,18.28,18.56,18.21,18.53,18.23,0.3,1.6456,436029.93,803118.225,0.5862,1.0272,0.74,14.8419,12.0654,1.2811,4.6896,3.9963,2.0796,3.0181,890844.9523,743762.2343,424501.4447,16507356.9661,13781914.2016,,,1.164
601211,国泰君安,证券,上海,20150626,601211.SH,20210927,18.43,18.72,18.12,18.23,18.53,-0.3,-1.619,568853.36,1046871.749,0.7648,1.3401,0.96,14.6017,11.87,1.2603,4.6136,3.9316,2.1139,3.0678,890844.9523,743762.2343,424501.4447,16240103.4804,13558785.5313,,,1.164
601211,国泰君安,证券,上海,20150626,601211.SH,20210924,18.74,19.07,18.47,18.53,18.8,-0.27,-1.4362,558330.31,1046878.822,0.7507,1.3153,0.96,14.8419,12.0654,1.2811,4.6896,3.9963,2.0796,3.0181,890844.9523,743762.2343,424501.4447,16507356.9661,13781914.2016,,,1.164
601211,国泰君安,证券,上海,20150626,601211.SH,20210923,18.36,18.84,18.36,18.8,18.34,0.46,2.5082,633170.87,1181292.485,0.8513,1.4916,1.04,15.0582,12.2412,1.2997,4.7579,4.0545,2.0498,2.9748,890844.9523,743762.2343,424501.4447,16747885.1032,13982730.0048,,,1.164
601211,国泰君安,证券,上海,20150626,601211.SH,20210922,18.3,18.45,17.98,18.34,18.6,-0.26,-1.3978,594975.49,1083506.054,0.8,1.4016,0.93,14.6898,11.9417,1.2679,4.6415,3.9553,2.1012,3.0494,890844.9523,743762.2343,424501.4447,16338096.4252,13640599.3771,,,1.164
601211,国泰君安,证券,上海,20150626,601211.SH,20210917,18.15,18.79,18.15,18.6,18.14,0.46,2.5358,598941.95,1107983.03,0.8053,1.4109,0.76,14.898,12.111,1.2859,4.7073,4.0114,2.0718,3.0067,890844.9523,743762.2343,424501.4447,16569716.1128,13833977.558,,,1.164
601211,国泰君安,证券,上海,20150626,601211.SH,20210916,18.45,18.65,18.11,18.14,18.36,-0.22,-1.1983,580574.94,1065715.61,0.7806,1.3677,0.73,14.5296,11.8114,1.2541,4.5909,3.9122,2.1243,3.083,890844.9523,743762.2343,424501.4447,16159927.4347,13491846.9302,,,1.164
601211,国泰君安,证券,上海,20150626,601211.SH,20210915,18.41,18.55,18.2,18.36,18.39,-0.03,-0.1631,499690.08,918760.399,0.6718,1.1771,0.59,14.7058,11.9547,1.2693,4.6465,3.9596,2.0989,3.0461,890844.9523,743762.2343,424501.4447,16355913.3242,13655474.6217,,,1.164
601211,国泰君安,证券,上海,20150626,601211.SH,20210914,19.0,19.08,18.33,18.39,19.04,-0.65,-3.4139,758865.14,1414137.232,1.0203,1.7877,0.87,14.7298,11.9742,1.2714,4.6541,3.9661,2.0955,3.0411,890844.9523,743762.2343,424501.4447,16382638.6728,13677787.4888,,,1.164
601211,国泰君安,证券,上海,20150626,601211.SH,20210913,18.91,19.25,18.86,19.04,18.95,0.09,0.4749,768533.75,1463691.3,1.0333,1.8104,0.85,15.2504,12.3975,1.3163,4.8186,4.1063,2.0239,2.9373,890844.9523,743762.2343,424501.4447,16961687.8918,14161232.9411,,,1.164
601211,国泰君安,证券,上海,20150626,601211.SH,20210910,18.5,19.5,18.48,18.95,18.47,0.48,2.5988,1342604.93,2564088.366,1.8052,3.1628,1.54,15.1784,12.3389,1.3101,4.7958,4.0869,2.0335,2.9512,890844.9523,743762.2343,424501.4447,16881511.8461,14094294.34,19.39,15.87,1.164
601211,国泰君安,证券,上海,20150626,601211.SH,20210909,18.41,18.51,18.27,18.47,18.61,-0.14,-0.7523,618840.87,1137338.222,0.832,1.4578,0.64,14.7939,12.0263,1.2769,4.6744,3.9834,2.0864,3.0279,890844.9523,743762.2343,424501.4447,16453906.269,13737288.4675,,,1.164
601211,国泰君安,证券,上海,20150626,601211.SH,20210908,18.76,19.07,18.55,18.61,18.76,-0.15,-0.7996,781699.11,1466047.432,1.051,1.8415,0.69,14.906,12.1175,1.2866,4.7098,4.0136,2.0707,3.0051,890844.9523,743762.2343,424501.4447,16578624.5623,13841415.1803,,,1.164
601211,国泰君安,证券,上海,20150626,601211.SH,20210907,18.4,18.87,18.2,18.76,18.48,0.28,1.5152,868939.84,1610100.06,1.1683,2.047,0.75,15.0262,12.2151,1.297,4.7478,4.0459,2.0541,2.9811,890844.9523,743762.2343,424501.4447,16712251.3051,13952979.5155,,,1.164
601211,国泰君安,证券,上海,20150626,601211.SH,20210906,18.06,18.65,18.05,18.48,18.06,0.42,2.3256,896985.01,1653831.208,1.206,2.113,0.8,14.8019,12.0328,1.2776,4.6769,3.9855,2.0853,3.0263,890844.9523,743762.2343,424501.4447,16462814.7185,13744726.0899,,,1.164
601211,国泰君安,证券,上海,20150626,601211.SH,20210903,19.09,19.19,18.04,18.06,18.37,-0.31,-1.6875,1197410.3,2212463.549,1.6099,2.8207,1.2,14.4655,11.7594,1.2486,4.5706,3.8949,2.1338,3.0966,890844.9523,743762.2343,424501.4447,16088659.8385,13432345.9515,,,1.164
601211,国泰君安,证券,上海,20150626,601211.SH,20210902,18.05,18.44,18.0,18.37,18.15,0.22,1.2121,1110439.97,2025873.168,1.493,2.6159,1.17,14.7138,11.9612,1.27,4.6491,3.9618,2.0977,3.0444,890844.9523,743762.2343,424501.4447,16364821.7738,13662912.2441,,,1.164
601211,国泰君安,证券,上海,20150626,601211.SH,20210901,17.69,18.67,17.67,18.15,17.76,0.39,2.1959,1565666.63,2841093.726,2.1051,3.6882,1.58,14.5376,11.818,1.2548,4.5934,3.9143,2.1232,3.0813,890844.8891,743762.1711,424501.3815,16168834.7372,13499283.4055,,,1.164
601211,国泰君安,证券,上海,20150626,601211.SH,20210831,17.46,17.92,17.24,17.76,17.57,0.19,1.0814,1011178.32,1779762.214,1.3595,2.382,0.79,14.2252,11.564,1.2278,4.4947,3.8302,2.1698,3.149,890844.8891,743762.1711,424501.3815,15821405.2304,13209216.1587,,,1.164
601211,国泰君安,证券,上海,20150626,601211.SH,20210830,17.77,17.81,17.26,17.57,17.61,-0.04,-0.2271,692394.39,1213726.844,0.9309,1.6311,0.54,14.073,11.4403,1.2147,4.4466,3.7893,2.1933,3.183,890844.8891,743762.1711,424501.3815,15652144.7015,13067901.3462,,,1.164
601211,国泰君安,证券,上海,20150626,601211.SH,20210827,17.47,17.81,17.46,17.61,17.52,0.09,0.5137,597718.66,1053096.27,0.8036,1.408,0.47,14.1051,11.4663,1.2175,4.4567,3.7979,2.1883,3.1758,890844.8891,743762.1711,424501.3815,15687778.4971,13097651.8331,,,1.164
601211,国泰君安,证券,上海,20150626,601211.SH,20210826,17.78,17.79,17.44,17.52,17.73,-0.21,-1.1844,882455.69,1554026.508,1.1865,2.0788,0.68,14.033,11.4077,1.2112,4.4339,3.7785,2.1995,3.1921,890844.8891,743762.1711,424501.3815,15607602.457,13030713.2377,,,1.164
601211,国泰君安,证券,上海,20150626,601211.SH,20210825,18.41,18.46,17.64,17.73,18.81,-1.08,-5.7416,1771619.23,3185495.615,2.382,4.1734,1.51,14.2012,11.5445,1.2258,4.4871,3.8238,2.1735,3.1543,890844.8891,743762.1711,424501.3815,15794679.8837,13186903.2936,,,1.164
601211,国泰君安,证券,上海,20150626,601211.SH,20210824,17.2,18.88,17.18,18.81,17.16,1.65,9.6154,2496078.37,4601970.158,3.356,5.88,3.11,15.0662,12.2477,1.3365,4.7604,4.0567,2.0487,2.9732,890844.8891,743762.1711,424501.3815,16756792.364,13990166.4384,,,1.164
601211,国泰君安,证券,上海,20150626,601211.SH,20210823,17.14,17.32,16.91,17.16,16.99,0.17,1.0006,633098.46,1084898.262,0.8512,1.4914,0.83,13.7446,11.1733,1.2193,4.3428,3.7008,2.2457,3.2591,890844.8891,743762.1711,424501.3815,15286898.297,12762958.8561,,,1.164
601211,国泰君安,证券,上海,20150626,601211.SH,20210820,17.0,17.14,16.76,16.99,16.98,0.01,0.0589,574368.09,973411.694,0.7722,1.353,0.82,13.6085,11.0626,1.2072,4.2998,3.6642,2.2681,3.2917,890844.8891,743762.1711,424501.3815,15135454.6658,12636519.287,,,1.164
601211,国泰君安,证券,上海,20150626,601211.SH,20210819,17.65,18.05,17.48,17.54,17.74,-0.2,-1.1274,987271.04,1749451.94,1.3274,2.3257,1.78,14.049,11.4208,1.1986,4.439,3.7828,2.197,,890844.8891,743762.1711,424501.3815,15625419.3548,13045588.4811,,,1.164
601211,国泰君安,证券,上海,20150626,601211.SH,20210818,16.86,17.8,16.82,17.74,16.9,0.84,4.9704,1174750.79,2052323.376,1.5795,2.7674,2.98,14.2092,11.551,1.2123,4.4896,3.8259,2.1722,,890844.8891,743762.1711,424501.3815,15803588.3326,13194340.9153,20.32,16.62,1.164
601211,国泰君安,证券,上海,20150626,601211.SH,20210817,17.0,17.38,16.84,16.9,17.0,-0.1,-0.5882,648858.25,1111221.289,0.8724,1.5285,1.92,13.5364,11.004,1.1549,4.277,3.6448,2.2802,,890844.8891,743762.1711,424501.3815,15055278.6258,12569580.6916,,,1.164
601211,国泰君安,证券,上海,20150626,601211.SH,20210816,16.94,17.16,16.89,17.0,16.85,0.15,0.8902,418715.44,713683.031,0.563,0.9864,1.2,13.6165,11.0692,1.1617,4.3023,3.6663,2.2668,,890844.8891,743762.1711,424501.3815,15144363.1147,12643956.9087,,,1.164
601211,国泰君安,证券,上海,20150626,601211.SH,20210813,16.84,16.95,16.73,16.85,16.84,0.01,0.0594,261933.4,440732.239,0.3522,0.617,0.76,13.4963,10.9715,1.1515,4.2644,3.634,2.287,,890844.8891,743762.1711,424501.3815,15010736.3813,12532392.583,,,1.164
601211,国泰君安,证券,上海,20150626,601211.SH,20210812,16.88,16.98,16.81,16.84,16.8,0.04,0.2381,271544.67,458201.157,0.3651,0.6397,0.8,13.4883,10.965,1.1508,4.2618,3.6318,2.2883,,890844.8891,743762.1711,424501.3815,15001827.9324,12524954.9613,,,1.164
601211,国泰君安,证券,上海,20150626,601211.SH,20210811,16.78,16.94,16.73,16.8,16.8,0.0,0.0,366867.23,617417.821,0.4933,0.8642,1.11,13.4563,10.9389,1.1481,4.2517,3.6232,2.2938,2.2938,890844.8891,743762.1711,424501.3815,14966194.1369,12495204.4745,,,1.164
601211,国泰君安,证券,上海,20150626,601211.SH,20210810,16.61,16.86,16.55,16.8,16.68,0.12,0.7194,368938.04,615693.248,0.496,0.8691,1.06,13.4563,10.9389,1.1481,4.2517,3.6232,2.2938,2.2938,890844.8891,743762.1711,424501.3815,14966194.1369,12495204.4745,19.97,16.34,1.164
601211,国泰君安,证券,上海,20150626,601211.SH,20210809,16.35,16.82,16.35,16.68,16.4,0.28,1.7073,473665.56,789291.744,0.6369,1.1158,1.24,13.3602,10.8608,1.1399,4.2214,3.5973,2.3103,2.3103,890844.8891,743762.1711,424501.3815,14859292.7502,12405953.0139,,,1.164
601211,国泰君安,证券,上海,20150626,601211.SH,20210806,16.41,16.51,16.34,16.4,16.4,0.0,0.0,250054.85,410210.046,0.3362,0.5891,0.65,13.1359,10.6785,1.1207,4.1505,3.5369,2.3497,2.3497,890844.8891,743762.1711,424501.3815,14609856.1812,12197699.606,,,1.164
601211,国泰君安,证券,上海,20150626,601211.SH,20210805,16.49,16.62,16.37,16.4,16.53,-0.13,-0.7864,236858.45,390439.663,0.3185,0.558,0.59,13.1359,10.6785,1.1207,4.1505,3.5369,2.3497,2.3497,890844.8891,743762.1711,424501.3815,14609856.1812,12197699.606,,,1.164
601211,国泰君安,证券,上海,20150626,601211.SH,20210804,16.58,16.67,16.47,16.53,16.62,-0.09,-0.5415,318045.46,526234.809,0.4276,0.7492,0.78,13.24,10.7631,1.1296,4.1834,3.565,2.3313,2.3313,890844.8891,743762.1711,424501.3815,14725666.0168,12294388.6883,,,1.164
601211,国泰君安,证券,上海,20150626,601211.SH,20210803,16.5,16.88,16.46,16.62,16.59,0.03,0.1808,464608.12,772455.099,0.6247,1.0945,1.19,13.3121,10.8217,1.1358,4.2062,3.5844,2.3186,2.3186,890844.8891,743762.1711,424501.3815,14805842.0568,12361327.2837,,,1.164
601211,国泰君安,证券,上海,20150626,601211.SH,20210802,16.26,16.99,16.03,16.59,16.23,0.36,2.2181,642116.77,1060370.39,0.8633,1.5126,1.75,13.2881,10.8022,1.1337,4.1986,3.5779,2.3228,2.3228,890844.8682,743762.1502,424501.3606,14779116.3634,12339014.0718,,,1.164
601211,国泰君安,证券,上海,20150626,601211.SH,20210730,16.31,16.39,16.19,16.23,16.39,-0.16,-0.9762,250853.84,408229.97,0.3373,0.5909,0.6,12.9997,10.5479,1.1091,4.1075,3.6147,2.3743,2.3743,890844.8682,743762.1502,424501.3606,14458412.2109,12071259.6977,,,1.164
601211,国泰君安,证券,上海,20150626,601211.SH,20210729,16.54,16.6,16.25,16.39,16.38,0.01,0.0611,339165.62,556267.25,0.456,0.799,0.8,13.1279,10.6519,1.1201,4.148,3.6503,2.3512,2.3512,890844.8682,743762.1502,424501.3606,14600947.3898,12190261.6418,,,1.164
601211,国泰君安,证券,上海,20150626,601211.SH,20210728,16.51,16.69,16.31,16.38,16.52,-0.14,-0.8475,335388.59,553250.148,0.4509,0.7901,0.79,13.1199,10.6454,1.1194,4.1454,3.6481,2.3526,2.3526,890844.8682,743762.1502,424501.3606,14592038.9411,12182824.0203,,,1.164
601211,国泰君安,证券,上海,20150626,601211.SH,20210727,16.84,16.88,16.48,16.52,16.84,-0.32,-1.9002,377336.55,631876.652,0.5073,0.8889,0.95,13.232,10.7364,1.1289,4.1809,3.6793,2.3327,2.3327,890844.8682,743762.1502,424501.3606,14716757.2227,12286950.7213,,,1.127
601211,国泰君安,证券,上海,20150626,601211.SH,20210726,17.33,17.44,16.78,16.84,17.35,-0.51,-2.9395,527220.15,902356.151,0.7089,1.242,1.48,13.4883,10.9444,1.1508,4.2618,3.7506,2.2883,2.2883,890844.8682,743762.1502,424501.3606,15001827.5805,12524954.6094,,,1.127
601211,国泰君安,证券,上海,20150626,601211.SH,20210723,17.27,17.63,17.13,17.35,17.28,0.07,0.4051,508336.21,882993.424,0.6835,1.1975,1.43,13.8968,11.2758,1.1857,4.3909,3.8641,2.2211,2.2211,890844.8682,743762.1502,424501.3606,15456158.4633,12904273.306,,,1.127
601211,国泰君安,证券,上海,20150626,601211.SH,20210722,17.16,17.41,17.08,17.28,17.16,0.12,0.6993,375381.51,647951.319,0.5047,0.8843,1.14,13.8407,11.2303,1.1809,4.3732,3.8486,2.2301,2.2301,890844.8682,743762.1502,424501.3606,15393799.3225,12852209.9555,,,1.127
601211,国泰君安,证券,上海,20150626,601211.SH,20210721,17.08,17.35,17.05,17.16,17.05,0.11,0.6452,332140.97,570521.751,0.4466,0.7824,1.07,13.7446,11.1524,1.1727,4.3428,3.8218,2.2457,2.2457,890844.8682,743762.1502,424501.3606,15286897.9383,12762958.4974,,,1.127
601211,国泰君安,证券,上海,20150626,601211.SH,20210720,17.0,17.18,16.96,17.05,17.13,-0.08,-0.467,246953.96,421468.957,0.332,0.5818,0.82,13.6565,11.0809,1.1652,4.315,3.7973,2.2602,2.2602,890844.8682,743762.1502,424501.3606,15188905.0028,12681144.6609,,,1.127
601211,国泰君安,证券,上海,20150626,601211.SH,20210719,17.01,17.18,16.8,17.13,17.02,0.11,0.6463,315131.04,536163.685,0.4237,0.7424,1.04,13.7206,11.1329,1.1706,4.3352,3.8151,2.2496,2.2496,890844.8682,743762.1502,424501.3606,15260172.5923,12740645.6329,,,1.127
601211,国泰君安,证券,上海,20150626,601211.SH,20210716,16.95,17.28,16.9,17.02,16.81,0.21,1.2493,506887.23,865177.755,0.6815,1.1941,2.08,13.6325,11.0614,1.1631,4.3074,3.7906,2.2641,2.2641,890844.8682,743762.1502,424501.3606,15162179.6568,12658831.7964,,,1.127
601211,国泰君安,证券,上海,20150626,601211.SH,20210715,16.6,16.84,16.57,16.81,16.61,0.2,1.2041,244052.68,407835.214,0.3281,0.5749,1.05,13.4643,10.9249,1.1488,4.2543,3.7439,2.2924,2.2924,890844.8682,743762.1502,424501.3606,14975102.2344,12502641.7449,,,1.127
601211,国泰君安,证券,上海,20150626,601211.SH,20210714,16.81,16.86,16.55,16.61,16.83,-0.22,-1.3072,238996.23,397954.723,0.3213,0.563,1.08,13.3041,10.7949,1.1351,4.2036,3.6993,2.32,2.32,890844.8682,743762.1502,424501.3606,14796933.2608,12353889.3148,,,1.127
601211,国泰君安,证券,上海,20150626,601211.SH,20210713,16.84,16.93,16.72,16.83,16.86,-0.03,-0.1779,204061.14,343089.205,0.2744,0.4807,0.92,13.4803,10.9379,1.1501,4.2593,3.7483,2.2897,2.2897,890844.8682,743762.1502,424501.3606,14992919.1318,12517516.9879,,,1.127
601211,国泰君安,证券,上海,20150626,601211.SH,20210712,16.81,16.97,16.68,16.86,16.65,0.21,1.2613,319730.93,539102.222,0.4299,0.7532,1.66,13.5043,10.9574,1.1522,4.2669,3.755,2.2856,2.2856,890844.8682,743762.1502,424501.3606,15019644.4779,12539829.8524,18.28,14.96,1.127
601211,国泰君安,证券,上海,20150626,601211.SH,20210709,16.51,16.7,16.5,16.65,16.57,0.08,0.4828,211700.95,351459.149,0.2846,0.4987,0.98,13.3361,10.8209,1.1378,4.2138,3.7082,2.3145,2.3145,890844.8682,743762.1502,424501.3606,14832567.0555,12383639.8008,18.25,14.93,1.127
601211,国泰君安,证券,上海,20150626,601211.SH,20210708,16.81,16.83,16.55,16.57,16.71,-0.14,-0.8378,186277.2,310169.481,0.2505,0.4388,0.73,13.272,10.7689,1.1324,4.1935,3.6904,2.3256,2.3256,890844.8682,743762.1502,424501.3606,14761299.4661,12324138.8288,,,1.127
601211,国泰君安,证券,上海,20150626,601211.SH,20210707,16.73,16.84,16.65,16.71,16.76,-0.05,-0.2983,185720.88,310946.118,0.2497,0.4375,0.72,13.3842,10.8599,1.1419,4.2289,3.7216,2.3061,2.3061,890844.8682,743762.1502,424501.3606,14886017.7476,12428265.5298,,,1.127
601211,国泰君安,证券,上海,20150626,601211.SH,20210706,16.66,16.85,16.6,16.76,16.67,0.09,0.5399,199687.94,333900.837,0.2685,0.4704,0.77,13.4242,10.8924,1.1453,4.2416,3.7327,2.2993,2.2993,890844.8682,743762.1502,424501.3606,14930559.991,12465453.6374,,,1.127
601211,国泰君安,证券,上海,20150626,601211.SH,20210705,16.64,16.69,16.52,16.67,16.64,0.03,0.1803,181135.68,300940.464,0.2435,0.4267,0.67,13.3521,10.8339,1.1392,4.2188,3.7127,2.3117,2.3117,890844.8682,743762.1502,424501.3344,14850383.9529,12398515.0438,,,1.127
601211,国泰君安,证券,上海,20150626,601211.SH,20210702,16.9,16.96,16.59,16.64,17.01,-0.37,-2.1752,330045.8,552103.532,0.4438,0.7775,1.08,13.3281,10.8144,1.1371,4.2112,3.706,2.3158,2.3158,890844.842,743762.124,424501.3344,14823658.1709,12376201.7434,,,1.127
601211,国泰君安,证券,上海,20150626,601211.SH,20210701,17.3,17.35,16.96,17.01,17.14,-0.13,-0.7585,383000.46,655918.848,0.515,0.9022,1.37,13.6245,11.0549,1.1624,4.3049,3.7884,2.2655,2.2655,890844.842,743762.124,424501.3344,15153270.7624,12651393.7292,,,1.127
601211,国泰君安,证券,上海,20150626,601211.SH,20210630,17.15,17.23,17.04,17.14,17.11,0.03,0.1753,189104.17,323903.773,0.2543,0.4455,0.65,13.7286,11.1394,1.1713,4.3378,3.8174,2.2483,2.2483,890844.842,743762.124,424501.3344,15269080.5919,12748082.8054,,,1.127
601211,国泰君安,证券,上海,20150626,601211.SH,20210629,17.2,17.25,17.03,17.11,17.2,-0.09,-0.5233,221683.21,379896.535,0.2981,0.5222,0.75,13.7046,11.1199,1.1693,4.3302,3.8107,2.2522,2.2522,890844.842,743762.124,424501.3344,15242355.2466,12725769.9416,18.88,15.44,1.127
601211,国泰君安,证券,上海,20150626,601211.SH,20210628,17.3,17.3,17.1,17.2,17.26,-0.06,-0.3476,236962.17,407010.811,0.3186,0.5582,0.8,13.7767,11.1783,1.1754,4.353,3.8307,2.2404,2.2404,890844.842,743762.124,424501.3344,15322531.2824,12792708.5328,,,1.127
601211,国泰君安,证券,上海,20150626,601211.SH,20210625,17.01,17.36,16.96,17.26,16.97,0.29,1.7089,491647.74,847455.208,0.661,1.1582,2.03,13.8247,11.2173,1.1795,4.3681,3.8441,2.2327,2.2327,890844.842,743762.124,424501.3344,15375981.9729,12837334.2602,,,1.127
601211,国泰君安,证券,上海,20150626,601211.SH,20210624,16.95,17.14,16.85,16.97,16.92,0.05,0.2955,255665.05,434575.962,0.3437,0.6023,1.1,13.5924,11.0289,1.1597,4.2947,3.7795,2.2708,2.2708,890844.842,743762.124,424501.3344,15117636.9687,12621643.2443,,,1.127
601211,国泰君安,证券,上海,20150626,601211.SH,20210623,16.8,16.94,16.78,16.92,16.83,0.09,0.5348,256354.01,432401.664,0.3447,0.6039,1.09,13.5524,10.9964,1.1563,4.2821,3.7684,2.2775,2.2775,890844.842,743762.124,424501.3344,15073094.7266,12584455.1381,18.49,15.13,1.127
601211,国泰君安,证券,上海,20150626,601211.SH,20210622,16.92,16.98,16.79,16.83,16.88,-0.05,-0.2962,230084.52,388077.72,0.3094,0.542,0.92,13.4803,10.9379,1.1501,4.2593,3.7483,2.2897,2.2897,890844.842,743762.124,424501.3344,14992918.6909,12517516.5469,,,1.127
601211,国泰君安,证券,上海,20150626,601211.SH,20210621,16.86,16.93,16.77,16.88,16.82,0.06,0.3567,243862.77,410989.294,0.3279,0.5745,0.76,13.5203,10.9704,1.1535,4.272,3.7595,2.2829,2.2829,890844.842,743762.124,424501.3344,15037460.933,12554704.6531,18.51,15.15,1.127
601211,国泰君安,证券,上海,20150626,601211.SH,20210618,16.75,16.94,16.72,16.82,16.78,0.04,0.2384,224777.97,378098.586,0.3022,0.5295,0.68,13.4723,10.9314,1.1494,4.2568,3.7461,2.2911,2.2911,890844.842,743762.124,424501.3344,14984010.2424,12510078.9257,,,1.127
601211,国泰君安,证券,上海,20150626,601211.SH,20210617,16.82,16.9,16.68,16.78,16.82,-0.04,-0.2378,205426.48,345001.016,0.2762,0.4839,0.59,13.4402,10.9054,1.1467,4.2467,3.7372,2.2965,2.2965,890844.842,743762.124,424501.3344,14948376.4488,12480328.4407,,,1.127
601211,国泰君安,证券,上海,20150626,601211.SH,20210616,16.74,16.93,16.72,16.82,16.8,0.02,0.119,272400.98,457772.579,0.3662,0.6417,0.77,13.4723,10.9314,1.1494,4.2568,3.7461,2.2911,2.2911,890844.842,743762.124,424501.3344,14984010.2424,12510078.9257,,,1.127
601211,国泰君安,证券,上海,20150626,601211.SH,20210615,16.8,16.87,16.65,16.8,16.8,0.0,0.0,304723.45,511574.121,0.4097,0.7178,0.85,13.4563,10.9184,1.1481,4.2517,3.7417,2.2938,2.2938,890844.842,743762.124,424501.3344,14966193.3456,12495203.6832,,,1.127
601211,国泰君安,证券,上海,20150626,601211.SH,20210611,17.3,17.35,16.77,16.8,17.32,-0.52,-3.0023,594673.13,1011493.004,0.7995,1.4009,1.73,13.4563,10.9184,1.1481,4.2517,3.7417,2.2938,2.2938,890844.842,743762.124,424501.3344,14966193.3456,12495203.6832,,,1.127
601211,国泰君安,证券,上海,20150626,601211.SH,20210610,17.3,17.49,17.28,17.32,17.33,-0.01,-0.0577,284475.49,494055.807,0.3825,0.6701,0.77,13.8728,11.2563,1.1836,4.3833,3.8575,2.2249,2.2249,890844.842,743762.124,424501.3344,15429432.6634,12881959.9877,,,1.127
601211,国泰君安,证券,上海,20150626,601211.SH,20210609,17.48,17.58,17.29,17.33,17.48,-0.15,-0.8581,274647.01,477611.725,0.3693,0.647,0.71,13.8808,11.2628,1.1843,4.3859,3.8597,2.2236,2.2236,890844.842,743762.124,424501.3344,15438341.1119,12889397.6089,,,1.127
601211,国泰君安,证券,上海,20150626,601211.SH,20210608,17.47,17.62,17.39,17.48,17.49,-0.01,-0.0572,305182.35,534063.775,0.4103,0.7189,0.71,14.0009,11.3603,1.1945,4.4238,3.8931,2.2046,2.2046,890844.842,743762.124,424501.3344,15571967.8382,13000961.9275,,,1.127
601211,国泰君安,证券,上海,20150626,601211.SH,20210607,17.36,17.62,17.28,17.49,17.4,0.09,0.5172,343716.44,600330.929,0.4621,0.8097,0.71,14.0089,11.3668,1.1952,4.4263,3.8953,2.2033,2.2033,890844.842,743762.124,424501.3344,15580876.2866,13008399.5488,,,1.127
601211,国泰君安,证券,上海,20150626,601211.SH,20210604,17.26,17.84,17.21,17.4,17.29,0.11,0.6362,514371.3,897846.763,0.6916,1.2117,0.99,13.9368,11.3083,1.1891,4.4036,3.8753,2.2147,2.2147,890844.842,743762.124,424501.3344,15500700.2508,12941460.9576,,,1.127
601211,国泰君安,证券,上海,20150626,601211.SH,20210603,17.42,17.59,17.28,17.29,17.35,-0.06,-0.3458,412290.19,718351.368,0.5543,0.9712,0.77,13.8487,11.2368,1.1816,4.3757,3.8508,2.2288,2.2288,890844.842,743762.124,424501.3344,15402707.3182,12859647.124,,,1.127
601211,国泰君安,证券,上海,20150626,601211.SH,20210602,17.47,17.66,17.26,17.35,17.54,-0.19,-1.0832,369009.68,643629.188,0.4961,0.8693,0.62,13.8968,11.2758,1.1857,4.3909,3.8641,2.2211,2.2211,890844.842,743762.124,424501.3344,15456158.0087,12904272.8514,,,1.127
601211,国泰君安,证券,上海,20150626,601211.SH,20210601,17.76,17.78,17.35,17.54,17.9,-0.36,-2.0112,503999.54,882397.736,0.6776,1.1873,0.73,14.049,11.3993,1.1986,4.439,3.9065,2.197,2.197,890844.842,743762.124,424501.3344,15625418.5287,13045587.655,,,1.127
601211,国泰君安,证券,上海,20150626,601211.SH,20210531,17.62,17.92,17.48,17.9,17.6,0.3,1.7045,615932.91,1094697.239,0.8281,1.451,0.89,14.3373,11.6333,1.2232,4.5301,3.9866,2.1528,2.1528,890844.842,743762.124,424501.3344,15946122.6718,13313342.0196,,,1.127
601211,国泰君安,证券,上海,20150626,601211.SH,20210528,17.35,17.81,17.25,17.6,17.29,0.31,1.7929,709362.17,1244059.331,0.9537,1.671,1.17,14.097,11.4383,1.2027,4.4542,3.9198,2.1895,2.1895,890844.842,743762.124,424501.3344,15678869.2192,13090213.3824,,,1.127
601211,国泰君安,证券,上海,20150626,601211.SH,20210527,17.34,17.59,17.29,17.29,17.4,-0.11,-0.6322,484290.45,842119.011,0.6511,1.1408,0.82,13.8487,11.2368,1.1816,4.3757,3.8508,2.2288,2.2288,890844.842,743762.124,424501.3344,15402707.3182,12859647.124,,,1.127
601211,国泰君安,证券,上海,20150626,601211.SH,20210526,17.57,17.78,17.36,17.4,17.55,-0.15,-0.8547,683609.79,1199517.632,0.9191,1.6104,1.33,13.9368,11.3083,1.1891,4.4036,3.8753,2.2147,2.2147,890844.842,743762.124,424501.3344,15500700.2508,12941460.9576,,,1.127
601211,国泰君安,证券,上海,20150626,601211.SH,20210525,17.15,17.73,17.12,17.55,17.19,0.36,2.0942,967730.13,1697787.194,1.3011,2.2797,2.5,14.057,11.4058,1.1993,4.4415,3.9087,2.1958,2.1958,890844.842,743762.124,424501.3344,15634326.9771,13053025.2762,,,1.127
601211,国泰君安,证券,上海,20150626,601211.SH,20210524,16.89,17.44,16.89,17.19,16.82,0.37,2.1998,596027.64,1025417.898,0.8014,1.4041,1.44,13.7686,11.1718,1.1747,4.3504,3.8285,2.2417,2.2417,890844.842,743762.124,424501.3344,15313622.834,12785270.9116,18.5,15.14,1.127
601211,国泰君安,证券,上海,20150626,601211.SH,20210521,16.95,17.07,16.8,16.82,16.9,-0.08,-0.4734,291651.93,493793.111,0.3921,0.687,0.49,13.4723,10.9314,1.1494,4.2568,3.7461,2.2911,2.2911,890844.842,743762.124,424501.3344,14984010.2424,12510078.9257,,,1.127
601211,国泰君安,证券,上海,20150626,601211.SH,20210520,16.85,17.08,16.78,16.9,16.81,0.09,0.5354,412900.68,698086.661,0.5552,0.9727,0.73,13.5364,10.9834,1.1549,4.277,3.7639,2.2802,2.2802,890844.842,743762.124,424501.3344,15055277.8298,12569579.8956,18.48,15.12,1.127
601211,国泰君安,证券,上海,20150626,601211.SH,20210519,16.87,16.98,16.77,16.81,16.94,-0.13,-0.7674,300060.15,505798.426,0.4034,0.7069,0.53,13.4643,10.9249,1.1488,4.2543,3.7439,2.2924,2.2924,890844.842,743762.124,424501.3344,14975101.794,12502641.3044,,,1.127
601211,国泰君安,证券,上海,20150626,601211.SH,20210518,16.92,17.11,16.84,16.94,16.95,-0.01,-0.059,335581.47,568879.489,0.4512,0.7905,0.58,13.5684,11.0094,1.1576,4.2872,3.7728,2.2748,2.2748,890844.842,743762.124,424501.3344,15090911.6235,12599330.3806,,,1.127
601211,国泰君安,证券,上海,20150626,601211.SH,20210517,17.21,17.3,16.9,16.95,17.52,-0.57,-3.2534,732994.87,1252593.511,0.9855,1.7267,1.46,13.5764,11.0159,1.1583,4.2897,3.7751,2.2735,2.2735,890844.842,743762.124,424501.3344,15099820.0719,12606768.0018,19.23,15.73,1.127
601211,国泰君安,证券,上海,20150626,601211.SH,20210514,16.62,17.56,16.6,17.52,16.57,0.95,5.7333,1207802.47,2075479.102,1.6239,2.8452,3.63,14.033,11.3863,1.1973,4.4339,3.902,2.1995,2.1995,890844.842,743762.124,424501.3344,15607601.6318,13030712.4125,,,1.127
601211,国泰君安,证券,上海,20150626,601211.SH,20210513,16.53,16.7,16.49,16.57,16.62,-0.05,-0.3008,244103.94,404788.2,0.3282,0.575,0.63,13.272,10.7689,1.1324,4.1935,3.6904,2.3256,2.3256,890844.842,743762.124,424501.3344,14761299.0319,12324138.3947,,,1.127
601211,国泰君安,证券,上海,20150626,601211.SH,20210512,16.54,16.75,16.47,16.62,16.64,-0.02,-0.1202,311415.65,517463.063,0.4187,0.7336,0.6,13.3121,10.8014,1.1358,4.2062,3.7016,2.3186,2.3186,890844.842,743762.124,424501.3344,14805841.274,12361326.5009,,,1.127
601211,国泰君安,证券,上海,20150626,601211.SH,20210511,16.37,16.73,16.31,16.64,16.49,0.15,0.9096,388747.24,643000.286,0.5227,0.9158,0.5,13.3281,10.8144,1.1371,4.2112,3.706,2.3158,2.3158,890844.842,743762.124,424501.3344,14823658.1709,12376201.7434,,,1.127
601211,国泰君安,证券,上海,20150626,601211.SH,20210510,16.6,16.6,16.32,16.49,16.58,-0.09,-0.5428,355943.55,584498.732,0.4786,0.8385,0.48,13.208,10.7169,1.1269,4.1733,3.6726,2.3369,2.3369,890844.842,743762.124,424501.3344,14690031.4446,12264637.4248,,,1.127
601211,国泰君安,证券,上海,20150626,601211.SH,20210507,16.61,16.72,16.49,16.58,16.65,-0.07,-0.4204,365502.04,606971.591,0.4914,0.861,0.5,13.2801,10.7754,1.133,4.196,3.6927,2.3242,2.3242,890844.842,743762.124,424501.3344,14770207.4804,12331576.0159,,,1.127
601211,国泰君安,证券,上海,20150626,601211.SH,20210506,16.69,16.77,16.5,16.65,16.56,0.09,0.5435,510496.76,849626.252,0.6864,1.2026,0.74,13.3361,10.8209,1.1378,4.2138,3.7082,2.3145,2.3145,890844.8368,743762.1188,424501.3292,14832566.5327,12383639.278,,,1.127
601211,国泰君安,证券,上海,20150626,601211.SH,20210430,16.82,16.93,16.45,16.56,17.03,-0.47,-2.7598,982238.75,1637994.729,1.3206,2.3139,1.82,13.264,10.7624,1.1317,4.191,3.6882,2.327,2.327,890844.8368,743762.1188,424501.3292,14752390.4974,12316700.6873,,,1.127
601211,国泰君安,证券,上海,20150626,601211.SH,20210429,15.92,17.18,15.92,17.03,15.64,1.39,8.8875,1683084.56,2822848.57,2.2629,3.9649,7.0,13.6405,11.0679,1.1638,4.3099,3.7929,2.2628,2.2628,890844.8368,743762.1188,424501.3292,15171087.5707,12666268.8832,,,1.127
601211,国泰君安,证券,上海,20150626,601211.SH,20210428,15.62,15.65,15.54,15.64,15.58,0.06,0.3851,160111.91,249718.609,0.2153,0.3772,0.67,12.5271,12.5271,1.1033,3.9582,3.9582,2.4639,2.4639,890844.8368,743762.1188,424501.3292,13932813.2476,11632439.538,,,1.127
601211,国泰君安,证券,上海,20150626,601211.SH,20210427,15.72,15.75,15.53,15.58,15.71,-0.13,-0.8275,309516.15,482978.772,0.4161,0.7291,1.43,12.4791,12.4791,1.0991,3.943,3.943,2.4734,2.4734,890844.8368,743762.1188,424501.3292,13879362.5573,11587813.8109,,,1.127
601211,国泰君安,证券,上海,20150626,601211.SH,20210426,15.98,16.08,15.71,15.71,15.98,-0.27,-1.6896,316462.36,503263.71,0.4255,0.7455,1.38,12.5832,12.5832,1.1083,3.9759,3.9759,2.4529,2.4529,890844.8368,743762.1188,424501.3292,13995172.3861,11684502.8863,,,1.127
601211,国泰君安,证券,上海,20150626,601211.SH,20210423,16.01,16.04,15.9,15.98,16.05,-0.07,-0.4361,225458.06,359503.793,0.3031,0.5311,1.01,12.7995,12.7995,1.1273,4.0442,4.0442,2.4115,2.4115,890844.8368,743762.1188,424501.3292,14235700.4921,11885318.6584,,,1.127
601211,国泰君安,证券,上海,20150626,601211.SH,20210422,16.12,16.16,16.02,16.05,16.08,-0.03,-0.1866,190945.37,307134.082,0.2567,0.4498,0.81,12.8555,12.8555,1.1322,4.0619,4.0619,2.401,2.401,890844.8368,743762.1188,424501.3292,14298059.6306,11937382.0067,,,1.127
601211,国泰君安,证券,上海,20150626,601211.SH,20210421,16.12,16.13,16.05,16.08,16.14,-0.06,-0.3717,149230.41,240050.556,0.2006,0.3515,0.61,12.8796,12.8796,1.1344,4.0695,4.0695,2.3965,2.3965,890844.8368,743762.1188,424501.3292,14324784.9757,11959694.8703,,,1.127
601211,国泰君安,证券,上海,20150626,601211.SH,20210420,16.26,16.3,16.1,16.14,16.25,-0.11,-0.6769,196778.43,318793.643,0.2646,0.4636,0.76,12.9276,12.9276,1.1386,4.0847,4.0847,2.3876,2.3876,890844.8368,743762.1188,424501.3292,14378235.666,12004320.5974,,,1.127
601211,国泰君安,证券,上海,20150626,601211.SH,20210419,15.98,16.26,15.95,16.25,16.01,0.24,1.4991,382250.08,616928.108,0.5139,0.9005,1.66,13.0157,13.0157,1.1463,4.1125,4.1125,2.3714,2.3714,890844.8368,743762.1188,424501.3292,14476228.598,12086134.4305,,,1.127
601211,国泰君安,证券,上海,20150626,601211.SH,20210416,15.94,16.06,15.92,16.01,15.93,0.08,0.5022,196393.38,313970.283,0.2641,0.4626,0.84,12.8235,12.8235,1.1294,4.0518,4.0518,2.407,2.407,890844.8368,743762.1188,424501.3292,14262425.8372,11907631.522,,,1.127
601211,国泰君安,证券,上海,20150626,601211.SH,20210415,16.09,16.1,15.9,15.93,16.11,-0.18,-1.1173,253279.47,404324.645,0.3405,0.5967,1.06,12.7594,12.7594,1.1238,4.0315,4.0315,2.4191,2.4191,890844.8368,743762.1188,424501.3292,14191158.2502,11848130.5525,,,1.127
601211,国泰君安,证券,上海,20150626,601211.SH,20210414,16.06,16.18,16.05,16.11,16.06,0.05,0.3113,204162.8,329042.761,0.2745,0.4809,0.82,12.9036,12.9036,1.1365,4.0771,4.0771,2.392,2.392,890844.8368,743762.1188,424501.3292,14351510.3208,11982007.7339,,,1.127
601211,国泰君安,证券,上海,20150626,601211.SH,20210413,16.15,16.21,16.02,16.06,16.17,-0.11,-0.6803,256758.44,412908.034,0.3452,0.6048,1.03,12.8636,12.8636,1.1329,4.0644,4.0644,2.3995,2.3995,890844.8368,743762.1188,424501.3292,14306968.079,11944819.6279,,,1.127
601211,国泰君安,证券,上海,20150626,601211.SH,20210412,16.29,16.34,16.14,16.17,16.32,-0.15,-0.9191,241741.91,392937.755,0.325,0.5695,0.97,12.9517,12.9517,1.1407,4.0923,4.0923,2.3832,2.3832,890844.8368,743762.1188,424501.3292,14404961.0111,12026633.461,,,1.127
601211,国泰君安,证券,上海,20150626,601211.SH,20210409,16.4,16.43,16.27,16.32,16.43,-0.11,-0.6695,212581.06,347225.941,0.2858,0.5008,0.83,13.0718,13.0718,1.1513,4.1302,4.1302,2.3613,2.3613,890844.8368,743762.1188,424501.3292,14538587.7366,12138197.7788,,,1.127
601211,国泰君安,证券,上海,20150626,601211.SH,20210408,16.42,16.59,16.36,16.43,16.49,-0.06,-0.3639,283935.34,467479.863,0.3818,0.6689,1.1,13.1599,13.1599,1.159,4.1581,4.1581,2.3454,2.3454,890844.8368,743762.1188,424501.3292,14636580.6686,12220011.6119,,,1.127
601211,国泰君安,证券,上海,20150626,601211.SH,20210407,16.43,16.58,16.41,16.49,16.46,0.03,0.1823,249922.67,412190.707,0.336,0.5887,0.98,13.208,13.208,1.1633,4.1733,4.1733,2.3369,2.3369,890844.8368,743762.1188,424501.3292,14690031.3588,12264637.339,,,1.127
601211,国泰君安,证券,上海,20150626,601211.SH,20210406,16.38,16.5,16.37,16.46,16.34,0.12,0.7344,253155.85,416345.807,0.3404,0.5964,0.97,13.1839,13.1839,1.1612,4.1657,4.1657,2.3412,2.3412,890844.8368,743762.1188,424501.3292,14663306.0137,12242324.4754,17.2,14.08,1.127
601211,国泰君安,证券,上海,20150626,601211.SH,20210402,16.39,16.45,16.29,16.34,16.39,-0.05,-0.3051,240155.94,392860.36,0.3229,0.5657,0.87,13.0878,13.0878,1.1527,4.1353,4.1353,2.3584,2.3584,890844.8368,743762.1188,424501.324,14556404.6333,12153073.0212,,,1.127
601211,国泰君安,证券,上海,20150626,601211.SH,20210401,16.28,16.4,16.23,16.39,16.24,0.15,0.9236,260322.42,424665.079,0.35,0.6132,0.95,13.1279,13.1279,1.1562,4.148,4.148,2.3512,2.3512,890844.8316,743762.1136,424501.324,14600946.7899,12190261.0419,,,1.127
601211,国泰君安,证券,上海,20150626,601211.SH,20210331,16.35,16.4,16.15,16.24,16.38,-0.14,-0.8547,290750.29,472854.883,0.3909,0.6849,0.96,13.0077,13.0077,1.1456,4.11,4.11,2.3729,2.3729,890844.8316,743762.1136,424501.324,14467320.0652,12078696.7249,,,1.127
601211,国泰君安,证券,上海,20150626,601211.SH,20210330,16.43,16.48,16.31,16.38,16.46,-0.08,-0.486,230726.05,378118.99,0.3102,0.5435,0.7,13.1199,13.1199,1.1555,4.1454,4.1454,2.3526,2.3526,890844.8316,743762.1136,424501.324,14592038.3416,12182823.4208,,,1.127
601211,国泰君安,证券,上海,20150626,601211.SH,20210329,16.45,16.56,16.37,16.46,16.4,0.06,0.3659,288913.45,475731.788,0.3884,0.6806,0.87,13.1839,13.1839,1.1612,4.1657,4.1657,2.3412,2.3412,890844.8316,743762.1136,424501.324,14663305.9281,12242324.3899,,,1.127
601211,国泰君安,证券,上海,20150626,601211.SH,20210326,16.45,16.5,16.35,16.4,16.34,0.06,0.3672,310508.99,509881.229,0.4175,0.7315,0.96,13.1359,13.1359,1.1569,4.1505,4.1505,2.3497,2.3497,890844.8316,743762.1136,424501.324,14609855.2382,12197698.663,,,1.127
601211,国泰君安,证券,上海,20150626,601211.SH,20210325,16.3,16.45,16.26,16.34,16.38,-0.04,-0.2442,248429.02,406512.982,0.334,0.5852,0.78,16.8535,13.1118,1.1733,4.8603,4.136,2.3584,2.3584,890844.8316,743762.1136,424501.324,14556404.5483,12153072.9362,,,1.127
601211,国泰君安,证券,上海,20150626,601211.SH,20210324,16.33,16.62,16.3,16.38,16.37,0.01,0.0611,431982.11,710205.495,0.5808,1.0176,1.59,16.8947,13.1439,1.1762,4.8722,4.1461,2.3526,2.3526,890844.8316,743762.1136,424501.324,14592038.3416,12182823.4208,,,1.127
601211,国泰君安,证券,上海,20150626,601211.SH,20210323,16.28,16.46,16.22,16.37,16.29,0.08,0.4911,374684.92,612257.512,0.5038,0.8826,1.57,16.8844,13.1359,1.1754,4.8693,4.1436,2.354,2.354,890844.8316,743762.1136,424501.324,14583129.8933,12175385.7996,,,1.127
601211,国泰君安,证券,上海,20150626,601211.SH,20210322,16.15,16.32,16.12,16.29,16.11,0.18,1.1173,301809.08,489544.976,0.4058,0.711,1.32,16.8019,13.0717,1.1697,4.8455,4.1233,2.3656,2.3656,890844.8316,743762.1136,424501.324,14511862.3068,12115884.8305,17.72,14.5,1.127
601211,国泰君安,证券,上海,20150626,601211.SH,20210319,16.15,16.2,16.05,16.11,16.19,-0.08,-0.4941,257294.68,414532.847,0.3459,0.6061,1.06,16.6162,12.9273,1.1568,4.7919,4.0778,2.392,2.392,890844.8316,743762.1136,424501.324,14351510.2371,11982007.6501,,,1.127
601211,国泰君安,证券,上海,20150626,601211.SH,20210318,16.23,16.32,16.15,16.19,16.19,0.0,0.0,229140.06,372253.915,0.3081,0.5398,0.91,16.6988,12.9914,1.1625,4.8157,4.098,2.3802,2.3802,890844.8316,743762.1136,424501.324,14422777.8236,12041508.6192,17.79,14.55,1.127
601211,国泰君安,证券,上海,20150626,601211.SH,20210317,16.22,16.25,16.13,16.19,16.22,-0.03,-0.185,195653.03,316860.033,0.2631,0.4609,0.73,16.6988,12.9914,1.1625,4.8157,4.098,2.3802,2.3802,890844.8316,743762.1136,424501.324,14422777.8236,12041508.6192,,,1.127
601211,国泰君安,证券,上海,20150626,601211.SH,20210316,16.15,16.23,16.11,16.22,16.13,0.09,0.558,211506.31,342345.956,0.2844,0.4982,0.67,16.7297,13.0155,1.1647,4.8247,4.1056,2.3758,2.3758,890844.8316,743762.1136,424501.324,14449503.1686,12063821.4826,,,1.127
601211,国泰君安,证券,上海,20150626,601211.SH,20210315,16.14,16.19,16.01,16.13,16.21,-0.08,-0.4935,246829.39,397680.493,0.3319,0.5815,0.71,16.6369,12.9433,1.1582,4.7979,4.0828,2.3891,2.3891,890844.8316,743762.1136,424501.324,14369327.1337,11996882.8924,,,1.127
601211,国泰君安,证券,上海,20150626,601211.SH,20210312,16.17,16.33,16.04,16.21,16.17,0.04,0.2474,333098.19,538539.83,0.4479,0.7847,0.9,16.7194,13.0075,1.164,4.8217,4.1031,2.3773,2.3773,890844.8316,743762.1136,424501.324,14440594.7202,12056383.8615,,,1.127
601211,国泰君安,证券,上海,20150626,601211.SH,20210311,16.05,16.2,16.04,16.17,16.02,0.15,0.9363,267089.01,430948.525,0.3591,0.6292,0.71,16.6781,12.9754,1.1611,4.8098,4.0929,2.3832,2.3832,890844.8316,743762.1136,424501.324,14404960.927,12026633.3769,,,1.127
601211,国泰君安,证券,上海,20150626,601211.SH,20210310,16.19,16.19,16.0,16.02,16.08,-0.06,-0.3731,285134.73,458319.359,0.3834,0.6717,0.76,16.5234,12.855,1.1503,4.7652,4.055,2.4055,2.4055,890844.8316,743762.1136,424501.324,14271334.2022,11915069.0599,,,1.127
601211,国泰君安,证券,上海,20150626,601211.SH,20210309,16.34,16.42,16.07,16.08,16.34,-0.26,-1.5912,444530.16,722168.2,0.5977,1.0472,1.26,16.5853,12.9032,1.1546,4.783,4.0702,2.3965,2.3965,890844.8316,743762.1136,424501.324,14324784.8921,11959694.7867,,,1.127
601211,国泰君安,证券,上海,20150626,601211.SH,20210308,16.55,16.65,16.32,16.34,16.47,-0.13,-0.7893,398659.65,657879.258,0.536,0.9391,1.17,16.8535,13.1118,1.1733,4.8603,4.136,2.3584,2.3584,890844.8316,743762.1136,424501.324,14556404.5483,12153072.9362,,,1.127
601211,国泰君安,证券,上海,20150626,601211.SH,20210305,16.27,16.58,16.24,16.47,16.36,0.11,0.6724,462076.09,760945.234,0.6213,1.0885,1.48,16.9876,13.2161,1.1826,4.899,4.1689,2.3397,2.3397,890844.8316,743762.1136,424501.324,14672214.3765,12249762.011,,,1.127
601211,国泰君安,证券,上海,20150626,601211.SH,20210304,16.5,16.55,16.33,16.36,16.6,-0.24,-1.4458,290097.84,476797.657,0.39,0.6834,0.85,16.8741,13.1279,1.1747,4.8663,4.141,2.3555,2.3555,890844.8316,743762.1136,424501.324,14574221.445,12167948.1785,,,1.127
601211,国泰君安,证券,上海,20150626,601211.SH,20210303,16.36,16.62,16.33,16.6,16.37,0.23,1.405,288048.54,475373.263,0.3873,0.6786,0.82,17.1216,13.3204,1.192,4.9377,4.2018,2.3214,2.3214,890844.8316,743762.1136,424501.324,14788024.2046,12346451.0858,17.97,14.71,1.127
601211,国泰君安,证券,上海,20150626,601211.SH,20210302,16.58,16.66,16.3,16.37,16.56,-0.19,-1.1473,320598.98,527724.594,0.4311,0.7552,0.9,16.8844,13.1359,1.1754,4.8693,4.1436,2.354,2.354,890844.8316,743762.1136,424501.324,14583129.8933,12175385.7996,,,1.127
601211,国泰君安,证券,上海,20150626,601211.SH,20210301,16.74,16.76,16.41,16.56,16.66,-0.1,-0.6002,349972.13,579193.748,0.4705,0.8244,0.89,17.0804,13.2883,1.1891,4.9258,4.1917,2.327,2.327,890844.8316,743762.1136,424501.324,14752390.4113,12316700.6012,,,1.127
601211,国泰君安,证券,上海,20150626,601211.SH,20210226,16.68,16.8,16.56,16.66,16.87,-0.21,-1.2448,316218.2,527337.187,0.4252,0.7449,0.76,17.1835,13.3686,1.1963,4.9555,4.217,2.3131,2.3131,890844.8316,743762.1136,424501.324,14841474.8945,12391076.8126,,,1.127
601211,国泰君安,证券,上海,20150626,601211.SH,20210225,16.82,17.09,16.75,16.87,16.82,0.05,0.2973,424102.73,717593.48,0.5702,0.9991,1.02,17.4001,13.5371,1.2114,5.018,4.2701,2.2843,2.2843,890844.8316,743762.1136,424501.324,15028552.3091,12547266.8564,,,1.127
601211,国泰君安,证券,上海,20150626,601211.SH,20210224,16.72,16.93,16.65,16.82,16.7,0.12,0.7186,340282.37,570972.118,0.4575,0.8016,0.81,17.3486,13.497,1.2078,5.0031,4.2575,2.2911,2.2911,890844.8316,743762.1136,424501.324,14984010.0675,12510078.7508,,,1.127
601211,国泰君安,证券,上海,20150626,601211.SH,20210223,16.77,16.95,16.64,16.7,16.8,-0.1,-0.5952,347028.05,583074.872,0.4666,0.8175,0.82,17.2248,13.4007,1.1991,4.9674,4.2271,2.3075,2.3075,890844.8316,743762.1136,424501.324,14877108.6877,12420827.2971,,,1.127
601211,国泰君安,证券,上海,20150626,601211.SH,20210222,16.92,17.24,16.79,16.8,16.82,-0.02,-0.1189,549197.15,932160.233,0.7384,1.2937,1.52,17.3279,13.4809,1.2063,4.9972,4.2524,2.2938,2.2938,890844.8316,743762.1136,424501.324,14966193.1709,12495203.5085,,,1.127
601211,国泰君安,证券,上海,20150626,601211.SH,20210219,16.46,16.85,16.39,16.82,16.46,0.36,2.1871,424197.41,705639.267,0.5703,0.9993,1.28,17.3486,13.497,1.2078,5.0031,4.2575,2.2911,2.2911,890844.8316,743762.1136,424501.324,14984010.0675,12510078.7508,,,1.127
601211,国泰君安,证券,上海,20150626,601211.SH,20210218,16.5,16.65,16.45,16.46,16.31,0.15,0.9197,413397.77,683075.915,0.5558,0.9738,1.25,16.9772,13.2081,1.1819,4.896,4.1663,2.3412,2.3412,890844.8316,743762.1136,424501.324,14663305.9281,12242324.3899,,,1.127
601211,国泰君安,证券,上海,20150626,601211.SH,20210210,16.41,16.41,16.24,16.31,16.41,-0.1,-0.6094,369151.74,602608.0,0.4963,0.8696,1.14,16.8225,13.0877,1.1711,4.8514,4.1284,2.3627,2.3627,890844.8316,743762.1136,424501.324,14529679.2034,12130760.0728,,,1.127
601211,国泰君安,证券,上海,20150626,601211.SH,20210209,16.25,16.48,16.1,16.41,16.19,0.22,1.3589,356896.19,581562.551,0.4799,0.8407,1.09,16.9257,13.168,1.1783,4.8812,4.1537,2.3483,2.3483,890844.8316,743762.1136,424501.324,14618763.6866,12205136.2842,,,1.127
601211,国泰君安,证券,上海,20150626,601211.SH,20210208,16.18,16.32,16.14,16.19,16.18,0.01,0.0618,240332.83,389891.769,0.3231,0.5662,0.72,16.6988,12.9914,1.1625,4.8157,4.098,2.3802,2.3802,890844.8316,743762.1136,424501.324,14422777.8236,12041508.6192,,,1.127
601211,国泰君安,证券,上海,20150626,601211.SH,20210205,16.24,16.32,16.1,16.18,16.16,0.02,0.1238,273144.35,442730.199,0.3672,0.6434,0.78,16.6884,12.9834,1.1618,4.8128,4.0955,2.3817,2.3817,890844.8316,743762.1136,424501.324,14413869.3753,12034070.998,,,1.127
601211,国泰君安,证券,上海,20150626,601211.SH,20210204,16.42,16.46,15.99,16.16,16.49,-0.33,-2.0012,419853.54,679479.945,0.5645,0.9891,1.23,16.6678,12.9674,1.1604,4.8068,4.0904,2.3846,2.3846,890844.8316,743762.1136,424501.324,14396052.4787,12019195.7558,18.12,14.82,1.127
601211,国泰君安,证券,上海,20150626,601211.SH,20210203,16.46,16.6,16.29,16.49,16.43,0.06,0.3652,331044.31,544457.028,0.4451,0.7798,0.99,17.0082,13.2322,1.1841,4.905,4.1739,2.3369,2.3369,890844.8316,743762.1136,424501.324,14690031.2731,12264637.2533,,,1.127
601211,国泰君安,证券,上海,20150626,601211.SH,20210202,16.52,16.62,16.24,16.43,16.56,-0.13,-0.785,372340.91,611737.016,0.5006,0.8771,1.07,16.9463,13.184,1.1798,4.8871,4.1588,2.3454,2.3454,890844.8316,743762.1136,424501.324,14636580.5832,12220011.5264,18.26,14.94,1.127
601211,国泰君安,证券,上海,20150626,601211.SH,20210201,16.49,16.59,16.34,16.56,16.38,0.18,1.0989,278389.26,458234.608,0.3743,0.6558,0.75,17.0804,13.2883,1.1891,4.9258,4.1917,2.327,2.327,890844.8211,743762.1031,424501.3135,14752390.2374,12316700.4273,18.01,14.73,1.127
601211,国泰君安,证券,上海,20150626,601211.SH,20210129,16.7,16.71,16.23,16.38,16.62,-0.24,-1.444,348488.3,574460.288,0.4685,0.8209,0.89,16.8947,13.2139,1.1762,4.8722,4.1581,2.3526,2.3526,890844.8211,743762.1031,424501.3135,14592038.1696,12182823.2488,,,1.127
601211,国泰君安,证券,上海,20150626,601211.SH,20210128,16.73,16.77,16.51,16.62,16.84,-0.22,-1.3064,382759.03,636465.762,0.5146,0.9017,0.92,17.1423,13.4075,1.1934,4.9436,4.219,2.3186,2.3186,890844.8211,743762.1031,424501.3135,14805840.9267,12361326.1535,,,1.127
601211,国泰君安,证券,上海,20150626,601211.SH,20210127,16.85,17.04,16.81,16.84,16.83,0.01,0.0594,289294.44,488237.173,0.389,0.6815,0.68,17.3692,13.5849,1.2092,5.0091,4.2749,2.2883,2.2883,890844.8211,743762.1031,424501.3135,15001826.7873,12524953.8162,18.56,15.18,1.127
601211,国泰君安,证券,上海,20150626,601211.SH,20210126,17.16,17.3,16.81,16.83,17.19,-0.36,-2.0942,442760.05,753369.849,0.5953,1.043,1.01,17.3589,13.5769,1.2085,5.0061,4.2723,2.2897,2.2897,890844.8211,743762.1031,424501.3135,14992918.3391,12517516.1952,,,1.127
601211,国泰君安,证券,上海,20150626,601211.SH,20210125,17.3,17.43,17.14,17.19,17.33,-0.14,-0.8078,402723.77,695595.984,0.5415,0.9487,0.92,17.7302,13.8673,1.2343,5.1132,4.3637,2.2417,2.2417,890844.8211,743762.1031,424501.3135,15313622.4747,12785270.5523,,,1.127
601211,国泰君安,证券,上海,20150626,601211.SH,20210122,17.65,17.66,17.3,17.33,17.69,-0.36,-2.035,434969.14,759610.326,0.5848,1.0247,1.01,17.8746,13.9802,1.2444,5.1548,4.3993,2.2236,2.2236,890844.8211,743762.1031,424501.3135,15438340.7497,12889397.2467,,,1.127
601211,国泰君安,证券,上海,20150626,601211.SH,20210121,17.63,17.91,17.52,17.69,17.56,0.13,0.7403,508532.79,900275.692,0.6837,1.198,1.19,18.2459,14.2706,1.2702,5.2619,4.4907,2.1784,2.1784,890844.8211,743762.1031,424501.3135,15759044.8853,13157151.6038,,,1.127
601211,国泰君安,证券,上海,20150626,601211.SH,20210120,17.56,17.75,17.49,17.56,17.55,0.01,0.057,345577.34,607738.405,0.4646,0.8141,0.7,18.1118,14.1658,1.2609,5.2232,4.4577,2.1945,2.1945,890844.8211,743762.1031,424501.3135,15643235.0585,13060462.5304,,,1.127
601211,国泰君安,证券,上海,20150626,601211.SH,20210119,17.48,17.8,17.38,17.55,17.47,0.08,0.4579,494183.35,869508.921,0.6644,1.1642,0.85,18.1015,14.1577,1.2602,5.2203,4.4551,2.1958,2.1958,890844.8211,743762.1031,424501.3135,15634326.6103,13053024.9094,,,1.127
601211,国泰君安,证券,上海,20150626,601211.SH,20210118,17.34,17.65,17.3,17.47,17.42,0.05,0.287,394109.63,688414.111,0.5299,0.9284,0.66,18.019,14.0932,1.2544,5.1965,4.4348,2.2058,2.2058,890844.8211,743762.1031,424501.3135,15563059.0246,12993523.9412,,,1.127
601211,国泰君安,证券,上海,20150626,601211.SH,20210115,17.38,17.66,17.33,17.42,17.42,0.0,0.0,406697.54,711062.591,0.5468,0.9581,0.66,17.9674,14.0528,1.2508,5.1816,4.4221,2.2121,2.2121,890844.8211,743762.1031,424501.3135,15518516.7836,12956335.836,,,1.127
601211,国泰君安,证券,上海,20150626,601211.SH,20210114,17.7,17.71,17.38,17.42,17.7,-0.28,-1.5819,496589.15,870150.375,0.6677,1.1698,0.8,17.9674,14.0528,1.2508,5.1816,4.4221,2.2121,2.2121,890844.8211,743762.1031,424501.3135,15518516.7836,12956335.836,,,1.127
601211,国泰君安,证券,上海,20150626,601211.SH,20210113,17.98,18.04,17.63,17.7,18.04,-0.34,-1.8847,694141.05,1236839.978,0.9333,1.6352,1.22,18.2562,14.2787,1.271,5.2649,4.4932,2.1772,2.1772,890844.8211,743762.1031,424501.3135,15767953.3335,13164589.2249,,,1.127
601211,国泰君安,证券,上海,20150626,601211.SH,20210112,17.28,18.25,17.18,18.04,17.28,0.76,4.3981,914725.03,1619856.179,1.2299,2.1548,1.87,18.6069,14.553,1.2954,5.366,4.5795,2.1361,2.1361,890844.8211,743762.1031,424501.3135,16070840.5726,13417468.3399,18.14,14.84,1.127
601211,国泰君安,证券,上海,20150626,601211.SH,20210111,17.75,17.79,17.26,17.28,17.68,-0.4,-2.2624,480991.21,843472.695,0.6467,1.1331,0.97,17.823,13.9399,1.2408,5.14,4.3866,2.2301,2.2301,890844.8211,743762.1031,424501.3135,15393798.5086,12852209.1416,,,1.127
601211,国泰君安,证券,上海,20150626,601211.SH,20210108,17.78,17.95,17.58,17.68,17.75,-0.07,-0.3944,501123.74,887697.467,0.6738,1.1805,0.94,18.2356,14.2626,1.2695,5.2589,4.4881,2.1796,2.1796,890844.8211,743762.1031,424501.3135,15750136.437,13149713.9828,,,1.127
601211,国泰君安,证券,上海,20150626,601211.SH,20210107,17.72,17.79,17.36,17.75,17.69,0.06,0.3392,502747.13,884841.147,0.676,1.1843,0.99,18.3078,14.319,1.2745,5.2798,4.5059,2.171,2.171,890844.8211,743762.1031,424501.3135,15812495.5745,13201777.33,,,1.127
601211,国泰君安,证券,上海,20150626,601211.SH,20210106,17.74,17.87,17.52,17.69,17.7,-0.01,-0.0565,446564.09,789792.192,0.6004,1.052,0.93,18.2459,14.2706,1.2702,5.2619,4.4907,2.1784,2.1784,890844.8211,743762.1031,424501.3135,15759044.8853,13157151.6038,,,1.127
601211,国泰君安,证券,上海,20150626,601211.SH,20210105,17.53,17.75,17.38,17.7,17.61,0.09,0.5111,518818.62,911241.116,0.6976,1.2222,1.17,18.2562,14.2787,1.271,5.2649,4.4932,2.1772,2.1772,890844.8211,743762.1031,424501.3135,15767953.3335,13164589.2249,18.52,15.16,1.127
601211,国泰君安,证券,上海,20150626,601211.SH,20210104,17.6,17.77,17.35,17.61,17.53,0.08,0.4564,508819.15,892925.338,0.6841,1.1986,1.32,18.1634,14.2061,1.2645,5.2381,4.4704,2.1883,2.1883,890844.8159,743762.0979,424501.3083,15687777.208,13097650.544,,,1.127
601211,国泰君安,证券,上海,20150626,601211.SH,20201231,17.21,17.74,17.19,17.53,17.14,0.39,2.2754,674726.28,1180272.907,0.9072,1.5895,2.27,18.0809,14.1416,1.2587,5.2143,4.45,1.5686,2.1983,890844.8159,743762.0979,424501.3083,15616509.6227,13038149.5762,,,1.127
601211,国泰君安,证券,上海,20150626,601211.SH,20201230,17.06,17.22,16.98,17.14,17.05,0.09,0.5279,397023.93,679470.566,0.5338,0.9353,1.46,17.6786,13.827,1.2307,5.0983,4.351,1.6043,2.2483,890844.8159,743762.0979,424501.3083,15269080.1445,12748082.358,,,1.127
601211,国泰君安,证券,上海,20150626,601211.SH,20201229,17.05,17.25,16.99,17.05,17.03,0.02,0.1174,313439.33,536387.665,0.4214,0.7384,1.04,17.5858,13.7544,1.2243,5.0715,4.3282,1.6128,2.2602,890844.8159,743762.0979,424501.3083,15188904.1111,12681143.7692,,,1.127
601211,国泰君安,证券,上海,20150626,601211.SH,20201228,17.22,17.23,16.97,17.03,17.24,-0.21,-1.2181,314928.85,537843.982,0.4234,0.7419,1.09,17.5652,13.7382,1.2228,5.0656,4.3231,1.6147,2.2628,890844.8159,743762.0979,424501.3083,15171087.2148,12666268.5272,,,1.127
601211,国泰君安,证券,上海,20150626,601211.SH,20201225,17.05,17.32,17.02,17.24,17.1,0.14,0.8187,222452.78,382237.36,0.2991,0.524,0.75,17.7818,13.9076,1.2379,5.1281,4.3764,1.595,2.2352,890844.8159,743762.0979,424501.3083,15358164.6261,12822458.5678,,,1.127
601211,国泰君安,证券,上海,20150626,601211.SH,20201224,17.3,17.38,16.98,17.1,17.28,-0.18,-1.0417,238657.89,409231.056,0.3209,0.5622,0.74,17.6374,13.7947,1.2279,5.0864,4.3409,1.6081,2.2535,890844.8159,743762.0979,424501.3083,15233446.3519,12718331.8741,,,1.127
601211,国泰君安,证券,上海,20150626,601211.SH,20201223,17.28,17.4,17.17,17.28,17.22,0.06,0.3484,267387.4,461573.024,0.3595,0.6299,0.86,17.823,13.9399,1.2408,5.14,4.3866,1.5913,2.2301,890844.8159,743762.0979,424501.3083,15393798.4188,12852209.0517,,,1.127
601211,国泰君安,证券,上海,20150626,601211.SH,20201222,17.91,17.91,17.2,17.22,17.92,-0.7,-3.9063,470520.09,824442.598,0.6326,1.1084,1.79,17.7611,13.8915,1.2365,5.1221,4.3714,1.5969,2.2378,890844.8159,743762.0979,424501.3083,15340347.7298,12807583.3258,,,1.127
601211,国泰君安,证券,上海,20150626,601211.SH,20201221,17.83,18.04,17.72,17.92,17.92,0.0,0.0,247052.5,441577.344,0.3322,0.582,0.94,18.4831,14.4562,1.2867,5.3303,4.549,1.5345,2.1504,890844.8159,743762.0979,424501.3083,15963939.1009,13328216.7944,,,1.127
601211,国泰君安,证券,上海,20150626,601211.SH,20201218,17.9,17.98,17.73,17.92,18.02,-0.1,-0.5549,254198.32,453916.345,0.3418,0.5988,0.81,18.4831,14.4562,1.2867,5.3303,4.549,1.5345,2.1504,890844.8159,743762.0979,424501.3083,15963939.1009,13328216.7944,19.84,16.24,1.127
601211,国泰君安,证券,上海,20150626,601211.SH,20201217,17.65,18.02,17.57,18.02,17.69,0.33,1.8655,374003.42,666535.848,0.5029,0.881,1.16,18.5863,14.5369,1.2939,5.3601,4.5744,1.526,2.1385,890844.8159,743762.0979,424501.3083,16053023.5825,13402593.0042,,,1.127
601211,国泰君安,证券,上海,20150626,601211.SH,20201216,17.74,17.85,17.65,17.69,17.77,-0.08,-0.4502,213457.58,378538.299,0.287,0.5028,0.59,18.2459,14.2706,1.2702,5.2619,4.4907,1.5544,2.1784,890844.8159,743762.0979,424501.3083,15759044.7933,13157151.5119,,,1.127
601211,国泰君安,证券,上海,20150626,601211.SH,20201215,17.74,17.91,17.67,17.77,17.78,-0.01,-0.0562,227723.41,404847.538,0.3062,0.5364,0.61,18.3284,14.3352,1.276,5.2857,4.511,1.5474,2.1686,890844.8159,743762.0979,424501.3083,15830312.3785,13216652.4797,19.53,15.98,1.127
601211,国泰君安,证券,上海,20150626,601211.SH,20201214,17.8,17.83,17.65,17.78,17.79,-0.01,-0.0562,242755.76,430484.237,0.3264,0.5719,0.62,18.3387,14.3432,1.2767,5.2887,4.5135,1.5466,2.1674,890844.8159,743762.0979,424501.3083,15839220.8267,13224090.1007,,,1.127
601211,国泰君安,证券,上海,20150626,601211.SH,20201211,18.06,18.23,17.59,17.79,18.01,-0.22,-1.2215,518525.04,928476.002,0.6972,1.2215,1.46,18.349,14.3513,1.2774,5.2917,4.516,1.5457,2.1661,890844.8159,743762.0979,424501.3083,15848129.2749,13231527.7216,,,1.127
601211,国泰君安,证券,上海,20150626,601211.SH,20201210,18.02,18.14,17.91,18.01,18.05,-0.04,-0.2216,408971.46,737512.472,0.5499,0.9634,1.18,18.5759,14.5288,1.2932,5.3571,4.5719,1.5268,2.1397,890844.8159,743762.0979,424501.3083,16044115.1344,13395155.3832,,,1.127
601211,国泰君安,证券,上海,20150626,601211.SH,20201209,18.49,18.61,18.04,18.05,18.44,-0.39,-2.115,416339.49,763525.698,0.5598,0.9808,1.09,18.6172,14.5611,1.2961,5.369,4.582,1.5234,2.1349,890844.8159,743762.0979,424501.3083,16079748.927,13424905.8671,,,1.127
601211,国泰君安,证券,上海,20150626,601211.SH,20201208,18.52,18.64,18.39,18.44,18.51,-0.07,-0.3782,270491.68,500973.433,0.3637,0.6372,0.59,19.0195,14.8757,1.3241,5.485,4.6811,1.4912,2.0898,890844.8159,743762.0979,424501.3083,16427178.4052,13714973.0853,,,1.127
601211,国泰君安,证券,上海,20150626,601211.SH,20201207,18.89,18.92,18.5,18.51,18.89,-0.38,-2.0116,347479.21,648702.736,0.4672,0.8186,0.62,19.0917,14.9321,1.3291,5.5058,4.6988,1.4856,2.0819,890844.8159,743762.0979,424501.3083,16489537.5423,13767036.4321,,,1.127
601211,国泰君安,证券,上海,20150626,601211.SH,20201204,19.05,19.08,18.72,18.89,19.09,-0.2,-1.0477,333166.63,628341.767,0.4479,0.7848,0.6,19.4836,15.2387,1.3564,5.6188,4.7953,1.4557,2.04,890844.8159,743762.0979,424501.3083,16828058.5724,14049666.0293,,,1.127
601211,国泰君安,证券,上海,20150626,601211.SH,20201203,19.17,19.31,19.03,19.09,19.18,-0.09,-0.4692,367769.99,704347.725,0.4945,0.8664,0.69,19.6899,15.4,1.3708,5.6783,4.8461,1.4404,2.0186,890844.8159,743762.0979,424501.3083,17006227.5355,14198418.4489,,,1.127
601211,国泰君安,证券,上海,20150626,601211.SH,20201202,19.21,19.43,19.02,19.18,19.29,-0.11,-0.5702,589664.85,1132261.697,0.7928,1.3891,1.25,19.7827,15.4726,1.3772,5.7051,4.8689,1.4337,2.0092,890844.8159,743762.0979,424501.3083,17086403.569,14265357.0377,,,1.127
601211,国泰君安,证券,上海,20150626,601211.SH,20201201,18.77,19.42,18.66,19.29,18.72,0.57,3.0449,649491.2,1236111.718,0.8733,1.53,1.56,19.8962,15.5614,1.3851,5.7378,4.8968,1.4255,1.9977,890844.8107,743762.0927,424501.3031,17184396.3984,14347170.7682,,,1.127
601211,国泰君安,证券,上海,20150626,601211.SH,20201130,19.1,19.54,18.72,18.72,18.94,-0.22,-1.1616,842423.33,1621650.652,1.1327,1.9845,2.05,19.3083,15.1016,1.3442,5.5683,4.7521,1.4689,2.0585,890844.8107,743762.0927,424501.3031,16676614.8563,13923226.3753,,,1.127
601211,国泰君安,证券,上海,20150626,601211.SH,20201127,18.64,19.0,18.62,18.94,18.66,0.28,1.5005,343878.4,646407.916,0.4623,0.8101,0.9,19.5352,15.279,1.36,5.6337,4.808,1.4519,2.0346,890844.8107,743762.0927,424501.3031,16872600.7147,14086854.0357,,,1.127
601211,国泰君安,证券,上海,20150626,601211.SH,20201126,18.53,18.79,18.53,18.66,18.57,0.09,0.4847,230527.38,429649.695,0.3099,0.5431,0.59,19.2464,15.0532,1.3399,5.5504,4.7369,1.4736,2.0651,890844.8107,743762.0927,424501.3031,16623164.1677,13878600.6498,,,1.127
601211,国泰君安,证券,上海,20150626,601211.SH,20201125,18.93,19.0,18.56,18.57,18.79,-0.22,-1.1708,297023.4,557937.273,0.3994,0.6997,0.75,19.1535,14.9805,1.3334,5.5237,4.7141,1.4808,2.0752,890844.8107,743762.0927,424501.3031,16542988.1347,13811662.0614,,,1.127
601211,国泰君安,证券,上海,20150626,601211.SH,20201124,18.81,18.95,18.73,18.79,18.92,-0.13,-0.6871,365805.57,688724.499,0.4918,0.8617,0.97,19.3805,15.158,1.3492,5.5891,4.7699,1.4634,2.0509,890844.8107,743762.0927,424501.3031,16738973.9931,13975289.7218,,,1.127
601211,国泰君安,证券,上海,20150626,601211.SH,20201123,18.31,19.1,18.24,18.92,18.31,0.61,3.3315,815423.25,1530793.796,1.0963,1.9209,2.9,19.5145,15.2629,1.3586,5.6278,4.8029,1.4534,2.0368,890844.8107,743762.0927,424501.3031,16854783.8184,14071978.7939,,,1.127
601211,国泰君安,证券,上海,20150626,601211.SH,20201120,18.26,18.36,18.21,18.31,18.29,0.02,0.1093,206474.11,377733.42,0.2776,0.4864,0.64,18.8854,14.7708,1.3148,5.4463,4.6481,1.5018,2.1046,890844.8107,743762.0927,424501.3031,16311368.4839,13618283.9173,,,1.127
601211,国泰君安,证券,上海,20150626,601211.SH,20201119,18.15,18.37,18.05,18.29,18.24,0.05,0.2741,256172.17,466061.789,0.3444,0.6035,0.78,18.8647,14.7547,1.3133,5.4404,4.643,1.5035,2.1069,890844.8107,743762.0927,424501.3031,16293551.5877,13603408.6755,,,1.127
601211,国泰君安,证券,上海,20150626,601211.SH,20201118,18.16,18.38,18.12,18.24,18.15,0.09,0.4959,333267.48,609480.943,0.4481,0.7851,1.03,18.8132,14.7143,1.3097,5.4255,4.6303,1.5076,2.1127,890844.8107,743762.0927,424501.3031,16249009.3472,13566220.5708,,,1.127
601211,国泰君安,证券,上海,20150626,601211.SH,20201117,18.19,18.21,18.01,18.15,18.16,-0.01,-0.0551,281706.38,509614.504,0.3788,0.6636,0.79,18.7203,14.6417,1.3033,5.3987,4.6074,1.5151,2.1232,890844.8107,743762.0927,424501.3031,16168833.3142,13499281.9825,,,1.127
601211,国泰君安,证券,上海,20150626,601211.SH,20201116,18.16,18.22,18.02,18.16,18.05,0.11,0.6094,329314.73,596930.755,0.4428,0.7758,0.78,18.7307,14.6498,1.304,5.4017,4.61,1.5142,2.122,890844.8107,743762.0927,424501.3031,16177741.7623,13506719.6034,,,1.127
601211,国泰君安,证券,上海,20150626,601211.SH,20201113,18.29,18.34,17.94,18.05,18.38,-0.33,-1.7954,422216.44,764145.081,0.5677,0.9946,1.02,18.6172,14.5611,1.2961,5.369,4.582,1.5234,2.1349,890844.8107,743762.0927,424501.3031,16079748.8331,13424905.7732,,,1.127
601211,国泰君安,证券,上海,20150626,601211.SH,20201112,18.7,18.74,18.36,18.38,18.69,-0.31,-1.6586,285588.98,527990.158,0.384,0.6728,0.68,18.9576,14.8273,1.3198,5.4671,4.6658,1.4961,2.0966,890844.8107,743762.0927,424501.3031,16373727.6207,13670347.2638,,,1.127
601211,国泰君安,证券,上海,20150626,601211.SH,20201111,18.96,18.98,18.66,18.69,18.91,-0.22,-1.1634,305630.39,574150.016,0.4109,0.72,0.74,19.2773,15.0774,1.342,5.5594,4.7445,1.4713,2.0618,890844.8107,743762.0927,424501.3031,16649889.512,13900913.5126,,,1.127
601211,国泰君安,证券,上海,20150626,601211.SH,20201110,19.11,19.28,18.86,18.91,19.11,-0.2,-1.0466,447201.89,851621.358,0.6013,1.0535,1.15,19.5042,15.2548,1.3578,5.6248,4.8004,1.4542,2.0378,890844.8107,743762.0927,424501.3031,16845875.3703,14064541.173,,,1.127
601211,国泰君安,证券,上海,20150626,601211.SH,20201109,18.79,19.36,18.73,19.11,18.68,0.43,2.3019,650987.24,1241742.99,0.8753,1.5335,1.82,19.7105,15.4162,1.3722,5.6843,4.8511,1.4389,2.0165,890844.8107,743762.0927,424501.3031,17024044.3325,14213293.5915,,,1.127
601211,国泰君安,证券,上海,20150626,601211.SH,20201106,18.6,18.85,18.45,18.68,18.57,0.11,0.5924,374302.1,697900.734,0.5033,0.8817,1.01,19.267,15.0693,1.3413,5.5564,4.742,1.4721,2.0629,890844.8107,743762.0927,424501.3031,16640981.0639,13893475.8916,,,1.127
601211,国泰君安,证券,上海,20150626,601211.SH,20201105,18.5,18.66,18.38,18.57,18.26,0.31,1.6977,325473.8,603200.075,0.4376,0.7667,0.79,19.1535,14.9805,1.3334,5.5237,4.7141,1.4808,2.0752,890844.8107,743762.0927,424501.3031,16542988.1347,13811662.0614,,,1.127
601211,国泰君安,证券,上海,20150626,601211.SH,20201104,18.4,18.48,18.14,18.26,18.41,-0.15,-0.8148,253968.3,464705.666,0.3415,0.5983,0.63,18.8338,14.7305,1.3112,5.4315,4.6354,1.5059,2.1104,890844.8107,743762.0927,424501.3031,16266826.2434,13581095.8127,,,1.127
601211,国泰君安,证券,上海,20150626,601211.SH,20201103,18.06,18.56,18.0,18.41,17.97,0.44,2.4485,343555.14,628984.415,0.4619,0.7945,0.94,18.9885,14.8515,1.3219,5.4761,4.6734,1.4937,2.0932,890844.8107,743762.0927,432401.2716,16400452.965,13692660.1266,,,1.127
601211,国泰君安,证券,上海,20150626,601211.SH,20201102,18.54,18.76,17.78,17.97,18.4,-0.43,-2.337,491864.56,896540.352,0.6544,1.1375,1.51,18.5347,14.4965,1.2903,5.3452,4.5617,1.5302,2.1444,890844.7792,751662.0612,432401.2716,16008480.6822,13507367.2398,,,1.127
601211,国泰君安,证券,上海,20150626,601211.SH,20201030,18.71,18.92,18.4,18.4,18.76,-0.36,-1.919,432594.95,809268.968,0.5755,1.0004,1.55,18.9782,14.8434,1.3212,5.4731,4.6709,1.4945,2.0943,890844.7792,751662.0612,432401.2716,16391543.9373,13830581.9261,,,1.127
601211,国泰君安,证券,上海,20150626,601211.SH,20201029,18.14,18.98,18.1,18.76,18.24,0.52,2.8509,529293.8,984725.084,0.7042,1.2241,2.52,19.3495,15.1338,1.3471,5.5802,4.7623,1.4658,2.0541,890844.7792,751662.0612,432401.2716,16712248.0578,14101180.2681,,,1.127
601211,国泰君安,证券,上海,20150626,601211.SH,20201028,18.06,18.27,18.01,18.24,18.05,0.19,1.0526,206962.17,375271.629,0.2753,0.4786,1.02,18.8132,17.9139,1.3413,5.4255,5.1313,1.5076,2.1127,890844.7792,751662.0612,432401.2716,16249008.7726,13710315.9963,,,1.127
601211,国泰君安,证券,上海,20150626,601211.SH,20201027,18.07,18.14,17.99,18.05,18.1,-0.05,-0.2762,172360.31,311189.009,0.2293,0.3986,0.82,18.6172,17.7273,1.3273,5.369,5.0779,1.5234,2.1349,890844.7792,751662.0612,432401.2716,16079748.2646,13567500.2047,,,1.127
601211,国泰君安,证券,上海,20150626,601211.SH,20201026,18.27,18.39,18.0,18.1,18.33,-0.23,-1.2548,286398.18,518835.632,0.381,0.6623,1.38,18.6688,17.7764,1.331,5.3839,5.092,1.5192,2.129,890844.7792,751662.0612,432401.2716,16124290.5035,13605083.3077,,,1.127
601211,国泰君安,证券,上海,20150626,601211.SH,20201023,18.36,18.55,18.29,18.33,18.35,-0.02,-0.109,201815.67,371952.965,0.2685,0.4667,0.96,18.906,18.0023,1.3479,5.4523,5.1567,1.5002,2.1023,890844.7792,751662.0612,432401.2716,16329184.8027,13777965.5818,,,1.127
601211,国泰君安,证券,上海,20150626,601211.SH,20201022,18.35,18.55,18.29,18.35,18.38,-0.03,-0.1632,182369.99,335307.498,0.2426,0.4218,0.87,18.9266,18.0219,1.3494,5.4582,5.1623,1.4985,2.1,890844.7792,751662.0612,432401.2716,16347001.6983,13792998.823,,,1.127
601211,国泰君安,证券,上海,20150626,601211.SH,20201021,18.42,18.46,18.27,18.38,18.4,-0.02,-0.1087,175285.08,321559.683,0.2332,0.4054,0.81,18.9576,18.0514,1.3516,5.4671,5.1707,1.4961,2.0966,890844.7792,751662.0612,432401.2716,16373727.0417,13815548.6849,20.22,16.54,1.127
601211,国泰君安,证券,上海,20150626,601211.SH,20201020,18.45,18.47,18.28,18.4,18.51,-0.11,-0.5943,210466.46,386543.005,0.28,0.4867,0.94,18.9782,18.071,1.353,5.4731,5.1763,1.4945,2.0943,890844.7792,751662.0612,432401.2716,16391543.9373,13830581.9261,,,1.127
601211,国泰君安,证券,上海,20150626,601211.SH,20201019,18.77,18.98,18.49,18.51,18.67,-0.16,-0.857,269917.03,505532.474,0.3591,0.6242,1.03,19.0917,18.179,1.3611,5.5058,5.2073,1.4856,2.0819,890844.7792,751662.0612,432401.2716,16489536.863,13913264.7528,,,1.127
601211,国泰君安,证券,上海,20150626,601211.SH,20201016,18.65,18.79,18.6,18.67,18.61,0.06,0.3224,210982.28,394178.534,0.2807,0.4879,0.79,19.2567,18.3362,1.3729,5.5534,5.2523,1.4729,2.064,890844.7792,751662.0612,432401.2716,16632072.0277,14033530.6826,,,1.127
601211,国泰君安,证券,上海,20150626,601211.SH,20201015,18.6,18.8,18.51,18.61,18.6,0.01,0.0538,177269.49,330631.152,0.2358,0.41,0.64,19.1948,18.2772,1.3685,5.5356,5.2354,1.4776,2.0707,890844.7792,751662.0612,432401.2716,16578621.3409,13988430.9589,,,1.127
601211,国泰君安,证券,上海,20150626,601211.SH,20201014,18.77,18.79,18.51,18.6,18.76,-0.16,-0.8529,219362.56,408417.197,0.2918,0.5073,0.8,19.1845,18.2674,1.3677,5.5326,5.2326,1.4784,2.0718,890844.7792,751662.0612,432401.2716,16569712.8931,13980914.3383,,,1.127
601211,国泰君安,证券,上海,20150626,601211.SH,20201013,18.84,18.9,18.71,18.76,19.0,-0.24,-1.2632,244843.47,460044.213,0.3257,0.5662,0.91,19.3495,18.4246,1.3795,5.5802,5.2776,1.4658,2.0541,890844.7792,751662.0612,432401.2716,16712248.0578,14101180.2681,,,1.127
601211,国泰君安,证券,上海,20150626,601211.SH,20201012,18.6,19.09,18.58,19.0,18.54,0.46,2.4811,455848.32,861606.638,0.6065,1.0542,1.78,19.5971,18.6603,1.3972,5.6516,5.3451,1.4473,2.0282,890844.7792,751662.0612,432401.2716,16926050.8048,14281579.1628,,,1.127
601211,国泰君安,证券,上海,20150626,601211.SH,20201009,18.45,18.6,18.4,18.54,18.24,0.3,1.6447,235676.91,436581.87,0.3136,0.5451,0.87,19.1215,18.2075,1.3634,5.5144,5.2154,1.4832,2.0785,890795.0897,751612.3717,432351.5821,16515340.963,13934893.3713,,,1.127
601211,国泰君安,证券,上海,20150626,601211.SH,20200930,18.46,18.49,18.15,18.24,18.41,-0.17,-0.9234,236461.88,432904.017,0.3146,0.5469,0.84,18.8121,17.9129,1.3413,5.4252,5.1311,1.5077,2.1128,890795.0897,751612.3717,432351.5821,16248102.4361,13709409.6598,20.24,16.56,1.127
601211,国泰君安,证券,上海,20150626,601211.SH,20200929,18.54,18.55,18.39,18.41,18.4,0.01,0.0543,191734.85,353916.902,0.2551,0.4435,0.58,18.9875,18.0798,1.3538,5.4758,5.1789,1.4938,2.0933,890795.0897,751612.3717,432351.5821,16399537.6014,13837183.763,,,1.127
601211,国泰君安,证券,上海,20150626,601211.SH,20200928,18.38,18.5,18.3,18.4,18.5,-0.1,-0.5405,222877.81,410304.412,0.2965,0.5155,0.59,18.9771,18.07,1.3531,5.4728,5.1761,1.4946,2.0945,890795.0897,751612.3717,432351.5821,16390629.6505,13829667.6393,,,1.127
601211,国泰君安,证券,上海,20150626,601211.SH,20200925,18.24,18.79,18.13,18.5,18.16,0.34,1.8722,395430.2,729046.716,0.5261,0.9146,0.93,19.0803,18.1682,1.3604,5.5025,5.2042,1.4865,2.0831,890795.0897,751612.3717,432351.5821,16479709.1595,13904828.8765,,,1.127
601211,国泰君安,证券,上海,20150626,601211.SH,20200924,18.24,18.39,18.14,18.16,18.36,-0.2,-1.0893,311725.52,567741.733,0.4147,0.721,0.75,18.7296,17.8343,1.3354,5.4014,5.1085,1.5143,2.1221,890795.0897,751612.3717,432351.5821,16176838.829,13649280.6701,,,1.127
601211,国泰君安,证券,上海,20150626,601211.SH,20200923,18.56,18.66,18.3,18.36,18.52,-0.16,-0.8639,281404.3,519617.604,0.3744,0.6509,0.71,18.9359,18.0307,1.3501,5.4609,5.1648,1.4978,2.099,890795.0897,751612.3717,432351.5821,16354997.8469,13799603.1444,,,1.127
601211,国泰君安,证券,上海,20150626,601211.SH,20200922,18.5,19.0,18.47,18.52,18.61,-0.09,-0.4836,451143.56,843450.757,0.6002,1.0435,1.32,19.1009,18.1878,1.3619,5.5085,5.2098,1.4849,2.0809,890795.0897,751612.3717,432351.5821,16497525.0612,13919861.1239,,,1.127
601211,国泰君安,证券,上海,20150626,601211.SH,20200921,19.11,19.23,18.61,18.61,18.8,-0.19,-1.0106,458119.43,866068.661,0.6095,1.0596,1.58,19.1937,18.2762,1.3685,5.5353,5.2351,1.4777,2.0708,890795.0897,751612.3717,432351.5821,16577696.6193,13987506.2373,,,1.127
601211,国泰君安,证券,上海,20150626,601211.SH,20200918,18.23,18.83,18.12,18.8,18.1,0.7,3.8674,632737.35,1171349.707,0.8418,1.4635,2.96,19.3897,18.4628,1.3825,5.5918,5.2886,1.4628,2.0499,890795.0897,751612.3717,432351.5821,16746947.6864,14130312.588,,,1.127
601211,国泰君安,证券,上海,20150626,601211.SH,20200917,18.34,18.38,18.08,18.1,18.39,-0.29,-1.5769,245196.29,446408.535,0.3262,0.5671,1.07,18.6677,17.7754,1.331,5.3836,5.0917,1.5193,2.1292,890795.0897,751612.3717,432351.5821,16123391.1236,13604183.9278,,,1.127
601211,国泰君安,证券,上海,20150626,601211.SH,20200916,18.4,18.56,18.26,18.39,18.41,-0.02,-0.1086,196817.33,362770.747,0.2619,0.4552,0.79,18.9668,18.0602,1.3523,5.4698,5.1732,1.4954,2.0956,890795.0897,751612.3717,432351.5821,16381721.6996,13822151.5156,,,1.127
601211,国泰君安,证券,上海,20150626,601211.SH,20200915,18.35,18.45,18.31,18.41,18.35,0.06,0.327,170912.83,313938.832,0.2274,0.3953,0.57,18.9875,18.0798,1.3538,5.4758,5.1789,1.4938,2.0933,890795.0897,751612.3717,432351.5821,16399537.6014,13837183.763,,,1.127
601211,国泰君安,证券,上海,20150626,601211.SH,20200914,18.43,18.49,18.26,18.35,18.33,0.02,0.1091,207952.89,381055.144,0.2767,0.481,0.62,18.9256,18.0209,1.3494,5.4579,5.162,1.4986,2.1002,890795.0897,751612.3717,432351.5821,16346089.896,13792087.0207,,,1.127
601211,国泰君安,证券,上海,20150626,601211.SH,20200911,18.39,18.52,18.15,18.33,18.41,-0.08,-0.4345,246891.65,452480.711,0.3285,0.571,0.71,18.9049,18.0012,1.3479,5.452,5.1564,1.5003,2.1025,890795.0897,751612.3717,432351.5821,16328273.9942,13777054.7733,,,1.127
601211,国泰君安,证券,上海,20150626,601211.SH,20200910,18.8,18.88,18.39,18.41,18.7,-0.29,-1.5508,326472.77,608776.049,0.4344,0.7551,0.86,18.9875,18.0798,1.3538,5.4758,5.1789,1.4938,2.0933,890795.0897,751612.3717,432351.5821,16399537.6014,13837183.763,,,1.127
601211,国泰君安,证券,上海,20150626,601211.SH,20200909,18.77,19.0,18.64,18.7,19.02,-0.32,-1.6824,299046.56,562606.943,0.3979,0.6917,0.75,19.2866,18.3646,1.3751,5.562,5.2605,1.4706,2.0609,890795.0897,751612.3717,432351.5821,16657868.1774,14055151.3508,,,1.127
601211,国泰君安,证券,上海,20150626,601211.SH,20200908,18.59,19.06,18.57,19.02,18.52,0.5,2.6998,413476.07,779144.602,0.5501,0.9563,1.08,19.6166,18.6789,1.3987,5.6572,5.3505,1.4458,2.0262,890795.0897,751612.3717,432351.5821,16942922.6061,14295667.3097,,,1.127
601211,国泰君安,证券,上海,20150626,601211.SH,20200907,18.75,19.1,18.48,18.52,18.78,-0.26,-1.3845,391692.35,736252.633,0.5211,0.906,0.9,19.1009,18.1878,1.3619,5.5085,5.2098,1.4849,2.0809,890795.0897,751612.3717,432351.5821,16497525.0612,13919861.1239,,,1.127
601211,国泰君安,证券,上海,20150626,601211.SH,20200904,18.85,18.98,18.7,18.78,19.04,-0.26,-1.3655,302310.11,568410.047,0.4022,0.6992,0.64,19.3691,18.4432,1.381,5.5858,5.283,1.4643,2.0521,890795.0897,751612.3717,432351.5821,16729131.7846,14115280.3405,,,1.127
601211,国泰君安,证券,上海,20150626,601211.SH,20200903,19.3,19.51,19.02,19.04,19.31,-0.27,-1.3982,490792.2,943472.798,0.653,1.1352,1.1,19.6372,18.6985,1.4001,5.6631,5.3561,1.4443,2.0241,890795.0897,751612.3717,432351.5821,16960738.5079,14310699.5572,,,1.127
601211,国泰君安,证券,上海,20150626,601211.SH,20200902,19.46,19.55,19.16,19.31,19.44,-0.13,-0.6687,389288.62,753569.105,0.5179,0.9004,0.8,19.9157,18.9637,1.42,5.7435,5.432,1.4241,1.9958,890795.0897,751612.3717,432351.5821,17201253.1821,14513634.8975,,,1.127
601211,国泰君安,证券,上海,20150626,601211.SH,20200901,19.34,19.52,19.3,19.44,19.34,0.1,0.5171,344766.52,668912.85,0.4587,0.7974,0.69,20.0498,19.0913,1.4295,5.7821,5.4686,1.4146,1.9824,890795.0163,751612.2983,432351.5087,17317055.1169,14611343.079,,,1.127
601211,国泰君安,证券,上海,20150626,601211.SH,20200831,19.8,20.07,19.34,19.34,19.7,-0.36,-1.8274,653765.06,1294045.169,0.8698,1.5121,1.44,19.9466,18.9931,1.4222,5.7524,5.4405,1.4219,1.9927,890795.0163,751612.2983,432351.5087,17227975.6152,14536181.8491,,,1.127
601211,国泰君安,证券,上海,20150626,601211.SH,20200828,19.28,19.75,19.17,19.7,19.28,0.42,2.1784,485360.32,945345.672,0.6458,1.1226,1.09,20.3179,19.3467,1.4487,5.8595,5.5418,1.3959,1.9563,890795.0163,751612.2983,432351.5087,17548661.8211,14806762.2765,,,1.127
601211,国泰君安,证券,上海,20150626,601211.SH,20200827,19.41,19.45,19.17,19.28,19.34,-0.06,-0.3102,362402.22,699167.159,0.4822,0.8382,0.76,19.8847,18.9342,1.4178,5.7345,5.4236,1.4263,1.9989,890795.0163,751612.2983,432351.5087,17174527.9143,14491085.1112,,,1.127
601211,国泰君安,证券,上海,20150626,601211.SH,20200826,19.45,19.8,19.25,19.34,19.45,-0.11,-0.5656,586411.11,1142759.69,0.7802,1.3563,1.27,19.9466,18.9931,1.4222,5.7524,5.4405,1.4219,1.9927,890795.0163,751612.2983,432351.5087,17227975.6152,14536181.8491,,,1.127
601211,国泰君安,证券,上海,20150626,601211.SH,20200825,19.46,19.67,19.32,19.45,19.39,0.06,0.3094,407597.06,793955.025,0.5423,0.9427,0.82,20.0601,19.1012,1.4303,5.7851,5.4714,1.4139,1.9814,890795.0163,751612.2983,432351.5087,17325963.067,14618859.2019,,,1.127
601211,国泰君安,证券,上海,20150626,601211.SH,20200824,19.65,19.75,19.32,19.39,19.54,-0.15,-0.7677,434477.86,849775.724,0.5781,1.0049,0.66,19.9982,19.0422,1.4259,5.7672,5.4546,1.4183,1.9875,890795.0163,751612.2983,432351.5087,17272515.3661,14573762.464,,,1.127
601211,国泰君安,证券,上海,20150626,601211.SH,20200821,19.44,19.63,19.26,19.54,19.22,0.32,1.6649,435465.2,845395.614,0.5794,1.0072,0.61,20.1529,19.1895,1.4369,5.8119,5.4967,1.4074,1.9723,890795.0163,751612.2983,432351.5087,17406134.6185,14686504.3088,20.19,16.52,1.127
601211,国泰君安,证券,上海,20150626,601211.SH,20200820,19.34,19.4,19.09,19.22,19.48,-0.26,-1.3347,517224.99,994648.408,0.6882,1.1963,0.74,19.8229,18.8753,1.4134,5.7167,5.4067,1.4308,2.0051,890795.0163,751612.2983,432351.5087,17121080.2133,14445988.3733,,,1.127
601211,国泰君安,证券,上海,20150626,601211.SH,20200819,19.65,19.96,19.42,19.48,19.65,-0.17,-0.8651,521785.42,1028439.733,0.6942,1.2069,0.75,20.091,19.1306,1.4325,5.794,5.4799,1.4117,1.9783,890795.0163,751612.2983,432351.5087,17352686.9175,14641407.5709,,,1.127
601211,国泰君安,证券,上海,20150626,601211.SH,20200818,19.93,20.0,19.61,19.65,19.9,-0.25,-1.2563,572860.43,1133905.802,0.7622,1.325,0.84,20.2663,19.2976,1.445,5.8446,5.5277,1.3995,1.9612,890795.0163,751612.2983,432351.5087,17504122.0703,14769181.6616,,,1.127
601211,国泰君安,证券,上海,20150626,601211.SH,20200817,19.39,20.44,19.37,19.9,19.0,0.9,4.7368,1253662.43,2503680.249,1.668,2.8996,2.18,20.5242,19.5431,1.4634,5.9189,5.598,1.3819,1.9366,890795.0163,751612.2983,432351.5087,17726820.8244,14957084.7362,20.92,17.12,1.127
601211,国泰君安,证券,上海,20150626,601211.SH,20200814,18.47,19.06,18.43,19.0,18.47,0.53,2.8695,679379.99,1277697.778,0.9039,1.5714,1.17,19.596,18.6592,1.3972,5.6513,5.3448,1.4474,2.0283,890795.0163,751612.2983,432351.5087,16925105.3097,14280633.6677,,,1.127
601211,国泰君安,证券,上海,20150626,601211.SH,20200813,18.25,18.65,18.11,18.47,18.15,0.32,1.7631,474448.72,872722.105,0.6312,1.0974,0.77,19.0493,18.1387,1.3582,5.4936,5.1958,1.4889,2.0865,890795.0163,751612.2983,432351.5087,16452983.9511,13882279.1496,,,1.127
601211,国泰君安,证券,上海,20150626,601211.SH,20200812,18.19,18.3,17.9,18.15,18.23,-0.08,-0.4388,496449.67,898757.618,0.6605,1.1483,0.83,18.7193,21.6806,1.3543,5.3984,5.4995,1.5152,2.1233,890795.0163,751612.2983,432351.5087,16167929.5458,13641763.2141,,,1.127
601211,国泰君安,证券,上海,20150626,601211.SH,20200811,19.0,19.16,18.57,18.62,18.9,-0.28,-1.4815,525451.12,992714.577,0.6991,1.2153,0.88,19.204,22.242,1.3505,5.5382,5.6419,1.4769,1.4769,890795.0163,751612.2983,432351.5087,16586603.2035,13995020.9943,,,1.127
601211,国泰君安,证券,上海,20150626,601211.SH,20200810,18.45,19.17,18.42,18.9,18.6,0.3,1.6129,696569.19,1313099.422,0.9268,1.6111,1.21,19.4928,22.5765,1.3708,5.6215,5.7268,1.455,1.455,890795.0163,751612.2983,432351.5087,16836025.8081,14205472.4379,,,1.127
601211,国泰君安,证券,上海,20150626,601211.SH,20200807,18.93,18.93,18.37,18.6,19.15,-0.55,-2.8721,701057.64,1306846.029,0.9327,1.6215,1.27,19.1834,22.2181,1.349,5.5323,5.6359,1.4785,1.4785,890795.0163,751612.2983,432351.5087,16568787.3032,13979988.7484,,,1.127
601211,国泰君安,证券,上海,20150626,601211.SH,20200806,18.83,19.24,18.46,19.15,18.75,0.4,2.1333,651418.18,1223133.92,0.8667,1.5067,1.25,19.7507,22.8751,1.3889,5.6959,5.8025,1.436,1.436,890795.0163,751612.2983,432351.5087,17058724.5621,14393375.5124,,,1.127
601211,国泰君安,证券,上海,20150626,601211.SH,20200805,18.98,18.98,18.6,18.75,18.95,-0.2,-1.0554,406606.84,762460.121,0.541,0.9405,0.73,19.3381,22.3973,1.3599,5.5769,5.6813,1.4667,1.4667,890795.0163,751612.2983,432351.5087,16702406.5556,14092730.5931,,,1.127
601211,国泰君安,证券,上海,20150626,601211.SH,20200804,18.99,19.18,18.78,18.95,18.91,0.04,0.2115,514949.58,976947.99,0.6851,1.191,0.98,19.5444,22.6362,1.3744,5.6364,5.7419,1.4512,1.4512,890794.9906,751612.2726,432351.483,16880565.0719,14243052.5658,,,1.127
601211,国泰君安,证券,上海,20150626,601211.SH,20200803,18.79,18.96,18.55,18.91,18.48,0.43,2.3268,599578.04,1125716.507,0.7977,1.3868,1.24,19.5031,22.5884,1.3715,5.6245,5.7298,1.4543,1.4543,890794.9906,751612.2726,432351.483,16844933.2722,14212988.0749,,,1.127
601211,国泰君安,证券,上海,20150626,601211.SH,20200731,18.37,18.81,18.23,18.48,18.4,0.08,0.4348,586005.56,1086129.937,0.7797,1.3554,1.13,19.0597,22.0748,1.3403,5.4966,5.5995,1.4881,1.4881,890794.9906,751612.2726,432351.483,16461891.4263,13889794.7976,,,1.127
601211,国泰君安,证券,上海,20150626,601211.SH,20200730,18.81,18.81,18.39,18.4,18.87,-0.47,-2.4907,490956.15,912147.397,0.6532,1.1355,0.91,18.9771,21.9792,1.3345,5.4728,5.5753,1.4946,1.4946,890794.9906,751612.2726,432351.483,16390627.827,13829665.8158,,,1.127
601211,国泰君安,证券,上海,20150626,601211.SH,20200729,18.27,18.91,18.16,18.87,18.26,0.61,3.3406,604781.55,1126601.429,0.8046,1.3988,1.06,19.4619,22.5406,1.3686,5.6126,5.7177,1.4573,1.4573,890794.9906,751612.2726,432351.483,16809301.4726,14182923.584,,,1.127
601211,国泰君安,证券,上海,20150626,601211.SH,20200728,18.6,18.64,18.12,18.26,18.41,-0.15,-0.8148,339678.08,623004.404,0.4519,0.7857,0.57,18.8327,21.812,1.3244,5.4311,5.5328,1.506,1.506,890794.9906,751612.2726,432351.483,16265916.5284,13724440.0977,,,1.127
601211,国泰君安,证券,上海,20150626,601211.SH,20200727,18.5,18.58,18.05,18.41,18.35,0.06,0.327,405393.65,743881.021,0.5394,0.9376,0.61,18.9875,21.9912,1.3352,5.4758,5.5783,1.4938,1.4938,890794.9906,751612.2726,432351.483,16399535.7769,13837181.9386,,,1.127
601211,国泰君安,证券,上海,20150626,601211.SH,20200724,19.0,19.19,18.04,18.35,19.19,-0.84,-4.3773,744488.24,1390095.478,0.9905,1.722,1.12,18.9256,21.9195,1.3309,5.4579,5.5601,1.4986,1.4986,890794.9906,751612.2726,432351.483,16346088.0775,13792085.2022,,,1.127
601211,国泰君安,证券,上海,20150626,601211.SH,20200723,19.2,19.44,18.84,19.19,19.45,-0.26,-1.3368,611693.74,1168765.565,0.8138,1.4148,0.86,19.7919,22.9229,1.3918,5.7078,5.8146,1.433,1.433,890794.9906,751612.2726,432351.483,17094355.8696,14423439.5112,,,1.127
601211,国泰君安,证券,上海,20150626,601211.SH,20200722,19.46,20.2,19.31,19.45,19.42,0.03,0.1545,759274.38,1497818.929,1.0102,1.7562,1.06,20.0601,23.2335,1.4107,5.7851,5.8934,1.4139,1.4139,890794.9906,751612.2726,432351.483,17325962.5672,14618858.7021,,,1.127
601211,国泰君安,证券,上海,20150626,601211.SH,20200721,19.55,19.74,19.27,19.42,19.56,-0.14,-0.7157,461046.49,895788.386,0.6134,1.0664,0.59,20.0291,23.1976,1.4085,5.7762,5.8843,1.4161,1.4161,890794.9906,751612.2726,432351.483,17299238.7175,14596310.3339,,,1.127
601211,国泰君安,证券,上海,20150626,601211.SH,20200720,19.28,19.87,19.11,19.56,18.89,0.67,3.5469,722397.16,1404745.13,0.9611,1.6709,0.86,20.1735,23.3649,1.4187,5.8178,5.9267,1.4059,1.4059,890794.9906,751612.2726,432351.483,17423950.0161,14701536.0521,,,1.127
601211,国泰君安,证券,上海,20150626,601211.SH,20200717,19.53,19.58,18.7,18.89,19.35,-0.46,-2.3773,761296.07,1453019.796,1.0129,1.7608,0.86,19.4825,22.5645,1.3701,5.6185,5.7237,1.4558,1.4558,890794.9906,751612.2726,432351.483,16827117.3724,14197955.8294,,,1.1034
601211,国泰君安,证券,上海,20150626,601211.SH,20200716,20.29,20.57,19.3,19.35,20.22,-0.87,-4.3027,861869.02,1724231.332,1.1467,1.9934,0.89,19.9569,23.114,1.4034,5.7554,5.8631,1.4212,1.4212,890794.9906,751612.2726,432351.483,17236883.0681,14543697.4748,,,1.1034
601211,国泰君安,证券,上海,20150626,601211.SH,20200715,21.06,21.19,20.18,20.22,20.81,-0.59,-2.8352,778202.34,1602886.045,1.0354,1.7999,0.68,20.8542,24.1533,1.4665,6.0141,6.1267,1.36,1.36,890794.9906,751612.2726,432351.483,18011874.7099,15197600.152,,,1.1034
601211,国泰君安,证券,上海,20150626,601211.SH,20200714,20.79,21.05,20.46,20.81,20.86,-0.05,-0.2397,788825.41,1641731.981,1.0495,1.8245,0.62,21.4627,24.858,1.5093,6.1896,6.3055,1.3215,1.3215,890794.9906,751612.2726,432351.483,18537443.7544,15641051.3928,,,1.1034
601211,国泰君安,证券,上海,20150626,601211.SH,20200713,20.55,21.32,20.53,20.86,20.62,0.24,1.1639,1021259.23,2136599.814,1.3588,2.3621,0.7,21.5143,24.9177,1.5129,6.2045,6.3206,1.3183,1.3183,890794.8568,751612.1388,432351.3492,18581980.7128,15678629.2154,,,1.1034
601211,国泰君安,证券,上海,20150626,601211.SH,20200710,20.93,21.39,20.51,20.62,21.19,-0.57,-2.6899,978366.75,2044410.513,1.3017,2.2629,0.63,21.2668,24.6311,1.4955,6.1331,6.2479,1.3337,1.3337,890794.8568,751612.1388,432351.3492,18368189.9472,15498242.3021,,,1.1034
601211,国泰君安,证券,上海,20150626,601211.SH,20200709,21.54,21.8,20.93,21.19,21.53,-0.34,-1.5792,1264504.28,2703321.6,1.6824,2.9247,0.84,21.8546,25.3119,1.5369,6.3026,6.4206,1.2978,1.2978,890794.8568,751612.1388,432351.3492,18875943.0156,15926661.2212,,,1.1034
601211,国泰君安,证券,上海,20150626,601211.SH,20200708,20.8,22.2,20.78,21.53,20.82,0.71,3.4102,1685180.85,3599332.092,2.2421,3.8977,1.35,22.2053,25.7181,1.5615,6.4038,6.5237,1.2773,1.2773,890794.8568,751612.1388,432351.3492,19178813.2669,16182209.3484,,,1.1034
601211,国泰君安,证券,上海,20150626,601211.SH,20200707,21.58,21.7,20.51,20.82,21.51,-0.69,-3.2078,1444195.16,3035167.522,1.9215,3.3403,1.41,21.473,24.87,1.51,6.1926,6.3085,1.3208,1.3208,890794.8568,751612.1388,432351.3492,18546348.9186,15648564.7298,,,1.1034
601211,国泰君安,证券,上海,20150626,601211.SH,20200706,20.1,21.54,20.0,21.51,19.58,1.93,9.857,1949474.81,4094553.377,2.5937,4.509,2.77,22.1847,25.6942,1.5601,6.3978,6.5176,1.2785,1.2785,890794.8568,751612.1388,432351.3492,19160997.3698,16167177.1056,,,1.1034
601211,国泰君安,证券,上海,20150626,601211.SH,20200703,18.69,19.78,18.54,19.58,18.46,1.12,6.0672,1429923.55,2733258.421,1.9025,3.3073,2.93,20.1942,23.3888,1.4201,5.8238,5.9328,1.4045,1.4045,890794.8568,751612.1388,432351.3492,17441763.2961,14716565.6777,,,1.1034
601211,国泰君安,证券,上海,20150626,601211.SH,20200702,17.5,18.68,17.45,18.46,17.52,0.94,5.3653,1030328.22,1873283.574,1.3708,2.3831,2.93,19.039,22.0509,1.3389,5.4906,5.5934,1.4897,1.4897,890794.8568,751612.1388,432351.3492,16444073.0565,13874760.0822,,,1.1034
601211,国泰君安,证券,上海,20150626,601211.SH,20200701,17.22,17.57,17.18,17.52,17.26,0.26,1.5064,381596.02,664787.638,0.5077,0.8826,0.92,18.0695,20.928,1.2707,5.211,5.3086,1.5696,1.5696,890794.8568,751612.1388,432351.3492,15606725.8911,13168244.6718,,,1.1034
601211,国泰君安,证券,上海,20150626,601211.SH,20200630,17.04,17.44,16.95,17.26,16.94,0.32,1.889,316022.89,543318.027,0.4205,0.7309,0.68,17.8014,20.6175,1.2518,5.1337,5.2298,1.5933,1.5933,890794.8568,751612.1388,432351.3492,15375119.2284,12972825.5157,,,1.1034
601211,国泰君安,证券,上海,20150626,601211.SH,20200629,17.1,17.19,16.9,16.94,17.36,-0.42,-2.4194,365652.84,622597.956,0.4865,0.8457,0.82,17.4713,20.2352,1.2286,5.0385,5.1329,1.6234,1.6234,890794.8568,751612.1388,432351.3492,15090064.8742,12732309.6313,,,1.1034
601211,国泰君安,证券,上海,20150626,601211.SH,20200624,17.16,17.5,17.15,17.36,17.12,0.24,1.4019,349590.27,606109.281,0.4651,0.8086,0.82,17.9045,20.7369,1.2591,5.1635,5.2601,1.5841,1.5841,890794.8568,751612.1388,432351.3492,15464198.714,13047986.7296,,,1.1034
601211,国泰君安,证券,上海,20150626,601211.SH,20200623,16.94,17.23,16.91,17.12,17.11,0.01,0.0584,345213.88,590139.359,0.4593,0.7985,0.85,17.657,20.4502,1.2417,5.0921,5.1874,1.6063,1.6063,890794.8568,751612.1388,432351.3492,15250407.9484,12867599.8163,,,1.1034
601211,国泰君安,证券,上海,20150626,601211.SH,20200622,16.75,17.66,16.68,17.11,16.8,0.31,1.8452,694619.99,1198742.722,0.9242,1.6066,2.06,17.6467,20.4383,1.241,5.0891,5.1844,1.6072,1.6072,890794.8568,751612.1388,432351.3492,15241499.9998,12860083.6949,,,1.1034
601211,国泰君安,证券,上海,20150626,601211.SH,20200619,16.42,16.9,16.37,16.8,16.41,0.39,2.3766,569270.33,948002.641,0.7574,1.3167,2.04,17.327,20.068,1.2185,4.9969,5.0905,1.6369,1.6369,890794.8568,751612.1388,432351.3492,14965353.5942,12627083.9318,,,1.1034
601211,国泰君安,证券,上海,20150626,601211.SH,20200618,16.31,16.47,16.25,16.41,16.3,0.11,0.6748,282593.01,462460.344,0.376,0.6536,0.99,16.9247,19.6021,1.1902,4.8809,4.9723,1.6758,1.6758,890794.8568,751612.1388,432351.3492,14617943.6001,12333955.1977,,,1.1034
601211,国泰君安,证券,上海,20150626,601211.SH,20200617,16.3,16.32,16.21,16.3,16.28,0.02,0.1229,247634.09,402935.508,0.3295,0.5728,0.88,16.8113,19.4707,1.1822,4.8482,4.939,1.6871,1.6871,890794.8568,751612.1388,432351.3492,14519956.1658,12251277.8624,,,1.1034
601211,国泰君安,证券,上海,20150626,601211.SH,20200616,16.28,16.36,16.24,16.28,16.17,0.11,0.6803,246676.71,401819.415,0.3282,0.5705,0.8,16.7906,19.4468,1.1808,4.8422,4.9329,1.6892,1.6892,890794.8568,751612.1388,432351.3492,14502140.2687,12236245.6197,,,1.1034
601211,国泰君安,证券,上海,20150626,601211.SH,20200615,16.26,16.42,16.16,16.17,16.25,-0.08,-0.4923,336537.57,548619.277,0.4478,0.7784,1.04,16.6772,19.3154,1.1728,4.8095,4.8996,1.7007,1.7007,890794.8568,751612.1388,432351.3492,14404152.8345,12153568.2844,,,1.1034
601211,国泰君安,证券,上海,20150626,601211.SH,20200612,16.05,16.33,16.03,16.25,16.26,-0.01,-0.0615,280100.17,454142.857,0.3727,0.6479,0.92,16.7597,19.411,1.1786,4.8333,4.9238,1.6923,1.6923,890794.8568,751612.1388,432351.3492,14475416.423,12213697.2555,,,1.1034
601211,国泰君安,证券,上海,20150626,601211.SH,20200611,16.27,16.47,16.22,16.26,16.25,0.01,0.0615,315909.38,515710.945,0.4203,0.7307,1.16,16.77,19.4229,1.1793,4.8363,4.9268,1.6913,1.6913,890794.8568,751612.1388,432351.3492,14484324.3716,12221213.3769,,,1.1034
601211,国泰君安,证券,上海,20150626,601211.SH,20200610,16.31,16.34,16.2,16.25,16.35,-0.1,-0.6116,220238.88,358256.687,0.293,0.5094,0.79,16.7597,19.411,1.1786,4.8333,4.9238,1.6923,1.6923,890794.8568,751612.1388,432351.3492,14475416.423,12213697.2555,,,1.1034
601211,国泰君安,证券,上海,20150626,601211.SH,20200609,16.19,16.42,16.12,16.35,16.15,0.2,1.2384,396608.04,646914.161,0.5277,0.9173,1.63,16.8628,19.5304,1.1858,4.863,4.9541,1.682,1.682,890794.8568,751612.1388,432351.3492,14564495.9087,12288858.4694,,,1.1034
601211,国泰君安,证券,上海,20150626,601211.SH,20200608,16.27,16.35,16.09,16.15,15.96,0.19,1.1905,404072.09,655590.645,0.5376,0.9346,1.6,16.6566,19.2915,1.1713,4.8036,4.8935,1.7028,1.7028,890794.8568,751612.1388,432351.3492,14386336.9373,12138536.0416,,,1.1034
601211,国泰君安,证券,上海,20150626,601211.SH,20200605,15.92,15.99,15.83,15.96,15.86,0.1,0.6305,186811.69,297206.007,0.2485,0.4321,0.75,16.4606,19.0646,1.1575,4.747,4.8359,1.7231,1.7231,890794.8568,751612.1388,432351.3492,14217085.9145,11995729.7352,,,1.1034
601211,国泰君安,证券,上海,20150626,601211.SH,20200604,16.01,16.01,15.84,15.86,15.95,-0.09,-0.5643,159428.0,253425.102,0.2121,0.3687,0.62,16.3575,18.9451,1.1503,4.7173,4.8056,1.7339,1.7339,890794.8568,751612.1388,432351.3492,14128006.4288,11920568.5214,,,1.1034
601211,国泰君安,证券,上海,20150626,601211.SH,20200603,16.12,16.14,15.95,15.95,16.06,-0.11,-0.6849,248140.12,397807.866,0.3301,0.5739,1.1,16.4503,19.0526,1.1568,4.7441,4.8329,1.7241,1.7241,890794.8568,751612.1388,432351.3492,14208177.966,11988213.6139,,,1.1034
601211,国泰君安,证券,上海,20150626,601211.SH,20200602,16.06,16.14,16.01,16.06,16.11,-0.05,-0.3104,216118.02,347121.311,0.2875,0.4999,1.04,16.5637,19.184,1.1648,4.7768,4.8662,1.7123,1.7123,890794.8568,751612.1388,432351.3492,14306165.4002,12070890.9491,,,1.1034
601211,国泰君安,证券,上海,20150626,601211.SH,20200601,15.95,16.17,15.88,16.11,15.67,0.44,2.8079,455527.0,730805.394,0.6061,1.0536,3.18,16.6153,19.2438,1.1684,4.7917,4.8814,1.707,1.707,890794.8568,751612.1388,432351.3492,14350705.143,12108471.5561,18.83,15.41,1.1034
601211,国泰君安,证券,上海,20150626,601211.SH,20200529,15.71,15.77,15.66,15.67,15.78,-0.11,-0.6971,158447.45,248724.19,0.2108,0.3665,0.97,16.1615,18.7182,1.1365,4.6608,4.7481,1.7549,1.7549,890794.8568,751612.1388,432351.3492,13958755.4061,11777762.215,,,1.1034
601211,国泰君安,证券,上海,20150626,601211.SH,20200528,15.77,15.99,15.71,15.78,15.72,0.06,0.3817,197726.24,312991.337,0.2631,0.4573,1.27,16.275,18.8496,1.1445,4.6935,4.7814,1.7427,1.7427,890794.8568,751612.1388,432351.3492,14056742.8403,11860439.5503,,,1.1034
601211,国泰君安,证券,上海,20150626,601211.SH,20200527,15.81,15.86,15.7,15.72,15.81,-0.09,-0.5693,104449.48,164651.322,0.139,0.2416,0.65,16.2131,18.7779,1.1401,4.6757,4.7632,1.7494,1.7494,890794.8568,751612.1388,432351.3492,14003295.1489,11815342.8219,,,1.1034
601211,国泰君安,证券,上海,20150626,601211.SH,20200526,15.78,15.84,15.72,15.81,15.7,0.11,0.7006,124998.98,197293.775,0.1663,0.2891,0.75,16.3059,18.8854,1.1467,4.7024,4.7905,1.7394,1.7394,890794.8568,751612.1388,432351.3492,14083466.686,11882987.9144,,,1.1034
601211,国泰君安,证券,上海,20150626,601211.SH,20200525,15.74,15.81,15.65,15.7,15.71,-0.01,-0.0637,129657.75,203772.205,0.1725,0.2999,0.74,16.1924,18.754,1.1387,4.6697,4.7572,1.7516,1.7516,890794.8568,751612.1388,432351.3492,13985479.2518,11800310.5792,,,1.1034
601211,国泰君安,证券,上海,20150626,601211.SH,20200522,15.92,15.98,15.71,15.71,15.97,-0.26,-1.6281,258055.93,408370.536,0.3433,0.5969,1.74,16.2028,18.766,1.1394,4.6727,4.7602,1.7505,1.7505,890794.8568,751612.1388,432351.3492,13994387.2003,11807826.7005,,,1.1034
601211,国泰君安,证券,上海,20150626,601211.SH,20200521,16.15,16.2,15.96,15.97,16.1,-0.13,-0.8075,158719.48,254990.339,0.2112,0.3671,1.04,16.4709,19.0765,1.1583,4.75,4.839,1.722,1.722,890794.8568,751612.1388,432351.3492,14225993.8631,12003245.8566,,,1.1034
601211,国泰君安,证券,上海,20150626,601211.SH,20200520,16.12,16.2,16.08,16.1,16.15,-0.05,-0.3096,131856.26,212716.736,0.1754,0.305,0.83,16.605,19.2318,1.1677,4.7887,4.8784,1.7081,1.7081,890794.8568,751612.1388,432351.3492,14341797.1945,12100955.4347,,,1.1034
601211,国泰君安,证券,上海,20150626,601211.SH,20200519,16.2,16.24,16.1,16.15,16.09,0.06,0.3729,153727.67,248341.42,0.2045,0.3556,0.82,16.6566,19.2915,1.1713,4.8036,4.8935,1.7028,1.7028,890794.8568,751612.1388,432351.3492,14386336.9373,12138536.0416,,,1.1034
601211,国泰君安,证券,上海,20150626,601211.SH,20200518,16.1,16.2,16.05,16.09,16.1,-0.01,-0.0621,174191.96,280643.503,0.2318,0.4029,0.87,16.5947,19.2199,1.167,4.7857,4.8753,1.7091,1.7091,890794.8568,751612.1388,432351.3492,14332889.2459,12093439.3133,,,1.1034
601211,国泰君安,证券,上海,20150626,601211.SH,20200515,16.2,16.24,16.09,16.1,16.11,-0.01,-0.0621,121846.85,196827.198,0.1621,0.2818,0.51,16.605,19.2318,1.1677,4.7887,4.8784,1.7081,1.7081,890794.8568,751612.1388,432351.3492,14341797.1945,12100955.4347,,,1.1034
601211,国泰君安,证券,上海,20150626,601211.SH,20200514,16.24,16.3,16.05,16.11,16.28,-0.17,-1.0442,181004.09,292789.914,0.2408,0.4187,0.72,16.6153,19.2438,1.1684,4.7917,4.8814,1.707,1.707,890794.8568,751612.1388,432351.3492,14350705.143,12108471.5561,,,1.1034
601211,国泰君安,证券,上海,20150626,601211.SH,20200513,16.21,16.35,16.18,16.28,16.28,0.0,0.0,163566.16,265928.282,0.2176,0.3783,0.54,16.7906,19.4468,1.1808,4.8422,4.9329,1.6892,1.6892,890794.8568,751612.1388,432351.3492,14502140.2687,12236245.6197,,,1.1034
601211,国泰君安,证券,上海,20150626,601211.SH,20200512,16.54,16.55,16.21,16.28,16.51,-0.23,-1.3931,291223.04,475858.513,0.3875,0.6736,0.97,16.7906,19.4468,1.1808,4.8422,4.9329,1.6892,1.6892,890794.8568,751612.1388,432351.3492,14502140.2687,12236245.6197,,,1.1034
601211,国泰君安,证券,上海,20150626,601211.SH,20200511,16.69,16.76,16.48,16.51,16.68,-0.17,-1.0192,247078.36,410081.086,0.3287,0.5715,0.89,17.0279,19.7216,1.1974,4.9106,5.0026,1.6657,1.6657,890794.8568,751612.1388,432351.3492,14707023.0858,12409116.4116,,,1.1034
601211,国泰君安,证券,上海,20150626,601211.SH,20200508,16.53,16.83,16.46,16.68,16.47,0.21,1.275,307775.17,512198.288,0.4095,0.7119,1.2,17.2032,19.9246,1.2098,4.9612,5.0541,1.6487,1.6487,890794.8568,751612.1388,432351.3492,14858458.2114,12536890.4752,,,1.1034
601211,国泰君安,证券,上海,20150626,601211.SH,20200507,16.6,16.64,16.42,16.47,16.7,-0.23,-1.3772,249831.69,412357.785,0.3324,0.5778,1.07,16.9866,19.6738,1.1945,4.8987,4.9905,1.6697,1.6697,890794.8568,751612.1388,432351.3492,14671391.2915,12379051.926,,,1.1034
601211,国泰君安,证券,上海,20150626,601211.SH,20200506,16.5,16.7,16.4,16.7,16.92,-0.22,-1.3002,409075.93,675442.34,0.5443,0.9462,2.23,17.2238,19.9485,1.2112,4.9672,5.0602,1.6467,1.6467,890794.8517,751612.1337,432351.339,14876274.0234,12551922.6328,,,1.1034
601211,国泰君安,证券,上海,20150626,601211.SH,20200430,16.74,17.01,16.7,16.92,16.74,0.18,1.0753,294423.62,497280.068,0.3917,0.681,1.95,17.4507,20.2113,1.2272,5.0326,5.1268,1.6253,1.6253,890794.8517,751612.1337,432351.3441,15072248.8908,12717277.3022,,,1.1034
601211,国泰君安,证券,上海,20150626,601211.SH,20200429,16.56,16.75,16.56,16.74,16.62,0.12,0.722,120793.54,201485.899,0.1607,0.2794,0.77,17.2651,17.2651,1.2286,4.979,4.979,1.6428,1.6428,890794.8517,751612.1337,432351.3441,14911905.8175,12581987.1181,,,1.1034
601211,国泰君安,证券,上海,20150626,601211.SH,20200428,16.63,16.79,16.4,16.62,16.53,0.09,0.5445,204665.63,340387.69,0.2723,0.4734,1.33,17.1413,17.1413,1.2198,4.9434,4.9434,1.6546,1.6546,890794.8517,751612.1337,432351.3441,14805010.4353,12491793.6621,,,1.1034
601211,国泰君安,证券,上海,20150626,601211.SH,20200427,16.54,16.75,16.51,16.53,16.52,0.01,0.0605,138501.43,230228.248,0.1843,0.3203,0.86,17.0485,17.0485,1.2132,4.9166,4.9166,1.6636,1.6636,890794.8517,751612.1337,432351.3441,14724838.8986,12424148.5701,,,1.1034
601211,国泰君安,证券,上海,20150626,601211.SH,20200424,16.72,16.74,16.41,16.52,16.7,-0.18,-1.0778,156947.53,260021.15,0.2088,0.363,0.87,17.0382,17.0382,1.2125,4.9136,4.9136,1.6646,1.6646,890794.8517,751612.1337,432351.3441,14715930.9501,12416632.4487,17.57,14.37,1.1034
601211,国泰君安,证券,上海,20150626,601211.SH,20200423,16.82,16.84,16.66,16.7,16.78,-0.08,-0.4768,132756.34,222428.075,0.1766,0.3071,0.57,17.2238,17.2238,1.2257,4.9672,4.9672,1.6467,1.6467,890794.8517,751612.1337,432351.3441,14876274.0234,12551922.6328,,,1.1034
601211,国泰君安,证券,上海,20150626,601211.SH,20200422,16.63,16.79,16.59,16.78,16.69,0.09,0.5392,148499.88,248136.985,0.1976,0.3435,0.59,17.3063,17.3063,1.2316,4.9909,4.9909,1.6389,1.6389,890794.8517,751612.1337,432351.3441,14947537.6115,12612051.6035,,,1.1034
601211,国泰君安,证券,上海,20150626,601211.SH,20200421,16.77,16.83,16.59,16.69,16.88,-0.19,-1.1256,194405.12,324674.058,0.2587,0.4496,0.74,17.2135,17.2135,1.2249,4.9642,4.9642,1.6477,1.6477,890794.8517,751612.1337,432351.3441,14867366.0749,12544406.5115,17.7,14.48,1.1034
601211,国泰君安,证券,上海,20150626,601211.SH,20200420,16.79,16.91,16.68,16.88,16.75,0.13,0.7761,172797.45,290217.07,0.2299,0.3997,0.67,17.4095,17.4095,1.2389,5.0207,5.0207,1.6291,1.6291,890794.8517,751612.1337,432351.3441,15036617.0967,12687212.8169,,,1.1034
601211,国泰君安,证券,上海,20150626,601211.SH,20200417,16.98,17.03,16.7,16.75,16.89,-0.14,-0.8289,251234.33,423899.275,0.3343,0.5811,1.04,17.2754,17.2754,1.2293,4.982,4.982,1.6418,1.6418,890794.8517,751612.1337,432351.3441,14920813.766,12589503.2395,17.72,14.5,1.1034
601211,国泰君安,证券,上海,20150626,601211.SH,20200416,16.46,17.01,16.46,16.89,16.6,0.29,1.747,400897.43,675371.222,0.5334,0.9272,1.98,17.4198,17.4198,1.2396,5.0237,5.0237,1.6282,1.6282,890794.8517,751612.1337,432351.3441,15045525.0452,12694728.9382,,,1.1034
601211,国泰君安,证券,上海,20150626,601211.SH,20200415,16.57,16.79,16.53,16.6,16.62,-0.02,-0.1203,231172.03,384970.867,0.3076,0.5347,1.26,17.1207,17.1207,1.2183,4.9374,4.9374,1.6566,1.6566,890794.8517,751612.1337,432351.3441,14787194.5382,12476761.4194,,,1.1034
601211,国泰君安,证券,上海,20150626,601211.SH,20200414,16.34,16.76,16.3,16.62,16.29,0.33,2.0258,264407.11,436600.537,0.3518,0.6116,1.43,17.1413,17.1413,1.2198,4.9434,4.9434,1.6546,1.6546,890794.8517,751612.1337,432351.3441,14805010.4353,12491793.6621,,,1.1034
601211,国泰君安,证券,上海,20150626,601211.SH,20200413,16.43,16.44,16.25,16.29,16.48,-0.19,-1.1529,145240.81,237224.792,0.1932,0.3359,0.78,16.801,16.801,1.1956,4.8452,4.8452,1.6882,1.6882,890794.8517,751612.1337,432351.3441,14511048.1342,12243761.658,,,1.1034
601211,国泰君安,证券,上海,20150626,601211.SH,20200410,16.65,16.7,16.45,16.48,16.65,-0.17,-1.021,168926.13,279720.814,0.2248,0.3907,0.9,16.9969,16.9969,1.2095,4.9017,4.9017,1.6687,1.6687,890794.8517,751612.1337,432351.3441,14680299.156,12386567.9634,,,1.1034
601211,国泰君安,证券,上海,20150626,601211.SH,20200409,16.75,16.86,16.63,16.65,16.64,0.01,0.0601,201853.23,338039.478,0.2686,0.4669,1.08,17.1722,17.1722,1.222,4.9523,4.9523,1.6517,1.6517,890794.8517,751612.1337,432351.3441,14831734.2808,12514342.0261,,,1.1034
601211,国泰君安,证券,上海,20150626,601211.SH,20200408,16.62,16.69,16.55,16.64,16.69,-0.05,-0.2996,134480.25,223431.257,0.1789,0.311,0.7,17.1619,17.1619,1.2213,4.9493,4.9493,1.6526,1.6526,890794.8517,751612.1337,432351.3441,14822826.3323,12506825.9048,,,1.1034
601211,国泰君安,证券,上海,20150626,601211.SH,20200407,16.65,16.77,16.55,16.69,16.35,0.34,2.0795,276285.14,459999.724,0.3676,0.639,1.57,17.2135,17.2135,1.2249,4.9642,4.9642,1.6477,1.6477,890794.8517,751612.1337,432351.3441,14867366.0749,12544406.5115,,,1.1034
601211,国泰君安,证券,上海,20150626,601211.SH,20200403,16.45,16.5,16.31,16.35,16.55,-0.2,-1.2085,149299.22,244959.899,0.1986,0.3453,0.74,16.8628,16.8628,1.2,4.863,4.863,1.682,1.682,890794.8517,751612.1337,432351.3441,14564495.8253,12288858.386,,,1.1034
601211,国泰君安,证券,上海,20150626,601211.SH,20200402,16.24,16.55,16.21,16.55,16.33,0.22,1.3472,176164.15,289207.266,0.2344,0.4075,0.82,17.0691,17.0691,1.2147,4.9225,4.9225,1.6616,1.6616,890794.8517,751612.1337,432351.339,14742654.7956,12439180.8127,,,1.1034
601211,国泰君安,证券,上海,20150626,601211.SH,20200401,16.27,16.55,16.22,16.33,16.28,0.05,0.3071,199943.29,327776.376,0.266,0.4625,0.83,16.8422,16.8422,1.1985,4.8571,4.8571,1.684,1.684,890794.8466,751612.1286,432351.339,14546679.845,12273826.06,,,1.1034
601211,国泰君安,证券,上海,20150626,601211.SH,20200331,16.45,16.48,16.27,16.28,16.28,0.0,0.0,162221.01,265805.275,0.2158,0.3752,0.58,16.7906,16.7906,1.1949,4.8422,4.8422,1.6892,1.6892,890794.8466,751612.1286,432351.339,14502140.1026,12236245.4536,,,1.1034
601211,国泰君安,证券,上海,20150626,601211.SH,20200330,16.2,16.36,16.02,16.28,16.37,-0.09,-0.5498,194329.66,314883.335,0.2586,0.4495,0.64,16.7906,16.7906,1.1949,4.8422,4.8422,1.6892,1.6892,890794.8466,751612.1286,432351.339,14502140.1026,12236245.4536,,,1.1034
601211,国泰君安,证券,上海,20150626,601211.SH,20200327,16.51,16.66,16.29,16.37,16.3,0.07,0.4294,275587.46,453506.679,0.3667,0.6374,0.88,16.8835,16.8835,1.2015,4.869,4.869,1.6799,1.6799,890794.8466,751612.1286,432351.339,14582311.6388,12303890.5452,,,1.1034
601211,国泰君安,证券,上海,20150626,601211.SH,20200326,16.55,16.58,16.27,16.3,16.6,-0.3,-1.8072,239764.17,393732.198,0.319,0.5546,0.65,16.8113,16.8113,1.1963,4.8482,4.8482,1.6871,1.6871,890794.8466,751612.1286,432351.339,14519955.9996,12251277.6962,,,1.1034
601211,国泰君安,证券,上海,20150626,601211.SH,20200325,16.64,16.76,16.46,16.6,16.32,0.28,1.7157,331837.6,551403.003,0.4415,0.7675,0.85,17.1207,17.1207,1.2183,4.9374,4.9374,1.6566,1.6566,890794.8466,751612.1286,432351.339,14787194.4536,12476761.3348,,,1.1034
601211,国泰君安,证券,上海,20150626,601211.SH,20200324,16.15,16.38,15.96,16.32,15.85,0.47,2.9653,351125.64,567736.551,0.4672,0.8121,0.81,21.6719,16.854,1.2208,6.399,4.8693,1.685,1.685,890794.8466,751612.1286,432351.339,14537771.8965,12266309.9388,,,1.1034
601211,国泰君安,证券,上海,20150626,601211.SH,20200323,15.83,16.14,15.75,15.85,16.29,-0.44,-2.701,321385.16,511453.461,0.4276,0.7433,0.68,21.0478,16.3686,1.1856,6.2147,4.7291,1.735,1.735,890794.8466,751612.1286,432351.339,14119098.3186,11913052.2383,,,1.1034
601211,国泰君安,证券,上海,20150626,601211.SH,20200320,16.25,16.39,16.04,16.29,16.17,0.12,0.7421,316241.2,512974.806,0.4208,0.7314,0.6,21.6321,16.823,1.2185,6.3872,4.8603,1.6882,1.6882,890794.8466,751612.1286,432351.339,14511048.0511,12243761.5749,,,1.1034
601211,国泰君安,证券,上海,20150626,601211.SH,20200319,16.11,16.33,15.78,16.17,16.1,0.07,0.4348,510085.35,818836.838,0.6787,1.1798,1.03,21.4727,16.6991,1.2095,6.3402,4.8245,1.7007,1.7007,890794.8466,751612.1286,432351.339,14404152.6695,12153568.1195,,,1.1034
601211,国泰君安,证券,上海,20150626,601211.SH,20200318,16.53,16.65,16.02,16.1,16.46,-0.36,-2.1871,445885.6,730050.398,0.5932,1.0313,0.92,21.3798,16.6268,1.2043,6.3127,4.8036,1.7081,1.7081,890794.8466,751612.1286,432351.339,14341797.0303,12100955.2705,18.13,14.83,1.1034
601211,国泰君安,证券,上海,20150626,601211.SH,20200317,16.8,16.99,15.99,16.46,16.57,-0.11,-0.6639,582963.22,956465.131,0.7756,1.3484,1.23,21.8578,16.9985,1.2312,6.4539,4.9111,1.6707,1.6707,890794.8466,751612.1286,432351.339,14662483.175,12371535.6368,,,1.1034
601211,国泰君安,证券,上海,20150626,601211.SH,20200316,17.41,17.41,16.47,16.57,17.34,-0.77,-4.4406,515441.73,871656.712,0.6858,1.1922,1.03,22.0039,17.1121,1.2395,6.497,4.9439,1.6596,1.6596,890794.8466,751612.1286,432351.339,14760470.6082,12454212.9709,,,1.1034
601211,国泰君安,证券,上海,20150626,601211.SH,20200313,16.78,17.56,16.66,17.34,17.55,-0.21,-1.1966,561886.53,957084.345,0.7476,1.2996,1.17,23.0264,17.9073,1.297,6.7989,5.1736,1.5859,1.5859,890794.8466,751612.1286,432351.339,15446382.64,13032954.3099,,,1.1034
601211,国泰君安,证券,上海,20150626,601211.SH,20200312,17.61,17.71,17.34,17.55,17.8,-0.25,-1.4045,380338.22,666064.352,0.506,0.8797,0.67,23.3053,18.1242,1.3128,6.8813,5.2363,1.567,1.567,890794.8466,751612.1286,432351.339,15633449.5578,13190792.8569,,,1.1034
601211,国泰君安,证券,上海,20150626,601211.SH,20200311,18.34,18.37,17.8,17.8,18.34,-0.54,-2.9444,394911.52,713803.529,0.5254,0.9134,0.64,23.6373,18.3824,1.3315,6.9793,5.3109,1.5449,1.5449,890794.8466,751612.1286,432351.339,15856148.2695,13378695.8891,,,1.1034
601211,国泰君安,证券,上海,20150626,601211.SH,20200310,17.8,18.46,17.7,18.34,17.89,0.45,2.5154,516970.43,937013.722,0.6878,1.1957,0.81,24.3543,18.9401,1.3718,7.191,5.472,1.4995,1.4995,890794.8466,751612.1286,432351.339,16337177.4866,13784566.4385,,,1.1034
601211,国泰君安,证券,上海,20150626,601211.SH,20200309,18.15,18.16,17.7,17.89,18.47,-0.58,-3.1402,636304.17,1142379.993,0.8466,1.4717,0.93,23.7568,18.4753,1.3382,7.0146,5.3377,1.5372,1.5372,890794.8466,751612.1286,432351.339,15936319.8057,13446340.9807,,,1.1034
601211,国泰君安,证券,上海,20150626,601211.SH,20200306,18.71,18.88,18.46,18.47,19.04,-0.57,-2.9937,473633.13,884118.132,0.6302,1.0955,0.64,24.527,19.0743,1.3816,7.242,5.5108,1.4889,1.4889,890794.8466,751612.1286,432351.339,16452980.8167,13882276.0152,,,1.1034
601211,国泰君安,证券,上海,20150626,601211.SH,20200305,18.81,19.29,18.54,19.04,18.61,0.43,2.3106,832707.47,1578134.465,1.1079,1.926,1.29,25.2839,19.663,1.4242,7.4655,5.6808,1.4443,1.4443,890794.8466,751612.1286,432351.339,16960733.8793,14310694.9285,,,1.1034
601211,国泰君安,证券,上海,20150626,601211.SH,20200304,18.1,18.62,18.06,18.61,18.25,0.36,1.9726,633687.18,1163079.683,0.8431,1.4657,1.02,24.7129,19.2189,1.392,7.2969,5.5525,1.4777,1.4777,890794.8466,751612.1286,432351.339,16577692.0952,13987501.7132,,,1.1034
601211,国泰君安,证券,上海,20150626,601211.SH,20200303,18.48,18.72,18.17,18.25,18.23,0.02,0.1097,608225.92,1121136.389,0.8092,1.4068,0.99,24.2348,18.8471,1.3651,7.1557,5.4451,1.5068,1.5068,890794.8466,751612.1286,432351.3288,16257005.9505,13716921.347,,,1.1034
601211,国泰君安,证券,上海,20150626,601211.SH,20200302,17.22,18.52,17.15,18.23,17.0,1.23,7.2353,856789.48,1535588.506,1.1399,1.9817,1.48,24.2083,18.8265,1.3636,7.1479,5.4392,1.5085,1.5085,890794.8364,751612.1184,432351.3288,16239189.8676,13701888.9184,,,1.1034
601211,国泰君安,证券,上海,20150626,601211.SH,20200228,17.81,17.81,17.0,17.0,18.22,-1.22,-6.6959,777239.49,1349834.535,1.0341,1.7977,1.37,22.5749,17.5562,1.2716,6.6656,5.0722,1.6176,1.6176,890794.8364,751612.1184,432351.3288,15143512.2188,12777406.0128,,,1.1034
601211,国泰君安,证券,上海,20150626,601211.SH,20200227,18.31,18.59,18.08,18.22,18.19,0.03,0.1649,355866.39,651441.459,0.4735,0.8231,0.54,24.195,18.8161,1.3629,7.144,5.4362,1.5093,1.5093,890794.8364,751612.1184,432351.3288,16230281.9192,13694372.7972,,,1.1034
601211,国泰君安,证券,上海,20150626,601211.SH,20200226,18.07,18.53,18.01,18.19,18.33,-0.14,-0.7638,514089.88,940748.462,0.684,1.1891,0.82,24.1552,18.7851,1.3606,7.1322,5.4272,1.5118,1.5118,890794.8364,751612.1184,432351.3288,16203558.0741,13671824.4337,,,1.1034
601211,国泰君安,证券,上海,20150626,601211.SH,20200225,18.02,18.41,17.74,18.33,18.42,-0.09,-0.4886,578092.5,1047354.157,0.7691,1.3371,1.01,24.3411,18.9297,1.3711,7.1871,5.469,1.5003,1.5003,890794.8364,751612.1184,432351.3288,16328269.3512,13777050.1303,,,1.1034
601211,国泰君安,证券,上海,20150626,601211.SH,20200224,18.47,18.68,18.27,18.42,18.58,-0.16,-0.8611,667484.15,1231945.817,0.8881,1.5438,1.22,24.4606,19.0227,1.3778,7.2224,5.4958,1.4929,1.4929,890794.8364,751612.1184,432351.3288,16408440.8865,13844695.2209,,,1.1034
601211,国泰君安,证券,上海,20150626,601211.SH,20200221,18.4,19.02,18.3,18.58,18.46,0.12,0.6501,720364.74,1340893.265,0.9584,1.6662,1.47,24.673,19.1879,1.3898,7.2851,5.5436,1.4801,1.4801,890794.8364,751612.1184,432351.3288,16550968.0603,13964953.1599,,,1.1034
601211,国泰君安,证券,上海,20150626,601211.SH,20200220,17.65,18.5,17.56,18.46,17.59,0.87,4.946,796203.33,1439964.625,1.0593,1.8416,2.07,24.5137,19.064,1.3808,7.2381,5.5078,1.4897,1.4897,890794.8364,751612.1184,432351.3288,16444072.6799,13874759.7057,,,1.1034
601211,国泰君安,证券,上海,20150626,601211.SH,20200219,17.6,17.88,17.55,17.59,17.6,-0.01,-0.0568,358962.68,637198.284,0.4776,0.8303,0.96,23.3584,18.1655,1.3157,6.897,5.2482,1.5634,1.5634,890794.8364,751612.1184,432351.3288,15669081.1723,13220857.1627,,,1.1034
601211,国泰君安,证券,上海,20150626,601211.SH,20200218,17.64,17.81,17.5,17.6,17.75,-0.15,-0.8451,321844.92,567496.079,0.4282,0.7444,0.85,23.3717,18.1758,1.3165,6.9009,5.2512,1.5625,1.5625,890794.8364,751612.1184,432351.3288,15677989.1206,13228373.2838,19.58,16.02,1.1034
601211,国泰君安,证券,上海,20150626,601211.SH,20200217,17.69,17.8,17.3,17.75,16.98,0.77,4.5347,544415.95,954936.344,0.7243,1.2592,1.66,23.5709,18.3307,1.3277,6.9597,5.2959,1.5493,1.5493,890794.8364,751612.1184,432351.3288,15811608.3461,13341115.1016,,,1.1034
601211,国泰君安,证券,上海,20150626,601211.SH,20200214,16.66,17.0,16.62,16.98,16.67,0.31,1.8596,422573.09,713164.411,0.5622,0.9774,1.37,22.5484,17.5356,1.2701,6.6578,5.0662,1.6196,1.6196,890794.8364,751612.1184,432351.3288,15125696.3221,12762373.7704,,,1.1034
601211,国泰君安,证券,上海,20150626,601211.SH,20200213,16.91,16.97,16.61,16.67,16.92,-0.25,-1.4775,273340.68,458038.415,0.3637,0.6322,0.78,22.1367,17.2154,1.2469,6.5362,4.9737,1.6497,1.6497,890794.8364,751612.1184,432351.3288,14849549.9228,12529374.0137,20.32,16.62,1.1034
601211,国泰君安,证券,上海,20150626,601211.SH,20200212,16.75,17.03,16.65,16.92,16.77,0.15,0.8945,308288.45,518978.1,0.4102,0.7131,0.79,22.4687,17.4736,1.2656,6.6343,5.0483,1.6253,1.6253,890794.8364,751612.1184,432351.3288,15072248.6319,12717277.0433,,,1.1034
601211,国泰君安,证券,上海,20150626,601211.SH,20200211,16.87,17.15,16.74,16.77,16.85,-0.08,-0.4748,334625.59,565964.746,0.4452,0.774,0.7,22.2695,17.3187,1.2544,6.5754,5.0035,1.6398,1.6398,890794.8364,751612.1184,432351.3288,14938629.4064,12604535.2256,,,1.1034
601211,国泰君安,证券,上海,20150626,601211.SH,20200210,16.6,16.98,16.55,16.85,16.74,0.11,0.6571,297533.7,500267.167,0.3959,0.6882,0.56,22.3757,17.4013,1.2604,6.6068,5.0274,1.632,1.632,890794.8364,751612.1184,432351.3083,15009892.9933,12664664.195,20.08,16.43,1.1034
601211,国泰君安,证券,上海,20150626,601211.SH,20200207,16.67,16.81,16.54,16.74,16.71,0.03,0.1795,324704.38,540983.329,0.432,0.751,0.58,22.2296,17.2877,1.2522,6.5637,4.9946,1.6428,1.6428,890794.8364,751612.1184,432351.3083,14911905.5613,12581986.862,20.05,16.41,1.1034
601211,国泰君安,证券,上海,20150626,601211.SH,20200206,16.42,16.84,16.26,16.71,16.34,0.37,2.2644,477987.39,791012.812,0.6359,1.1056,0.86,22.1898,17.2567,1.2499,6.5519,4.9856,1.6457,1.6457,890794.8364,751612.1184,432351.3083,14885181.7162,12559438.4985,,,1.1034
601211,国泰君安,证券,上海,20150626,601211.SH,20200205,16.15,16.71,16.04,16.34,16.11,0.23,1.4277,511895.41,836727.862,0.6811,1.184,0.98,21.6985,16.8746,1.2222,6.4068,4.8753,1.683,1.683,890794.8364,751612.1184,432351.3083,14555587.6268,12281342.0147,,,1.1034
601211,国泰君安,证券,上海,20150626,601211.SH,20200204,15.78,16.24,15.78,16.11,15.81,0.3,1.8975,773683.7,1238316.434,1.0294,1.7895,1.84,21.393,16.6371,1.205,6.3167,4.8066,1.707,1.707,890794.8159,751612.0979,432351.3083,14350704.4841,12108470.8972,,,1.1034
601211,国泰君安,证券,上海,20150626,601211.SH,20200203,15.81,15.99,15.81,15.81,17.57,-1.76,-10.0171,550127.32,870321.957,0.7319,1.2724,1.57,20.9947,16.3273,1.1826,6.199,4.7171,1.7394,1.7394,890794.8159,751612.0979,432351.3083,14083466.0394,11882987.2678,,,1.1034
601211,国泰君安,证券,上海,20150626,601211.SH,20200123,18.16,18.18,17.48,17.57,18.42,-0.85,-4.6145,480678.87,858484.147,0.6395,1.1118,1.59,23.3318,18.1449,1.3143,6.8891,5.2422,1.5652,1.5652,890794.8159,751612.0979,432351.3083,15651264.9154,13205824.5601,20.26,16.58,1.1034
601211,国泰君安,证券,上海,20150626,601211.SH,20200122,18.45,18.57,17.96,18.42,18.5,-0.08,-0.4324,478559.27,873704.682,0.6367,1.1069,2.0,24.4606,21.1939,1.3778,7.2224,6.1861,1.4929,1.4929,890794.8159,751612.0979,432351.3083,16408440.5089,13844694.8433,,,1.1034
601211,国泰君安,证券,上海,20150626,601211.SH,20200121,18.88,18.97,18.46,18.5,19.0,-0.5,-2.6316,333807.83,624187.771,0.4441,0.7721,1.51,24.5668,21.2859,1.3838,7.2538,6.213,1.4865,1.4865,890794.8159,751612.0979,432351.3083,16479704.0942,13904823.8112,,,1.1034
601211,国泰君安,证券,上海,20150626,601211.SH,20200120,18.63,19.11,18.59,19.0,18.65,0.35,1.8767,256257.96,483269.329,0.3409,0.5927,1.14,25.2308,21.8612,1.4212,7.4498,6.3809,1.4474,1.4474,890794.8159,751612.0979,432351.3083,16925101.5021,14280629.8601,,,1.1034
601211,国泰君安,证券,上海,20150626,601211.SH,20200117,18.73,18.89,18.59,18.65,18.62,0.03,0.1611,206264.01,386183.18,0.2744,0.4771,0.86,24.766,21.4585,1.395,7.3126,6.2634,1.4745,1.4745,890794.8159,751612.0979,432351.3083,16613323.3165,14017565.6258,,,1.1034
601211,国泰君安,证券,上海,20150626,601211.SH,20200116,18.8,18.81,18.56,18.62,18.71,-0.09,-0.481,236394.23,440908.271,0.3145,0.5468,0.96,24.7262,21.424,1.3928,7.3008,6.2533,1.4769,1.4769,890794.8159,751612.0979,432351.3083,16586599.4721,13995017.2629,,,1.1034
601211,国泰君安,证券,上海,20150626,601211.SH,20200115,18.86,18.95,18.7,18.71,18.91,-0.2,-1.0576,162245.15,304774.489,0.2159,0.3753,0.55,24.8457,21.5275,1.3995,7.3361,6.2835,1.4698,1.4698,890794.8159,751612.0979,432351.3083,16666771.0055,14062662.3517,,,1.1034
601211,国泰君安,证券,上海,20150626,601211.SH,20200114,19.1,19.18,18.87,18.91,19.08,-0.17,-0.891,246766.96,469716.526,0.3283,0.5708,0.8,25.1113,21.7577,1.4145,7.4145,6.3507,1.4543,1.4543,890794.8159,751612.0979,432351.3083,16844929.9687,14212984.7713,,,1.1034
601211,国泰君安,证券,上海,20150626,601211.SH,20200113,18.85,19.08,18.61,19.08,18.9,0.18,0.9524,268102.64,505320.47,0.3567,0.6201,0.71,25.337,21.9533,1.4272,7.4812,6.4078,1.4413,1.4413,890794.8159,751612.0979,432351.3083,16996365.0874,14340758.8279,,,1.1034
601211,国泰君安,证券,上海,20150626,601211.SH,20200110,19.08,19.21,18.78,18.9,18.85,0.05,0.2653,284312.01,540854.168,0.3783,0.6576,0.72,25.098,21.7462,1.4137,7.4106,6.3473,1.455,1.455,890794.8159,751612.0979,432351.3083,16836022.0205,14205468.6503,,,1.1034
601211,国泰君安,证券,上海,20150626,601211.SH,20200109,18.89,18.99,18.76,18.85,18.63,0.22,1.1809,266967.08,503807.398,0.3552,0.6175,0.58,25.0316,21.6886,1.41,7.391,6.3305,1.4589,1.4589,890794.8159,751612.0979,432351.3083,16791482.2797,14167888.0454,,,1.1034
601211,国泰君安,证券,上海,20150626,601211.SH,20200108,18.8,18.87,18.57,18.63,19.04,-0.41,-2.1534,399607.21,747814.315,0.5317,0.9243,0.87,24.7394,21.4355,1.3935,7.3047,6.2567,1.4761,1.4761,890794.8159,751612.0979,432351.3083,16595507.4202,14002533.3839,,,1.1034
601211,国泰君安,证券,上海,20150626,601211.SH,20200107,19.09,19.24,18.86,19.04,19.02,0.02,0.1052,323597.14,616014.303,0.4305,0.7485,0.57,25.2839,21.9072,1.4242,7.4655,6.3943,1.4443,1.4443,890794.8159,751612.0979,432351.3083,16960733.2947,14310694.344,,,1.1034
601211,国泰君安,证券,上海,20150626,601211.SH,20200106,18.66,19.35,18.63,19.02,18.83,0.19,1.009,608640.13,1159450.084,0.8098,1.4077,1.18,25.2573,21.8842,1.4227,7.4577,6.3876,1.4458,1.4458,890794.8159,751612.0979,432351.3083,16942917.3984,14295662.1021,,,1.1034
601211,国泰君安,证券,上海,20150626,601211.SH,20200103,18.66,18.9,18.62,18.83,18.67,0.16,0.857,388806.18,730191.035,0.5173,0.8993,0.79,25.005,21.6656,1.4085,7.3832,6.3238,1.4604,1.4604,890794.8159,751612.0979,432351.298,16773666.3834,14152855.8035,,,1.1034
601211,国泰君安,证券,上海,20150626,601211.SH,20200102,18.8,18.95,18.6,18.67,18.49,0.18,0.9735,579913.83,1088983.756,0.7716,1.3413,1.38,24.7926,21.4815,1.3965,7.3204,6.2701,1.473,1.473,890794.8056,751612.0876,432351.298,16631139.0206,14032597.6755,,,1.1034
601211,国泰君安,证券,上海,20150626,601211.SH,20191231,18.55,18.71,18.38,18.49,18.68,-0.19,-1.0171,390386.49,722786.977,0.5194,0.9029,1.02,24.5535,21.2744,1.3831,7.2498,6.2096,2.1633,1.4873,890794.8056,751612.0876,432351.298,16470795.9555,13897307.4997,,,1.1034
601211,国泰君安,证券,上海,20150626,601211.SH,20191230,17.77,18.86,17.71,18.68,17.76,0.92,5.1802,868983.76,1602884.43,1.1562,2.0099,3.11,24.8058,21.493,1.3973,7.3243,6.2734,2.1413,1.4722,890794.8056,751612.0876,432351.298,16640046.9686,14040113.7964,,,1.1034
601211,国泰君安,证券,上海,20150626,601211.SH,20191227,17.93,18.18,17.76,17.76,17.94,-0.18,-1.0033,361108.71,650265.675,0.4804,0.8352,1.29,23.5841,20.4345,1.3285,6.9636,5.9645,2.2522,1.5484,890794.8056,751612.0876,432351.298,15820515.7475,13348630.6758,,,1.1034
601211,国泰君安,证券,上海,20150626,601211.SH,20191226,17.68,17.95,17.68,17.94,17.69,0.25,1.4132,248009.52,441464.569,0.33,0.5736,0.87,23.8232,20.6416,1.3419,7.0342,6.0249,2.2297,1.5329,890794.8056,751612.0876,432351.298,15980858.8125,13483920.8515,,,1.1034
601211,国泰君安,证券,上海,20150626,601211.SH,20191225,17.69,17.89,17.63,17.69,17.74,-0.05,-0.2818,227951.59,404616.19,0.3033,0.5272,0.65,23.4912,20.3539,1.3232,6.9362,5.941,2.2612,1.5546,890794.8056,751612.0876,432351.298,15758160.1111,13296017.8296,,,1.1034
601211,国泰君安,证券,上海,20150626,601211.SH,20191224,17.72,17.79,17.61,17.74,17.67,0.07,0.3962,214989.92,380951.874,0.286,0.4973,0.47,23.5576,20.4115,1.327,6.9558,5.9578,2.2548,1.5502,890794.8056,751612.0876,432351.298,15802699.8513,13333598.434,,,1.1034
601211,国泰君安,证券,上海,20150626,601211.SH,20191223,18.19,18.29,17.66,17.67,18.17,-0.5,-2.7518,344307.34,617839.525,0.4581,0.7964,0.72,23.4646,20.3309,1.3217,6.9283,5.9343,2.2637,1.5563,890794.8056,751612.0876,432351.298,15740344.215,13280985.5879,,,1.1034
601211,国泰君安,证券,上海,20150626,601211.SH,20191220,18.23,18.45,18.12,18.17,18.18,-0.01,-0.055,368917.02,674410.78,0.4908,0.8533,0.71,24.1286,20.9062,1.3591,7.1244,6.1022,2.2014,1.5135,890794.8056,751612.0876,432351.298,16185741.6178,13656791.6317,,,1.1034
601211,国泰君安,证券,上海,20150626,601211.SH,20191219,18.26,18.31,18.06,18.18,18.23,-0.05,-0.2743,276915.32,502954.733,0.3684,0.6405,0.56,24.1419,20.9177,1.3599,7.1283,6.1055,2.2002,1.5127,890794.8056,751612.0876,432351.298,16194649.5658,13664307.7526,,,1.1034
601211,国泰君安,证券,上海,20150626,601211.SH,20191218,18.36,18.61,18.2,18.23,18.47,-0.24,-1.2994,545382.5,1005115.029,0.7256,1.2614,1.31,24.2083,20.9753,1.3636,7.1479,6.1223,2.1942,1.5085,890794.8056,751612.0876,432351.298,16239189.3061,13701888.3569,,,1.1034
601211,国泰君安,证券,上海,20150626,601211.SH,20191217,18.09,18.88,17.92,18.47,18.09,0.38,2.1006,755239.29,1391292.757,1.0048,1.7468,2.54,24.527,21.2514,1.3816,7.242,6.2029,2.1657,1.4889,890794.8056,751612.0876,432351.298,16452980.0594,13882275.258,,,1.1034
601211,国泰君安,证券,上海,20150626,601211.SH,20191216,17.98,18.2,17.8,18.09,17.96,0.13,0.7238,433025.53,778761.096,0.5761,1.0016,1.69,24.0224,20.8142,1.3531,7.093,6.0753,2.2112,1.5202,890794.8056,751612.0876,432351.298,16114478.0333,13596662.6647,,,1.1034
601211,国泰君安,证券,上海,20150626,601211.SH,20191213,17.7,17.97,17.46,17.96,17.39,0.57,3.2777,577974.45,1025274.789,0.769,1.3368,2.95,23.8497,20.6646,1.3434,7.042,6.0316,2.2272,1.5312,890794.8056,751612.0876,432351.298,15998674.7086,13498953.0933,,,1.1034
601211,国泰君安,证券,上海,20150626,601211.SH,20191212,17.51,17.56,17.35,17.39,17.47,-0.08,-0.4579,163095.61,284275.294,0.217,0.3772,0.74,23.0928,20.0088,1.3008,6.8185,5.8402,2.3002,1.5814,890794.8056,751612.0876,432351.298,15490921.6694,13070534.2034,20.92,17.12,1.1034
601211,国泰君安,证券,上海,20150626,601211.SH,20191211,17.68,17.69,17.41,17.47,17.54,-0.07,-0.3991,154293.02,270318.852,0.2053,0.3569,0.72,23.199,20.1008,1.3068,6.8499,5.8671,2.2896,1.5741,890794.8056,751612.0876,432351.298,15562185.2538,13130663.1704,,,1.1034
601211,国泰君安,证券,上海,20150626,601211.SH,20191210,17.58,17.59,17.39,17.54,17.56,-0.02,-0.1139,156765.93,274393.873,0.2086,0.3626,0.72,23.292,20.1814,1.312,6.8774,5.8906,2.2805,1.5678,890794.8056,751612.0876,432351.298,15624540.8902,13183276.0165,,,1.1034
601211,国泰君安,证券,上海,20150626,601211.SH,20191209,17.63,17.68,17.46,17.56,17.51,0.05,0.2856,227065.48,399045.362,0.3021,0.5252,1.05,23.3186,20.2044,1.3135,6.8852,5.8973,2.2779,1.5661,890794.8056,751612.0876,432351.298,15642356.7863,13198308.2583,,,1.1034
601211,国泰君安,证券,上海,20150626,601211.SH,20191206,17.29,17.53,17.24,17.51,17.24,0.27,1.5661,277678.18,482964.776,0.3694,0.6423,1.5,23.2522,20.1468,1.3098,6.8656,5.8805,2.2844,1.5705,890794.8056,751612.0876,432351.298,15597817.0461,13160727.6539,,,1.103
601211,国泰君安,证券,上海,20150626,601211.SH,20191205,16.96,17.3,16.94,17.24,16.88,0.36,2.1327,291931.55,500194.54,0.3884,0.6752,2.0,22.8936,19.8362,1.2896,6.7597,5.7898,2.3202,1.5951,890794.8056,751612.0876,432351.298,15357302.4485,12957792.3902,,,1.103
601211,国泰君安,证券,上海,20150626,601211.SH,20191204,16.85,16.96,16.81,16.88,16.97,-0.09,-0.5303,115385.32,194658.922,0.1535,0.2669,0.78,22.4156,19.422,1.2626,6.6186,5.6689,2.3697,1.6291,890794.8056,751612.0876,432351.298,15036616.3185,12687212.0387,,,1.103
601211,国泰君安,证券,上海,20150626,601211.SH,20191203,16.78,17.0,16.77,16.97,16.85,0.12,0.7122,177674.65,300498.687,0.2364,0.4109,1.16,22.5351,19.5255,1.2694,6.6539,5.6992,2.3571,1.6205,890794.8056,751612.0876,432351.298,15116787.851,12754857.1266,,,1.103
601211,国泰君安,证券,上海,20150626,601211.SH,20191202,17.03,17.09,16.83,16.85,16.71,0.14,0.8378,213857.0,362587.142,0.2845,0.4946,1.55,22.3757,19.3875,1.2604,6.6068,5.6589,2.3739,1.632,890794.8056,751612.0876,432351.298,15009892.4744,12664663.6761,,,1.103
601211,国泰君安,证券,上海,20150626,601211.SH,20191129,16.63,16.82,16.6,16.71,16.63,0.08,0.4811,125404.89,209497.318,0.1668,0.2901,0.86,22.1898,19.2264,1.2499,6.5519,5.6118,2.3938,1.6457,890794.8056,751612.0876,432351.298,14885181.2016,12559437.9838,,,1.103
601211,国泰君安,证券,上海,20150626,601211.SH,20191128,16.57,16.66,16.54,16.63,16.6,0.03,0.1807,96139.88,159716.866,0.1279,0.2224,0.6,22.0836,19.1343,1.2439,6.5205,5.585,2.4053,1.6536,890794.8056,751612.0876,432351.298,14813917.6171,12499309.0168,,,1.103
601211,国泰君安,证券,上海,20150626,601211.SH,20191127,16.69,16.71,16.54,16.6,16.74,-0.14,-0.8363,130035.14,216184.319,0.173,0.3008,0.72,22.0437,19.0998,1.2417,6.5088,5.5749,2.4096,1.6566,890794.8056,751612.0876,432351.298,14787193.773,12476760.6542,,,1.103
601211,国泰君安,证券,上海,20150626,601211.SH,20191126,16.72,16.78,16.59,16.74,16.67,0.07,0.4199,201972.58,337087.313,0.2687,0.4671,1.2,22.2296,19.2609,1.2522,6.5637,5.6219,2.3895,1.6428,890794.8056,751612.0876,432351.298,14911905.0457,12581986.3464,20.05,16.41,1.103
601211,国泰君安,证券,上海,20150626,601211.SH,20191125,16.54,16.71,16.53,16.67,16.53,0.14,0.8469,134850.16,224537.691,0.1794,0.3119,0.79,22.1367,19.1803,1.2469,6.5362,5.5984,2.3995,1.6497,890794.8056,751612.0876,432351.298,14849549.4094,12529373.5003,,,1.103
601211,国泰君安,证券,上海,20150626,601211.SH,20191122,16.6,16.76,16.51,16.53,16.58,-0.05,-0.3016,166436.22,276588.302,0.2214,0.385,0.99,21.9508,19.0193,1.2365,6.4813,5.5514,2.4198,1.6636,890794.8056,751612.0876,432351.298,14724838.1366,12424147.808,19.9,16.28,1.103
601211,国泰君安,证券,上海,20150626,601211.SH,20191121,16.57,16.74,16.49,16.58,16.64,-0.06,-0.3606,174375.71,289510.753,0.232,0.4033,1.06,22.0172,19.0768,1.2402,6.5009,5.5682,2.4125,1.6586,890794.8056,751612.0876,432351.298,14769377.8768,12461728.4124,,,1.103
601211,国泰君安,证券,上海,20150626,601211.SH,20191120,16.89,16.95,16.6,16.64,16.96,-0.32,-1.8868,228034.5,382018.194,0.3034,0.5274,1.49,22.0969,19.1458,1.2447,6.5245,5.5883,2.4038,1.6526,890794.8056,751612.0876,432351.298,14822825.5652,12506825.1377,,,1.103
601211,国泰君安,证券,上海,20150626,601211.SH,20191119,16.81,16.97,16.81,16.96,16.89,0.07,0.4144,140703.39,237886.632,0.1872,0.3254,0.92,22.5218,19.514,1.2686,6.6499,5.6958,2.3585,1.6215,890794.8056,751612.0876,432351.298,15107879.903,12747341.0057,,,1.103
601211,国泰君安,证券,上海,20150626,601211.SH,20191118,16.73,16.94,16.64,16.89,16.73,0.16,0.9564,143943.47,242715.522,0.1915,0.3329,0.84,22.4288,19.4335,1.2634,6.6225,5.6723,2.3683,1.6282,890794.8056,751612.0876,432351.298,15045524.2666,12694728.1596,,,1.103
601211,国泰君安,证券,上海,20150626,601211.SH,20191115,16.83,16.9,16.67,16.73,16.84,-0.11,-0.6532,155271.02,260338.281,0.2066,0.3591,0.81,22.2164,19.2494,1.2514,6.5598,5.6186,2.3909,1.6438,890794.8056,751612.0876,432351.298,14902997.0977,12574470.2255,,,1.103
601211,国泰君安,证券,上海,20150626,601211.SH,20191114,16.86,16.97,16.77,16.84,16.81,0.03,0.1785,155818.87,262673.039,0.2073,0.3604,0.79,22.3624,19.3759,1.2596,6.6029,5.6555,2.3753,1.633,890794.8056,751612.0876,432351.298,15000984.5263,12657147.5552,,,1.103
601211,国泰君安,证券,上海,20150626,601211.SH,20191113,17.02,17.05,16.77,16.81,17.07,-0.26,-1.5231,169268.37,285802.162,0.2252,0.3915,0.85,22.3226,19.3414,1.2574,6.5911,5.6454,2.3795,1.6359,890794.8056,751612.0876,432351.298,14974260.6821,12634599.1926,,,1.103
601211,国泰君安,证券,上海,20150626,601211.SH,20191112,16.99,17.07,16.89,17.07,16.9,0.17,1.0059,140854.1,239113.653,0.1874,0.3258,0.59,22.6679,19.6406,1.2769,6.6931,5.7327,2.3433,1.611,890794.8056,751612.0876,432351.298,15205867.3316,12830018.3353,18.57,15.19,1.103
601211,国泰君安,证券,上海,20150626,601211.SH,20191111,17.12,17.2,16.9,16.9,17.21,-0.31,-1.8013,239902.83,408903.161,0.3192,0.5549,1.0,22.4421,19.445,1.2641,6.6264,5.6757,2.3669,1.6272,890794.8056,751612.0876,432351.298,15054432.2146,12702244.2804,,,1.103
601211,国泰君安,证券,上海,20150626,601211.SH,20191108,17.59,17.66,17.19,17.21,17.44,-0.23,-1.3188,251488.92,437505.384,0.3346,0.5817,1.08,22.8538,19.8017,1.2873,6.748,5.7798,2.3242,1.5979,890794.8056,751612.0876,432351.298,15330578.6044,12935244.0276,,,1.103
601211,国泰君安,证券,上海,20150626,601211.SH,20191107,17.23,17.46,17.21,17.44,17.27,0.17,0.9844,182421.59,316887.628,0.2427,0.4219,0.79,23.1592,20.0663,1.3045,6.8381,5.857,2.2936,1.5768,890794.8056,751612.0876,432351.298,15535461.4097,13108114.8077,,,1.103
601211,国泰君安,证券,上海,20150626,601211.SH,20191106,17.48,17.51,17.25,17.27,17.48,-0.21,-1.2014,183498.67,318561.365,0.2441,0.4244,0.74,22.9335,19.8707,1.2918,6.7715,5.7999,2.3162,1.5924,890794.8056,751612.0876,432351.298,15384026.2927,12980340.7529,,,1.103
601211,国泰君安,证券,上海,20150626,601211.SH,20191105,17.29,17.72,17.25,17.48,17.28,0.2,1.1574,345501.54,604718.77,0.4597,0.7991,1.6,23.2123,20.1123,1.3075,6.8538,5.8704,2.2883,1.5732,890794.8056,751612.0876,432351.298,15571093.2019,13138179.2912,,,1.103
601211,国泰君安,证券,上海,20150626,601211.SH,20191104,17.28,17.44,17.2,17.28,17.26,0.02,0.1159,231245.62,400109.029,0.3077,0.5349,1.1,22.9467,19.8822,1.2926,6.7754,5.8033,2.3148,1.5914,890794.8056,751612.0876,432351.298,15392934.2408,12987856.8737,,,1.103
601211,国泰君安,证券,上海,20150626,601211.SH,20191101,16.98,17.26,16.94,17.26,17.06,0.2,1.1723,216768.84,371756.573,0.2884,0.5014,1.07,22.9202,19.8592,1.2911,6.7676,5.7966,2.3175,1.5933,890794.8056,751612.0876,432351.298,15375118.3447,12972824.632,,,1.103
601211,国泰君安,证券,上海,20150626,601211.SH,20191031,16.97,17.07,16.9,17.06,17.04,0.02,0.1174,171429.6,291407.535,0.2281,0.3965,0.88,22.6546,19.6291,1.2761,6.6891,5.7294,2.3447,1.612,890794.8056,751612.0876,432351.298,15196959.3835,12822502.2145,,,1.103
601211,国泰君安,证券,上海,20150626,601211.SH,20191030,17.25,17.28,16.96,17.04,17.31,-0.27,-1.5598,273681.42,467004.316,0.3641,0.633,1.6,22.628,19.6641,1.2012,6.6813,5.9871,2.3474,1.6138,890794.8056,751612.0876,432351.298,15179143.4874,12807469.9727,,,1.103
601211,国泰君安,证券,上海,20150626,601211.SH,20191029,17.72,17.72,17.31,17.31,17.72,-0.41,-2.3138,186674.9,326308.389,0.2484,0.4318,1.09,22.9866,19.9756,1.2202,6.7872,6.0819,2.3108,1.5887,890794.8056,751612.0876,432351.298,15419658.0849,13010405.2364,,,1.103
601211,国泰君安,证券,上海,20150626,601211.SH,20191028,17.5,17.81,17.46,17.72,17.5,0.22,1.2571,200856.05,354086.346,0.2672,0.4646,1.09,23.531,20.4488,1.2492,6.9479,6.226,2.2573,1.5519,890794.8056,751612.0876,432351.298,15784883.9552,13318566.1923,,,1.103
601211,国泰君安,证券,上海,20150626,601211.SH,20191025,17.34,17.57,17.22,17.5,17.34,0.16,0.9227,181640.72,316117.909,0.2417,0.4201,0.94,23.2389,20.1949,1.2336,6.8617,6.1487,2.2857,1.5714,890794.8056,751612.0876,432351.298,15588909.098,13153211.533,,,1.103
601211,国泰君安,证券,上海,20150626,601211.SH,20191024,17.36,17.48,17.23,17.34,17.26,0.08,0.4635,135162.33,234546.605,0.1798,0.3126,0.69,23.0264,20.0103,1.2224,6.7989,6.0925,2.3068,1.5859,890794.8056,751612.0876,432351.298,15446381.9291,13032953.599,,,1.103
601211,国泰君安,证券,上海,20150626,601211.SH,20191023,17.39,17.45,17.19,17.26,17.41,-0.15,-0.8616,152711.97,264097.615,0.2032,0.3532,0.72,22.9202,19.9179,1.2167,6.7676,6.0644,2.3175,1.5933,890794.8056,751612.0876,432351.298,15375118.3447,12972824.632,,,1.103
601211,国泰君安,证券,上海,20150626,601211.SH,20191022,17.38,17.43,17.2,17.41,17.32,0.09,0.5196,188694.45,327155.604,0.2511,0.4364,0.88,23.1194,20.091,1.2273,6.8264,6.1171,2.2975,1.5796,890794.8056,751612.0876,432351.298,15508737.5655,13085566.4451,,,1.103
601211,国泰君安,证券,上海,20150626,601211.SH,20191021,17.41,17.51,17.2,17.32,17.45,-0.13,-0.745,264100.94,457818.67,0.3514,0.6108,1.11,22.9998,19.9872,1.221,6.7911,6.0854,2.3095,1.5878,890794.8056,751612.0876,432351.298,15428566.033,13017921.3572,,,1.103
601211,国泰君安,证券,上海,20150626,601211.SH,20191018,17.86,17.99,17.45,17.45,17.84,-0.39,-2.1861,225547.22,399289.344,0.3001,0.5217,0.86,23.1725,20.1372,1.2301,6.8421,6.1311,2.2923,1.5759,890794.8056,751612.0876,432351.298,15544369.3577,13115630.9286,,,1.103
601211,国泰君安,证券,上海,20150626,601211.SH,20191017,17.92,18.06,17.81,17.84,17.95,-0.11,-0.6128,149604.06,268087.468,0.199,0.346,0.53,23.6904,20.5873,1.2576,6.995,6.2681,2.2422,1.5415,890794.8056,751612.0876,432351.298,15891779.3319,13408759.6428,,,1.103
601211,国泰君安,证券,上海,20150626,601211.SH,20191016,18.04,18.34,17.9,17.95,17.98,-0.03,-0.1669,227539.72,411806.766,0.3027,0.5263,0.8,23.8364,20.7142,1.2654,7.0381,6.3068,2.2284,1.532,890794.8056,751612.0876,432351.298,15989766.7605,13491436.9724,,,1.103
601211,国泰君安,证券,上海,20150626,601211.SH,20191015,18.08,18.18,17.93,17.98,18.08,-0.1,-0.5531,199969.0,360410.929,0.2661,0.4625,0.69,23.8763,20.7488,1.2675,7.0499,6.3173,2.2247,1.5295,890794.8056,751612.0876,432351.298,16016490.6047,13513985.335,19.0,15.54,1.103
601211,国泰君安,证券,上海,20150626,601211.SH,20191014,18.1,18.3,17.88,18.08,17.79,0.29,1.6301,391247.89,708974.95,0.5205,0.9049,1.51,24.0091,20.8642,1.2745,7.0891,6.3525,2.2124,1.521,890794.8056,751612.0876,432351.298,16105570.0852,13589146.5438,,,1.103
601211,国泰君安,证券,上海,20150626,601211.SH,20191011,17.56,17.95,17.43,17.79,17.5,0.29,1.6571,346763.23,613100.519,0.4614,0.802,1.47,23.624,20.5296,1.2541,6.9754,6.2506,2.2485,1.5458,890794.8056,751612.0876,432351.298,15847239.5916,13371179.0384,,,1.103
601211,国泰君安,证券,上海,20150626,601211.SH,20191010,17.42,17.56,17.3,17.5,17.38,0.12,0.6904,254626.89,443996.015,0.3388,0.5889,1.05,23.2389,20.1949,1.2336,6.8617,6.1487,2.2857,1.5714,890794.8056,751612.0876,432351.298,15588909.098,13153211.533,,,1.103
601211,国泰君安,证券,上海,20150626,601211.SH,20191009,17.29,17.45,17.12,17.38,17.41,-0.03,-0.1723,231365.67,399902.421,0.3078,0.5351,0.91,23.0795,20.0564,1.2252,6.8146,6.1065,2.3015,1.5823,890794.8056,751612.0876,432351.298,15482013.7213,13063018.0825,,,1.103
601211,国泰君安,证券,上海,20150626,601211.SH,20191008,17.58,17.68,17.39,17.41,17.57,-0.16,-0.9106,225940.21,395963.961,0.3006,0.5226,0.83,23.1194,20.091,1.2273,6.8264,6.1171,2.2975,1.5796,890794.8056,751612.0876,432351.298,15508737.5655,13085566.4451,,,1.103
601211,国泰君安,证券,上海,20150626,601211.SH,20190930,18.05,18.1,17.55,17.57,18.07,-0.5,-2.767,238447.72,425270.363,0.3172,0.5515,0.84,23.3318,20.2757,1.2386,6.8891,6.1733,2.2766,1.5652,890794.8056,751612.0876,432351.298,15651264.7344,13205824.3791,,,1.103
601211,国泰君安,证券,上海,20150626,601211.SH,20190927,17.99,18.14,17.89,18.07,17.99,0.08,0.4447,229877.95,414241.704,0.3058,0.5317,0.75,23.9958,20.8527,1.2738,7.0852,6.349,2.2136,1.5219,890794.8056,751612.0876,432351.298,16096662.1372,13581630.4229,,,1.103
601211,国泰君安,证券,上海,20150626,601211.SH,20190926,18.15,18.25,17.86,17.99,18.04,-0.05,-0.2772,292084.24,528311.336,0.3886,0.6756,0.96,23.8896,20.7604,1.2682,7.0538,6.3208,2.2235,1.5286,890794.8056,751612.0876,432351.298,16025398.5527,13521501.4559,,,1.103
601211,国泰君安,证券,上海,20150626,601211.SH,20190925,18.04,18.26,17.95,18.04,18.08,-0.04,-0.2212,280288.42,507193.611,0.3729,0.6483,0.94,23.956,20.8181,1.2717,7.0734,6.3384,2.2173,1.5244,890794.8056,751612.0876,432351.298,16069938.293,13559082.0603,,,1.103
601211,国泰君安,证券,上海,20150626,601211.SH,20190924,18.2,18.38,18.05,18.08,18.08,0.0,0.0,314994.1,572811.437,0.4191,0.7286,0.99,24.0091,20.8642,1.2745,7.0891,6.3525,2.2124,1.521,890794.8056,751612.0876,432351.298,16105570.0852,13589146.5438,18.99,15.53,1.103
601211,国泰君安,证券,上海,20150626,601211.SH,20190923,18.34,18.34,17.9,18.08,18.36,-0.28,-1.5251,304349.4,548973.873,0.4049,0.7039,0.92,24.0091,20.8642,1.2745,7.0891,6.3525,2.2124,1.521,890794.8056,751612.0876,432351.298,16105570.0852,13589146.5438,,,1.103
601211,国泰君安,证券,上海,20150626,601211.SH,20190920,18.58,18.61,18.23,18.36,18.59,-0.23,-1.2372,350435.74,644142.387,0.4662,0.8105,1.0,24.3809,21.1873,1.2943,7.1989,6.4508,2.1786,1.4978,890794.8056,751612.0876,432351.298,16354992.6308,13799597.9283,,,1.103
601211,国泰君安,证券,上海,20150626,601211.SH,20190919,18.65,18.65,18.3,18.59,18.54,0.05,0.2697,278367.09,514287.924,0.3704,0.6438,0.69,24.6863,21.4528,1.3105,7.2891,6.5317,2.1517,1.4793,890794.8056,751612.0876,432351.298,16559875.4361,13972468.7085,,,1.103
601211,国泰君安,证券,上海,20150626,601211.SH,20190918,18.65,18.75,18.46,18.54,18.52,0.02,0.108,248733.64,462176.745,0.3309,0.5753,0.56,24.6199,21.3951,1.307,7.2695,6.5141,2.1575,1.4833,890794.8056,751612.0876,432351.298,16515335.6958,13934888.1041,,,1.103
601211,国泰君安,证券,上海,20150626,601211.SH,20190917,19.03,19.04,18.5,18.52,19.04,-0.52,-2.7311,405997.0,759727.701,0.5402,0.939,0.83,24.5934,21.372,1.3055,7.2616,6.5071,2.1598,1.4849,890794.8056,751612.0876,432351.298,16497519.7997,13919855.8624,,,1.103
601211,国泰君安,证券,上海,20150626,601211.SH,20190916,19.3,19.38,18.93,19.04,19.29,-0.25,-1.296,378024.54,722809.391,0.503,0.8743,0.75,25.2839,21.9721,1.3422,7.4655,6.6898,2.1008,1.4443,890794.8056,751612.0876,432351.298,16960733.0986,14310694.1479,,,1.103
601211,国泰君安,证券,上海,20150626,601211.SH,20190912,19.28,19.37,18.95,19.29,19.19,0.1,0.5211,438078.06,840350.987,0.5829,1.0132,0.74,25.6159,22.2605,1.3598,7.5635,6.7776,2.0736,1.4256,890794.8056,751612.0876,432351.298,17183431.8,14498597.1698,,,1.103
601211,国泰君安,证券,上海,20150626,601211.SH,20190911,19.33,19.52,19.13,19.19,19.15,0.04,0.2089,560558.19,1083754.87,0.7458,1.2965,1.02,25.4831,22.1451,1.3528,7.5243,6.7425,2.0844,1.433,890794.8056,751612.0876,432351.298,17094352.3195,14423435.961,,,1.103
601211,国泰君安,证券,上海,20150626,601211.SH,20190910,19.04,19.29,18.85,19.15,19.14,0.01,0.0522,437287.9,833208.12,0.5818,1.0114,0.85,25.43,22.099,1.35,7.5086,6.7284,2.0888,1.436,890794.8056,751612.0876,432351.298,17058720.5272,14393371.4775,,,1.103
601211,国泰君安,证券,上海,20150626,601211.SH,20190909,19.2,19.48,19.03,19.14,18.83,0.31,1.6463,622526.34,1197526.42,0.8283,1.4399,1.36,25.4167,22.0875,1.3493,7.5047,6.7249,2.0899,1.4368,890794.8056,751612.0876,432351.298,17049812.5792,14385855.3567,,,1.103
601211,国泰君安,证券,上海,20150626,601211.SH,20190906,18.9,18.99,18.64,18.83,18.49,0.34,1.8388,475695.36,893410.163,0.6329,1.1003,1.18,25.005,21.7297,1.3274,7.3832,6.616,2.1243,1.4604,890794.8056,751612.0876,432351.298,16773666.1894,14152855.6095,,,1.103
601211,国泰君安,证券,上海,20150626,601211.SH,20190905,18.15,19.02,18.15,18.49,17.85,0.64,3.5854,848150.33,1581340.273,1.1284,1.9617,3.2,24.5535,21.3374,1.3034,7.2498,6.4965,2.1633,1.4873,890794.8056,751612.0876,432351.298,16470795.9555,13897307.4997,,,1.103
601211,国泰君安,证券,上海,20150626,601211.SH,20190904,17.49,18.0,17.49,17.85,17.56,0.29,1.6515,374599.68,667558.124,0.4984,0.8664,1.66,23.7037,20.5988,1.2583,6.9989,6.2717,2.2409,1.5406,890794.8056,751612.0876,432351.298,15900687.28,13416275.7637,,,1.103
601211,国泰君安,证券,上海,20150626,601211.SH,20190903,17.42,17.63,17.38,17.56,17.43,0.13,0.7458,244542.25,427936.746,0.3254,0.5656,0.96,23.3186,20.2641,1.2379,6.8852,6.1698,2.2779,1.5661,890794.8056,751612.0876,432351.298,15642356.7863,13198308.2583,,,1.103
601211,国泰君安,证券,上海,20150626,601211.SH,20190902,17.12,17.59,17.06,17.43,17.09,0.34,1.9895,343041.03,596750.92,0.4564,0.7934,1.38,23.1459,20.1141,1.2287,6.8342,6.1241,2.2949,1.5777,890794.7954,751612.0774,432351.2878,15526553.2838,13100598.5091,,,1.103
601211,国泰君安,证券,上海,20150626,601211.SH,20190830,17.35,17.44,17.01,17.09,17.11,-0.02,-0.1169,198448.08,341855.973,0.264,0.459,0.79,22.6944,19.7218,1.2047,6.7009,6.0046,2.3405,1.6091,890794.7954,751612.0774,432351.2878,15223683.0534,12845050.4028,,,1.103
601211,国泰君安,证券,上海,20150626,601211.SH,20190829,17.22,17.26,17.03,17.11,17.21,-0.1,-0.5811,165841.58,284260.738,0.2206,0.3836,0.66,22.721,19.7448,1.2061,6.7088,6.0117,2.3378,1.6072,890794.7954,751612.0774,432351.2878,15241498.9493,12860082.6443,,,1.103
601211,国泰君安,证券,上海,20150626,601211.SH,20190828,17.34,17.41,17.19,17.21,17.44,-0.23,-1.3188,177855.66,306928.712,0.2366,0.4114,0.7,22.8538,19.8602,1.2132,6.748,6.0468,2.3242,1.5979,890794.7954,751612.0774,432351.2878,15330578.4288,12935243.8521,,,1.103
601211,国泰君安,证券,上海,20150626,601211.SH,20190827,17.17,17.71,17.17,17.44,17.05,0.39,2.2874,385667.32,673603.869,0.5131,0.892,1.51,23.1592,20.1257,1.2294,6.8381,6.1276,2.2936,1.5768,890794.7954,751612.0774,432351.2878,15535461.2318,13108114.6299,20.45,16.73,1.103
601211,国泰君安,证券,上海,20150626,601211.SH,20190826,17.01,17.27,16.96,17.05,17.37,-0.32,-1.8423,310790.95,531421.022,0.4135,0.7188,1.02,22.6413,19.6756,1.2019,6.6852,5.9906,2.346,1.6129,890794.7954,751612.0774,432351.2878,15188051.2616,12814985.9197,,,1.103
601211,国泰君安,证券,上海,20150626,601211.SH,20190823,17.51,17.66,17.37,17.37,17.43,-0.06,-0.3442,217593.07,380366.195,0.2895,0.5033,0.7,23.0662,20.0449,1.2245,6.8107,6.103,2.3028,1.5832,890794.7954,751612.0774,432351.2878,15473105.5961,13055501.7844,,,1.103
601211,国泰君安,证券,上海,20150626,601211.SH,20190822,17.52,17.55,17.26,17.43,17.46,-0.03,-0.1718,165536.38,288145.446,0.2202,0.3829,0.52,23.1459,20.1141,1.333,6.8342,6.124,2.2949,1.5777,890794.7954,751612.0774,432351.2878,15526553.2838,13100598.5091,20.94,17.14,1.103
601211,国泰君安,证券,上海,20150626,601211.SH,20190821,17.56,17.59,17.34,17.46,17.52,-0.06,-0.3425,193420.53,337770.256,0.2573,0.4474,0.61,23.1858,20.1488,1.3353,6.846,6.1345,2.2909,1.575,890794.7954,751612.0774,432351.2878,15553277.1277,13123146.8714,,,1.103
601211,国泰君安,证券,上海,20150626,601211.SH,20190820,17.42,17.71,17.42,17.52,17.56,-0.04,-0.2278,385856.3,678939.798,0.5134,0.8925,1.43,23.2654,20.218,1.3399,6.8695,6.1556,2.2831,1.5696,890794.7954,751612.0774,432351.2878,15606724.8154,13168243.596,21.11,17.27,1.103
601211,国泰君安,证券,上海,20150626,601211.SH,20190819,16.75,17.61,16.65,17.56,16.51,1.05,6.3598,566580.04,973827.37,0.7538,1.3105,2.8,23.3186,20.2642,1.343,6.8852,6.1696,2.2779,1.5661,890794.7954,751612.0774,432351.2878,15642356.6072,13198308.0791,,,1.103
601211,国泰君安,证券,上海,20150626,601211.SH,20190816,16.43,16.75,16.38,16.51,16.49,0.02,0.1213,247841.19,410813.111,0.3297,0.5732,1.21,21.9242,19.0525,1.2627,6.4735,5.8007,2.4228,1.6657,890794.7954,751612.0774,432351.2878,14707022.0721,12409115.3979,,,1.103
601211,国泰君安,证券,上海,20150626,601211.SH,20190815,16.26,16.55,16.19,16.49,16.54,-0.05,-0.3023,207842.34,339511.181,0.2765,0.4807,0.95,21.8977,19.0294,1.2611,6.4657,5.7937,2.4257,1.6677,890794.7954,751612.0774,432351.2878,14689206.1761,12394083.1563,,,1.103
601211,国泰君安,证券,上海,20150626,601211.SH,20190814,16.8,16.85,16.54,16.54,16.5,0.04,0.2424,176088.71,294069.996,0.2343,0.4073,0.8,21.9641,19.0871,1.2649,6.4853,5.8113,2.4184,1.6626,890794.7954,751612.0774,432351.2878,14733745.9159,12431663.7602,,,1.103
601211,国泰君安,证券,上海,20150626,601211.SH,20190813,16.51,16.6,16.47,16.5,16.68,-0.18,-1.0791,146825.45,242579.603,0.1953,0.3396,0.58,21.9109,19.0409,1.2619,6.4696,5.7972,2.4242,1.6667,890794.7954,751612.0774,432351.2878,14698114.1241,12401599.2771,,,1.103
601211,国泰君安,证券,上海,20150626,601211.SH,20190812,16.5,16.68,16.42,16.68,16.33,0.35,2.1433,233811.66,387298.377,0.3111,0.5408,0.88,22.15,19.2486,1.2757,6.5402,5.8605,2.3981,1.6487,890794.7954,751612.0774,432351.2878,14858457.1873,12536889.451,,,1.103
601211,国泰君安,证券,上海,20150626,601211.SH,20190809,16.89,16.9,16.55,16.6,16.78,-0.18,-1.0727,255840.02,427325.504,0.3404,0.5917,0.88,22.0437,19.1563,1.1482,6.5088,5.8323,2.4096,,890794.7954,751612.0774,432351.2878,14787193.6036,12476760.4848,,,1.103
601211,国泰君安,证券,上海,20150626,601211.SH,20190808,17.03,17.12,16.72,16.78,16.6,0.18,1.0843,282197.73,476025.579,0.3755,0.6527,1.01,22.2828,19.364,1.1607,6.5794,5.8956,2.3838,,890794.7954,751612.0774,432351.2878,14947536.6668,12612050.6588,,,1.103
601211,国泰君安,证券,上海,20150626,601211.SH,20190807,16.84,16.94,16.6,16.6,16.79,-0.19,-1.1316,188152.22,314850.526,0.2503,0.4352,0.67,22.0437,19.1563,1.1482,6.5088,5.8323,2.4096,,890794.7954,751612.0774,432351.2878,14787193.6036,12476760.4848,,,1.103
601211,国泰君安,证券,上海,20150626,601211.SH,20190806,16.55,17.07,16.48,16.79,16.9,-0.11,-0.6509,308199.09,515099.874,0.4101,0.7128,1.15,22.296,19.3756,1.1614,6.5833,5.8991,2.3824,,890794.7954,751612.0774,432351.2878,14956444.6148,12619566.7795,,,1.103
601211,国泰君安,证券,上海,20150626,601211.SH,20190805,17.21,17.27,16.9,16.9,17.29,-0.39,-2.2556,299284.01,511051.962,0.3982,0.6922,1.23,22.4421,19.5025,1.169,6.6264,5.9378,2.3669,,890794.7954,751612.0774,432351.2878,15054432.0423,12702244.1081,,,1.103
601211,国泰君安,证券,上海,20150626,601211.SH,20190802,17.48,17.51,17.21,17.29,17.88,-0.59,-3.2998,382650.71,663272.228,0.5091,0.885,1.95,22.96,19.9526,1.1959,6.7793,6.0748,2.3135,,890794.7954,751612.0774,432351.2878,15401842.0125,12995372.8182,18.76,15.35,1.103
601211,国泰君安,证券,上海,20150626,601211.SH,20190801,18.02,18.13,17.77,17.88,18.11,-0.23,-1.27,221460.68,396657.747,0.2946,0.5122,1.16,23.7435,20.6334,1.2367,7.0107,6.2821,2.2371,,890794.7954,751612.0774,432351.2878,15927410.9418,13438823.9439,,,1.103
601211,国泰君安,证券,上海,20150626,601211.SH,20190731,18.08,18.16,17.98,18.11,18.08,0.03,0.1659,195926.53,354258.759,0.2607,0.4532,0.98,24.0489,20.8988,1.2527,7.1008,6.3629,2.2087,,890794.7954,751612.0774,432351.2878,16132293.7447,13611694.7217,,,1.103
601211,国泰君安,证券,上海,20150626,601211.SH,20190730,17.85,18.24,17.85,18.08,17.89,0.19,1.062,244665.43,442639.555,0.3255,0.5659,1.3,24.0091,21.6054,1.3542,7.0891,6.9512,2.2124,,890794.7954,751612.0774,432351.2878,16105569.9008,13589146.3594,,,1.103
601211,国泰君安,证券,上海,20150626,601211.SH,20190729,18.06,18.07,17.82,17.89,18.07,-0.18,-0.9961,170285.88,304951.499,0.2266,0.3939,0.86,23.7568,21.3784,1.34,7.0146,6.8782,2.2359,,890794.7954,751612.0774,432351.2878,15936318.8897,13446340.0647,,,1.103
601211,国泰君安,证券,上海,20150626,601211.SH,20190726,18.01,18.13,17.98,18.07,18.12,-0.05,-0.2759,147042.48,265384.186,0.1956,0.3401,0.66,23.9958,21.5935,1.3535,7.0852,6.9474,2.2136,,890794.7954,751612.0774,432351.2878,16096661.9529,13581630.2386,,,1.103
601211,国泰君安,证券,上海,20150626,601211.SH,20190725,17.95,18.19,17.91,18.12,17.95,0.17,0.9471,196915.54,355419.579,0.262,0.4555,0.91,24.0622,21.6532,1.3572,7.1048,6.9666,2.2075,,890794.7954,751612.0774,432351.2878,16141201.6926,13619210.8425,,,1.103
601211,国泰君安,证券,上海,20150626,601211.SH,20190724,17.86,18.08,17.85,17.95,17.77,0.18,1.0129,240410.18,432562.96,0.3199,0.5561,1.19,23.8364,21.4501,1.3445,7.0381,6.9012,2.2284,,890794.7954,751612.0774,432351.2878,15989766.5774,13491436.7893,,,1.103
601211,国泰君安,证券,上海,20150626,601211.SH,20190723,17.87,17.95,17.71,17.77,17.81,-0.04,-0.2246,184126.02,327632.319,0.245,0.4259,0.9,23.5974,21.235,1.331,6.9675,6.832,2.251,,890794.7954,751612.0774,432351.2878,15829423.5143,13356146.6154,,,1.103
601211,国泰君安,证券,上海,20150626,601211.SH,20190722,18.15,18.2,17.7,17.81,18.08,-0.27,-1.4934,222651.61,398650.894,0.2962,0.515,0.89,23.6505,21.2828,1.334,6.9832,6.8474,2.2459,,890794.7954,751612.0774,432351.2878,15865055.3061,13386211.0985,,,1.103
601211,国泰君安,证券,上海,20150626,601211.SH,20190719,17.93,18.23,17.89,18.08,17.8,0.28,1.573,262066.46,473661.646,0.3487,0.6061,1.01,24.0091,21.6054,1.3542,7.0891,6.9512,2.2124,,890794.7954,751612.0774,432351.2878,16105569.9008,13589146.3594,,,1.103
601211,国泰君安,证券,上海,20150626,601211.SH,20190718,17.92,17.97,17.75,17.8,18.03,-0.23,-1.2757,171884.34,306910.898,0.2287,0.3976,0.59,23.6373,21.2708,1.3333,6.9793,6.8436,2.2472,,890794.7954,751612.0774,432351.2878,15856147.3581,13378694.9777,,,1.103
601211,国泰君安,证券,上海,20150626,601211.SH,20190717,18.06,18.19,18.0,18.03,18.14,-0.11,-0.6064,172948.7,312877.09,0.2301,0.4,0.5,23.9427,21.5457,1.3505,7.0695,6.932,2.2185,,890794.7954,751612.0774,432351.2878,16061030.1611,13551565.7555,,,1.085
601211,国泰君安,证券,上海,20150626,601211.SH,20190716,18.17,18.3,18.05,18.14,18.23,-0.09,-0.4937,195661.56,354970.675,0.2603,0.4526,0.53,24.0888,21.6771,1.3587,7.1126,6.9743,2.2051,,890794.7954,751612.0774,432351.2878,16159017.5886,13634243.084,,,1.085
601211,国泰君安,证券,上海,20150626,601211.SH,20190715,17.88,18.55,17.65,18.23,18.07,0.16,0.8854,453403.49,822266.926,0.6032,1.0487,1.29,24.2083,21.7847,1.3655,7.1479,7.0089,2.1942,,890794.7954,751612.0774,432351.2878,16239189.1201,13701888.171,,,1.085
601211,国泰君安,证券,上海,20150626,601211.SH,20190712,18.04,18.19,17.85,18.07,18.06,0.01,0.0554,304407.46,549961.404,0.405,0.7041,0.84,23.9958,21.5935,1.3535,7.0852,6.9474,2.2136,,890794.7954,751612.0774,432351.2878,16096661.9529,13581630.2386,,,1.085
601211,国泰君安,证券,上海,20150626,601211.SH,20190711,18.15,18.28,17.86,18.06,18.03,0.03,0.1664,336380.08,607718.895,0.4475,0.778,0.99,23.9825,21.5815,1.3527,7.0812,6.9435,2.2148,,890794.7954,751612.0774,432351.2878,16087754.0049,13574114.1178,,,1.085
601211,国泰君安,证券,上海,20150626,601211.SH,20190710,17.87,18.23,17.73,18.03,17.78,0.25,1.4061,436318.09,787170.116,0.5805,1.0092,1.42,23.9427,21.5457,1.3505,7.0695,6.932,2.2185,,890794.7954,751612.0774,432351.2878,16061030.1611,13551565.7555,,,1.085
601211,国泰君安,证券,上海,20150626,601211.SH,20190709,17.74,17.86,17.53,17.78,17.58,0.2,1.1377,306958.8,543062.577,0.4084,0.71,1.02,23.6107,21.2469,1.3318,6.9715,6.8359,2.2497,,890794.7954,751612.0774,432351.2878,15838331.4622,13363662.7362,,,1.085
601211,国泰君安,证券,上海,20150626,601211.SH,20190708,18.0,18.01,17.42,17.58,18.03,-0.45,-2.4958,378078.31,668577.919,0.503,0.8745,1.09,23.3451,21.0079,1.3168,6.893,6.759,2.2753,,890794.7954,751612.0774,432351.2878,15660172.5031,13213340.3207,,,1.085
601211,国泰君安,证券,上海,20150626,601211.SH,20190705,18.23,18.23,17.97,18.03,18.23,-0.2,-1.0971,350767.07,632628.382,0.4667,0.8113,0.97,23.9427,21.5457,1.3505,7.0695,6.932,2.2185,,890794.7954,751612.0774,432351.2878,16061030.1611,13551565.7555,,,1.085
601211,国泰君安,证券,上海,20150626,601211.SH,20190704,18.28,18.41,18.04,18.23,18.15,0.08,0.4408,226365.48,412397.016,0.3012,0.5236,0.55,24.2083,21.7847,1.3655,7.1479,7.0089,2.1942,,890794.7954,751612.0774,432351.2878,16239189.1201,13701888.171,,,1.085
601211,国泰君安,证券,上海,20150626,601211.SH,20190703,18.42,18.44,18.05,18.15,18.51,-0.36,-1.9449,270784.52,492659.826,0.3603,0.6263,0.63,24.102,21.6891,1.3595,7.1165,6.9781,2.2039,,890794.7954,751612.0774,432351.2878,16167925.5365,13641759.2048,,,1.085
601211,国泰君安,证券,上海,20150626,601211.SH,20190702,18.65,18.67,18.37,18.51,18.74,-0.23,-1.2273,278971.92,516078.77,0.3712,0.6452,0.55,24.5801,22.1193,1.3864,7.2577,7.1165,2.161,,890794.7954,751612.0774,432351.2878,16488611.6629,13912339.5527,,,1.085
601211,国泰君安,证券,上海,20150626,601211.SH,20190701,18.92,19.0,18.61,18.74,18.35,0.39,2.1253,608461.74,1142708.582,0.8095,1.4073,1.1,24.8855,22.3941,1.4037,7.3479,7.205,2.1345,,890794.7954,751612.0774,432351.2878,16693494.4658,14085210.3305,,,1.085
601211,国泰君安,证券,上海,20150626,601211.SH,20190628,18.21,18.36,17.95,18.35,18.22,0.13,0.7135,430324.97,780842.784,0.5725,0.9953,0.72,24.3676,21.9281,1.3745,7.195,7.055,2.1798,2.1798,890794.7954,751612.0774,432351.2878,16346084.4956,13792081.6203,,,1.085
601211,国泰君安,证券,上海,20150626,601211.SH,20190627,18.07,18.57,18.07,18.22,17.9,0.32,1.7877,462600.73,848151.544,0.6155,1.07,0.65,24.195,21.7727,1.3647,7.144,7.005,2.1954,2.1954,890794.7954,751612.0774,432351.2878,16230281.1722,13694372.0502,,,1.085
601211,国泰君安,证券,上海,20150626,601211.SH,20190626,17.9,18.23,17.66,17.9,18.21,-0.31,-1.7024,374280.47,672909.549,0.498,0.8657,0.46,23.7701,21.3903,1.3408,7.0185,6.882,2.2346,2.2346,890794.7954,751612.0774,432351.2878,15945226.8377,13453856.1855,,,1.085
601211,国泰君安,证券,上海,20150626,601211.SH,20190625,18.17,18.39,17.67,18.21,18.24,-0.03,-0.1645,682629.05,1235319.01,0.9082,1.5789,0.96,24.1817,21.7608,1.364,7.1401,7.0012,2.1966,2.1966,890794.7954,751612.0774,432351.2878,16221373.2242,13686855.9295,,,1.085
601211,国泰君安,证券,上海,20150626,601211.SH,20190624,18.16,18.57,17.92,18.24,17.73,0.51,2.8765,818657.04,1495804.418,1.0892,1.8935,1.37,24.2215,21.7966,1.3662,7.1518,7.0127,2.193,2.193,890794.7954,751612.0774,432351.2878,16248097.0681,13709404.2918,,,1.085
601211,国泰君安,证券,上海,20150626,601211.SH,20190621,17.67,17.95,17.59,17.73,17.61,0.12,0.6814,633264.2,1125811.269,0.8425,1.4647,1.18,23.5443,21.1872,1.328,6.9519,6.8166,2.2561,2.2561,890794.7954,751612.0774,432351.2878,15793791.7224,13326082.1323,,,1.085
601211,国泰君安,证券,上海,20150626,601211.SH,20190620,16.68,17.96,16.67,17.61,16.72,0.89,5.323,1031913.61,1797552.087,1.3729,2.3867,2.65,23.3849,21.0438,1.319,6.9048,6.7705,2.2714,2.2714,890794.7954,751612.0774,432351.2878,15686896.347,13235888.683,,,1.085
601211,国泰君安,证券,上海,20150626,601211.SH,20190619,17.25,17.49,16.72,16.72,16.43,0.29,1.7651,879014.0,1497090.307,1.1695,2.0331,3.17,22.2031,19.9802,1.2524,6.5558,6.4283,2.3923,2.3923,890794.7954,751612.0774,432351.2878,14894088.9791,12566953.9341,,,1.085
601211,国泰君安,证券,上海,20150626,601211.SH,20190618,16.42,16.44,16.24,16.43,16.36,0.07,0.4279,183280.95,299793.208,0.2439,0.4239,0.5,21.818,19.6337,1.2306,6.4421,6.3168,2.4346,2.4346,890794.7954,751612.0774,432351.2878,14635758.4884,12348986.4317,,,1.085
601211,国泰君安,证券,上海,20150626,601211.SH,20190617,16.15,16.49,16.15,16.36,16.18,0.18,1.1125,255746.81,418148.778,0.3403,0.5915,0.67,21.725,19.55,1.2254,6.4147,6.2899,2.445,2.445,890794.7954,751612.0774,432351.2878,14573402.8527,12296373.5863,,,1.085
601211,国泰君安,证券,上海,20150626,601211.SH,20190614,16.57,16.65,16.16,16.18,16.57,-0.39,-2.3537,336911.05,552233.467,0.4483,0.7793,0.95,21.486,19.3349,1.2119,6.3441,6.2207,2.4722,2.4722,890794.7954,751612.0774,432351.2878,14413059.7896,12161083.4123,,,1.085
601211,国泰君安,证券,上海,20150626,601211.SH,20190613,16.48,16.68,16.41,16.57,16.5,0.07,0.4242,293157.3,485362.313,0.39,0.6781,0.84,22.0039,19.801,1.2411,6.497,6.3707,2.414,2.414,890794.7954,751612.0774,432351.2878,14760469.7598,12454212.1225,19.83,16.23,1.085
601211,国泰君安,证券,上海,20150626,601211.SH,20190612,16.6,16.67,16.44,16.5,16.68,-0.18,-1.0791,317353.03,524684.081,0.4222,0.734,0.94,21.9109,19.7173,1.2359,6.4696,6.3437,2.4242,2.4242,890794.7954,751612.0774,432351.2878,14698114.1241,12401599.2771,20.05,16.41,1.085
601211,国泰君安,证券,上海,20150626,601211.SH,20190611,16.06,16.75,16.05,16.68,16.04,0.64,3.99,636560.11,1049517.741,0.8469,1.4723,2.26,22.15,19.9324,1.2494,6.5402,6.413,2.3981,2.3981,890794.7954,751612.0774,432351.2878,14858457.1873,12536889.451,,,1.085
601211,国泰君安,证券,上海,20150626,601211.SH,20190610,16.0,16.13,15.78,16.04,15.9,0.14,0.8805,311940.27,499496.165,0.415,0.7215,1.13,21.3001,19.1676,1.2014,6.2892,6.1669,2.4938,2.4938,890794.7954,751612.0774,432351.2878,14288348.5182,12055857.7215,,,1.085
601211,国泰君安,证券,上海,20150626,601211.SH,20190606,15.89,16.09,15.86,15.9,15.98,-0.08,-0.5006,211351.8,337960.529,0.2812,0.4888,0.72,21.1142,19.0003,1.191,6.2343,6.1131,2.5157,2.5157,890794.7954,751612.0774,432351.2878,14163637.2469,11950632.0307,,,1.085
601211,国泰君安,证券,上海,20150626,601211.SH,20190605,16.06,16.19,15.94,15.98,15.9,0.08,0.5031,264400.04,424751.383,0.3518,0.6115,0.88,21.2204,19.0959,1.1969,6.2657,6.1438,2.5031,2.5031,890794.7954,751612.0774,432351.2878,14234900.8305,12010760.9969,,,1.085
601211,国泰君安,证券,上海,20150626,601211.SH,20190604,16.02,16.08,15.76,15.9,16.04,-0.14,-0.8728,266378.42,423165.275,0.3544,0.6161,0.82,21.1142,19.0003,1.191,6.2343,6.1131,2.5157,2.5157,890794.7954,751612.0774,432351.2878,14163637.2469,11950632.0307,,,1.085
601211,国泰君安,证券,上海,20150626,601211.SH,20190603,16.13,16.3,15.96,16.04,16.07,-0.03,-0.1867,351680.48,566457.988,0.4679,0.8134,1.1,21.3001,19.1676,1.2014,6.2892,6.1669,2.4938,2.4938,890794.7954,751612.0774,432351.2878,14288348.5182,12055857.7215,,,1.085
601211,国泰君安,证券,上海,20150626,601211.SH,20190531,16.24,16.3,16.07,16.07,16.24,-0.17,-1.0468,285822.47,462350.8,0.3803,0.6611,0.98,21.3399,19.2035,1.2037,6.301,6.1784,2.4891,2.4891,890794.7954,751612.0774,432351.2878,14315072.3621,12078406.0838,,,1.085
601211,国泰君安,证券,上海,20150626,601211.SH,20190530,16.42,16.42,16.16,16.24,16.45,-0.21,-1.2766,304220.59,494228.599,0.4048,0.7036,1.09,21.5657,19.4066,1.2164,6.3676,6.2438,2.4631,2.4631,890794.7954,751612.0774,432351.2878,14466507.4773,12206180.137,,,1.085
601211,国泰君安,证券,上海,20150626,601211.SH,20190529,16.43,16.64,16.37,16.45,16.6,-0.15,-0.9036,297894.37,490455.372,0.3963,0.689,1.14,21.8445,19.6576,1.2321,6.45,6.3245,2.4316,2.4316,890794.7954,751612.0774,432351.2878,14653574.3843,12364018.6732,,,1.085
601211,国泰君安,证券,上海,20150626,601211.SH,20190528,16.59,16.68,16.43,16.6,16.63,-0.03,-0.1804,391700.36,647842.238,0.5211,0.906,1.63,22.0437,19.8368,1.2434,6.5088,6.3822,2.4096,2.4096,890794.7954,751612.0774,432351.2878,14787193.6036,12476760.4848,,,1.085
601211,国泰君安,证券,上海,20150626,601211.SH,20190527,16.29,16.7,16.17,16.63,16.29,0.34,2.0872,313873.34,517580.685,0.4176,0.726,1.31,22.0836,19.8727,1.2456,6.5205,6.3937,2.4053,2.4053,890794.7954,751612.0774,432351.2878,14813917.4475,12499308.8472,,,1.085
601211,国泰君安,证券,上海,20150626,601211.SH,20190524,16.3,16.44,16.22,16.29,16.28,0.01,0.0614,147353.76,240592.35,0.1961,0.3408,0.52,21.6321,19.4664,1.2202,6.3872,6.263,2.4555,2.4555,890794.7954,751612.0774,432351.2878,14511047.2171,12243760.7408,,,1.085
601211,国泰君安,证券,上海,20150626,601211.SH,20190523,16.23,16.54,16.19,16.28,16.35,-0.07,-0.4281,244295.19,398646.009,0.325,0.565,0.88,21.6188,19.4544,1.2194,6.3833,6.2592,2.457,2.457,890794.7954,751612.0774,432351.2878,14502139.2691,12236244.6201,18.0,14.72,1.085
601211,国泰君安,证券,上海,20150626,601211.SH,20190522,16.58,16.61,16.23,16.35,16.56,-0.21,-1.2681,208276.59,342025.002,0.2771,0.4817,0.7,21.7117,19.5381,1.2247,6.4108,6.2861,2.4465,2.4465,890794.7954,751612.0774,432351.2878,14564494.9048,12288857.4655,,,1.085
601211,国泰君安,证券,上海,20150626,601211.SH,20190521,16.42,16.74,16.38,16.56,16.42,0.14,0.8526,289023.55,478467.956,0.3845,0.6685,1.0,21.9906,19.789,1.2404,6.4931,6.3668,2.4155,2.4155,890794.7954,751612.0774,432351.2878,14751561.8118,12446696.0017,,,1.085
601211,国泰君安,证券,上海,20150626,601211.SH,20190520,16.29,16.55,16.18,16.42,16.3,0.12,0.7362,307351.1,502700.934,0.4089,0.7109,1.07,21.8047,19.6217,1.2299,6.4382,6.313,2.4361,2.4361,890794.7954,751612.0774,432351.2878,14626850.5405,12341470.3109,,,1.085
601211,国泰君安,证券,上海,20150626,601211.SH,20190517,16.98,16.99,16.2,16.3,16.9,-0.6,-3.5503,363955.65,603007.18,0.4842,0.8418,1.13,21.6454,19.4783,1.2209,6.3912,6.2669,2.454,2.454,890794.7954,751612.0774,432351.2878,14519955.165,12251276.8616,,,1.085
601211,国泰君安,证券,上海,20150626,601211.SH,20190516,16.9,17.01,16.81,16.9,16.94,-0.04,-0.2361,215751.46,364626.328,0.2871,0.499,0.65,22.4421,20.1953,1.2659,6.6264,6.4975,2.3669,2.3669,890794.7954,751612.0774,432351.2878,15054432.0423,12702244.1081,,,1.085
601211,国泰君安,证券,上海,20150626,601211.SH,20190515,16.88,17.04,16.79,16.94,16.77,0.17,1.0137,307120.12,519493.542,0.4086,0.7103,0.93,22.4952,20.2431,1.2688,6.6421,6.5129,2.3613,2.3613,890794.7954,751612.0774,432351.2878,15090063.8341,12732308.5912,,,1.085
601211,国泰君安,证券,上海,20150626,601211.SH,20190514,16.75,17.08,16.71,16.77,16.94,-0.17,-1.0035,254613.08,430284.916,0.3388,0.5889,0.67,22.2695,20.04,1.2561,6.5754,6.4476,2.3852,2.3852,890794.7954,751612.0774,432351.2878,14938628.7189,12604534.538,,,1.085
601211,国泰君安,证券,上海,20150626,601211.SH,20190513,17.15,17.27,16.87,16.94,17.47,-0.53,-3.0338,291051.62,496083.708,0.3872,0.6732,0.67,22.4952,20.2431,1.2688,6.6421,6.5129,2.3613,2.3613,890794.7954,751612.0774,432351.2878,15090063.8341,12732308.5912,,,1.085
601211,国泰君安,证券,上海,20150626,601211.SH,20190510,16.96,17.48,16.62,17.47,16.74,0.73,4.3608,537712.18,922741.076,0.7154,1.2437,1.4,23.199,20.8765,1.3085,6.8499,6.7167,2.2896,2.2896,890794.7954,751612.0774,432351.2878,15562185.0756,13130662.9922,,,1.085
601211,国泰君安,证券,上海,20150626,601211.SH,20190509,16.7,16.99,16.64,16.74,16.95,-0.21,-1.2389,275755.7,463337.195,0.3669,0.6378,0.67,22.2296,20.0041,1.2539,6.5637,6.436,2.3895,2.3895,890794.7954,751612.0774,432351.2878,14911904.875,12581986.1757,,,1.085
601211,国泰君安,证券,上海,20150626,601211.SH,20190508,16.86,17.11,16.81,16.95,17.22,-0.27,-1.5679,290153.0,491828.863,0.386,0.6711,0.68,22.5085,20.2551,1.2696,6.646,6.5168,2.3599,2.3599,890794.7954,751612.0774,432351.2878,15098971.782,12739824.7119,,,1.085
601211,国泰君安,证券,上海,20150626,601211.SH,20190507,17.25,17.43,16.83,17.22,17.14,0.08,0.4667,494803.65,846612.506,0.6583,1.1444,1.25,22.867,20.5777,1.2898,6.7519,6.6206,2.3229,2.3229,890794.547,751611.829,432351.0394,15339482.0993,12942755.6954,,,1.085
601211,国泰君安,证券,上海,20150626,601211.SH,20190506,18.02,18.3,17.0,17.14,18.83,-1.69,-8.975,587035.05,1032046.179,0.781,1.3578,1.79,22.7608,20.4821,1.2838,6.7205,6.5898,2.3337,2.3337,890794.547,751611.829,432351.0394,15268218.5356,12882626.7491,,,1.085
601211,国泰君安,证券,上海,20150626,601211.SH,20190430,18.93,19.1,18.76,18.83,18.92,-0.09,-0.4757,272373.82,514692.905,0.3624,0.63,0.81,25.005,22.5017,1.4104,7.3832,7.2396,2.1243,2.1243,890794.547,751611.829,432351.0394,16773661.32,14152850.7401,,,1.085
601211,国泰君安,证券,上海,20150626,601211.SH,20190429,19.06,19.27,18.7,18.92,19.32,-0.4,-2.0704,399154.6,758357.719,0.5311,0.9232,1.19,25.1245,22.6092,1.4172,7.4184,7.2742,2.1142,2.1142,890794.547,751611.829,432351.0394,16853832.8292,14220495.8047,,,1.085
601211,国泰君安,证券,上海,20150626,601211.SH,20190426,19.24,19.6,19.12,19.32,19.33,-0.01,-0.0517,380914.31,736156.127,0.5068,0.881,1.22,25.6557,25.6557,1.4966,7.5753,7.5753,2.0704,2.0704,890794.547,751611.829,432351.0394,17210150.648,14521140.5363,,,1.085
601211,国泰君安,证券,上海,20150626,601211.SH,20190425,19.81,19.98,19.3,19.33,19.86,-0.53,-2.6687,340232.17,669352.579,0.4527,0.7869,1.18,25.669,25.669,1.4974,7.5792,7.5792,2.0693,2.0693,890794.547,751611.829,432351.0394,17219058.5935,14528656.6546,,,1.085
601211,国泰君安,证券,上海,20150626,601211.SH,20190424,19.84,20.06,19.63,19.86,19.8,0.06,0.303,242817.88,481380.222,0.3231,0.5616,0.82,26.3728,26.3728,1.5385,7.787,7.787,2.0141,2.0141,890794.547,751611.829,432351.0394,17691179.7034,14927010.9239,,,1.085
601211,国泰君安,证券,上海,20150626,601211.SH,20190423,19.7,20.18,19.6,19.8,19.73,0.07,0.3548,313195.42,621655.738,0.4167,0.7244,0.94,26.2931,26.2931,1.5338,7.7635,7.7635,2.0202,2.0202,890794.547,751611.829,432351.0394,17637732.0306,14881914.2142,,,1.085
601211,国泰君安,证券,上海,20150626,601211.SH,20190422,20.35,20.4,19.6,19.73,20.21,-0.48,-2.3751,399217.87,796121.333,0.5311,0.9234,1.16,26.2002,26.2002,1.5284,7.736,7.736,2.0274,2.0274,890794.547,751611.829,432351.0394,17575376.4123,14829301.3862,,,1.085
601211,国泰君安,证券,上海,20150626,601211.SH,20190419,20.14,20.45,20.04,20.21,20.04,0.17,0.8483,263566.3,532461.692,0.3507,0.6096,0.74,26.8376,26.8376,1.5656,7.9242,7.9242,1.9792,1.9792,890794.547,751611.829,432351.0394,18002957.7949,15190075.0641,,,1.085
601211,国泰君安,证券,上海,20150626,601211.SH,20190418,20.15,20.28,20.02,20.04,20.22,-0.18,-0.8902,218658.98,440378.748,0.2909,0.5057,0.55,26.6118,26.6118,1.5519,7.8576,7.8576,1.996,1.996,890794.547,751611.829,432351.0394,17851522.7219,15062301.0532,,,1.085
601211,国泰君安,证券,上海,20150626,601211.SH,20190417,20.29,20.48,20.15,20.22,20.42,-0.2,-0.9794,294232.29,596779.929,0.3915,0.6805,0.63,26.2661,26.2661,1.5687,7.7555,7.7555,1.9782,1.9782,871394.547,751611.829,432351.0394,17619597.7403,15197591.1824,,,1.085
601211,国泰君安,证券,上海,20150626,601211.SH,20190416,19.9,20.44,19.65,20.42,20.06,0.36,1.7946,498794.08,999629.045,0.6636,1.1537,1.06,26.5259,26.5259,1.5842,7.8322,7.8322,1.9589,1.9589,871394.547,751611.829,432351.0394,17793876.6497,15347913.5482,,,1.085
601211,国泰君安,证券,上海,20150626,601211.SH,20190415,20.7,20.75,20.05,20.06,20.29,-0.23,-1.1336,440725.58,896920.774,0.5864,1.0194,0.84,26.0582,26.0582,1.5563,7.6941,7.6941,1.994,1.994,871394.547,751611.829,432351.0394,17480174.6128,15077333.2897,,,1.085
601211,国泰君安,证券,上海,20150626,601211.SH,20190412,20.16,20.4,20.1,20.29,20.16,0.13,0.6448,321184.38,650481.541,0.4273,0.7429,0.53,26.357,26.357,1.5741,7.7824,7.7824,1.9714,1.9714,871394.547,751611.829,432351.0394,17680595.3586,15250204.0104,,,1.085
601211,国泰君安,证券,上海,20150626,601211.SH,20190411,20.32,20.62,20.09,20.16,20.36,-0.2,-0.9823,433327.32,880292.178,0.5765,1.0023,0.64,26.1881,26.1881,1.564,7.7325,7.7325,1.9841,1.9841,871394.547,751611.829,432351.0394,17567314.0675,15152494.4726,,,1.085
601211,国泰君安,证券,上海,20150626,601211.SH,20190410,20.65,20.7,20.0,20.36,20.58,-0.22,-1.069,648128.88,1313767.202,0.8623,1.4991,1.0,26.4479,26.4479,1.5796,7.8092,7.8092,1.9646,1.9646,871394.547,751611.829,432351.0394,17741592.9769,15302816.8384,,,1.085
601211,国泰君安,证券,上海,20150626,601211.SH,20190409,20.66,20.95,20.3,20.58,20.53,0.05,0.2435,512683.17,1058338.402,0.6821,1.1858,0.72,26.7337,26.7337,1.5966,7.8936,7.8936,1.9436,1.9436,871394.547,751611.829,432351.0394,17933299.7773,15468171.4408,,,1.085
601211,国泰君安,证券,上海,20150626,601211.SH,20190408,21.28,21.36,20.28,20.53,21.12,-0.59,-2.7936,708559.3,1470711.526,0.9427,1.6389,0.93,26.6688,26.6688,1.5927,7.8744,7.8744,1.9484,1.9484,871394.547,751611.829,432351.0394,17889730.0499,15430590.8494,,,1.085
601211,国泰君安,证券,上海,20150626,601211.SH,20190404,21.2,21.3,20.82,21.12,20.96,0.16,0.7634,724294.24,1525967.709,0.9637,1.6752,1.05,27.4352,27.4352,1.6385,8.1007,8.1007,1.8939,1.8939,871394.547,751611.829,432351.0394,18403852.8326,15874041.8285,,,1.085
601211,国泰君安,证券,上海,20150626,601211.SH,20190403,20.17,21.1,20.09,20.96,20.29,0.67,3.3021,789868.53,1632046.023,1.0509,1.8269,1.29,27.2274,27.2274,1.6261,8.0393,8.0393,1.9084,1.9084,871394.547,751611.829,432351.0394,18264429.7051,15753783.9358,,,1.085
601211,国泰君安,证券,上海,20150626,601211.SH,20190402,20.54,20.78,20.21,20.29,20.43,-0.14,-0.6853,512166.56,1049150.083,0.6814,1.1846,0.85,26.357,26.357,1.5741,7.7824,7.7824,1.9714,1.9714,871394.2595,751611.5415,432350.7519,17680589.5253,15250198.177,,,1.085
601211,国泰君安,证券,上海,20150626,601211.SH,20190401,20.16,20.76,19.91,20.43,20.15,0.28,1.3896,815649.04,1663367.98,1.0852,1.8865,1.48,26.5389,26.5389,1.585,7.8361,7.8361,1.9579,1.9579,871394.2595,751611.5415,432350.7519,17802584.7216,15355423.7928,,,1.085
601211,国泰君安,证券,上海,20150626,601211.SH,20190329,18.85,20.24,18.84,20.15,18.8,1.35,7.1809,987178.95,1944655.613,1.3134,2.2833,2.2,26.1751,26.1751,1.5633,7.7287,7.7287,1.9851,1.9851,871394.2595,751611.5415,432350.7519,17558594.3289,15144972.5612,,,1.085
601211,国泰君安,证券,上海,20150626,601211.SH,20190328,18.72,19.14,18.65,18.8,18.91,-0.11,-0.5817,346862.86,653999.892,0.4615,0.8023,0.65,24.4215,24.4215,1.4585,7.2109,7.2109,2.1277,2.1277,871394.2595,751611.5415,432350.7519,16382212.0786,14130296.9802,,,1.085
601211,国泰君安,证券,上海,20150626,601211.SH,20190327,18.95,19.04,18.77,18.91,18.78,0.13,0.6922,401635.37,759338.78,0.5344,0.929,0.71,24.5644,24.5644,1.4671,7.253,7.253,2.1153,2.1153,871394.2595,751611.5415,432350.7519,16478065.4471,14212974.2498,,,1.085
601211,国泰君安,证券,上海,20150626,601211.SH,20190326,19.37,19.43,18.69,18.78,19.21,-0.43,-2.2384,445258.91,846052.0,0.5924,1.0299,0.79,24.3955,24.3955,1.457,7.2032,7.2032,2.1299,2.1299,871394.2595,751611.5415,432350.7519,16364784.1934,14115264.7494,,,1.085
601211,国泰君安,证券,上海,20150626,601211.SH,20190325,19.58,19.78,19.17,19.21,19.87,-0.66,-3.3216,574178.59,1118274.958,0.7639,1.328,1.0,24.9541,24.9541,1.4903,7.3681,7.3681,2.0822,2.0822,871394.2595,751611.5415,432350.7519,16739483.725,14438457.7122,,,1.085
601211,国泰君安,证券,上海,20150626,601211.SH,20190322,19.98,20.08,19.61,19.87,19.99,-0.12,-0.6003,480704.59,952757.887,0.6396,1.1118,0.76,25.8114,25.8114,1.5415,7.6213,7.6213,2.0131,2.0131,871394.2595,751611.5415,432350.7519,17314603.9363,14934521.3296,,,1.085
601211,国泰君安,证券,上海,20150626,601211.SH,20190321,19.78,20.36,19.58,19.99,19.7,0.29,1.4721,780536.52,1562053.12,1.0385,1.8053,1.2,25.9673,25.9673,1.5508,7.6673,7.6673,2.001,2.001,871394.2595,751611.5415,432350.7519,17419171.2474,15024714.7146,,,1.085
601211,国泰君安,证券,上海,20150626,601211.SH,20190320,19.59,19.95,19.42,19.7,19.61,0.09,0.4589,561248.35,1103646.852,0.7467,1.2981,0.78,17.3723,25.5877,1.3891,7.2115,7.5586,2.0305,2.0305,871394.2595,751611.5415,432350.7519,17166466.9122,14806747.3676,,,1.085
601211,国泰君安,证券,上海,20150626,601211.SH,20190319,19.75,19.88,19.5,19.61,19.75,-0.14,-0.7089,408431.26,803978.133,0.5434,0.9447,0.49,17.2929,25.4708,1.3827,7.1786,7.524,2.0398,2.0398,871394.2595,751611.5415,432350.7519,17088041.4288,14739102.3288,,,1.085
601211,国泰君安,证券,上海,20150626,601211.SH,20190318,19.34,19.75,19.08,19.75,19.25,0.5,2.5974,635585.71,1234682.851,0.8456,1.4701,0.71,17.4163,25.6526,1.3926,7.2299,7.5778,2.0253,2.0253,871394.2595,751611.5415,432350.7519,17210036.6251,14844327.9446,,,1.085
601211,国泰君安,证券,上海,20150626,601211.SH,20190315,19.35,19.7,18.98,19.25,19.22,0.03,0.1561,773153.2,1495739.712,1.0287,1.7883,0.76,16.9754,25.0032,1.3573,7.0468,7.3859,2.0779,2.0779,871394.2595,751611.5415,432350.7519,16774339.4954,14468522.1739,,,1.085
601211,国泰君安,证券,上海,20150626,601211.SH,20190314,19.87,20.22,19.0,19.22,20.1,-0.88,-4.3781,870441.71,1698398.932,1.1581,2.0133,0.72,16.949,24.9642,1.3552,7.0358,7.3744,2.0812,2.0812,871394.2595,751611.5415,432350.7519,16748197.6676,14445973.8276,,,1.085
601211,国泰君安,证券,上海,20150626,601211.SH,20190313,20.5,20.55,19.86,20.1,20.53,-0.43,-2.0945,898482.58,1807110.766,1.1954,2.0781,0.73,17.725,26.1072,1.4173,7.358,7.7121,1.99,1.99,871394.2595,751611.5415,432350.7519,17515024.616,15107391.9842,,,1.085
601211,国泰君安,证券,上海,20150626,601211.SH,20190312,20.38,20.99,20.26,20.53,20.23,0.3,1.4829,973499.1,2006811.861,1.2952,2.2516,0.85,18.1042,26.6657,1.4476,7.5154,7.877,1.9484,1.9484,871394.2595,751611.5415,432350.7519,17889724.1475,15430584.947,,,1.085
601211,国泰君安,证券,上海,20150626,601211.SH,20190311,19.98,20.53,19.69,20.23,20.01,0.22,1.0995,932444.37,1874485.653,1.2406,2.1567,0.79,17.8396,26.2761,1.4264,7.4056,7.7619,1.9773,1.9773,871394.2595,751611.5415,432350.7519,17628305.8697,15205101.4845,,,1.085
601211,国泰君安,证券,上海,20150626,601211.SH,20190308,20.86,21.57,19.97,20.01,21.81,-1.8,-8.2531,1433730.02,2974856.417,1.9075,3.3161,1.36,17.6456,25.9903,1.4109,7.325,7.6775,1.999,1.999,871394.2595,751611.5415,432350.7519,17436599.1326,15039746.9454,,,1.085
601211,国泰君安,证券,上海,20150626,601211.SH,20190307,21.26,22.21,20.76,21.81,20.77,1.04,5.0072,1782920.35,3847245.07,2.3721,4.1238,2.15,19.2329,28.3283,1.5378,7.984,8.3682,1.834,1.834,871394.2595,751611.5415,432350.7519,19005108.7997,16392647.7201,,,1.085
601211,国泰君安,证券,上海,20150626,601211.SH,20190306,20.15,21.15,20.0,20.77,20.09,0.68,3.3848,1042226.48,2132039.705,1.3867,2.4106,1.21,18.3158,26.9775,1.4645,7.6032,7.9691,1.9259,1.9259,871394.2595,751611.5415,432350.7519,18098858.7698,15610971.717,,,1.085
601211,国泰君安,证券,上海,20150626,601211.SH,20190305,19.88,20.18,19.8,20.09,20.01,0.08,0.3998,535422.39,1069568.305,0.7124,1.2384,0.5,17.7162,26.0942,1.4166,7.3543,7.7082,1.991,1.991,871394.2595,751611.5415,432350.7519,17506310.6734,15099875.8687,,,1.085
601211,国泰君安,证券,上海,20150626,601211.SH,20190304,20.11,21.13,19.69,20.01,19.96,0.05,0.2505,1133683.37,2291215.312,1.5083,2.6221,0.9,17.6456,25.9903,1.4109,7.325,7.6775,1.999,1.999,871394.2595,751611.5415,432350.5603,17436599.1326,15039746.9454,,,1.085
601211,国泰君安,证券,上海,20150626,601211.SH,20190301,19.72,20.25,19.44,19.96,19.51,0.45,2.3065,779830.63,1543870.571,1.0375,1.8037,0.61,17.6015,25.9254,1.4074,7.3067,7.6583,2.004,2.004,871394.0679,751611.3499,432350.5603,17393025.5953,15002162.544,,,1.085
601211,国泰君安,证券,上海,20150626,601211.SH,20190228,20.07,20.09,19.4,19.51,20.09,-0.58,-2.887,650482.79,1275585.119,0.8655,1.5045,0.52,17.2047,25.3409,1.3757,7.142,7.4857,2.0502,2.0502,871394.0679,751611.3499,432350.5603,17000898.2647,14663937.4365,,,1.085
601211,国泰君安,证券,上海,20150626,601211.SH,20190227,20.3,20.87,19.81,20.09,20.57,-0.48,-2.3335,1223340.87,2473138.39,1.6276,2.8295,1.15,17.7162,26.0942,1.4166,7.3543,7.7082,1.991,1.991,871394.0679,751611.3499,432350.5603,17506306.8241,15099872.0195,,,1.085
601211,国泰君安,证券,上海,20150626,601211.SH,20190226,21.5,22.18,20.48,20.57,21.45,-0.88,-4.1026,1574029.36,3366074.887,2.0942,3.6406,1.91,18.1394,26.7177,1.4504,7.53,7.8924,1.9446,1.9446,871394.0679,751611.3499,432350.5603,17924575.9767,15460645.4674,,,1.085
601211,国泰君安,证券,上海,20150626,601211.SH,20190225,20.05,21.45,20.05,21.45,19.5,1.95,10.0,2049831.96,4279294.822,2.7272,4.7411,4.13,18.9155,27.8607,1.5125,7.8522,8.23,1.8648,1.8648,871394.0679,751611.3499,432350.5603,18691402.7565,16122063.4554,,,1.085
601211,国泰君安,证券,上海,20150626,601211.SH,20190222,18.0,19.55,17.66,19.5,17.89,1.61,8.9994,873728.49,1624397.227,1.1625,2.0209,2.34,17.1959,25.3279,1.375,7.1383,7.4818,2.0513,2.0513,871394.0679,751611.3499,432350.5603,16992184.3241,14656421.3231,,,1.085
601211,国泰君安,证券,上海,20150626,601211.SH,20190221,17.81,18.58,17.61,17.89,17.81,0.08,0.4492,514029.58,927190.543,0.6839,1.1889,1.58,15.7761,23.2367,1.2614,6.549,6.8641,2.2359,2.2359,871394.0679,751611.3499,432350.5603,15589239.8747,13446327.0497,,,1.085
601211,国泰君安,证券,上海,20150626,601211.SH,20190220,17.98,18.1,17.65,17.81,17.89,-0.08,-0.4472,288205.01,514655.964,0.3834,0.6666,0.82,15.7056,23.1328,1.2558,6.5197,6.8334,2.2459,2.2459,871394.0679,751611.3499,432350.5603,15519528.3493,13386198.1417,,,1.085
601211,国泰君安,证券,上海,20150626,601211.SH,20190219,18.06,18.53,17.78,17.89,18.05,-0.16,-0.8864,404978.04,734621.936,0.5388,0.9367,1.18,15.7761,23.2367,1.2614,6.549,6.8641,2.2359,2.2359,871394.0679,751611.3499,432350.5603,15589239.8747,13446327.0497,,,1.085
601211,国泰君安,证券,上海,20150626,601211.SH,20190218,17.53,18.18,17.5,18.05,17.35,0.7,4.0346,397968.11,711668.628,0.5295,0.9205,1.21,15.9172,23.4445,1.2727,6.6075,6.9255,2.2161,2.2161,871394.0679,751611.3499,432350.5603,15728662.9256,13566584.8657,,,1.085
601211,国泰君安,证券,上海,20150626,601211.SH,20190215,17.69,17.88,17.3,17.35,17.75,-0.4,-2.2535,263417.91,461467.1,0.3505,0.6093,0.78,15.2999,22.5353,1.2234,6.3513,6.6569,2.3055,2.3055,871394.0679,751611.3499,432350.5603,15118687.0781,13040456.9208,,,1.085
601211,国泰君安,证券,上海,20150626,601211.SH,20190214,17.73,18.08,17.6,17.75,17.88,-0.13,-0.7271,274550.38,487627.202,0.3653,0.635,0.81,15.6527,23.0549,1.2516,6.4977,6.8104,2.2535,2.2535,871394.0679,751611.3499,432350.5603,15467244.7052,13341101.4607,,,1.085
601211,国泰君安,证券,上海,20150626,601211.SH,20190213,17.45,17.99,17.4,17.88,17.49,0.39,2.2298,424796.4,754025.079,0.5652,0.9825,1.52,15.7673,23.2237,1.2607,6.5453,6.8603,2.2371,2.2371,871394.0679,751611.3499,432350.5603,15580525.9341,13438810.9362,,,1.085
601211,国泰君安,证券,上海,20150626,601211.SH,20190212,17.25,17.58,17.11,17.49,17.25,0.24,1.3913,352614.81,613747.249,0.4691,0.8156,1.45,15.4234,22.7172,1.2332,6.4025,6.7106,2.287,2.287,871394.0679,751611.3499,432350.5603,15240682.2476,13145682.5098,,,1.085
601211,国泰君安,证券,上海,20150626,601211.SH,20190211,17.0,17.28,16.87,17.25,17.1,0.15,0.8772,333531.16,569757.192,0.4438,0.7714,1.41,15.2117,22.4055,1.2163,6.3147,6.6186,2.3188,2.3188,871394.0679,751611.3499,432350.5603,15031547.6713,12965295.7858,,,1.085
601211,国泰君安,证券,上海,20150626,601211.SH,20190201,17.02,17.16,16.89,17.1,16.77,0.33,1.9678,299540.45,509809.872,0.3985,0.6928,1.24,15.0795,22.2106,1.2066,6.2598,6.561,2.3392,2.3392,871394.0629,751611.3449,432350.5452,14900838.4756,12852553.9978,,,1.085
601211,国泰君安,证券,上海,20150626,601211.SH,20190131,16.4,16.84,16.32,16.77,16.29,0.48,2.9466,288566.19,480887.164,0.3839,0.6674,1.2,14.7885,21.782,1.1833,6.139,6.4344,2.3852,2.3852,871394.0629,751611.3449,432350.5452,14613278.4348,12604522.254,,,1.085
601211,国泰君安,证券,上海,20150626,601211.SH,20190130,16.4,16.53,16.28,16.29,16.49,-0.2,-1.2129,119720.76,196498.018,0.1593,0.2769,0.48,14.3652,16.9828,1.1486,5.9633,5.9203,2.4555,2.4555,871394.0629,751611.3449,432350.5452,14195009.2846,12243748.8084,,,1.085
601211,国泰君安,证券,上海,20150626,601211.SH,20190129,16.55,16.65,16.23,16.49,16.59,-0.1,-0.6028,174218.21,286184.874,0.2318,0.403,0.66,14.5415,17.1913,1.1627,6.0365,5.993,2.4257,2.4257,871394.0629,751611.3449,432350.5452,14369288.0972,12394071.0774,,,1.085
601211,国泰君安,证券,上海,20150626,601211.SH,20190128,16.49,16.86,16.48,16.59,16.32,0.27,1.6544,302470.1,504161.407,0.4024,0.6996,1.13,14.6297,17.2956,1.1698,6.0731,6.0294,2.4111,2.4111,871394.0629,751611.3449,432350.5452,14456427.5035,12469232.2119,,,1.085
601211,国泰君安,证券,上海,20150626,601211.SH,20190125,16.3,16.59,16.27,16.32,16.26,0.06,0.369,324659.47,533734.317,0.432,0.7509,1.29,14.3916,17.0141,1.1507,5.9742,5.9312,2.451,2.451,871394.0629,751611.3449,432350.5452,14221151.1065,12266297.1488,,,1.085
601211,国泰君安,证券,上海,20150626,601211.SH,20190124,16.2,16.47,16.1,16.26,16.1,0.16,0.9938,285683.3,465011.527,0.3801,0.6608,1.22,14.3387,16.9515,1.1465,5.9523,5.9094,2.46,2.46,871394.0629,751611.3449,432350.5452,14168867.4628,12221200.4681,,,1.085
601211,国泰君安,证券,上海,20150626,601211.SH,20190123,16.16,16.22,15.96,16.1,16.13,-0.03,-0.186,171669.25,276040.411,0.2284,0.3971,0.72,14.1976,16.7847,1.1352,5.8937,5.8513,2.4845,2.4845,871394.0629,751611.3449,432350.5452,14029444.4127,12100942.6529,,,1.085
601211,国泰君安,证券,上海,20150626,601211.SH,20190122,16.43,16.49,16.06,16.13,16.48,-0.35,-2.1238,228927.19,372255.789,0.3046,0.5295,0.91,14.2241,16.816,1.1373,5.9047,5.8622,2.4799,2.4799,871394.0629,751611.3449,432350.5452,14055586.2346,12123490.9932,,,1.085
601211,国泰君安,证券,上海,20150626,601211.SH,20190121,16.59,16.77,16.3,16.48,16.65,-0.17,-1.021,328116.84,542976.262,0.4366,0.7589,1.46,14.5327,17.1809,1.162,6.0328,5.9894,2.4272,2.4272,871394.0629,751611.3449,432350.5452,14360574.1566,12386554.964,,,1.085
601211,国泰君安,证券,上海,20150626,601211.SH,20190118,16.65,16.7,16.35,16.65,16.48,0.17,1.0316,241790.26,399780.853,0.3217,0.5592,1.13,14.6826,17.3581,1.174,6.095,6.0512,2.4024,2.4024,871394.0629,751611.3449,432350.5452,14508711.1473,12514328.8926,,,1.085
601211,国泰君安,证券,上海,20150626,601211.SH,20190117,16.87,16.88,16.46,16.48,16.71,-0.23,-1.3764,199562.34,332147.552,0.2655,0.4616,0.9,14.5327,17.1809,1.162,6.0328,5.9894,2.4272,2.4272,871394.0629,751611.3449,432350.5452,14360574.1566,12386554.964,,,1.085
601211,国泰君安,证券,上海,20150626,601211.SH,20190116,16.8,16.88,16.64,16.71,16.74,-0.03,-0.1792,197216.95,330647.022,0.2624,0.4562,0.82,14.7355,17.4207,1.1782,6.117,6.073,2.3938,2.3938,871394.0629,751611.3449,432350.5452,14560994.7911,12559425.5733,,,1.085
601211,国泰君安,证券,上海,20150626,601211.SH,20190115,16.65,16.99,16.55,16.74,16.49,0.25,1.5161,287902.21,483746.72,0.383,0.6659,1.28,14.762,17.4519,1.1803,6.128,6.0839,2.3895,2.3895,871394.0629,751611.3449,432350.5452,14587136.6129,12581973.9136,,,1.085
601211,国泰君安,证券,上海,20150626,601211.SH,20190114,16.8,16.89,16.41,16.49,16.67,-0.18,-1.0798,197414.32,327656.767,0.2627,0.4566,0.78,14.5415,17.1913,1.1627,6.0365,5.993,2.4257,2.4257,871394.0629,751611.3449,432350.5452,14369288.0972,12394071.0774,,,1.085
601211,国泰君安,证券,上海,20150626,601211.SH,20190111,16.77,16.99,16.59,16.67,16.62,0.05,0.3008,186218.7,311732.679,0.2478,0.4307,0.6,14.7003,17.379,1.1754,6.1024,6.0584,2.3995,2.3995,871394.0629,751611.3449,432350.5452,14526139.0285,12529361.1195,,,1.085
601211,国泰君安,证券,上海,20150626,601211.SH,20190110,16.8,16.97,16.57,16.62,16.81,-0.19,-1.1303,243665.52,408535.846,0.3242,0.5636,0.77,14.6562,17.3268,1.1719,6.0841,6.0403,2.4067,2.4067,871394.0629,751611.3449,432350.5452,14482569.3254,12491780.5522,,,1.085
601211,国泰君安,证券,上海,20150626,601211.SH,20190109,16.94,17.15,16.75,16.81,16.79,0.02,0.1191,282614.26,479758.657,0.376,0.6537,0.97,14.8237,17.5249,1.1853,6.1536,6.1093,2.3795,2.3795,871394.0629,751611.3449,432350.5452,14648134.1973,12634586.7078,18.45,15.09,1.085
601211,国泰君安,证券,上海,20150626,601211.SH,20190108,16.72,17.04,16.66,16.79,16.8,-0.01,-0.0595,213437.73,359258.54,0.284,0.4937,0.72,14.8061,17.5041,1.1839,6.1463,6.102,2.3824,2.3824,871394.0629,751611.3449,432350.5452,14630706.3161,12619554.4809,,,1.085
601211,国泰君安,证券,上海,20150626,601211.SH,20190107,16.67,17.05,16.53,16.8,16.77,0.03,0.1789,332879.9,559427.217,0.4429,0.7699,1.16,14.8149,17.5145,1.1846,6.1499,6.1057,2.381,2.381,871394.0629,751611.3449,432350.5452,14639420.2567,12627070.5943,,,1.085
601211,国泰君安,证券,上海,20150626,601211.SH,20190104,15.65,17.02,15.63,16.77,15.8,0.97,6.1392,478921.94,789125.987,0.6372,1.1077,2.12,14.7885,17.4832,1.1825,6.139,6.0948,2.3852,2.3852,871394.0629,751611.3449,432350.5452,14613278.4348,12604522.254,,,1.085
601211,国泰君安,证券,上海,20150626,601211.SH,20190103,15.38,16.12,15.27,15.8,15.4,0.4,2.5974,269983.59,425679.742,0.3592,0.6245,1.24,13.9331,16.472,1.1141,5.7839,5.7422,2.5316,2.5316,871394.0629,751611.3449,432350.5452,13768026.1938,11875459.2494,,,1.085
601211,国泰君安,证券,上海,20150626,601211.SH,20190102,15.3,15.45,15.2,15.4,15.32,0.08,0.5222,167890.64,257323.773,0.2234,0.3883,0.77,13.5803,16.0549,1.0859,5.6375,5.5969,2.5974,2.5974,871394.0629,751611.3449,432350.5452,13419468.5687,11574814.7115,,,1.085
601211,国泰君安,证券,上海,20150626,601211.SH,20181228,15.06,15.49,15.03,15.32,14.96,0.36,2.4064,240540.9,367999.664,0.32,0.5564,1.22,13.5098,15.9715,1.0802,5.6082,5.5678,2.5826,2.611,871394.0629,751611.3449,432350.5452,13349757.0436,11514685.8039,,,1.085
601211,国泰君安,证券,上海,20150626,601211.SH,20181227,15.23,15.35,14.96,14.96,15.03,-0.07,-0.4657,272555.83,413499.131,0.3626,0.6304,1.58,13.1923,15.5962,1.0548,5.4764,5.437,2.6447,2.6738,871394.0629,751611.3449,432350.5452,13036055.181,11244105.7197,,,1.085
601211,国泰君安,证券,上海,20150626,601211.SH,20181226,15.15,15.3,14.89,15.03,15.13,-0.1,-0.6609,178173.16,269262.24,0.2371,0.4121,1.09,13.2541,15.6692,1.0598,5.502,5.4624,2.6324,2.6613,871394.0629,751611.3449,432350.5452,13097052.7654,11296718.5138,18.13,14.83,1.085
601211,国泰君安,证券,上海,20150626,601211.SH,20181225,15.34,15.34,14.96,15.13,15.52,-0.39,-2.5129,228224.5,345648.031,0.3036,0.5279,1.4,13.3422,15.7735,1.0668,5.5386,5.4987,2.615,2.6438,871394.0629,751611.3449,432350.5452,13184192.1717,11371879.6483,,,1.085
601211,国泰君安,证券,上海,20150626,601211.SH,20181224,15.48,15.74,15.4,15.52,15.64,-0.12,-0.7673,164937.87,256513.128,0.2194,0.3815,0.93,13.6862,16.18,1.0943,5.6814,5.6405,2.5493,2.5773,871394.0629,751611.3449,432350.5452,13524035.8562,11665008.0728,,,1.085
601211,国泰君安,证券,上海,20150626,601211.SH,20181221,15.64,15.79,15.39,15.64,15.73,-0.09,-0.5722,144315.41,224425.309,0.192,0.3338,0.7,13.792,16.3051,1.1028,5.7253,5.6841,2.5297,2.5575,871394.0629,751611.3449,432350.5452,13628603.1438,11755201.4342,,,1.085
601211,国泰君安,证券,上海,20150626,601211.SH,20181220,15.71,15.83,15.46,15.73,15.75,-0.02,-0.127,146371.18,229450.84,0.1947,0.3385,0.67,13.8713,16.399,1.1091,5.7583,5.7168,2.5153,2.5429,871394.0629,751611.3449,432350.5452,13707028.6094,11822846.4553,,,1.085
601211,国泰君安,证券,上海,20150626,601211.SH,20181219,15.97,15.97,15.72,15.75,15.9,-0.15,-0.9434,135573.89,214816.787,0.1804,0.3136,0.63,13.889,16.4198,1.1105,5.7656,5.7241,2.5121,2.5397,871394.0629,751611.3449,432350.5452,13724456.4907,11837878.6822,,,1.085
601211,国泰君安,证券,上海,20150626,601211.SH,20181218,16.25,16.47,15.83,15.9,16.36,-0.46,-2.8117,225963.15,364431.269,0.3006,0.5226,1.18,14.0213,16.5762,1.1211,5.8205,5.7786,2.4884,2.5157,871394.0629,751611.3449,432350.5452,13855165.6001,11950620.3839,,,1.085
601211,国泰君安,证券,上海,20150626,601211.SH,20181217,16.18,16.52,16.02,16.36,16.25,0.11,0.6769,235695.8,384518.875,0.3136,0.5451,1.39,14.4269,17.0558,1.1536,5.9889,5.9458,2.4184,2.445,871394.0629,751611.3449,432350.5452,14256006.869,12296361.6026,,,1.085
601211,国泰君安,证券,上海,20150626,601211.SH,20181214,16.48,16.73,16.25,16.25,16.53,-0.28,-1.6939,289358.34,476982.399,0.385,0.6693,2.15,14.3299,16.9411,1.1458,5.9486,5.9058,2.4348,2.4615,871394.0629,751611.3449,432350.5452,14160153.5221,12213684.3546,,,1.085
601211,国泰君安,证券,上海,20150626,601211.SH,20181213,16.4,16.67,16.28,16.53,16.35,0.18,1.1009,201693.03,333573.926,0.2683,0.4665,1.54,14.5768,17.233,1.1655,6.0511,6.0076,2.3935,2.4198,871394.0629,751611.3449,432350.5452,14404143.8597,12424135.5312,,,1.085
601211,国泰君安,证券,上海,20150626,601211.SH,20181212,16.59,16.59,16.3,16.35,16.27,0.08,0.4917,130004.99,213465.886,0.173,0.3007,0.92,14.4181,17.0453,1.1529,5.9852,5.9421,2.4199,2.4465,871394.0629,751611.3449,432350.5452,14247292.9284,12288845.4891,,,1.085
601211,国泰君安,证券,上海,20150626,601211.SH,20181211,16.26,16.37,16.16,16.27,16.26,0.01,0.0615,101782.15,165558.21,0.1354,0.2354,0.61,14.3475,16.9619,1.1472,5.9559,5.9131,2.4318,2.4585,871394.0629,751611.3449,432350.5452,14177581.4034,12228716.5815,,,1.085
601211,国泰君安,证券,上海,20150626,601211.SH,20181210,16.2,16.32,16.06,16.26,16.33,-0.07,-0.4287,126347.85,204408.035,0.1681,0.2922,0.53,14.3387,16.9515,1.1465,5.9523,5.9094,2.4333,2.46,871394.0629,751611.3449,432350.5452,14168867.4628,12221200.4681,,,1.085
601211,国泰君安,证券,上海,20150626,601211.SH,20181207,16.35,16.46,16.24,16.33,16.24,0.09,0.5542,114601.82,187299.393,0.1525,0.2651,0.45,14.4004,17.0245,1.1514,5.9779,5.9349,2.4228,2.4495,871394.0629,751611.3449,432350.5452,14229865.0472,12273813.2622,,,1.085
601211,国泰君安,证券,上海,20150626,601211.SH,20181206,16.4,16.45,16.15,16.24,16.64,-0.4,-2.4038,181626.13,295511.432,0.2416,0.4201,0.69,14.3211,16.9307,1.1451,5.945,5.9022,2.4363,2.4631,871394.0629,751611.3449,432350.5452,14151439.5815,12206168.2412,,,1.085
601211,国泰君安,证券,上海,20150626,601211.SH,20181205,16.55,16.68,16.48,16.64,16.77,-0.13,-0.7752,182028.55,302038.464,0.2422,0.421,0.69,14.6738,17.3477,1.1733,6.0914,6.0475,2.3777,2.4038,871394.0629,751611.3449,432350.5452,14499997.2067,12506812.7791,,,1.085
601211,国泰君安,证券,上海,20150626,601211.SH,20181204,16.59,16.78,16.43,16.77,16.54,0.23,1.3906,235365.77,392338.243,0.3131,0.5444,0.95,14.7885,17.4832,1.1825,6.139,6.0948,2.3593,2.3852,871394.0629,751611.3449,432350.5452,14613278.4348,12604522.254,,,1.085
601211,国泰君安,证券,上海,20150626,601211.SH,20181203,16.8,17.09,16.5,16.54,16.04,0.5,3.1172,482057.03,810507.237,0.6414,1.115,2.71,14.5856,17.2434,1.1662,6.0548,6.0112,2.3921,2.4184,871394.0629,751611.3449,432350.5452,14412857.8004,12431651.6446,,,1.085
601211,国泰君安,证券,上海,20150626,601211.SH,20181130,15.72,16.05,15.58,16.04,15.71,0.33,2.1006,181675.74,288107.741,0.2417,0.4202,1.02,14.1447,16.7222,1.131,5.8717,5.8295,2.4666,2.4938,871394.0629,751611.3449,432350.5452,13977160.7689,12055845.9722,,,1.085
601211,国泰君安,证券,上海,20150626,601211.SH,20181129,16.0,16.29,15.69,15.71,15.88,-0.17,-1.0705,242178.39,387737.687,0.3222,0.5601,1.48,13.8537,16.3781,1.1077,5.7509,5.7095,2.5185,2.5461,871394.0629,751611.3449,432350.5452,13689600.7282,11807814.2284,,,1.085
601211,国泰君安,证券,上海,20150626,601211.SH,20181128,15.51,15.95,15.47,15.88,15.51,0.37,2.3856,176238.5,277994.7,0.2345,0.4076,1.06,14.0036,16.5554,1.1197,5.8132,5.7713,2.4915,2.5189,871394.0629,751611.3449,432350.5452,13837737.7189,11935588.157,,,1.085
601211,国泰君安,证券,上海,20150626,601211.SH,20181127,15.68,15.77,15.4,15.51,15.58,-0.07,-0.4493,160825.92,250695.204,0.214,0.372,0.76,13.6773,16.1696,1.0936,5.6777,5.6368,2.5509,2.579,871394.0629,751611.3449,432350.5452,13515321.9156,11657491.9594,,,1.085
601211,国泰君安,证券,上海,20150626,601211.SH,20181126,15.8,15.88,15.49,15.58,15.69,-0.11,-0.7011,129338.6,202828.623,0.1721,0.2992,0.48,13.7391,16.2426,1.0986,5.7033,5.6623,2.5395,2.5674,871394.0629,751611.3449,432350.5452,13576319.5,11710104.7535,,,1.085
601211,国泰君安,证券,上海,20150626,601211.SH,20181123,15.91,16.2,15.57,15.69,15.97,-0.28,-1.7533,178357.08,281958.014,0.2373,0.4125,0.56,13.8361,16.3573,1.1063,5.7436,5.7023,2.5217,2.5494,871394.0629,751611.3449,432350.5452,13672172.8469,11792782.0015,,,1.085
601211,国泰君安,证券,上海,20150626,601211.SH,20181122,16.19,16.28,15.77,15.97,16.16,-0.19,-1.1757,171275.62,273259.457,0.2279,0.3961,0.45,14.083,16.6492,1.1261,5.8461,5.804,2.4775,2.5047,871394.0629,751611.3449,432350.5452,13916163.1845,12003233.1781,,,1.085
601211,国泰君安,证券,上海,20150626,601211.SH,20181121,15.88,16.2,15.82,16.16,16.04,0.12,0.7481,193182.37,310722.31,0.257,0.4468,0.49,14.2505,16.8473,1.1395,5.9157,5.8731,2.4483,2.4752,871394.0629,751611.3449,432350.5452,14081728.0565,12146039.3336,,,1.085
601211,国泰君安,证券,上海,20150626,601211.SH,20181120,16.39,16.58,15.94,16.04,16.55,-0.51,-3.0816,382823.89,621602.605,0.5093,0.8854,0.97,14.1447,16.7222,1.131,5.8717,5.8295,2.4666,2.4938,871394.0629,751611.3449,432350.5452,13977160.7689,12055845.9722,,,1.085
601211,国泰君安,证券,上海,20150626,601211.SH,20181119,16.13,16.59,16.12,16.55,16.13,0.42,2.6038,410837.05,674529.827,0.5466,0.9502,1.15,14.5945,17.2539,1.167,6.0584,6.0148,2.3906,2.4169,871394.0629,751611.3449,432350.5452,14421571.741,12439167.7581,,,1.085
601211,国泰君安,证券,上海,20150626,601211.SH,20181116,15.75,16.51,15.75,16.13,15.89,0.24,1.5104,444912.92,720029.121,0.5919,1.0291,1.44,14.2241,16.816,1.1373,5.9047,5.8622,2.4529,2.4799,871394.0629,751611.3449,432350.5452,14055586.2346,12123490.9932,,,1.085
601211,国泰君安,证券,上海,20150626,601211.SH,20181115,15.31,16.01,15.31,15.89,15.31,0.58,3.7884,468657.91,738169.644,0.6235,1.084,1.76,14.0124,16.5658,1.1204,5.8168,5.775,2.4899,2.5173,871394.0629,751611.3449,432350.5452,13846451.6595,11943104.2705,,,1.085
601211,国泰君安,证券,上海,20150626,601211.SH,20181114,15.54,15.67,15.29,15.31,15.56,-0.25,-1.6067,270245.84,418582.393,0.3596,0.6251,1.02,13.501,15.9611,1.0795,5.6045,5.5642,2.5843,2.6127,871394.0629,751611.3449,432350.5452,13341043.103,11507169.6904,,,1.085
601211,国泰君安,证券,上海,20150626,601211.SH,20181113,15.11,15.74,15.09,15.56,15.26,0.3,1.9659,374642.29,578094.519,0.4985,0.8665,1.43,13.7214,16.2217,1.0971,5.696,5.655,2.5427,2.5707,871394.0629,751611.3449,432350.5452,13558891.6187,11695072.5266,18.3,14.98,1.085
601211,国泰君安,证券,上海,20150626,601211.SH,20181112,14.98,15.31,14.93,15.26,14.99,0.27,1.8012,234717.76,356114.506,0.3123,0.5429,0.84,13.4569,15.909,1.076,5.5862,5.546,2.5927,2.6212,871394.0528,751611.3348,432350.5452,13297473.2457,11469588.969,,,1.085
601211,国泰君安,证券,上海,20150626,601211.SH,20181109,14.95,15.12,14.89,14.99,14.97,0.02,0.1336,199170.62,298961.391,0.265,0.4607,0.57,13.2188,15.6275,1.057,5.4874,5.4479,2.6394,2.6684,871394.0528,751611.3348,432350.5452,13062196.8515,11266653.9087,,,1.085
601211,国泰君安,证券,上海,20150626,601211.SH,20181108,15.4,15.42,14.94,14.97,15.23,-0.26,-1.7072,255416.57,387781.003,0.3398,0.5908,0.6,13.2011,15.6067,1.0555,5.48,5.4406,2.643,2.672,871394.0528,751611.3348,432350.5452,13044768.9704,11251621.682,,,1.085
601211,国泰君安,证券,上海,20150626,601211.SH,20181107,15.45,15.54,15.17,15.23,15.44,-0.21,-1.3601,263526.94,403821.985,0.3506,0.6095,0.59,13.4304,15.8777,1.0739,5.5752,5.5351,2.5978,2.6264,871394.0528,751611.3348,432350.5452,13271331.4241,11447040.629,,,1.085
601211,国泰君安,证券,上海,20150626,601211.SH,20181106,15.59,15.86,15.4,15.44,15.57,-0.13,-0.8349,355064.5,553049.794,0.4724,0.8212,0.74,13.6156,16.0966,1.0887,5.6521,5.6114,2.5625,2.5907,871394.0528,751611.3348,432350.5452,13454324.1752,11604879.0093,,,1.085
601211,国泰君安,证券,上海,20150626,601211.SH,20181105,15.7,15.79,15.35,15.57,15.74,-0.17,-1.0801,330866.34,515500.952,0.4402,0.7653,0.7,13.7302,16.2322,1.0979,5.6997,5.6587,2.5411,2.569,871394.0528,751611.3348,432350.5452,13567605.4021,11702588.4828,,,1.085
601211,国泰君安,证券,上海,20150626,601211.SH,20181102,15.8,15.95,15.51,15.74,15.3,0.44,2.8758,547555.05,862554.002,0.7285,1.2665,1.26,13.8802,16.4094,1.1098,5.7619,5.7204,2.5137,2.5413,871394.0528,751611.3348,432350.5452,13715742.3911,11830362.4098,,,1.085
601211,国泰君安,证券,上海,20150626,601211.SH,20181101,15.42,16.06,15.25,15.3,15.25,0.05,0.3279,630642.93,987322.345,0.8391,1.4586,1.58,13.4922,15.9507,1.0788,5.6008,5.5605,2.5859,2.6144,871394.0528,751611.3348,432350.5452,13332329.0078,11499653.4224,,,1.085
601211,国泰君安,证券,上海,20150626,601211.SH,20181031,15.23,15.44,14.92,15.25,15.23,0.02,0.1313,375278.03,571070.998,0.4993,0.868,0.84,13.4481,15.8986,1.0753,5.5825,5.5424,2.5944,2.623,871394.0528,751611.3348,432350.5452,13288759.3052,11462072.8557,,,1.085
601211,国泰君安,证券,上海,20150626,601211.SH,20181030,14.89,15.48,14.65,15.23,14.69,0.54,3.676,517573.43,783546.081,0.6886,1.1971,1.02,13.4304,14.5291,1.1985,5.5752,5.493,2.5978,2.6264,871394.0528,751611.3348,432350.5452,13271331.4241,11447040.629,,,1.085
601211,国泰君安,证券,上海,20150626,601211.SH,20181029,15.0,15.24,14.53,14.69,15.05,-0.36,-2.392,298646.45,443253.108,0.3973,0.6908,0.48,12.9542,14.014,1.156,5.3775,5.2982,2.6933,2.7229,871394.0528,751611.3348,432350.5452,12800778.6356,11041170.5082,,,1.085
601211,国泰君安,证券,上海,20150626,601211.SH,20181026,15.28,15.39,14.75,15.05,15.28,-0.23,-1.5052,349722.89,526385.056,0.4653,0.8089,0.57,13.2717,14.3574,1.1843,5.5093,5.4281,2.6289,2.6578,871394.0528,751611.3348,432350.5452,13114480.4946,11311750.5887,,,1.085
601211,国泰君安,证券,上海,20150626,601211.SH,20181025,14.62,15.3,14.41,15.28,15.02,0.26,1.731,459592.22,684979.346,0.6115,1.063,0.84,13.4745,14.5768,1.2024,5.5935,5.511,2.5893,2.6178,871394.0528,751611.3348,432350.5452,13314901.1268,11484621.1957,,,1.085
601211,国泰君安,证券,上海,20150626,601211.SH,20181024,14.57,15.45,14.53,15.02,14.93,0.09,0.6028,604625.95,912063.35,0.8044,1.3985,1.32,13.2452,14.3288,1.1819,5.4983,5.4172,2.6342,2.6631,871394.0528,751611.3348,432350.5452,13088338.6731,11289202.2487,,,1.085
601211,国泰君安,证券,上海,20150626,601211.SH,20181023,15.5,15.75,14.77,14.93,15.33,-0.4,-2.6093,831501.69,1274012.918,1.1063,1.9232,2.59,13.1659,14.243,1.1748,5.4654,5.3848,2.65,2.6792,871394.0528,751611.3348,432350.5452,13009913.2083,11221557.2286,16.84,13.78,1.085
601211,国泰君安,证券,上海,20150626,601211.SH,20181022,14.21,15.33,14.21,15.33,13.94,1.39,9.9713,871026.97,1307059.95,1.1589,2.0146,5.02,13.5186,14.6245,1.2063,5.6118,5.529,2.5809,2.6093,871394.0528,751611.3348,432350.5452,13358470.8294,11522201.7625,,,1.085
601211,国泰君安,证券,上海,20150626,601211.SH,20181019,13.4,13.95,13.33,13.94,13.5,0.44,3.2593,278873.56,380987.218,0.371,0.645,1.78,12.2928,13.2985,1.0969,5.103,5.0277,2.8382,2.8694,871394.0528,751611.3348,432350.5452,12147233.096,10477462.0071,,,1.085
601211,国泰君安,证券,上海,20150626,601211.SH,20181018,13.65,13.74,13.47,13.5,13.7,-0.2,-1.4599,161148.34,219125.918,0.2144,0.3727,0.9,11.9048,12.8788,1.0623,4.9419,4.869,2.9307,2.963,871394.0528,751611.3348,432350.5452,11763819.7128,10146753.0198,16.49,13.49,1.085
601211,国泰君安,证券,上海,20150626,601211.SH,20181017,13.64,13.74,13.48,13.7,13.46,0.24,1.7831,152437.7,207961.345,0.2028,0.3526,0.91,12.0812,13.0696,1.0781,5.0151,4.9411,2.888,2.9197,871394.0528,751611.3348,432350.5452,11938098.5234,10297075.2868,,,1.085
601211,国泰君安,证券,上海,20150626,601211.SH,20181016,13.5,13.76,13.42,13.46,13.52,-0.06,-0.4438,141683.7,192435.406,0.1885,0.3277,0.89,11.8696,12.8406,1.0592,4.9273,4.8546,2.9394,2.9718,871394.0528,751611.3348,432350.5452,11728963.9507,10116688.5664,,,1.085
601211,国泰君安,证券,上海,20150626,601211.SH,20181015,13.6,13.63,13.46,13.52,13.47,0.05,0.3712,133062.82,180338.816,0.177,0.3078,0.77,11.9225,12.8978,1.0639,4.9492,4.8762,2.9264,2.9586,871394.0528,751611.3348,432350.5452,11781247.5939,10161785.2465,,,1.085
601211,国泰君安,证券,上海,20150626,601211.SH,20181012,13.78,13.84,13.47,13.47,13.78,-0.31,-2.2496,196700.17,268034.171,0.2617,0.455,1.18,11.8784,12.8501,1.06,4.9309,4.8582,2.9373,2.9696,871394.0528,751611.3348,432350.5452,11737677.8912,10124204.6798,,,1.085
601211,国泰君安,证券,上海,20150626,601211.SH,20181011,14.04,14.18,13.57,13.78,14.46,-0.68,-4.7026,272315.62,379391.393,0.3623,0.6298,1.95,12.1518,13.1459,1.0844,5.0444,4.97,2.8712,2.9028,871394.0528,751611.3348,432350.5452,12007810.0476,10357204.1935,17.31,14.17,1.085
601211,国泰君安,证券,上海,20150626,601211.SH,20181010,14.38,14.55,14.33,14.46,14.35,0.11,0.7666,90589.6,130837.781,0.1205,0.2095,0.52,12.7514,13.7946,1.1379,5.2933,5.2153,2.7362,2.7663,871394.0528,751611.3348,432350.5452,12600358.0035,10868299.9012,,,1.085
601211,国泰君安,证券,上海,20150626,601211.SH,20181009,14.42,14.45,14.31,14.35,14.39,-0.04,-0.278,104831.88,150679.62,0.1395,0.2425,0.57,12.6544,13.6896,1.1292,5.2531,5.1756,2.7571,2.7875,871394.0528,751611.3348,432350.5452,12504504.6577,10785622.6544,,,1.085
601211,国泰君安,证券,上海,20150626,601211.SH,20181008,14.69,14.75,14.36,14.39,14.99,-0.6,-4.0027,203709.89,296551.406,0.271,0.4712,1.04,12.6897,13.7278,1.1324,5.2677,5.19,2.7495,2.7797,871394.0528,751611.3348,432350.5452,12539360.4198,10815687.1078,,,1.085
601211,国泰君安,证券,上海,20150626,601211.SH,20180928,14.96,15.05,14.89,14.99,14.89,0.1,0.6716,160979.42,241122.785,0.2142,0.3723,0.87,13.2188,14.3002,1.1796,5.4874,5.4064,2.6394,2.6684,871394.0528,751611.3348,432350.5452,13062196.8515,11266653.9087,,,1.085
601211,国泰君安,证券,上海,20150626,601211.SH,20180927,15.02,15.07,14.84,14.89,15.01,-0.12,-0.7995,139149.93,207682.713,0.1851,0.3218,0.71,13.1306,14.2048,1.1717,5.4508,5.3703,2.6572,2.6864,871394.0528,751611.3348,432350.5452,12975057.4462,11191492.7752,16.56,13.55,1.085
601211,国泰君安,证券,上海,20150626,601211.SH,20180926,14.98,15.15,14.86,15.01,14.89,0.12,0.8059,260402.75,392043.754,0.3465,0.6023,1.49,13.2364,14.3193,1.1811,5.4947,5.4136,2.6359,2.6649,871394.0528,751611.3348,432350.5452,13079624.7325,11281686.1353,,,1.085
601211,国泰君安,证券,上海,20150626,601211.SH,20180925,15.0,15.04,14.85,14.89,15.14,-0.25,-1.6513,157593.25,235249.309,0.2097,0.3645,0.96,13.1306,14.2048,1.1717,5.4508,5.3703,2.6572,2.6864,871394.0528,751611.3348,432350.5452,12975057.4462,11191492.7752,,,1.085
601211,国泰君安,证券,上海,20150626,601211.SH,20180921,14.85,15.18,14.73,15.14,14.82,0.32,2.1592,260411.39,391036.539,0.3465,0.6023,1.92,13.3511,14.4433,1.1914,5.5423,5.4605,2.6133,2.642,871394.0528,751611.3348,432350.5452,13192905.9594,11379395.6089,,,1.085
601211,国泰君安,证券,上海,20150626,601211.SH,20180920,14.82,14.88,14.77,14.82,14.81,0.01,0.0675,109462.73,162274.049,0.1456,0.2532,0.73,13.0689,14.138,1.1662,5.4251,5.3451,2.6697,2.6991,871394.0528,751611.3348,432350.5452,12914059.8625,11138879.9817,,,1.085
601211,国泰君安,证券,上海,20150626,601211.SH,20180919,14.74,14.95,14.7,14.81,14.78,0.03,0.203,185572.33,275327.546,0.2469,0.4292,1.41,13.06,14.1285,1.1654,5.4215,5.3415,2.6715,2.7009,871394.0528,751611.3348,432350.5452,12905345.922,11131363.8684,,,1.085
601211,国泰君安,证券,上海,20150626,601211.SH,20180918,14.41,14.82,14.38,14.78,14.43,0.35,2.4255,161153.5,236400.835,0.2144,0.3727,1.39,13.0336,14.0999,1.163,5.4105,5.3307,2.6769,2.7064,871394.0528,751611.3348,432350.5452,12879204.1004,11108815.5283,,,1.085
601211,国泰君安,证券,上海,20150626,601211.SH,20180917,14.5,14.68,14.4,14.43,14.57,-0.14,-0.9609,103712.01,150563.323,0.138,0.2399,0.85,12.7249,13.766,1.1355,5.2824,5.2044,2.7419,2.772,871394.0528,751611.3348,432350.5452,12574216.1819,10845751.5612,,,1.085
601211,国泰君安,证券,上海,20150626,601211.SH,20180914,14.75,14.81,14.53,14.57,14.68,-0.11,-0.7493,118625.37,173910.259,0.1578,0.2744,1.03,12.8484,13.8995,1.1465,5.3336,5.2549,2.7155,2.7454,871394.0528,751611.3348,432350.5452,12696211.3493,10950977.148,,,1.085
601211,国泰君安,证券,上海,20150626,601211.SH,20180913,14.51,14.71,14.51,14.68,14.36,0.32,2.2284,175953.12,256949.462,0.2341,0.407,1.85,12.9454,14.0045,1.1552,5.3739,5.2946,2.6952,2.7248,871394.0528,751611.3348,432350.5452,12792064.6951,11033654.3949,,,1.085
601211,国泰君安,证券,上海,20150626,601211.SH,20180912,14.22,14.46,14.22,14.36,14.27,0.09,0.6307,98912.39,142246.133,0.1316,0.2288,0.98,12.6632,13.6992,1.13,5.2567,5.1792,2.7552,2.7855,871394.0528,751611.3348,432350.5452,12513218.5982,10793138.7677,,,1.085
601211,国泰君安,证券,上海,20150626,601211.SH,20180911,14.19,14.4,14.16,14.27,14.2,0.07,0.493,84413.17,120621.232,0.1123,0.1952,0.76,12.5839,13.6133,1.1229,5.2238,5.1467,2.7726,2.8031,871394.0528,751611.3348,432350.5452,12434793.1335,10725493.7476,,,1.085
601211,国泰君安,证券,上海,20150626,601211.SH,20180910,14.43,14.52,14.17,14.2,14.53,-0.33,-2.2712,131748.43,187969.107,0.1753,0.3047,1.28,12.5221,13.5465,1.1174,5.1982,5.1215,2.7863,2.8169,871394.0528,751611.3348,432350.5452,12373795.5498,10672880.9542,,,1.085
601211,国泰君安,证券,上海,20150626,601211.SH,20180907,14.45,14.66,14.4,14.53,14.46,0.07,0.4841,83691.25,121557.142,0.1113,0.1936,0.74,12.8131,13.8614,1.1434,5.319,5.2405,2.723,2.7529,871394.0528,751611.3348,432350.5452,12661355.5872,10920912.6946,,,1.085
601211,国泰君安,证券,上海,20150626,601211.SH,20180906,14.45,14.58,14.4,14.46,14.45,0.01,0.0692,76978.32,111533.162,0.1024,0.178,0.65,12.7514,13.7946,1.1379,5.2933,5.2153,2.7362,2.7663,871394.0528,751611.3348,432350.5452,12600358.0035,10868299.9012,,,1.085
601211,国泰君安,证券,上海,20150626,601211.SH,20180905,14.72,14.78,14.45,14.45,14.81,-0.36,-2.4308,126096.82,184437.732,0.1678,0.2917,1.13,12.7426,13.785,1.1371,5.2897,5.2117,2.7381,2.7682,871394.0528,751611.3348,432350.5452,12591644.063,10860783.7879,,,1.085
601211,国泰君安,证券,上海,20150626,601211.SH,20180904,14.63,14.92,14.52,14.81,14.62,0.19,1.2996,135987.88,200306.427,0.1809,0.3145,1.25,13.06,14.1285,1.1654,5.4215,5.3415,2.6715,2.7009,871394.0528,751611.3348,432350.5452,12905345.922,11131363.8684,,,1.085
601211,国泰君安,证券,上海,20150626,601211.SH,20180903,14.54,14.65,14.45,14.62,14.62,0.0,0.0,92644.79,134899.886,0.1233,0.2143,0.72,12.8925,13.9472,1.1504,5.3519,5.273,2.7062,2.736,871394.0528,751611.3348,432350.5452,12739781.0519,10988557.7148,,,1.085
601211,国泰君安,证券,上海,20150626,601211.SH,20180831,14.47,14.68,14.44,14.62,14.48,0.14,0.9669,134521.09,196019.695,0.179,0.3111,1.01,12.8925,13.9472,1.1504,5.3519,5.273,2.7062,2.736,871394.0528,751611.3348,432350.5452,12739781.0519,10988557.7148,,,1.085
601211,国泰君安,证券,上海,20150626,601211.SH,20180830,14.75,14.81,14.48,14.48,14.75,-0.27,-1.8305,106114.73,154982.398,0.1412,0.2454,0.76,12.769,13.8137,1.1394,5.3007,5.2225,2.7324,2.7624,871394.0528,751611.3348,432350.5452,12617785.8845,10883332.1279,,,1.085
601211,国泰君安,证券,上海,20150626,601211.SH,20180829,14.81,14.88,14.68,14.75,14.81,-0.06,-0.4051,90974.65,134137.35,0.121,0.2104,0.62,13.0071,14.0712,1.1607,5.3995,5.3199,2.6824,2.7119,871394.0528,751611.3348,432350.5452,12853062.2788,11086267.1883,16.3,13.34,1.085
601211,国泰君安,证券,上海,20150626,601211.SH,20180828,14.98,15.02,14.77,14.81,14.98,-0.17,-1.1348,118332.11,176101.566,0.1574,0.2737,0.72,13.06,14.1285,1.059,5.4215,5.3415,2.6715,2.7009,871394.0528,751611.3348,432350.5452,12905345.922,11131363.8684,,,1.085
601211,国泰君安,证券,上海,20150626,601211.SH,20180827,14.86,15.03,14.8,14.98,14.89,0.09,0.6044,192759.27,287936.787,0.2565,0.4458,1.12,13.21,14.2907,1.0711,5.4837,5.4028,2.6412,2.6702,871394.0528,751611.3348,432350.5452,13053482.9109,11259137.7953,,,1.085
601211,国泰君安,证券,上海,20150626,601211.SH,20180824,14.8,14.95,14.65,14.89,14.81,0.08,0.5402,156034.93,231070.556,0.2076,0.3609,0.92,13.1306,14.2048,1.0653,5.4508,5.3769,2.6572,2.6864,871394.0528,751611.3348,432350.5452,12975057.4462,11191492.7752,,,1.085
601211,国泰君安,证券,上海,20150626,601211.SH,20180823,14.77,14.98,14.66,14.81,14.77,0.04,0.2708,142764.66,211821.657,0.1899,0.3302,0.83,13.06,14.1285,1.0595,5.4215,5.348,2.6715,2.7009,871394.0528,751611.3348,432350.5452,12905345.922,11131363.8684,,,1.085
601211,国泰君安,证券,上海,20150626,601211.SH,20180822,14.82,14.89,14.64,14.77,14.83,-0.06,-0.4046,118824.09,175470.049,0.1581,0.2748,0.69,13.0248,14.0903,1.0567,5.4068,5.3335,2.6787,2.7082,871394.0528,751611.3348,432350.5452,12870490.1599,11101299.415,,,1.085
601211,国泰君安,证券,上海,20150626,601211.SH,20180821,14.69,14.97,14.67,14.83,14.69,0.14,0.953,216547.79,321374.468,0.2881,0.5009,1.5,13.0777,14.1476,1.061,5.4288,5.3552,2.6679,2.6972,871394.0528,751611.3348,432350.5452,12922773.803,11146396.0951,,,1.085
601211,国泰君安,证券,上海,20150626,601211.SH,20180820,14.36,14.7,14.3,14.69,14.24,0.45,3.1601,225810.16,328522.884,0.3004,0.5223,1.85,12.9542,14.014,1.0509,5.3775,5.3047,2.6933,2.7229,871394.0528,751611.3348,432350.5452,12800778.6356,11041170.5082,15.7,12.84,1.085
601211,国泰君安,证券,上海,20150626,601211.SH,20180817,14.49,14.63,14.18,14.24,14.38,-0.14,-0.9736,146530.1,211795.914,0.195,0.3389,1.3,12.5574,13.5847,1.0188,5.2128,5.1422,2.7784,2.809,871394.0528,751611.3348,432350.5452,12408651.3119,10702945.4076,,,1.085
601211,国泰君安,证券,上海,20150626,601211.SH,20180816,14.18,14.55,14.09,14.38,14.23,0.15,1.0541,155082.91,222524.642,0.2063,0.3587,1.39,12.6809,13.7183,1.0288,5.2641,5.1927,2.7514,2.7816,871394.0528,751611.3348,432350.5452,12530646.4793,10808170.9944,,,1.085
601211,国泰君安,证券,上海,20150626,601211.SH,20180815,14.56,14.56,14.22,14.23,14.56,-0.33,-2.2665,112791.6,161599.965,0.1501,0.2609,1.0,12.5486,13.5752,1.018,5.2092,5.1385,2.7804,2.811,871394.0528,751611.3348,432350.5452,12399937.3713,10695429.2942,,,1.085
601211,国泰君安,证券,上海,20150626,601211.SH,20180814,14.54,14.62,14.42,14.56,14.59,-0.03,-0.2056,83719.68,121417.076,0.1114,0.1936,0.68,12.8396,13.89,1.0416,5.33,5.2577,2.7174,2.7473,871394.0528,751611.3348,432350.5452,12687497.4088,10943461.0347,,,1.085
601211,国泰君安,证券,上海,20150626,601211.SH,20180813,14.5,14.63,14.38,14.59,14.63,-0.04,-0.2734,112409.98,162856.895,0.1496,0.26,0.86,12.866,13.9186,1.0438,5.3409,5.2685,2.7118,2.7416,871394.0528,751611.3348,432350.5452,12713639.2304,10966009.3747,,,1.085
601211,国泰君安,证券,上海,20150626,601211.SH,20180810,14.68,14.71,14.51,14.63,14.59,0.04,0.2742,100055.86,146271.823,0.1331,0.2314,0.74,12.9013,13.9568,1.0467,5.3556,5.283,2.7044,2.7341,871394.0528,751611.3348,432350.5452,12748494.9925,10996073.8281,16.08,13.16,1.085
601211,国泰君安,证券,上海,20150626,601211.SH,20180809,14.19,14.67,14.18,14.59,14.21,0.38,2.6742,148831.57,215961.111,0.198,0.3442,1.09,12.866,13.9186,1.0438,5.3409,5.2685,2.7118,2.7416,871394.0528,751611.3348,432350.5452,12713639.2304,10966009.3747,,,1.085
601211,国泰君安,证券,上海,20150626,601211.SH,20180808,14.45,14.48,14.15,14.21,14.45,-0.24,-1.6609,119311.0,170810.242,0.1587,0.276,0.82,12.5309,13.5561,1.0166,5.2018,5.1313,2.7843,2.8149,871394.0528,751611.3348,432350.5452,12382509.4903,10680397.0675,15.93,13.03,1.085
601211,国泰君安,证券,上海,20150626,601211.SH,20180807,14.16,14.47,14.07,14.45,14.04,0.41,2.9202,138687.05,197667.904,0.1845,0.3208,1.0,12.7426,13.785,1.0338,5.2897,5.218,2.7381,2.7682,871394.0528,751611.3348,432350.5452,12591644.063,10860783.7879,,,1.085
601211,国泰君安,证券,上海,20150626,601211.SH,20180806,14.25,14.37,14.02,14.04,14.18,-0.14,-0.9873,148119.69,209844.708,0.1971,0.3426,1.12,12.381,13.3939,1.0044,5.1396,5.0699,2.818,2.849,871394.0528,751611.3348,432350.5452,12234372.5013,10552623.1406,,,1.085
601211,国泰君安,证券,上海,20150626,601211.SH,20180803,14.41,14.48,14.17,14.18,14.4,-0.22,-1.5278,118882.91,170286.33,0.1582,0.275,0.94,12.5045,13.5275,1.0145,5.1908,5.1205,2.7902,2.8209,871394.0528,751611.3348,432350.5452,12356367.6687,10657848.7275,,,1.085
601211,国泰君安,证券,上海,20150626,601211.SH,20180802,14.68,14.79,14.23,14.4,14.68,-0.28,-1.9074,157284.17,227784.777,0.2093,0.3638,1.28,12.6985,13.7373,1.0302,5.2714,5.1999,2.7476,2.7778,871394.0276,751611.3096,432350.52,12548073.9974,10823202.8582,,,1.085
601211,国泰君安,证券,上海,20150626,601211.SH,20180801,15.05,15.2,14.67,14.68,15.01,-0.33,-2.1985,167095.67,250143.136,0.2223,0.3865,1.42,12.9454,14.0045,1.0502,5.3739,5.301,2.6952,2.7248,871394.0276,751611.3096,432350.52,12792064.3252,11033654.0249,,,1.085
601211,国泰君安,证券,上海,20150626,601211.SH,20180731,14.85,15.09,14.81,15.01,14.93,0.08,0.5358,99962.18,149494.9,0.133,0.2312,0.62,13.2364,14.3193,1.0738,5.4947,5.4202,2.6359,2.6649,871394.0276,751611.3096,432350.52,13079624.3543,11281685.7571,,,1.085
601211,国泰君安,证券,上海,20150626,601211.SH,20180730,14.9,15.14,14.82,14.93,14.92,0.01,0.067,120186.94,179428.102,0.1599,0.278,0.66,13.1659,13.5835,1.0681,5.4654,5.3184,2.65,2.6792,871394.0276,751611.3096,432350.52,13009912.8321,11221556.8523,,,1.085
601211,国泰君安,证券,上海,20150626,601211.SH,20180727,14.98,15.06,14.8,14.92,14.96,-0.04,-0.2674,86092.8,128465.332,0.1145,0.1991,0.37,13.1571,13.5744,1.0674,5.4617,5.3148,2.6518,2.681,871394.0276,751611.3096,432350.52,13001198.8918,11214040.7392,,,1.085
601211,国泰君安,证券,上海,20150626,601211.SH,20180726,15.15,15.2,14.92,14.96,15.08,-0.12,-0.7958,141835.52,213444.142,0.1887,0.3281,0.6,13.1923,13.6108,1.0703,5.4764,5.3291,2.6447,2.6738,871394.0276,751611.3096,432350.52,13036054.6529,11244105.1916,,,1.085
601211,国泰君安,证券,上海,20150626,601211.SH,20180725,15.15,15.15,15.02,15.08,15.15,-0.07,-0.462,140387.17,211755.035,0.1868,0.3247,0.59,13.2981,13.72,1.0788,5.5203,5.3718,2.6237,2.6525,871394.0276,751611.3096,432350.52,13140621.9362,11334298.5488,,,1.085
601211,国泰君安,证券,上海,20150626,601211.SH,20180724,14.85,15.25,14.8,15.15,14.81,0.34,2.2957,311505.96,470424.735,0.4145,0.7205,1.64,13.3599,13.7837,1.0839,5.5459,5.3968,2.6116,2.6403,871394.0276,751611.3096,432350.52,13201619.5181,11386911.3404,,,1.085
601211,国泰君安,证券,上海,20150626,601211.SH,20180723,14.53,14.88,14.45,14.81,14.66,0.15,1.0232,224275.65,329145.117,0.2984,0.5187,1.33,13.06,13.4744,1.0595,5.4215,5.2757,2.6715,2.7009,871394.0276,751611.3096,432350.52,12905345.5488,11131363.4952,,,1.085
601211,国泰君安,证券,上海,20150626,601211.SH,20180720,14.19,14.7,14.12,14.66,14.18,0.48,3.385,356472.61,515557.687,0.4743,0.8245,2.98,12.9278,13.3379,1.0488,5.3666,5.2222,2.6988,2.7285,871394.0276,751611.3096,432350.52,12774636.4446,11018621.7987,,,1.085
601211,国泰君安,证券,上海,20150626,601211.SH,20180719,14.19,14.35,14.09,14.18,14.13,0.05,0.35,139767.23,198289.551,0.186,0.3233,1.05,12.5045,12.9012,1.0145,5.1908,5.0512,2.7902,2.8209,871394.0276,751611.3096,432350.52,12356367.3114,10657848.3701,,,1.085
601211,国泰君安,证券,上海,20150626,601211.SH,20180718,14.37,14.44,14.11,14.13,14.29,-0.16,-1.12,153277.5,218450.582,0.2039,0.3545,1.19,12.4604,12.8557,1.0109,5.1725,5.0334,2.8001,2.8309,871394.0276,751611.3096,432350.52,12312797.61,10620267.8046,,,1.085
601211,国泰君安,证券,上海,20150626,601211.SH,20180717,14.37,14.4,14.21,14.29,14.37,-0.08,-0.56,75866.99,108422.411,0.1009,0.1755,0.56,12.6015,13.0013,1.0223,5.2311,5.0904,2.7687,2.7992,871394.0276,751611.3096,432350.52,12452220.6544,10740525.6142,,,1.085
601211,国泰君安,证券,上海,20150626,601211.SH,20180716,14.55,14.61,14.3,14.37,14.53,-0.16,-1.1,117314.76,168831.321,0.1561,0.2713,0.83,12.672,13.0741,1.0281,5.2604,5.1189,2.7533,2.7836,871394.0276,751611.3096,432350.52,12521932.1766,10800654.519,,,1.085
601211,国泰君安,证券,上海,20150626,601211.SH,20180713,14.62,14.75,14.49,14.53,14.59,-0.06,-0.41,112526.0,164039.957,0.1497,0.2603,0.71,12.8131,13.2196,1.0395,5.319,5.1759,2.723,2.7529,871394.0276,751611.3096,432350.52,12661355.221,10920912.3285,,,1.085
601211,国泰君安,证券,上海,20150626,601211.SH,20180712,14.19,14.69,14.15,14.59,14.15,0.44,3.11,204432.18,295392.349,0.272,0.4728,1.41,12.866,13.2742,1.0438,5.3409,5.1973,2.7118,2.7416,871394.0276,751611.3096,432350.52,12713638.8627,10966009.0071,15.6,12.76,1.085
601211,国泰君安,证券,上海,20150626,601211.SH,20180711,14.28,14.32,13.98,14.15,14.52,-0.37,-2.55,132873.88,188220.17,0.1768,0.3073,0.93,12.478,12.8739,1.0123,5.1799,5.0405,2.7961,2.8269,871394.0276,751611.3096,432350.52,12330225.4905,10635300.0308,,,1.085
601211,国泰君安,证券,上海,20150626,601211.SH,20180710,14.41,14.59,14.36,14.52,14.46,0.06,0.41,110520.62,160090.027,0.147,0.2556,0.73,12.8043,13.2105,1.0388,5.3153,5.1724,2.7249,2.7548,871394.0276,751611.3096,432350.52,12652641.2808,10913396.2154,,,1.085
601211,国泰君安,证券,上海,20150626,601211.SH,20180709,14.15,14.47,14.15,14.46,14.1,0.36,2.55,149519.08,214764.565,0.1989,0.3458,1.0,12.7514,13.1559,1.0345,5.2933,5.151,2.7362,2.7663,871394.0276,751611.3096,432350.52,12600357.6391,10868299.5368,,,1.085
601211,国泰君安,证券,上海,20150626,601211.SH,20180706,14.21,14.39,13.85,14.1,14.13,-0.03,-0.21,194525.92,274915.25,0.2588,0.4499,1.36,12.4339,12.8284,1.0087,5.1616,5.0227,2.806,2.8369,871394.0276,751611.3096,432350.52,12286655.7892,10597719.4654,,,1.085
601211,国泰君安,证券,上海,20150626,601211.SH,20180705,14.28,14.45,14.1,14.13,14.29,-0.16,-1.12,136347.11,194319.383,0.1814,0.3154,0.88,12.4604,12.8557,1.0109,5.1725,5.0334,2.8001,2.8309,871394.0276,751611.3096,432350.52,12312797.61,10620267.8046,,,1.085
601211,国泰君安,证券,上海,20150626,601211.SH,20180704,14.52,14.55,14.25,14.29,14.53,-0.24,-1.65,124856.78,179557.914,0.1661,0.2888,0.8,12.6015,13.0013,1.0223,5.2311,5.0904,2.7687,2.7992,871394.0276,751611.3096,432350.52,12452220.6544,10740525.6142,,,1.085
601211,国泰君安,证券,上海,20150626,601211.SH,20180703,14.43,14.65,14.35,14.53,14.41,0.12,0.83,156270.3,226837.967,0.2079,0.3614,1.0,12.8131,13.2196,1.0395,5.319,5.1759,2.723,2.7529,871394.0226,751611.3046,432350.515,12661355.1484,10920912.2558,,,1.085
601211,国泰君安,证券,上海,20150626,601211.SH,20180702,14.74,14.75,14.25,14.41,14.74,-0.33,-2.24,133011.94,193165.275,0.177,0.3076,0.79,12.7073,13.1104,1.0309,5.275,5.1332,2.7457,2.7759,871394.0226,751611.3046,432350.515,12556787.8657,10830718.8993,,,1.085
601211,国泰君安,证券,上海,20150626,601211.SH,20180629,14.56,14.78,14.46,14.74,14.46,0.28,1.94,162985.43,238325.199,0.2168,0.377,0.99,12.9983,13.4107,1.0545,5.3958,5.2507,2.6842,2.7137,871394.0226,751611.3046,432350.515,12844347.8931,11078750.6298,,,1.085
601211,国泰君安,证券,上海,20150626,601211.SH,20180628,14.61,15.2,14.61,14.86,14.69,0.17,1.16,201423.42,300706.224,0.268,0.4659,1.25,13.1041,13.5199,1.0335,5.4398,5.2935,2.6625,,871394.0226,751611.3046,432350.515,12948915.1758,11168943.9864,16.13,13.19,1.085
601211,国泰君安,证券,上海,20150626,601211.SH,20180627,14.7,14.85,14.63,14.69,14.77,-0.08,-0.54,123936.08,182448.09,0.1649,0.2867,0.69,12.9542,13.3652,1.0217,5.3775,5.2329,2.6933,,871394.0226,751611.3046,432350.515,12800778.192,11041170.0646,,,1.085
601211,国泰君安,证券,上海,20150626,601211.SH,20180626,14.58,14.88,14.52,14.77,14.67,0.1,0.68,156951.69,231853.224,0.2088,0.363,0.76,13.0248,13.438,1.0273,5.4068,5.2614,2.6787,,871394.0128,751611.2948,432350.5052,12870489.5691,11101298.8242,,,1.085
601211,国泰君安,证券,上海,20150626,601211.SH,20180625,15.05,15.07,14.64,14.67,15.02,-0.35,-2.33,196945.06,291972.167,0.4161,0.4776,1.04,12.9366,13.347,1.0203,5.3702,5.2258,2.697,,871394.0128,473269.6678,412326.8321,12783350.1678,6942866.0266,,,1.085
601211,国泰君安,证券,上海,20150626,601211.SH,20180622,14.78,15.05,14.63,15.02,14.79,0.23,1.56,141480.76,211062.213,0.2989,0.3431,0.77,13.2452,13.6654,1.0447,5.4983,5.3505,2.6342,,871394.0128,473269.6678,412326.8321,13088338.0723,7108510.4104,,,1.085
601211,国泰君安,证券,上海,20150626,601211.SH,20180621,15.2,15.24,14.7,14.79,15.19,-0.4,-2.63,183434.0,275103.4,0.3876,0.4449,1.13,13.0424,13.4562,1.0287,5.4142,5.2685,2.6751,,871394.0128,473269.6678,412326.8321,12887917.4493,6999658.3868,15.98,13.08,1.085
601211,国泰君安,证券,上海,20150626,601211.SH,20180620,15.29,15.43,15.01,15.19,15.26,-0.07,-0.46,224790.39,342565.552,0.475,0.5452,1.69,13.3951,13.8201,1.0565,5.5606,5.411,2.6047,,871394.0128,473269.6678,412326.8321,13236475.0544,7188966.2539,16.05,13.13,1.085
601211,国泰君安,证券,上海,20150626,601211.SH,20180619,16.3,16.39,15.21,15.26,16.41,-1.15,-7.01,279264.98,439923.598,0.5901,0.6773,2.79,13.4569,13.8838,1.0614,5.5862,5.436,2.5927,,871394.0128,473269.6678,412326.8321,13297472.6353,7222095.1306,,,1.085
601211,国泰君安,证券,上海,20150626,601211.SH,20180615,16.52,16.64,16.36,16.41,16.57,-0.16,-0.97,119286.43,196999.937,0.252,0.2893,1.12,14.471,14.9301,1.1413,6.0072,5.8456,2.411,,871393.9782,473269.6332,412326.7975,14299575.1823,7766354.6808,,,1.085
601211,国泰君安,证券,上海,20150626,601211.SH,20180614,16.4,16.6,16.35,16.57,16.34,0.23,1.41,112793.76,186292.335,0.2383,0.2736,1.04,14.6121,15.0756,1.1525,6.0658,5.9026,2.3877,,871393.9782,473269.6332,412326.7975,14438998.2188,7842077.8221,,,1.085
601211,国泰君安,证券,上海,20150626,601211.SH,20180613,16.52,16.52,16.33,16.34,16.59,-0.25,-1.51,78953.84,129687.342,0.1668,0.1915,0.71,14.4093,14.8664,1.1365,5.9816,5.8207,2.4214,,871393.9782,473269.6332,412326.7975,14238577.6038,7733225.8065,,,1.085
601211,国泰君安,证券,上海,20150626,601211.SH,20180612,16.5,16.61,16.38,16.59,16.48,0.11,0.67,76271.58,125992.785,0.1612,0.185,0.67,14.6297,15.0938,1.1539,6.0731,5.9097,2.3849,,871393.9782,473269.6332,412326.7975,14456426.0983,7851543.2148,,,1.085
601211,国泰君安,证券,上海,20150626,601211.SH,20180611,16.4,16.52,16.35,16.48,16.41,0.07,0.43,113465.25,186651.729,0.2397,0.2752,1.04,14.5327,14.9938,1.1462,6.0328,5.8705,2.4008,,871393.9782,473269.6332,412326.7975,14360572.7607,7799483.5551,,,1.085
601211,国泰君安,证券,上海,20150626,601211.SH,20180608,16.72,16.74,16.32,16.41,16.78,-0.37,-2.21,152875.77,252047.943,0.323,0.3708,1.39,14.471,14.9301,1.1413,6.0072,5.8456,2.411,,871393.9782,473269.6332,412326.7975,14299575.1823,7766354.6808,,,1.085
601211,国泰君安,证券,上海,20150626,601211.SH,20180607,16.76,16.98,16.72,16.78,16.7,0.08,0.48,119637.09,201597.441,0.2528,0.2902,0.91,14.7973,15.2667,1.1671,6.1426,5.9774,2.3579,,871393.9782,473269.6332,412326.7975,14621990.9542,7941464.4451,,,1.085
601211,国泰君安,证券,上海,20150626,601211.SH,20180606,16.74,16.76,16.57,16.7,16.74,-0.04,-0.24,91723.72,152804.838,0.1938,0.2225,0.6,14.7267,15.1939,1.1615,6.1133,5.9489,2.3692,,871393.9782,473269.6332,412326.7975,14552279.4359,7903602.8744,,,1.085
601211,国泰君安,证券,上海,20150626,601211.SH,20180605,16.74,16.78,16.62,16.74,16.74,0.0,0.0,91338.08,152654.701,0.193,0.2215,0.57,14.762,15.2303,1.1643,6.128,5.9632,2.3635,,871393.9782,473269.6332,412326.7975,14587135.1951,7922533.6598,,,1.085
601211,国泰君安,证券,上海,20150626,601211.SH,20180604,16.67,16.82,16.64,16.74,16.67,0.07,0.42,87794.5,147097.169,0.1855,0.2129,0.54,14.762,15.2303,1.1643,6.128,5.9632,2.3635,,871393.9683,473269.6233,412326.7876,14587135.0293,7922533.494,,,1.056
601211,国泰君安,证券,上海,20150626,601211.SH,20180601,16.75,16.96,16.48,16.67,16.79,-0.12,-0.71,157767.05,263460.653,0.3334,0.3826,1.03,14.7003,15.1666,1.1594,6.1024,5.9382,2.3734,,871393.9683,473269.6233,412326.7876,14526137.4516,7889404.6204,,,1.056
601211,国泰君安,证券,上海,20150626,601211.SH,20180531,16.59,16.84,16.5,16.79,16.44,0.35,2.13,225444.28,375789.542,0.4764,0.5468,1.71,14.8061,15.2758,1.1678,6.1463,5.981,2.3565,,871393.9683,473269.6233,412326.7876,14630704.7278,7946196.9752,,,1.056
601211,国泰君安,证券,上海,20150626,601211.SH,20180530,16.7,16.73,16.42,16.44,16.83,-0.39,-2.32,196319.48,325365.822,0.4148,0.4761,1.73,14.4974,14.9574,1.1434,6.0182,5.8563,2.4066,,871393.9683,473269.6233,412326.7876,14325716.8389,7780552.6071,,,1.056
601211,国泰君安,证券,上海,20150626,601211.SH,20180529,17.08,17.17,16.81,16.83,17.12,-0.29,-1.69,130593.76,221385.09,0.2759,0.3167,1.13,14.8414,15.3122,1.1706,6.1609,5.9952,2.3509,,871393.9683,473269.6233,412326.7876,14665560.4865,7965127.7601,,,1.056
601211,国泰君安,证券,上海,20150626,601211.SH,20180528,17.03,17.29,17.02,17.12,17.01,0.11,0.65,98083.54,168302.941,0.2072,0.2379,0.77,15.0971,15.576,1.1907,6.2671,6.0985,2.311,,871393.9683,473269.6233,412326.7876,14918264.7373,8102375.9509,,,1.056
601211,国泰君安,证券,上海,20150626,601211.SH,20180525,17.2,17.24,16.96,17.01,17.17,-0.16,-0.93,114360.47,195583.275,0.2416,0.2774,0.87,15.0001,15.476,1.1831,6.2268,6.0593,2.326,,871393.9683,473269.6233,412326.7876,14822411.4008,8050316.2923,,,1.056
601211,国泰君安,证券,上海,20150626,601211.SH,20180524,17.33,17.38,17.15,17.17,17.32,-0.15,-0.87,121701.27,210096.511,0.2571,0.2952,0.94,15.1412,15.6215,1.1942,6.2854,6.1163,2.3043,,871393.9683,473269.6233,412326.7876,14961834.4357,8126039.4321,,,1.056
601211,国泰君安,证券,上海,20150626,601211.SH,20180523,17.47,17.52,17.32,17.32,17.53,-0.21,-1.2,101032.57,175970.155,0.2135,0.245,0.77,15.2735,15.758,1.2046,6.3403,6.1698,2.2844,,871393.9683,473269.6233,412326.7876,15092543.531,8197029.8756,,,1.056
601211,国泰君安,证券,上海,20150626,601211.SH,20180522,17.66,17.69,17.41,17.53,17.66,-0.13,-0.74,140658.84,246606.049,0.2972,0.3411,1.06,15.4587,15.9491,1.2192,6.4172,6.2446,2.257,,871393.9683,473269.6233,412326.7876,15275536.2643,8296416.4964,,,1.056
601211,国泰君安,证券,上海,20150626,601211.SH,20180521,17.7,17.79,17.61,17.66,17.58,0.08,0.46,156722.15,277263.552,0.3311,0.3801,1.24,15.5733,16.0673,1.2283,6.4648,6.2909,2.2404,,871393.9683,473269.6233,412326.7876,15388817.4802,8357941.5475,,,1.056
601211,国泰君安,证券,上海,20150626,601211.SH,20180518,17.35,17.6,17.34,17.58,17.35,0.23,1.33,140763.29,246036.642,0.2974,0.3414,1.17,15.5027,15.9946,1.2227,6.4355,6.2624,2.2506,,871393.9683,473269.6233,412326.7876,15319105.9627,8320079.9776,,,1.056
601211,国泰君安,证券,上海,20150626,601211.SH,20180517,17.53,17.6,17.31,17.35,17.5,-0.15,-0.86,104957.0,183039.149,0.2218,0.2545,0.83,15.2999,15.7853,1.2067,6.3513,6.1805,2.2804,,871393.9683,473269.6233,412326.7876,15118685.35,8211227.9643,,,1.056
601211,国泰君安,证券,上海,20150626,601211.SH,20180516,17.63,17.7,17.48,17.5,17.66,-0.16,-0.91,115321.67,202733.078,0.2437,0.2797,0.91,15.4322,15.9218,1.2171,6.4062,6.2339,2.2609,,871393.9683,473269.6233,412326.7876,15249394.4453,8282218.4078,,,1.056
601211,国泰君安,证券,上海,20150626,601211.SH,20180515,17.78,17.85,17.49,17.66,17.77,-0.11,-0.62,144874.27,255199.245,0.3061,0.3514,1.11,15.5733,16.0673,1.2283,6.4648,6.2909,2.2404,,871393.9683,473269.6233,412326.7876,15388817.4802,8357941.5475,,,1.056
601211,国泰君安,证券,上海,20150626,601211.SH,20180514,17.8,17.9,17.7,17.77,17.79,-0.02,-0.11,125907.13,224209.239,0.266,0.3054,0.89,15.6703,16.1674,1.2359,6.505,6.3301,2.2265,,871393.9683,473269.6233,412326.7876,15484670.8167,8410001.206,,,1.056
601211,国泰君安,证券,上海,20150626,601211.SH,20180511,17.98,17.98,17.72,17.79,17.94,-0.15,-0.84,110433.29,196847.156,0.2333,0.2678,0.71,15.6879,16.1856,1.2373,6.5124,6.3372,2.224,,871393.9683,473269.6233,412326.7876,15502098.6961,8419466.5985,,,1.056
601211,国泰君安,证券,上海,20150626,601211.SH,20180510,17.95,17.99,17.72,17.94,17.86,0.08,0.45,136941.81,244526.793,0.2894,0.3321,0.75,15.8202,16.3221,1.2478,6.5673,6.3906,2.2054,,871393.9683,473269.6233,412326.7876,15632807.7913,8490457.042,,,1.056
601211,国泰君安,证券,上海,20150626,601211.SH,20180509,18.0,18.0,17.74,17.86,18.0,-0.14,-0.78,116654.15,208183.238,0.2465,0.2829,0.59,15.7497,16.2493,1.2422,6.538,6.3621,2.2153,,871393.9683,473269.6233,412326.7876,15563096.2738,8452595.4721,,,1.056
601211,国泰君安,证券,上海,20150626,601211.SH,20180508,17.88,18.07,17.8,18.0,18.03,-0.03,-0.17,160174.9,287559.034,0.3384,0.3885,0.77,15.8731,16.3767,1.2519,6.5892,6.412,2.1981,,871393.9683,473269.6233,412326.7876,15685091.4294,8518853.2194,,,1.056
601211,国泰君安,证券,上海,20150626,601211.SH,20180507,17.88,18.06,17.79,18.03,17.79,0.24,1.35,183562.83,329499.506,0.3879,0.4452,0.95,15.8996,16.404,1.254,6.6002,6.4227,2.1944,,871393.9683,473269.6233,412326.7876,15711233.2484,8533051.3081,,,1.056
601211,国泰君安,证券,上海,20150626,601211.SH,20180504,17.82,18.02,17.77,17.79,17.9,-0.11,-0.61,184565.54,330178.267,0.39,0.4476,1.0,15.6879,16.1856,1.2373,6.5124,6.3372,2.224,,871393.9683,473269.6233,412326.7876,15502098.6961,8419466.5985,18.83,15.41,1.056
601211,国泰君安,证券,上海,20150626,601211.SH,20180503,17.6,18.0,17.53,17.9,17.6,0.3,1.7,266217.82,473795.323,0.5625,0.6456,1.55,15.7849,16.2857,1.245,6.5526,6.3764,2.2103,,871393.9683,473269.6233,412326.7876,15597952.0326,8471526.2571,,,1.056
601211,国泰君安,证券,上海,20150626,601211.SH,20180502,17.8,17.89,17.47,17.6,17.65,-0.05,-0.28,188476.3,332667.407,0.3982,0.4571,1.16,15.5204,16.0128,1.2241,6.4428,6.2695,2.248,,871393.9535,473269.6085,412326.7728,15336533.5816,8329545.1096,,,1.056
601211,国泰君安,证券,上海,20150626,601211.SH,20180427,17.59,17.74,17.4,17.65,17.38,0.27,1.55,211731.59,371864.408,0.4474,0.5135,1.32,15.5645,15.5645,1.2491,6.4611,6.4611,2.2416,,871393.9535,473269.6085,412326.7728,15380103.2793,8353208.59,,,1.056
601211,国泰君安,证券,上海,20150626,601211.SH,20180426,17.8,17.82,17.32,17.38,17.68,-0.3,-1.7,116031.35,203526.346,0.2452,0.2814,0.67,15.3264,15.3264,1.23,6.3623,6.3623,2.2765,,871393.9535,473269.6085,412326.7728,15144826.9118,8225425.7957,,,1.056
601211,国泰君安,证券,上海,20150626,601211.SH,20180425,17.66,17.82,17.58,17.68,17.79,-0.11,-0.62,139049.4,245972.457,0.2938,0.3372,0.72,15.5909,15.5909,1.2512,6.4721,6.4721,2.2378,,871393.9535,473269.6085,412326.7728,15406245.0979,8367406.6783,,,1.056
601211,国泰君安,证券,上海,20150626,601211.SH,20180424,17.36,17.82,17.36,17.79,17.44,0.35,2.01,201078.98,355747.577,0.4249,0.4877,0.99,15.6879,15.6879,1.259,6.5124,6.5124,2.224,,871393.9535,473269.6085,412326.7728,15502098.4328,8419466.3352,,,1.056
601211,国泰君安,证券,上海,20150626,601211.SH,20180423,17.01,17.47,17.01,17.44,17.02,0.42,2.47,145714.2,252693.76,0.3079,0.3534,0.7,15.3793,15.3793,1.2343,6.3842,6.3842,2.2686,,871393.9535,473269.6085,412326.7728,15197110.549,8253821.9722,,,1.056
601211,国泰君安,证券,上海,20150626,601211.SH,20180420,17.55,17.63,16.99,17.02,17.65,-0.63,-3.57,198352.48,342912.905,0.4191,0.4811,1.06,15.0089,15.0089,1.2045,6.2305,6.2305,2.3246,,871393.9535,473269.6085,412326.7728,14831125.0886,8055048.7367,,,1.056
601211,国泰君安,证券,上海,20150626,601211.SH,20180419,17.65,17.77,17.53,17.65,17.6,0.05,0.28,177187.74,312862.465,0.3744,0.4297,1.0,15.5645,15.5645,1.2491,6.4611,6.4611,2.2416,,871393.9535,473269.6085,412326.7728,15380103.2793,8353208.59,,,1.056
601211,国泰君安,证券,上海,20150626,601211.SH,20180418,17.6,17.75,17.4,17.6,17.34,0.26,1.5,237216.95,417281.313,0.5012,0.5753,1.44,15.5204,15.5204,1.2456,6.4428,6.4428,2.248,,871393.9535,473269.6085,412326.7728,15336533.5816,8329545.1096,,,1.056
601211,国泰君安,证券,上海,20150626,601211.SH,20180417,17.1,17.74,17.1,17.34,17.04,0.3,1.76,254221.99,443727.626,0.5372,0.6166,1.64,15.2911,15.2911,1.2272,6.3476,6.3476,2.2817,,871393.9535,473269.6085,412326.7728,15109971.1537,8206495.0114,,,1.056
601211,国泰君安,证券,上海,20150626,601211.SH,20180416,17.32,17.46,17.03,17.04,17.32,-0.28,-1.62,174889.28,302051.506,0.3695,0.4242,1.17,15.0266,15.0266,1.2059,6.2378,6.2378,2.3219,,871393.9535,473269.6085,412326.7728,14848552.9676,8064514.1288,,,1.056
601211,国泰君安,证券,上海,20150626,601211.SH,20180413,17.49,17.66,17.31,17.32,17.47,-0.15,-0.86,94087.02,164501.547,0.1988,0.2282,0.57,15.2735,15.2735,1.2258,6.3403,6.3403,2.2844,,871393.9535,473269.6085,412326.7728,15092543.2746,8197029.6192,,,1.056
601211,国泰君安,证券,上海,20150626,601211.SH,20180412,17.56,17.74,17.45,17.47,17.57,-0.1,-0.57,126397.79,222456.309,0.2671,0.3065,0.73,15.4057,15.4057,1.2364,6.3952,6.3952,2.2647,,871393.9535,473269.6085,412326.7728,15223252.3676,8268020.0605,,,1.056
601211,国泰君安,证券,上海,20150626,601211.SH,20180411,17.53,17.7,17.48,17.57,17.59,-0.02,-0.11,174095.16,306246.98,0.3679,0.4222,0.97,15.4939,15.4939,1.2435,6.4318,6.4318,2.2518,,871393.9535,473269.6085,412326.7728,15310391.763,8315347.0213,,,1.056
601211,国泰君安,证券,上海,20150626,601211.SH,20180410,17.28,17.6,17.19,17.59,17.25,0.34,1.97,205687.06,359014.418,0.4346,0.4988,1.18,15.5116,15.5116,1.2449,6.4391,6.4391,2.2493,,871393.9535,473269.6085,412326.7728,15327819.6421,8324812.4135,,,1.056
601211,国泰君安,证券,上海,20150626,601211.SH,20180409,17.09,17.32,16.99,17.25,17.11,0.14,0.82,147571.83,253626.136,0.3118,0.3579,0.78,15.2117,15.2117,1.2208,6.3147,6.3147,2.2936,,871393.9535,473269.6085,412326.7728,15031545.6979,8163900.7466,,,1.056
601211,国泰君安,证券,上海,20150626,601211.SH,20180404,17.2,17.44,17.1,17.11,17.19,-0.08,-0.47,169797.65,293382.268,0.3588,0.4118,0.9,15.0883,15.0883,1.2109,6.2634,6.2634,2.3124,,871393.9535,473269.6085,412326.7728,14909550.5444,8097643.0014,,,1.056
601211,国泰君安,证券,上海,20150626,601211.SH,20180403,17.05,17.35,16.88,17.19,17.19,0.0,0.0,165772.68,283852.296,0.3503,0.402,0.84,15.1588,15.1588,1.2166,6.2927,6.2927,2.3016,,871393.9535,473269.6085,412326.7728,14979262.0607,8135504.5701,,,1.056
601211,国泰君安,证券,上海,20150626,601211.SH,20180402,17.12,17.46,17.03,17.19,17.06,0.13,0.76,208562.15,360221.895,0.4407,0.5058,1.08,15.1588,15.1588,1.2166,6.2927,6.2927,2.3016,,871393.9486,473269.6036,412326.7679,14979261.9764,8135504.4859,,,1.056
601211,国泰君安,证券,上海,20150626,601211.SH,20180330,17.15,17.19,16.97,17.06,17.09,-0.03,-0.18,180093.32,307509.961,0.3805,0.4368,0.76,15.0442,15.0442,1.2315,6.2451,6.2451,2.3192,,871393.9486,473269.6036,412326.7679,14865980.7631,8073979.4374,,,1.056
601211,国泰君安,证券,上海,20150626,601211.SH,20180329,16.87,17.09,16.68,17.09,16.78,0.31,1.85,217694.36,369149.77,0.46,0.528,0.98,15.1321,15.0696,1.2337,5.7801,6.256,2.3151,,871393.9486,473269.6036,412326.7679,14892122.5816,8088177.5255,,,1.056
601211,国泰君安,证券,上海,20150626,601211.SH,20180328,16.85,17.08,16.78,16.78,17.04,-0.26,-1.53,170283.79,287323.52,0.3598,0.413,0.75,14.8576,14.7962,1.2113,5.6752,6.1426,2.3579,2.3579,871393.9486,473269.6036,412326.7679,14621990.4575,7941463.9484,,,1.056
601211,国泰君安,证券,上海,20150626,601211.SH,20180327,17.05,17.16,16.9,17.04,16.83,0.21,1.25,209222.26,356374.451,0.4421,0.5074,1.0,15.0878,15.0255,1.23,5.7631,6.2377,2.3219,2.3219,871393.9486,473269.6036,412326.7679,14848552.8841,8064514.0453,,,1.056
601211,国泰君安,证券,上海,20150626,601211.SH,20180326,16.59,16.87,16.42,16.83,16.67,0.16,0.96,191809.76,319633.802,0.4053,0.4652,1.0,14.9019,14.8403,1.2149,5.6921,6.1609,2.3509,2.3509,871393.9486,473269.6036,412326.7679,14665560.1549,7965127.4286,,,1.056
601211,国泰君安,证券,上海,20150626,601211.SH,20180323,17.25,17.27,16.51,16.67,17.66,-0.99,-5.61,401812.7,679543.269,0.849,0.9745,2.75,14.7602,14.6992,1.2033,5.638,6.1023,2.3734,2.3734,871393.9486,473269.6036,412326.7679,14526137.1232,7889404.292,,,1.056
601211,国泰君安,证券,上海,20150626,601211.SH,20180322,17.77,18.0,17.62,17.66,17.74,-0.08,-0.45,133186.1,236793.683,0.2814,0.323,0.95,15.6368,15.5722,1.2748,5.9728,6.4647,2.2404,2.2404,871393.9486,473269.6036,412326.7679,15388817.1323,8357941.1996,,,1.056
601211,国泰君安,证券,上海,20150626,601211.SH,20180321,17.78,18.12,17.7,17.74,17.72,0.02,0.11,197270.1,353610.49,0.4168,0.4784,1.58,15.7076,15.6427,1.2806,5.9999,6.494,2.2303,2.2303,871393.9486,473269.6036,412326.7679,15458528.6482,8395802.7679,,,1.056
601211,国泰君安,证券,上海,20150626,601211.SH,20180320,17.61,17.84,17.61,17.72,17.73,-0.01,-0.06,119901.22,212092.206,0.2533,0.2908,0.87,15.6899,15.6251,1.2791,5.9931,6.4867,2.2328,2.2328,871393.9486,473269.6036,412326.7679,15441100.7692,8386337.3758,,,1.056
601211,国泰君安,证券,上海,20150626,601211.SH,20180319,17.67,17.83,17.61,17.73,17.67,0.06,0.34,106715.43,189142.533,0.2255,0.2588,0.65,15.6988,15.6339,1.2799,5.9965,6.4903,2.2315,2.2315,871393.9486,473269.6036,412326.7679,15449814.7087,8391070.0718,,,1.056
601211,国泰君安,证券,上海,20150626,601211.SH,20180316,18.01,18.12,17.66,17.67,18.02,-0.35,-1.94,174478.29,312066.549,0.3687,0.4232,1.01,15.6456,15.581,1.2755,5.9762,6.4684,2.2391,2.2391,871393.9486,473269.6036,412326.7679,15397531.0718,8362673.8956,,,1.056
601211,国泰君安,证券,上海,20150626,601211.SH,20180315,17.96,18.05,17.87,18.02,18.0,0.02,0.11,104108.31,187044.375,0.22,0.2525,0.61,15.9555,15.8896,1.3008,6.0946,6.5965,2.1956,2.1956,871393.9486,473269.6036,412326.7679,15702518.9538,8528318.2569,,,1.056
601211,国泰君安,证券,上海,20150626,601211.SH,20180314,18.01,18.14,17.96,18.0,18.05,-0.05,-0.28,119684.19,215934.522,0.2529,0.2903,0.66,15.9378,15.872,1.2993,6.0878,6.5892,2.1981,2.1981,871393.9486,473269.6036,412326.7679,15685091.0748,8518852.8648,18.98,15.53,1.056
601211,国泰君安,证券,上海,20150626,601211.SH,20180313,18.47,18.48,18.04,18.05,18.45,-0.4,-2.17,181931.95,331783.91,0.3844,0.4412,0.95,15.9821,15.9161,1.303,6.1047,6.6075,2.192,2.192,871393.9486,473269.6036,412326.7679,15728660.7722,8542516.345,,,1.056
601211,国泰君安,证券,上海,20150626,601211.SH,20180312,18.3,18.54,18.19,18.45,18.19,0.26,1.43,239284.59,440206.006,0.5056,0.5803,1.44,16.3363,16.2688,1.3318,6.24,6.7539,2.1444,2.1444,871393.9486,473269.6036,412326.7679,16077218.3517,8731824.1864,,,1.056
601211,国泰君安,证券,上海,20150626,601211.SH,20180309,17.93,18.27,17.88,18.19,17.9,0.29,1.62,221484.77,400727.727,0.468,0.5372,1.47,16.1061,16.0395,1.3131,6.1521,6.6587,2.1751,2.1751,871393.9486,473269.6036,412326.7679,15850655.925,8608774.0895,,,1.056
601211,国泰君安,证券,上海,20150626,601211.SH,20180308,17.9,17.95,17.79,17.9,17.82,0.08,0.45,90848.65,162353.524,0.192,0.2203,0.56,15.8493,15.7838,1.2921,6.054,6.5526,2.2103,2.2103,871393.9486,473269.6036,412326.7679,15597951.6799,8471525.9044,,,1.056
601211,国泰君安,证券,上海,20150626,601211.SH,20180307,17.98,18.11,17.78,17.82,18.02,-0.2,-1.11,177047.09,317826.205,0.3741,0.4294,1.04,15.7785,15.7132,1.2864,6.027,6.5233,2.2203,2.2203,871393.9486,473269.6036,412326.7679,15528240.1641,8433664.3362,,,1.056
601211,国泰君安,证券,上海,20150626,601211.SH,20180306,17.81,18.08,17.69,18.02,17.69,0.33,1.87,226557.56,405419.507,0.4787,0.5495,1.34,15.9555,15.8896,1.3008,6.0946,6.5965,2.1956,2.1956,871393.9486,473269.6036,412326.7679,15702518.9538,8528318.2569,,,1.056
601211,国泰君安,证券,上海,20150626,601211.SH,20180305,17.72,17.87,17.62,17.69,17.73,-0.04,-0.23,115945.43,205292.079,0.245,0.2812,0.54,15.6634,15.5986,1.277,5.983,6.4757,2.2366,2.2366,871393.9486,473269.6036,412326.7679,15414958.9507,8372139.2877,,,1.056
601211,国泰君安,证券,上海,20150626,601211.SH,20180302,17.71,17.91,17.65,17.73,17.89,-0.16,-0.89,141033.54,250859.198,0.298,0.342,0.61,15.6988,15.6339,1.2799,5.9965,6.4903,2.2315,2.2315,871393.9339,473269.5889,412326.7532,15449814.448,8391069.8112,,,1.056
601211,国泰君安,证券,上海,20150626,601211.SH,20180301,17.76,17.99,17.72,17.89,17.84,0.05,0.28,153839.3,275011.704,0.3251,0.3731,0.58,15.8404,15.775,1.2914,6.0506,6.5489,2.2116,2.2116,871393.9339,473269.5889,412326.7532,15589237.4775,8466792.9454,,,1.056
601211,国泰君安,证券,上海,20150626,601211.SH,20180228,17.9,18.18,17.74,17.84,17.98,-0.14,-0.78,210731.94,377566.419,0.4453,0.5111,0.85,15.7962,15.7309,1.2878,6.0337,6.5306,2.2178,2.2178,871393.9339,473269.5889,412326.7532,15545667.7808,8443129.466,,,1.056
601211,国泰君安,证券,上海,20150626,601211.SH,20180227,18.35,18.35,17.96,17.98,18.34,-0.36,-1.96,226907.39,411375.026,0.4794,0.5503,0.89,15.9201,15.8543,1.2979,6.0811,6.5818,2.2005,2.2005,871393.9339,473269.5889,412326.7532,15667662.9315,8509387.2084,,,1.056
601211,国泰君安,证券,上海,20150626,601211.SH,20180226,17.95,18.46,17.8,18.34,17.75,0.59,3.32,334075.55,604516.041,0.7059,0.8102,1.25,16.2389,16.1718,1.3239,6.2028,6.7136,2.1573,2.1573,871393.9339,473269.5889,412326.7532,15981364.7477,8679764.2604,19.49,15.95,1.056
601211,国泰君安,证券,上海,20150626,601211.SH,20180223,17.67,17.85,17.56,17.75,17.61,0.14,0.8,231240.91,409764.711,0.4886,0.5608,0.73,15.7165,15.6515,1.2813,6.0033,6.4976,2.229,2.229,871393.9339,473269.5889,412326.7532,15467242.3267,8400535.203,,,1.056
601211,国泰君安,证券,上海,20150626,601211.SH,20180222,17.77,17.83,17.5,17.61,17.58,0.03,0.17,313367.0,552991.336,0.6621,0.76,1.02,15.5925,15.5281,1.2712,5.9559,6.4464,2.2467,2.2467,871393.9339,473269.5889,412326.7532,15345247.176,8334277.4605,,,1.056
601211,国泰君安,证券,上海,20150626,601211.SH,20180214,17.52,17.6,17.31,17.58,17.47,0.11,0.63,126931.55,221357.473,0.2682,0.3078,0.36,15.566,15.5016,1.269,5.9458,6.4354,2.2506,2.2506,871393.9339,473269.5889,412326.7532,15319105.358,8320079.3729,,,1.056
601211,国泰君安,证券,上海,20150626,601211.SH,20180213,17.32,17.7,17.32,17.47,17.19,0.28,1.63,272894.54,478042.502,0.5766,0.6618,0.65,15.4686,15.4046,1.2611,5.9086,6.3951,2.2647,2.2647,871393.9339,473269.5889,412326.7532,15223252.0252,8268019.7181,,,1.056
601211,国泰君安,证券,上海,20150626,601211.SH,20180212,17.51,17.59,17.07,17.19,17.41,-0.22,-1.26,393407.0,678398.639,0.8313,0.9541,1.01,15.2206,15.1577,1.2409,5.8139,6.2926,2.3016,2.3016,871393.9339,473269.5889,412326.7532,14979261.7237,8135504.2332,,,1.056
601211,国泰君安,证券,上海,20150626,601211.SH,20180209,18.65,18.8,17.29,17.41,19.01,-1.6,-8.42,481321.66,857663.106,1.017,1.1673,1.4,15.4154,15.3517,1.2568,5.8883,6.3732,2.2725,2.2725,871393.9339,473269.5889,412326.7532,15170968.3892,8239623.5427,,,1.056
601211,国泰君安,证券,上海,20150626,601211.SH,20180208,19.17,19.49,18.92,19.01,19.2,-0.19,-0.99,265789.94,509630.271,0.5616,0.6446,0.68,16.8321,16.7626,1.3723,6.4294,6.9589,2.0813,2.0813,871393.9339,473269.5889,412326.7532,16565198.6834,8996854.885,,,1.056
601211,国泰君安,证券,上海,20150626,601211.SH,20180207,19.79,20.0,19.17,19.2,19.55,-0.35,-1.79,342462.41,673238.365,0.7236,0.8306,0.88,17.0004,16.9301,1.386,6.4937,7.0284,2.0607,2.0607,871393.9339,473269.5889,412326.7532,16730763.5309,9086776.1069,,,1.056
601211,国泰君安,证券,上海,20150626,601211.SH,20180206,19.85,20.25,19.52,19.55,20.23,-0.68,-3.36,615748.8,1229339.849,1.3011,1.4934,1.9,17.3103,17.2387,1.4112,6.6121,7.1566,2.0238,2.0238,871393.9339,473269.5889,412326.7532,17035751.4077,9252420.463,,,1.056
601211,国泰君安,证券,上海,20150626,601211.SH,20180205,19.85,20.3,19.8,20.23,20.12,0.11,0.55,237535.1,475053.79,0.5019,0.5761,0.67,17.9124,17.8383,1.4603,6.842,7.4055,1.9558,1.9558,871393.9339,473269.5889,412326.7532,17628299.2828,9574243.7834,,,1.056
601211,国泰君安,证券,上海,20150626,601211.SH,20180202,20.13,20.25,19.77,20.12,20.33,-0.21,-1.03,256325.06,513340.215,0.5416,0.6217,0.7,17.815,17.7413,1.424,6.8048,7.3652,1.9665,1.9665,871393.38,473269.035,412326.1993,17532434.8056,9522172.9842,,,1.056
601211,国泰君安,证券,上海,20150626,601211.SH,20180201,20.15,20.37,19.75,20.33,20.07,0.26,1.3,515873.96,1035844.223,1.09,1.2511,1.48,18.0009,17.9265,1.4389,6.8759,7.4421,1.9461,1.9461,871393.38,473269.035,412326.1993,17715427.4154,9621559.4816,,,1.056
601211,国泰君安,证券,上海,20150626,601211.SH,20180131,20.05,20.25,19.88,20.07,20.04,0.03,0.15,325473.5,653170.291,0.6877,0.7894,0.68,17.7707,17.6972,1.4205,6.7879,7.3469,1.9714,1.9714,871393.38,473269.035,412326.1993,17488865.1366,9498509.5325,,,1.056
601211,国泰君安,证券,上海,20150626,601211.SH,20180130,20.38,20.53,20.03,20.04,20.37,-0.33,-1.62,288098.04,583341.399,0.6087,0.6987,0.56,17.7441,18.9192,1.4466,6.7778,7.8057,1.9743,1.9743,871393.38,473269.035,412326.1993,17462723.3352,9484311.4614,,,1.056
601211,国泰君安,证券,上海,20150626,601211.SH,20180129,20.8,20.95,20.28,20.37,20.76,-0.39,-1.88,393972.93,811829.809,0.8325,0.9555,0.75,18.0363,19.2307,1.4704,6.8894,7.9343,1.9423,1.9423,871393.38,473269.035,412326.1993,17750283.1506,9640490.243,,,1.056
601211,国泰君安,证券,上海,20150626,601211.SH,20180126,20.86,21.03,20.74,20.76,20.87,-0.11,-0.53,319327.18,666739.222,0.6747,0.7745,0.54,18.3816,19.5989,1.4986,7.0213,8.0862,1.9058,1.9058,871393.38,473269.035,412326.1993,18090126.5688,9825065.1666,,,1.056
601211,国泰君安,证券,上海,20150626,601211.SH,20180125,21.16,21.21,20.81,20.87,21.38,-0.51,-2.39,419761.5,883363.979,0.8869,1.018,0.71,18.479,19.7027,1.5065,7.0585,8.129,1.8958,1.8958,871393.38,473269.035,412326.1993,18185979.8406,9877124.7605,,,1.056
601211,国泰君安,证券,上海,20150626,601211.SH,20180124,20.76,21.51,20.43,21.38,20.71,0.67,3.24,960736.07,2026741.632,2.03,2.33,1.74,18.9306,20.1842,1.5433,7.231,8.3277,1.8506,1.8506,871393.38,473269.035,412326.1993,18630390.4644,10118491.9683,,,1.056
601211,国泰君安,证券,上海,20150626,601211.SH,20180123,20.46,20.8,20.35,20.71,20.43,0.28,1.37,468176.05,964085.838,0.9892,1.1355,0.91,18.3374,19.5517,1.495,7.0044,8.0667,1.9104,1.9104,871393.38,473269.035,412326.1993,18046556.8998,9801401.7149,,,1.056
601211,国泰君安,证券,上海,20150626,601211.SH,20180122,20.37,20.75,20.16,20.43,20.42,0.01,0.05,444296.62,906017.588,0.9388,1.0775,0.92,18.0894,19.2873,1.4748,6.9097,7.9576,1.9366,1.9366,871393.38,473269.035,412326.1993,17802566.7534,9668886.3851,,,1.056
601211,国泰君安,证券,上海,20150626,601211.SH,20180119,20.05,20.76,19.94,20.42,19.94,0.48,2.41,685616.89,1399874.106,1.4487,1.6628,1.79,18.0806,19.2779,1.474,6.9063,7.9537,1.9376,1.9376,871393.38,473269.035,412326.1993,17793852.8196,9664153.6947,,,1.056
601211,国泰君安,证券,上海,20150626,601211.SH,20180118,19.8,20.06,19.65,19.94,19.7,0.24,1.22,393477.28,782715.32,0.8314,0.9543,1.2,17.6556,18.8247,1.4394,6.744,7.7668,1.9842,1.9842,871393.38,473269.035,412326.1993,17375583.9972,9436984.5579,,,1.056
601211,国泰君安,证券,上海,20150626,601211.SH,20180117,19.39,20.22,19.38,19.7,19.26,0.44,2.28,766590.87,1522593.01,1.6198,1.8592,3.31,17.4431,18.5982,1.4221,6.6628,7.6733,2.0084,2.0084,871393.38,473269.035,412326.1993,17166449.586,9323399.9895,,,1.056
601211,国泰君安,证券,上海,20150626,601211.SH,20180116,18.81,19.31,18.76,19.26,18.86,0.4,2.12,282124.47,534022.212,0.5961,0.6842,1.23,17.0535,18.1828,1.3903,6.514,7.5019,2.0543,2.0543,871393.38,473269.035,412326.1993,16783036.4988,9115161.6141,,,1.056
601211,国泰君安,证券,上海,20150626,601211.SH,20180115,19.11,19.23,18.81,18.86,19.15,-0.29,-1.51,279113.66,530416.946,0.5898,0.6769,1.09,16.6993,17.8051,1.3614,6.3787,7.3461,2.0978,2.0978,871393.38,473269.035,412326.1993,16434479.1468,8925854.0001,,,1.056
601211,国泰君安,证券,上海,20150626,601211.SH,20180112,19.16,19.45,19.13,19.15,19.17,-0.02,-0.1,195994.01,377552.012,0.4141,0.4753,0.77,16.9561,18.0789,1.3824,6.4768,7.4591,2.0661,2.0661,871393.38,473269.035,412326.1993,16687183.227,9063102.0203,,,1.056
601211,国泰君安,证券,上海,20150626,601211.SH,20180111,19.12,19.22,19.03,19.17,19.16,0.01,0.05,111093.84,212460.907,0.2347,0.2694,0.42,16.9738,18.0978,1.3838,6.4835,7.4668,2.0639,2.0639,871393.38,473269.035,412326.1993,16704611.0946,9072567.401,,,1.056
601211,国泰君安,证券,上海,20150626,601211.SH,20180110,19.34,19.4,19.0,19.16,19.3,-0.14,-0.73,290517.39,557062.413,0.6139,0.7046,1.02,16.9649,18.0884,1.3831,6.4802,7.4629,2.065,2.065,871393.38,473269.035,412326.1993,16695897.1608,9067834.7106,,,1.056
601211,国泰君安,证券,上海,20150626,601211.SH,20180109,19.41,19.74,19.28,19.3,19.46,-0.16,-0.82,267718.61,521039.785,0.5657,0.6493,0.92,17.0889,18.2205,1.3932,6.5275,7.5175,2.05,2.05,871393.38,473269.035,412326.1993,16817892.234,9134092.3755,,,1.056
601211,国泰君安,证券,上海,20150626,601211.SH,20180108,19.18,19.78,19.07,19.46,19.12,0.34,1.78,419319.52,816526.468,0.886,1.017,1.74,17.2306,18.3716,1.4047,6.5816,7.5798,2.0331,2.0331,871393.38,473269.035,412326.1993,16957315.1748,9209815.4211,,,1.056
601211,国泰君安,证券,上海,20150626,601211.SH,20180105,19.1,19.3,19.02,19.12,19.1,0.02,0.1,184458.88,353278.155,0.3898,0.4474,0.78,16.9295,18.0506,1.3802,6.4666,7.4474,2.0693,2.0693,871393.38,473269.035,412326.1993,16661041.4256,9048903.9492,,,1.056
601211,国泰君安,证券,上海,20150626,601211.SH,20180104,19.14,19.19,19.02,19.1,19.18,-0.08,-0.42,173428.93,331210.827,0.3664,0.4206,0.75,16.9118,18.0317,1.3787,6.4599,7.4396,2.0715,2.0715,871393.38,473269.035,412326.1993,16643613.558,9039438.5685,,,1.056
601211,国泰君安,证券,上海,20150626,601211.SH,20180103,18.73,19.24,18.67,19.18,18.73,0.45,2.4,379333.68,720488.283,0.8015,0.92,2.17,16.9826,18.1073,1.3845,6.4869,7.4707,2.0628,2.0628,871393.38,473269.035,412326.1993,16713325.0284,9077300.0913,,,1.056
601211,国泰君安,证券,上海,20150626,601211.SH,20180102,18.53,18.75,18.47,18.73,18.52,0.21,1.13,295485.41,550519.969,0.6243,0.7166,1.99,16.5842,17.6824,1.352,6.3347,7.2955,2.1124,2.1124,871393.38,473269.035,412326.1993,16321198.0074,8864329.0256,,,1.056
601211,国泰君安,证券,上海,20150626,601211.SH,20171229,18.66,18.76,18.44,18.52,18.64,-0.12,-0.64,174669.79,324064.285,0.3691,0.4236,1.29,16.3983,17.4842,1.3369,6.2637,7.2137,2.8485,2.1363,871393.38,473269.035,412326.1993,16138205.3976,8764942.5282,,,1.056
601211,国泰君安,证券,上海,20150626,601211.SH,20171228,18.6,18.93,18.56,18.64,18.63,0.01,0.05,160089.74,299601.436,0.3383,0.3883,1.22,16.5045,17.5975,1.3455,6.3043,7.2604,2.8301,2.1226,871393.38,473269.035,412326.1993,16242772.6032,8821734.8124,,,1.056
601211,国泰君安,证券,上海,20150626,601211.SH,20171227,18.74,18.82,18.53,18.63,18.78,-0.15,-0.8,150692.4,281090.514,0.3184,0.3655,1.04,16.4957,17.588,1.3448,6.3009,7.2565,2.8316,2.1237,871393.38,473269.035,412326.1993,16234058.6694,8817002.1221,,,1.056
601211,国泰君安,证券,上海,20150626,601211.SH,20171226,18.6,18.81,18.59,18.78,18.6,0.18,0.97,95074.53,178065.693,0.2009,0.2306,0.64,16.6285,17.7296,1.3556,6.3516,7.3149,2.809,2.1068,871393.38,473269.035,412326.1993,16364767.6764,8887992.4773,,,1.056
601211,国泰君安,证券,上海,20150626,601211.SH,20171225,18.85,18.98,18.55,18.6,18.88,-0.28,-1.48,160061.99,299397.951,0.3382,0.3882,1.15,16.4691,17.5597,1.3427,6.2908,7.2448,2.8362,2.1272,871393.38,473269.035,412326.1993,16207916.868,8802804.051,,,1.056
601211,国泰君安,证券,上海,20150626,601211.SH,20171222,19.01,19.12,18.86,18.88,19.08,-0.2,-1.05,113114.36,214787.724,0.239,0.2743,0.77,16.717,17.824,1.3629,6.3855,7.3539,2.7941,2.0956,871393.38,473269.035,412326.1993,16451907.0144,8935319.3808,,,1.056
601211,国泰君安,证券,上海,20150626,601211.SH,20171221,18.97,19.2,18.83,19.08,19.07,0.01,0.05,137872.81,263108.21,0.2913,0.3344,0.83,16.8941,18.0128,1.3773,6.4531,7.4318,2.7649,2.0736,871393.38,473269.035,412326.1993,16626185.6904,9029973.1878,,,1.056
601211,国泰君安,证券,上海,20150626,601211.SH,20171220,19.18,19.18,18.77,19.07,19.12,-0.05,-0.26,220738.66,418892.508,0.4664,0.5353,1.24,16.8852,18.0034,1.3766,6.4497,7.4279,2.7663,2.0747,871393.38,473269.035,412326.1993,16617471.7566,9025240.4975,21.07,17.24,1.056
601211,国泰君安,证券,上海,20150626,601211.SH,20171219,19.1,19.2,19.08,19.12,19.11,0.01,0.05,111787.91,213875.709,0.2362,0.2711,0.58,16.9295,18.0506,1.3802,6.4666,7.4474,2.7591,2.0693,871393.38,473269.035,412326.1993,16661041.4256,9048903.9492,,,1.056
601211,国泰君安,证券,上海,20150626,601211.SH,20171218,19.17,19.19,18.97,19.11,19.07,0.04,0.21,111653.8,212952.974,0.2359,0.2708,0.51,16.9207,18.0412,1.3795,6.4632,7.4435,2.7605,2.0704,871393.38,473269.035,412326.1993,16652327.4918,9044171.2589,,,1.056
601211,国泰君安,证券,上海,20150626,601211.SH,20171215,19.09,19.2,19.03,19.07,19.12,-0.05,-0.26,148465.64,283525.083,0.3137,0.3601,0.65,16.8852,18.0034,1.3766,6.4497,7.4279,2.7663,2.0747,871393.38,473269.035,412326.1993,16617471.7566,9025240.4975,,,1.056
601211,国泰君安,证券,上海,20150626,601211.SH,20171214,19.4,19.44,18.99,19.12,19.4,-0.28,-1.44,241106.27,461611.048,0.5094,0.5847,1.12,16.9295,18.0506,1.3802,6.4666,7.4474,2.7591,2.0693,871393.38,473269.035,412326.1993,16661041.4256,9048903.9492,,,1.056
601211,国泰君安,证券,上海,20150626,601211.SH,20171213,19.6,19.68,19.3,19.4,19.59,-0.19,-0.97,275392.54,535356.931,0.5819,0.6679,1.3,17.1774,18.3149,1.4004,6.5613,7.5564,2.7192,2.0394,871393.38,473269.035,412326.1993,16905031.572,9181419.279,,,1.056
601211,国泰君安,证券,上海,20150626,601211.SH,20171212,19.93,19.93,19.58,19.59,19.97,-0.38,-1.9,192357.91,379291.67,0.4064,0.4665,0.57,17.3457,18.4943,1.4141,6.6256,7.6304,2.6929,2.0197,871393.38,473269.035,412326.1993,17070596.3142,9271340.3957,21.01,17.19,1.056
601211,国泰君安,证券,上海,20150626,601211.SH,20171211,19.95,19.99,19.76,19.97,20.0,-0.03,-0.15,231198.52,459182.056,0.4885,0.5607,0.67,17.6821,18.8531,1.4416,6.7541,7.7784,2.6416,1.9812,871393.38,473269.035,412326.1993,17401725.7986,9451182.629,,,1.056
601211,国泰君安,证券,上海,20150626,601211.SH,20171208,20.11,20.23,19.96,20.0,20.2,-0.2,-0.99,197317.86,396037.736,0.4169,0.4785,0.57,17.7087,18.8814,1.4437,6.7643,7.7901,2.6377,1.9783,871393.38,473269.035,412326.1993,17427867.6,9465380.7,,,1.056
601211,国泰君安,证券,上海,20150626,601211.SH,20171207,20.31,20.38,19.95,20.2,20.32,-0.12,-0.59,182077.71,366043.016,0.3847,0.4416,0.5,17.8858,19.0702,1.4582,6.8319,7.868,2.6116,1.9587,871393.38,473269.035,412326.1993,17602146.276,9560034.507,,,1.056
601211,国泰君安,证券,上海,20150626,601211.SH,20171206,20.31,20.37,20.16,20.32,20.43,-0.11,-0.54,259645.67,526629.296,0.5486,0.6297,0.75,17.992,19.1835,1.4668,6.8725,7.9148,2.5961,1.9471,871393.38,473269.035,412326.1993,17706713.4816,9616826.7912,,,1.056
601211,国泰君安,证券,上海,20150626,601211.SH,20171205,19.97,20.57,19.87,20.43,19.97,0.46,2.3,808850.42,1636888.217,1.7091,1.9617,3.84,18.0894,19.2873,1.4748,6.9097,7.9576,2.5822,1.9366,871393.38,473269.035,412326.1993,17802566.7534,9668886.3851,,,1.056
601211,国泰君安,证券,上海,20150626,601211.SH,20171204,20.01,20.1,19.75,19.97,20.18,-0.21,-1.04,273975.6,546392.829,0.5789,0.6645,1.32,17.6821,18.8531,1.4416,6.7541,7.7784,2.6416,1.9812,871393.38,473269.035,412326.1993,17401725.7986,9451182.629,,,1.056
601211,国泰君安,证券,上海,20150626,601211.SH,20171201,20.29,20.29,19.96,20.18,20.22,-0.04,-0.2,214343.74,430710.323,0.4529,0.5198,0.91,17.8681,19.0513,1.4567,6.8251,7.8602,2.6141,1.9606,871393.38,473269.035,412326.1993,17584718.4084,9550569.1263,,,1.056
601211,国泰君安,证券,上海,20150626,601211.SH,20171130,20.19,20.53,20.06,20.22,20.23,-0.01,-0.05,260683.79,529334.874,0.5508,0.6322,1.01,17.9035,19.0891,1.4596,6.8387,7.8758,2.609,1.9567,871393.38,473269.035,412326.1993,17619574.1436,9569499.8877,,,1.056
601211,国泰君安,证券,上海,20150626,601211.SH,20171129,20.33,20.43,19.92,20.23,20.4,-0.17,-0.83,177651.03,358212.701,0.3754,0.4309,0.57,17.9123,19.0985,1.4603,6.842,7.8797,2.6077,1.9558,871393.38,473269.035,412326.1993,17628288.0774,9574232.5781,,,1.056
601211,国泰君安,证券,上海,20150626,601211.SH,20171128,20.4,20.47,20.13,20.4,20.41,-0.01,-0.05,127120.7,258085.598,0.2686,0.3083,0.31,18.0629,19.259,1.4726,6.8995,7.9459,2.5859,1.9395,871393.38,473269.035,412326.1993,17776424.952,9654688.314,,,1.056
601211,国泰君安,证券,上海,20150626,601211.SH,20171127,20.31,20.48,20.02,20.41,20.37,0.04,0.2,259318.17,526535.488,0.5479,0.6289,0.63,18.0717,19.2685,1.4733,6.9029,7.9498,2.5847,1.9385,871393.38,473269.035,412326.1993,17785138.8858,9659421.0044,,,1.056
601211,国泰君安,证券,上海,20150626,601211.SH,20171124,20.32,20.43,19.92,20.37,20.32,0.05,0.25,351241.68,709317.755,0.7422,0.8519,0.79,18.0363,19.2307,1.4704,6.8894,7.9343,2.5898,1.9423,871393.38,473269.035,412326.1993,17750283.1506,9640490.243,,,1.056
601211,国泰君安,证券,上海,20150626,601211.SH,20171123,20.83,21.06,19.99,20.32,20.86,-0.54,-2.59,376472.53,776835.472,0.7955,0.913,0.93,17.992,19.1835,1.4668,6.8725,7.9148,2.5961,1.9471,871393.38,473269.035,412326.1993,17706713.4816,9616826.7912,,,1.056
601211,国泰君安,证券,上海,20150626,601211.SH,20171122,20.7,21.07,20.59,20.86,20.76,0.1,0.48,437709.56,913304.325,0.9249,1.0616,1.22,18.4702,19.6933,1.5058,7.0551,8.1251,2.5289,1.8967,871393.38,473269.035,412326.1993,18177265.9068,9872392.0701,,,1.056
601211,国泰君安,证券,上海,20150626,601211.SH,20171121,20.2,21.18,20.13,20.76,20.21,0.55,2.72,616128.71,1284744.273,1.3019,1.4943,2.3,18.3816,19.5989,1.4986,7.0213,8.0862,2.5411,1.9058,871393.38,473269.035,412326.1993,18090126.5688,9825065.1666,,,1.056
601211,国泰君安,证券,上海,20150626,601211.SH,20171120,20.15,20.32,19.9,20.21,20.32,-0.11,-0.54,287599.49,579161.724,0.6077,0.6975,1.14,17.8946,19.0796,1.4589,6.8353,7.8719,2.6103,1.9577,871393.38,473269.035,412326.1993,17610860.2098,9564767.1974,,,1.056
601211,国泰君安,证券,上海,20150626,601211.SH,20171117,19.69,20.35,19.58,20.32,19.7,0.62,3.15,513340.04,1026771.62,1.0847,1.245,2.76,17.992,19.1835,1.4668,6.8725,7.9148,2.5961,1.9471,871393.38,473269.035,412326.1993,17706713.4816,9616826.7912,,,1.056
601211,国泰君安,证券,上海,20150626,601211.SH,20171116,19.91,20.0,19.68,19.7,19.99,-0.29,-1.45,161414.39,320293.216,0.3411,0.3915,0.86,17.4431,18.5982,1.4221,6.6628,7.6733,2.6778,2.0084,871393.38,473269.035,412326.1993,17166449.586,9323399.9895,22.0,18.0,1.056
601211,国泰君安,证券,上海,20150626,601211.SH,20171115,20.01,20.15,19.85,19.99,20.04,-0.05,-0.25,222569.81,445426.281,0.4703,0.5398,1.0,17.6998,18.8719,1.443,6.7609,7.7862,2.639,1.9792,871393.38,473269.035,412326.1993,17419153.6662,9460648.0097,,,1.056
601211,国泰君安,证券,上海,20150626,601211.SH,20171114,20.28,20.38,19.98,20.04,20.21,-0.17,-0.84,154202.24,309956.411,0.3258,0.374,0.65,17.7441,18.9192,1.4466,6.7778,7.8057,2.6324,1.9743,871393.38,473269.035,412326.1993,17462723.3352,9484311.4614,,,1.056
601211,国泰君安,证券,上海,20150626,601211.SH,20171113,20.3,20.68,20.18,20.21,20.28,-0.07,-0.35,211617.04,431656.379,0.4471,0.5132,0.99,17.8946,19.0796,1.4589,6.8353,7.8719,2.6103,1.9577,871393.38,473269.035,412326.1993,17610860.2098,9564767.1974,,,1.056
601211,国泰君安,证券,上海,20150626,601211.SH,20171110,20.38,20.42,20.12,20.28,20.37,-0.09,-0.44,179569.17,364262.087,0.3794,0.4355,0.82,17.9566,19.1457,1.4639,6.859,7.8992,2.6013,1.9509,871393.38,473269.035,412326.1993,17671857.7464,9597896.0298,,,1.056
601211,国泰君安,证券,上海,20150626,601211.SH,20171109,20.35,20.5,20.23,20.37,20.43,-0.06,-0.29,169327.03,344648.465,0.3578,0.4107,0.76,18.0363,19.2307,1.4704,6.8894,7.9343,2.5898,1.9423,871393.38,473269.035,412326.1993,17750283.1506,9640490.243,,,1.056
601211,国泰君安,证券,上海,20150626,601211.SH,20171108,20.18,20.84,20.08,20.43,20.18,0.25,1.24,403602.55,826889.716,0.8528,0.9788,2.32,18.0894,19.2873,1.4748,6.9097,7.9576,2.5822,1.9366,871393.38,473269.035,412326.1993,17802566.7534,9668886.3851,22.24,18.2,1.056
601211,国泰君安,证券,上海,20150626,601211.SH,20171107,19.99,20.29,19.9,20.18,19.99,0.19,0.95,216024.02,434727.705,0.4565,0.5239,1.32,17.8681,19.0513,1.4567,6.8251,7.8602,2.6141,1.9606,871393.38,473269.035,412326.1993,17584718.4084,9550569.1263,,,1.056
601211,国泰君安,证券,上海,20150626,601211.SH,20171106,19.92,19.99,19.87,19.99,19.96,0.03,0.15,103172.33,205737.021,0.218,0.2502,0.46,17.6998,18.8719,1.443,6.7609,7.7862,2.639,1.9792,871393.38,473269.035,412326.1993,17419153.6662,9460648.0097,,,1.056
601211,国泰君安,证券,上海,20150626,601211.SH,20171103,19.88,20.0,19.64,19.96,19.88,0.08,0.4,197761.25,392088.675,0.4179,0.4796,0.88,17.6733,18.8436,1.4408,6.7507,7.7746,2.643,1.9822,871393.38,473269.035,412326.1993,17393011.8648,9446449.9386,,,1.056
601211,国泰君安,证券,上海,20150626,601211.SH,20171102,19.81,20.04,19.61,19.88,19.84,0.04,0.2,197677.47,391890.627,0.4177,0.4794,0.83,17.6024,18.7681,1.4351,6.7237,7.7434,2.6536,1.9902,871393.38,473269.035,412326.1993,17323300.3944,9408588.4158,,,1.056
601211,国泰君安,证券,上海,20150626,601211.SH,20171101,20.0,20.11,19.8,19.84,19.94,-0.1,-0.5,154354.93,308375.051,0.3261,0.3744,0.67,17.567,18.7303,1.4322,6.7101,7.7278,2.6589,1.9942,871393.38,473269.035,412326.1993,17288444.6592,9389657.6544,,,1.056
601211,国泰君安,证券,上海,20150626,601211.SH,20171031,20.02,20.06,19.85,19.94,20.17,-0.23,-1.14,166729.23,332547.604,0.3523,0.4044,0.69,17.6556,18.8247,1.4394,6.744,7.7668,2.6456,1.9842,871393.38,473269.035,412326.1993,17375583.9972,9436984.5579,,,1.056
601211,国泰君安,证券,上海,20150626,601211.SH,20171030,20.46,20.55,19.76,20.17,20.47,-0.3,-1.47,407580.19,816958.732,0.8612,0.9885,2.28,17.8592,18.3513,1.5032,6.8218,7.5885,2.6154,1.9616,871393.38,473269.035,412326.1993,17576004.4746,9545836.436,,,1.056
601211,国泰君安,证券,上海,20150626,601211.SH,20171027,20.82,20.87,20.45,20.47,20.79,-0.32,-1.54,200963.36,414521.04,0.4246,0.4874,1.22,18.1249,18.6243,1.5256,6.9232,7.7014,2.5771,1.9328,871393.38,473269.035,412326.1993,17837422.4886,9687817.1465,,,1.056
601211,国泰君安,证券,上海,20150626,601211.SH,20171026,20.91,21.09,20.75,20.79,20.9,-0.11,-0.53,259105.06,540277.042,0.5475,0.6284,1.43,18.4082,18.9154,1.5495,7.0314,7.8218,2.5374,1.9031,871393.38,473269.035,412326.1993,18116268.3702,9839263.2377,,,1.056
601211,国泰君安,证券,上海,20150626,601211.SH,20171025,20.92,20.97,20.72,20.9,20.91,-0.01,-0.05,123099.69,256959.291,0.2601,0.2985,0.61,18.5056,19.0155,1.5577,7.0686,7.8632,2.5241,1.8931,871393.38,473269.035,412326.1993,18212121.642,9891322.8315,,,1.056
601211,国泰君安,证券,上海,20150626,601211.SH,20171024,20.64,21.0,20.63,20.91,20.67,0.24,1.16,212518.24,444272.289,0.449,0.5154,1.13,18.5144,19.0246,1.5584,7.072,7.8669,2.5229,1.8922,871393.38,473269.035,412326.1993,18220835.5758,9896055.5219,,,1.056
601211,国泰君安,证券,上海,20150626,601211.SH,20171023,20.85,20.88,20.63,20.67,20.86,-0.19,-0.91,99927.67,206927.903,0.2111,0.2424,0.5,18.3019,18.8062,1.5405,6.9909,7.7766,2.5522,1.9141,871393.38,473269.035,412326.1993,18011701.1646,9782470.9535,,,1.056
601211,国泰君安,证券,上海,20150626,601211.SH,20171020,21.0,21.02,20.82,20.86,21.19,-0.33,-1.56,131695.95,275619.83,0.2783,0.3194,0.67,18.4702,18.9791,1.5547,7.0551,7.8481,2.5289,1.8967,871393.38,473269.035,412326.1993,18177265.9068,9872392.0701,22.23,18.19,1.056
601211,国泰君安,证券,上海,20150626,601211.SH,20171019,21.19,21.26,20.59,21.19,21.3,-0.11,-0.52,336018.59,705078.892,0.71,0.8149,2.01,18.7624,19.2793,1.5793,7.1667,7.9723,2.4895,1.8672,871393.38,473269.035,412326.1993,18464825.7222,10028570.8517,,,1.056
601211,国泰君安,证券,上海,20150626,601211.SH,20171018,21.0,21.33,20.98,21.3,21.01,0.29,1.38,233313.2,493697.634,0.493,0.5658,1.44,18.8598,19.3794,1.5875,7.2039,8.0137,2.4767,1.8575,871393.38,473269.035,412326.1993,18560678.994,10080630.4455,,,1.056
601211,国泰君安,证券,上海,20150626,601211.SH,20171017,21.17,21.27,20.99,21.01,21.21,-0.2,-0.94,140937.0,297297.646,0.2978,0.3418,0.72,18.603,19.1156,1.5659,7.1058,7.9045,2.5109,1.8832,871393.38,473269.035,412326.1993,18307974.9138,9943382.4254,,,1.056
601211,国泰君安,证券,上海,20150626,601211.SH,20171016,21.21,21.47,21.15,21.21,21.23,-0.02,-0.09,161783.39,344440.58,0.3418,0.3924,0.71,18.7801,19.2975,1.5808,7.1735,7.9798,2.4872,1.8654,871393.38,473269.035,412326.1993,18482253.5898,10038036.2324,,,1.056
601211,国泰君安,证券,上海,20150626,601211.SH,20171013,21.24,21.34,21.19,21.23,21.24,-0.01,-0.05,113618.75,241502.313,0.2401,0.2756,0.43,18.7978,19.3157,1.5822,7.1803,7.9873,2.4849,1.8636,871393.38,473269.035,412326.1993,18499681.4574,10047501.6131,,,1.056
601211,国泰君安,证券,上海,20150626,601211.SH,20171012,21.37,21.53,21.16,21.24,21.37,-0.13,-0.61,185245.93,394752.993,0.3914,0.4493,0.69,18.8066,19.3248,1.583,7.1836,7.9911,2.4837,1.8628,871393.38,473269.035,412326.1993,18508395.3912,10052234.3034,,,1.056
601211,国泰君安,证券,上海,20150626,601211.SH,20171011,21.37,21.54,21.21,21.37,21.34,0.03,0.14,207954.78,444519.74,0.4394,0.5043,0.79,18.9217,19.4431,1.5927,7.2276,8.04,2.4686,1.8514,871393.38,473269.035,412326.1993,18621676.5306,10113759.278,,,1.056
601211,国泰君安,证券,上海,20150626,601211.SH,20171010,21.57,21.67,21.14,21.34,21.56,-0.22,-1.02,313129.58,669034.02,0.6616,0.7594,1.24,18.8952,19.4158,1.5904,7.2175,8.0287,2.472,1.854,871393.38,473269.035,412326.1993,18595534.7292,10099561.2069,,,1.056
601211,国泰君安,证券,上海,20150626,601211.SH,20171009,22.1,22.23,21.5,21.56,21.63,-0.07,-0.32,321429.48,701387.306,0.6792,0.7796,1.13,19.09,19.616,1.6068,7.2919,8.1115,2.4468,1.8351,871393.38,473269.035,412326.1993,18787241.2728,10203680.3946,,,1.056
601211,国泰君安,证券,上海,20150626,601211.SH,20170929,21.4,21.8,21.35,21.63,21.43,0.2,0.93,281855.74,609951.649,0.5956,0.6836,0.95,19.152,19.6797,1.6121,7.3155,8.1378,2.4389,1.8292,871393.38,473269.035,412326.1993,18848238.8094,10236809.2271,,,1.056
601211,国泰君安,证券,上海,20150626,601211.SH,20170928,21.41,21.47,21.21,21.43,21.41,0.02,0.09,210564.77,448645.326,0.4449,0.5107,0.6,18.9749,19.4977,1.5972,7.2479,8.0626,2.4617,1.8462,871393.38,473269.035,412326.1993,18673960.1334,10142155.4201,22.52,18.42,1.056
601211,国泰君安,证券,上海,20150626,601211.SH,20170927,21.62,21.77,21.4,21.41,21.71,-0.3,-1.38,193440.72,417464.666,0.4087,0.4691,0.55,18.9572,19.4795,1.5957,7.2411,8.055,2.464,1.848,871393.38,473269.035,412326.1993,18656532.2658,10132690.0394,,,1.056
601211,国泰君安,证券,上海,20150626,601211.SH,20170926,21.67,21.8,21.58,21.71,21.81,-0.1,-0.46,253366.27,550308.532,0.5354,0.6145,0.71,19.2228,19.7525,1.618,7.3426,8.1679,2.4299,1.8224,871393.38,473269.035,412326.1993,18917950.2798,10274670.7499,,,1.056
601211,国泰君安,证券,上海,20150626,601211.SH,20170925,21.67,21.85,21.3,21.81,21.81,0.0,0.0,488475.94,1056243.224,1.0321,1.1847,1.54,19.3113,19.8434,1.6255,7.3764,8.2055,2.4188,1.8141,871393.38,473269.035,412326.1993,19005089.6178,10321997.6534,,,1.056
601211,国泰君安,证券,上海,20150626,601211.SH,20170922,21.52,21.87,21.44,21.81,21.53,0.28,1.3,345216.79,747601.227,0.7294,0.8372,1.17,19.3113,19.8434,1.6255,7.3764,8.2055,2.4188,1.8141,871393.38,473269.035,412326.1993,19005089.6178,10321997.6534,,,1.056
601211,国泰君安,证券,上海,20150626,601211.SH,20170921,21.36,21.95,21.36,21.53,21.41,0.12,0.56,461910.93,1002827.427,0.976,1.1203,1.87,19.0634,19.5887,1.6046,7.2817,8.1002,2.4502,1.8377,871393.38,473269.035,412326.1993,18761099.4714,10189482.3236,,,1.056
601211,国泰君安,证券,上海,20150626,601211.SH,20170920,21.11,21.46,21.09,21.41,21.15,0.26,1.23,214872.21,458065.126,0.454,0.5211,0.9,18.9572,19.4795,1.5957,7.2411,8.055,2.464,1.848,871393.38,473269.035,412326.1993,18656532.2658,10132690.0394,23.31,19.07,1.056
601211,国泰君安,证券,上海,20150626,601211.SH,20170919,21.52,21.56,20.99,21.15,21.49,-0.34,-1.58,265247.5,565677.764,0.5605,0.6433,0.97,18.7269,19.2429,1.5763,7.1532,7.9572,2.4942,1.8707,871393.38,473269.035,412326.1993,18429969.987,10009640.0903,,,1.056
601211,国泰君安,证券,上海,20150626,601211.SH,20170918,21.29,21.59,21.27,21.49,21.21,0.28,1.32,299626.85,643409.497,0.6331,0.7267,1.18,19.028,19.5523,1.6016,7.2682,8.0851,2.4548,1.8411,871393.38,473269.035,412326.1993,18726243.7362,10170551.5622,,,1.056
601211,国泰君安,证券,上海,20150626,601211.SH,20170915,21.15,21.37,21.04,21.21,21.16,0.05,0.24,229391.56,486481.235,0.4847,0.5563,0.85,18.7801,19.2975,1.5808,7.1735,7.9798,2.4872,1.8654,871393.38,473269.035,412326.1993,18482253.5898,10038036.2324,23.33,19.09,1.056
601211,国泰君安,证券,上海,20150626,601211.SH,20170914,21.12,21.5,21.1,21.16,21.17,-0.01,-0.05,226799.63,482910.853,0.4792,0.55,0.79,18.7358,19.252,1.577,7.1566,7.961,2.4931,1.8698,871393.38,473269.035,412326.1993,18438683.9208,10014372.7806,,,1.056
601211,国泰君安,证券,上海,20150626,601211.SH,20170913,21.18,21.35,21.13,21.17,21.21,-0.04,-0.19,172184.78,365555.807,0.3638,0.4176,0.58,18.7447,19.2611,1.5778,7.16,7.9647,2.4919,1.8689,871393.38,473269.035,412326.1993,18447397.8546,10019105.471,23.36,19.12,1.056
601211,国泰君安,证券,上海,20150626,601211.SH,20170912,21.06,21.58,21.03,21.21,21.02,0.19,0.9,442889.56,943515.561,0.9358,1.0741,1.73,18.7801,19.2975,1.5808,7.1735,7.9798,2.4872,1.8654,871393.38,473269.035,412326.1993,18482253.5898,10038036.2324,,,1.056
601211,国泰君安,证券,上海,20150626,601211.SH,20170911,20.97,21.13,20.84,21.02,20.95,0.07,0.33,201503.86,423460.135,0.4258,0.4887,0.74,18.6118,19.1247,1.5666,7.1092,7.9083,2.5097,1.8823,871393.38,473269.035,412326.1993,18316688.8476,9948115.1157,,,1.056
601211,国泰君安,证券,上海,20150626,601211.SH,20170908,21.12,21.18,20.84,20.95,21.09,-0.14,-0.66,306088.81,641510.859,0.6468,0.7423,0.97,18.5499,19.061,1.5614,7.0856,7.882,2.5181,1.8885,871393.38,473269.035,412326.1993,18255691.311,9914986.2833,,,1.056
601211,国泰君安,证券,上海,20150626,601211.SH,20170907,21.52,21.68,21.08,21.09,21.53,-0.44,-2.04,316869.62,676909.205,0.6695,0.7685,0.98,18.6738,19.1884,1.5718,7.1329,7.9346,2.5013,1.876,871393.38,473269.035,412326.1993,18377686.3842,9981243.9482,,,1.056
601211,国泰君安,证券,上海,20150626,601211.SH,20170906,21.45,21.64,21.37,21.53,21.5,0.03,0.14,207830.99,446672.495,0.4391,0.504,0.54,19.0634,19.5887,1.6046,7.2817,8.1002,2.4502,1.8377,871393.38,473269.035,412326.1993,18761099.4714,10189482.3236,,,1.056
601211,国泰君安,证券,上海,20150626,601211.SH,20170905,21.5,21.65,21.45,21.5,21.53,-0.03,-0.14,247607.59,533512.122,0.5232,0.6005,0.56,19.0369,19.5614,1.6024,7.2716,8.0889,2.4536,1.8402,871393.38,473269.035,412326.1993,18734957.67,10175284.2525,,,1.056
601211,国泰君安,证券,上海,20150626,601211.SH,20170904,21.73,21.75,21.45,21.53,21.71,-0.18,-0.83,280209.96,604198.996,0.5921,0.6796,0.47,19.0634,19.5887,1.6046,7.2817,8.1002,2.4502,1.8377,871393.38,473269.035,412326.1993,18761099.4714,10189482.3236,23.88,19.54,1.056
601211,国泰君安,证券,上海,20150626,601211.SH,20170901,21.6,21.85,21.46,21.71,21.58,0.13,0.6,530466.72,1150579.108,1.1209,1.2865,0.91,19.2228,19.7525,1.618,7.3426,8.1679,2.4299,1.8224,871393.38,473269.035,412326.1993,18917950.2798,10274670.7499,,,1.056
601211,国泰君安,证券,上海,20150626,601211.SH,20170831,21.41,21.62,21.3,21.58,21.35,0.23,1.08,352601.17,757137.916,0.745,0.8552,0.65,19.1077,19.6342,1.6083,7.2986,8.119,2.4445,1.8334,871393.38,473269.035,412326.1993,18804669.1404,10213145.7753,,,1.056
601211,国泰君安,证券,上海,20150626,601211.SH,20170830,21.51,21.91,21.25,21.35,21.47,-0.12,-0.56,514088.49,1110285.805,1.0863,1.2468,1.01,18.904,19.4249,1.5912,7.2208,8.0325,2.4709,1.8532,871393.38,473269.035,412326.1993,18604248.663,10104293.8973,,,1.056
601211,国泰君安,证券,上海,20150626,601211.SH,20170829,21.61,21.8,21.36,21.47,21.73,-0.26,-1.2,542165.01,1168364.669,1.1456,1.3149,1.25,19.0103,19.5341,1.6001,7.2614,8.0776,2.4571,1.8428,871393.38,473269.035,412326.1993,18708815.8686,10161086.1815,,,1.056
601211,国泰君安,证券,上海,20150626,601211.SH,20170828,20.8,21.95,20.78,21.73,20.46,1.27,6.21,1036684.59,2238201.423,2.1905,2.5142,3.88,19.2405,19.7707,1.6195,7.3494,8.1754,2.4277,1.8208,871393.38,473269.035,412326.1993,18935378.1474,10284136.1306,,,1.056
601211,国泰君安,证券,上海,20150626,601211.SH,20170825,19.81,20.54,19.8,20.46,19.89,0.57,2.87,482567.02,980694.184,1.0196,1.1705,2.08,18.116,18.6201,1.5249,6.9198,7.6912,2.5784,1.9338,871393.38,473269.035,412260.3949,17828708.5548,9683084.4561,,,1.056
601211,国泰君安,证券,上海,20150626,601211.SH,20170824,20.05,20.22,19.85,19.89,20.07,-0.18,-0.9,144389.37,289035.213,0.3051,0.3502,0.58,17.6113,18.1013,1.4824,6.7271,7.4769,2.6523,1.9892,871393.38,473269.035,412260.3949,17332014.3282,9413321.1062,,,1.056
601211,国泰君安,证券,上海,20150626,601211.SH,20170823,19.85,20.3,19.82,20.07,19.83,0.24,1.21,329395.93,660557.589,0.696,0.799,1.59,17.7707,18.2651,1.4958,6.7879,7.5446,2.6285,1.9714,871393.38,473269.035,412260.3949,17488865.1366,9498509.5325,,,1.056
601211,国泰君安,证券,上海,20150626,601211.SH,20170822,19.88,20.02,19.75,19.83,19.88,-0.05,-0.25,182647.79,362769.227,0.3859,0.443,0.88,17.5582,18.0467,1.4779,6.7068,7.4544,2.6603,1.9952,871393.38,473269.035,412260.3949,17279730.7254,9384924.9641,,,1.056
601211,国泰君安,证券,上海,20150626,601211.SH,20170821,19.75,19.92,19.75,19.88,19.75,0.13,0.66,197571.96,392343.041,0.4175,0.4792,0.9,17.6024,18.0922,1.4817,6.7237,7.4732,2.6536,1.9902,871393.38,473269.035,412260.3949,17323300.3944,9408588.4158,,,1.056
601211,国泰君安,证券,上海,20150626,601211.SH,20170818,20.03,20.17,19.7,19.75,20.15,-0.4,-1.99,308367.1,611731.299,0.6516,0.748,1.34,17.4873,17.9739,1.472,6.6797,7.4243,2.6711,2.0033,871393.38,473269.035,412260.3949,17210019.255,9347063.4413,,,1.056
601211,国泰君安,证券,上海,20150626,601211.SH,20170817,19.84,20.23,19.83,20.15,19.87,0.28,1.41,226455.78,453680.308,0.4785,0.5493,0.94,17.8415,18.3379,1.5018,6.815,7.5747,2.618,1.9635,871393.38,473269.035,412260.3949,17558576.607,9536371.0553,,,1.056
601211,国泰君安,证券,上海,20150626,601211.SH,20170816,19.96,20.06,19.82,19.87,19.95,-0.08,-0.4,118668.21,236690.675,0.2507,0.2878,0.41,17.5936,18.0831,1.4809,6.7203,7.4694,2.6549,1.9912,871393.38,473269.035,412260.3949,17314586.4606,9403855.7255,,,1.056
601211,国泰君安,证券,上海,20150626,601211.SH,20170815,20.1,20.21,19.9,19.95,20.1,-0.15,-0.75,183527.67,367744.973,0.3878,0.4452,0.6,17.6644,18.1559,1.4869,6.7473,7.4995,2.6443,1.9832,871393.38,473269.035,412260.3949,17384297.931,9441717.2483,,,1.056
601211,国泰君安,证券,上海,20150626,601211.SH,20170814,19.88,20.17,19.74,20.1,19.94,0.16,0.8,261557.55,521825.514,0.5527,0.6344,0.74,17.7972,18.2924,1.4981,6.7981,7.5559,2.6245,1.9684,871393.38,473269.035,412260.3949,17515006.938,9512707.6035,,,1.056
601211,国泰君安,证券,上海,20150626,601211.SH,20170811,19.8,20.04,19.56,19.94,19.93,0.01,0.05,358434.4,711478.117,0.7574,0.8694,1.01,17.6556,18.1468,1.4861,6.744,7.4957,2.6456,1.9842,871393.38,473269.035,412260.3949,17375583.9972,9436984.5579,,,1.056
601211,国泰君安,证券,上海,20150626,601211.SH,20170810,19.75,20.0,19.6,19.93,19.8,0.13,0.66,279835.63,555888.164,0.5913,0.6788,0.76,17.6467,18.1377,1.4854,6.7406,7.492,2.6469,1.9852,871393.38,473269.035,412260.3949,17366870.0634,9432251.8676,,,1.056
601211,国泰君安,证券,上海,20150626,601211.SH,20170809,20.17,20.17,19.73,19.8,20.21,-0.41,-2.03,354067.64,703276.041,0.7481,0.8588,0.89,17.5316,18.0194,1.4757,6.6966,7.4431,2.6643,1.9982,871393.38,473269.035,412260.3949,17253588.924,9370726.893,,,1.056
601211,国泰君安,证券,上海,20150626,601211.SH,20170808,20.1,20.33,19.95,20.21,20.14,0.07,0.35,282494.4,568932.492,0.5969,0.6852,0.67,17.8946,18.3925,1.5063,6.8353,7.5972,2.6103,1.9577,871393.38,473269.035,412260.3949,17610860.2098,9564767.1974,,,1.056
601211,国泰君安,证券,上海,20150626,601211.SH,20170807,20.8,20.81,20.1,20.14,20.9,-0.76,-3.64,485824.85,988871.998,1.0265,1.1784,1.26,17.8327,18.3288,1.501,6.8116,7.5709,2.6193,1.9645,871393.38,473269.035,412260.3949,17549862.6732,9531638.3649,,,1.056
601211,国泰君安,证券,上海,20150626,601211.SH,20170804,20.84,21.35,20.7,20.9,20.9,0.0,0.0,369325.33,777494.092,0.7804,0.8959,1.05,18.5056,19.0205,1.5577,7.0686,7.8566,2.5241,1.8931,871393.38,473269.035,412260.3949,18212121.642,9891322.8315,,,1.056
601211,国泰君安,证券,上海,20150626,601211.SH,20170803,21.22,21.44,20.89,20.9,21.22,-0.32,-1.51,355142.26,752746.011,0.7504,0.8615,0.95,18.5056,19.0205,1.5577,7.0686,7.8566,2.5241,1.8931,871393.38,473269.035,412260.3949,18212121.642,9891322.8315,,,1.056
601211,国泰君安,证券,上海,20150626,601211.SH,20170802,21.12,21.49,21.03,21.22,21.04,0.18,0.86,506053.98,1074914.459,1.0693,1.2275,1.52,18.7889,19.3117,1.5815,7.1769,7.9769,2.486,1.8645,871393.38,473269.035,412260.3949,18490967.5236,10042768.9227,,,1.056
601211,国泰君安,证券,上海,20150626,601211.SH,20170801,20.87,21.27,20.87,21.04,20.89,0.15,0.72,383193.61,807381.578,0.8097,0.9295,1.21,18.6296,19.1479,1.5681,7.116,7.9092,2.5073,1.8805,871393.38,473269.035,412260.3949,18334116.7152,9957580.4964,,,1.056
601211,国泰君安,证券,上海,20150626,601211.SH,20170731,20.73,21.0,20.55,20.89,20.8,0.09,0.43,321148.54,667581.103,0.6786,0.779,0.98,18.4967,19.0114,1.5569,7.0653,7.8529,2.5253,1.894,871393.38,473269.035,412260.3949,18203407.7082,9886590.1412,21.81,17.85,1.056
601211,国泰君安,证券,上海,20150626,601211.SH,20170728,20.94,21.01,20.78,20.8,21.01,-0.21,-1.0,188215.54,393073.343,0.3977,0.4565,0.53,18.417,18.9295,1.5502,7.0348,7.819,2.5362,1.9022,871393.38,473269.035,412260.3949,18124982.304,9843995.928,,,1.056
601211,国泰君安,证券,上海,20150626,601211.SH,20170727,20.93,21.07,20.51,21.01,20.94,0.07,0.33,474327.56,987006.537,1.0022,1.1506,1.24,18.603,19.1206,1.5659,7.1058,7.898,2.5109,1.8832,871393.38,473269.035,412260.3949,18307974.9138,9943382.4254,,,1.056
601211,国泰君安,证券,上海,20150626,601211.SH,20170726,20.8,20.97,20.7,20.94,20.79,0.15,0.72,298540.08,622446.1,0.6308,0.7242,0.62,18.541,19.0569,1.5607,7.0822,7.8716,2.5193,1.8894,871393.38,473269.035,412260.3949,18246977.3772,9910253.5929,,,1.056
601211,国泰君安,证券,上海,20150626,601211.SH,20170725,20.87,21.03,20.73,20.79,20.91,-0.12,-0.57,299092.02,624442.79,0.632,0.7255,0.57,18.4082,18.9204,1.5495,7.0314,7.8153,2.5374,1.9031,871393.38,473269.035,412260.3949,18116268.3702,9839263.2377,,,1.056
601211,国泰君安,证券,上海,20150626,601211.SH,20170724,21.05,21.29,20.9,20.91,21.21,-0.3,-1.41,383697.82,809306.355,0.8107,0.9307,0.65,18.5144,19.0296,1.5584,7.072,7.8604,2.5229,1.8922,871393.38,473269.035,412260.3949,18220835.5758,9896055.5219,,,1.056
601211,国泰君安,证券,上海,20150626,601211.SH,20170721,21.25,21.43,21.09,21.21,21.34,-0.13,-0.61,315630.18,670860.335,0.6669,0.7656,0.51,18.7801,18.4272,1.604,7.1735,7.9362,2.4872,1.8654,871393.38,473269.035,412260.3949,18482253.5898,10038036.2324,,,1.056
601211,国泰君安,证券,上海,20150626,601211.SH,20170720,21.44,21.59,21.12,21.34,21.44,-0.1,-0.47,612304.24,1307461.563,1.2938,1.4852,1.05,18.8952,18.5401,1.6138,7.2175,7.9849,2.472,1.854,871393.38,473269.035,412260.3949,18595534.7292,10099561.2069,,,1.056
601211,国泰君安,证券,上海,20150626,601211.SH,20170719,20.25,21.48,20.19,21.44,20.35,1.09,5.36,797330.74,1667036.223,1.6847,1.934,1.56,18.9837,18.627,1.6214,7.2513,8.0223,2.4605,1.8454,871393.38,473269.035,412260.3949,18682674.0672,10146888.1104,,,1.056
601211,国泰君安,证券,上海,20150626,601211.SH,20170718,20.57,20.67,20.09,20.35,20.75,-0.4,-1.93,519205.84,1055249.469,1.0971,1.2594,0.98,18.0186,17.68,1.539,6.8826,7.6144,2.5923,1.9442,871393.38,473269.035,412260.3949,17732855.283,9631024.8623,21.78,17.82,1.056
601211,国泰君安,证券,上海,20150626,601211.SH,20170717,21.2,21.59,20.41,20.75,21.19,-0.44,-2.08,702445.89,1470709.846,1.4842,1.7039,1.52,18.3728,18.0275,1.5692,7.0179,7.7641,2.5423,1.9067,871393.38,473269.035,412260.3949,18081412.635,9820332.4763,22.23,18.19,1.056
601211,国泰君安,证券,上海,20150626,601211.SH,20170714,20.91,21.22,20.9,21.19,20.98,0.21,1.0,433390.3,913867.561,0.9157,1.0513,0.95,18.7624,18.4098,1.6025,7.1667,7.9287,2.4895,1.8672,871393.38,473269.035,412260.3949,18464825.7222,10028570.8517,,,1.056
601211,国泰君安,证券,上海,20150626,601211.SH,20170713,20.68,21.05,20.57,20.98,20.72,0.26,1.25,450761.04,939552.541,0.9524,1.0934,0.99,18.5764,18.2273,1.5866,7.0957,7.8502,2.5145,1.8858,871393.38,473269.035,412260.3949,18281833.1124,9929184.3543,,,1.056
601211,国泰君安,证券,上海,20150626,601211.SH,20170712,20.72,20.96,20.51,20.72,20.72,0.0,0.0,446340.9,924257.775,0.9431,1.0827,1.0,18.3462,18.0015,1.567,7.0078,7.7529,2.546,1.9095,871393.38,473269.035,412260.3949,18055270.8336,9806134.4052,,,1.056
601211,国泰君安,证券,上海,20150626,601211.SH,20170711,20.3,21.08,20.3,20.72,20.31,0.41,2.02,628242.89,1305701.065,1.3275,1.5239,1.65,18.3462,18.0015,1.567,7.0078,7.7529,2.546,1.9095,871393.38,473269.035,412260.3949,18055270.8336,9806134.4052,,,1.056
601211,国泰君安,证券,上海,20150626,601211.SH,20170710,20.25,20.68,20.16,20.31,20.31,0.0,0.0,354258.4,723899.349,0.7485,0.8593,0.89,17.9832,17.6453,1.536,6.8691,7.5995,2.5974,1.9481,871393.38,473269.035,412260.3949,17697999.5478,9612094.1009,,,1.056
601211,国泰君安,证券,上海,20150626,601211.SH,20170707,20.01,20.48,19.86,20.31,20.11,0.2,0.99,404738.74,815640.384,0.8552,0.9818,1.1,17.9832,17.6453,1.536,6.8691,7.5995,2.5974,1.9481,871393.38,473269.035,412260.3949,17697999.5478,9612094.1009,,,1.056
601211,国泰君安,证券,上海,20150626,601211.SH,20170706,20.1,20.2,19.84,20.11,20.15,-0.04,-0.2,434540.54,869297.37,0.9182,1.054,1.31,17.8061,17.4715,1.5208,6.8015,7.5246,2.6232,1.9674,871393.38,473269.035,412260.3949,17523720.8718,9517440.2939,,,1.056
601211,国泰君安,证券,上海,20150626,601211.SH,20170705,20.2,20.25,19.96,20.15,20.27,-0.12,-0.59,402489.81,808372.667,0.8504,0.9763,1.19,17.8415,17.5062,1.5239,6.815,7.5396,2.618,1.9635,871393.38,473269.035,412260.3949,17558576.607,9536371.0553,,,1.056
601211,国泰君安,证券,上海,20150626,601211.SH,20170704,20.2,20.39,19.99,20.27,20.28,-0.01,-0.05,313461.07,632919.221,0.6623,0.7603,0.89,17.9478,17.6105,1.5329,6.8556,7.5845,2.6025,1.9519,871393.38,473269.035,412260.3949,17663143.8126,9593163.3395,,,1.056
601211,国泰君安,证券,上海,20150626,601211.SH,20170703,20.44,20.49,20.0,20.28,20.51,-0.23,-1.12,424633.76,859700.993,0.8972,1.03,1.06,17.9566,17.6192,1.5337,6.859,7.5882,2.6013,1.9509,871393.38,473269.035,412260.3949,17671857.7464,9597896.0298,,,1.056
601211,国泰君安,证券,上海,20150626,601211.SH,20170630,20.26,20.59,20.18,20.51,20.39,0.12,0.59,267169.61,544404.082,0.5645,0.6481,0.62,18.1603,17.819,1.5511,6.9367,7.6743,2.5721,1.9291,871393.38,473269.035,412260.3949,17872278.2238,9706747.9079,,,1.056
601211,国泰君安,证券,上海,20150626,601211.SH,20170629,20.42,20.5,20.15,20.39,20.47,-0.08,-0.39,250904.2,509765.072,0.5302,0.6086,0.51,18.054,17.7148,1.542,6.8962,7.6294,2.5872,1.9404,871393.38,473269.035,412260.3949,17767711.0182,9649955.6237,,,1.056
601211,国泰君安,证券,上海,20150626,601211.SH,20170628,20.4,20.75,20.35,20.47,20.46,0.01,0.05,428125.82,880041.276,0.9046,1.0385,0.87,18.1249,17.7843,1.5481,6.9232,7.6593,2.5771,1.9328,871393.38,473269.035,412260.3949,17837422.4886,9687817.1465,,,1.056
601211,国泰君安,证券,上海,20150626,601211.SH,20170627,20.48,20.65,20.33,20.46,20.5,-0.04,-0.2,382572.77,782964.783,0.8084,0.928,0.76,18.116,17.7756,1.5473,6.9198,7.6556,2.5784,1.9338,871393.38,473269.035,412260.3949,17828708.5548,9683084.4561,,,1.056
601211,国泰君安,证券,上海,20150626,601211.SH,20170626,19.92,20.55,19.88,20.5,19.89,0.61,3.07,671183.39,1361317.281,1.4182,1.6281,1.45,18.1514,17.8103,1.5503,6.9334,7.6705,2.5733,1.93,871393.38,473269.035,412260.3949,17863564.29,9702015.2175,,,1.056
601211,国泰君安,证券,上海,20150626,601211.SH,20170623,19.8,20.06,19.61,19.89,19.9,-0.01,-0.05,421010.43,834822.536,0.8896,1.0212,1.0,17.6113,17.2804,1.5042,6.7271,7.4423,2.6523,1.9892,871393.38,473269.035,412260.3949,17332014.3282,9413321.1062,,,1.056
601211,国泰君安,证券,上海,20150626,601211.SH,20170622,19.75,20.24,19.72,19.9,19.85,0.05,0.25,546319.3,1094813.38,1.1544,1.3252,1.55,17.6202,17.289,1.5049,6.7304,7.446,2.6509,1.9882,871393.38,473269.035,412260.3949,17340728.262,9418053.7965,,,1.056
601211,国泰君安,证券,上海,20150626,601211.SH,20170621,20.15,20.29,19.65,19.85,19.86,-0.01,-0.05,432775.11,860641.692,0.9144,1.0498,1.44,17.5759,17.2456,1.5012,6.7135,7.4273,2.6576,1.9932,871393.38,473269.035,412260.3949,17297158.593,9394390.3448,,,1.056
601211,国泰君安,证券,上海,20150626,601211.SH,20170620,19.96,20.16,19.72,19.86,19.85,0.01,0.05,446275.07,889339.886,0.943,1.0825,1.74,17.5847,17.2543,1.5019,6.7169,7.4311,2.6563,1.9922,871393.38,473269.035,412260.3949,17305872.5268,9399123.0351,,,1.056
601211,国泰君安,证券,上海,20150626,601211.SH,20170619,19.13,19.86,19.13,19.85,19.22,0.63,3.28,473637.52,932286.309,1.0008,1.1489,2.23,17.5759,17.2456,1.5012,6.7135,7.4273,2.6576,1.9932,871393.38,473269.035,412260.3949,17297158.593,9394390.3448,,,1.056
601211,国泰君安,证券,上海,20150626,601211.SH,20170616,19.37,19.51,19.15,19.22,19.34,-0.12,-0.62,198572.16,384226.698,0.4196,0.4817,0.82,17.0181,16.6983,1.4535,6.5004,7.1916,2.7447,2.0585,871393.38,473269.035,412260.3949,16748180.7636,9096230.8527,,,1.056
601211,国泰君安,证券,上海,20150626,601211.SH,20170615,19.25,19.48,19.2,19.34,19.25,0.09,0.47,210124.64,405961.064,0.444,0.5097,0.87,17.1243,16.8025,1.4626,6.541,7.2365,2.7277,2.0458,871393.38,473269.035,412260.3949,16852747.9692,9153023.1369,,,1.056
601211,国泰君安,证券,上海,20150626,601211.SH,20170614,19.25,19.33,19.1,19.25,19.25,0.0,0.0,170613.34,327850.706,0.3605,0.4138,0.66,17.0446,16.7243,1.4558,6.5106,7.2028,2.7404,2.0553,871393.38,473269.035,412260.3949,16774322.565,9110428.9238,,,1.056
601211,国泰君安,证券,上海,20150626,601211.SH,20170613,19.23,19.41,19.08,19.25,19.27,-0.02,-0.1,232093.15,446755.422,0.4904,0.563,0.94,17.0446,16.7243,1.4558,6.5106,7.2028,2.7404,2.0553,871393.38,473269.035,412260.3949,16774322.565,9110428.9238,,,1.056
601211,国泰君安,证券,上海,20150626,601211.SH,20170612,19.1,19.33,19.04,19.27,19.25,0.02,0.1,249806.5,480196.809,0.5278,0.6059,1.05,17.0623,16.7417,1.4573,6.5174,7.2103,2.7376,2.0532,871393.38,473269.035,412260.3949,16791750.4326,9119894.3045,,,1.056
601211,国泰君安,证券,上海,20150626,601211.SH,20170609,19.32,19.55,19.01,19.25,19.36,-0.11,-0.57,354228.6,682361.093,0.7485,0.8592,1.54,17.0446,16.7243,1.4558,6.5106,7.2028,2.7404,2.0553,871393.38,473269.035,412260.3949,16774322.565,9110428.9238,,,1.056
601211,国泰君安,证券,上海,20150626,601211.SH,20170608,19.36,19.46,19.24,19.36,19.36,0.0,0.0,194043.17,375447.125,0.41,0.4707,0.59,17.142,16.8199,1.4641,6.5478,7.244,2.7249,2.0436,871393.38,473269.035,412260.3949,16870175.8368,9162488.5176,,,1.056
601211,国泰君安,证券,上海,20150626,601211.SH,20170607,19.19,19.43,19.13,19.36,19.19,0.17,0.89,254271.26,491290.306,0.5373,0.6168,0.69,17.142,16.8199,1.4641,6.5478,7.244,2.7249,4.7685,871393.38,473269.035,412260.3949,16870175.8368,9162488.5176,,,1.056
601211,国泰君安,证券,上海,20150626,601211.SH,20170606,19.14,19.23,19.05,19.19,19.12,0.07,0.37,178634.02,341778.534,0.3774,0.4333,0.43,16.9915,16.6722,1.4513,6.4903,7.1804,2.749,4.8108,871393.38,473269.035,412260.3949,16722038.9622,9082032.7817,,,1.056
601211,国泰君安,证券,上海,20150626,601211.SH,20170605,19.15,19.23,18.98,19.12,19.14,-0.02,-0.1,203739.66,388866.133,0.4305,0.4942,0.41,16.9295,16.6114,1.446,6.4666,7.1542,2.7591,4.8284,871393.38,473269.035,412260.3949,16661041.4256,9048903.9492,,,1.056
601211,国泰君安,证券,上海,20150626,601211.SH,20170602,19.37,19.43,19.07,19.14,19.46,-0.32,-1.64,320356.11,617089.637,0.6769,0.7771,0.67,16.9472,16.6288,1.4475,6.4734,7.1617,2.7562,4.8233,871393.38,473269.035,412260.3949,16678469.2932,9058369.3299,,,1.056
601211,国泰君安,证券,上海,20150626,601211.SH,20170601,19.2,19.5,18.97,19.46,19.26,0.2,1.04,682446.93,1318938.874,1.442,1.6554,1.59,17.2306,16.9068,1.4717,6.5816,7.2814,2.7109,4.744,871393.38,473269.035,412260.3949,16957315.1748,9209815.4211,,,1.056
601211,国泰君安,证券,上海,20150626,601211.SH,20170531,19.12,19.3,18.98,19.26,19.01,0.25,1.32,466768.45,895300.215,0.9863,1.1322,1.21,17.0535,16.733,1.4565,6.514,7.2066,2.739,4.7933,871393.38,473269.035,412260.3949,16783036.4988,9115161.6141,,,1.056
601211,国泰君安,证券,上海,20150626,601211.SH,20170526,18.88,19.18,18.88,19.01,18.99,0.02,0.11,421364.82,802405.145,0.8903,1.0221,1.31,16.8321,16.5158,1.4376,6.4294,7.113,2.775,4.8563,871393.38,473269.035,412260.3949,16565188.1538,8996844.3554,,,1.056
601211,国泰君安,证券,上海,20150626,601211.SH,20170525,18.4,19.18,18.4,18.99,18.5,0.49,2.65,578583.34,1091023.959,1.2225,1.4034,2.48,16.8144,16.4984,1.4361,6.4227,7.1055,2.778,4.8614,871393.38,473269.035,412260.3949,16547760.2862,8987378.9747,,,1.056
601211,国泰君安,证券,上海,20150626,601211.SH,20170524,18.31,18.58,18.25,18.5,18.4,0.1,0.54,250001.82,460281.773,0.5282,0.6064,1.14,16.3805,16.0727,1.3991,6.2569,6.9222,2.8515,4.9902,871393.38,473269.035,412260.3949,16120777.53,8755477.1475,,,1.056
601211,国泰君安,证券,上海,20150626,601211.SH,20170523,18.05,18.41,18.02,18.4,18.13,0.27,1.49,429314.35,783033.656,0.9071,1.0414,2.55,16.292,15.9859,1.3915,6.2231,6.8848,2.867,5.0173,871393.38,473269.035,412260.3949,16033638.192,8708150.244,,,1.056
601211,国泰君安,证券,上海,20150626,601211.SH,20170522,17.99,18.15,17.72,18.13,18.06,0.07,0.39,243120.3,436649.353,0.5137,0.5897,1.45,16.0529,15.7513,1.3711,6.1318,6.7838,2.9097,5.092,871393.38,473269.035,412260.3949,15798361.9794,8580367.6046,,,1.056
601211,国泰君安,证券,上海,20150626,601211.SH,20170519,17.93,18.09,17.91,18.06,17.97,0.09,0.5,104897.14,188813.144,0.2216,0.2544,0.55,15.991,15.6905,1.3658,6.1081,6.7576,2.921,5.1118,871393.38,473269.035,412260.3949,15737364.4428,8547238.7721,,,1.056
601211,国泰君安,证券,上海,20150626,601211.SH,20170518,18.0,18.15,17.86,17.97,18.1,-0.13,-0.72,137141.78,246555.547,0.2898,0.3327,0.6,15.9113,15.6123,1.359,6.0777,6.7239,2.9356,5.1374,871393.38,473269.035,412260.3949,15658939.0386,8504644.559,,,1.056
601211,国泰君安,证券,上海,20150626,601211.SH,20170517,18.13,18.28,18.06,18.1,18.13,-0.03,-0.17,186272.75,338461.97,0.3936,0.4518,0.79,16.0264,15.7252,1.3688,6.1217,6.7725,2.9146,5.1005,871393.38,473269.035,412260.3949,15772220.178,8566169.5335,,,1.056
601211,国泰君安,证券,上海,20150626,601211.SH,20170516,18.01,18.14,17.95,18.13,18.1,0.03,0.17,170098.93,307065.995,0.3594,0.4126,0.74,16.0529,15.7513,1.3711,6.1318,6.7838,2.9097,5.092,871393.38,473269.035,412260.3949,15798361.9794,8580367.6046,,,1.056
601211,国泰君安,证券,上海,20150626,601211.SH,20170515,17.93,18.15,17.91,18.1,17.88,0.22,1.23,237956.48,430016.533,0.5028,0.5772,0.81,16.0264,15.7252,1.3688,6.1217,6.7725,2.9146,5.1005,871393.38,473269.035,412260.3949,15772220.178,8566169.5335,,,1.056
601211,国泰君安,证券,上海,20150626,601211.SH,20170512,17.85,18.1,17.82,17.88,17.85,0.03,0.17,218782.91,392823.395,0.4623,0.5307,0.62,15.8316,15.5341,1.3522,6.0472,6.6902,2.9504,5.1632,871393.38,473269.035,412260.3949,15580513.6344,8462050.3458,,,1.056
601211,国泰君安,证券,上海,20150626,601211.SH,20170511,17.65,17.92,17.55,17.85,17.74,0.11,0.62,332383.32,590351.25,0.7023,0.8062,1.05,15.805,15.508,1.3499,6.0371,6.679,2.9554,5.1719,871393.38,473269.035,412260.3949,15554371.833,8447852.2748,,,1.056
601211,国泰君安,证券,上海,20150626,601211.SH,20170510,17.82,17.85,17.61,17.74,17.81,-0.07,-0.39,213559.91,378755.985,0.4512,0.518,0.69,15.7076,15.4124,1.3416,5.9999,6.6378,2.9737,5.204,871393.38,473269.035,412260.3949,15458518.5612,8395792.6809,,,1.056
601211,国泰君安,证券,上海,20150626,601211.SH,20170509,17.82,17.89,17.73,17.81,17.95,-0.14,-0.78,151784.35,270129.966,0.3207,0.3682,0.49,15.7696,15.4733,1.3469,6.0236,6.664,2.962,5.1835,871393.38,473269.035,412260.3949,15519516.0978,8428921.5134,,,1.056
601211,国泰君安,证券,上海,20150626,601211.SH,20170508,17.7,17.97,17.46,17.95,17.86,0.09,0.5,555874.07,988757.937,1.1741,1.3477,2.41,15.8043,15.5073,1.3578,6.0368,6.6787,2.937,5.1397,866500.0,473454.711,412446.0709,15553675.0,8498512.0625,21.41,17.51,1.056
601211,国泰君安,证券,上海,20150626,601211.SH,20170505,17.83,17.91,17.45,17.86,17.9,-0.04,-0.22,499141.67,883831.328,1.0543,1.2102,3.09,15.7251,15.4296,1.351,6.0066,6.6452,2.9518,5.1656,866500.0,473454.711,412446.0709,15475690.0,8455901.1385,,,1.056
601211,国泰君安,证券,上海,20150626,601211.SH,20170504,17.88,17.93,17.76,17.9,17.9,0.0,0.0,165948.6,296313.735,0.3505,0.4024,1.04,15.7603,15.4641,1.354,6.02,6.6601,2.9452,5.1541,866500.0,473454.711,412446.0709,15510350.0,8474839.3269,,,1.056
601211,国泰君安,证券,上海,20150626,601211.SH,20170503,17.96,18.03,17.76,17.9,17.96,-0.06,-0.33,165152.57,295087.701,0.3488,0.4004,1.04,15.7603,15.4641,1.354,6.02,6.6601,2.9452,5.1541,866500.0,473454.711,412446.0709,15510350.0,8474839.3269,,,1.056
601211,国泰君安,证券,上海,20150626,601211.SH,20170502,18.2,18.2,17.93,17.96,18.2,-0.24,-1.32,174573.76,315110.357,0.3687,0.4233,0.92,15.8131,15.516,1.3585,6.0402,6.6824,2.9354,5.1369,866500.0,473454.711,412446.0709,15562340.0,8503246.6096,,,1.056
601211,国泰君安,证券,上海,20150626,601211.SH,20170428,18.2,18.28,18.07,18.2,18.2,0.0,0.0,150581.68,273454.252,0.318,0.3651,0.75,16.0244,16.0244,1.3767,6.1209,6.1209,2.8967,5.0691,866500.0,473454.711,412446.0709,15770300.0,8616875.7402,,,1.056
601211,国泰君安,证券,上海,20150626,601211.SH,20170427,18.18,18.24,18.07,18.2,18.22,-0.02,-0.11,150850.59,273850.597,0.3186,0.3657,0.73,16.0244,16.0244,1.3767,6.1209,6.1209,2.8967,5.0691,866500.0,473454.711,412446.0709,15770300.0,8616875.7402,,,1.056
601211,国泰君安,证券,上海,20150626,601211.SH,20170426,18.18,18.41,18.08,18.22,18.19,0.03,0.16,160489.03,293065.5,0.339,0.3891,0.72,16.042,16.042,1.3782,6.1276,6.1276,2.8935,5.0636,866500.0,473454.711,412446.0709,15787630.0,8626344.8344,,,1.056
601211,国泰君安,证券,上海,20150626,601211.SH,20170425,18.35,18.46,18.18,18.19,18.44,-0.25,-1.36,157823.18,288366.104,0.3333,0.3827,0.71,16.0156,16.0156,1.3759,6.1175,6.1175,2.8982,5.0719,866500.0,473454.711,412446.0709,15761635.0,8612141.1931,,,1.056
601211,国泰君安,证券,上海,20150626,601211.SH,20170424,18.25,18.45,18.03,18.44,18.33,0.11,0.6,333779.0,609649.996,0.705,0.8093,1.71,16.2357,16.2357,1.3949,6.2016,6.2016,2.859,5.0032,866500.0,473454.711,412446.0709,15978260.0,8730504.8708,,,1.056
601211,国泰君安,证券,上海,20150626,601211.SH,20170421,18.09,18.35,18.02,18.33,18.15,0.18,0.99,196088.46,356441.065,0.4142,0.4754,0.94,16.1389,16.1389,1.3865,6.1646,6.1646,2.8761,5.0332,866500.0,473454.711,412446.0709,15882945.0,8678424.8526,19.94,16.32,1.056
601211,国泰君安,证券,上海,20150626,601211.SH,20170420,18.02,18.18,17.87,18.15,18.09,0.06,0.33,181210.04,326608.59,0.3827,0.4394,0.89,15.9804,15.9804,1.3729,6.1041,6.1041,2.9046,5.0831,866500.0,473454.711,412446.0709,15726975.0,8593203.0047,19.91,16.29,1.056
601211,国泰君安,证券,上海,20150626,601211.SH,20170419,18.02,18.12,17.76,18.09,18.11,-0.02,-0.11,252475.54,452964.528,0.5333,0.6121,1.08,15.9276,15.9276,1.3684,6.0839,6.0839,2.9143,5.1,866500.0,473454.711,412446.0709,15674985.0,8564795.722,,,1.056
601211,国泰君安,证券,上海,20150626,601211.SH,20170418,18.23,18.28,18.1,18.11,18.3,-0.19,-1.04,146187.25,266011.169,0.3088,0.3544,0.58,15.9452,15.9452,1.3699,6.0906,6.0906,2.911,5.0943,866500.0,473454.711,412446.0709,15692315.0,8574264.8162,,,1.056
601211,国泰君安,证券,上海,20150626,601211.SH,20170417,18.23,18.36,18.11,18.3,18.36,-0.06,-0.33,198112.52,361019.43,0.4184,0.4803,0.78,16.1125,16.1125,1.3843,6.1545,6.1545,2.8808,5.0414,866500.0,473454.711,412446.0709,15856950.0,8664221.2113,,,1.056
601211,国泰君安,证券,上海,20150626,601211.SH,20170414,18.5,18.57,18.19,18.36,18.53,-0.17,-0.92,264765.86,484693.252,0.5592,0.6419,1.05,16.1653,16.1653,1.3888,6.1747,6.1747,2.8714,5.025,866500.0,473454.711,412446.0709,15908940.0,8692628.494,,,1.056
601211,国泰君安,证券,上海,20150626,601211.SH,20170413,18.55,18.65,18.46,18.53,18.6,-0.07,-0.38,151079.38,279927.563,0.3191,0.3663,0.55,16.315,16.315,1.4017,6.2319,6.2319,2.8451,4.9789,866500.0,473454.711,412446.0709,16056245.0,8773115.7948,,,1.056
601211,国泰君安,证券,上海,20150626,601211.SH,20170412,18.52,18.81,18.44,18.6,18.51,0.09,0.49,408446.86,761962.097,0.8627,0.9903,1.59,16.3766,16.3766,1.6617,6.2554,6.2554,2.8344,4.9601,866500.0,473454.711,412446.0709,16116900.0,8806257.6246,,,1.056
601211,国泰君安,证券,上海,20150626,601211.SH,20170411,18.48,18.55,18.2,18.51,18.48,0.03,0.16,242217.92,445362.227,0.5116,0.5873,1.0,16.2974,16.2974,1.6537,6.2252,6.2252,2.8481,4.9842,866500.0,473454.711,412446.0709,16038915.0,8763646.7006,,,1.056
601211,国泰君安,证券,上海,20150626,601211.SH,20170410,18.67,18.72,18.43,18.48,18.62,-0.14,-0.75,208478.3,386926.892,0.4367,0.5024,0.83,14.3181,14.3181,1.4528,5.4691,5.4691,2.8139,4.9242,762500.0,477400.9225,414993.7284,14091000.0,8822369.0478,,,1.056
601211,国泰君安,证券,上海,20150626,601211.SH,20170407,18.52,18.72,18.47,18.62,18.54,0.08,0.43,251888.78,468388.612,0.5276,0.607,1.02,14.4265,14.4265,1.4638,5.5106,5.5106,2.7927,4.8872,762500.0,477400.9225,414993.7284,14197750.0,8889205.177,,,1.056
601211,国泰君安,证券,上海,20150626,601211.SH,20170406,18.45,18.62,18.44,18.54,18.48,0.06,0.32,253343.27,470054.463,0.5307,0.6105,1.07,14.3645,14.3645,1.4575,5.4869,5.4869,2.8047,4.9083,762500.0,477400.9225,414993.7284,14136750.0,8851013.1032,,,1.056
601211,国泰君安,证券,上海,20150626,601211.SH,20170405,18.16,18.53,18.16,18.48,18.25,0.23,1.26,330814.26,608709.239,0.6929,0.7972,1.49,14.3181,14.3181,1.4528,5.4691,5.4691,2.8139,4.9242,762500.0,477400.9225,414993.7284,14091000.0,8822369.0478,,,1.056
601211,国泰君安,证券,上海,20150626,601211.SH,20170331,18.2,18.26,18.12,18.25,18.15,0.1,0.55,172028.48,312698.686,0.3603,0.4145,0.71,14.1399,14.1399,1.4347,5.4011,5.4011,2.8493,4.9863,762500.0,477400.9225,414993.7284,13915625.0,8712566.8356,,,1.056
601211,国泰君安,证券,上海,20150626,601211.SH,20170330,18.19,18.31,18.07,18.15,18.14,0.01,0.06,252024.57,458576.978,0.5279,0.6073,1.07,14.0624,14.0624,1.4269,5.3715,5.3715,2.865,5.0138,762500.0,477400.9225,414993.7284,13839375.0,8664826.7434,,,1.056
601211,国泰君安,证券,上海,20150626,601211.SH,20170329,18.35,18.4,18.11,18.14,18.35,-0.21,-1.14,230956.92,422155.608,0.4838,0.5565,0.91,14.0546,14.0546,1.4261,5.3685,5.3685,2.8666,5.0165,762500.0,477400.9225,414993.7284,13831750.0,8660052.7342,,,1.056
601211,国泰君安,证券,上海,20150626,601211.SH,20170328,18.8,18.86,18.69,18.74,18.88,-0.14,-0.74,194743.05,365182.95,0.4079,0.4693,0.76,14.5195,14.5195,1.4294,5.5461,5.5461,2.7748,2.7748,762500.0,477400.9225,414993.7284,14289250.0,8946493.2877,,,1.056
601211,国泰君安,证券,上海,20150626,601211.SH,20170327,18.8,18.97,18.77,18.88,18.79,0.09,0.48,259923.55,490151.362,0.5445,0.6263,0.98,14.628,14.628,1.4401,5.5875,5.5875,2.7542,2.7542,762500.0,477400.9225,414993.7284,14396000.0,9013329.4168,,,1.056
601211,国泰君安,证券,上海,20150626,601211.SH,20170324,18.52,18.86,18.52,18.79,18.56,0.23,1.24,268820.9,502267.676,0.5631,0.6478,0.93,14.5582,14.5582,1.4332,5.5609,5.5609,2.7674,2.7674,762500.0,477400.9225,414993.7284,14327375.0,8970363.3338,,,1.056
601211,国泰君安,证券,上海,20150626,601211.SH,20170323,18.48,18.68,18.39,18.56,18.47,0.09,0.49,219616.0,407880.036,0.46,0.5292,0.62,14.38,14.38,1.4157,5.4928,5.4928,2.8017,2.8017,762500.0,477400.9225,414993.7284,14152000.0,8860561.1216,,,1.056
601211,国泰君安,证券,上海,20150626,601211.SH,20170322,18.68,18.69,18.41,18.47,18.74,-0.27,-1.44,324833.88,601827.764,0.6804,0.7827,1.01,14.3103,14.3103,1.4088,5.4662,5.4662,2.8154,2.8154,762500.0,477400.9225,414993.7284,14083375.0,8817595.0386,,,1.056
601211,国泰君安,证券,上海,20150626,601211.SH,20170321,18.73,18.79,18.65,18.74,18.73,0.01,0.05,206198.7,385886.094,0.4319,0.4969,0.66,14.5195,14.5195,1.4294,5.5461,5.5461,2.7748,2.7748,762500.0,477400.9225,414993.7284,14289250.0,8946493.2877,,,1.056
601211,国泰君安,证券,上海,20150626,601211.SH,20170320,18.79,18.84,18.62,18.73,18.79,-0.06,-0.32,302909.22,567048.254,0.6345,0.7299,1.04,14.5118,14.5118,1.4287,5.5431,5.5431,2.7763,2.7763,762500.0,477400.9225,414993.7284,14281625.0,8941719.2784,,,1.056
601211,国泰君安,证券,上海,20150626,601211.SH,20170317,19.22,19.26,18.76,18.79,19.18,-0.39,-2.03,394607.15,752017.866,0.8266,0.9509,1.66,14.5582,14.5582,1.4332,5.5609,5.5609,2.7674,2.7674,762500.0,477400.9225,414993.7284,14327375.0,8970363.3338,,,1.056
601211,国泰君安,证券,上海,20150626,601211.SH,20170316,18.83,19.2,18.83,19.18,18.81,0.37,1.97,532623.46,1017994.176,1.1157,1.2834,2.9,14.8604,14.8604,1.463,5.6763,5.6763,2.7112,2.7112,762500.0,477400.9225,414993.7284,14624750.0,9156549.6936,,,1.056
601211,国泰君安,证券,上海,20150626,601211.SH,20170315,18.85,18.85,18.73,18.81,18.85,-0.04,-0.21,164552.24,309211.14,0.3447,0.3965,0.89,14.5737,14.5737,1.4348,5.5668,5.5668,2.7645,2.7645,762500.0,477400.9225,414993.7284,14342625.0,8979911.3522,,,1.056
601211,国泰君安,证券,上海,20150626,601211.SH,20170314,18.83,18.92,18.78,18.85,18.84,0.01,0.05,174469.51,328899.27,0.3655,0.4204,0.93,14.6047,14.6047,1.4378,5.5786,5.5786,2.7586,2.7586,762500.0,477400.9225,414993.7284,14373125.0,8999007.3891,,,1.056
601211,国泰君安,证券,上海,20150626,601211.SH,20170313,18.7,18.85,18.61,18.84,18.72,0.12,0.64,185386.41,347726.93,0.3883,0.4467,0.87,14.597,14.597,1.4371,5.5757,5.5757,2.7601,2.7601,762500.0,477400.9225,414993.7284,14365500.0,8994233.3799,,,1.056
601211,国泰君安,证券,上海,20150626,601211.SH,20170310,18.77,18.82,18.7,18.72,18.84,-0.12,-0.64,132013.08,247537.995,0.2765,0.3181,0.54,14.504,14.504,1.4279,5.5401,5.5401,2.7778,2.7778,762500.0,477400.9225,414993.7284,14274000.0,8936945.2692,,,1.056
601211,国泰君安,证券,上海,20150626,601211.SH,20170309,18.85,18.87,18.65,18.84,18.88,-0.04,-0.21,261628.58,490598.188,0.548,0.6304,0.97,14.597,14.597,1.4371,5.5757,5.5757,2.7601,2.7601,762500.0,477400.9225,414993.7284,14365500.0,8994233.3799,,,1.056
601211,国泰君安,证券,上海,20150626,601211.SH,20170308,18.92,18.98,18.83,18.88,18.93,-0.05,-0.26,171432.87,323893.849,0.3591,0.4131,0.61,14.628,14.628,1.4401,5.5875,5.5875,2.7542,2.7542,762500.0,477400.9225,414993.7284,14396000.0,9013329.4168,,,1.056
601211,国泰君安,证券,上海,20150626,601211.SH,20170307,18.91,18.95,18.83,18.93,18.93,0.0,0.0,186133.93,351741.297,0.3899,0.4485,0.67,14.6667,14.6667,1.4439,5.6023,5.6023,2.747,2.747,762500.0,477400.9225,414993.7284,14434125.0,9037199.4629,,,1.056
601211,国泰君安,证券,上海,20150626,601211.SH,20170306,18.85,18.97,18.76,18.93,18.93,0.0,0.0,310433.92,586085.829,0.6503,0.748,1.17,14.6667,14.6667,1.4439,5.6023,5.6023,2.747,2.747,762500.0,477400.9225,414993.7284,14434125.0,9037199.4629,,,1.056
601211,国泰君安,证券,上海,20150626,601211.SH,20170303,19.0,19.0,18.8,18.93,19.04,-0.11,-0.58,293530.77,553834.953,0.6149,0.7073,1.18,14.6667,14.6667,1.4439,5.6023,5.6023,2.747,2.747,762500.0,477400.9225,414993.7284,14434125.0,9037199.4629,,,1.034
601211,国泰君安,证券,上海,20150626,601211.SH,20170302,19.2,19.38,19.03,19.04,19.14,-0.1,-0.52,381081.3,731479.499,0.7982,0.9183,1.69,14.7519,14.7519,1.4523,5.6349,5.6349,2.7311,2.7311,762500.0,477400.9225,414993.7284,14518000.0,9089713.5644,,,1.034
601211,国泰君安,证券,上海,20150626,601211.SH,20170301,19.12,19.24,19.1,19.14,19.14,0.0,0.0,233577.74,447616.638,0.4893,0.5628,0.97,14.8294,14.8294,1.4599,5.6644,5.6644,2.7168,2.7168,762500.0,477400.9225,414993.7284,14594250.0,9137453.6567,,,1.034
601211,国泰君安,证券,上海,20150626,601211.SH,20170228,19.1,19.23,19.1,19.14,19.12,0.02,0.1,165982.52,317979.998,0.3477,0.4,0.53,14.8294,14.8294,1.4599,5.6644,5.6644,2.7168,2.7168,762500.0,477400.9225,414993.7284,14594250.0,9137453.6567,,,1.034
601211,国泰君安,证券,上海,20150626,601211.SH,20170227,19.35,19.35,19.09,19.12,19.35,-0.23,-1.19,257623.75,494213.575,0.5396,0.6208,0.73,14.8139,14.8139,1.4584,5.6585,5.6585,2.7197,2.7197,762500.0,477400.9225,414993.7284,14579000.0,9127905.6382,,,1.034
601211,国泰君安,证券,上海,20150626,601211.SH,20170224,19.28,19.36,19.21,19.35,19.32,0.03,0.16,206448.24,398036.37,0.4324,0.4975,0.45,14.9921,14.9921,1.476,5.7266,5.7266,2.6873,2.6873,762500.0,477400.9225,414993.7284,14754375.0,9237707.8504,,,1.034
601211,国泰君安,证券,上海,20150626,601211.SH,20170223,19.43,19.45,19.2,19.32,19.42,-0.1,-0.51,261707.39,505006.575,0.5482,0.6306,0.54,14.9689,14.9689,1.4737,5.7177,5.7177,2.6915,2.6915,762500.0,477400.9225,414993.7284,14731500.0,9223385.8227,,,1.034
601211,国泰君安,证券,上海,20150626,601211.SH,20170222,19.47,19.54,19.27,19.42,19.49,-0.07,-0.36,312913.77,606506.495,0.6555,0.754,0.62,15.0464,15.0464,1.4813,5.7473,5.7473,2.6777,2.6777,762500.0,477400.9225,414993.7284,14807750.0,9271125.915,,,1.034
601211,国泰君安,证券,上海,20150626,601211.SH,20170221,19.55,19.84,19.42,19.49,19.54,-0.05,-0.26,528027.63,1035001.972,1.106,1.2724,1.19,15.1006,15.1006,1.4866,5.768,5.768,2.668,2.668,762500.0,477400.9225,414993.7284,14861125.0,9304543.9795,,,1.034
601211,国泰君安,证券,上海,20150626,601211.SH,20170220,19.17,19.55,19.13,19.54,19.25,0.29,1.51,464355.96,898151.659,0.9727,1.1277,1.08,9.4898,15.1394,1.4905,3.9629,5.7879,2.6612,2.6612,762500.0,477400.9225,411765.6685,14899250.0,9328414.0257,,,1.034
601211,国泰君安,证券,上海,20150626,601211.SH,20170217,19.48,19.87,19.22,19.25,19.38,-0.13,-0.67,737382.32,1442894.181,1.5446,1.7908,2.07,9.349,14.9147,1.4683,3.9041,5.702,2.7013,2.7013,762500.0,477400.9225,411765.6685,14678125.0,9189967.7581,,,1.034
601211,国泰君安,证券,上海,20150626,601211.SH,20170216,19.16,19.43,19.0,19.38,19.14,0.24,1.25,374531.11,721478.509,0.7845,0.9096,1.09,9.4121,15.0154,1.4783,3.9305,5.7405,2.6832,2.6832,762500.0,477400.9225,411765.6685,14777250.0,9252029.8781,,,1.034
601211,国泰君安,证券,上海,20150626,601211.SH,20170215,19.25,19.5,19.09,19.14,19.25,-0.11,-0.57,402010.65,775633.989,0.8421,0.9763,1.21,9.2955,14.8295,1.4599,3.8818,5.6694,2.7168,2.7168,762500.0,477400.9225,411765.6685,14594250.0,9137453.6567,,,1.034
601211,国泰君安,证券,上海,20150626,601211.SH,20170214,19.23,19.39,19.19,19.25,19.21,0.04,0.21,236282.15,455233.377,0.4949,0.5738,0.72,9.349,14.9147,1.4683,3.9041,5.702,2.7013,2.7013,762500.0,477400.9225,411765.6685,14678125.0,9189967.7581,,,1.034
601211,国泰君安,证券,上海,20150626,601211.SH,20170213,19.25,19.46,19.16,19.21,19.2,0.01,0.05,408516.25,788692.696,0.8557,0.9921,1.42,9.3295,14.8837,1.4653,3.896,5.6902,2.7069,2.7069,762500.0,477400.9225,411765.6685,14647625.0,9170871.7212,,,1.034
601211,国泰君安,证券,上海,20150626,601211.SH,20170210,19.09,19.36,19.01,19.2,19.07,0.13,0.68,356761.68,685083.723,0.7473,0.8664,1.46,9.3247,14.8759,1.4645,3.894,5.6872,2.7083,2.7083,762500.0,477400.9225,411765.6685,14640000.0,9166097.712,,,1.034
601211,国泰君安,证券,上海,20150626,601211.SH,20170209,18.96,19.17,18.93,19.07,19.04,0.03,0.16,317648.25,605374.199,0.6654,0.7714,1.35,9.2615,14.7752,1.4546,3.8676,5.6487,2.7268,2.7268,762500.0,477400.9225,411765.6685,14540875.0,9104035.5921,,,1.034
601211,国泰君安,证券,上海,20150626,601211.SH,20170208,18.78,19.09,18.6,19.04,18.77,0.27,1.44,339620.31,640672.15,0.7114,0.8248,1.65,9.247,14.752,1.4523,3.8615,5.6398,2.7311,2.7311,762500.0,477400.9225,411765.6685,14518000.0,9089713.5644,,,1.034
601211,国泰君安,证券,上海,20150626,601211.SH,20170207,18.89,18.93,18.71,18.77,18.92,-0.15,-0.79,216300.54,406869.75,0.4531,0.5253,1.07,9.1158,14.5428,1.4317,3.8068,5.5598,2.7704,2.7704,762500.0,477400.9225,411765.6685,14312125.0,8960815.3153,,,1.034
601211,国泰君安,证券,上海,20150626,601211.SH,20170206,19.05,19.05,18.77,18.92,18.97,-0.05,-0.26,205231.52,387653.11,0.4299,0.4984,0.92,9.1887,14.659,1.4432,3.8372,5.6043,2.7484,2.7484,762500.0,477400.9225,411765.6685,14426500.0,9032425.4537,,,1.034
601211,国泰君安,证券,上海,20150626,601211.SH,20170203,19.17,19.21,18.93,18.97,19.16,-0.19,-0.99,142679.66,271425.542,0.2989,0.3465,0.57,9.213,14.6977,1.447,3.8473,5.6191,2.7412,2.7412,762500.0,477400.9225,411765.6685,14464625.0,9056295.4998,21.03,17.21,1.034
601211,国泰君安,证券,上海,20150626,601211.SH,20170126,19.06,19.24,19.06,19.16,19.04,0.12,0.63,275567.0,528111.171,0.5772,0.6692,1.13,9.3052,14.845,1.4615,3.8859,5.6754,2.714,2.714,762500.0,477400.9225,411765.6685,14609500.0,9147001.6751,,,1.034
601211,国泰君安,证券,上海,20150626,601211.SH,20170125,19.0,19.12,18.95,19.04,19.03,0.01,0.05,192281.2,365767.248,0.4028,0.467,0.78,9.247,12.7511,1.4891,3.8615,5.0821,2.73,2.73,762500.0,477400.9225,411765.6685,14518000.0,9089713.5644,,,1.034
601211,国泰君安,证券,上海,20150626,601211.SH,20170124,19.12,19.16,18.96,19.03,19.13,-0.1,-0.52,197471.36,375571.873,0.4136,0.4796,0.81,9.2421,12.7444,1.4883,3.8595,5.0794,2.73,2.73,762500.0,477400.9225,411765.6685,14510375.0,9084939.5552,,,1.034
601211,国泰君安,证券,上海,20150626,601211.SH,20170123,19.27,19.28,19.04,19.13,19.24,-0.11,-0.57,304809.71,583852.367,0.6385,0.7403,0.87,9.2907,12.8113,1.4961,3.8798,5.1061,2.72,2.72,762500.0,477400.9225,411765.6685,14586625.0,9132679.6474,,,1.034
601211,国泰君安,证券,上海,20150626,601211.SH,20170120,19.04,19.25,19.02,19.24,19.01,0.23,1.21,286698.17,549012.142,0.6005,0.6963,0.78,9.3441,12.885,1.5047,3.9021,5.1355,2.7,2.7,762500.0,477400.9225,411765.6685,14670500.0,9185193.7489,,,1.034
601211,国泰君安,证券,上海,20150626,601211.SH,20170119,18.89,19.2,18.82,19.01,18.94,0.07,0.37,235182.02,447847.444,0.4926,0.5712,0.62,9.2324,12.731,1.4867,3.8554,5.0741,2.74,2.74,762500.0,477400.9225,411765.6685,14495125.0,9075391.5367,,,1.034
601211,国泰君安,证券,上海,20150626,601211.SH,20170118,18.85,19.05,18.77,18.94,18.86,0.08,0.42,206801.26,391848.272,0.4332,0.5022,0.54,9.1984,12.6841,1.4813,3.8412,5.0554,2.75,2.75,762500.0,477400.9225,411765.6685,14441750.0,9041973.4722,,,1.034
601211,国泰君安,证券,上海,20150626,601211.SH,20170117,18.82,18.9,18.66,18.86,18.98,-0.12,-0.63,189789.38,356731.851,0.3975,0.4609,0.5,9.1595,12.6305,1.475,3.825,5.034,2.76,2.76,762500.0,477400.9225,411765.6685,14380750.0,9003781.3984,,,1.034
601211,国泰君安,证券,上海,20150626,601211.SH,20170116,18.73,19.09,18.28,18.98,18.8,0.18,0.96,828937.03,1555185.698,1.7364,2.0131,3.28,9.2178,12.7109,1.4844,3.8493,5.0661,2.74,2.74,762500.0,477400.9225,411765.6685,14472250.0,9061069.5091,,,1.034
601211,国泰君安,证券,上海,20150626,601211.SH,20170113,18.74,18.83,18.54,18.8,18.75,0.05,0.27,382356.24,715801.614,0.8009,0.9286,1.78,9.1304,12.5903,1.4703,3.8128,5.018,2.77,2.77,762500.0,477400.9225,411765.6685,14335000.0,8975137.343,,,1.034
601211,国泰君安,证券,上海,20150626,601211.SH,20170112,18.65,18.87,18.63,18.75,18.66,0.09,0.48,292932.07,549713.829,0.6136,0.7114,1.51,9.1061,12.5568,1.4664,3.8027,5.0047,2.77,2.77,762500.0,477400.9225,411765.6685,14296875.0,8951267.2969,,,1.034
601211,国泰君安,证券,上海,20150626,601211.SH,20170111,18.62,18.84,18.6,18.66,18.64,0.02,0.11,233374.7,436956.602,0.4888,0.5668,1.24,9.0624,12.4966,1.4594,3.7844,4.9806,2.79,2.79,762500.0,477400.9225,411765.6685,14228250.0,8908301.2139,,,1.034
601211,国泰君安,证券,上海,20150626,601211.SH,20170110,18.63,18.83,18.6,18.64,18.66,-0.02,-0.11,166968.24,312289.132,0.3497,0.4055,0.82,9.0527,12.4832,1.4578,3.7804,4.9753,2.79,2.79,762500.0,477400.9225,411765.6685,14213000.0,8898753.1954,,,1.034
601211,国泰君安,证券,上海,20150626,601211.SH,20170109,18.52,18.76,18.48,18.66,18.52,0.14,0.76,187790.8,349709.627,0.3934,0.4561,0.91,9.0624,12.4966,1.4594,3.7844,4.9806,2.79,2.79,762500.0,477400.9225,411765.6685,14228250.0,8908301.2139,,,1.034
601211,国泰君安,证券,上海,20150626,601211.SH,20170106,18.65,18.71,18.51,18.52,18.68,-0.16,-0.86,193333.39,359210.764,0.405,0.4695,0.93,8.9944,12.4028,1.4484,3.7561,4.9433,2.81,2.81,762500.0,477400.9225,411765.6685,14121500.0,8841465.0847,,,1.034
601211,国泰君安,证券,上海,20150626,601211.SH,20170105,18.76,18.86,18.64,18.68,18.79,-0.11,-0.59,187079.86,350343.212,0.3919,0.4543,0.92,9.0721,12.51,1.4609,3.7885,4.986,2.78,2.78,762500.0,477400.9225,411765.6685,14243500.0,8917849.2323,,,1.034
601211,国泰君安,证券,上海,20150626,601211.SH,20170104,18.72,18.8,18.62,18.79,18.72,0.07,0.37,209489.38,392329.508,0.4388,0.5088,1.04,9.1255,12.5836,1.4695,3.8108,5.0153,2.77,2.77,762500.0,477400.9225,411765.6685,14327375.0,8970363.3338,,,1.034
601211,国泰君安,证券,上海,20150626,601211.SH,20170103,18.54,18.82,18.54,18.72,18.59,0.13,0.7,243325.02,455407.1,0.5097,0.5909,1.17,9.0916,12.5367,1.4641,3.7966,4.9967,2.78,2.78,762500.0,477400.9225,411765.6685,14274000.0,8936945.2692,,,1.034
601211,国泰君安,证券,上海,20150626,601211.SH,20161230,18.41,18.65,18.41,18.59,18.48,0.11,0.6,193331.29,358337.978,0.405,0.4695,0.87,9.0284,12.4497,1.4539,3.7703,4.962,0.54,2.8,762500.0,477400.9225,411765.6685,14174875.0,8874883.1493,,,1.034
601211,国泰君安,证券,上海,20150626,601211.SH,20161229,18.48,18.62,18.4,18.48,18.49,-0.01,-0.05,201677.01,373310.637,0.4224,0.4898,0.87,8.975,12.376,1.4453,3.7479,4.9326,0.54,2.81,762500.0,477400.9225,411765.6685,14091000.0,8822369.0478,,,1.034
601211,国泰君安,证券,上海,20150626,601211.SH,20161228,18.56,18.64,18.4,18.49,18.54,-0.05,-0.27,170812.03,316609.556,0.3578,0.4148,0.65,8.9798,12.3827,1.4461,3.75,4.9353,0.54,2.81,762500.0,477400.9225,411765.6685,14098625.0,8827143.057,,,1.034
601211,国泰君安,证券,上海,20150626,601211.SH,20161227,18.65,18.78,18.5,18.54,18.7,-0.16,-0.86,199043.08,370733.949,0.4169,0.4834,0.7,9.0041,12.4162,1.45,3.7601,4.9486,0.54,2.8,762500.0,477400.9225,411765.6685,14136750.0,8851013.1032,,,1.034
601211,国泰君安,证券,上海,20150626,601211.SH,20161226,18.46,18.77,18.29,18.7,18.64,0.06,0.32,277791.94,515489.026,0.5819,0.6746,0.96,9.0818,12.5234,1.4625,3.7926,4.9913,0.53,2.78,762500.0,477400.9225,411765.6685,14258750.0,8927397.2508,,,1.034
601211,国泰君安,证券,上海,20150626,601211.SH,20161223,18.7,18.84,18.52,18.64,18.77,-0.13,-0.69,256763.4,479098.135,0.5378,0.6236,0.82,9.0527,12.4832,1.4578,3.7804,4.9753,0.54,2.79,762500.0,477400.9225,411765.6685,14213000.0,8898753.1954,,,1.034
601211,国泰君安,证券,上海,20150626,601211.SH,20161222,18.84,18.85,18.55,18.77,18.84,-0.07,-0.37,259671.66,485779.638,0.5439,0.6306,0.61,9.1158,12.5702,1.468,3.8068,5.01,0.53,2.77,762500.0,477400.9225,411765.6685,14312125.0,8960815.3153,,,1.034
601211,国泰君安,证券,上海,20150626,601211.SH,20161221,18.79,18.99,18.75,18.84,18.76,0.08,0.43,317629.15,599080.412,0.6653,0.7714,0.67,9.1498,12.6171,1.4735,3.821,5.0287,0.53,2.76,762500.0,477400.9225,411765.6685,14365500.0,8994233.3799,20.68,16.92,1.034
601211,国泰君安,证券,上海,20150626,601211.SH,20161220,18.65,18.8,18.57,18.76,18.65,0.11,0.59,303325.42,566051.312,0.6354,0.7366,0.57,9.111,12.5635,1.4672,3.8047,5.0073,0.53,2.77,762500.0,477400.9225,411765.6685,14304500.0,8956041.3061,,,1.034
601211,国泰君安,证券,上海,20150626,601211.SH,20161219,18.68,18.95,18.5,18.65,18.84,-0.19,-1.01,315600.5,589842.808,0.6611,0.7665,0.45,9.0576,12.4899,1.4586,3.7824,4.978,0.54,2.79,762500.0,477400.9225,411765.6685,14220625.0,8903527.2046,,,1.034
601211,国泰君安,证券,上海,20150626,601211.SH,20161216,18.72,18.96,18.69,18.84,18.88,-0.04,-0.21,369342.45,695206.718,0.7737,0.897,0.45,9.1498,12.6171,1.4735,3.821,5.0287,0.53,2.76,762500.0,477400.9225,411765.6685,14365500.0,8994233.3799,,,1.034
601211,国泰君安,证券,上海,20150626,601211.SH,20161215,19.56,19.69,18.75,18.88,19.59,-0.71,-3.62,829981.07,1584989.753,1.7385,2.0157,1.11,9.1693,12.6439,1.4766,3.8291,5.0394,0.53,2.75,762500.0,477400.9225,411765.6685,14396000.0,9013329.4168,20.53,16.79,1.034
601211,国泰君安,证券,上海,20150626,601211.SH,20161214,19.69,19.77,19.43,19.59,19.67,-0.08,-0.41,565023.06,1107305.218,1.1835,1.3722,0.78,9.5141,13.1194,1.5321,3.9731,5.2289,0.51,2.65,762500.0,477400.9225,411765.6685,14937375.0,9352284.0718,,,1.034
601211,国泰君安,证券,上海,20150626,601211.SH,20161213,19.2,19.74,19.16,19.67,19.37,0.3,1.55,599716.77,1169834.893,1.2562,1.4565,0.84,9.5529,13.173,1.5384,3.9893,5.2502,0.51,2.64,762500.0,477400.9225,411765.6685,14998375.0,9390476.1456,,,1.034
601211,国泰君安,证券,上海,20150626,601211.SH,20161212,19.63,19.8,19.11,19.37,19.61,-0.24,-1.22,1152662.11,2239263.283,2.4145,2.7993,1.86,9.4072,12.9721,1.5149,3.9284,5.1702,0.52,2.68,762500.0,477400.9225,411765.6685,14769625.0,9247255.8688,,,1.034
601211,国泰君安,证券,上海,20150626,601211.SH,20161209,19.01,19.69,18.95,19.61,19.05,0.56,2.94,971294.92,1885141.157,2.0345,2.3589,1.64,9.5238,13.1328,1.5337,3.9771,5.2342,0.51,2.65,762500.0,477400.9225,411765.6685,14952625.0,9361832.0902,,,1.034
601211,国泰君安,证券,上海,20150626,601211.SH,20161208,19.3,19.32,18.99,19.05,19.29,-0.24,-1.24,442196.79,845748.744,0.9263,1.0739,0.65,9.2518,12.7577,1.4899,3.8635,5.0847,0.52,2.73,762500.0,477400.9225,411765.6685,14525625.0,9094487.5736,,,1.034
601211,国泰君安,证券,上海,20150626,601211.SH,20161207,19.32,19.42,19.15,19.29,19.29,0.0,0.0,447361.92,861838.357,0.9371,1.0864,0.51,9.3684,12.9185,1.5086,3.9122,5.1488,0.52,2.7,762500.0,477400.9225,411765.6685,14708625.0,9209063.795,,,1.034
601211,国泰君安,证券,上海,20150626,601211.SH,20161206,19.21,19.53,19.14,19.29,19.19,0.1,0.52,566966.47,1095889.551,1.1876,1.3769,0.55,9.3684,12.9185,1.5086,3.9122,5.1488,0.52,2.7,762500.0,477400.9225,411765.6685,14708625.0,9209063.795,,,1.034
601211,国泰君安,证券,上海,20150626,601211.SH,20161205,19.22,19.48,19.03,19.19,19.52,-0.33,-1.69,677544.07,1301842.61,1.4192,1.6455,0.66,9.3198,12.8515,1.5008,3.8919,5.1221,0.52,2.71,762500.0,477400.9225,411765.6685,14632375.0,9161323.7028,,,1.034
601211,国泰君安,证券,上海,20150626,601211.SH,20161202,20.02,20.12,19.5,19.52,20.14,-0.62,-3.08,832814.26,1646626.384,1.7445,2.0225,0.88,9.4801,13.0725,1.5266,3.9589,5.2102,0.51,2.66,762500.0,477400.9225,411765.6685,14884000.0,9318866.0072,,,1.034
601211,国泰君安,证券,上海,20150626,601211.SH,20161201,19.85,20.18,19.64,20.14,19.91,0.23,1.16,891831.79,1778876.544,1.8681,2.1659,0.98,9.7812,13.4877,1.5751,4.0846,5.3757,0.5,2.58,762500.0,477400.9225,411765.6685,15356750.0,9614854.5792,,,1.034
601211,国泰君安,证券,上海,20150626,601211.SH,20161130,19.55,20.69,19.52,19.91,19.71,0.2,1.01,1451900.74,2914656.224,3.0413,3.526,2.06,9.6695,13.3337,1.5571,4.038,5.3143,0.5,2.61,762500.0,477400.9225,411765.6685,15181375.0,9505052.367,20.65,16.89,1.034
601211,国泰君安,证券,上海,20150626,601211.SH,20161129,19.09,19.98,18.9,19.71,19.12,0.59,3.09,1331081.56,2599591.436,2.7882,3.2326,2.37,9.5724,13.1997,1.5415,3.9974,5.2609,0.51,2.64,762500.0,477400.9225,411765.6685,15028875.0,9409572.1825,,,1.034
601211,国泰君安,证券,上海,20150626,601211.SH,20161128,19.27,19.37,19.07,19.12,19.14,-0.02,-0.1,588659.6,1130394.191,1.2331,1.4296,1.14,9.2858,12.8046,1.4954,3.8777,5.1034,0.52,2.72,762500.0,477400.9225,411765.6685,14579000.0,9127905.6382,,,1.034
601211,国泰君安,证券,上海,20150626,601211.SH,20161125,19.0,19.17,18.63,19.14,19.04,0.1,0.53,463068.54,875616.495,0.97,1.1246,0.94,9.2955,12.818,1.4969,3.8818,5.1088,0.52,2.72,762500.0,477400.9225,411765.6685,14594250.0,9137453.6567,,,1.034
601211,国泰君安,证券,上海,20150626,601211.SH,20161124,18.81,19.35,18.79,19.04,18.85,0.19,1.01,703601.41,1345356.002,1.4738,1.7087,1.66,9.247,12.7511,1.4891,3.8615,5.0821,0.53,2.73,762500.0,477400.9225,411765.6685,14518000.0,9089713.5644,20.72,16.96,1.034
601211,国泰君安,证券,上海,20150626,601211.SH,20161123,19.0,19.17,18.77,18.85,18.99,-0.14,-0.74,436966.83,829661.886,0.9153,1.0612,1.07,9.1547,12.6238,1.4742,3.823,5.0314,0.53,2.76,762500.0,477400.9225,411765.6685,14373125.0,8999007.3891,,,1.034
601211,国泰君安,证券,上海,20150626,601211.SH,20161122,18.71,19.03,18.7,18.99,18.63,0.36,1.93,620865.2,1173573.683,1.3005,1.5078,1.68,9.2227,12.7176,1.4852,3.8514,5.0687,0.53,2.74,762500.0,477400.9225,411765.6685,14479875.0,9065843.5183,,,1.034
601211,国泰君安,证券,上海,20150626,601211.SH,20161121,18.41,18.77,18.4,18.63,18.52,0.11,0.59,361249.43,673343.536,0.7567,0.8773,0.73,9.0478,12.4765,1.457,3.7784,4.9726,0.54,2.79,762500.0,477400.9225,411765.6685,14205375.0,8893979.1862,,,1.034
601211,国泰君安,证券,上海,20150626,601211.SH,20161118,18.65,18.72,18.49,18.52,18.76,-0.24,-1.28,343926.14,640652.257,0.7204,0.8352,0.55,8.9944,12.4028,1.4484,3.7561,4.9433,0.54,2.81,762500.0,477400.9225,411765.6685,14121500.0,8841465.0847,,,1.034
601211,国泰君安,证券,上海,20150626,601211.SH,20161117,18.74,18.81,18.51,18.76,18.79,-0.03,-0.16,356991.59,666421.614,0.7478,0.867,0.54,9.111,12.5635,1.4672,3.8047,5.0073,0.53,2.77,762500.0,477400.9225,411765.6685,14304500.0,8956041.3061,,,1.034
601211,国泰君安,证券,上海,20150626,601211.SH,20161116,18.8,18.85,18.65,18.79,18.76,0.03,0.16,363708.55,681524.961,0.7619,0.8833,0.53,9.1255,12.5836,1.4695,3.8108,5.0153,0.53,2.77,762500.0,477400.9225,411765.6685,14327375.0,8970363.3338,,,1.034
601211,国泰君安,证券,上海,20150626,601211.SH,20161115,18.79,18.95,18.64,18.76,18.8,-0.04,-0.21,419407.42,787728.792,0.8785,1.0186,0.62,9.111,12.5635,1.4672,3.8047,5.0073,0.53,2.77,762500.0,477400.9225,411765.6685,14304500.0,8956041.3061,,,1.034
601211,国泰君安,证券,上海,20150626,601211.SH,20161114,18.61,19.2,18.56,18.8,18.7,0.1,0.53,993370.44,1877552.816,2.0808,2.4125,1.86,9.1304,12.5903,1.4703,3.8128,5.018,0.53,2.77,762500.0,477400.9225,411765.6685,14335000.0,8975137.343,,,1.034
601211,国泰君安,证券,上海,20150626,601211.SH,20161111,18.21,18.76,18.21,18.7,18.21,0.49,2.69,1018634.62,1888593.945,2.1337,2.4738,2.4,9.0818,12.5234,1.4625,3.7926,4.9913,0.53,2.78,762500.0,477400.9225,411765.6685,14258750.0,8927397.2508,,,1.034
601211,国泰君安,证券,上海,20150626,601211.SH,20161110,18.04,18.31,18.01,18.21,17.88,0.33,1.85,510651.44,928387.114,1.0696,1.2402,1.06,8.8439,12.1952,1.4242,3.6932,4.8605,0.55,2.86,762500.0,477400.9225,411765.6685,13885125.0,8693470.7987,21.47,17.57,1.034
601211,国泰君安,证券,上海,20150626,601211.SH,20161109,18.21,18.24,17.7,17.88,18.21,-0.33,-1.81,519586.81,932885.164,1.0884,1.2619,1.19,8.6836,11.9742,1.3984,3.6263,4.7725,0.56,2.91,762500.0,477400.9225,411765.6685,13633500.0,8535928.4943,,,1.034
601211,国泰君安,证券,上海,20150626,601211.SH,20161108,18.3,18.37,18.14,18.21,18.2,0.01,0.05,341291.2,622535.866,0.7149,0.8288,0.82,8.8439,12.1952,1.4242,3.6932,4.8605,0.55,2.86,762500.0,477400.9225,411765.6685,13885125.0,8693470.7987,,,1.034
601211,国泰君安,证券,上海,20150626,601211.SH,20161107,18.19,18.3,18.09,18.2,18.14,0.06,0.33,285693.0,519369.264,0.5984,0.6938,0.71,8.839,12.1885,1.4234,3.6912,4.8579,0.55,2.86,762500.0,477400.9225,411765.6685,13877500.0,8688696.7895,,,1.034
601211,国泰君安,证券,上海,20150626,601211.SH,20161104,18.19,18.35,18.03,18.14,18.22,-0.08,-0.44,466385.84,847752.261,0.9769,1.1326,1.16,8.8099,12.1483,1.4187,3.679,4.8419,0.55,2.87,762500.0,477400.9225,411765.6685,13831750.0,8660052.7342,,,1.034
601211,国泰君安,证券,上海,20150626,601211.SH,20161103,17.85,18.44,17.82,18.22,17.91,0.31,1.73,805657.95,1467418.774,1.6876,1.9566,2.91,8.8487,12.2019,1.425,3.6952,4.8632,0.55,2.85,762500.0,477400.9225,411765.6685,13892750.0,8698244.808,,,1.034
601211,国泰君安,证券,上海,20150626,601211.SH,20161102,18.0,18.15,17.87,17.91,18.04,-0.13,-0.72,285102.51,512688.086,0.5972,0.6924,1.06,8.6982,11.9943,1.4007,3.6323,4.7805,0.56,2.9,762500.0,477400.9225,411765.6685,13656375.0,8550250.522,,,1.034
601211,国泰君安,证券,上海,20150626,601211.SH,20161101,17.83,18.05,17.8,18.04,17.84,0.2,1.12,246824.24,443234.962,0.517,0.5998,0.89,8.7613,12.0814,1.4109,3.6587,4.8152,0.55,2.88,762500.0,477400.9225,411505.8385,13755500.0,8612312.6419,,,1.034
601211,国泰君安,证券,上海,20150626,601211.SH,20161031,17.9,17.92,17.64,17.84,17.92,-0.08,-0.45,213569.95,379253.633,0.4474,0.519,0.56,8.6642,11.9474,1.3952,3.6181,4.7618,0.56,2.91,762500.0,477400.9225,411505.8385,13603000.0,8516832.4574,,,1.034
601211,国泰君安,证券,上海,20150626,601211.SH,20161028,17.97,18.28,17.89,17.92,17.83,0.09,0.5,462893.55,836907.061,0.9696,1.1249,1.33,8.703,12.001,1.4015,3.6344,4.7831,0.56,2.9,762500.0,477400.9225,411505.8385,13664000.0,8555024.5312,,,1.034
601211,国泰君安,证券,上海,20150626,601211.SH,20161027,17.81,17.87,17.78,17.83,17.83,0.0,0.0,177942.66,317132.884,0.3727,0.4324,0.53,8.6593,12.2671,1.4424,3.6161,4.6876,0.5609,2.9164,762500.0,477400.9225,411505.8385,13595375.0,8512058.4482,,,1.034
601211,国泰君安,证券,上海,20150626,601211.SH,20161026,17.96,18.02,17.8,17.83,17.96,-0.13,-0.72,246716.36,441988.915,0.5168,0.5995,0.76,8.6593,12.2671,1.4424,3.6161,4.6876,0.5609,2.9164,762500.0,477400.9225,411505.8385,13595375.0,8512058.4482,,,1.034
601211,国泰君安,证券,上海,20150626,601211.SH,20161025,18.05,18.07,17.9,17.96,18.07,-0.11,-0.61,289457.0,519644.838,0.6063,0.7034,0.91,8.7224,12.3565,1.4529,3.6425,4.7218,0.5568,2.8953,762500.0,477400.9225,411505.8385,13694500.0,8574120.5681,,,1.034
601211,国泰君安,证券,上海,20150626,601211.SH,20161024,17.8,18.17,17.76,18.07,17.77,0.3,1.69,730842.33,1316974.728,1.5309,1.776,3.07,8.7759,12.4322,1.4618,3.6648,4.7507,0.5534,2.8777,762500.0,477400.9225,411505.8385,13778375.0,8626634.6696,,,1.034
601211,国泰君安,证券,上海,20150626,601211.SH,20161021,17.65,17.87,17.63,17.77,17.64,0.13,0.74,293977.36,521582.062,0.6158,0.7144,1.24,8.6302,12.2258,1.4376,3.6039,4.6719,0.5627,3.489,762500.0,477400.9225,411505.8385,13549625.0,8483414.3928,,,1.034
601211,国泰君安,证券,上海,20150626,601211.SH,20161020,17.67,17.7,17.61,17.64,17.64,0.0,0.0,126307.73,223043.64,0.2646,0.3069,0.51,8.567,12.1363,1.4271,3.5776,4.6377,0.5669,3.5147,762500.0,477400.9225,411505.8385,13450500.0,8421352.2729,,,1.034
601211,国泰君安,证券,上海,20150626,601211.SH,20161019,17.71,17.76,17.61,17.64,17.69,-0.05,-0.28,177743.95,314059.522,0.3723,0.4319,0.72,8.567,12.1363,1.4271,3.5776,4.6377,0.5669,3.5147,762500.0,477400.9225,411505.8385,13450500.0,8421352.2729,,,1.034
601211,国泰君安,证券,上海,20150626,601211.SH,20161018,17.41,17.72,17.4,17.69,17.41,0.28,1.61,266095.01,468003.721,0.5574,0.6466,1.07,8.5913,12.1707,1.4311,3.5877,4.6508,0.5653,3.5048,762500.0,477400.9225,411505.8385,13488625.0,8445222.319,,,1.034
601211,国泰君安,证券,上海,20150626,601211.SH,20161017,17.65,17.65,17.39,17.41,17.63,-0.22,-1.25,327756.93,574213.182,0.6865,0.7965,1.35,8.4553,11.9781,1.4085,3.5309,4.5772,0.5744,3.5612,762500.0,477400.9225,411505.8385,13275125.0,8311550.0607,,,1.034
601211,国泰君安,证券,上海,20150626,601211.SH,20161014,17.77,17.77,17.52,17.63,17.76,-0.13,-0.73,291101.79,512909.087,0.6098,0.7074,1.43,8.5622,12.1295,1.4263,3.5756,4.6351,0.5672,3.5167,762500.0,477400.9225,411505.8385,13442875.0,8416578.2637,,,1.034
601211,国泰君安,证券,上海,20150626,601211.SH,20161013,17.76,17.82,17.73,17.76,17.76,0.0,0.0,185570.66,329883.74,0.3887,0.451,0.93,8.6253,12.2189,1.4368,3.6019,4.6692,0.5631,3.491,762500.0,477400.9225,411505.8385,13542000.0,8478640.3836,,,1.034
601211,国泰君安,证券,上海,20150626,601211.SH,20161012,17.78,17.8,17.72,17.76,17.82,-0.06,-0.34,158608.48,281655.479,0.3322,0.3854,0.8,8.6253,12.2189,1.4368,3.6019,4.6692,0.5631,3.491,762500.0,477400.9225,411505.8385,13542000.0,8478640.3836,,,1.034
601211,国泰君安,证券,上海,20150626,601211.SH,20161011,17.87,17.87,17.78,17.82,17.85,-0.03,-0.17,277381.59,494303.295,0.581,0.6741,1.66,8.6545,12.2602,1.4416,3.6141,4.685,0.5612,3.4792,762500.0,477400.9225,411505.8385,13587750.0,8507284.439,,,1.034
601211,国泰君安,证券,上海,20150626,601211.SH,20161010,17.81,17.92,17.76,17.85,17.74,0.11,0.62,303310.48,541110.35,0.6353,0.7371,1.62,8.669,12.2808,1.4441,3.6202,4.6929,0.5602,3.4734,762500.0,477400.9225,411505.8385,13610625.0,8521606.4666,,,1.034
601211,国泰君安,证券,上海,20150626,601211.SH,20160930,17.62,17.76,17.62,17.74,17.69,0.05,0.28,94459.78,167241.519,0.1979,0.2295,0.5,8.6156,12.2051,1.4352,3.5979,4.664,0.5637,3.4949,762500.0,477400.9225,411505.8385,13526750.0,8469092.3652,,,1.034
601211,国泰君安,证券,上海,20150626,601211.SH,20160929,17.61,17.82,17.58,17.69,17.55,0.14,0.8,161321.44,285730.342,0.3379,0.392,0.87,8.5913,12.1707,1.4311,3.5877,4.6508,0.5653,3.5048,762500.0,477400.9225,411505.8385,13488625.0,8445222.319,,,1.034
601211,国泰君安,证券,上海,20150626,601211.SH,20160928,17.68,17.68,17.49,17.55,17.66,-0.11,-0.62,151177.1,265234.768,0.3167,0.3674,0.82,8.5233,12.0744,1.4198,3.5593,4.614,0.5698,3.5328,762500.0,477400.9225,411505.8385,13381875.0,8378386.1899,,,1.034
601211,国泰君安,证券,上海,20150626,601211.SH,20160927,17.51,17.69,17.51,17.66,17.56,0.1,0.57,126742.09,223251.074,0.2655,0.308,0.69,8.5768,12.1501,1.4287,3.5816,4.6429,0.5663,3.5108,762500.0,477400.9225,411505.8385,13465750.0,8430900.2914,,,1.034
601211,国泰君安,证券,上海,20150626,601211.SH,20160926,17.97,17.99,17.5,17.56,18.03,-0.47,-2.61,399704.34,706428.332,0.8373,0.9713,2.88,8.5282,12.0813,1.4206,3.5614,4.6167,0.5695,3.5308,762500.0,477400.9225,411505.8385,13389500.0,8383160.1991,,,1.034
601211,国泰君安,证券,上海,20150626,601211.SH,20160923,18.15,18.19,18.03,18.03,18.14,-0.11,-0.61,100988.72,182835.85,0.2115,0.2454,0.52,8.7564,12.4047,1.4586,3.6567,4.7402,0.5546,3.4387,762500.0,477400.9225,411505.8385,13747875.0,8607538.6327,,,1.034
601211,国泰君安,证券,上海,20150626,601211.SH,20160922,18.21,18.24,18.11,18.14,18.12,0.02,0.11,148882.62,270776.252,0.3119,0.3618,0.77,8.8099,12.4803,1.4675,3.679,4.7691,0.5513,3.4179,762500.0,477400.9225,411505.8385,13831750.0,8660052.7342,,,1.034
601211,国泰君安,证券,上海,20150626,601211.SH,20160921,18.02,18.23,17.98,18.12,18.03,0.09,0.5,149902.75,271478.556,0.314,0.3643,0.61,8.8002,12.4666,1.4659,3.6749,4.7639,0.5519,3.4216,762500.0,477400.9225,411505.8385,13816500.0,8650504.7157,,,1.034
601211,国泰君安,证券,上海,20150626,601211.SH,20160920,18.13,18.15,17.98,18.03,18.13,-0.1,-0.55,113318.98,204316.158,0.2374,0.2754,0.4,8.7564,12.4047,1.4586,3.6567,4.7402,0.5546,3.4387,762500.0,477400.9225,411505.8385,13747875.0,8607538.6327,,,1.034
601211,国泰君安,证券,上海,20150626,601211.SH,20160919,18.06,18.16,18.05,18.13,18.08,0.05,0.28,181562.23,328545.512,0.3803,0.4412,0.66,8.805,12.4735,1.4667,3.677,4.7665,0.5516,3.4197,762500.0,477400.9225,411505.8385,13824125.0,8655278.7249,,,1.034
601211,国泰君安,证券,上海,20150626,601211.SH,20160914,18.07,18.28,18.0,18.08,18.16,-0.08,-0.44,369264.65,670537.573,0.7735,0.8973,1.5,8.7807,12.4391,1.4627,3.6668,4.7534,0.5531,3.4292,762500.0,477400.9225,411505.8385,13786000.0,8631408.6788,,,1.034
601211,国泰君安,证券,上海,20150626,601211.SH,20160913,18.09,18.18,18.01,18.16,18.13,0.03,0.17,154428.31,279471.109,0.3235,0.3753,0.59,8.8196,12.4941,1.4691,3.683,4.7744,0.5507,3.4141,762500.0,477400.9225,411505.8385,13847000.0,8669600.7526,,,1.034
601211,国泰君安,证券,上海,20150626,601211.SH,20160912,18.08,18.18,17.86,18.13,18.43,-0.3,-1.63,408083.12,736162.397,0.8548,0.9917,1.81,8.805,12.4735,1.4667,3.677,4.7665,0.5516,3.4197,762500.0,477400.9225,411505.8385,13824125.0,8655278.7249,,,1.034
601211,国泰君安,证券,上海,20150626,601211.SH,20160909,18.47,18.64,18.41,18.43,18.44,-0.01,-0.05,301190.21,558416.523,0.6309,0.7319,1.39,8.9507,12.6799,1.491,3.7378,4.8454,0.5426,3.3641,762500.0,477400.9225,411505.8385,14052875.0,8798499.0017,,,1.034
601211,国泰君安,证券,上海,20150626,601211.SH,20160908,18.41,18.51,18.38,18.44,18.46,-0.02,-0.11,133362.0,246014.232,0.2794,0.3241,0.56,8.9556,12.6867,1.4918,3.7398,4.848,0.5423,3.3623,762500.0,477400.9225,411505.8385,14060500.0,8803273.0109,,,1.034
601211,国泰君安,证券,上海,20150626,601211.SH,20160907,18.51,18.59,18.35,18.46,18.47,-0.01,-0.05,230711.09,426678.274,0.4833,0.5607,0.95,8.9653,12.7005,1.4934,3.7439,4.8533,0.5417,3.3586,762500.0,477400.9225,411505.8385,14075750.0,8812821.0294,,,1.034
601211,国泰君安,证券,上海,20150626,601211.SH,20160906,18.49,18.53,18.27,18.47,18.47,0.0,0.0,244915.84,450686.649,0.513,0.5952,1.02,8.9701,12.7074,1.4942,3.7459,4.8559,0.5414,3.3568,762500.0,477400.9225,411505.8385,14083375.0,8817595.0386,,,1.034
601211,国泰君安,证券,上海,20150626,601211.SH,20160905,18.49,18.62,18.41,18.47,18.49,-0.02,-0.11,218139.34,403833.731,0.4569,0.5301,0.94,8.9701,12.7074,1.4942,3.7459,4.8559,0.5414,3.3568,762500.0,477400.9225,411505.8385,14083375.0,8817595.0386,19.46,15.92,1.034
601211,国泰君安,证券,上海,20150626,601211.SH,20160902,18.33,18.6,18.25,18.49,18.34,0.15,0.82,259390.29,477570.55,0.5433,0.6303,1.2,8.9798,12.7211,1.4958,3.75,4.8612,0.5408,3.3532,762500.0,477400.9225,411505.8385,14098625.0,8827143.057,,,1.034
601211,国泰君安,证券,上海,20150626,601211.SH,20160901,18.51,18.61,18.31,18.34,18.59,-0.25,-1.34,242728.25,448572.991,0.5084,0.5899,1.06,8.907,12.6179,1.4837,3.7195,4.8217,0.5453,3.3806,762500.0,477400.9225,411505.8385,13984250.0,8755532.9187,,,1.034
601211,国泰君安,证券,上海,20150626,601211.SH,20160831,18.46,18.69,18.38,18.59,18.46,0.13,0.7,243079.15,450714.079,0.5092,0.5907,1.09,9.0284,12.7899,1.5039,3.7703,4.8874,0.5379,3.3351,762500.0,477400.9225,411505.8385,14174875.0,8874883.1493,,,1.034
601211,国泰君安,证券,上海,20150626,601211.SH,20160830,18.46,18.58,18.38,18.46,18.4,0.06,0.33,236759.21,437093.19,0.4959,0.5753,0.97,8.9653,12.7005,1.4934,3.7439,4.8533,0.5417,3.3586,762500.0,477400.9225,411505.8385,14075750.0,8812821.0294,,,1.034
601211,国泰君安,证券,上海,20150626,601211.SH,20160829,18.34,18.46,18.32,18.4,18.41,-0.01,-0.05,172820.25,317795.498,0.362,0.42,0.58,8.9361,12.6592,1.4885,3.7317,4.8375,0.5435,3.3696,762500.0,477400.9225,411505.8385,14030000.0,8784176.974,,,1.034
601211,国泰君安,证券,上海,20150626,601211.SH,20160826,18.52,18.6,18.37,18.41,18.49,-0.08,-0.43,187347.19,346611.003,0.3924,0.4553,0.5,8.941,12.6661,1.4894,3.7337,4.8401,0.5432,3.3677,762500.0,477400.9225,411505.8385,14037625.0,8788950.9832,,,1.034
601211,国泰君安,证券,上海,20150626,601211.SH,20160825,18.33,18.54,18.27,18.49,18.41,0.08,0.43,306928.38,565916.471,0.6429,0.7459,0.77,8.9798,12.7211,1.4958,3.75,4.8612,0.5408,3.3532,762500.0,477400.9225,411505.8385,14098625.0,8827143.057,,,1.034
601211,国泰君安,证券,上海,20150626,601211.SH,20160824,18.45,18.55,18.3,18.41,18.41,0.0,0.0,215060.84,396725.002,0.4505,0.5226,0.48,8.941,12.6661,1.4894,3.7337,4.8401,0.5432,3.3677,762500.0,477400.9225,411505.8385,14037625.0,8788950.9832,,,1.034
601211,国泰君安,证券,上海,20150626,601211.SH,20160823,18.5,18.74,18.3,18.41,18.58,-0.17,-0.92,333859.57,617951.718,0.6993,0.8113,0.67,8.941,12.6661,1.4894,3.7337,4.8401,0.5432,3.3677,762500.0,477400.9225,411505.8385,14037625.0,8788950.9832,,,1.034
601211,国泰君安,证券,上海,20150626,601211.SH,20160822,19.01,19.15,18.56,18.58,19.06,-0.48,-2.52,445737.59,835738.749,0.9337,1.0832,0.64,9.0236,12.7831,1.5024,3.7682,4.8848,0.5382,3.3369,762500.0,477400.9225,411505.8385,14167250.0,8870109.1401,19.98,16.34,1.034
601211,国泰君安,证券,上海,20150626,601211.SH,20160819,18.6,19.11,18.53,19.06,18.6,0.46,2.47,562331.64,1056155.724,1.1779,1.3665,0.8,9.2567,13.1133,1.5412,3.8656,5.011,0.5247,3.2529,762500.0,477400.9225,411505.8385,14533250.0,9099261.5829,,,1.034
601211,国泰君安,证券,上海,20150626,601211.SH,20160818,18.68,18.86,18.5,18.6,18.76,-0.16,-0.85,428810.33,798982.083,0.8982,1.0421,0.63,9.0333,12.7968,1.504,3.7723,4.8901,0.5376,3.3333,762500.0,477400.9225,411505.8385,14182500.0,8879657.1585,,,1.034
601211,国泰君安,证券,上海,20150626,601211.SH,20160817,18.95,19.08,18.61,18.76,18.85,-0.09,-0.48,464872.14,874667.278,0.9738,1.1297,0.74,9.111,12.9069,1.5169,3.8047,4.9322,0.533,3.3049,762500.0,477400.9225,411505.8385,14304500.0,8956041.3061,,,1.034
601211,国泰君安,证券,上海,20150626,601211.SH,20160816,19.05,19.33,18.81,18.85,19.14,-0.29,-1.52,594231.86,1129824.688,1.2447,1.444,1.09,9.1547,12.9688,1.5242,3.823,4.9558,0.5305,3.2891,762500.0,477400.9225,411505.8385,14373125.0,8999007.3891,,,1.034
601211,国泰君安,证券,上海,20150626,601211.SH,20160815,18.49,19.88,18.45,19.14,18.41,0.73,3.97,1443351.67,2755418.396,3.0234,3.5075,4.85,9.2955,13.1683,1.5476,3.8818,5.0321,0.5225,3.2393,762500.0,477400.9225,411505.8385,14594250.0,9137453.6567,,,1.034
601211,国泰君安,证券,上海,20150626,601211.SH,20160812,17.82,18.45,17.82,18.41,17.83,0.58,3.25,570495.78,1036197.642,1.195,1.3864,2.49,8.941,12.6661,1.4886,3.7337,4.8402,0.5432,3.3677,762500.0,477400.9225,411505.8385,14037625.0,8788950.9832,,,1.034
601211,国泰君安,证券,上海,20150626,601211.SH,20160811,17.83,18.09,17.78,17.83,17.78,0.05,0.28,341153.97,611670.583,0.7146,0.829,1.8,8.6593,12.2671,1.4417,3.6161,4.6877,0.5609,3.4773,762500.0,477400.9225,411505.8385,13595375.0,8512058.4482,,,1.034
601211,国泰君安,证券,上海,20150626,601211.SH,20160810,17.88,17.95,17.77,17.78,17.88,-0.1,-0.56,180427.45,322294.255,0.3779,0.4385,1.02,8.635,12.2327,1.4377,3.606,4.6745,0.5624,3.4871,762500.0,477400.9225,411505.8385,13557250.0,8488188.4021,,,1.034
601211,国泰君安,证券,上海,20150626,601211.SH,20160809,17.72,17.92,17.71,17.88,17.76,0.12,0.68,198992.05,354612.721,0.4168,0.4836,1.24,8.6836,12.3015,1.4458,3.6263,4.7008,0.5593,3.4676,762500.0,477400.9225,411505.8385,13633500.0,8535928.4943,,,1.034
601211,国泰君安,证券,上海,20150626,601211.SH,20160808,17.63,17.76,17.52,17.76,17.64,0.12,0.68,197050.99,347982.768,0.4128,0.4789,1.25,8.6253,12.2189,1.4361,3.6019,4.6693,0.5631,3.491,762500.0,477400.9225,411505.8385,13542000.0,8478640.3836,,,1.034
601211,国泰君安,证券,上海,20150626,601211.SH,20160805,17.56,17.78,17.52,17.64,17.58,0.06,0.34,228433.29,402987.601,0.4785,0.5551,1.61,8.567,12.1363,1.4264,3.5776,4.6377,0.5669,3.5147,762500.0,477400.9225,411505.8385,13450500.0,8421352.2729,,,1.034
601211,国泰君安,证券,上海,20150626,601211.SH,20160804,17.56,17.61,17.48,17.58,17.59,-0.01,-0.06,143419.39,251727.517,0.3004,0.3485,0.81,8.5379,12.0951,1.4215,3.5654,4.6219,0.5688,3.5267,762500.0,477400.9225,411505.8385,13404750.0,8392708.2176,,,1.034
601211,国泰君安,证券,上海,20150626,601211.SH,20160803,17.59,17.62,17.51,17.59,17.6,-0.01,-0.06,115670.03,203313.175,0.2423,0.2811,0.42,8.5428,12.1019,1.4223,3.5674,4.6246,0.5685,3.5247,762500.0,477400.9225,411505.8385,13412375.0,8397482.2268,,,1.034
601211,国泰君安,证券,上海,20150626,601211.SH,20160802,17.51,17.63,17.47,17.6,17.49,0.11,0.63,116040.61,203743.746,0.2431,0.282,0.39,8.5476,12.1088,1.4231,3.5695,4.6272,0.5682,3.5227,762500.0,477400.9225,411505.8385,13420000.0,8402256.236,,,1.034
601211,国泰君安,证券,上海,20150626,601211.SH,20160801,17.68,17.74,17.36,17.49,17.69,-0.2,-1.13,183998.83,322728.354,0.3854,0.4471,0.62,8.4942,12.0331,1.4142,3.5472,4.5983,0.5718,3.5449,762500.0,477400.9225,411505.8385,13336125.0,8349742.1345,,,1.034
601211,国泰君安,证券,上海,20150626,601211.SH,20160729,17.77,17.81,17.62,17.69,17.77,-0.08,-0.45,149481.48,264859.161,0.3131,0.3633,0.48,8.5913,8.8509,1.4594,3.5877,3.5282,0.57,3.5,762500.0,477400.9225,411505.8385,13488625.0,8445222.319,,,1.034
601211,国泰君安,证券,上海,20150626,601211.SH,20160728,17.71,17.88,17.54,17.77,17.82,-0.05,-0.28,315016.93,558760.727,0.6599,0.7655,1.02,8.6302,8.8909,1.466,3.6039,3.5442,0.56,3.49,762500.0,477400.9225,411505.8385,13549625.0,8483414.3928,,,1.034
601211,国泰君安,证券,上海,20150626,601211.SH,20160727,18.3,18.32,17.46,17.82,18.32,-0.5,-2.73,601930.14,1074271.547,1.2608,1.4627,2.66,8.6545,8.916,1.4701,3.6141,3.5541,0.56,3.48,762500.0,477400.9225,411505.8385,13587750.0,8507284.439,,,1.034
601211,国泰君安,证券,上海,20150626,601211.SH,20160726,18.12,18.34,18.05,18.32,18.13,0.19,1.05,243151.45,443623.074,0.5093,0.5909,1.05,8.8973,9.1661,1.5114,3.7155,3.6539,0.55,3.38,762500.0,477400.9225,411505.8385,13969000.0,8745984.9002,,,1.034
601211,国泰君安,证券,上海,20150626,601211.SH,20160725,18.05,18.21,18.02,18.13,18.08,0.05,0.28,167112.35,303048.032,0.35,0.4061,0.66,8.805,9.0711,1.4957,3.677,3.616,0.55,3.42,762500.0,477400.9225,411505.8385,13824125.0,8655278.7249,,,1.034
601211,国泰君安,证券,上海,20150626,601211.SH,20160722,18.25,18.28,18.05,18.08,18.28,-0.2,-1.09,234682.48,425554.948,0.4916,0.5703,0.89,8.7807,9.046,1.4916,3.6668,3.606,0.55,3.43,762500.0,477400.9225,411505.8385,13786000.0,8631408.6788,,,1.034
601211,国泰君安,证券,上海,20150626,601211.SH,20160721,18.17,18.41,18.17,18.28,18.19,0.09,0.49,291831.43,534625.008,0.6113,0.7092,1.11,8.8779,9.1461,1.5081,3.7074,3.6459,0.55,3.39,762500.0,477400.9225,411505.8385,13938500.0,8726888.8633,,,1.034
601211,国泰君安,证券,上海,20150626,601211.SH,20160720,18.2,18.35,18.17,18.19,18.26,-0.07,-0.38,194714.07,355486.353,0.4079,0.4732,0.56,8.8342,9.1011,1.5006,3.6891,3.6279,0.55,3.41,762500.0,477400.9225,411505.8385,13869875.0,8683922.7803,,,1.034
601211,国泰君安,证券,上海,20150626,601211.SH,20160719,18.19,18.29,18.05,18.26,18.16,0.1,0.55,264686.51,481034.83,0.5544,0.6432,0.63,8.8681,9.1361,1.5064,3.7033,3.6419,0.55,3.4,762500.0,477400.9225,411505.8385,13923250.0,8717340.8449,,,1.034
601211,国泰君安,证券,上海,20150626,601211.SH,20160718,18.23,18.4,18.11,18.16,18.33,-0.17,-0.93,286684.3,522926.981,0.6005,0.6967,0.65,8.8196,9.0861,1.4982,3.683,3.6219,0.55,3.41,762500.0,477400.9225,411505.8385,13847000.0,8669600.7526,,,1.034
601211,国泰君安,证券,上海,20150626,601211.SH,20160715,18.48,18.55,18.24,18.33,18.46,-0.13,-0.7,283491.56,520050.18,0.5938,0.6889,0.64,8.9021,9.1711,1.5122,3.7175,3.6558,0.55,3.38,762500.0,477400.9225,411505.8385,13976625.0,8750758.9094,,,1.034
601211,国泰君安,证券,上海,20150626,601211.SH,20160714,18.44,18.58,18.32,18.46,18.56,-0.1,-0.54,279401.97,514808.217,0.5853,0.679,0.61,8.9653,9.2362,1.5229,3.7439,3.6818,0.54,3.36,762500.0,477400.9225,411505.8385,14075750.0,8812821.0294,,,1.034
601211,国泰君安,证券,上海,20150626,601211.SH,20160713,18.51,18.85,18.42,18.56,18.46,0.1,0.54,614541.12,1145694.202,1.2873,1.4934,1.54,9.0138,9.2862,1.5312,3.7642,3.7017,0.54,3.34,762500.0,477400.9225,411505.8385,14152000.0,8860561.1216,19.34,15.82,1.034
601211,国泰君安,证券,上海,20150626,601211.SH,20160712,18.05,18.47,18.02,18.46,18.07,0.39,2.16,636941.29,1164711.591,1.3342,1.5478,1.83,8.9653,9.2362,1.5229,3.7439,3.6818,0.54,3.36,762500.0,477400.9225,411505.8385,14075750.0,8812821.0294,,,1.034
601211,国泰君安,证券,上海,20150626,601211.SH,20160711,18.1,18.4,18.04,18.07,18.07,0.0,0.0,398481.04,726398.0,0.8347,0.9683,0.96,8.7759,9.041,1.4907,3.6648,3.604,0.55,3.43,762500.0,477400.9225,411505.8385,13778375.0,8626634.6696,,,1.034
601211,国泰君安,证券,上海,20150626,601211.SH,20160708,18.02,18.19,17.96,18.07,18.06,0.01,0.06,285179.12,515476.811,0.5974,0.693,0.65,8.7759,9.041,1.4907,3.6648,3.604,0.55,3.43,762500.0,477400.9225,411505.8385,13778375.0,8626634.6696,,,1.034
601211,国泰君安,证券,上海,20150626,601211.SH,20160707,18.09,18.18,17.87,18.06,18.12,-0.06,-0.33,339522.21,611322.581,0.7112,0.8251,0.64,8.771,9.036,1.4899,3.6628,3.602,0.55,3.43,762500.0,477400.9225,411505.8385,13770750.0,8621860.6604,,,1.034
601211,国泰君安,证券,上海,20150626,601211.SH,20160706,18.02,18.24,17.9,18.12,18.09,0.03,0.17,331701.08,598588.04,0.6948,0.8061,0.57,8.8002,9.0661,1.4949,3.6749,3.614,0.55,3.42,762500.0,477400.9225,411505.8385,13816500.0,8650504.7157,,,1.034
601211,国泰君安,证券,上海,20150626,601211.SH,20160705,18.15,18.2,17.9,18.09,18.13,-0.04,-0.22,385508.35,697666.696,0.8075,0.9368,0.6,8.7856,9.0511,1.4924,3.6688,3.608,0.55,3.43,762500.0,477400.9225,411505.8385,13793625.0,8636182.688,,,1.034
601211,国泰君安,证券,上海,20150626,601211.SH,20160704,17.56,18.37,17.52,18.13,17.68,0.45,2.55,742072.56,1341016.673,1.5544,1.8033,1.18,8.805,9.0711,1.4957,3.677,3.616,0.55,3.42,762500.0,477400.9225,411505.8385,13824125.0,8655278.7249,,,1.034
601211,国泰君安,证券,上海,20150626,601211.SH,20160701,17.81,17.9,17.61,17.68,17.79,-0.11,-0.62,408530.54,723675.912,0.8557,0.9928,0.68,8.5865,8.8459,1.4586,3.5857,3.5262,0.57,3.51,762500.0,477400.9225,411505.8385,13481000.0,8440448.3098,,,1.034
601211,国泰君安,证券,上海,20150626,601211.SH,20160630,17.42,17.84,17.36,17.79,17.36,0.43,2.48,796796.0,1407189.045,1.669,1.9363,1.67,8.6399,8.901,1.4676,3.608,3.5481,0.56,3.49,762500.0,477400.9225,411505.8385,13564875.0,8492962.4113,,,1.034
601211,国泰君安,证券,上海,20150626,601211.SH,20160629,17.35,17.57,17.31,17.36,17.3,0.06,0.35,571516.88,994527.55,1.1971,1.3888,1.42,8.4311,8.6858,1.4322,3.5208,3.4624,0.58,3.57,762500.0,477400.9225,411505.8385,13237000.0,8287680.0146,,,1.034
601211,国泰君安,证券,上海,20150626,601211.SH,20160628,17.13,17.5,16.96,17.3,17.25,0.05,0.29,692847.06,1190193.56,1.4513,1.6837,2.1,8.4019,8.6558,1.4272,3.5086,3.4504,0.58,3.58,762500.0,477400.9225,411505.8385,13191250.0,8259035.9593,,,1.034
601211,国泰君安,证券,上海,20150626,601211.SH,20160627,17.09,17.27,17.05,17.25,17.2,0.05,0.29,687246.92,1183840.249,1.4396,1.6701,3.09,8.3776,8.6308,1.4231,3.4985,3.4404,0.58,3.59,762500.0,477400.9225,411505.8385,13153125.0,8235165.9131,,,1.034
601211,国泰君安,证券,上海,20150626,601211.SH,20160624,17.48,17.73,16.89,17.2,17.48,-0.28,-1.6,256511.77,444602.725,1.682,1.7214,1.18,8.3533,8.6058,1.419,3.4883,3.4305,0.58,3.6,762500.0,152500.0,149012.1101,13115000.0,2623000.0,,,1.034
601211,国泰君安,证券,上海,20150626,601211.SH,20160623,17.6,17.66,17.29,17.48,17.64,-0.16,-0.91,174599.73,304848.771,1.1449,1.1717,0.79,8.4893,8.7458,1.4421,3.5451,3.4863,0.57,3.55,762500.0,152500.0,149012.1101,13328500.0,2665700.0,,,1.034
601211,国泰君安,证券,上海,20150626,601211.SH,20160622,17.28,17.67,17.21,17.64,17.41,0.23,1.32,204702.37,357392.163,1.3423,1.3737,0.9,8.567,8.8259,1.4553,3.5776,3.5182,0.57,3.51,762500.0,152500.0,149012.1101,13450500.0,2690100.0,,,1.034
601211,国泰君安,证券,上海,20150626,601211.SH,20160621,17.34,18.12,17.34,17.41,17.33,0.08,0.46,329152.84,583244.821,2.1584,2.2089,1.72,8.4553,8.7108,1.4363,3.5309,3.4724,0.57,3.56,762500.0,152500.0,149012.1101,13275125.0,2655025.0,,,1.034
601211,国泰君安,证券,上海,20150626,601211.SH,20160620,17.29,17.38,17.06,17.33,17.3,0.03,0.17,146154.7,251544.047,0.9584,0.9808,0.69,8.4165,8.6708,1.4297,3.5147,3.4564,0.58,3.58,762500.0,152500.0,149012.1101,13214125.0,2642825.0,,,1.034
601211,国泰君安,证券,上海,20150626,601211.SH,20160617,16.96,17.42,16.96,17.3,17.06,0.24,1.41,230650.95,398607.628,1.5125,1.5479,1.15,8.4019,8.6558,1.4272,3.5086,3.4504,0.58,3.58,762500.0,152500.0,149012.1101,13191250.0,2638250.0,,,1.034
601211,国泰君安,证券,上海,20150626,601211.SH,20160616,17.32,17.37,17.0,17.06,17.42,-0.36,-2.07,195084.83,334506.335,1.2792,1.3092,0.97,8.2854,8.5357,1.4074,3.46,3.4025,0.59,3.63,762500.0,152500.0,149012.1101,13008250.0,2601650.0,,,1.034
601211,国泰君安,证券,上海,20150626,601211.SH,20160615,16.87,17.66,16.82,17.42,17.26,0.16,0.93,237471.81,412054.725,1.5572,1.5936,1.3,8.4602,8.7158,1.4371,3.533,3.4744,0.57,3.56,762500.0,152500.0,149012.1101,13282750.0,2656550.0,,,1.034
601211,国泰君安,证券,上海,20150626,601211.SH,20160614,16.76,17.3,16.76,17.26,16.89,0.37,2.19,149571.38,253690.919,0.9808,1.0038,0.74,8.3825,8.6358,1.4239,3.5005,3.4424,0.58,3.59,762500.0,152500.0,149012.1101,13160750.0,2632150.0,,,1.034
601211,国泰君安,证券,上海,20150626,601211.SH,20160613,17.62,17.62,16.85,16.89,17.73,-0.84,-4.74,248530.57,430496.5,1.6297,1.6679,1.3,8.2028,8.4507,1.3934,3.4255,3.3686,0.59,3.67,762500.0,152500.0,149012.1101,12878625.0,2575725.0,,,1.034
601211,国泰君安,证券,上海,20150626,601211.SH,20160608,17.9,17.9,17.64,17.73,17.82,-0.09,-0.51,175985.69,312334.539,1.154,1.181,0.74,8.6107,8.8709,1.4627,3.5958,3.5362,0.56,3.5,762500.0,152500.0,149012.1101,13519125.0,2703825.0,,,1.034
601211,国泰君安,证券,上海,20150626,601211.SH,20160607,18.31,18.42,18.22,18.34,18.25,0.09,0.49,195240.91,357794.644,1.2803,1.3102,0.61,8.907,9.1761,1.4508,3.7195,3.6578,0.55,0.55,762500.0,152500.0,149012.1101,13984250.0,2796850.0,,,1.034
601211,国泰君安,证券,上海,20150626,601211.SH,20160606,18.32,18.36,18.19,18.25,18.32,-0.07,-0.38,143982.37,262840.335,0.9441,0.9662,0.46,8.8633,9.1311,1.4436,3.7013,3.6399,0.55,0.55,762500.0,152500.0,149012.1101,13915625.0,2783125.0,,,1.034
601211,国泰君安,证券,上海,20150626,601211.SH,20160603,18.28,18.45,18.15,18.32,18.27,0.05,0.27,250302.43,458049.363,1.6413,1.6797,0.88,8.8973,9.1661,1.4492,3.7155,3.6539,0.55,0.55,762500.0,152500.0,149012.1101,13969000.0,2793800.0,,,1.034
601211,国泰君安,证券,上海,20150626,601211.SH,20160602,18.26,18.33,18.1,18.27,18.26,0.01,0.05,190118.73,346576.168,1.2467,1.2759,0.69,8.873,9.1411,1.4452,3.7054,3.6439,0.55,0.55,762500.0,152500.0,149012.1101,13930875.0,2786175.0,,,1.034
601211,国泰君安,证券,上海,20150626,601211.SH,20160601,18.4,18.46,18.14,18.26,18.39,-0.13,-0.71,409383.81,748595.347,2.6845,2.7473,1.9,8.8681,9.1361,1.4444,3.7033,3.6419,0.55,0.55,762500.0,152500.0,149012.1101,13923250.0,2784650.0,,,1.034
601211,国泰君安,证券,上海,20150626,601211.SH,20160531,17.3,18.45,17.3,18.39,17.33,1.06,6.12,616128.36,1122870.128,4.0402,4.1348,5.2,8.9313,9.2012,1.4547,3.7297,3.6678,0.54,0.54,762500.0,152500.0,149012.1101,14022375.0,2804475.0,,,1.034
601211,国泰君安,证券,上海,20150626,601211.SH,20160530,17.19,17.38,17.1,17.33,17.23,0.1,0.58,114444.4,197470.605,0.7505,0.768,0.9,8.4165,8.6708,1.3709,3.5147,3.4564,0.58,0.58,762500.0,152500.0,149012.1101,13214125.0,2642825.0,,,1.034
601211,国泰君安,证券,上海,20150626,601211.SH,20160527,17.22,17.36,17.17,17.23,17.29,-0.06,-0.35,99223.64,171283.411,0.6506,0.6659,0.74,8.3679,8.6208,1.363,3.4944,3.4365,0.58,0.58,762500.0,152500.0,149012.1101,13137875.0,2627575.0,,,1.034
601211,国泰君安,证券,上海,20150626,601211.SH,20160526,17.25,17.33,17.07,17.29,17.22,0.07,0.41,128715.45,221053.293,0.844,0.8638,0.97,8.3971,8.6508,1.3677,3.5066,3.4484,0.58,0.58,762500.0,152500.0,149012.1101,13183625.0,2636725.0,,,1.034
601211,国泰君安,证券,上海,20150626,601211.SH,20160525,17.29,17.45,17.2,17.22,17.21,0.01,0.06,120674.32,209180.183,0.7913,0.8098,0.81,8.3631,8.6158,1.3622,3.4924,3.4345,0.58,0.58,762500.0,152500.0,149012.1101,13130250.0,2626050.0,,,1.034
601211,国泰君安,证券,上海,20150626,601211.SH,20160524,17.4,17.4,17.13,17.21,17.41,-0.2,-1.15,129318.63,222694.499,0.848,0.8678,0.84,8.3582,8.6108,1.3614,3.4904,3.4325,0.58,0.58,762500.0,152500.0,149012.1101,13122625.0,2624525.0,,,1.034
601211,国泰君安,证券,上海,20150626,601211.SH,20160523,17.37,17.56,17.33,17.41,17.37,0.04,0.23,160297.06,279600.982,1.0511,1.0757,1.11,8.4553,8.7108,1.3772,3.5309,3.4724,0.57,0.57,762500.0,152500.0,149012.1101,13275125.0,2655025.0,,,1.034
601211,国泰君安,证券,上海,20150626,601211.SH,20160520,17.11,17.37,17.08,17.37,17.24,0.13,0.75,128927.18,222566.388,0.8454,0.8652,0.89,8.4359,8.6908,1.374,3.5228,3.4644,0.58,0.58,762500.0,152500.0,149012.1101,13244625.0,2648925.0,,,1.034
601211,国泰君安,证券,上海,20150626,601211.SH,20160519,17.24,17.39,17.17,17.24,17.33,-0.09,-0.52,121042.31,209362.141,0.7937,0.8123,0.76,8.3728,8.6258,1.3638,3.4965,3.4384,0.58,0.58,762500.0,152500.0,149012.1101,13145500.0,2629100.0,,,1.034
601211,国泰君安,证券,上海,20150626,601211.SH,20160518,17.34,17.37,17.1,17.33,17.4,-0.07,-0.4,206362.16,355946.878,1.3532,1.3849,1.4,8.4165,8.6708,1.3709,3.5147,3.4564,0.58,0.58,762500.0,152500.0,149012.1101,13214125.0,2642825.0,,,1.034
601211,国泰君安,证券,上海,20150626,601211.SH,20160517,17.35,17.56,17.22,17.4,17.3,0.1,0.58,151652.67,263435.913,0.9944,1.0177,0.97,8.4505,8.7058,1.3764,3.5289,3.4704,0.57,0.57,762500.0,152500.0,149012.1101,13267500.0,2653500.0,,,1.034
601211,国泰君安,证券,上海,20150626,601211.SH,20160516,17.05,17.31,17.03,17.3,17.17,0.13,0.76,111139.22,191036.841,0.7288,0.7458,0.6,8.4019,8.6558,1.3685,3.5086,3.4504,0.58,0.58,762500.0,152500.0,149012.1101,13191250.0,2638250.0,,,1.034
601211,国泰君安,证券,上海,20150626,601211.SH,20160513,17.28,17.45,17.08,17.17,17.29,-0.12,-0.69,133521.31,230362.112,0.8755,0.896,0.6,8.3388,8.5907,1.3582,3.4823,3.4245,0.58,0.58,762500.0,152500.0,149012.1101,13092125.0,2618425.0,,,1.005
601211,国泰君安,证券,上海,20150626,601211.SH,20160512,17.2,17.35,17.02,17.29,17.29,0.0,0.0,189597.53,325661.872,1.2433,1.2724,0.89,8.3971,8.6508,1.3677,3.5066,3.4484,0.58,0.58,762500.0,152500.0,149012.1101,13183625.0,2636725.0,,,1.005
601211,国泰君安,证券,上海,20150626,601211.SH,20160511,17.44,17.45,17.22,17.29,17.27,0.02,0.12,151348.09,262609.669,0.9924,1.0157,0.67,8.3971,8.6508,1.3677,3.5066,3.4484,0.58,0.58,762500.0,152500.0,149012.1101,13183625.0,2636725.0,,,1.005
601211,国泰君安,证券,上海,20150626,601211.SH,20160510,17.38,17.5,17.18,17.27,17.41,-0.14,-0.8,196026.36,339873.519,1.2854,1.3155,0.77,8.3873,8.6408,1.3661,3.5025,3.4444,0.58,0.58,762500.0,152500.0,149012.1101,13168375.0,2633675.0,,,1.005
601211,国泰君安,证券,上海,20150626,601211.SH,20160509,17.83,17.83,17.34,17.41,17.99,-0.58,-3.22,258682.67,453913.887,1.6963,1.736,1.11,8.4553,8.7108,1.3772,3.5309,3.4724,0.57,0.57,762500.0,152500.0,149012.1101,13275125.0,2655025.0,,,1.005
601211,国泰君安,证券,上海,20150626,601211.SH,20160506,18.58,18.64,17.98,17.99,18.51,-0.52,-2.81,311583.19,569997.014,2.0432,2.091,1.45,8.737,9.001,1.4231,3.6486,3.588,0.56,0.56,762500.0,152500.0,149012.1101,13717375.0,2743475.0,,,1.005
601211,国泰君安,证券,上海,20150626,601211.SH,20160505,18.5,18.56,18.42,18.51,18.51,0.0,0.0,153426.54,284038.01,1.0061,1.0296,0.7,8.9896,9.2612,1.4642,3.754,3.6917,0.54,0.54,762500.0,152500.0,149012.1101,14113875.0,2822775.0,,,1.005
601211,国泰君安,证券,上海,20150626,601211.SH,20160504,18.52,18.62,18.42,18.51,18.63,-0.12,-0.64,210853.04,390597.84,1.3826,1.415,1.03,8.9896,9.2612,1.4642,3.754,3.6917,0.54,0.54,762500.0,152500.0,149012.1101,14113875.0,2822775.0,,,1.005
601211,国泰君安,证券,上海,20150626,601211.SH,20160503,18.32,18.78,18.22,18.63,18.28,0.35,1.91,343177.72,637700.157,2.2503,2.303,2.09,9.0478,9.3212,1.4737,3.7784,3.7157,0.54,0.54,762500.0,152500.0,149012.1101,14205375.0,2841075.0,,,1.005
601211,国泰君安,证券,上海,20150626,601211.SH,20160429,18.25,18.42,18.18,18.28,18.31,-0.03,-0.16,146016.56,267207.556,0.9575,0.9799,0.9,8.8779,9.1461,1.446,3.7074,3.6459,0.55,0.55,762500.0,152500.0,149012.1101,13938500.0,2787700.0,,,1.005
601211,国泰君安,证券,上海,20150626,601211.SH,20160428,18.66,18.68,18.21,18.31,18.57,-0.26,-1.4,222807.91,409413.57,1.461,1.4952,1.44,8.8924,9.1611,1.4484,3.7135,3.6519,0.55,0.55,762500.0,152500.0,149012.1101,13961375.0,2792275.0,,,1.005
601211,国泰君安,证券,上海,20150626,601211.SH,20160427,18.76,18.93,18.51,18.57,18.87,-0.3,-1.59,175951.8,329263.812,1.1538,1.1808,0.86,9.0187,9.2912,1.469,3.7662,3.7037,0.54,0.54,762500.0,152500.0,149012.1101,14159625.0,2831925.0,,,1.005
601211,国泰君安,证券,上海,20150626,601211.SH,20160426,18.75,18.94,18.59,18.87,18.7,0.17,0.91,134993.36,253490.94,0.8852,0.9059,0.65,9.1644,9.4413,1.4927,3.827,3.7635,0.53,0.53,762500.0,152500.0,149012.1101,14388375.0,2877675.0,,,1.005
601211,国泰君安,证券,上海,20150626,601211.SH,20160425,18.92,18.92,18.46,18.7,18.91,-0.21,-1.11,139725.03,260463.992,0.9162,0.9377,0.62,9.0818,9.3563,1.4792,3.7926,3.7296,0.53,0.53,762500.0,152500.0,149012.1101,14258750.0,2851750.0,,,1.005
601211,国泰君安,证券,上海,20150626,601211.SH,20160422,18.66,18.98,18.59,18.91,18.78,0.13,0.69,141687.9,267028.656,0.9291,0.9503,0.6,21.3363,9.1837,1.5126,8.0635,3.8317,0.5288,0.5288,762500.0,152500.0,149091.1101,14418875.0,2883775.0,,,1.005
601211,国泰君安,证券,上海,20150626,601211.SH,20160421,18.88,19.07,18.75,18.78,19.06,-0.28,-1.47,182611.45,345397.658,1.1975,1.2248,0.74,21.1896,9.1206,1.5022,8.0081,3.8053,0.5325,0.5325,762500.0,152500.0,149091.1101,14319750.0,2863950.0,,,1.005
601211,国泰君安,证券,上海,20150626,601211.SH,20160420,19.43,19.47,18.5,19.06,19.39,-0.33,-1.7,418421.04,790139.236,2.7437,2.8065,1.32,21.5055,9.2566,1.5246,8.1275,3.8621,0.5247,0.5247,762500.0,152500.0,149091.1101,14533250.0,2906650.0,,,1.005
601211,国泰君安,证券,上海,20150626,601211.SH,20160419,19.51,19.54,19.25,19.39,19.31,0.08,0.41,151307.84,292920.328,0.9922,1.0149,0.46,21.8779,9.4168,1.551,8.2682,3.9289,0.5157,0.5157,762500.0,152500.0,149091.1101,14784875.0,2956975.0,,,1.005
601211,国泰君安,证券,上海,20150626,601211.SH,20160418,19.68,19.69,19.26,19.31,19.85,-0.54,-2.72,236422.22,458675.57,1.5503,1.5858,0.62,21.7876,9.378,1.5446,8.2341,3.9127,0.5179,0.5179,762500.0,152500.0,149091.1101,14723875.0,2944775.0,,,1.005
601211,国泰君安,证券,上海,20150626,601211.SH,20160415,20.05,20.05,19.76,19.85,20.0,-0.15,-0.75,193117.16,383332.63,1.2663,1.2953,0.49,22.3969,9.6402,1.5878,8.4644,4.0222,0.5038,0.5038,762500.0,152500.0,149091.1101,15135625.0,3027125.0,,,1.005
601211,国泰君安,证券,上海,20150626,601211.SH,20160414,20.07,20.11,19.81,20.0,19.94,0.06,0.3,235101.07,468690.605,1.5416,1.5769,0.59,22.5661,9.7131,1.5998,8.5283,4.0525,0.5,0.5,762500.0,152500.0,149091.1101,15250000.0,3050000.0,,,1.005
601211,国泰君安,证券,上海,20150626,601211.SH,20160413,19.54,20.42,19.53,19.94,19.39,0.55,2.84,772959.67,1553531.543,5.0686,5.1845,2.62,22.4984,9.684,1.595,8.5027,4.0404,0.5015,0.5015,762500.0,152500.0,149091.1101,15204250.0,3040850.0,,,1.005
601211,国泰君安,证券,上海,20150626,601211.SH,20160412,19.45,19.6,19.2,19.39,19.52,-0.13,-0.67,224590.05,435209.529,1.4727,1.5064,0.69,21.8779,9.4168,1.551,8.2682,3.9289,0.5157,0.5157,762500.0,152500.0,149091.1101,14784875.0,2956975.0,,,1.005
601211,国泰君安,证券,上海,20150626,601211.SH,20160411,19.53,19.9,19.46,19.52,18.88,0.64,3.39,482939.19,948430.201,3.1668,3.2392,1.71,22.0246,9.48,1.5614,8.3236,3.9553,0.5123,0.5123,762500.0,152500.0,149091.1101,14884000.0,2976800.0,,,1.005
601211,国泰君安,证券,上海,20150626,601211.SH,20160408,19.0,19.12,18.72,18.88,19.19,-0.31,-1.62,245585.46,463651.01,1.6104,1.6472,0.74,21.3024,9.1692,1.5102,8.0507,3.8256,0.5297,0.5297,762500.0,152500.0,149091.1101,14396000.0,2879200.0,,,1.005
601211,国泰君安,证券,上海,20150626,601211.SH,20160407,19.75,19.82,19.17,19.19,19.65,-0.46,-2.34,259942.08,504898.351,1.7045,1.7435,0.74,21.6522,9.3197,1.535,8.1829,3.8884,0.5211,0.5211,762500.0,152500.0,149091.1101,14632375.0,2926475.0,,,1.005
601211,国泰君安,证券,上海,20150626,601211.SH,20160406,19.65,19.85,19.51,19.65,19.8,-0.15,-0.76,260600.8,513121.65,1.7089,1.7479,0.73,22.1712,9.5431,1.5718,8.3791,3.9816,0.5089,0.5089,762500.0,152500.0,149091.1101,14983125.0,2996625.0,,,1.005
601211,国泰君安,证券,上海,20150626,601211.SH,20160405,19.45,20.02,19.45,19.8,19.58,0.22,1.12,370689.4,733529.747,2.4308,2.4863,1.09,22.3405,9.616,1.5838,8.443,4.012,0.5051,0.5051,762500.0,152500.0,149091.1101,15097500.0,3019500.0,,,1.005
601211,国泰君安,证券,上海,20150626,601211.SH,20160401,19.59,19.84,19.21,19.58,19.71,-0.13,-0.66,276768.86,539558.097,1.8149,1.8564,0.8,22.0923,9.5091,1.5662,8.3492,3.9674,0.5107,0.5107,762500.0,152500.0,149091.1101,14929750.0,2985950.0,,,1.005
601211,国泰君安,证券,上海,20150626,601211.SH,20160331,19.52,20.13,19.4,19.71,19.44,0.27,1.39,486404.16,959380.395,3.1895,3.2625,1.42,22.2389,9.5723,1.5766,8.4047,3.9938,0.5074,0.5074,762500.0,152500.0,149091.1101,15028875.0,3005775.0,,,1.005
601211,国泰君安,证券,上海,20150626,601211.SH,20160330,19.1,19.48,19.1,19.44,18.85,0.59,3.13,358140.62,693561.565,2.3485,2.4022,0.95,21.9343,9.4411,1.555,8.2895,3.9391,0.5144,0.5144,762500.0,152500.0,149091.1101,14823000.0,2964600.0,,,1.005
601211,国泰君安,证券,上海,20150626,601211.SH,20160329,19.13,19.26,18.7,18.85,19.05,-0.2,-1.05,287981.9,547368.834,1.8884,1.9316,0.6,21.2686,9.1546,1.5078,8.0379,3.8195,0.5305,0.5305,762500.0,152500.0,149091.1101,14373125.0,2874625.0,,,1.005
601211,国泰君安,证券,上海,20150626,601211.SH,20160328,19.35,19.61,19.03,19.05,19.36,-0.31,-1.6,288240.13,556924.412,1.8901,1.9333,0.39,21.4942,9.2517,1.5238,8.1232,3.86,0.5249,0.5249,762500.0,152500.0,149091.1101,14525625.0,2905125.0,,,1.005
601211,国泰君安,证券,上海,20150626,601211.SH,20160325,19.03,19.43,19.02,19.36,19.11,0.25,1.31,300555.67,578696.583,1.9709,2.0159,0.37,21.844,9.4023,1.5486,8.2554,3.9229,0.5165,0.5165,762500.0,152500.0,149091.1101,14762000.0,2952400.0,,,1.005
601211,国泰君安,证券,上海,20150626,601211.SH,20160324,19.65,19.66,19.09,19.11,19.98,-0.87,-4.35,482882.63,936270.886,3.1664,3.2388,0.58,21.5619,9.2809,1.5286,8.1488,3.8722,0.5233,0.5233,762500.0,152500.0,149091.1101,14571375.0,2914275.0,,,1.005
601211,国泰君安,证券,上海,20150626,601211.SH,20160323,19.7,20.15,19.4,19.98,19.84,0.14,0.71,533305.54,1052709.584,3.4971,3.577,0.66,22.5436,9.7034,1.5982,8.5198,4.0485,0.5005,0.5005,762500.0,152500.0,149091.1101,15234750.0,3046950.0,21.84,17.87,1.005
601211,国泰君安,证券,上海,20150626,601211.SH,20160322,20.1,20.39,19.73,19.84,20.61,-0.77,-3.74,803865.93,1608848.86,5.2713,5.3918,1.15,22.3856,9.6354,1.587,8.4601,4.0201,0.504,0.504,762500.0,152500.0,149091.1101,15128000.0,3025600.0,,,1.005
601211,国泰君安,证券,上海,20150626,601211.SH,20160321,19.35,20.61,19.28,20.61,18.74,1.87,9.98,1594448.51,3228003.822,10.4554,10.6945,3.36,23.2544,10.0093,1.6486,8.7884,4.1761,0.4852,0.4852,762500.0,152500.0,149091.1101,15715125.0,3143025.0,,,1.005
601211,国泰君安,证券,上海,20150626,601211.SH,20160318,18.29,18.95,18.19,18.74,18.2,0.54,2.97,695811.5,1298000.761,4.5627,4.667,1.75,21.1445,9.1012,1.499,7.991,3.7972,0.5336,0.5336,762500.0,152500.0,149091.1101,14289250.0,2857850.0,,,1.005
601211,国泰君安,证券,上海,20150626,601211.SH,20160317,17.8,18.43,17.74,18.2,17.74,0.46,2.59,537586.76,973351.416,3.5252,3.6058,1.62,20.5352,8.8389,1.4558,7.7608,3.6878,0.5495,0.5495,762500.0,152500.0,149091.1101,13877500.0,2775500.0,,,1.005
601211,国泰君安,证券,上海,20150626,601211.SH,20160316,17.65,17.93,17.59,17.74,17.68,0.06,0.34,389488.04,691607.686,2.554,2.6124,1.23,20.0162,8.6155,1.419,7.5646,3.5946,0.5637,0.5637,762500.0,152500.0,149091.1101,13526750.0,2705350.0,,,1.005
601211,国泰君安,证券,上海,20150626,601211.SH,20160315,17.76,17.85,17.47,17.68,17.84,-0.16,-0.9,277434.85,489278.975,1.8192,1.8608,0.82,19.9485,8.5864,1.4142,7.539,3.5824,0.5656,0.5656,762500.0,152500.0,149091.1101,13481000.0,2696200.0,,,1.005
601211,国泰君安,证券,上海,20150626,601211.SH,20160314,17.6,18.25,17.51,17.84,17.44,0.4,2.29,472740.33,847933.563,3.0999,3.1708,1.47,20.129,8.6641,1.427,7.6073,3.6149,0.5605,0.5605,762500.0,152500.0,149091.1101,13603000.0,2720600.0,,,1.005
601211,国泰君安,证券,上海,20150626,601211.SH,20160311,17.14,17.54,17.0,17.44,17.27,0.17,0.98,312525.76,539941.346,2.0493,2.0962,0.84,19.6777,8.4698,1.395,7.4367,3.5338,0.5734,0.5734,762500.0,152500.0,149091.1101,13298000.0,2659600.0,,,1.005
601211,国泰君安,证券,上海,20150626,601211.SH,20160310,17.65,17.79,17.2,17.27,17.77,-0.5,-2.81,210804.95,370239.321,1.3823,1.4139,0.51,19.4859,8.3873,1.3814,7.3642,3.4994,0.579,0.579,762500.0,152500.0,149091.1101,13168375.0,2633675.0,,,1.005
601211,国泰君安,证券,上海,20150626,601211.SH,20160309,17.65,17.8,17.38,17.77,18.0,-0.23,-1.28,312373.35,549583.058,2.0483,2.0952,0.67,20.05,8.6301,1.4214,7.5774,3.6007,0.5627,0.5627,762500.0,152500.0,149091.1101,13549625.0,2709925.0,,,1.005
601211,国泰君安,证券,上海,20150626,601211.SH,20160308,17.94,18.04,17.25,18.0,18.02,-0.02,-0.11,377997.5,664495.488,2.4787,2.5353,0.8,20.3095,8.7418,1.4398,7.6755,3.6473,0.5556,0.5556,762500.0,152500.0,149091.1101,13725000.0,2745000.0,,,1.005
601211,国泰君安,证券,上海,20150626,601211.SH,20160307,18.07,18.3,17.87,18.02,17.81,0.21,1.18,397178.07,718810.05,2.6044,2.664,0.84,20.3321,8.7515,1.4414,7.684,3.6513,0.5549,0.5549,762500.0,152500.0,149091.1101,13740250.0,2748050.0,,,1.005
601211,国泰君安,证券,上海,20150626,601211.SH,20160304,17.69,17.88,17.3,17.81,17.63,0.18,1.02,562113.36,993302.498,3.686,3.6984,1.35,20.0951,8.6495,1.4246,7.5945,3.6088,0.5615,0.5615,762500.0,152500.0,151990.0,13580125.0,2716025.0,,,1.005
601211,国泰君安,证券,上海,20150626,601211.SH,20160303,17.77,17.85,17.5,17.63,17.73,-0.1,-0.56,428554.12,758316.929,2.8102,2.8196,1.04,19.8921,8.5621,1.4102,7.5177,3.5723,0.5672,0.5672,762500.0,152500.0,151990.0,13442875.0,2688575.0,21.3,17.42,1.005
601211,国泰君安,证券,上海,20150626,601211.SH,20160302,17.04,17.9,16.82,17.73,16.91,0.82,4.85,572713.38,999625.683,3.7555,3.7681,1.64,20.0049,8.6107,1.4182,7.5604,3.5926,0.564,0.564,762500.0,152500.0,151990.0,13519125.0,2703825.0,,,1.005
601211,国泰君安,证券,上海,20150626,601211.SH,20160301,16.42,17.5,16.3,16.91,16.34,0.57,3.49,401717.44,672263.463,2.6342,2.6431,1.19,19.0797,8.2124,1.3526,7.2107,3.4264,0.5914,0.5914,762500.0,152500.0,151990.0,12893875.0,2578775.0,,,1.005
601211,国泰君安,证券,上海,20150626,601211.SH,20160229,16.78,16.79,15.97,16.34,16.9,-0.56,-3.31,407678.66,661460.953,2.6733,2.6823,1.08,18.4365,7.9356,1.307,6.9676,3.3109,0.612,0.612,762500.0,152500.0,151990.0,12459250.0,2491850.0,,,1.005
601211,国泰君安,证券,上海,20150626,601211.SH,20160226,16.99,17.09,16.51,16.9,16.75,0.15,0.9,263969.69,445817.255,1.7309,1.7368,0.71,19.0684,8.2076,1.3518,7.2064,3.4244,0.5917,0.5917,762500.0,152500.0,151990.0,12886250.0,2577250.0,,,1.005
601211,国泰君安,证券,上海,20150626,601211.SH,20160225,18.14,18.14,16.5,16.75,18.12,-1.37,-7.56,414232.76,718055.137,2.7163,2.7254,1.13,18.8991,8.1347,1.3398,7.1425,3.394,0.597,0.597,762500.0,152500.0,151990.0,12771875.0,2554375.0,,,1.005
601211,国泰君安,证券,上海,20150626,601211.SH,20160224,17.91,18.13,17.68,18.12,17.99,0.13,0.72,256835.72,460562.312,1.6842,1.6898,0.64,20.4449,8.8001,1.4494,7.7267,3.6716,0.5519,0.5519,762500.0,152500.0,151990.0,13816500.0,2763300.0,,,1.005
601211,国泰君安,证券,上海,20150626,601211.SH,20160223,18.2,18.32,17.7,17.99,18.3,-0.31,-1.69,344265.1,619992.817,2.2575,2.2651,0.83,20.2982,8.7369,1.439,7.6712,3.6453,0.5559,0.5559,762500.0,152500.0,151990.0,13717375.0,2743475.0,,,1.005
601211,国泰君安,证券,上海,20150626,601211.SH,20160222,17.75,18.47,17.73,18.3,17.54,0.76,4.33,608012.47,1102323.83,3.987,4.0003,1.74,20.648,8.8875,1.4638,7.8034,3.7081,0.5464,0.5464,762500.0,152500.0,151990.0,13953750.0,2790750.0,,,1.005
601211,国泰君安,证券,上海,20150626,601211.SH,20160219,17.51,17.65,17.39,17.54,17.57,-0.03,-0.17,235325.86,412050.351,1.5431,1.5483,0.62,19.7905,8.5184,1.403,7.4793,3.5541,0.5701,0.5701,762500.0,152500.0,151990.0,13374250.0,2674850.0,,,1.005
601211,国泰君安,证券,上海,20150626,601211.SH,20160218,17.71,18.06,17.55,17.57,17.62,-0.05,-0.28,390407.72,694989.238,2.5601,2.5686,1.1,19.8244,8.533,1.4054,7.4921,3.5602,0.5692,0.5692,762500.0,152500.0,151990.0,13397125.0,2679425.0,,,1.005
601211,国泰君安,证券,上海,20150626,601211.SH,20160217,17.51,17.66,17.37,17.62,17.59,0.03,0.17,440654.96,771474.722,2.8895,2.8992,1.44,19.8808,8.5572,1.4094,7.5134,3.5703,0.5675,0.5675,762500.0,152500.0,151990.0,13435250.0,2687050.0,,,1.005
601211,国泰君安,证券,上海,20150626,601211.SH,20160216,17.01,17.66,17.01,17.59,16.93,0.66,3.9,408183.46,713352.449,2.6766,2.6856,1.4,19.8469,8.5427,1.407,7.5007,3.5642,0.5685,0.5685,762500.0,152500.0,151990.0,13412375.0,2682475.0,,,1.005
601211,国泰君安,证券,上海,20150626,601211.SH,20160215,16.58,17.03,16.45,16.93,17.16,-0.23,-1.34,271888.77,455253.837,1.7829,1.7889,0.93,19.1022,8.2221,1.3542,7.2192,3.4305,0.5907,0.5907,762500.0,152500.0,151990.0,12909125.0,2581825.0,,,1.005
601211,国泰君安,证券,上海,20150626,601211.SH,20160205,17.4,17.48,16.8,17.16,17.69,-0.53,-3.0,377701.18,650177.273,2.4767,2.485,1.13,19.3617,8.3338,1.3726,7.3173,3.4771,0.5828,0.5828,762500.0,152500.0,151990.0,13084500.0,2616900.0,,,1.005
601211,国泰君安,证券,上海,20150626,601211.SH,20160204,17.47,17.85,17.45,17.69,17.38,0.31,1.78,270517.3,478137.446,1.7739,1.7798,0.73,19.9598,8.5912,1.415,7.5433,3.5845,0.5653,0.5653,762500.0,152500.0,151990.0,13488625.0,2697725.0,,,1.005
601211,国泰君安,证券,上海,20150626,601211.SH,20160203,17.23,17.45,17.13,17.38,17.48,-0.1,-0.57,203568.38,351315.002,1.3349,1.3394,0.44,19.61,8.4407,1.3902,7.4111,3.5217,0.5754,0.5754,762500.0,152500.0,151990.0,13252250.0,2650450.0,,,1.005
601211,国泰君安,证券,上海,20150626,601211.SH,20160202,17.06,17.65,17.06,17.48,17.06,0.42,2.46,330571.1,576514.955,2.1677,2.175,0.67,19.7228,8.4892,1.3982,7.4537,3.5419,0.5721,0.5721,762500.0,152500.0,151990.0,13328500.0,2665700.0,,,1.005
601211,国泰君安,证券,上海,20150626,601211.SH,20160201,17.16,17.38,16.8,17.06,17.38,-0.32,-1.84,273381.01,467521.157,1.7927,1.7987,0.58,19.2489,8.2853,1.3646,7.2747,3.4568,0.5862,0.5862,762500.0,152500.0,151990.0,13008250.0,2601650.0,,,1.005
601211,国泰君安,证券,上海,20150626,601211.SH,20160129,16.6,17.68,16.6,17.38,16.54,0.84,5.08,593353.86,1025431.824,3.8908,3.9039,1.47,19.61,8.4407,1.3902,7.4111,3.5217,0.5754,0.5754,762500.0,152500.0,151990.0,13252250.0,2650450.0,,,1.005
601211,国泰君安,证券,上海,20150626,601211.SH,20160128,16.66,17.27,16.48,16.54,16.84,-0.3,-1.78,443866.47,747630.588,2.9106,2.9204,1.19,18.6622,8.0327,1.323,7.0529,3.3515,0.6046,0.6046,762500.0,152500.0,151990.0,12611750.0,2522350.0,,,1.005
601211,国泰君安,证券,上海,20150626,601211.SH,20160127,17.3,17.45,16.25,16.84,17.21,-0.37,-2.15,676077.57,1135013.706,4.4333,4.4482,2.29,19.0007,8.1784,1.347,7.1808,3.4122,0.5938,0.5938,762500.0,152500.0,151990.0,12840500.0,2568100.0,,,1.005
601211,国泰君安,证券,上海,20150626,601211.SH,20160126,18.92,18.99,17.21,17.21,19.12,-1.91,-9.99,466167.32,840915.626,3.0568,3.0671,1.68,19.4182,8.8753,1.4345,7.3386,3.6146,0.58,0.58,762500.0,152500.0,151990.0,13122625.0,2624525.0,,,1.005
601211,国泰君安,证券,上海,20150626,601211.SH,20160125,19.13,19.34,19.01,19.12,19.04,0.08,0.42,177203.61,339611.139,1.162,1.1659,0.62,21.5732,9.8603,1.5938,8.1531,4.0158,0.52,0.52,762500.0,152500.0,151990.0,14579000.0,2915800.0,,,1.005
601211,国泰君安,证券,上海,20150626,601211.SH,20160122,19.15,19.25,18.6,19.04,18.89,0.15,0.79,250335.28,474830.988,1.6415,1.6471,0.82,21.483,9.8191,1.5871,8.119,3.999,0.53,0.53,762500.0,152500.0,151990.0,14518000.0,2903600.0,,,1.005
601211,国泰君安,证券,上海,20150626,601211.SH,20160121,19.33,19.85,18.85,18.89,19.64,-0.75,-3.82,288008.55,556747.711,1.8886,1.8949,0.9,21.3137,9.7417,1.5746,8.055,3.9675,0.53,0.53,762500.0,152500.0,151990.0,14403625.0,2880725.0,,,1.005
601211,国泰君安,证券,上海,20150626,601211.SH,20160120,19.85,19.96,19.45,19.64,19.86,-0.22,-1.11,292061.06,576065.567,1.9152,1.9216,0.88,22.1599,10.1285,1.6371,8.3748,4.125,0.51,0.51,762500.0,152500.0,151990.0,14975500.0,2995100.0,,,1.005
601211,国泰君安,证券,上海,20150626,601211.SH,20160119,19.35,20.0,19.05,19.86,19.32,0.54,2.8,382112.75,752121.67,2.5057,2.5141,1.17,22.4082,10.2419,1.6554,8.4686,4.1712,0.5,0.5,762500.0,152500.0,151990.0,15143250.0,3028650.0,,,1.005
601211,国泰君安,证券,上海,20150626,601211.SH,20160118,18.9,19.65,18.81,19.32,19.31,0.01,0.05,224122.29,433041.841,1.4697,1.4746,0.59,21.7989,9.9635,1.6104,8.2384,4.0578,0.52,0.52,762500.0,152500.0,151990.0,14731500.0,2946300.0,,,1.005
601211,国泰君安,证券,上海,20150626,601211.SH,20160115,20.02,20.1,19.2,19.31,20.16,-0.85,-4.22,348440.48,685105.006,2.2849,2.2925,0.8,21.7876,9.9583,1.6096,8.2341,4.0557,0.52,0.52,762500.0,152500.0,151990.0,14723875.0,2944775.0,,,1.005
601211,国泰君安,证券,上海,20150626,601211.SH,20160114,19.11,20.26,19.01,20.16,19.67,0.49,2.49,345906.93,683459.948,2.2682,2.2759,0.9,22.7467,10.3967,1.6804,8.5965,4.2342,0.5,0.5,762500.0,152500.0,151990.0,15372000.0,3074400.0,,,1.005
601211,国泰君安,证券,上海,20150626,601211.SH,20160113,20.1,20.24,19.6,19.67,19.84,-0.17,-0.86,349519.11,697683.779,2.2919,2.2996,0.9,22.1938,10.144,1.6396,8.3876,4.1313,0.51,0.51,762500.0,152500.0,151990.0,14998375.0,2999675.0,,,1.005
601211,国泰君安,证券,上海,20150626,601211.SH,20160112,19.9,20.34,19.6,19.84,19.6,0.24,1.22,369809.47,738483.587,2.425,2.4331,0.88,22.3856,10.2316,1.6538,8.4601,4.167,0.5,0.5,762500.0,152500.0,151990.0,15128000.0,3025600.0,,,1.005
601211,国泰君安,证券,上海,20150626,601211.SH,20160111,20.45,20.78,19.45,19.6,21.04,-1.44,-6.84,492065.55,993191.6,3.2267,3.2375,1.26,22.1148,10.1079,1.6338,8.3578,4.1166,0.51,0.51,762500.0,152500.0,151990.0,14945000.0,2989000.0,,,1.005
601211,国泰君安,证券,上海,20150626,601211.SH,20160108,20.6,21.65,20.03,21.04,20.32,0.72,3.54,612328.71,1277085.719,4.0153,4.0287,1.89,23.7396,10.8505,1.7538,8.9718,4.419,0.48,0.48,762500.0,152500.0,151990.0,16043000.0,3208600.0,,,1.005
601211,国泰君安,证券,上海,20150626,601211.SH,20160107,21.88,21.88,20.15,20.32,22.29,-1.97,-8.84,94785.73,200957.218,0.6215,0.6236,0.26,22.9272,10.4792,1.6938,8.6648,4.2678,0.49,0.49,762500.0,152500.0,151990.0,15494000.0,3098800.0,,,1.005
601211,国泰君安,证券,上海,20150626,601211.SH,20160106,21.88,22.44,21.68,22.29,21.78,0.51,2.34,363633.43,802793.526,2.3845,2.3925,1.0,25.15,11.4951,1.858,9.5048,4.6816,0.45,0.45,762500.0,152500.0,151990.0,16996125.0,3399225.0,,,1.005
601211,国泰君安,证券,上海,20150626,601211.SH,20160105,21.3,22.2,21.01,21.78,21.89,-0.11,-0.5,538712.07,1166645.053,3.5325,3.5444,1.49,24.5745,11.2321,1.8155,9.2873,4.5744,0.46,0.46,762500.0,152500.0,151990.0,16607250.0,3321450.0,,,1.005
601211,国泰君安,证券,上海,20150626,601211.SH,20160104,23.76,23.95,21.79,21.89,23.9,-2.01,-8.41,343329.02,786743.265,2.2513,2.2589,0.98,24.6986,11.2888,1.8246,9.3342,4.5975,0.46,0.46,762500.0,152500.0,151990.0,16691125.0,3338225.0,,,1.005
601211,国泰君安,证券,上海,20150626,601211.SH,20151231,24.03,24.28,23.84,23.9,24.09,-0.19,-0.79,283278.96,681987.541,1.8576,1.8638,0.65,26.9665,12.3254,1.9922,10.1913,5.0197,,0.42,762500.0,152500.0,151990.0,18223750.0,3644750.0,,,1.005
601211,国泰君安,证券,上海,20150626,601211.SH,20151230,24.1,24.16,23.79,24.09,24.0,0.09,0.38,325624.25,781572.103,2.1352,2.1424,0.51,27.1809,12.4234,2.008,10.2724,5.0596,,0.42,762500.0,152500.0,151990.0,18368625.0,3673725.0,,,1.005
601211,国泰君安,证券,上海,20150626,601211.SH,20151229,23.72,24.15,23.72,24.0,23.76,0.24,1.01,331190.86,792188.615,2.1717,2.179,0.49,27.0794,12.377,2.0005,10.234,5.0407,,0.42,762500.0,152500.0,151990.0,18300000.0,3660000.0,,,1.005
601211,国泰君安,证券,上海,20150626,601211.SH,20151228,24.79,24.96,23.7,23.76,24.64,-0.88,-3.57,524181.17,1278131.833,3.4373,3.4488,0.74,26.8086,12.2532,1.9805,10.1316,4.9903,,0.42,762500.0,152500.0,151990.0,18117000.0,3623400.0,,,1.005
601211,国泰君安,证券,上海,20150626,601211.SH,20151225,24.58,24.77,24.43,24.64,24.57,0.07,0.28,293102.65,721213.034,1.922,1.9284,0.38,27.8015,12.707,2.0539,10.5069,5.1751,,0.41,762500.0,152500.0,151990.0,18788000.0,3757600.0,,,1.005
601211,国泰君安,证券,上海,20150626,601211.SH,20151224,25.25,25.3,24.3,24.57,25.63,-1.06,-4.14,720626.25,1785046.752,4.7254,4.7413,0.89,27.7225,12.6709,2.048,10.477,5.1604,,0.41,762500.0,152500.0,151990.0,18734625.0,3746925.0,,,1.005
601211,国泰君安,证券,上海,20150626,601211.SH,20151223,25.55,26.64,25.4,25.63,25.53,0.1,0.39,1307993.1,3408113.409,8.577,8.6058,1.96,28.9185,13.2176,2.1364,10.929,5.383,,0.39,762500.0,152500.0,151990.0,19542875.0,3908575.0,,,1.005
601211,国泰君安,证券,上海,20150626,601211.SH,20151222,25.42,25.7,25.28,25.53,25.41,0.12,0.47,560226.07,1426716.244,3.6736,3.6859,0.72,28.8057,13.166,2.1281,10.8864,5.362,,0.39,762500.0,152500.0,151990.0,19466625.0,3893325.0,,,1.005
601211,国泰君安,证券,上海,20150626,601211.SH,20151221,25.1,25.98,25.06,25.41,25.31,0.1,0.4,668828.38,1711791.278,4.3858,4.4005,0.72,28.6703,13.1041,2.1181,10.8352,5.3368,,0.39,762500.0,152500.0,151990.0,19375125.0,3875025.0,,,1.005
601211,国泰君安,证券,上海,20150626,601211.SH,20151218,25.34,25.57,24.95,25.31,25.52,-0.21,-0.82,612608.59,1544585.985,4.0171,4.0306,0.58,28.5575,13.0525,2.1097,10.7926,5.3158,,0.4,762500.0,152500.0,151990.0,19298875.0,3859775.0,,,1.005
601211,国泰君安,证券,上海,20150626,601211.SH,20151217,25.34,26.22,25.14,25.52,25.14,0.38,1.51,888446.34,2282566.835,5.8259,5.8454,0.86,28.7944,13.1608,2.1272,10.8821,5.3599,,0.39,762500.0,152500.0,151990.0,19459000.0,3891800.0,,,1.005
601211,国泰君安,证券,上海,20150626,601211.SH,20151216,25.25,25.6,24.81,25.14,25.02,0.12,0.48,608477.23,1533785.729,3.99,4.0034,0.63,28.3656,12.9649,2.0956,10.7201,5.2801,,0.4,762500.0,152500.0,151990.0,19169250.0,3833850.0,,,1.005
601211,国泰君安,证券,上海,20150626,601211.SH,20151215,26.0,26.0,24.8,25.02,26.23,-1.21,-4.61,1090627.57,2769653.833,7.1517,7.1757,1.32,28.2302,12.903,2.0855,10.6689,5.2549,,0.4,762500.0,152500.0,151990.0,19077750.0,3815550.0,,,1.005
601211,国泰君安,证券,上海,20150626,601211.SH,20151214,24.02,26.5,24.02,26.23,24.34,1.89,7.77,1436510.99,3622841.854,9.4197,9.4514,2.31,29.5955,13.527,2.1864,11.1849,5.5091,,0.38,762500.0,152500.0,151990.0,20000375.0,4000075.0,,,1.005
601211,国泰君安,证券,上海,20150626,601211.SH,20151211,23.0,24.78,22.78,24.34,23.2,1.14,4.91,1292003.72,3102577.662,8.4722,8.5006,2.9,27.463,12.5523,2.0289,10.379,5.1121,,0.41,762500.0,152500.0,151990.0,18559250.0,3711850.0,,,1.005
601211,国泰君安,证券,上海,20150626,601211.SH,20151210,23.04,24.15,23.04,23.2,22.96,0.24,1.05,715991.79,1690569.257,4.695,4.7108,1.7,26.1767,11.9644,1.9338,9.8928,4.8727,,0.43,762500.0,152500.0,151990.0,17690000.0,3538000.0,24.08,19.7,1.005
601211,国泰君安,证券,上海,20150626,601211.SH,20151209,22.61,23.24,22.54,22.96,22.72,0.24,1.06,322815.99,740738.803,2.1168,2.1239,0.64,25.9059,11.8406,1.9138,9.7905,4.8223,,0.44,762500.0,152500.0,151990.0,17507000.0,3501400.0,,,1.005
601211,国泰君安,证券,上海,20150626,601211.SH,20151208,23.0,23.35,22.7,22.72,23.24,-0.52,-2.24,353068.77,811877.241,2.3152,2.323,0.67,25.6351,11.7169,1.8938,9.6882,4.7719,,0.44,762500.0,152500.0,151990.0,17324000.0,3464800.0,,,1.005
601211,国泰君安,证券,上海,20150626,601211.SH,20151207,23.14,23.5,22.92,23.24,22.85,0.39,1.71,420538.38,977219.086,2.7576,2.7669,0.73,26.2219,11.985,1.9372,9.9099,4.8811,,0.43,762500.0,152500.0,151990.0,17720500.0,3544100.0,,,1.005
601211,国泰君安,证券,上海,20150626,601211.SH,20151204,23.11,23.26,22.71,22.85,23.35,-0.5,-2.14,412900.0,948086.54,2.7075,2.7166,0.58,25.7818,11.7839,1.9047,9.7436,4.7992,,0.44,762500.0,152500.0,151990.0,17423125.0,3484625.0,,,1.005
601211,国泰君安,证券,上海,20150626,601211.SH,20151203,23.12,23.84,22.95,23.35,23.38,-0.03,-0.13,596645.54,1394586.476,3.9124,3.9256,0.83,26.346,12.0418,1.9463,9.9568,4.9042,,0.43,762500.0,152500.0,151990.0,17804375.0,3560875.0,,,1.005
601211,国泰君安,证券,上海,20150626,601211.SH,20151202,22.33,23.49,22.0,23.38,22.26,1.12,5.03,746021.08,1705706.031,4.8919,4.9084,1.08,26.3798,12.0572,1.9488,9.9696,4.9105,,0.43,762500.0,152500.0,151990.0,17827250.0,3565450.0,,,1.005
601211,国泰君安,证券,上海,20150626,601211.SH,20151201,22.04,22.5,21.77,22.26,22.03,0.23,1.04,461138.76,1022202.8,3.0239,3.034,0.6,25.1161,11.4796,1.8555,9.492,4.6752,,0.45,762500.0,152500.0,151990.0,16973250.0,3394650.0,,,1.005
601211,国泰君安,证券,上海,20150626,601211.SH,20151130,22.31,22.45,21.22,22.03,22.11,-0.08,-0.36,682038.02,1495416.68,4.4724,4.4874,0.86,24.8566,11.361,1.8363,9.3939,4.6269,,0.45,762500.0,152500.0,151990.0,16797875.0,3359575.0,,,1.005
601211,国泰君安,证券,上海,20150626,601211.SH,20151127,23.6,23.77,21.88,22.11,24.03,-1.92,-7.99,1062737.81,2421638.641,6.9688,6.9922,1.45,24.9469,11.4023,1.843,9.4281,4.6437,,0.45,762500.0,152500.0,151990.0,16858875.0,3371775.0,,,1.005
601211,国泰君安,证券,上海,20150626,601211.SH,20151126,24.1,24.69,23.89,24.03,23.99,0.04,0.17,663181.7,1610982.188,4.3487,4.3633,0.92,27.1132,12.3924,2.003,10.2468,5.047,,0.42,762500.0,152500.0,151990.0,18322875.0,3664575.0,,,1.005
601211,国泰君安,证券,上海,20150626,601211.SH,20151125,23.69,24.02,23.53,23.99,23.95,0.04,0.17,590383.6,1404789.073,3.8714,3.8844,0.75,27.0681,12.3718,1.9997,10.2297,5.0386,,0.42,762500.0,152500.0,151990.0,18292375.0,3658475.0,,,1.005
601211,国泰君安,证券,上海,20150626,601211.SH,20151124,23.62,24.35,23.15,23.95,23.95,0.0,0.0,827135.5,1957506.097,5.4238,5.442,0.88,27.023,12.3512,1.9964,10.2127,5.0302,,0.42,762500.0,152500.0,151990.0,18261875.0,3652375.0,,,1.005
601211,国泰君安,证券,上海,20150626,601211.SH,20151123,24.34,24.9,23.86,23.95,24.59,-0.64,-2.6,821960.74,1998686.543,5.3899,5.408,0.87,27.023,12.3512,1.9964,10.2127,5.0302,,0.42,762500.0,152500.0,151990.0,18261875.0,3652375.0,,,1.005
601211,国泰君安,证券,上海,20150626,601211.SH,20151120,24.54,25.2,24.34,24.59,24.38,0.21,0.86,749970.82,1855885.435,4.9178,4.9343,0.76,27.7451,12.6812,2.0497,10.4856,5.1646,,0.41,762500.0,152500.0,151990.0,18749875.0,3749975.0,,,1.005
601211,国泰君安,证券,上海,20150626,601211.SH,20151119,24.15,24.42,23.79,24.38,24.06,0.32,1.33,608250.45,1464024.087,3.9885,4.0019,0.58,27.5081,12.5729,2.0322,10.396,5.1205,,0.41,762500.0,152500.0,151990.0,18589750.0,3717950.0,,,1.005
601211,国泰君安,证券,上海,20150626,601211.SH,20151118,24.85,25.45,23.89,24.06,24.75,-0.69,-2.79,940970.34,2328146.276,6.1703,6.191,0.85,27.1471,12.4079,2.0055,10.2596,5.0533,,0.42,762500.0,152500.0,151990.0,18345750.0,3669150.0,,,1.005
601211,国泰君安,证券,上海,20150626,601211.SH,20151117,24.7,26.38,24.61,24.75,24.27,0.48,1.98,1590680.85,4044098.715,10.4307,10.4657,1.38,27.9256,12.7638,2.063,10.5538,5.1982,,0.4,762500.0,152500.0,151990.0,18871875.0,3774375.0,,,1.005
601211,国泰君安,证券,上海,20150626,601211.SH,20151116,23.9,24.31,23.7,24.27,24.72,-0.45,-1.82,808140.05,1937722.41,5.2993,5.3171,0.56,27.384,12.5162,2.023,10.3491,5.0974,,0.41,762500.0,152500.0,151990.0,18505875.0,3701175.0,,,1.005
601211,国泰君安,证券,上海,20150626,601211.SH,20151113,24.26,25.24,24.18,24.72,24.71,0.01,0.04,972826.49,2403583.8,6.3792,6.4006,0.57,27.8917,12.7483,2.0605,10.541,5.1919,,0.4,762500.0,152500.0,151990.0,18849000.0,3769800.0,,,1.005
601211,国泰君安,证券,上海,20150626,601211.SH,20151112,25.58,25.58,24.54,24.71,25.42,-0.71,-2.79,938653.09,2343681.934,6.1551,6.1758,0.43,27.8805,12.7431,2.0597,10.5367,5.1898,,0.4,762500.0,152500.0,151990.0,18841375.0,3768275.0,,,1.005
601211,国泰君安,证券,上海,20150626,601211.SH,20151111,25.01,25.95,24.51,25.42,25.42,0.0,0.0,1253916.03,3148950.413,8.2224,8.25,0.57,28.6816,13.1093,2.1189,10.8395,5.3389,,0.39,762500.0,152500.0,151990.0,19382750.0,3876550.0,,,1.005
601211,国泰君安,证券,上海,20150626,601211.SH,20151110,24.85,26.51,24.71,25.42,25.21,0.21,0.83,1787135.62,4576474.277,11.7189,11.7582,0.93,28.6816,13.1093,2.1189,10.8395,5.3389,,0.39,762500.0,152500.0,151990.0,19382750.0,3876550.0,,,1.005
601211,国泰君安,证券,上海,20150626,601211.SH,20151109,25.9,26.77,25.0,25.21,25.81,-0.6,-2.32,2228331.1,5757105.898,14.612,14.661,1.43,28.4446,13.001,2.1014,10.7499,5.2948,,0.4,762500.0,152500.0,151990.0,19222625.0,3844525.0,,,1.005
601211,国泰君安,证券,上海,20150626,601211.SH,20151106,23.8,26.27,23.51,25.81,24.19,1.62,6.7,2352662.21,5889620.481,15.4273,15.4791,1.95,29.1216,13.3104,2.1514,11.0058,5.4209,,0.39,762500.0,152500.0,151990.0,19680125.0,3936025.0,,,1.005
601211,国泰君安,证券,上海,20150626,601211.SH,20151105,23.51,25.19,23.5,24.19,22.9,1.29,5.63,3247350.47,7981697.774,21.2941,21.3656,5.25,27.2937,12.475,2.0164,10.315,5.0806,,0.41,762500.0,152500.0,151990.0,18444875.0,3688975.0,,,1.005
601211,国泰君安,证券,上海,20150626,601211.SH,20151104,20.94,22.9,20.87,22.9,20.82,2.08,9.99,1438685.24,3197982.27,9.434,9.4657,3.44,25.8382,11.8097,1.9088,9.7649,4.8097,,0.44,762500.0,152500.0,151990.0,17461250.0,3492250.0,,,1.005
601211,国泰君安,证券,上海,20150626,601211.SH,20151103,20.79,21.07,20.66,20.82,20.79,0.03,0.14,290414.77,606097.575,1.9044,1.9107,0.62,23.4914,10.737,1.7355,8.878,4.3728,,0.48,762500.0,152500.0,151990.0,15875250.0,3175050.0,,,1.005
601211,国泰君安,证券,上海,20150626,601211.SH,20151102,20.9,21.43,20.75,20.79,21.3,-0.51,-2.39,440980.53,925482.78,2.8917,2.9014,0.77,23.4575,10.7216,1.733,8.8652,4.3665,,0.48,762500.0,152500.0,151990.0,15852375.0,3170475.0,,,1.005
601211,国泰君安,证券,上海,20150626,601211.SH,20151030,20.92,21.88,20.72,21.3,20.81,0.49,2.35,611477.74,1306092.372,4.0097,4.0168,1.06,24.0329,10.9846,1.7755,9.0827,4.4736,,0.47,762500.0,152500.0,152230.0,16241250.0,3248250.0,,,1.005
601211,国泰君安,证券,上海,20150626,601211.SH,20151029,20.85,21.1,20.59,20.81,20.86,-0.05,-0.24,313022.87,653366.63,2.0526,2.0562,0.51,23.4801,11.1295,1.7525,8.8737,4.6367,,0.4805,762500.0,152500.0,152230.0,15867625.0,3173525.0,,,1.005
601211,国泰君安,证券,上海,20150626,601211.SH,20151028,21.3,21.68,20.82,20.86,21.58,-0.72,-3.34,435811.49,923779.724,2.8578,2.8628,0.61,23.5365,11.1562,1.7567,8.895,4.6478,,0.4794,762500.0,152500.0,152230.0,15905750.0,3181150.0,,,1.005
601211,国泰君安,证券,上海,20150626,601211.SH,20151027,21.05,21.68,20.7,21.58,21.65,-0.07,-0.32,532821.6,1125060.964,3.4939,3.5001,0.71,24.3489,11.5413,1.8174,9.2021,4.8082,,0.4634,762500.0,152500.0,152230.0,16454750.0,3290950.0,,,1.005
601211,国泰君安,证券,上海,20150626,601211.SH,20151026,21.9,22.2,21.41,21.65,21.28,0.37,1.74,967251.59,2118955.32,6.3426,6.3539,1.17,24.4278,11.5787,1.8233,9.2319,4.8238,,0.4619,762500.0,152500.0,152230.0,16508125.0,3301625.0,,,1.005
601211,国泰君安,证券,上海,20150626,601211.SH,20151023,20.84,21.35,20.5,21.28,20.58,0.7,3.4,639118.85,1337142.227,4.1909,4.1984,0.71,24.0104,11.3808,1.7921,9.0741,4.7414,,0.4699,762500.0,152500.0,152230.0,16226000.0,3245200.0,,,1.005
601211,国泰君安,证券,上海,20150626,601211.SH,20151022,20.2,20.61,19.93,20.58,20.2,0.38,1.88,508966.41,1033670.497,3.3375,3.3434,0.54,23.2206,11.0065,1.7332,8.7756,4.5854,,0.4859,762500.0,152500.0,152230.0,15692250.0,3138450.0,,,1.005
601211,国泰君安,证券,上海,20150626,601211.SH,20151021,21.79,21.9,20.07,20.3,21.71,-1.41,-6.49,925661.99,1960738.943,6.0699,6.0807,1.06,22.9046,10.8567,1.6953,8.6562,4.523,,,762500.0,152500.0,152230.0,15478750.0,3095750.0,,,1.005
601211,国泰君安,证券,上海,20150626,601211.SH,20151020,21.58,21.76,21.05,21.71,21.62,0.09,0.42,710696.19,1525329.552,4.6603,4.6686,0.84,24.4955,11.6108,1.8131,9.2575,4.8372,,,762500.0,152500.0,152230.0,16553875.0,3310775.0,,,1.005
601211,国泰君安,证券,上海,20150626,601211.SH,20151019,21.1,22.25,21.1,21.62,21.04,0.58,2.76,1338888.17,2907967.007,8.7796,8.7952,1.72,24.394,11.5627,1.8055,9.2191,4.8171,,,762500.0,152500.0,152230.0,16485250.0,3297050.0,,,1.005
601211,国泰君安,证券,上海,20150626,601211.SH,20151016,20.88,21.24,20.58,21.04,20.62,0.42,2.04,1032582.34,2166805.45,6.771,6.783,1.44,23.7396,11.2525,1.7571,8.9718,4.6879,,,762500.0,152500.0,152230.0,16043000.0,3208600.0,,,1.005
601211,国泰君安,证券,上海,20150626,601211.SH,20151015,19.95,20.64,19.91,20.62,20.02,0.6,3.0,688278.66,1401204.386,4.5133,4.5213,0.97,23.2657,11.0279,1.722,8.7927,4.5943,,,762500.0,152500.0,152230.0,15722750.0,3144550.0,,,1.005
601211,国泰君安,证券,上海,20150626,601211.SH,20151014,20.15,20.59,20.01,20.02,20.29,-0.27,-1.33,608970.32,1234479.16,3.9932,4.0003,0.93,22.5887,10.707,1.6719,8.5368,4.4606,,,762500.0,152500.0,152230.0,15265250.0,3053050.0,,,1.005
601211,国泰君安,证券,上海,20150626,601211.SH,20151013,20.31,20.48,20.02,20.29,20.59,-0.3,-1.46,560741.22,1135212.672,3.677,3.6835,0.9,22.8933,10.8514,1.6945,8.652,4.5208,,,762500.0,152500.0,152230.0,15471125.0,3094225.0,,,1.005
601211,国泰君安,证券,上海,20150626,601211.SH,20151012,19.8,20.96,19.58,20.59,19.68,0.91,4.62,1010420.1,2063018.889,6.6257,6.6375,2.09,23.2318,11.0118,1.7195,8.7799,4.5876,,,762500.0,152500.0,152230.0,15699875.0,3139975.0,,,1.005
601211,国泰君安,证券,上海,20150626,601211.SH,20151009,19.22,19.96,19.18,19.68,19.22,0.46,2.39,706702.5,1385107.11,4.6341,4.6423,1.62,22.2051,10.5251,1.6435,8.3919,4.3849,,,762500.0,152500.0,152230.0,15006000.0,3001200.0,,,1.005
601211,国泰君安,证券,上海,20150626,601211.SH,20151008,19.6,19.62,19.17,19.22,18.6,0.62,3.33,661363.36,1280939.331,4.3368,4.3445,1.56,21.6861,10.2791,1.6051,8.1957,4.2824,,,762500.0,152500.0,152230.0,14655250.0,2931050.0,,,1.005
601211,国泰君安,证券,上海,20150626,601211.SH,20150930,18.55,18.99,18.48,18.6,18.51,0.09,0.49,346370.41,648402.491,2.2713,2.2753,0.67,20.9865,9.9475,1.5533,7.9313,4.1443,,,762500.0,152500.0,152230.0,14182500.0,2836500.0,,,1.005
601211,国泰君安,证券,上海,20150626,601211.SH,20150929,18.37,19.05,18.13,18.51,18.76,-0.25,-1.33,383401.25,709853.961,2.5141,2.5186,0.54,20.885,9.8994,1.5458,7.893,4.1242,,,762500.0,152500.0,152230.0,14113875.0,2822775.0,,,1.005
601211,国泰君安,证券,上海,20150626,601211.SH,20150928,18.43,18.79,18.11,18.76,18.4,0.36,1.96,319677.48,592411.008,2.0962,2.1,0.43,21.167,10.0331,1.5667,7.9996,4.1799,,,762500.0,152500.0,152230.0,14304500.0,2860900.0,,,1.005
601211,国泰君安,证券,上海,20150626,601211.SH,20150925,18.88,19.09,18.27,18.4,19.05,-0.65,-3.41,467312.45,869595.907,3.0643,3.0698,0.64,20.7608,9.8406,1.5366,7.8461,4.0997,,,762500.0,152500.0,152230.0,14030000.0,2806000.0,,,1.005
601211,国泰君安,证券,上海,20150626,601211.SH,20150924,19.26,19.36,18.88,19.05,19.14,-0.09,-0.47,605867.55,1157110.503,3.9729,3.9799,0.77,21.4942,10.1882,1.5909,8.1232,4.2445,,,762500.0,152500.0,152230.0,14525625.0,2905125.0,,,1.005
601211,国泰君安,证券,上海,20150626,601211.SH,20150923,19.54,19.81,19.05,19.14,20.02,-0.88,-4.4,805601.64,1563542.119,5.2826,5.292,1.04,21.5958,10.2363,1.5984,8.1616,4.2646,,,762500.0,152500.0,152230.0,14594250.0,2918850.0,,,1.005
601211,国泰君安,证券,上海,20150626,601211.SH,20150922,19.2,20.25,19.04,20.02,18.89,1.13,5.98,1382276.72,2747249.868,9.0641,9.0802,2.25,22.5887,10.707,1.6719,8.5368,4.4606,,,762500.0,152500.0,152230.0,15265250.0,3053050.0,,,1.005
601211,国泰君安,证券,上海,20150626,601211.SH,20150921,18.1,18.96,18.0,18.89,18.53,0.36,1.94,478965.42,890533.64,3.1408,3.1463,0.7,21.3137,10.1026,1.5776,8.055,4.2089,,,762500.0,152500.0,152230.0,14403625.0,2880725.0,,,1.0
601211,国泰君安,证券,上海,20150626,601211.SH,20150918,18.65,18.76,18.27,18.53,18.43,0.1,0.54,377158.12,699215.44,2.4732,2.4776,0.54,20.9075,9.9101,1.5475,7.9015,4.1287,,,762500.0,152500.0,152230.0,14129125.0,2825825.0,,,1.0
601211,国泰君安,证券,上海,20150626,601211.SH,20150917,18.65,19.3,18.35,18.43,18.98,-0.55,-2.9,867853.7,1638974.734,5.6908,5.7009,1.31,20.7947,9.8566,1.5391,7.8588,4.1064,,,762500.0,152500.0,152230.0,14052875.0,2810575.0,,,1.0
601211,国泰君安,证券,上海,20150626,601211.SH,20150916,17.61,19.13,17.45,18.98,17.55,1.43,8.15,778979.76,1423608.031,5.1081,5.1171,1.01,21.4153,10.1508,1.5851,8.0934,4.2289,,,762500.0,152500.0,152230.0,14472250.0,2894450.0,,,1.0
601211,国泰君安,证券,上海,20150626,601211.SH,20150915,18.0,18.46,17.5,17.55,18.25,-0.7,-3.84,574179.3,1029051.945,3.7651,3.7718,0.72,19.8018,9.386,1.4656,7.4836,3.9103,,,762500.0,152500.0,152230.0,13381875.0,2676375.0,,,1.0
601211,国泰君安,证券,上海,20150626,601211.SH,20150914,19.77,19.78,18.0,18.25,19.66,-1.41,-7.17,824263.92,1547267.584,5.405,5.4146,1.06,20.5916,9.7604,1.5241,7.7821,4.0663,,,762500.0,152500.0,152230.0,13915625.0,2783125.0,,,1.0
601211,国泰君安,证券,上海,20150626,601211.SH,20150911,19.79,20.06,19.48,19.66,19.82,-0.16,-0.81,455604.59,900113.746,2.9876,2.9929,0.54,22.1825,10.5145,1.6419,8.3833,4.3804,,,762500.0,152500.0,152230.0,14990750.0,2998150.0,,,1.0
601211,国泰君安,证券,上海,20150626,601211.SH,20150910,20.13,20.27,19.71,19.82,20.51,-0.69,-3.36,668064.57,1336550.969,4.3808,4.3885,0.75,22.363,10.6,1.6552,8.4516,4.4161,,,762500.0,152500.0,152230.0,15112750.0,3022550.0,,,1.0
601211,国泰君安,证券,上海,20150626,601211.SH,20150909,19.99,20.97,19.82,20.51,19.98,0.53,2.65,1316100.84,2685351.673,8.6302,8.6455,1.58,23.1416,10.969,1.7128,8.7458,4.5698,,,762500.0,152500.0,152230.0,15638875.0,3127775.0,,,1.0
601211,国泰君安,证券,上海,20150626,601211.SH,20150908,18.9,20.08,18.76,19.98,18.94,1.04,5.49,725148.39,1402205.714,4.7551,4.7635,0.75,22.5436,10.6856,1.6686,8.5198,4.4517,,,762500.0,152500.0,152230.0,15234750.0,3046950.0,,,1.0
601211,国泰君安,证券,上海,20150626,601211.SH,20150907,19.02,19.72,18.8,18.94,18.71,0.23,1.23,723747.4,1397174.846,4.7459,4.7459,0.69,21.3701,10.1294,1.5817,8.0763,4.22,,,762500.0,152500.0,152500.0,14441750.0,2888350.0,,,1.0
601211,国泰君安,证券,上海,20150626,601211.SH,20150902,18.88,20.08,18.5,18.71,19.67,-0.96,-4.88,792359.32,1517296.475,5.1958,5.1958,0.69,21.1106,10.0064,1.5625,7.9782,4.1688,,,762500.0,152500.0,152500.0,14266375.0,2853275.0,20.64,16.88,1.0
601211,国泰君安,证券,上海,20150626,601211.SH,20150901,19.9,20.89,18.76,19.67,19.99,-0.32,-1.6,875717.57,1731038.044,5.7424,5.7424,0.71,22.1938,10.5198,1.6427,8.3876,4.3827,,,762500.0,152500.0,152500.0,14998375.0,2999675.0,,,1.0
601211,国泰君安,证券,上海,20150626,601211.SH,20150831,21.0,21.0,19.7,19.99,21.14,-1.15,-5.44,1038701.6,2092843.549,6.8112,6.8112,0.84,22.5549,10.6909,1.6694,8.5241,4.454,,,762500.0,152500.0,152500.0,15242375.0,3048475.0,,,1.0
601211,国泰君安,证券,上海,20150626,601211.SH,20150828,20.3,21.27,19.9,21.14,20.24,0.9,4.45,1386219.21,2837386.816,9.09,9.09,1.24,23.8524,11.306,1.7655,9.0144,4.7102,,,762500.0,152500.0,152500.0,16119250.0,3223850.0,,,1.0
601211,国泰君安,证券,上海,20150626,601211.SH,20150827,19.51,20.29,18.8,20.24,18.95,1.29,6.81,1129913.3,2209278.276,7.4093,7.4093,1.1,22.8369,10.8246,1.6903,8.6307,4.5097,,,762500.0,152500.0,152500.0,15433000.0,3086600.0,,,1.0
601211,国泰君安,证券,上海,20150626,601211.SH,20150826,19.28,20.25,18.2,18.95,18.76,0.19,1.01,1311746.82,2536609.014,8.6016,8.6016,1.37,21.3814,10.1347,1.5826,8.0806,4.2222,,,762500.0,152500.0,152500.0,14449375.0,2889875.0,,,1.0
601211,国泰君安,证券,上海,20150626,601211.SH,20150825,19.25,20.17,18.76,18.76,20.84,-2.08,-9.98,1323664.86,2543343.069,8.6798,8.6798,1.34,21.167,10.0331,1.5667,7.9996,4.1799,,,762500.0,152500.0,152500.0,14304500.0,2860900.0,,,1.0
601211,国泰君安,证券,上海,20150626,601211.SH,20150824,22.01,22.49,20.84,20.84,23.16,-2.32,-10.02,1064874.42,2248943.02,6.9828,6.9828,1.13,23.5139,11.1455,1.7404,8.8865,4.6434,,,762500.0,152500.0,152500.0,15890500.0,3178100.0,,,1.0
601211,国泰君安,证券,上海,20150626,601211.SH,20150821,23.72,24.04,23.0,23.16,24.08,-0.92,-3.82,773309.02,1818172.421,5.0709,5.0709,0.79,26.1316,12.3863,1.9342,9.8758,5.1603,,,762500.0,152500.0,152500.0,17659500.0,3531900.0,,,1.0
601211,国泰君安,证券,上海,20150626,601211.SH,20150820,24.8,24.9,24.0,24.08,25.07,-0.99,-3.95,641178.04,1566978.892,4.2044,4.2044,0.63,27.1696,12.8783,2.011,10.2681,5.3653,,,762500.0,152500.0,152500.0,18361000.0,3672200.0,,,1.0
601211,国泰君安,证券,上海,20150626,601211.SH,20150819,24.09,25.1,23.69,25.07,24.56,0.51,2.08,987391.0,2424804.017,6.4747,6.4747,0.97,28.2867,13.4078,2.0937,10.6902,5.5858,,,762500.0,152500.0,152500.0,19115875.0,3823175.0,,,1.0
601211,国泰君安,证券,上海,20150626,601211.SH,20150818,26.58,27.5,24.1,24.56,26.43,-1.87,-7.08,1454926.36,3813621.181,9.5405,9.5405,1.49,27.7112,13.135,2.0511,10.4728,5.4722,,,762500.0,152500.0,152500.0,18727000.0,3745400.0,,,1.0
601211,国泰君安,证券,上海,20150626,601211.SH,20150817,26.98,27.06,26.02,26.43,27.08,-0.65,-2.4,872548.09,2305845.436,5.7216,5.7216,0.73,29.8212,14.1351,2.2072,11.2702,5.8889,,,762500.0,152500.0,152500.0,20152875.0,4030575.0,,,1.0
601211,国泰君安,证券,上海,20150626,601211.SH,20150814,27.23,27.46,26.91,27.08,27.05,0.03,0.11,941699.68,2553032.069,6.1751,6.1751,0.82,30.5546,14.4828,2.2615,11.5473,6.0337,,,762500.0,152500.0,152500.0,20648500.0,4129700.0,,,1.0
601211,国泰君安,证券,上海,20150626,601211.SH,20150813,26.87,27.3,26.38,27.05,26.87,0.18,0.67,800471.02,2148165.588,5.249,5.249,0.74,30.5207,14.4667,2.259,11.5346,6.027,,,762500.0,152500.0,152500.0,20625625.0,4125125.0,,,1.0
601211,国泰君安,证券,上海,20150626,601211.SH,20150812,26.78,27.73,26.65,26.87,26.99,-0.12,-0.44,999973.12,2715741.058,6.5572,6.5572,0.97,30.3176,14.3705,2.244,11.4578,5.9869,,,762500.0,152500.0,152500.0,20488375.0,4097675.0,,,1.0
601211,国泰君安,证券,上海,20150626,601211.SH,20150811,27.19,27.64,26.9,26.99,27.54,-0.55,-2.0,1251656.7,3405112.452,8.2076,8.2076,1.25,30.453,14.4346,2.254,11.509,6.0136,,,762500.0,152500.0,152500.0,20579875.0,4115975.0,,,1.0
601211,国泰君安,证券,上海,20150626,601211.SH,20150810,26.21,28.08,25.88,27.54,26.09,1.45,5.56,1953645.17,5287095.756,12.8108,12.8108,2.55,31.0736,14.7288,2.2999,11.7435,6.1362,,,762500.0,152500.0,152500.0,20999250.0,4199850.0,,,1.0
601211,国泰君安,证券,上海,20150626,601211.SH,20150807,25.76,26.49,25.76,26.09,25.77,0.32,1.24,732215.38,1913697.246,4.8014,4.8014,0.93,29.4375,13.9533,2.1788,11.1252,5.8131,,,762500.0,152500.0,152500.0,19893625.0,3978725.0,,,1.0
601211,国泰君安,证券,上海,20150626,601211.SH,20150806,25.78,26.55,25.58,25.77,26.22,-0.45,-1.72,506076.88,1313193.227,3.3185,3.3185,0.54,29.0765,13.7822,2.1521,10.9887,5.7418,,,762500.0,152500.0,152500.0,19649625.0,3929925.0,,,1.0
601211,国泰君安,证券,上海,20150626,601211.SH,20150805,26.8,27.0,26.18,26.22,27.12,-0.9,-3.32,731822.69,1947307.132,4.7988,4.7988,0.69,29.5842,14.0228,2.1897,11.1806,5.8421,,,762500.0,152500.0,152500.0,19992750.0,3998550.0,,,1.0
601211,国泰君安,证券,上海,20150626,601211.SH,20150804,26.22,27.27,25.91,27.12,26.22,0.9,3.43,1072860.61,2865471.629,7.0352,7.0352,0.73,30.5997,14.5042,2.2649,11.5644,6.0426,,,762500.0,152500.0,152500.0,20679000.0,4135800.0,,,1.0
601211,国泰君安,证券,上海,20150626,601211.SH,20150803,25.95,26.45,25.18,26.22,26.38,-0.16,-0.61,788053.48,2034841.245,5.1676,5.1676,0.48,29.5842,14.0228,2.1897,11.1806,5.8421,,,762500.0,152500.0,152500.0,19992750.0,3998550.0,,,1.0
601211,国泰君安,证券,上海,20150626,601211.SH,20150731,26.18,27.13,25.8,26.38,26.66,-0.28,-1.05,854186.95,2258887.521,5.6012,5.6012,0.46,29.7647,14.1084,2.2031,11.2489,5.8777,,,762500.0,152500.0,152500.0,20114750.0,4022950.0,,,1.0
601211,国泰君安,证券,上海,20150626,601211.SH,20150730,27.1,28.11,26.5,26.66,27.69,-1.03,-3.72,1278255.39,3511815.92,8.382,8.382,0.63,30.0807,14.2582,2.2264,11.3682,5.9401,,,762500.0,152500.0,152500.0,20328250.0,4065650.0,,,1.0
601211,国泰君安,证券,上海,20150626,601211.SH,20150729,27.5,27.77,26.2,27.69,27.72,-0.03,-0.11,1287073.89,3480672.514,8.4398,8.4398,0.62,31.2428,14.809,2.3125,11.8075,6.1696,,,762500.0,152500.0,152500.0,21113625.0,4222725.0,,,1.0
601211,国泰君安,证券,上海,20150626,601211.SH,20150728,24.24,28.13,23.48,27.72,25.57,2.15,8.41,3160813.36,8465604.67,20.7266,20.7266,1.77,31.2767,14.8251,2.315,11.8202,6.1763,,,762500.0,152500.0,152500.0,21136500.0,4227300.0,,,1.0
601211,国泰君安,证券,上海,20150626,601211.SH,20150727,27.5,27.97,25.57,25.57,28.41,-2.84,-10.0,1703243.34,4578846.598,11.1688,11.1688,0.95,28.8508,13.6752,2.1354,10.9035,5.6972,,,762500.0,152500.0,152500.0,19497125.0,3899425.0,,,1.0
601211,国泰君安,证券,上海,20150626,601211.SH,20150724,29.78,29.86,28.17,28.41,29.59,-1.18,-3.99,1853256.62,5390726.055,12.1525,12.1525,1.03,32.0552,15.1941,2.3726,12.1145,6.33,,,762500.0,152500.0,152500.0,21662625.0,4332525.0,,,1.0
601211,国泰君安,证券,上海,20150626,601211.SH,20150723,28.68,29.98,28.51,29.59,28.64,0.95,3.32,2149727.26,6320928.25,14.0966,14.0966,1.26,33.3866,15.8252,2.4711,12.6176,6.5929,,,762500.0,152500.0,152500.0,22562375.0,4512475.0,,,1.0
601211,国泰君安,证券,上海,20150626,601211.SH,20150722,28.78,29.5,28.49,28.64,28.71,-0.07,-0.24,1471207.63,4251913.585,9.6473,9.6473,0.77,32.3147,15.3171,2.3918,12.2126,6.3813,,,762500.0,152500.0,152500.0,21838000.0,4367600.0,,,1.0
601211,国泰君安,证券,上海,20150626,601211.SH,20150721,27.89,29.58,27.51,28.71,28.37,0.34,1.2,1750595.49,5019340.224,11.4793,11.4793,0.78,32.3937,25.3333,2.7525,12.2424,9.6398,,,762500.0,152500.0,152500.0,21891375.0,4378275.0,,,1.0
601211,国泰君安,证券,上海,20150626,601211.SH,20150720,29.0,29.26,28.0,28.37,29.36,-0.99,-3.37,1694538.53,4847215.788,11.1117,11.1117,0.61,32.0101,25.0333,2.7199,12.0974,9.5257,,,762500.0,152500.0,152500.0,21632125.0,4326425.0,,,1.0
601211,国泰君安,证券,上海,20150626,601211.SH,20150717,27.65,29.88,27.33,29.36,27.64,1.72,6.22,1940514.15,5551298.862,12.7247,12.7247,0.62,33.1271,25.9069,2.8148,12.5196,9.8581,,,762500.0,152500.0,152500.0,22387000.0,4477400.0,,,1.0
601211,国泰君安,证券,上海,20150626,601211.SH,20150716,26.55,28.75,25.7,27.64,27.34,0.3,1.1,1680207.29,4611822.761,11.0178,11.0178,0.47,31.1864,24.3892,2.6499,11.7861,9.2806,,,762500.0,152500.0,152500.0,21075500.0,4215100.0,28.7,23.48,1.0
601211,国泰君安,证券,上海,20150626,601211.SH,20150715,29.56,30.38,27.34,27.34,30.38,-3.04,-10.01,2456028.14,6978577.279,16.1051,16.1051,0.77,30.8479,24.1245,2.6211,11.6582,9.1798,,,762500.0,152500.0,152500.0,20846750.0,4169350.0,,,1.0
601211,国泰君安,证券,上海,20150626,601211.SH,20150714,31.35,32.25,29.95,30.38,32.82,-2.44,-7.43,3427756.97,10652793.048,22.4771,22.4771,1.12,34.278,26.8069,2.9126,12.9545,10.2006,,,762500.0,152500.0,152500.0,23164750.0,4632950.0,,,1.0
601211,国泰君安,证券,上海,20150626,601211.SH,20150713,31.5,33.98,30.38,32.82,31.32,1.5,4.79,4489244.15,14484165.687,29.4377,29.4377,1.49,37.031,28.96,3.1465,13.995,11.0198,,,762500.0,152500.0,152500.0,25025250.0,5005050.0,,,1.0
601211,国泰君安,证券,上海,20150626,601211.SH,20150710,28.5,31.32,28.47,31.32,28.47,2.85,10.01,3679482.3,11304574.713,24.1278,24.1278,1.25,35.3386,27.6364,3.0027,13.3553,10.5162,,,762500.0,152500.0,152500.0,23881500.0,4776300.0,,,1.0
601211,国泰君安,证券,上海,20150626,601211.SH,20150709,23.29,28.47,23.29,28.47,25.88,2.59,10.01,3889723.28,10128114.063,25.5064,25.5064,1.35,32.1229,25.1216,2.7295,12.1401,9.5592,,,762500.0,152500.0,152500.0,21708375.0,4341675.0,,,1.0
601211,国泰君安,证券,上海,20150626,601211.SH,20150708,25.88,25.88,25.88,25.88,28.76,-2.88,-10.01,423570.0,1096199.16,2.7775,2.7775,0.11,29.2006,22.8362,2.4812,11.0356,8.6896,,,762500.0,152500.0,152500.0,19733500.0,3946700.0,,,1.0
601211,国泰君安,证券,上海,20150626,601211.SH,20150707,30.0,30.9,28.76,28.76,31.95,-3.19,-9.98,2815863.05,8250119.218,18.4647,18.4647,0.65,32.4501,25.3775,2.7573,12.2637,9.6566,,,762500.0,152500.0,152500.0,21929500.0,4385900.0,,,1.0
601211,国泰君安,证券,上海,20150626,601211.SH,20150706,32.56,32.56,29.8,31.95,29.6,2.35,7.94,4294130.48,13615750.546,28.1582,28.1582,1.05,36.0494,28.1923,3.0631,13.624,10.7277,,,762500.0,152500.0,152500.0,24361875.0,4872375.0,,,1.0
601211,国泰君安,证券,上海,20150626,601211.SH,20150703,30.01,33.3,28.31,29.6,31.42,-1.82,-5.79,3310843.3,9997439.85,21.7104,21.7104,0.96,33.3979,26.1187,2.8378,12.6219,9.9387,,,762500.0,152500.0,152500.0,22570000.0,4514000.0,,,1.0
601211,国泰君安,证券,上海,20150626,601211.SH,20150702,35.8,35.88,31.35,31.42,34.82,-3.4,-9.76,3553934.87,11791880.492,23.3045,23.3045,,35.4514,27.7246,3.0123,13.398,10.5497,,,762500.0,152500.0,152500.0,23957750.0,4791550.0,,,1.0
601211,国泰君安,证券,上海,20150626,601211.SH,20150701,36.0,37.3,34.03,34.82,34.34,0.48,1.4,5293590.13,19065215.948,34.7121,34.7121,,39.2877,30.7247,3.3383,14.8478,11.6914,,,762500.0,152500.0,152500.0,26550250.0,5310050.0,,,1.0
601211,国泰君安,证券,上海,20150626,601211.SH,20150630,30.68,34.34,29.18,34.34,31.22,3.12,9.99,5211003.33,16911142.814,34.1705,34.1705,,38.7461,30.3012,3.2923,14.6431,11.5302,,,762500.0,152500.0,152500.0,26184250.0,5236850.0,,,1.0
601211,国泰君安,证券,上海,20150626,601211.SH,20150629,31.22,31.22,29.18,31.22,28.38,2.84,10.01,3148229.59,9785779.231,20.6441,20.6441,,35.2257,27.5481,2.9931,13.3127,10.4826,,,762500.0,152500.0,152500.0,23805250.0,4761050.0,,,1.0
601211,国泰君安,证券,上海,20150626,601211.SH,20150626,23.65,28.38,23.65,28.38,19.71,8.67,43.99,20680.78,58507.111,0.1356,0.1356,,32.0214,25.0422,2.7209,12.1017,9.529,,,762500.0,152500.0,152500.0,21639750.0,4327950.0,,,1.0
