code,name,industry,region,list_date,ts_code,trade_date,open,high,low,close,pre_close,change,pct_change,volume,amount,turnover_rate,turnover_rate_free,volume_ratio,pe,pe_ttm,pb,ps,ps_ttm,dividend_yield,dividend_yield_ttm,total_share,float_share,free_share,total_mv,circ_mv,limit_up,limit_down,adj_factor
601601,中国太保,保险,上海,20071225,601601.SH,20250908,37.93,38.29,37.39,37.55,38.04,-0.49,-1.2881,377065.02,1421063.477,0.5509,1.2708,1.07,8.0348,7.5712,1.3306,0.894,0.8812,2.7164,2.8762,962034.1455,684504.1455,296715.7835,36124382.1635,25703130.6635,41.84,34.24,1.6159
601601,中国太保,保险,上海,20071225,601601.SH,20250905,37.92,38.14,37.5,38.04,37.92,0.12,0.3165,306040.89,1157357.364,0.4471,1.0314,0.78,8.1396,7.67,1.348,0.9056,0.8927,2.6814,2.8391,962034.1455,684504.1455,296715.7835,36595778.8948,26038537.6948,41.71,34.13,1.6159
601601,中国太保,保险,上海,20071225,601601.SH,20250904,38.6,38.6,37.4,37.92,38.64,-0.72,-1.8634,514213.12,1944796.911,0.7512,1.733,1.49,8.114,7.6458,1.3438,0.9028,0.8899,2.6899,2.8481,962034.1455,684504.1455,296715.7835,36480334.7974,25956397.1974,42.5,34.78,1.6159
601601,中国太保,保险,上海,20071225,601601.SH,20250903,39.99,40.26,38.42,38.64,39.83,-1.19,-2.9877,254160.16,992329.989,0.3713,0.8566,0.7,8.268,7.791,1.3693,0.9199,0.9068,2.6398,2.795,962034.1455,684504.1455,296715.7835,37172999.3821,26449240.1821,43.81,35.85,1.6159
601601,中国太保,保险,上海,20071225,601601.SH,20250902,39.63,39.99,39.18,39.83,39.6,0.23,0.5808,305478.38,1211083.503,0.4463,1.0295,0.89,8.5226,8.0309,1.4114,0.9483,0.9347,2.5609,2.7115,962034.1455,684504.1455,296715.7835,38317820.0153,27263800.1153,43.56,35.64,1.6159
601601,中国太保,保险,上海,20071225,601601.SH,20250901,40.72,40.83,39.6,39.6,40.31,-0.71,-1.7613,377192.84,1504733.375,0.551,1.2712,1.13,8.4734,7.9845,1.4033,0.9428,0.9293,2.5758,2.7273,962034.1455,684504.1455,296715.7835,38096552.1618,27106364.1618,44.34,36.28,1.6159
601601,中国太保,保险,上海,20071225,601601.SH,20250829,40.65,42.23,40.28,40.31,39.94,0.37,0.9264,511061.22,2101911.231,0.7466,1.7208,1.81,8.6254,8.1277,1.4284,0.9597,0.946,2.5304,2.6792,962034.1455,684504.1455,296987.6535,38779596.4051,27592362.1051,43.93,35.95,1.6159
601601,中国太保,保险,上海,20071225,601601.SH,20250828,39.6,40.0,39.3,39.94,39.74,0.2,0.5033,277820.85,1101392.509,0.4059,0.9355,1.03,8.5462,8.9716,1.5174,0.9509,0.9549,2.5538,2.7041,962034.1455,684504.1455,296987.6535,38423643.7713,27339095.5713,43.71,35.77,1.6159
601601,中国太保,保险,上海,20071225,601601.SH,20250827,40.98,41.13,39.61,39.74,40.92,-1.18,-2.8837,344914.86,1383353.323,0.5039,1.1614,1.34,8.5034,8.9267,1.5098,0.9461,0.9501,2.5667,2.7177,962034.1455,684504.1455,296987.6535,38231236.9422,27202194.7422,45.01,36.83,1.6159
601601,中国太保,保险,上海,20071225,601601.SH,20250826,41.4,41.48,40.9,40.92,41.57,-0.65,-1.5636,202455.42,833928.379,0.2958,0.6817,0.76,8.7559,9.1918,1.5546,0.9742,0.9783,2.4927,2.6393,962034.1455,684504.1455,296987.6535,39366437.2339,28009909.6339,45.73,37.41,1.6159
601601,中国太保,保险,上海,20071225,601601.SH,20250825,41.01,41.71,40.53,41.57,40.78,0.79,1.9372,331192.0,1362681.202,0.4838,1.1152,1.23,8.895,9.3378,1.5793,0.9897,0.9939,2.4537,2.598,962034.1455,684504.1455,296987.6535,39991759.4284,28454837.3284,44.86,36.7,1.6159
601601,中国太保,保险,上海,20071225,601601.SH,20250822,40.04,40.8,39.81,40.78,39.9,0.88,2.2055,254568.44,1028132.382,0.3719,0.8572,0.8,8.7259,9.1603,1.5493,0.9709,0.975,2.5012,2.6484,962034.1455,684504.1455,296987.6535,39231752.4535,27914079.0535,43.89,35.91,1.6163
601601,中国太保,保险,上海,20071225,601601.SH,20250821,40.2,40.47,39.84,39.9,40.35,-0.45,-1.1152,210798.87,845858.106,0.308,0.7098,0.56,8.5376,8.9626,1.5159,0.9499,0.954,2.5564,2.7068,962034.1455,684504.1455,296987.6535,38385162.4055,27311715.4055,44.39,36.32,1.6163
601601,中国太保,保险,上海,20071225,601601.SH,20250820,38.98,40.38,38.45,40.35,39.07,1.28,3.2762,289293.62,1141582.782,0.4226,0.9741,0.72,8.6339,9.0637,1.533,0.9606,0.9647,2.5279,2.6766,962034.1455,684504.1455,296987.6535,38818077.7709,27619742.2709,42.98,35.16,1.6163
601601,中国太保,保险,上海,20071225,601601.SH,20250819,39.93,40.3,38.98,39.07,39.9,-0.83,-2.0802,241696.32,955518.708,0.3531,0.8138,0.58,8.36,8.7762,1.4843,0.9302,0.9341,2.6107,2.7643,962034.1455,684504.1455,296987.6535,37586674.0647,26743576.9647,43.89,35.91,1.6163
601601,中国太保,保险,上海,20071225,601601.SH,20250818,39.8,40.65,39.51,39.9,39.7,0.2,0.5038,346431.63,1385514.216,0.5061,1.1665,0.89,8.5376,8.9626,1.5159,0.9499,0.954,2.5564,2.7068,962034.1455,684504.1455,296987.6535,38385162.4055,27311715.4055,43.67,35.73,1.6163
601601,中国太保,保险,上海,20071225,601601.SH,20250815,39.4,40.45,38.44,39.7,39.6,0.1,0.2525,505339.27,1999770.012,0.7383,1.7015,1.58,8.4948,8.9177,1.5083,0.9452,0.9492,2.5693,2.7204,962034.1455,684504.1455,296987.6535,38192755.5764,27174814.5764,43.56,35.64,1.6163
601601,中国太保,保险,上海,20071225,601601.SH,20250814,37.9,39.96,37.9,39.6,37.76,1.84,4.8729,514263.26,2026442.174,0.7513,1.7316,2.0,8.4734,8.8952,1.5045,0.9428,0.9468,2.5758,2.7273,962034.1455,684504.1455,296987.6535,38096552.1618,27106364.1618,41.54,33.98,1.6159
601601,中国太保,保险,上海,20071225,601601.SH,20250813,37.6,38.4,37.6,37.76,37.41,0.35,0.9356,404873.77,1540293.688,0.5915,1.3633,1.92,8.0797,8.4819,1.4346,0.899,0.9028,2.7013,2.8602,962034.1455,684504.1455,296987.6535,36326409.3341,25846876.5341,41.15,33.67,1.6159
601601,中国太保,保险,上海,20071225,601601.SH,20250812,36.88,37.51,36.84,37.41,36.88,0.53,1.4371,306977.0,1143191.476,0.4485,1.0336,1.6,8.0048,8.4033,1.4213,0.8906,0.8944,2.7265,2.8869,962034.1455,684504.1455,296987.6535,35989697.3832,25607300.0832,40.57,33.19,1.6159
601601,中国太保,保险,上海,20071225,601601.SH,20250811,37.1,37.4,36.81,36.88,36.9,-0.02,-0.0542,225032.23,833363.123,0.3288,0.7577,1.15,7.8914,8.2843,1.4011,0.878,0.8818,2.7657,2.9284,962034.1455,684504.1455,296987.6535,35479819.286,25244512.886,40.59,33.21,1.6159
601601,中国太保,保险,上海,20071225,601601.SH,20250808,37.24,37.33,36.86,36.9,37.22,-0.32,-0.8598,145359.09,538285.76,0.2124,0.4894,0.68,7.8957,8.2888,1.4019,0.8785,0.8822,2.7642,2.9268,962034.1455,684504.1455,296987.6535,35499059.969,25258202.969,40.94,33.5,1.6159
601601,中国太保,保险,上海,20071225,601601.SH,20250807,37.39,38.07,37.06,37.22,37.4,-0.18,-0.4813,204845.9,765824.979,0.2993,0.6897,0.81,7.9642,8.3606,1.4141,0.8861,0.8899,2.7405,2.9017,962034.1455,684504.1455,296987.6535,35806910.8955,25477244.2955,41.14,33.66,1.6159
601601,中国太保,保险,上海,20071225,601601.SH,20250806,37.47,38.11,37.28,37.4,37.55,-0.15,-0.3995,171643.12,643683.549,0.2508,0.5779,0.57,8.0027,8.4011,1.4209,0.8904,0.8942,2.7273,2.8877,962034.1455,684504.1455,296987.6535,35980077.0417,25600455.0417,41.31,33.8,1.6159
601601,中国太保,保险,上海,20071225,601601.SH,20250805,37.19,37.67,37.09,37.55,37.12,0.43,1.1584,214310.0,801599.586,0.3131,0.7216,0.64,8.0348,8.4348,1.4266,0.894,0.8978,2.7164,2.8762,962034.1455,684504.1455,296987.6535,36124382.1635,25703130.6635,40.83,33.41,1.6159
601601,中国太保,保险,上海,20071225,601601.SH,20250804,37.02,37.19,36.6,37.12,37.1,0.02,0.0539,240804.97,890026.08,0.3518,0.8108,0.62,7.9428,8.3382,1.4103,0.8837,0.8875,2.7478,2.9095,962034.1455,684504.1455,296987.6535,35710707.481,25408793.881,40.81,33.39,1.6159
601601,中国太保,保险,上海,20071225,601601.SH,20250801,37.35,37.84,37.04,37.1,37.46,-0.36,-0.961,240892.03,901640.405,0.3519,0.8111,0.54,7.9385,8.3337,1.4095,0.8833,0.887,2.7493,2.9111,962034.1455,684504.1455,296987.6535,35691466.7981,25395103.7981,41.21,33.71,1.6159
601601,中国太保,保险,上海,20071225,601601.SH,20250731,38.68,38.79,37.24,37.46,38.85,-1.39,-3.5779,395959.0,1494547.74,0.5785,1.3333,0.87,8.0155,8.4145,1.4232,0.8918,0.8956,2.7229,2.8831,962034.1455,684504.1455,296987.6535,36037799.0904,25641525.2904,42.74,34.97,1.6159
601601,中国太保,保险,上海,20071225,601601.SH,20250730,38.38,39.18,38.28,38.85,38.28,0.57,1.489,423266.37,1644962.694,0.6184,1.4252,0.86,8.313,8.7268,1.476,0.9249,0.9289,2.6255,2.7799,962034.1455,684504.1455,296987.6535,37375026.5527,26592986.0527,42.11,34.45,1.6159
601601,中国太保,保险,上海,20071225,601601.SH,20250729,38.68,38.9,38.18,38.28,38.99,-0.71,-1.821,372405.93,1433244.44,0.5441,1.2539,0.72,8.191,8.5987,1.4543,0.9114,0.9152,2.6646,2.8213,962034.1455,684504.1455,296987.6535,36826667.0897,26202818.6897,42.89,35.09,1.6159
601601,中国太保,保险,上海,20071225,601601.SH,20250728,37.52,39.45,37.51,38.99,37.49,1.5,4.0011,501077.88,1946792.438,0.732,1.6872,1.01,8.3429,8.7582,1.4813,0.9283,0.9322,2.6161,2.7699,962034.1455,684504.1455,296987.6535,37509711.333,26688816.633,41.24,33.74,1.6159
601601,中国太保,保险,上海,20071225,601601.SH,20250725,37.31,37.8,36.9,37.49,37.39,0.1,0.2675,525242.2,1962225.402,0.7673,1.7686,1.08,8.0219,8.4213,1.4243,0.8925,0.8963,2.7207,2.8808,962034.1455,684504.1455,296987.6535,36066660.1148,25662060.4148,41.13,33.65,1.6159
601601,中国太保,保险,上海,20071225,601601.SH,20250724,37.04,37.88,36.96,37.39,37.15,0.24,0.646,459207.55,1714964.021,0.6709,1.5462,1.08,8.0005,8.3988,1.4205,0.8902,0.8939,2.728,2.8885,962034.1455,684504.1455,296987.6535,35970456.7002,25593610.0002,40.87,33.44,1.6159
601601,中国太保,保险,上海,20071225,601601.SH,20250723,36.37,37.67,36.24,37.15,36.19,0.96,2.6527,600331.74,2233415.946,0.877,2.0214,1.72,7.9492,8.3449,1.4114,0.8844,0.8882,2.7456,2.9071,962034.1455,684504.1455,296987.6535,35739568.5053,25429329.0053,39.81,32.57,1.6159
601601,中国太保,保险,上海,20071225,601601.SH,20250722,36.63,37.16,35.65,36.19,36.66,-0.47,-1.2821,488209.92,1764537.686,0.7132,1.6439,1.6,7.7438,8.1293,1.3749,0.8616,0.8653,2.8185,2.9842,962034.1455,684504.1455,296987.6535,34816015.7256,24772205.0256,40.33,32.99,1.6159
601601,中国太保,保险,上海,20071225,601601.SH,20250721,37.09,37.13,36.22,36.66,37.09,-0.43,-1.1593,414863.88,1519839.528,0.6061,1.3969,1.52,7.8443,8.2348,1.3928,0.8728,0.8765,2.7823,2.946,962034.1455,684504.1455,296987.6535,35268171.774,25093921.974,40.8,33.38,1.6159
601601,中国太保,保险,上海,20071225,601601.SH,20250718,36.97,37.85,36.6,37.09,36.67,0.42,1.1454,458790.78,1709336.934,0.6703,1.5448,1.53,7.9364,8.3314,1.4091,0.883,0.8868,2.7501,2.9118,962034.1455,684504.1455,296987.6535,35681846.4566,25388258.7566,40.34,33.0,1.6159
601601,中国太保,保险,上海,20071225,601601.SH,20250717,37.68,38.02,37.53,37.75,37.78,-0.03,-0.0794,154305.52,581559.184,0.2254,0.5196,0.44,8.0776,8.4797,1.3777,0.8987,0.9026,2.702,,962034.1455,684504.1455,296987.6535,36316788.9926,25840031.4926,41.56,34.0,1.5697
601601,中国太保,保险,上海,20071225,601601.SH,20250716,37.95,38.19,37.24,37.78,37.92,-0.14,-0.3692,229476.5,861768.716,0.3352,0.7727,0.66,8.084,8.4864,1.3788,0.8994,0.9033,2.6998,,962034.1455,684504.1455,296987.6535,36345650.017,25860566.617,41.71,34.13,1.5697
601601,中国太保,保险,上海,20071225,601601.SH,20250715,38.36,38.66,37.76,37.92,38.3,-0.38,-0.9922,266708.52,1015878.515,0.3896,0.898,0.8,8.114,8.5179,1.3839,0.9028,0.9066,2.6899,,962034.1455,684504.1455,296987.6535,36480334.7974,25956397.1974,42.13,34.47,1.5697
601601,中国太保,保险,上海,20071225,601601.SH,20250714,38.42,38.75,38.11,38.3,38.46,-0.16,-0.416,252441.38,970647.215,0.3688,0.85,0.76,8.1953,8.6032,1.3977,0.9118,0.9157,2.6632,,962034.1455,684504.1455,296987.6535,36845907.7727,26216508.7727,42.31,34.61,1.5697
601601,中国太保,保险,上海,20071225,601601.SH,20250711,37.89,39.65,37.8,38.46,37.62,0.84,2.2329,596370.15,2320006.629,0.8712,2.0081,2.25,8.2295,8.6392,1.4036,0.9156,0.9195,2.6521,2.6521,962034.1455,684504.1455,296987.6535,36999833.2359,26326029.4359,41.38,33.86,1.5697
601601,中国太保,保险,上海,20071225,601601.SH,20250710,37.1,38.26,37.01,37.62,37.1,0.52,1.4016,411092.04,1554776.599,0.6006,1.3842,1.96,8.0498,8.4505,1.3729,0.8956,0.8994,2.7113,2.7113,962034.1455,684504.1455,296987.6535,36191724.5537,25751045.9537,40.81,33.39,1.5697
601601,中国太保,保险,上海,20071225,601601.SH,20250709,37.81,37.94,37.1,37.1,37.83,-0.73,-1.9297,200685.12,751037.065,0.2932,0.6757,1.0,7.9385,8.3337,1.3539,0.8833,0.887,2.7493,2.7493,962034.1455,684504.1455,296987.6535,35691466.7981,25395103.7981,41.61,34.05,1.5697
601601,中国太保,保险,上海,20071225,601601.SH,20250708,37.74,38.06,37.48,37.83,37.73,0.1,0.265,214759.81,811561.594,0.3137,0.7231,1.15,8.0947,8.4977,1.3806,0.9006,0.9045,2.6963,2.6963,962034.1455,684504.1455,296987.6535,36393751.7243,25894791.8243,41.5,33.96,1.5697
601601,中国太保,保险,上海,20071225,601601.SH,20250707,37.0,37.83,36.95,37.73,37.14,0.59,1.5886,235111.63,881405.994,0.3435,0.7917,1.19,8.0733,8.4752,1.3769,0.8983,0.9021,2.7034,2.7034,962034.1455,684504.1455,296987.6535,36297548.3097,25826341.4097,40.85,33.43,1.5697
601601,中国太保,保险,上海,20071225,601601.SH,20250704,37.03,37.87,36.53,37.14,37.15,-0.01,-0.0269,263802.44,981093.762,0.3854,0.8883,1.26,7.9471,8.3427,1.3554,0.8842,0.888,2.7464,2.7464,962034.1455,684504.1455,296987.6535,35729948.1639,25422483.9639,40.87,33.44,1.5697
601601,中国太保,保险,上海,20071225,601601.SH,20250703,37.21,37.44,36.85,37.15,37.12,0.03,0.0808,136278.14,505642.415,0.1991,0.4589,0.57,7.9492,8.3449,1.3558,0.8844,0.8882,2.7456,2.7456,962034.1455,684504.1455,296987.6535,35739568.5053,25429329.0053,40.83,33.41,1.5697
601601,中国太保,保险,上海,20071225,601601.SH,20250702,37.36,37.66,37.1,37.12,37.41,-0.29,-0.7752,153673.98,573368.798,0.2245,0.5174,0.51,7.9428,8.3382,1.3547,0.8837,0.8875,2.7478,2.7478,962034.1455,684504.1455,296987.6535,35710707.481,25408793.881,41.15,33.67,1.5697
601601,中国太保,保险,上海,20071225,601601.SH,20250701,37.51,37.75,37.36,37.41,37.51,-0.1,-0.2666,142865.52,536835.637,0.2087,0.481,0.41,8.0048,8.4033,1.3653,0.8906,0.8944,2.7265,2.7265,962034.1455,684504.1455,296987.6535,35989697.3832,25607300.0832,41.26,33.76,1.5697
601601,中国太保,保险,上海,20071225,601601.SH,20250630,36.81,37.63,36.8,37.51,36.96,0.55,1.4881,290777.16,1085441.798,0.4248,0.9791,0.85,8.0262,8.4258,1.3689,0.893,0.8968,2.7193,2.7193,962034.1455,684504.1455,296987.6535,36085900.7977,25675750.4977,40.66,33.26,1.5697
601601,中国太保,保险,上海,20071225,601601.SH,20250627,37.66,38.25,36.85,36.96,37.64,-0.68,-1.8066,322721.71,1207154.881,0.4715,1.0867,1.0,7.9085,8.3022,1.3488,0.8799,0.8837,2.7597,2.7597,962034.1455,684504.1455,296987.6535,35556782.0177,25299273.2177,41.4,33.88,1.5697
601601,中国太保,保险,上海,20071225,601601.SH,20250626,38.04,38.04,37.4,37.64,38.04,-0.4,-1.0515,276479.52,1042505.893,0.4039,0.9309,0.86,8.054,8.455,1.3737,0.8961,0.8999,2.7099,2.7099,962034.1455,684504.1455,296987.6535,36210965.2366,25764736.0366,41.84,34.24,1.5697
601601,中国太保,保险,上海,20071225,601601.SH,20250625,36.9,38.04,36.73,38.04,36.72,1.32,3.5948,473420.64,1774422.129,0.6916,1.5941,1.65,8.1396,8.5448,1.3883,0.9056,0.9095,2.6814,2.6814,962034.1455,684504.1455,296987.6535,36595778.8948,26038537.6948,40.39,33.05,1.5697
601601,中国太保,保险,上海,20071225,601601.SH,20250624,36.1,37.29,35.89,36.72,35.89,0.83,2.3126,388179.31,1429254.319,0.5671,1.3071,1.45,7.8572,8.2483,1.3401,0.8742,0.8779,2.7778,2.7778,962034.1455,684504.1455,296987.6535,35325893.8228,25134992.2228,39.48,32.3,1.5697
601601,中国太保,保险,上海,20071225,601601.SH,20250623,35.18,36.08,34.83,35.89,35.38,0.51,1.4415,255002.12,906492.844,0.3725,0.8586,0.91,7.6796,8.0619,1.3098,0.8545,0.8581,2.842,2.842,962034.1455,684504.1455,296987.6535,34527405.482,24566853.782,38.92,31.84,1.5697
601601,中国太保,保险,上海,20071225,601601.SH,20250620,34.98,35.66,34.76,35.38,34.87,0.51,1.4626,225326.37,794896.706,0.3292,0.7587,0.77,7.5705,7.9473,1.2912,0.8423,0.8459,2.883,2.883,962034.1455,684504.1455,296987.6535,34036768.0678,24217756.6678,38.36,31.38,1.5697
601601,中国太保,保险,上海,20071225,601601.SH,20250619,35.49,35.58,34.76,34.87,35.49,-0.62,-1.747,268417.25,939636.023,0.3921,0.9038,0.86,7.4613,7.8328,1.2726,0.8302,0.8337,2.9252,2.9252,962034.1455,684504.1455,296987.6535,33546130.6536,23868659.5536,39.04,31.94,1.5697
601601,中国太保,保险,上海,20071225,601601.SH,20250618,36.19,36.21,35.01,35.49,36.19,-0.7,-1.9342,298521.53,1056987.129,0.4361,1.0052,0.94,7.594,7.972,1.2952,0.8449,0.8485,2.874,2.874,962034.1455,684504.1455,296987.6535,34142591.8238,24293052.1238,39.81,32.57,1.5697
601601,中国太保,保险,上海,20071225,601601.SH,20250617,36.37,36.47,35.88,36.19,36.49,-0.3,-0.8221,287813.14,1040933.461,0.4205,0.9691,0.94,7.7438,8.1293,1.3207,0.8616,0.8653,2.8185,2.8185,962034.1455,684504.1455,296987.6535,34816015.7256,24772205.0256,40.14,32.84,1.5697
601601,中国太保,保险,上海,20071225,601601.SH,20250616,35.95,36.56,35.75,36.49,35.91,0.58,1.6151,318629.47,1154925.379,0.4655,1.0729,1.15,7.808,8.1967,1.3317,0.8687,0.8724,2.7953,2.7953,962034.1455,684504.1455,296987.6535,35104625.9693,24977556.2693,39.5,32.32,1.5697
601601,中国太保,保险,上海,20071225,601601.SH,20250613,35.86,36.2,35.6,35.91,36.06,-0.15,-0.416,285301.99,1023662.223,0.4168,0.9607,1.1,7.6839,8.0664,1.3105,0.8549,0.8586,2.8404,2.8404,962034.1455,684504.1455,296987.6535,34546646.1649,24580543.8649,39.67,32.45,1.5697
601601,中国太保,保险,上海,20071225,601601.SH,20250612,35.45,36.43,35.15,36.06,35.66,0.4,1.1217,362084.15,1300256.426,0.529,1.2192,1.51,7.716,8.1001,1.316,0.8585,0.8621,2.8286,2.8286,962034.1455,684504.1455,296987.6535,34690951.2867,24683219.4867,39.23,32.09,1.5697
601601,中国太保,保险,上海,20071225,601601.SH,20250611,34.9,35.85,34.81,35.66,34.88,0.78,2.2362,330083.28,1172139.715,0.4822,1.1114,1.38,7.6304,8.0102,1.3014,0.849,0.8526,2.8603,2.8603,962034.1455,684504.1455,296987.6535,34306137.6285,24409417.8285,38.37,31.39,1.5697
601601,中国太保,保险,上海,20071225,601601.SH,20250610,35.21,35.78,34.81,34.88,35.21,-0.33,-0.9372,237621.61,838157.451,0.3471,0.8001,1.01,7.4635,7.835,1.2729,0.8304,0.8339,2.9243,2.9243,962034.1455,684504.1455,296987.6535,33555750.995,23875504.595,38.73,31.69,1.5697
601601,中国太保,保险,上海,20071225,601601.SH,20250609,35.01,35.5,34.87,35.21,34.98,0.23,0.6575,172878.67,606985.053,0.2526,0.5821,0.69,7.5341,7.9091,1.285,0.8383,0.8418,2.8969,2.8969,962034.1455,684504.1455,296987.6535,33873222.2631,24101390.9631,38.48,31.48,1.5697
601601,中国太保,保险,上海,20071225,601601.SH,20250606,35.22,35.51,34.72,34.98,35.25,-0.27,-0.766,194352.96,680048.393,0.2839,0.6544,0.69,7.4849,7.8575,1.2766,0.8328,0.8363,2.916,2.916,962034.1455,684504.1455,296987.6535,33651954.4096,23943955.0096,38.78,31.73,1.5697
601601,中国太保,保险,上海,20071225,601601.SH,20250605,35.1,35.37,34.71,35.25,35.09,0.16,0.456,266168.74,934360.709,0.3888,0.8962,0.9,7.5426,7.9181,1.2864,0.8392,0.8428,2.8936,2.8936,962034.1455,684504.1455,296987.6535,33911703.6289,24128771.1289,38.6,31.58,1.5697
601601,中国太保,保险,上海,20071225,601601.SH,20250604,34.5,35.43,34.37,35.09,34.5,0.59,1.7101,323245.19,1134809.798,0.4722,1.0884,1.25,7.5084,7.8822,1.2806,0.8354,0.839,2.9068,2.9068,962034.1455,684504.1455,296987.6535,33757778.1656,24019250.4656,37.95,31.05,1.5697
601601,中国太保,保险,上海,20071225,601601.SH,20250603,34.37,34.9,33.94,34.5,34.43,0.07,0.2033,219119.92,754585.804,0.3201,0.7378,0.83,7.3822,7.7496,1.2591,0.8214,0.8249,2.9565,2.9565,962034.1455,684504.1455,296987.6535,33190178.0198,23615393.0198,37.87,30.99,1.5697
601601,中国太保,保险,上海,20071225,601601.SH,20250530,34.6,35.0,34.28,34.43,34.66,-0.23,-0.6636,257867.69,891826.06,0.3767,0.8683,0.99,7.3672,7.7339,1.2565,0.8197,0.8232,2.9625,2.9625,962034.1455,684504.1455,296987.6535,33122835.6296,23567477.7296,38.13,31.19,1.5697
601601,中国太保,保险,上海,20071225,601601.SH,20250529,34.29,34.84,34.02,34.66,34.2,0.46,1.345,339035.95,1173267.832,0.4953,1.1416,1.47,7.4164,7.7856,1.2649,0.8252,0.8287,2.9429,2.9429,962034.1455,684504.1455,296987.6535,33344103.483,23724913.683,37.62,30.78,1.5697
601601,中国太保,保险,上海,20071225,601601.SH,20250528,33.83,34.8,33.78,34.2,33.69,0.51,1.5138,333405.08,1145363.316,0.4871,1.1226,1.59,7.318,7.6823,1.2481,0.8142,0.8177,2.9825,2.9825,962034.1455,684504.1455,296987.6535,32901567.7761,23410041.7761,37.06,30.32,1.5697
601601,中国太保,保险,上海,20071225,601601.SH,20250527,33.8,34.08,33.53,33.69,33.77,-0.08,-0.2369,145462.74,491538.506,0.2125,0.4898,0.56,7.2088,7.5677,1.2295,0.8021,0.8055,3.0276,3.0276,962034.1455,684504.1455,296987.6535,32410930.3619,23060944.6619,37.15,30.39,1.5697
601601,中国太保,保险,上海,20071225,601601.SH,20250526,33.66,34.38,33.28,33.77,33.51,0.26,0.7759,242254.17,820850.397,0.3539,0.8157,0.93,7.226,7.5857,1.2324,0.804,0.8074,3.0204,3.0204,962034.1455,684504.1455,296987.6535,32487893.0935,23115704.9935,36.86,30.16,1.5697
601601,中国太保,保险,上海,20071225,601601.SH,20250523,34.31,34.5,33.47,33.51,34.36,-0.85,-2.4738,241009.75,817531.12,0.3521,0.8115,0.84,7.1703,7.5273,1.2229,0.7978,0.8012,3.0439,3.0439,962034.1455,684504.1455,296987.6535,32237764.2157,22937733.9157,37.8,30.92,1.5697
601601,中国太保,保险,上海,20071225,601601.SH,20250522,33.85,34.42,33.81,34.36,33.97,0.39,1.1481,192894.25,660038.156,0.2818,0.6495,0.54,7.3522,7.7182,1.254,0.818,0.8215,2.9686,2.9686,962034.1455,684504.1455,296987.6535,33055493.2394,23519562.4394,37.37,30.57,1.5697
601601,中国太保,保险,上海,20071225,601601.SH,20250521,34.08,34.5,33.89,33.97,34.11,-0.14,-0.4104,228265.63,780199.981,0.3335,0.7686,0.45,7.2687,7.6306,1.2397,0.8087,0.8122,3.0026,3.0026,962034.1455,684504.1455,296987.6535,32680299.9226,23252605.8226,37.52,30.7,1.5697
601601,中国太保,保险,上海,20071225,601601.SH,20250520,33.61,34.36,33.45,34.11,33.56,0.55,1.6389,397135.94,1350693.315,0.5802,1.3372,0.86,7.2987,7.662,1.2448,0.8121,0.8155,2.9903,2.9903,962034.1455,684504.1455,296987.6535,32814984.703,23348436.403,36.92,30.2,1.5697
601601,中国太保,保险,上海,20071225,601601.SH,20250519,33.44,33.72,33.27,33.56,33.43,0.13,0.3889,248109.84,831418.157,0.3625,0.8354,0.53,7.181,7.5385,1.2248,0.799,0.8024,3.0393,3.0393,962034.1455,684504.1455,296987.6535,32285865.923,22971959.123,36.77,30.09,1.5697
601601,中国太保,保险,上海,20071225,601601.SH,20250516,33.9,34.19,33.2,33.43,34.04,-0.61,-1.792,361474.07,1209227.781,0.5281,1.2171,0.83,7.1532,7.5093,1.22,0.7959,0.7993,3.0512,3.0512,962034.1455,684504.1455,296987.6535,32160801.4841,22882973.5841,37.44,30.64,1.5697
601601,中国太保,保险,上海,20071225,601601.SH,20250515,34.36,35.02,33.87,34.04,34.73,-0.69,-1.9868,541831.82,1864279.681,0.7916,1.8244,1.23,7.2837,7.6463,1.2423,0.8104,0.8139,2.9965,2.9965,962034.1455,684504.1455,296987.6535,32747642.3128,23300521.1128,38.2,31.26,1.5697
601601,中国太保,保险,上海,20071225,601601.SH,20250514,32.05,35.12,31.93,34.73,32.01,2.72,8.4973,961898.77,3260267.123,1.4052,3.2389,2.93,7.4314,7.8013,1.2675,0.8268,0.8303,2.9369,2.9369,962034.1455,684504.1455,296987.6535,33411445.8732,23772828.9732,35.21,28.81,1.5697
601601,中国太保,保险,上海,20071225,601601.SH,20250513,32.2,32.23,31.82,32.01,32.14,-0.13,-0.4045,195177.1,624636.96,0.2851,0.6572,0.57,6.8494,7.1903,1.1682,0.7621,0.7653,3.1865,3.1865,962034.1455,684504.1455,296987.6535,30794712.9975,21910977.6975,35.35,28.93,1.5697
601601,中国太保,保险,上海,20071225,601601.SH,20250512,32.0,32.3,31.85,32.14,31.83,0.31,0.9739,276996.96,887821.488,0.4047,0.9327,0.81,6.8772,7.2195,1.1729,0.7652,0.7684,3.1736,3.1736,962034.1455,684504.1455,296987.6535,30919777.4364,21999963.2364,35.01,28.65,1.5697
601601,中国太保,保险,上海,20071225,601601.SH,20250509,31.75,31.99,31.61,31.83,31.79,0.04,0.1258,202539.69,644098.264,0.2959,0.682,0.6,6.8108,7.1499,1.1616,0.7578,0.761,3.2045,3.2045,962034.1455,684504.1455,296987.6535,30621546.8513,21787766.9513,34.97,28.61,1.5697
601601,中国太保,保险,上海,20071225,601601.SH,20250508,31.16,32.47,31.16,31.79,31.3,0.49,1.5655,566799.3,1817510.876,0.828,1.9085,1.83,6.8023,7.1409,1.1602,0.7568,0.7601,3.2086,3.2086,962034.1455,684504.1455,296987.6535,30583065.4854,21760386.7854,34.43,28.17,1.5697
601601,中国太保,保险,上海,20071225,601601.SH,20250507,31.14,31.38,30.75,31.3,30.42,0.88,2.8928,399617.59,1244136.45,0.5838,1.3456,1.42,6.6974,7.0308,1.1423,0.7452,0.7483,3.2588,3.2588,962034.1455,684504.1455,296987.6535,30111668.7542,21424979.7542,33.46,27.38,1.5697
601601,中国太保,保险,上海,20071225,601601.SH,20250506,30.09,30.52,29.88,30.42,29.85,0.57,1.9095,279497.4,847168.182,0.4083,0.9411,0.99,6.5091,6.8332,1.1102,0.7242,0.7273,3.3531,3.3531,962034.1455,684504.1455,296987.6535,29265078.7061,20822616.1061,32.84,26.87,1.5697
601601,中国太保,保险,上海,20071225,601601.SH,20250430,30.22,30.38,29.8,29.85,30.23,-0.38,-1.257,262779.69,787552.953,0.3839,0.8848,0.97,6.3872,6.7051,1.0894,0.7107,0.7137,3.4171,3.4171,962034.1455,684504.1455,296987.6535,28716719.2432,20432448.7432,33.25,27.21,1.5697
601601,中国太保,保险,上海,20071225,601601.SH,20250429,30.39,30.77,30.13,30.23,30.47,-0.24,-0.7877,191382.0,580656.016,0.2796,0.6444,0.69,6.4685,6.7905,1.1032,0.7197,0.7228,3.3741,3.3741,962034.1455,684504.1455,296987.6535,29082292.2185,20692560.3185,33.52,27.42,1.5697
601601,中国太保,保险,上海,20071225,601601.SH,20250428,30.15,30.71,29.75,30.47,30.82,-0.35,-1.1356,417517.05,1261358.055,0.61,1.4058,1.79,6.5198,6.8444,1.112,0.7254,0.7285,3.3476,3.3476,962034.1455,684504.1455,296987.6535,29313180.4134,20856841.3134,33.9,27.74,1.5697
601601,中国太保,保险,上海,20071225,601601.SH,20250425,31.08,31.25,30.8,30.82,31.03,-0.21,-0.6768,252475.78,782098.933,0.3688,0.8501,1.16,6.5947,6.5947,1.0174,0.7337,0.7337,3.3095,3.3095,962034.1455,684504.1455,296987.6535,29649892.3643,21096417.7643,34.13,27.93,1.5697
601601,中国太保,保险,上海,20071225,601601.SH,20250424,30.87,31.47,30.87,31.03,30.9,0.13,0.4207,281554.74,877092.644,0.4113,0.948,1.26,6.6397,6.6397,1.0244,0.7387,0.7387,3.2871,3.2871,962034.1455,684504.1455,296987.6535,29851919.5349,21240163.6349,33.99,27.81,1.5697
601601,中国太保,保险,上海,20071225,601601.SH,20250423,31.13,31.25,30.86,30.9,30.97,-0.07,-0.226,208537.07,646214.044,0.3047,0.7022,0.86,6.6118,6.6118,1.0201,0.7357,0.7357,3.301,3.301,962034.1455,684504.1455,296987.6535,29726855.096,21151178.096,34.07,27.87,1.5697
601601,中国太保,保险,上海,20071225,601601.SH,20250422,30.7,31.09,30.7,30.97,30.74,0.23,0.7482,224264.83,694216.108,0.3276,0.7551,0.88,6.6268,6.6268,1.0224,0.7373,0.7373,3.2935,3.2935,962034.1455,684504.1455,296987.6535,29794197.4861,21199093.3861,33.81,27.67,1.5697
601601,中国太保,保险,上海,20071225,601601.SH,20250421,30.7,31.25,30.69,30.74,30.8,-0.06,-0.1948,196366.17,606984.631,0.2869,0.6612,0.73,6.5776,6.5776,1.0148,0.7318,0.7318,3.3182,3.3182,962034.1455,684504.1455,296987.6535,29572929.6327,21041657.4327,33.88,27.72,1.5697
601601,中国太保,保险,上海,20071225,601601.SH,20250418,30.47,30.87,30.46,30.8,30.66,0.14,0.4566,182222.11,560438.385,0.2662,0.6136,0.63,6.5904,6.5904,1.0168,0.7333,0.7333,3.3117,3.3117,962034.1455,684504.1455,296987.6535,29630651.6814,21082727.6814,33.73,27.59,1.5697
601601,中国太保,保险,上海,20071225,601601.SH,20250417,30.2,30.79,30.06,30.66,30.35,0.31,1.0214,309732.98,946075.34,0.4525,1.0429,0.92,6.5605,6.5605,1.0122,0.7299,0.7299,3.3268,3.3268,962034.1455,684504.1455,296987.6535,29495966.901,20986897.101,33.39,27.32,1.5697
601601,中国太保,保险,上海,20071225,601601.SH,20250416,30.26,30.4,30.05,30.35,30.43,-0.08,-0.2629,299612.17,904526.675,0.4377,1.0088,0.78,6.4942,6.4942,1.0019,0.7226,0.7226,3.3608,3.3608,962034.1455,684504.1455,296987.6535,29197736.3159,20774700.8159,33.47,27.39,1.5697
601601,中国太保,保险,上海,20071225,601601.SH,20250415,30.11,30.45,29.94,30.43,30.26,0.17,0.5618,283509.72,856811.581,0.4142,0.9546,0.63,6.5113,6.5113,1.0046,0.7245,0.7245,3.352,3.352,962034.1455,684504.1455,296987.6535,29274699.0476,20829461.1476,33.29,27.23,1.5697
601601,中国太保,保险,上海,20071225,601601.SH,20250414,30.42,30.54,30.22,30.26,30.14,0.12,0.3981,268309.43,814057.598,0.392,0.9034,0.48,6.4749,6.4749,0.999,0.7204,0.7204,3.3708,3.3708,962034.1455,684504.1455,296987.6535,29111153.2428,20713095.4428,33.15,27.13,1.5697
601601,中国太保,保险,上海,20071225,601601.SH,20250411,30.72,30.72,30.02,30.14,30.42,-0.28,-0.9204,289777.74,875511.377,0.4233,0.9757,0.51,6.4492,6.4492,0.995,0.7176,0.7176,3.3842,3.3842,962034.1455,684504.1455,296987.6535,28995709.1454,20630954.9454,33.46,27.38,1.5697
601601,中国太保,保险,上海,20071225,601601.SH,20250410,30.8,30.8,30.01,30.42,29.77,0.65,2.1834,533480.59,1623097.648,0.7794,1.7963,1.03,6.5091,6.5091,1.0042,0.7242,0.7242,3.3531,3.3531,962034.1455,684504.1455,296987.6535,29265078.7061,20822616.1061,32.75,26.79,1.5697
601601,中国太保,保险,上海,20071225,601601.SH,20250409,29.7,30.0,29.21,29.77,29.86,-0.09,-0.3014,536907.59,1590858.851,0.7844,1.8078,1.14,6.3701,6.3701,0.9828,0.7087,0.7087,3.4263,3.4263,962034.1455,684504.1455,296987.6535,28639756.5115,20377688.4115,32.85,26.87,1.5697
601601,中国太保,保险,上海,20071225,601601.SH,20250408,29.25,29.98,28.7,29.86,29.09,0.77,2.647,627311.88,1846855.464,0.9164,2.1122,1.5,6.3893,6.3893,0.9857,0.7109,0.7109,3.4159,3.4159,962034.1455,684504.1455,296987.6535,28726339.5846,20439293.7846,32.0,26.18,1.5697
601601,中国太保,保险,上海,20071225,601601.SH,20250407,30.77,30.95,29.03,29.09,32.25,-3.16,-9.7984,818917.66,2427836.932,1.1964,2.7574,2.68,6.2245,6.2245,0.9603,0.6926,0.6926,3.5064,3.5064,962034.1455,684504.1455,296987.6535,27985573.2926,19912225.5926,35.48,29.03,1.5697
601601,中国太保,保险,上海,20071225,601601.SH,20250403,32.05,32.68,31.75,32.25,32.41,-0.16,-0.4937,309064.68,999011.904,0.4515,1.0407,0.96,6.9007,6.9007,1.0646,0.7678,0.7678,3.1628,3.1628,962034.1455,684504.1455,296987.6535,31025601.1924,22075258.6924,35.65,29.17,1.5697
601601,中国太保,保险,上海,20071225,601601.SH,20250402,32.53,32.89,32.31,32.41,32.54,-0.13,-0.3995,298008.29,970902.829,0.4354,1.0034,0.98,6.9349,6.9349,1.0699,0.7716,0.7716,3.1472,3.1472,962034.1455,684504.1455,296987.6535,31179526.6557,22184779.3557,35.79,29.29,1.5697
601601,中国太保,保险,上海,20071225,601601.SH,20250401,32.28,32.7,32.16,32.54,32.16,0.38,1.1816,301298.28,978218.613,0.4402,1.0145,1.08,6.9628,6.9628,1.0742,0.7747,0.7747,3.1346,3.1346,962034.1455,684504.1455,296987.6535,31304591.0946,22273764.8946,35.38,28.94,1.5697
601601,中国太保,保险,上海,20071225,601601.SH,20250331,32.14,32.75,32.02,32.16,32.14,0.02,0.0622,358247.54,1158631.275,0.5234,1.2063,1.37,6.8815,6.8815,1.0617,0.7656,0.7656,3.1716,3.1716,962034.1455,684504.1455,296987.6535,30939018.1193,22013653.3193,35.35,28.93,1.5697
601601,中国太保,保险,上海,20071225,601601.SH,20250328,32.21,32.59,32.07,32.14,32.2,-0.06,-0.1863,261694.32,844241.896,0.3823,0.8812,0.92,6.8772,6.8772,1.061,0.7652,0.7652,3.1736,3.1736,962034.1455,684504.1455,296987.6535,30919777.4364,21999963.2364,35.42,28.98,1.5697
601601,中国太保,保险,上海,20071225,601601.SH,20250327,31.68,32.66,31.61,32.2,31.76,0.44,1.3854,398064.82,1283605.764,0.5815,1.3403,1.28,6.89,6.89,1.063,0.7666,0.7666,3.1677,3.1677,962034.1455,684504.1455,296987.6535,30977499.4851,22041033.4851,34.94,28.58,1.5697
601601,中国太保,保险,上海,20071225,601601.SH,20250326,32.05,32.12,31.75,31.76,32.05,-0.29,-0.9048,196838.05,628046.037,0.2876,0.6628,0.59,11.2097,7.2031,1.1178,0.9432,0.8071,3.2116,3.2116,962034.1455,684504.1455,296987.6535,30554204.4611,21739851.6611,35.26,28.85,1.5697
601601,中国太保,保险,上海,20071225,601601.SH,20250325,32.12,32.37,31.96,32.05,32.14,-0.09,-0.28,174338.0,559850.117,0.2547,0.587,0.5,11.312,7.2689,1.128,0.9518,0.8144,3.1825,3.1825,962034.1455,684504.1455,296987.6535,30833194.3633,21938357.8633,35.35,28.93,1.5697
601601,中国太保,保险,上海,20071225,601601.SH,20250324,31.75,32.28,31.72,32.14,31.73,0.41,1.2922,272210.76,871677.034,0.3977,0.9166,0.7,11.3438,7.2893,1.1312,0.9545,0.8167,3.1736,3.1736,962034.1455,684504.1455,296987.6535,30919777.4364,21999963.2364,34.9,28.56,1.5697
601601,中国太保,保险,上海,20071225,601601.SH,20250321,31.9,32.45,31.58,31.73,31.88,-0.15,-0.4705,377554.9,1206579.662,0.5516,1.2713,0.7,11.1991,7.1963,1.1168,0.9423,0.8063,3.2146,3.2146,962034.1455,684504.1455,296987.6535,30525343.4367,21719316.5367,35.07,28.69,1.5697
601601,中国太保,保险,上海,20071225,601601.SH,20250320,33.11,33.11,31.77,31.88,33.03,-1.15,-3.4817,537469.73,1726945.744,0.7852,1.8097,1.09,11.252,7.2303,1.1221,0.9468,0.8101,3.1995,3.1995,962034.1455,684504.1455,296987.6535,30669648.5585,21821992.1585,36.33,29.73,1.5697
601601,中国太保,保险,上海,20071225,601601.SH,20250319,33.14,33.21,32.74,33.03,33.16,-0.13,-0.392,299327.92,987075.619,0.4373,1.0079,0.6,11.6579,7.4912,1.1625,0.9809,0.8393,3.0881,3.0881,962034.1455,684504.1455,296987.6535,31775987.8259,22609171.9259,36.48,29.84,1.5697
601601,中国太保,保险,上海,20071225,601601.SH,20250318,33.43,33.55,33.01,33.16,33.22,-0.06,-0.1806,250339.72,831099.627,0.3657,0.8429,0.47,11.7038,7.5206,1.1671,0.9848,0.8426,3.076,3.076,962034.1455,684504.1455,296987.6535,31901052.2648,22698157.4648,36.54,29.9,1.5697
601601,中国太保,保险,上海,20071225,601601.SH,20250317,32.9,33.46,32.81,33.22,32.98,0.24,0.7277,489838.48,1624317.415,0.7156,1.6494,0.96,11.725,7.5342,1.1692,0.9865,0.8442,3.0704,3.0704,962034.1455,684504.1455,296987.6535,31958774.3135,22739227.7135,36.28,29.68,1.5697
601601,中国太保,保险,上海,20071225,601601.SH,20250314,30.61,33.27,30.59,32.98,30.62,2.36,7.7074,1102535.54,3549249.937,1.6107,3.7124,3.09,11.6403,7.4798,1.1608,0.9794,0.8381,3.0928,3.0928,962034.1455,684504.1455,296987.6535,31727886.1186,22574946.7186,33.68,27.56,1.5697
601601,中国太保,保险,上海,20071225,601601.SH,20250313,30.58,31.01,30.4,30.62,30.62,0.0,0.0,316032.98,969342.453,0.4617,1.0641,0.82,10.8073,6.9446,1.0777,0.9093,0.7781,3.3312,3.3312,962034.1455,684504.1455,296987.6535,29457485.5352,20959516.9352,33.68,27.56,1.5697
601601,中国太保,保险,上海,20071225,601601.SH,20250312,30.54,30.88,30.43,30.62,30.6,0.02,0.0654,331669.53,1017231.652,0.4845,1.1168,0.87,10.8073,6.9446,1.0777,0.9093,0.7781,3.3312,3.3312,962034.1455,684504.1455,296987.6535,29457485.5352,20959516.9352,33.66,27.54,1.5697
601601,中国太保,保险,上海,20071225,601601.SH,20250311,30.43,30.6,30.11,30.6,30.71,-0.11,-0.3582,430455.2,1307028.725,0.6289,1.4494,1.19,10.8003,6.94,1.077,0.9087,0.7776,3.3333,3.3333,962034.1455,684504.1455,296987.6535,29438244.8523,20945826.8523,33.78,27.64,1.5697
601601,中国太保,保险,上海,20071225,601601.SH,20250310,31.15,31.2,30.51,30.71,31.19,-0.48,-1.539,375117.94,1151608.638,0.548,1.2631,1.09,10.8391,6.965,1.0809,0.912,0.7804,3.3214,3.3214,962034.1455,684504.1455,296987.6535,29544068.6083,21021122.3083,34.31,28.07,1.5697
601601,中国太保,保险,上海,20071225,601601.SH,20250307,31.44,31.52,30.95,31.19,31.5,-0.31,-0.9841,332321.21,1036095.952,0.4855,1.119,0.88,11.0085,7.0738,1.0978,0.9263,0.7926,3.2703,3.2703,962034.1455,684504.1455,296987.6535,30005844.9981,21349684.2981,34.65,28.35,1.5697
601601,中国太保,保险,上海,20071225,601601.SH,20250306,30.95,31.67,30.81,31.5,30.79,0.71,2.3059,461536.71,1443420.132,0.6743,1.5541,1.29,11.1179,7.1442,1.1087,0.9355,0.8005,3.2381,3.2381,962034.1455,684504.1455,296987.6535,30304075.5833,21561880.5833,33.87,27.71,1.5697
601601,中国太保,保险,上海,20071225,601601.SH,20250305,30.64,30.98,30.43,30.79,30.6,0.19,0.6209,296369.23,910997.686,0.433,0.9979,0.75,10.8673,6.9831,1.0837,0.9144,0.7824,3.3128,3.3128,962034.1455,684504.1455,296987.6535,29621031.3399,21075882.6399,33.66,27.54,1.5697
601601,中国太保,保险,上海,20071225,601601.SH,20250304,30.62,30.8,30.46,30.6,30.92,-0.32,-1.0349,345008.1,1055016.326,0.504,1.1617,0.77,10.8003,6.94,1.077,0.9087,0.7776,3.3333,3.3333,962034.1455,684504.1455,296987.6535,29438244.8523,20945826.8523,34.01,27.83,1.5697
601601,中国太保,保险,上海,20071225,601601.SH,20250303,30.94,31.28,30.85,30.92,30.87,0.05,0.162,284383.2,882749.363,0.4155,0.9576,0.57,10.9132,7.0126,1.0883,0.9182,0.7857,3.2988,3.2988,962034.1455,684504.1455,296987.6535,29746095.7789,21164868.1789,33.96,27.78,1.5697
601601,中国太保,保险,上海,20071225,601601.SH,20250228,32.24,32.4,30.87,30.87,32.44,-1.57,-4.8397,508113.51,1604419.707,0.7423,1.7109,1.04,10.8955,7.0013,1.0865,0.9168,0.7845,3.3042,3.3042,962034.1455,684504.1455,296987.6535,29697994.0716,21130642.9716,35.68,29.2,1.5697
601601,中国太保,保险,上海,20071225,601601.SH,20250227,32.58,32.78,32.02,32.44,32.5,-0.06,-0.1846,350430.05,1133910.929,0.5119,1.1799,0.73,11.4497,7.3573,1.1418,0.9634,0.8243,3.1443,3.1443,962034.1455,684504.1455,296987.6535,31208387.68,22205314.48,35.75,29.25,1.5697
601601,中国太保,保险,上海,20071225,601601.SH,20250226,31.85,32.72,31.85,32.5,31.8,0.7,2.2013,477473.92,1546498.176,0.6975,1.6077,1.06,11.4709,7.371,1.1439,0.9652,0.8259,3.1385,3.1385,962034.1455,684504.1455,296987.6535,31266109.7288,22246384.7288,34.98,28.62,1.5697
601601,中国太保,保险,上海,20071225,601601.SH,20250225,32.1,33.48,31.77,31.8,32.51,-0.71,-2.1839,634513.13,2069128.105,0.927,2.1365,1.55,11.2238,7.2122,1.1192,0.9444,0.8081,3.2075,3.2075,962034.1455,684504.1455,296987.6535,30592685.8269,21767231.8269,35.76,29.26,1.5697
601601,中国太保,保险,上海,20071225,601601.SH,20250224,32.17,32.54,31.2,32.51,32.24,0.27,0.8375,545403.24,1749925.148,0.7968,1.8365,1.49,11.4744,7.3732,1.1442,0.9655,0.8261,3.1375,3.1375,962034.1455,684504.1455,296987.6535,31275730.0702,22253229.7702,35.46,29.02,1.5697
601601,中国太保,保险,上海,20071225,601601.SH,20250221,31.9,32.4,31.31,32.24,31.79,0.45,1.4155,439252.21,1404264.734,0.6417,1.479,1.21,11.3791,7.312,1.1347,0.9574,0.8193,3.1638,3.1638,962034.1455,684504.1455,296987.6535,31015980.8509,22068413.6509,34.97,28.61,1.5697
601601,中国太保,保险,上海,20071225,601601.SH,20250220,32.26,32.38,31.7,31.79,32.42,-0.63,-1.9432,315214.03,1005144.376,0.4605,1.0614,0.83,11.2203,7.2099,1.1189,0.9441,0.8078,3.2086,3.2086,962034.1455,684504.1455,296987.6535,30583065.4854,21760386.7854,35.66,29.18,1.5697
601601,中国太保,保险,上海,20071225,601601.SH,20250219,32.5,32.83,32.28,32.42,32.7,-0.28,-0.8563,328452.51,1067579.76,0.4798,1.1059,0.86,11.4426,7.3528,1.1411,0.9628,0.8238,3.1462,3.1462,962034.1455,684504.1455,296987.6535,31189146.9971,22191624.3971,35.97,29.43,1.5697
601601,中国太保,保险,上海,20071225,601601.SH,20250218,32.43,33.08,32.22,32.7,32.63,0.07,0.2145,411936.17,1347472.149,0.6018,1.387,1.2,11.5414,7.4163,1.1509,0.9711,0.831,3.1193,3.1193,962034.1455,684504.1455,296987.6535,31458516.5579,22383285.5579,35.89,29.37,1.5697
601601,中国太保,保险,上海,20071225,601601.SH,20250217,32.99,33.4,32.28,32.63,32.74,-0.11,-0.336,338183.51,1106296.068,0.4941,1.1387,1.04,11.5167,7.4004,1.1485,0.969,0.8292,3.126,3.126,962034.1455,684504.1455,296987.6535,31391174.1677,22335370.2677,36.01,29.47,1.5697
601601,中国太保,保险,上海,20071225,601601.SH,20250214,31.92,33.07,31.91,32.74,32.02,0.72,2.2486,424357.84,1380214.27,0.6199,1.4289,1.33,11.5556,7.4254,1.1523,0.9723,0.832,3.1155,3.1155,962034.1455,684504.1455,296987.6535,31496997.9237,22410665.7237,35.22,28.82,1.5697
601601,中国太保,保险,上海,20071225,601601.SH,20250213,32.01,32.45,31.63,32.02,32.08,-0.06,-0.187,389574.99,1246486.23,0.5691,1.3118,1.33,11.3014,7.2621,1.127,0.9509,0.8137,3.1855,3.1855,962034.1455,684504.1455,296987.6535,30804333.3389,21917822.7389,35.29,28.87,1.5697
601601,中国太保,保险,上海,20071225,601601.SH,20250212,32.13,32.18,31.58,32.08,32.14,-0.06,-0.1867,342313.47,1089653.918,0.5001,1.1526,1.2,11.3226,7.2757,1.1291,0.9527,0.8152,3.1796,3.1796,962034.1455,684504.1455,296987.6535,30862055.3876,21958892.9876,35.35,28.93,1.5697
601601,中国太保,保险,上海,20071225,601601.SH,20250211,32.4,32.47,31.89,32.14,32.37,-0.23,-0.7105,222709.32,715969.28,0.3254,0.7499,0.74,11.3438,7.2893,1.1312,0.9545,0.8167,3.1736,3.1736,962034.1455,684504.1455,296987.6535,30919777.4364,21999963.2364,35.61,29.13,1.5697
601601,中国太保,保险,上海,20071225,601601.SH,20250210,32.31,32.7,32.2,32.37,32.42,-0.05,-0.1542,250263.44,810917.931,0.3656,0.8427,0.77,11.425,7.3415,1.1393,0.9613,0.8226,3.1511,3.1511,962034.1455,684504.1455,296987.6535,31141045.2898,22157399.1898,35.66,29.18,1.5697
601601,中国太保,保险,上海,20071225,601601.SH,20250207,31.7,32.93,31.44,32.42,31.73,0.69,2.1746,395185.9,1275169.397,0.5773,1.3306,1.13,11.4426,7.3528,1.1411,0.9628,0.8238,3.1462,3.1462,962034.1455,684504.1455,296987.6535,31189146.9971,22191624.3971,34.9,28.56,1.5697
601601,中国太保,保险,上海,20071225,601601.SH,20250206,31.43,31.85,31.3,31.73,31.46,0.27,0.8582,259129.84,818714.905,0.3786,0.8725,0.75,11.1991,7.1963,1.1168,0.9423,0.8063,3.2146,3.2146,962034.1455,684504.1455,296987.6535,30525343.4367,21719316.5367,34.61,28.31,1.5697
601601,中国太保,保险,上海,20071225,601601.SH,20250205,32.66,32.66,31.35,31.46,32.35,-0.89,-2.7512,303668.91,963093.513,0.4436,1.0225,0.91,11.1038,7.1351,1.1073,0.9343,0.7994,3.2422,3.2422,962034.1455,684504.1455,296987.6535,30265594.2174,21534500.4174,35.59,29.12,1.5697
601601,中国太保,保险,上海,20071225,601601.SH,20250127,32.67,32.98,32.33,32.35,32.52,-0.17,-0.5228,301044.66,981979.218,0.4398,1.0137,0.9,11.4179,7.3369,1.1386,0.9607,0.8221,3.153,3.153,962034.1455,684504.1455,296987.6535,31121804.6069,22143709.1069,35.77,29.27,1.5697
601601,中国太保,保险,上海,20071225,601601.SH,20250124,32.02,32.8,32.0,32.52,32.11,0.41,1.2769,371261.21,1206125.394,0.5424,1.2501,1.17,11.4779,7.3755,1.1446,0.9658,0.8264,3.1365,3.1365,962034.1455,684504.1455,296987.6535,31285350.4117,22260074.8117,35.32,28.9,1.5697
601601,中国太保,保险,上海,20071225,601601.SH,20250123,32.12,32.98,32.05,32.11,31.29,0.82,2.6206,520263.2,1688106.921,0.7601,1.7518,1.93,11.3332,7.2825,1.1302,0.9536,0.816,3.1766,3.1766,962034.1455,684504.1455,296987.6535,30890916.412,21979428.112,34.42,28.16,1.5697
601601,中国太保,保险,上海,20071225,601601.SH,20250122,31.69,31.69,31.05,31.29,31.77,-0.48,-1.5109,239813.01,750229.568,0.3503,0.8075,0.92,11.0438,7.0965,1.1013,0.9292,0.7951,3.2598,3.2598,962034.1455,684504.1455,296987.6535,30102048.4127,21418134.7127,34.95,28.59,1.5697
601601,中国太保,保险,上海,20071225,601601.SH,20250121,32.3,32.4,31.61,31.77,31.96,-0.19,-0.5945,238556.59,761331.52,0.3485,0.8033,0.85,11.2132,7.2054,1.1182,0.9435,0.8073,3.2106,3.2106,962034.1455,684504.1455,296987.6535,30563824.8025,21746696.7025,35.16,28.76,1.5697
601601,中国太保,保险,上海,20071225,601601.SH,20250120,31.8,32.48,31.75,31.96,31.59,0.37,1.1713,294815.2,949551.02,0.4307,0.9927,1.01,11.2803,7.2485,1.1249,0.9491,0.8121,3.1915,3.1915,962034.1455,684504.1455,296987.6535,30746611.2902,21876752.4902,34.75,28.43,1.5697
601601,中国太保,保险,上海,20071225,601601.SH,20250117,31.24,31.73,30.85,31.59,31.31,0.28,0.8943,295898.38,931570.238,0.4323,0.9963,1.04,11.1497,7.1646,1.1119,0.9381,0.8027,3.2289,3.2289,962034.1455,684504.1455,296987.6535,30390658.6563,21623485.9563,34.44,28.18,1.5697
601601,中国太保,保险,上海,20071225,601601.SH,20250116,31.31,31.78,30.91,31.31,31.15,0.16,0.5136,280503.35,879595.014,0.4098,0.9445,1.06,11.0508,7.1011,1.102,0.9298,0.7956,3.2577,3.2577,962034.1455,684504.1455,296987.6535,30121289.0956,21431824.7956,34.27,28.04,1.5697
601601,中国太保,保险,上海,20071225,601601.SH,20250115,31.21,31.63,31.02,31.15,31.3,-0.15,-0.4792,199677.57,624098.235,0.2917,0.6723,0.74,10.9944,7.0648,1.0964,0.9251,0.7916,3.2745,3.2745,962034.1455,684504.1455,296987.6535,29967363.6323,21322304.1323,34.43,28.17,1.5697
601601,中国太保,保险,上海,20071225,601601.SH,20250114,30.7,31.44,30.47,31.3,30.62,0.68,2.2208,325308.26,1011162.783,0.4752,1.0954,1.32,11.0473,7.0988,1.1016,0.9295,0.7954,3.2588,3.2588,962034.1455,684504.1455,296987.6535,30111668.7542,21424979.7542,33.68,27.56,1.5697
601601,中国太保,保险,上海,20071225,601601.SH,20250113,30.98,31.22,30.42,30.62,31.2,-0.58,-1.859,362137.61,1110845.473,0.5291,1.2194,1.65,10.8073,6.9446,1.0777,0.9093,0.7781,3.3312,3.3312,962034.1455,684504.1455,296987.6535,29457485.5352,20959516.9352,34.32,28.08,1.5697
601601,中国太保,保险,上海,20071225,601601.SH,20250110,31.95,32.21,31.2,31.2,31.9,-0.7,-2.1944,253473.66,798928.729,0.3703,0.8535,1.08,11.012,7.0761,1.0981,0.9266,0.7928,3.2692,3.2692,962034.1455,684504.1455,296987.6535,30015465.3396,21356529.3396,35.09,28.71,1.5697
601601,中国太保,保险,上海,20071225,601601.SH,20250109,31.96,32.3,31.65,31.9,31.99,-0.09,-0.2813,181976.27,583057.821,0.2659,0.6127,0.63,11.2591,7.2349,1.1228,0.9473,0.8106,3.1975,3.1975,962034.1455,684504.1455,296987.6535,30688889.2415,21835682.2415,35.19,28.79,1.5697
601601,中国太保,保险,上海,20071225,601601.SH,20250108,31.59,32.27,31.43,31.99,31.67,0.32,1.0104,230817.81,734310.269,0.3372,0.7772,0.73,11.2909,7.2553,1.1259,0.95,0.8129,3.1885,3.1885,962034.1455,684504.1455,296987.6535,30775472.3145,21897287.6145,34.84,28.5,1.5697
601601,中国太保,保险,上海,20071225,601601.SH,20250107,31.66,31.83,31.33,31.67,31.71,-0.04,-0.1261,200716.23,634915.872,0.2932,0.6758,0.57,11.1779,7.1827,1.1147,0.9405,0.8048,3.2207,3.2207,962034.1455,684504.1455,296987.6535,30467621.388,21678246.288,34.88,28.54,1.5697
601601,中国太保,保险,上海,20071225,601601.SH,20250106,31.74,31.85,31.18,31.71,31.65,0.06,0.1896,227772.12,719309.787,0.3328,0.7669,0.64,11.192,7.1918,1.1161,0.9417,0.8058,3.2167,3.2167,962034.1455,684504.1455,296987.6535,30506102.7538,21705626.4538,34.82,28.49,1.5697
601601,中国太保,保险,上海,20071225,601601.SH,20250103,32.31,32.43,31.6,31.65,32.29,-0.64,-1.982,330076.0,1056465.023,0.4822,1.1114,1.0,11.1708,7.1782,1.114,0.9399,0.8043,3.2227,3.2227,962034.1455,684504.1455,296987.6535,30448380.7051,21664556.2051,35.52,29.06,1.5697
601601,中国太保,保险,上海,20071225,601601.SH,20250102,34.09,34.09,32.13,32.29,34.08,-1.79,-5.2523,449626.69,1487202.964,0.6569,1.514,1.55,11.3967,7.3233,1.1365,0.9589,0.8205,3.1589,3.1589,962034.1455,684504.1455,296987.6535,31064082.5582,22102638.8582,37.49,30.67,1.5697
601601,中国太保,保险,上海,20071225,601601.SH,20241231,34.66,34.99,34.08,34.08,34.63,-0.55,-1.5882,370291.75,1282842.09,0.541,1.2468,1.32,12.0285,7.7293,1.1995,1.0121,0.866,2.993,2.993,962034.1455,684504.1455,296987.6535,32786123.6786,23327901.2786,38.09,31.17,1.5697
601601,中国太保,保险,上海,20071225,601601.SH,20241230,33.92,35.0,33.91,34.63,34.1,0.53,1.5543,373454.95,1295767.326,0.5456,1.2575,1.32,12.2226,7.854,1.2188,1.0284,0.88,2.9454,2.9454,962034.1455,684504.1455,296987.6535,33315242.4587,23704378.5587,37.51,30.69,1.5697
601601,中国太保,保险,上海,20071225,601601.SH,20241227,33.98,34.34,33.53,34.1,34.01,0.09,0.2646,251907.86,855987.127,0.368,0.8482,0.8,12.0356,7.7338,1.2002,1.0127,0.8665,2.9912,2.9912,962034.1455,684504.1455,296987.6535,32805364.3616,23341591.3616,37.41,30.61,1.5697
601601,中国太保,保险,上海,20071225,601601.SH,20241226,33.9,34.15,33.67,34.01,34.0,0.01,0.0294,204208.73,693620.068,0.2983,0.6876,0.64,12.0038,7.7134,1.197,1.01,0.8642,2.9991,2.9991,962034.1455,684504.1455,296987.6535,32718781.2885,23279985.9885,37.4,30.6,1.5697
601601,中国太保,保险,上海,20071225,601601.SH,20241225,33.9,34.43,33.69,34.0,33.86,0.14,0.4135,251314.6,855366.104,0.3671,0.8462,0.75,12.0003,7.7112,1.1967,1.0097,0.864,3.0,3.0,962034.1455,684504.1455,296987.6535,32709160.947,23273140.947,37.25,30.47,1.5697
601601,中国太保,保险,上海,20071225,601601.SH,20241224,33.18,33.94,33.0,33.86,33.09,0.77,2.327,323975.36,1090376.681,0.4733,1.0909,0.99,11.9509,7.6794,1.1917,1.0056,0.8604,3.0124,3.0124,962034.1455,684504.1455,296987.6535,32574476.1666,23177310.3666,36.4,29.78,1.5697
601601,中国太保,保险,上海,20071225,601601.SH,20241223,33.0,33.55,32.99,33.09,33.0,0.09,0.2727,382182.32,1271306.21,0.5583,1.2869,1.23,11.6791,7.5048,1.1646,0.9827,0.8409,3.0825,3.0825,962034.1455,684504.1455,296987.6535,31833709.8746,22650242.1746,36.3,29.7,1.5697
601601,中国太保,保险,上海,20071225,601601.SH,20241220,33.62,33.74,32.93,33.0,33.58,-0.58,-1.7272,408636.85,1356600.571,0.597,1.3759,1.25,11.6473,7.4844,1.1615,0.98,0.8386,3.0909,3.0909,962034.1455,684504.1455,296987.6535,31747126.8015,22588636.8015,36.94,30.22,1.5697
601601,中国太保,保险,上海,20071225,601601.SH,20241219,33.6,33.75,33.37,33.58,33.88,-0.3,-0.8855,230348.33,774502.813,0.3365,0.7756,0.64,11.852,7.6159,1.1819,0.9972,0.8533,3.0375,3.0375,962034.1455,684504.1455,296987.6535,32305106.6059,22985649.2059,37.27,30.49,1.5697
601601,中国太保,保险,上海,20071225,601601.SH,20241218,33.86,34.66,33.83,33.88,33.72,0.16,0.4745,321171.47,1096747.95,0.4692,1.0814,0.87,11.9579,7.6839,1.1925,1.0061,0.8609,3.0106,3.0106,962034.1455,684504.1455,296987.6535,32593716.8495,23191000.4495,37.09,30.35,1.5697
601601,中国太保,保险,上海,20071225,601601.SH,20241217,33.81,34.32,33.65,33.72,33.81,-0.09,-0.2662,300514.52,1018463.076,0.439,1.0119,0.71,11.9015,7.6476,1.1868,1.0014,0.8569,3.0249,3.0249,962034.1455,684504.1455,296987.6535,32439791.3863,23081479.7863,37.19,30.43,1.5697
601601,中国太保,保险,上海,20071225,601601.SH,20241216,34.41,34.58,33.6,33.81,34.44,-0.63,-1.8293,297892.51,1011738.442,0.4352,1.003,0.69,11.9332,7.6681,1.19,1.0041,0.8592,3.0169,3.0169,962034.1455,684504.1455,296987.6535,32526374.4594,23143085.1594,37.88,31.0,1.5697
601601,中国太保,保险,上海,20071225,601601.SH,20241213,35.19,35.2,34.25,34.44,35.59,-1.15,-3.2312,483983.72,1673400.438,0.7071,1.6296,1.08,12.1556,7.8109,1.2122,1.0228,0.8752,2.9617,2.9617,962034.1455,684504.1455,296987.6535,33132455.971,23574322.771,39.15,32.03,1.5697
601601,中国太保,保险,上海,20071225,601601.SH,20241212,35.2,35.91,34.75,35.59,35.2,0.39,1.108,397324.06,1407468.411,0.5805,1.3378,0.96,12.5615,8.0718,1.2526,1.0569,0.9044,2.866,2.866,962034.1455,684504.1455,296987.6535,34238795.2383,24361502.5383,38.72,31.68,1.5697
601601,中国太保,保险,上海,20071225,601601.SH,20241211,35.95,36.34,35.1,35.2,36.11,-0.91,-2.5201,364371.62,1295729.889,0.5323,1.2269,0.93,12.4238,7.9833,1.2389,1.0454,0.8945,2.8977,2.8977,962034.1455,684504.1455,296987.6535,33863601.9216,24094545.9216,39.72,32.5,1.5697
601601,中国太保,保险,上海,20071225,601601.SH,20241210,37.0,37.39,36.0,36.11,35.35,0.76,2.1499,577544.63,2115512.968,0.8437,1.9447,1.59,12.745,8.1897,1.2709,1.0724,0.9176,2.8247,2.8247,962034.1455,684504.1455,296987.6535,34739052.994,24717444.694,38.89,31.82,1.5697
601601,中国太保,保险,上海,20071225,601601.SH,20241209,35.53,36.06,35.17,35.35,35.7,-0.35,-0.9804,340868.24,1213408.747,0.498,1.1478,0.97,12.4768,8.0173,1.2442,1.0498,0.8983,2.8854,2.8854,962034.1455,684504.1455,296987.6535,34007907.0434,24197221.5434,39.27,32.13,1.5697
601601,中国太保,保险,上海,20071225,601601.SH,20241206,34.47,36.5,34.36,35.7,34.44,1.26,3.6585,569964.07,2035721.853,0.8327,1.9192,1.93,12.6003,8.0967,1.2565,1.0602,0.9072,2.8571,2.8571,962034.1455,684504.1455,296987.6535,34344618.9944,24436797.9944,37.88,31.0,1.5697
601601,中国太保,保险,上海,20071225,601601.SH,20241205,34.83,35.03,34.29,34.44,35.03,-0.59,-1.6843,210687.27,726895.508,0.3078,0.7094,0.73,12.1556,7.8109,1.2122,1.0228,0.8752,2.9617,2.9617,962034.1455,684504.1455,296987.6535,33132455.971,23574322.771,38.53,31.53,1.5697
601601,中国太保,保险,上海,20071225,601601.SH,20241204,35.3,35.44,34.76,35.03,35.5,-0.47,-1.3239,263016.1,921269.896,0.3842,0.8856,0.95,12.3638,7.9448,1.2329,1.0403,0.8902,2.9118,2.9118,962034.1455,684504.1455,296987.6535,33700056.1169,23978180.2169,39.05,31.95,1.5697
601601,中国太保,保险,上海,20071225,601601.SH,20241203,34.55,35.61,34.4,35.5,34.6,0.9,2.6012,433747.12,1521495.398,0.6337,1.4605,1.93,12.5297,8.0513,1.2495,1.0543,0.9021,2.8732,2.8732,962034.1455,684504.1455,296987.6535,34152212.1653,24299897.1653,38.06,31.14,1.5697
601601,中国太保,保险,上海,20071225,601601.SH,20241202,33.91,34.68,33.77,34.6,33.9,0.7,2.0649,275144.41,946344.15,0.402,0.9265,1.23,12.212,7.8472,1.2178,1.0275,0.8792,2.948,2.948,962034.1455,684504.1455,296987.6535,33286381.4343,23683843.4343,37.29,30.51,1.5697
601601,中国太保,保险,上海,20071225,601601.SH,20241129,33.42,34.57,33.38,33.9,33.42,0.48,1.4363,292721.2,996068.83,0.4276,0.9856,1.31,11.965,7.6885,1.1932,1.0067,0.8614,3.0088,3.0088,962034.1455,684504.1455,296987.6535,32612957.5325,23204690.5325,36.76,30.08,1.5697
601601,中国太保,保险,上海,20071225,601601.SH,20241128,33.88,34.02,33.29,33.42,33.88,-0.46,-1.3577,184876.75,620502.649,0.2701,0.6225,0.8,11.7956,7.5796,1.1763,0.9925,0.8493,3.0521,3.0521,962034.1455,684504.1455,296987.6535,32151181.1426,22876128.5426,37.27,30.49,1.5697
601601,中国太保,保险,上海,20071225,601601.SH,20241127,33.28,33.9,33.09,33.88,33.45,0.43,1.2855,203727.22,683309.934,0.2976,0.686,0.87,11.9579,7.6839,1.1925,1.0061,0.8609,3.0106,3.0106,962034.1455,684504.1455,296987.6535,32593716.8495,23191000.4495,36.8,30.11,1.5697
601601,中国太保,保险,上海,20071225,601601.SH,20241126,33.4,33.9,33.24,33.45,33.49,-0.04,-0.1194,164837.32,552552.455,0.2408,0.555,0.63,11.8062,7.5864,1.1773,0.9934,0.85,3.0493,3.0493,962034.1455,684504.1455,296987.6535,32180042.167,22896663.667,36.84,30.14,1.5697
601601,中国太保,保险,上海,20071225,601601.SH,20241125,34.03,34.11,33.16,33.49,33.85,-0.36,-1.0635,270328.95,907391.567,0.3949,0.9102,0.93,11.8203,7.5955,1.1787,0.9946,0.851,3.0457,3.0457,962034.1455,684504.1455,296987.6535,32218523.5328,22924043.8328,37.24,30.47,1.5697
601601,中国太保,保险,上海,20071225,601601.SH,20241122,35.24,35.5,33.8,33.85,35.28,-1.43,-4.0533,295863.17,1021587.96,0.4322,0.9962,1.01,11.9473,7.6771,1.1914,1.0053,0.8602,3.0133,3.0133,962034.1455,684504.1455,296987.6535,32564855.8252,23170465.3252,38.81,31.75,1.5697
601601,中国太保,保险,上海,20071225,601601.SH,20241121,35.12,35.35,34.73,35.28,35.12,0.16,0.4556,221173.41,776095.816,0.3231,0.7447,0.69,12.4521,8.0015,1.2417,1.0477,0.8965,2.8912,2.8912,962034.1455,684504.1455,296987.6535,33940564.6532,24149306.2532,38.63,31.61,1.5697
601601,中国太保,保险,上海,20071225,601601.SH,20241120,35.06,35.35,34.77,35.12,35.13,-0.01,-0.0285,223753.47,783670.727,0.3269,0.7534,0.68,12.3956,7.9652,1.2361,1.043,0.8924,2.9043,2.9043,962034.1455,684504.1455,296987.6535,33786639.19,24039785.59,38.64,31.62,1.5697
601601,中国太保,保险,上海,20071225,601601.SH,20241119,35.54,35.68,34.75,35.13,35.54,-0.41,-1.1536,306316.29,1075379.253,0.4475,1.0314,0.8,12.3991,7.9674,1.2364,1.0433,0.8927,2.9035,2.9035,962034.1455,684504.1455,296987.6535,33796259.5314,24046630.6314,39.09,31.99,1.5697
601601,中国太保,保险,上海,20071225,601601.SH,20241118,35.28,36.56,35.06,35.54,35.06,0.48,1.3691,400185.49,1436945.405,0.5846,1.3475,0.92,12.5438,8.0604,1.2509,1.0554,0.9031,2.87,2.87,962034.1455,684504.1455,296987.6535,34190693.5311,24327277.3311,38.57,31.55,1.5697
601601,中国太保,保险,上海,20071225,601601.SH,20241115,35.6,36.0,35.06,35.06,35.7,-0.64,-1.7927,309543.89,1101016.801,0.4522,1.0423,0.61,12.3744,7.9516,1.234,1.0412,0.8909,2.9093,2.9093,962034.1455,684504.1455,296987.6535,33728917.1412,23998715.3412,39.27,32.13,1.5697
601601,中国太保,保险,上海,20071225,601601.SH,20241114,35.93,36.53,35.66,35.7,36.02,-0.32,-0.8884,366325.26,1322224.04,0.5352,1.2335,0.63,12.6003,8.0967,1.2565,1.0602,0.9072,2.8571,2.8571,962034.1455,684504.1455,296987.6535,34344618.9944,24436797.9944,39.62,32.42,1.5697
601601,中国太保,保险,上海,20071225,601601.SH,20241113,35.5,36.42,35.5,36.02,35.78,0.24,0.6708,272782.14,982221.281,0.3985,0.9185,0.43,12.7132,8.1693,1.2678,1.0697,0.9153,2.8318,2.8318,962034.1455,684504.1455,296987.6535,34652469.9209,24655839.3209,39.36,32.2,1.5697
601601,中国太保,保险,上海,20071225,601601.SH,20241112,36.75,37.55,35.54,35.78,36.97,-1.19,-3.2188,574826.28,2090484.393,0.8398,1.9355,0.93,12.6285,8.1149,1.2593,1.0626,0.9092,2.8508,2.8508,962034.1455,684504.1455,296987.6535,34421581.726,24491558.326,40.67,33.27,1.5697
601601,中国太保,保险,上海,20071225,601601.SH,20241111,37.5,37.75,36.13,36.97,38.09,-1.12,-2.9404,654870.94,2404160.594,0.9567,2.205,1.15,13.0485,8.3847,1.3012,1.0979,0.9395,2.759,2.759,962034.1455,684504.1455,296987.6535,35566402.3591,25306118.2591,41.9,34.28,1.5697
601601,中国太保,保险,上海,20071225,601601.SH,20241108,39.35,39.5,38.0,38.09,39.22,-1.13,-2.8812,658119.8,2534146.513,0.9615,2.216,1.31,13.4438,8.6388,1.3406,1.1312,0.9679,2.6779,2.6779,962034.1455,684504.1455,296987.6535,36643880.6021,26072762.9021,43.14,35.3,1.5697
601601,中国太保,保险,上海,20071225,601601.SH,20241107,37.01,39.38,36.91,39.22,37.26,1.96,5.2603,728367.66,2777881.305,1.0641,2.4525,1.68,13.8427,8.895,1.3804,1.1647,0.9966,2.6007,2.6007,962034.1455,684504.1455,296987.6535,37730979.1865,26846252.5865,40.99,33.53,1.5697
601601,中国太保,保险,上海,20071225,601601.SH,20241106,38.11,38.64,37.03,37.26,38.42,-1.16,-3.0193,544677.13,2053955.079,0.7957,1.834,1.32,13.1509,8.4505,1.3114,1.1065,0.9468,2.7375,2.7375,962034.1455,684504.1455,296987.6535,35845392.2613,25504624.4613,42.26,34.58,1.5697
601601,中国太保,保险,上海,20071225,601601.SH,20241105,36.81,38.5,36.4,38.42,36.86,1.56,4.2322,515442.42,1945365.095,0.753,1.7356,1.41,13.5603,8.7136,1.3522,1.141,0.9763,2.6549,2.6549,962034.1455,684504.1455,296987.6535,36961351.8701,26298649.2701,40.55,33.17,1.5697
601601,中国太保,保险,上海,20071225,601601.SH,20241104,36.79,36.86,35.91,36.86,36.68,0.18,0.4907,392231.08,1423507.643,0.573,1.3207,1.15,13.0097,8.3598,1.2973,1.0946,0.9367,2.7672,2.7672,962034.1455,684504.1455,296987.6535,35460578.6031,25230822.8031,40.35,33.01,1.5697
601601,中国太保,保险,上海,20071225,601601.SH,20241101,36.8,37.26,36.55,36.68,36.8,-0.12,-0.3261,328593.7,1213153.964,0.48,1.1064,1.01,12.9462,8.319,1.291,1.0893,0.9321,2.7808,2.7808,962034.1455,684504.1455,296987.6535,35287412.4569,25107612.0569,40.48,33.12,1.5697
601601,中国太保,保险,上海,20071225,601601.SH,20241031,37.0,37.64,36.55,36.8,37.19,-0.39,-1.0487,390989.19,1445007.425,0.5712,1.3165,1.29,12.9885,8.3462,1.2952,1.0929,0.9351,2.7717,2.7717,962034.1455,684504.1455,296987.6535,35402856.5544,25189752.5544,40.91,33.47,1.5697
601601,中国太保,保险,上海,20071225,601601.SH,20241030,38.49,38.96,36.96,37.19,38.63,-1.44,-3.7277,430102.69,1615307.151,0.6283,1.4482,1.4,13.1262,10.5053,1.3895,1.1044,1.043,2.7427,2.7427,962034.1455,684504.1455,296987.6535,35778049.8711,25456709.1711,42.49,34.77,1.5697
601601,中国太保,保险,上海,20071225,601601.SH,20241029,38.51,39.28,38.38,38.63,38.42,0.21,0.5466,289403.47,1124363.548,0.4228,0.9745,0.87,13.6344,10.9121,1.4433,1.1472,1.0834,2.6404,2.6404,962034.1455,684504.1455,296987.6535,37163379.0407,26442395.1407,42.26,34.58,1.5697
601601,中国太保,保险,上海,20071225,601601.SH,20241028,38.55,38.8,38.05,38.42,38.66,-0.24,-0.6208,265745.68,1021843.728,0.3882,0.8948,0.74,13.5603,10.8528,1.4354,1.141,1.0775,2.6549,2.6549,962034.1455,684504.1455,296987.6535,36961351.8701,26298649.2701,42.53,34.79,1.5697
601601,中国太保,保险,上海,20071225,601601.SH,20241025,38.99,39.28,38.44,38.66,39.0,-0.34,-0.8718,248214.0,962321.973,0.3626,0.8358,0.59,13.645,10.9206,1.4444,1.1481,1.0842,2.6384,2.6384,962034.1455,684504.1455,296987.6535,37192240.065,26462930.265,42.9,35.1,1.5697
601601,中国太保,保险,上海,20071225,601601.SH,20241024,39.12,39.12,38.39,39.0,39.56,-0.56,-1.4156,287621.0,1116288.304,0.4202,0.9685,0.66,13.765,11.0166,1.4571,1.1582,1.0937,2.6154,2.6154,962034.1455,684504.1455,296987.6535,37519331.6745,26695661.6745,43.52,35.6,1.5697
601601,中国太保,保险,上海,20071225,601601.SH,20241023,38.5,40.29,38.15,39.56,38.59,0.97,2.5136,449524.31,1776971.553,0.6567,1.5136,0.97,13.9627,11.1748,1.478,1.1748,1.1094,2.5784,2.5784,962034.1455,684504.1455,296987.6535,38058070.796,27078983.996,42.45,34.73,1.5697
601601,中国太保,保险,上海,20071225,601601.SH,20241022,38.2,39.25,37.98,38.59,38.15,0.44,1.1533,408646.81,1575488.56,0.597,1.376,0.87,13.6203,10.9008,1.4418,1.146,1.0822,2.6432,2.6432,962034.1455,684504.1455,296987.6535,37124897.6748,26415014.9748,41.97,34.34,1.5697
601601,中国太保,保险,上海,20071225,601601.SH,20241021,38.05,38.95,37.6,38.15,38.0,0.15,0.3947,406220.87,1551681.982,0.5935,1.3678,0.82,13.465,10.7765,1.4253,1.133,1.0699,2.6737,2.6737,962034.1455,684504.1455,296987.6535,36701602.6508,26113833.1508,41.8,34.2,1.5697
601601,中国太保,保险,上海,20071225,601601.SH,20241018,37.0,38.99,36.41,38.0,37.16,0.84,2.2605,567075.36,2135933.564,0.8284,1.9094,1.19,13.4121,10.7342,1.4197,1.1285,1.0657,2.6842,2.6842,962034.1455,684504.1455,296987.6535,36557297.529,26011157.529,40.88,33.44,1.5697
601601,中国太保,保险,上海,20071225,601601.SH,20241017,37.45,38.36,37.14,37.16,37.01,0.15,0.4053,343551.78,1293989.153,0.5019,1.1568,0.56,13.1156,10.4969,1.3883,1.1036,1.0421,2.7449,2.7449,962034.1455,684504.1455,296987.6535,35749188.8468,25436174.0468,40.71,33.31,1.5697
601601,中国太保,保险,上海,20071225,601601.SH,20241016,37.71,38.16,36.48,37.01,37.45,-0.44,-1.1749,597460.91,2218511.963,0.8728,2.0117,0.83,13.0627,10.4545,1.3827,1.0991,1.0379,2.756,2.756,962034.1455,684504.1455,296987.6535,35604883.725,25333498.425,41.2,33.71,1.5697
601601,中国太保,保险,上海,20071225,601601.SH,20241015,38.16,39.07,37.35,37.45,38.32,-0.87,-2.2704,442074.67,1686909.327,0.6458,1.4885,0.49,13.218,10.5788,1.3992,1.1122,1.0503,2.7236,2.7236,962034.1455,684504.1455,296987.6535,36028178.749,25634680.249,42.15,34.49,1.5697
601601,中国太保,保险,上海,20071225,601601.SH,20241014,37.7,38.85,37.05,38.32,37.24,1.08,2.9001,513926.49,1960130.451,0.7508,1.7305,0.5,13.525,10.8245,1.4317,1.138,1.0747,2.6618,2.6618,962034.1455,684504.1455,296987.6535,36865148.4556,26230198.8556,40.96,33.52,1.5697
601601,中国太保,保险,上海,20071225,601601.SH,20241011,37.19,38.19,36.79,37.24,37.84,-0.6,-1.5856,495282.99,1855909.536,0.7236,1.6677,0.5,13.1438,10.5195,1.3913,1.1059,1.0444,2.739,2.739,962034.1455,684504.1455,296987.6535,35826151.5784,25490934.3784,41.62,34.06,1.5697
601601,中国太保,保险,上海,20071225,601601.SH,20241010,36.68,39.24,35.87,37.84,36.68,1.16,3.1625,1041635.0,3921576.677,1.5217,3.5073,1.12,13.3556,10.689,1.4137,1.1238,1.0612,2.6956,2.6956,962034.1455,684504.1455,296987.6535,36403372.0657,25901636.8657,40.35,33.01,1.5697
601601,中国太保,保险,上海,20071225,601601.SH,20241009,39.99,39.99,36.68,36.68,40.76,-4.08,-10.0098,1102724.9,4159080.941,1.611,3.713,1.31,12.9462,10.3613,1.3704,1.0893,1.0287,2.7808,2.7808,962034.1455,684504.1455,296987.6535,35287412.4569,25107612.0569,44.84,36.68,1.5697
601601,中国太保,保险,上海,20071225,601601.SH,20241008,43.01,43.01,38.8,40.76,39.1,1.66,4.2455,1360818.14,5584646.251,1.988,4.5821,1.93,14.3862,11.5138,1.5228,1.2105,1.1431,2.5025,2.5025,962034.1455,684504.1455,296987.6535,39212511.7706,27900388.9706,43.01,35.19,1.5697
601601,中国太保,保险,上海,20071225,601601.SH,20240930,37.15,39.35,35.92,39.1,35.77,3.33,9.3095,1149383.89,4334417.545,1.6791,3.8701,2.24,13.8003,11.0449,1.4608,1.1612,1.0965,2.6087,2.6087,962034.1455,684504.1455,296987.6535,37615535.0891,26764112.0891,39.35,32.19,1.5697
601601,中国太保,保险,上海,20071225,601601.SH,20240927,35.4,35.8,34.69,35.77,34.68,1.09,3.143,339074.46,1199643.058,0.4954,1.1417,0.68,12.625,10.1042,1.3364,1.0623,1.0031,2.8516,2.8516,962034.1455,684504.1455,296987.6535,34411961.3845,24484713.2845,38.15,31.21,1.5697
601601,中国太保,保险,上海,20071225,601601.SH,20240926,32.68,34.69,32.28,34.68,32.48,2.2,6.7734,698857.65,2345626.758,1.021,2.3532,1.69,12.2403,9.7963,1.2957,1.0299,0.9726,2.9412,2.9412,962034.1455,684504.1455,296987.6535,33363344.1659,23738603.7659,35.73,29.23,1.5697
601601,中国太保,保险,上海,20071225,601601.SH,20240925,33.49,33.93,32.26,32.48,32.77,-0.29,-0.885,657919.84,2175479.906,0.9612,2.2153,1.94,11.4638,9.1749,1.2135,0.9646,0.9109,3.1404,3.1404,962034.1455,684504.1455,296987.6535,31246869.0458,22232694.6458,36.05,29.49,1.5697
601601,中国太保,保险,上海,20071225,601601.SH,20240924,31.0,32.82,30.66,32.77,30.71,2.06,6.7079,675445.68,2155925.622,0.9868,2.2743,2.84,11.5662,9.2568,1.2243,0.9732,0.919,3.1126,3.1126,962034.1455,684504.1455,296987.6535,31525858.948,22431200.848,33.78,27.64,1.5697
601601,中国太保,保险,上海,20071225,601601.SH,20240923,30.23,30.92,30.1,30.71,30.28,0.43,1.4201,199577.13,610038.974,0.2916,0.672,0.81,10.8391,8.6749,1.1474,0.912,0.8612,3.3214,3.3214,962034.1455,684504.1455,296987.6535,29544068.6083,21021122.3083,33.31,27.25,1.5697
601601,中国太保,保险,上海,20071225,601601.SH,20240920,30.3,30.55,29.96,30.28,30.47,-0.19,-0.6236,258270.38,779056.695,0.3773,0.8696,1.11,10.6873,8.5534,1.1313,0.8992,0.8492,3.3686,3.3686,962034.1455,684504.1455,296987.6535,29130393.9257,20726785.5257,33.52,27.42,1.5697
601601,中国太保,保险,上海,20071225,601601.SH,20240919,30.4,30.69,30.11,30.47,30.45,0.02,0.0657,276917.01,842287.678,0.4046,0.9324,1.23,10.7544,8.6071,1.1384,0.9049,0.8545,3.3476,3.3476,962034.1455,684504.1455,296987.6535,29313180.4134,20856841.3134,33.5,27.41,1.5697
601601,中国太保,保险,上海,20071225,601601.SH,20240918,29.72,30.59,29.56,30.45,29.65,0.8,2.6981,282032.72,854426.786,0.412,0.9496,1.12,10.7473,8.6014,1.1376,0.9043,0.854,3.3498,3.3498,962034.1455,684504.1455,296987.6535,29293939.7305,20843151.2305,32.62,26.69,1.5697
601601,中国太保,保险,上海,20071225,601601.SH,20240913,29.42,29.99,29.33,29.65,29.42,0.23,0.7818,172683.23,513948.893,0.2523,0.5814,0.58,10.4649,8.3755,1.1078,0.8805,0.8315,3.4401,3.4401,962034.1455,684504.1455,296987.6535,28524312.4141,20295547.9141,32.36,26.48,1.5697
601601,中国太保,保险,上海,20071225,601601.SH,20240912,30.0,30.06,29.23,29.42,29.8,-0.38,-1.2752,245287.18,722450.342,0.3583,0.8259,0.78,10.3838,8.3105,1.0992,0.8737,0.8251,3.467,3.467,962034.1455,684504.1455,296987.6535,28303044.5606,20138111.9606,32.78,26.82,1.5697
601601,中国太保,保险,上海,20071225,601601.SH,20240911,29.76,30.07,29.6,29.8,29.88,-0.08,-0.2677,186418.4,555850.565,0.2723,0.6277,0.57,10.5179,8.4178,1.1134,0.885,0.8357,3.4228,3.4228,962034.1455,684504.1455,296987.6535,28668617.5359,20398223.5359,32.87,26.89,1.5697
601601,中国太保,保险,上海,20071225,601601.SH,20240910,30.04,30.18,29.65,29.88,30.06,-0.18,-0.5988,235680.55,704235.895,0.3443,0.7936,0.72,10.5461,8.4404,1.1163,0.8874,0.838,3.4137,3.4137,962034.1455,684504.1455,296987.6535,28745580.2675,20452983.8675,33.07,27.05,1.5697
601601,中国太保,保险,上海,20071225,601601.SH,20240909,30.76,30.94,29.84,30.06,30.99,-0.93,-3.001,424161.96,1284652.629,0.6197,1.4282,1.3,10.6097,8.4913,1.1231,0.8927,0.843,3.3932,3.3932,962034.1455,684504.1455,296987.6535,28918746.4137,20576194.6137,34.09,27.89,1.5697
601601,中国太保,保险,上海,20071225,601601.SH,20240906,30.25,31.41,30.12,30.99,30.25,0.74,2.4463,398540.09,1236312.505,0.5822,1.3419,1.01,10.9379,8.754,1.1578,0.9203,0.8691,3.2914,3.2914,962034.1455,684504.1455,296987.6535,29813438.169,21212783.469,33.28,27.23,1.5697
601601,中国太保,保险,上海,20071225,601601.SH,20240905,29.46,30.35,29.46,30.25,29.46,0.79,2.6816,327773.38,984289.458,0.4788,1.1037,0.85,10.6767,8.5449,1.1302,0.8983,0.8483,3.3719,3.3719,962034.1455,684504.1455,296987.6535,29101532.9014,20706250.4014,32.41,26.51,1.5697
601601,中国太保,保险,上海,20071225,601601.SH,20240904,29.8,30.12,29.33,29.46,29.55,-0.09,-0.3046,245949.62,729864.175,0.3593,0.8281,0.67,10.3979,8.3218,1.1007,0.8749,0.8262,3.4623,3.4623,962034.1455,684504.1455,296987.6535,28341525.9264,20165492.1264,32.51,26.6,1.5697
601601,中国太保,保险,上海,20071225,601601.SH,20240903,29.61,29.82,29.4,29.55,29.8,-0.25,-0.8389,246534.21,730354.701,0.3602,0.8301,0.7,10.4297,8.3472,1.104,0.8776,0.8287,3.4518,3.4518,962034.1455,684504.1455,296987.6535,28428108.9995,20227097.4995,32.78,26.82,1.5697
601601,中国太保,保险,上海,20071225,601601.SH,20240902,29.65,30.12,29.48,29.8,29.64,0.16,0.5398,416354.64,1240442.079,0.6083,1.4019,1.36,10.5179,8.4178,1.1134,0.885,0.8357,3.4228,3.4228,962034.1455,684504.1455,296987.6535,28668617.5359,20398223.5359,32.6,26.68,1.5697
601601,中国太保,保险,上海,20071225,601601.SH,20240830,28.7,30.16,28.66,29.64,27.75,1.89,6.8108,742688.88,2195753.151,1.085,2.5007,3.42,10.4614,8.3726,1.1074,0.8802,0.8312,3.4413,3.4413,962034.1455,684504.1455,296987.6535,28514692.0726,20288702.8726,30.53,24.98,1.5697
601601,中国太保,保险,上海,20071225,601601.SH,20240829,28.55,28.98,27.7,27.75,28.64,-0.89,-3.1075,267877.09,753366.553,0.3913,0.902,1.38,9.7943,9.7468,1.0762,0.8241,0.8215,3.6757,3.6757,962034.1455,684504.1455,296987.6535,26696447.5376,18994990.0376,31.5,25.78,1.5697
601601,中国太保,保险,上海,20071225,601601.SH,20240828,29.05,29.1,28.51,28.64,28.91,-0.27,-0.9339,167771.08,481987.167,0.2451,0.5649,0.84,10.1085,10.0594,1.1107,0.8505,0.8478,3.5615,3.5615,962034.1455,684504.1455,296987.6535,27552657.9271,19604198.7271,31.8,26.02,1.5697
601601,中国太保,保险,上海,20071225,601601.SH,20240827,28.87,29.01,28.62,28.91,28.92,-0.01,-0.0346,159400.71,459697.744,0.2329,0.5367,0.8,10.2038,10.1542,1.1211,0.8586,0.8558,3.5282,3.5282,962034.1455,684504.1455,296987.6535,27812407.1464,19789014.8464,31.81,26.03,1.5697
601601,中国太保,保险,上海,20071225,601601.SH,20240826,28.68,29.06,28.48,28.92,28.7,0.22,0.7666,193286.02,557541.423,0.2824,0.6508,0.94,10.2073,10.1577,1.1215,0.8589,0.8561,3.527,3.527,962034.1455,684504.1455,296987.6535,27822027.4879,19795859.8879,31.57,25.83,1.5697
601601,中国太保,保险,上海,20071225,601601.SH,20240823,27.92,28.76,27.8,28.7,27.86,0.84,3.0151,296562.08,842481.89,0.4333,0.9986,1.56,10.1296,10.0805,1.113,0.8523,0.8496,3.554,3.554,962034.1455,684504.1455,296987.6535,27610379.9759,19645268.9759,30.65,25.07,1.5697
601601,中国太保,保险,上海,20071225,601601.SH,20240822,28.03,28.22,27.72,27.86,27.99,-0.13,-0.4645,150135.51,418782.518,0.2193,0.5055,0.71,9.8332,9.7854,1.0804,0.8274,0.8247,3.6612,3.6612,962034.1455,684504.1455,296987.6535,26802271.2936,19070285.4936,30.79,25.19,1.5697
601601,中国太保,保险,上海,20071225,601601.SH,20240821,28.49,28.55,27.68,27.99,28.5,-0.51,-1.7895,200520.84,560220.519,0.2929,0.6752,1.03,9.8791,9.8311,1.0855,0.8312,0.8286,3.6442,3.6442,962034.1455,684504.1455,296987.6535,26927335.7325,19159271.0325,31.35,25.65,1.5697
601601,中国太保,保险,上海,20071225,601601.SH,20240820,28.57,28.65,28.21,28.5,28.6,-0.1,-0.3497,152662.19,434015.611,0.223,0.514,0.81,10.0591,10.0102,1.1052,0.8464,0.8437,3.5789,3.5789,962034.1455,684504.1455,296987.6535,27417973.1468,19508368.1468,31.46,25.74,1.5697
601601,中国太保,保险,上海,20071225,601601.SH,20240819,27.84,28.61,27.77,28.6,27.83,0.77,2.7668,231382.39,656163.527,0.338,0.7791,1.43,10.0944,10.0453,1.1091,0.8493,0.8466,3.5664,3.5664,962034.1455,684504.1455,296987.6535,27514176.5613,19576818.5613,30.61,25.05,1.5697
601601,中国太保,保险,上海,20071225,601601.SH,20240816,27.52,28.32,27.51,27.83,27.61,0.22,0.7968,216865.11,605077.326,0.3168,0.7302,1.45,9.8226,9.7749,1.0793,0.8265,0.8238,3.6651,3.6651,962034.1455,684504.1455,296987.6535,26773410.2693,19049750.3693,30.37,24.85,1.5697
601601,中国太保,保险,上海,20071225,601601.SH,20240815,27.5,28.5,27.43,27.61,27.64,-0.03,-0.1085,250991.0,700116.274,0.3667,0.8451,1.93,9.7449,9.6976,1.0707,0.8199,0.8173,3.6943,3.6943,962034.1455,684504.1455,296987.6535,26561762.7573,18899159.4573,30.4,24.88,1.5697
601601,中国太保,保险,上海,20071225,601601.SH,20240814,27.7,27.94,27.4,27.64,27.59,0.05,0.1812,123054.55,341047.345,0.1798,0.4143,0.77,9.7555,9.7082,1.0719,0.8208,0.8182,3.6903,3.6903,962034.1455,684504.1455,296987.6535,26590623.7816,18919694.5816,30.35,24.83,1.5697
601601,中国太保,保险,上海,20071225,601601.SH,20240813,27.45,27.72,27.32,27.59,27.39,0.2,0.7302,122784.7,337801.304,0.1794,0.4134,0.53,9.7379,9.6906,1.07,0.8194,0.8167,3.697,3.697,962034.1455,684504.1455,296987.6535,26542522.0743,18885469.3743,30.13,24.65,1.5697
601601,中国太保,保险,上海,20071225,601601.SH,20240812,27.2,27.47,27.06,27.39,27.33,0.06,0.2195,96483.58,263638.486,0.141,0.3249,0.36,9.6673,9.6203,1.0622,0.8134,0.8108,3.724,3.724,962034.1455,684504.1455,296987.6535,26350115.2452,18748568.5452,30.06,24.6,1.5697
601601,中国太保,保险,上海,20071225,601601.SH,20240809,27.35,27.68,26.93,27.33,27.06,0.27,0.9978,154836.28,425093.277,0.2262,0.5214,0.56,9.6461,9.5993,1.0599,0.8116,0.809,3.7322,3.7322,962034.1455,684504.1455,296987.6535,26292393.1965,18707498.2965,29.77,24.35,1.5697
601601,中国太保,保险,上海,20071225,601601.SH,20240808,27.08,27.49,26.83,27.06,27.07,-0.01,-0.0369,153126.48,416365.588,0.2237,0.5156,0.53,9.5508,9.5044,1.0494,0.8036,0.801,3.7694,3.7694,962034.1455,684504.1455,296987.6535,26032643.9772,18522682.1772,29.78,24.36,1.5697
601601,中国太保,保险,上海,20071225,601601.SH,20240807,27.45,27.74,26.98,27.07,27.45,-0.38,-1.3843,269330.85,733752.376,0.3935,0.9069,0.93,9.5543,9.5079,1.0498,0.8039,0.8013,3.768,3.768,962034.1455,684504.1455,296987.6535,26042264.3187,18529527.2187,30.2,24.71,1.5697
601601,中国太保,保险,上海,20071225,601601.SH,20240806,29.31,29.37,27.15,27.45,29.12,-1.67,-5.7349,473848.32,1316648.226,0.6923,1.5955,2.08,9.6885,9.6414,1.0645,0.8152,0.8126,3.7158,3.7158,962034.1455,684504.1455,296987.6535,26407837.294,18789638.794,32.03,26.21,1.5697
601601,中国太保,保险,上海,20071225,601601.SH,20240805,28.75,29.5,28.61,29.12,28.82,0.3,1.0409,273156.06,797707.932,0.3991,0.9198,1.3,10.2779,10.228,1.1293,0.8648,0.862,3.5027,3.5027,962034.1455,684504.1455,296987.6535,28014434.317,19932760.717,31.7,25.94,1.5697
601601,中国太保,保险,上海,20071225,601601.SH,20240802,29.35,29.63,28.69,28.82,29.54,-0.72,-2.4374,206985.0,599380.024,0.3024,0.6969,0.98,10.172,10.1226,1.1177,0.8559,0.8531,3.5392,3.5392,962034.1455,684504.1455,296987.6535,27725824.0733,19727409.4733,32.49,26.59,1.5697
601601,中国太保,保险,上海,20071225,601601.SH,20240801,29.53,29.97,29.01,29.54,29.55,-0.01,-0.0338,215164.32,637316.934,0.3143,0.7245,1.02,10.4261,10.3755,1.1456,0.8773,0.8745,3.4529,3.4529,962034.1455,684504.1455,296987.6535,28418488.6581,20220252.4581,32.51,26.6,1.5697
601601,中国太保,保险,上海,20071225,601601.SH,20240731,28.47,29.65,28.35,29.55,28.44,1.11,3.903,284885.0,831285.417,0.4162,0.9592,1.48,10.4297,10.379,1.146,0.8776,0.8747,3.4518,3.4518,962034.1455,684504.1455,296987.6535,28428108.9995,20227097.4995,31.28,25.6,1.5697
601601,中国太保,保险,上海,20071225,601601.SH,20240730,28.65,28.65,28.08,28.44,28.55,-0.11,-0.3853,161471.64,458191.513,0.2359,0.5437,0.82,10.0379,9.9891,1.1029,0.8446,0.8419,3.5865,3.5865,962034.1455,684504.1455,296987.6535,27360251.098,19467297.898,31.41,25.7,1.5697
601601,中国太保,保险,上海,20071225,601601.SH,20240729,27.94,28.87,27.75,28.55,27.97,0.58,2.0737,184493.73,525168.592,0.2695,0.6212,0.9,10.0767,10.0278,1.1072,0.8479,0.8451,3.5727,3.5727,962034.1455,684504.1455,296987.6535,27466074.854,19542593.354,30.77,25.17,1.5697
601601,中国太保,保险,上海,20071225,601601.SH,20240726,28.41,28.66,27.66,27.97,28.48,-0.51,-1.7907,215347.65,603125.168,0.3146,0.7251,1.01,9.872,9.8241,1.0847,0.8306,0.828,3.6468,3.6468,962034.1455,684504.1455,296987.6535,26908095.0496,19145580.9496,31.33,25.63,1.5697
601601,中国太保,保险,上海,20071225,601601.SH,20240725,28.76,28.85,28.15,28.48,28.7,-0.22,-0.7666,212367.77,603702.43,0.3103,0.7151,0.89,10.052,10.0032,1.1045,0.8458,0.8431,3.5815,3.5815,962034.1455,684504.1455,296987.6535,27398732.4638,19494678.0638,31.57,25.83,1.5697
601601,中国太保,保险,上海,20071225,601601.SH,20240724,29.14,29.28,28.54,28.7,29.05,-0.35,-1.2048,188868.62,543955.678,0.2759,0.6359,0.67,10.1296,10.0805,1.113,0.8523,0.8496,3.554,3.554,962034.1455,684504.1455,296987.6535,27610379.9759,19645268.9759,31.96,26.15,1.5697
601601,中国太保,保险,上海,20071225,601601.SH,20240723,29.48,29.52,28.95,29.05,29.49,-0.44,-1.492,184321.69,539160.592,0.2693,0.6206,0.64,10.2532,10.2034,1.1266,0.8627,0.8599,3.5112,3.5112,962034.1455,684504.1455,296987.6535,27947091.9268,19884845.4268,32.44,26.54,1.5697
601601,中国太保,保险,上海,20071225,601601.SH,20240722,29.6,29.69,29.1,29.49,29.7,-0.21,-0.7071,225311.84,661973.067,0.3292,0.7587,0.79,10.4085,10.3579,1.1436,0.8758,0.873,3.4588,3.4588,962034.1455,684504.1455,296987.6535,28370386.9508,20186027.2508,32.67,26.73,1.5697
601601,中国太保,保险,上海,20071225,601601.SH,20240719,29.78,29.8,29.29,29.7,29.81,-0.11,-0.369,258669.57,763562.997,0.3779,0.871,0.89,10.4826,10.4317,1.1518,0.882,0.8792,3.4343,3.4343,962034.1455,684504.1455,296987.6535,28572414.1214,20329773.1214,32.79,26.83,1.5697
601601,中国太保,保险,上海,20071225,601601.SH,20240718,29.42,29.87,29.17,29.81,29.32,0.49,1.6712,340614.22,1005891.219,0.4976,1.1469,1.23,10.5214,10.4703,1.156,0.8853,0.8824,3.4217,3.4217,962034.1455,684504.1455,296987.6535,28678237.8774,20405068.5774,32.25,26.39,1.5697
601601,中国太保,保险,上海,20071225,601601.SH,20240717,28.11,29.46,28.03,29.32,28.25,1.07,3.7876,397370.21,1153773.978,0.5805,1.338,1.73,10.3485,10.2982,1.137,0.8707,0.8679,3.4789,3.4789,962034.1455,684504.1455,296987.6535,28206841.1461,20069661.5461,31.08,25.43,1.5697
601601,中国太保,保险,上海,20071225,601601.SH,20240716,28.09,28.26,27.53,28.25,28.14,0.11,0.3909,216787.68,606995.679,0.3167,0.73,0.97,9.9708,9.9224,1.0955,0.839,0.8363,3.6106,3.6106,962034.1455,684504.1455,296987.6535,27177464.6104,19337242.1104,30.95,25.33,1.5697
601601,中国太保,保险,上海,20071225,601601.SH,20240715,27.67,28.31,27.61,28.14,27.69,0.45,1.6251,210907.92,592588.032,0.3081,0.7102,0.95,9.932,9.8838,1.0913,0.8357,0.833,3.6247,3.6247,962034.1455,684504.1455,296987.6535,27071640.8544,19261946.6544,30.46,24.92,1.5697
601601,中国太保,保险,上海,20071225,601601.SH,20240712,27.42,27.95,27.12,27.69,27.23,0.46,1.6893,280211.27,773506.388,0.4094,0.9435,1.29,9.7732,9.7257,1.0738,0.8223,0.8197,3.6836,3.6836,962034.1455,684504.1455,296987.6535,26638725.4889,18953919.7889,29.95,24.51,1.5697
601601,中国太保,保险,上海,20071225,601601.SH,20240711,29.06,29.14,28.2,28.25,28.93,-0.68,-2.3505,280840.81,800824.32,0.4103,0.9456,1.39,9.9708,9.9224,1.0539,0.839,0.8363,3.6106,,962034.1455,684504.1455,296987.6535,27177464.6104,19337242.1104,31.82,26.04,1.513
601601,中国太保,保险,上海,20071225,601601.SH,20240710,28.87,29.08,28.74,28.93,28.91,0.02,0.0692,160281.97,463750.866,0.2342,0.5397,0.75,10.2108,10.1612,1.0792,0.8591,0.8564,3.5258,,962034.1455,684504.1455,296987.6535,27831647.8293,19802704.9293,31.8,26.02,1.513
601601,中国太保,保险,上海,20071225,601601.SH,20240709,28.26,29.1,27.87,28.91,28.24,0.67,2.3725,188979.97,539794.248,0.2761,0.6363,0.82,10.2038,10.1542,1.0785,0.8586,0.8558,3.5282,,962034.1455,684504.1455,296987.6535,27812407.1464,19789014.8464,31.06,25.42,1.513
601601,中国太保,保险,上海,20071225,601601.SH,20240708,27.95,28.45,27.83,28.24,27.94,0.3,1.0737,196181.12,553718.793,0.2866,0.6606,0.81,9.9673,9.9189,1.0535,0.8387,0.836,3.6119,,962034.1455,684504.1455,296987.6535,27167844.2689,19330397.0689,30.73,25.15,1.513
601601,中国太保,保险,上海,20071225,601601.SH,20240705,28.52,28.97,27.8,27.94,28.61,-0.67,-2.3418,255628.0,719450.687,0.3734,0.8607,1.12,9.8614,9.8135,1.0423,0.8297,0.8271,3.6507,,962034.1455,684504.1455,296987.6535,26879234.0253,19125045.8253,31.47,25.75,1.513
601601,中国太保,保险,上海,20071225,601601.SH,20240704,28.79,29.28,28.54,28.61,28.75,-0.14,-0.487,207635.0,598751.815,0.3033,0.6038,0.92,10.0979,10.0488,1.0673,0.8496,0.8469,3.5652,,962034.1455,684504.1455,343870.4639,27523796.9028,19583663.6028,31.63,25.88,1.513
601601,中国太保,保险,上海,20071225,601601.SH,20240703,28.36,28.9,28.15,28.75,28.39,0.36,1.2681,214393.23,615242.765,0.3132,0.6235,0.9,10.1473,10.098,1.0725,0.8538,0.8511,3.5478,,962034.1455,684504.1455,343870.4639,27658481.6831,19679494.1831,31.23,25.55,1.513
601601,中国太保,保险,上海,20071225,601601.SH,20240702,28.4,29.18,28.29,28.39,28.54,-0.15,-0.5256,273803.68,786790.067,0.4,0.7962,1.25,10.0202,9.9716,1.0591,0.8431,0.8404,3.5928,,962034.1455,684504.1455,343870.4639,27312149.3907,19433072.6907,31.39,25.69,1.513
601601,中国太保,保险,上海,20071225,601601.SH,20240701,27.73,28.56,27.25,28.54,27.86,0.68,2.4408,266456.76,742759.835,0.3893,0.7749,1.26,10.0732,10.0243,1.0647,0.8476,0.8448,3.5739,,962034.1455,684504.1455,343870.4639,27456454.5126,19535748.3126,30.65,25.07,1.513
601601,中国太保,保险,上海,20071225,601601.SH,20240628,27.89,28.23,27.77,27.86,27.91,-0.05,-0.1791,177186.84,496646.009,0.2589,0.5153,0.83,9.8332,9.7854,1.0393,0.8274,0.8247,3.6612,3.6612,962034.1455,684504.1455,343870.4639,26802271.2936,19070285.4936,30.7,25.12,1.513
601601,中国太保,保险,上海,20071225,601601.SH,20240627,27.55,28.03,27.51,27.91,27.74,0.17,0.6128,199986.97,556002.707,0.2922,0.5816,0.96,9.8508,9.803,1.0412,0.8289,0.8262,3.6546,3.6546,962034.1455,684504.1455,343870.4639,26850373.0009,19104510.7009,30.51,24.97,1.513
601601,中国太保,保险,上海,20071225,601601.SH,20240626,28.28,28.3,27.53,27.74,28.26,-0.52,-1.8401,269590.62,749329.944,0.3938,0.784,1.43,9.7908,9.7433,1.0348,0.8238,0.8212,3.677,3.677,962034.1455,684504.1455,343870.4639,26686827.1962,18988144.9962,31.09,25.43,1.513
601601,中国太保,保险,上海,20071225,601601.SH,20240625,28.49,28.83,28.11,28.26,28.49,-0.23,-0.8073,183506.21,521722.5,0.2681,0.5336,0.99,9.9743,9.9259,1.0542,0.8393,0.8366,3.6093,3.6093,962034.1455,684504.1455,343870.4639,27187084.9518,19344087.1518,31.34,25.64,1.5134
601601,中国太保,保险,上海,20071225,601601.SH,20240624,28.5,28.73,28.01,28.49,28.47,0.02,0.0702,225778.28,640053.142,0.3298,0.6566,1.24,10.0555,10.0067,1.0628,0.8461,0.8434,3.5802,3.5802,962034.1455,684504.1455,343870.4639,27408352.8053,19501523.1053,31.32,25.62,1.513
601601,中国太保,保险,上海,20071225,601601.SH,20240621,28.45,28.81,28.39,28.47,28.48,-0.01,-0.0351,187429.2,535002.465,0.2738,0.5451,0.91,10.0485,9.9997,1.0621,0.8455,0.8428,3.5827,3.5827,962034.1455,684504.1455,343870.4639,27389112.1224,19487833.0224,31.33,25.63,1.513
601601,中国太保,保险,上海,20071225,601601.SH,20240620,28.53,28.87,28.23,28.48,28.5,-0.02,-0.0702,180260.2,515717.217,0.2633,0.5242,0.89,10.052,10.0032,1.0624,0.8458,0.8431,3.5815,3.5815,962034.1455,684504.1455,343870.4639,27398732.4638,19494678.0638,31.35,25.65,1.513
601601,中国太保,保险,上海,20071225,601601.SH,20240619,28.6,28.79,28.2,28.5,28.49,0.01,0.0351,162556.92,462702.866,0.2375,0.4727,0.75,10.0591,10.0102,1.0632,0.8464,0.8437,3.5789,3.5789,962034.1455,684504.1455,343870.4639,27417973.1468,19508368.1468,31.34,25.64,1.513
601601,中国太保,保险,上海,20071225,601601.SH,20240618,28.53,29.0,28.43,28.49,28.47,0.02,0.0702,174874.77,501178.003,0.2555,0.5085,0.8,10.0555,10.0067,1.0628,0.8461,0.8434,3.5802,3.5802,962034.1455,684504.1455,343870.4639,27408352.8053,19501523.1053,31.32,25.62,1.513
601601,中国太保,保险,上海,20071225,601601.SH,20240617,28.48,28.7,28.23,28.47,28.63,-0.16,-0.5589,203883.89,581670.035,0.2979,0.5929,0.94,10.0485,9.9997,1.0621,0.8455,0.8428,3.5827,3.5827,962034.1455,684504.1455,343870.4639,27389112.1224,19487833.0224,31.49,25.77,1.513
601601,中国太保,保险,上海,20071225,601601.SH,20240614,28.04,28.86,27.9,28.63,28.11,0.52,1.8499,310094.64,884557.787,0.453,0.9018,1.42,10.1049,10.0559,1.068,0.8502,0.8475,3.5627,3.5627,962034.1455,684504.1455,343870.4639,27543037.5857,19597353.6857,30.92,25.3,1.513
601601,中国太保,保险,上海,20071225,601601.SH,20240613,28.08,28.37,27.72,28.11,27.85,0.26,0.9336,159863.94,448727.692,0.2335,0.4649,0.74,9.9214,9.8732,1.0486,0.8348,0.8321,3.6286,3.6286,962034.1455,684504.1455,343870.4639,27042779.83,19241411.53,30.64,25.07,1.513
601601,中国太保,保险,上海,20071225,601601.SH,20240612,28.08,28.3,27.68,27.85,28.12,-0.27,-0.9602,229596.0,639656.136,0.3354,0.6677,1.09,9.8296,9.7819,1.0389,0.8271,0.8244,3.6625,3.6625,962034.1455,684504.1455,343870.4639,26792650.9522,19063440.4522,30.93,25.31,1.513
601601,中国太保,保险,上海,20071225,601601.SH,20240611,28.3,28.38,27.77,28.12,28.31,-0.19,-0.6711,194932.13,547906.798,0.2848,0.5669,0.94,9.9249,9.8767,1.049,0.8351,0.8324,3.6273,3.6273,962034.1455,684504.1455,343870.4639,27052400.1715,19248256.5715,31.14,25.48,1.513
601601,中国太保,保险,上海,20071225,601601.SH,20240607,28.63,28.91,28.09,28.31,28.35,-0.04,-0.1411,189007.91,536342.147,0.2761,0.5496,0.9,9.992,9.9435,1.0561,0.8407,0.838,3.603,3.603,962034.1455,684504.1455,343870.4639,27235186.6591,19378312.3591,31.19,25.52,1.513
601601,中国太保,保险,上海,20071225,601601.SH,20240606,29.02,29.09,28.24,28.35,28.92,-0.57,-1.971,318136.53,906415.962,0.4648,0.9252,1.67,10.0061,9.9575,1.0576,0.8419,0.8392,3.5979,3.5979,962034.1455,684504.1455,343870.4639,27273668.0249,19405692.5249,31.81,26.03,1.513
601601,中国太保,保险,上海,20071225,601601.SH,20240605,29.03,29.36,28.81,28.92,28.99,-0.07,-0.2415,151432.0,439906.957,0.2212,0.4404,0.72,10.2073,10.1577,1.0789,0.8589,0.8561,3.527,3.527,962034.1455,684504.1455,343870.4639,27822027.4879,19795859.8879,31.89,26.09,1.513
601601,中国太保,保险,上海,20071225,601601.SH,20240604,28.8,29.14,28.6,28.99,28.89,0.1,0.3461,197419.1,570784.613,0.2884,0.5741,0.95,10.232,10.1823,1.0815,0.8609,0.8582,3.5185,3.5185,962034.1455,684504.1455,343870.4639,27889369.878,19843775.178,31.78,26.0,1.513
601601,中国太保,保险,上海,20071225,601601.SH,20240603,28.58,29.08,28.41,28.89,28.78,0.11,0.3822,177183.98,510853.57,0.2589,0.5153,0.8,10.1967,10.1472,1.0777,0.858,0.8552,3.5306,3.5306,962034.1455,684504.1455,343870.4639,27793166.4635,19775324.7635,31.66,25.9,1.513
601601,中国太保,保险,上海,20071225,601601.SH,20240531,28.87,29.28,28.66,28.78,28.66,0.12,0.4187,210535.18,609628.249,0.3076,0.6123,0.87,10.1579,10.1086,1.0736,0.8547,0.852,3.5441,3.5441,962034.1455,684504.1455,343870.4639,27687342.7075,19700029.3075,31.53,25.79,1.513
601601,中国太保,保险,上海,20071225,601601.SH,20240530,28.72,29.16,28.46,28.66,28.84,-0.18,-0.6241,213102.9,612186.528,0.3113,0.6197,0.86,10.1155,10.0664,1.0692,0.8511,0.8484,3.559,3.559,962034.1455,684504.1455,343870.4639,27571898.61,19617888.81,31.72,25.96,1.513
601601,中国太保,保险,上海,20071225,601601.SH,20240529,29.1,29.3,28.7,28.84,29.19,-0.35,-1.199,249725.07,721762.624,0.3648,0.7262,1.02,10.1791,10.1296,1.0759,0.8565,0.8537,3.5368,3.5368,962034.1455,684504.1455,343870.4639,27745064.7562,19741099.5562,32.11,26.27,1.513
601601,中国太保,保险,上海,20071225,601601.SH,20240528,29.28,29.8,29.08,29.19,29.35,-0.16,-0.5451,189283.51,556482.426,0.2765,0.5505,0.73,10.3026,10.2526,1.0889,0.8669,0.8641,3.4943,3.4943,962034.1455,684504.1455,343870.4639,28081776.7071,19980676.0071,32.29,26.42,1.513
601601,中国太保,保险,上海,20071225,601601.SH,20240527,29.1,29.54,28.91,29.35,28.91,0.44,1.522,251056.3,735498.159,0.3668,0.7301,0.75,10.3591,10.3088,1.0949,0.8716,0.8688,3.4753,3.4753,962034.1455,684504.1455,343870.4639,28235702.1704,20090196.6704,31.8,26.02,1.513
601601,中国太保,保险,上海,20071225,601601.SH,20240524,29.5,29.64,28.88,28.91,29.67,-0.76,-2.5615,301521.62,880438.598,0.4405,0.8768,0.81,10.2038,10.1542,1.0785,0.8586,0.8558,3.5282,3.5282,962034.1455,684504.1455,343870.4639,27812407.1464,19789014.8464,32.64,26.7,1.513
601601,中国太保,保险,上海,20071225,601601.SH,20240523,29.5,29.77,29.37,29.67,29.63,0.04,0.135,240934.72,711999.125,0.352,0.7007,0.61,10.472,10.4212,1.1068,0.8811,0.8783,3.4378,3.4378,962034.1455,684504.1455,343870.4639,28543553.097,20309237.997,32.59,26.67,1.513
601601,中国太保,保险,上海,20071225,601601.SH,20240522,29.51,30.12,29.46,29.63,29.7,-0.07,-0.2357,240978.25,718646.622,0.352,0.7008,0.62,10.4579,10.4071,1.1053,0.8799,0.8771,3.4425,3.4425,962034.1455,684504.1455,343870.4639,28505071.7312,20281857.8312,32.67,26.73,1.513
601601,中国太保,保险,上海,20071225,601601.SH,20240521,29.45,29.94,29.44,29.7,29.8,-0.1,-0.3356,262543.05,779667.691,0.3836,0.7635,0.7,10.4826,10.4317,1.108,0.882,0.8792,3.4343,3.4343,962034.1455,684504.1455,343870.4639,28572414.1214,20329773.1214,32.78,26.82,1.513
601601,中国太保,保险,上海,20071225,601601.SH,20240520,28.94,30.09,28.87,29.8,28.95,0.85,2.9361,633049.83,1879948.164,0.9248,1.841,1.89,10.5179,10.4668,1.1117,0.885,0.8821,3.4228,3.4228,962034.1455,684504.1455,343870.4639,28668617.5359,20398223.5359,31.85,26.06,1.513
601601,中国太保,保险,上海,20071225,601601.SH,20240517,28.05,28.99,27.87,28.95,27.93,1.02,3.652,489016.38,1387789.677,0.7144,1.4221,1.5,10.2179,10.1683,1.08,0.8597,0.857,3.5233,3.5233,962034.1455,684504.1455,343870.4639,27850888.5122,19816395.0122,30.72,25.14,1.513
601601,中国太保,保险,上海,20071225,601601.SH,20240516,27.35,28.17,27.27,27.93,27.3,0.63,2.3077,340048.34,946041.828,0.4968,0.9889,1.09,9.8579,9.81,1.0419,0.8294,0.8268,3.652,3.652,962034.1455,684504.1455,343870.4639,26869613.6838,19118200.7838,30.03,24.57,1.513
601601,中国太保,保险,上海,20071225,601601.SH,20240515,27.62,27.77,27.15,27.3,27.7,-0.4,-1.444,204352.08,560162.556,0.2985,0.5943,0.63,9.6355,9.5887,1.0184,0.8107,0.8081,3.7363,3.7363,962034.1455,684504.1455,343870.4639,26263532.1722,18686963.1722,30.47,24.93,1.513
601601,中国太保,保险,上海,20071225,601601.SH,20240514,27.65,27.9,27.49,27.7,27.74,-0.04,-0.1442,203038.87,561880.477,0.2966,0.5905,0.56,9.7767,9.7292,1.0333,0.8226,0.82,3.6823,3.6823,962034.1455,684504.1455,343870.4639,26648345.8304,18960764.8304,30.51,24.97,1.513
601601,中国太保,保险,上海,20071225,601601.SH,20240513,27.27,28.02,26.8,27.74,27.65,0.09,0.3255,440545.92,1213351.762,0.6436,1.2811,1.14,9.7908,9.7433,1.0348,0.8238,0.8212,3.677,3.677,962034.1455,684504.1455,343870.4639,26686827.1962,18988144.9962,30.42,24.89,1.513
601601,中国太保,保险,上海,20071225,601601.SH,20240510,26.82,27.77,26.81,27.65,26.75,0.9,3.3645,441635.09,1212840.083,0.6452,1.2843,1.18,9.7591,9.7117,1.0315,0.8211,0.8185,3.689,3.689,962034.1455,684504.1455,343870.4639,26600244.1231,18926539.6231,29.43,24.08,1.513
601601,中国太保,保险,上海,20071225,601601.SH,20240509,26.54,26.95,26.45,26.75,26.5,0.25,0.9434,268007.01,714908.961,0.3915,0.7794,0.6,9.4414,9.3956,0.9979,0.7944,0.7919,3.8131,3.8131,962034.1455,684504.1455,343870.4639,25734413.3921,18310485.8921,29.15,23.85,1.513
601601,中国太保,保险,上海,20071225,601601.SH,20240508,27.09,27.19,26.42,26.5,27.15,-0.65,-2.3941,272848.89,729827.532,0.3986,0.7935,0.57,9.3532,9.3077,0.9886,0.787,0.7845,3.8491,3.8491,962034.1455,684504.1455,343870.4639,25493904.8558,18139359.8558,29.87,24.44,1.513
601601,中国太保,保险,上海,20071225,601601.SH,20240507,26.8,27.29,26.64,27.15,26.9,0.25,0.9294,385968.62,1043937.756,0.5639,1.1224,0.76,9.5826,9.536,1.0128,0.8063,0.8037,3.7569,3.7569,962034.1455,684504.1455,343870.4639,26119227.0503,18584287.5503,29.59,24.21,1.513
601601,中国太保,保险,上海,20071225,601601.SH,20240506,26.74,27.2,26.66,26.9,25.8,1.1,4.2636,562800.67,1515795.898,0.8222,1.6367,1.12,9.4943,9.4482,1.0035,0.7989,0.7963,3.7918,3.7918,962034.1455,684504.1455,343870.4639,25878718.514,18413161.514,28.38,23.22,1.513
601601,中国太保,保险,上海,20071225,601601.SH,20240430,26.55,26.64,25.77,25.8,26.55,-0.75,-2.8249,378164.32,986434.688,0.5525,1.0997,0.8,9.1061,9.0619,0.9625,0.7662,0.7637,3.9535,3.9535,962034.1455,684504.1455,343870.4639,24820480.9539,17660206.9539,29.21,23.9,1.513
601601,中国太保,保险,上海,20071225,601601.SH,20240429,25.61,26.85,25.61,26.55,25.37,1.18,4.6512,629285.06,1659093.367,0.9193,1.83,1.46,9.3708,9.3253,0.9904,0.7885,0.7859,3.8418,3.8418,962034.1455,684504.1455,343870.4639,25542006.563,18173585.063,27.91,22.83,1.513
601601,中国太保,保险,上海,20071225,601601.SH,20240426,25.18,25.49,24.77,25.37,25.2,0.17,0.6746,441990.49,1115275.455,0.6457,1.4882,1.07,8.9543,8.9543,0.9779,0.7534,0.7534,4.0205,4.0205,962034.1455,684504.1455,296987.6535,24406806.2713,17365870.1713,27.72,22.68,1.513
601601,中国太保,保险,上海,20071225,601601.SH,20240425,24.6,25.37,24.48,25.2,24.76,0.44,1.7771,515298.97,1289741.981,0.7528,1.7351,1.15,8.8943,8.8943,0.9713,0.7484,0.7484,4.0476,4.0476,962034.1455,684504.1455,296987.6535,24243260.4666,17249504.4666,27.24,22.28,1.513
601601,中国太保,保险,上海,20071225,601601.SH,20240424,24.25,24.85,24.23,24.76,24.04,0.72,2.995,545505.12,1342683.285,0.7969,1.8368,1.28,8.739,8.739,0.9544,0.7353,0.7353,4.1195,4.1195,962034.1455,684504.1455,296987.6535,23819965.4426,16948322.6426,26.44,21.64,1.513
601601,中国太保,保险,上海,20071225,601601.SH,20240423,24.35,24.43,23.92,24.04,24.35,-0.31,-1.2731,233840.84,564841.139,0.3416,0.7874,0.52,8.4849,8.4849,0.9266,0.7139,0.7139,4.2429,4.2429,962034.1455,684504.1455,296987.6535,23127300.8578,16455479.6578,26.79,21.92,1.513
601601,中国太保,保险,上海,20071225,601601.SH,20240422,24.37,24.94,24.17,24.35,24.26,0.09,0.371,417064.05,1025506.694,0.6093,1.4043,0.83,8.5943,8.5943,0.9386,0.7231,0.7231,4.1889,4.1889,962034.1455,684504.1455,296987.6535,23425531.4429,16667675.9429,26.69,21.83,1.513
601601,中国太保,保险,上海,20071225,601601.SH,20240419,24.1,24.5,24.04,24.26,24.27,-0.01,-0.0412,351282.0,852374.675,0.5132,1.1828,0.68,8.5626,8.5626,0.9351,0.7205,0.7205,4.2045,4.2045,962034.1455,684504.1455,296987.6535,23338948.3698,16606070.5698,26.7,21.84,1.513
601601,中国太保,保险,上海,20071225,601601.SH,20240418,23.43,24.6,23.41,24.27,23.52,0.75,3.1888,694883.79,1684096.106,1.0152,2.3398,1.65,8.5661,8.5661,0.9355,0.7208,0.7208,4.2027,4.2027,962034.1455,684504.1455,296987.6535,23348568.7113,16612915.6113,25.87,21.17,1.513
601601,中国太保,保险,上海,20071225,601601.SH,20240417,23.21,23.61,22.82,23.52,23.34,0.18,0.7712,432935.44,1010797.34,0.6325,1.4578,1.11,8.3014,8.3014,0.9066,0.6985,0.6985,4.3367,4.3367,962034.1455,684504.1455,296987.6535,22627043.1022,16099537.5022,25.67,21.01,1.513
601601,中国太保,保险,上海,20071225,601601.SH,20240416,23.54,23.66,23.12,23.34,23.63,-0.29,-1.2273,349119.08,817033.443,0.51,1.1755,0.95,8.2378,8.2378,0.8996,0.6931,0.6931,4.3702,4.3702,962034.1455,684504.1455,296987.6535,22453876.956,15976326.756,25.99,21.27,1.513
601601,中国太保,保险,上海,20071225,601601.SH,20240415,22.2,23.63,22.2,23.63,22.11,1.52,6.8747,669486.74,1554286.171,0.9781,2.2543,2.37,8.3402,8.3402,0.9108,0.7018,0.7018,4.3165,4.3165,962034.1455,684504.1455,296987.6535,22732866.8582,16174832.9582,24.32,19.9,1.513
601601,中国太保,保险,上海,20071225,601601.SH,20240412,22.89,22.96,22.08,22.11,22.93,-0.82,-3.5761,419889.49,943690.174,0.6134,1.4138,1.67,7.8037,7.8037,0.8522,0.6566,0.6566,4.6133,4.6133,962034.1455,684504.1455,296987.6535,21270574.957,15134386.657,25.22,20.64,1.513
601601,中国太保,保险,上海,20071225,601601.SH,20240411,22.6,23.18,22.52,22.93,22.76,0.17,0.7469,234391.01,537056.747,0.3424,0.7892,0.81,8.0931,8.0931,0.8838,0.681,0.681,4.4483,4.4483,962034.1455,684504.1455,296987.6535,22059442.9563,15695680.0563,25.04,20.48,1.513
601601,中国太保,保险,上海,20071225,601601.SH,20240410,23.22,23.33,22.7,22.76,23.21,-0.45,-1.9388,268884.59,618105.529,0.3928,0.9054,0.82,8.0331,8.0331,0.8773,0.6759,0.6759,4.4815,4.4815,962034.1455,684504.1455,296987.6535,21895897.1516,15579314.3516,25.53,20.89,1.513
601601,中国太保,保险,上海,20071225,601601.SH,20240409,23.4,23.51,23.17,23.21,23.34,-0.13,-0.557,246390.3,574455.811,0.36,0.8296,0.66,8.192,8.192,0.8946,0.6893,0.6893,4.3947,4.3947,962034.1455,684504.1455,296987.6535,22328812.5171,15887341.2171,25.67,21.01,1.513
601601,中国太保,保险,上海,20071225,601601.SH,20240408,23.5,23.59,23.15,23.34,23.61,-0.27,-1.1436,240448.5,562609.196,0.3513,0.8096,0.62,8.2378,8.2378,0.8996,0.6931,0.6931,4.3702,4.3702,962034.1455,684504.1455,296987.6535,22453876.956,15976326.756,25.97,21.25,1.513
601601,中国太保,保险,上海,20071225,601601.SH,20240403,23.74,23.95,23.52,23.61,23.67,-0.06,-0.2535,266168.35,630911.403,0.3888,0.8962,0.69,8.3331,8.3331,0.9101,0.7012,0.7012,4.3202,4.3202,962034.1455,684504.1455,296987.6535,22713626.1753,16161142.8753,26.04,21.3,1.513
601601,中国太保,保险,上海,20071225,601601.SH,20240402,23.68,24.16,23.59,23.67,23.72,-0.05,-0.2108,433227.4,1032948.459,0.6329,1.4587,1.24,8.3543,8.3543,0.9124,0.7029,0.7029,4.3093,4.3093,962034.1455,684504.1455,296987.6535,22771348.224,16202213.124,26.09,21.35,1.513
601601,中国太保,保险,上海,20071225,601601.SH,20240401,23.09,23.78,23.09,23.72,23.0,0.72,3.1304,459590.41,1080336.718,0.6714,1.5475,1.47,8.372,8.372,0.9143,0.7044,0.7044,4.3002,4.3002,962034.1455,684504.1455,296987.6535,22819449.9313,16236438.3313,25.3,20.7,1.513
601601,中国太保,保险,上海,20071225,601601.SH,20240329,22.83,23.48,22.8,23.0,22.62,0.38,1.6799,472159.76,1092975.408,0.6898,1.5898,1.54,8.1178,8.1178,0.8865,0.683,0.683,4.4348,4.4348,962034.1455,684504.1455,296987.6535,22126785.3465,15743595.3465,24.88,20.36,1.513
601601,中国太保,保险,上海,20071225,601601.SH,20240328,22.5,22.89,22.3,22.62,22.6,0.02,0.0885,296047.93,669687.136,0.4325,0.9968,0.94,8.8428,7.9172,0.9123,0.4779,0.6202,4.5093,4.5093,962034.1455,684504.1455,296987.6535,21761212.3712,15483483.7712,24.86,20.34,1.513
601601,中国太保,保险,上海,20071225,601601.SH,20240327,22.57,22.88,22.55,22.6,22.67,-0.07,-0.3088,272045.46,617808.695,0.3974,0.916,0.86,8.835,7.9102,0.9115,0.4775,0.6196,4.5133,4.5133,962034.1455,684504.1455,296987.6535,21741971.6883,15469793.6883,24.94,20.4,1.513
601601,中国太保,保险,上海,20071225,601601.SH,20240326,22.49,22.73,22.47,22.67,22.48,0.19,0.8452,249194.99,562710.481,0.3641,0.8391,0.78,8.8623,7.9347,0.9144,0.4789,0.6216,4.4993,4.4993,962034.1455,684504.1455,296987.6535,21809314.0785,15517708.9785,24.73,20.23,1.513
601601,中国太保,保险,上海,20071225,601601.SH,20240325,22.53,22.79,22.48,22.48,22.66,-0.18,-0.7944,277225.87,627170.975,0.405,0.9335,0.77,8.7881,7.8682,0.9067,0.4749,0.6164,4.5374,4.5374,962034.1455,684504.1455,296987.6535,21626527.5908,15387653.1908,24.93,20.39,1.513
601601,中国太保,保险,上海,20071225,601601.SH,20240322,23.02,23.03,22.51,22.66,23.17,-0.51,-2.2011,439099.15,996866.367,0.6415,1.4785,1.2,8.8584,7.9312,0.914,0.4787,0.6213,4.5013,4.5013,962034.1455,684504.1455,296987.6535,21799693.737,15510863.937,25.49,20.85,1.513
601601,中国太保,保险,上海,20071225,601601.SH,20240321,23.19,23.5,23.1,23.17,23.17,0.0,0.0,344379.15,801045.786,0.5031,1.1596,0.88,9.0578,8.1097,0.9345,0.4895,0.6353,4.4022,4.4022,962034.1455,684504.1455,296987.6535,22290331.1512,15859961.0512,25.49,20.85,1.513
601601,中国太保,保险,上海,20071225,601601.SH,20240320,23.05,23.25,22.94,23.17,23.07,0.1,0.4335,272840.15,630921.937,0.3986,0.9187,0.46,9.0578,8.1097,0.9345,0.4895,0.6353,4.4022,4.4022,962034.1455,684504.1455,296987.6535,22290331.1512,15859961.0512,25.38,20.76,1.513
601601,中国太保,保险,上海,20071225,601601.SH,20240319,23.2,23.25,23.03,23.07,23.32,-0.25,-1.072,273943.57,633752.356,0.4002,0.9224,0.42,9.0187,8.0747,0.9305,0.4874,0.6325,4.4213,4.4213,962034.1455,684504.1455,296987.6535,22194127.7367,15791510.6367,25.65,20.99,1.513
601601,中国太保,保险,上海,20071225,601601.SH,20240318,22.91,23.42,22.89,23.32,22.94,0.38,1.6565,463889.27,1076850.487,0.6777,1.562,0.76,9.1164,8.1622,0.9406,0.4927,0.6394,4.3739,4.3739,962034.1455,684504.1455,296987.6535,22434636.2731,15962636.6731,25.23,20.65,1.513
601601,中国太保,保险,上海,20071225,601601.SH,20240315,23.12,23.21,22.68,22.94,23.11,-0.17,-0.7356,480041.29,1097128.622,0.7013,1.6164,0.86,8.9679,8.0292,0.9253,0.4846,0.629,4.4464,4.4464,962034.1455,684504.1455,296987.6535,22069063.2978,15702525.0978,25.42,20.8,1.513
601601,中国太保,保险,上海,20071225,601601.SH,20240314,23.05,23.34,22.96,23.11,23.3,-0.19,-0.8155,470899.37,1088944.005,0.6879,1.5856,0.88,9.0343,8.0887,0.9321,0.4882,0.6336,4.4137,4.4137,962034.1455,684504.1455,296987.6535,22232609.1025,15818890.8025,25.63,20.97,1.513
601601,中国太保,保险,上海,20071225,601601.SH,20240313,24.85,24.87,23.21,23.3,25.08,-1.78,-7.0973,1303133.35,3078962.15,1.9038,4.3878,3.88,9.1086,8.1552,0.9398,0.4922,0.6388,4.3777,4.3777,962034.1455,684504.1455,296987.6535,22415395.5902,15948946.5902,27.59,22.57,1.513
601601,中国太保,保险,上海,20071225,601601.SH,20240312,25.01,25.4,24.65,25.08,25.09,-0.01,-0.0399,522001.69,1305788.159,0.7626,1.7577,1.63,9.8045,8.7782,1.0116,0.5298,0.6876,4.067,4.067,962034.1455,684504.1455,296987.6535,24127816.3691,17167363.9691,27.6,22.58,1.513
601601,中国太保,保险,上海,20071225,601601.SH,20240311,24.89,25.22,24.8,25.09,24.91,0.18,0.7226,265463.83,664075.133,0.3878,0.8939,0.8,9.8084,8.7817,1.012,0.5301,0.6879,4.0654,4.0654,962034.1455,684504.1455,296987.6535,24137436.7106,17174209.0106,27.4,22.42,1.513
601601,中国太保,保险,上海,20071225,601601.SH,20240308,24.88,25.2,24.63,24.91,24.96,-0.05,-0.2003,235174.04,584117.116,0.3436,0.7919,0.64,9.738,8.7187,1.0047,0.5263,0.683,4.0947,4.0947,962034.1455,684504.1455,296987.6535,23964270.5644,17050998.2644,27.46,22.46,1.513
601601,中国太保,保险,上海,20071225,601601.SH,20240307,25.09,25.5,24.9,24.96,25.07,-0.11,-0.4388,346695.67,874081.53,0.5065,1.1674,0.98,9.7576,8.7362,1.0067,0.5273,0.6844,4.0865,4.0865,962034.1455,684504.1455,296987.6535,24012372.2717,17085223.4717,27.58,22.56,1.513
601601,中国太保,保险,上海,20071225,601601.SH,20240306,25.3,25.51,24.96,25.07,25.42,-0.35,-1.3769,311854.5,783255.231,0.4556,1.0501,0.88,9.8006,8.7747,1.0112,0.5296,0.6874,4.0686,4.0686,962034.1455,684504.1455,296987.6535,24118196.0277,17160518.9277,27.96,22.88,1.513
601601,中国太保,保险,上海,20071225,601601.SH,20240305,24.84,25.43,24.6,25.42,24.96,0.46,1.8429,446636.08,1124256.189,0.6525,1.5039,1.34,9.9374,8.8972,1.0253,0.537,0.697,4.0126,4.0126,962034.1455,684504.1455,296987.6535,24454907.9786,17400095.3786,27.46,22.46,1.513
601601,中国太保,保险,上海,20071225,601601.SH,20240304,25.15,25.18,24.79,24.96,25.27,-0.31,-1.2268,325029.94,810967.249,0.4748,1.0944,0.97,9.7576,8.7362,1.0067,0.5273,0.6844,4.0865,4.0865,962034.1455,684504.1455,296987.6535,24012372.2717,17085223.4717,27.8,22.74,1.513
601601,中国太保,保险,上海,20071225,601601.SH,20240301,25.53,25.53,24.99,25.27,25.62,-0.35,-1.3661,420840.75,1058816.293,0.6148,1.417,1.38,9.8787,8.8447,1.0192,0.5339,0.6929,4.0364,4.0364,962034.1455,684504.1455,296987.6535,24310602.8568,17297419.7568,28.18,23.06,1.513
601601,中国太保,保险,上海,20071225,601601.SH,20240229,25.28,25.69,25.26,25.62,25.43,0.19,0.7471,268360.0,684503.911,0.3921,0.9036,0.89,10.0156,8.9672,1.0333,0.5413,0.7024,3.9813,3.9813,962034.1455,684504.1455,296987.6535,24647314.8077,17536996.2077,27.97,22.89,1.513
601601,中国太保,保险,上海,20071225,601601.SH,20240228,25.85,26.05,25.43,25.43,25.88,-0.45,-1.7388,314973.08,810633.646,0.4601,1.0606,0.95,9.9413,8.9007,1.0257,0.5372,0.6972,4.011,4.011,962034.1455,684504.1455,296987.6535,24464528.3201,17406940.4201,28.47,23.29,1.513
601601,中国太保,保险,上海,20071225,601601.SH,20240227,25.8,25.97,25.55,25.88,26.09,-0.21,-0.8049,331285.14,851814.694,0.484,1.1155,1.05,10.1172,9.0582,1.0438,0.5467,0.7096,3.9413,3.9413,962034.1455,684504.1455,296987.6535,24897443.6855,17714967.2855,28.7,23.48,1.513
601601,中国太保,保险,上海,20071225,601601.SH,20240226,26.89,26.93,25.85,26.09,27.03,-0.94,-3.4776,347728.3,912753.098,0.508,1.1709,1.13,10.1993,9.1317,1.0523,0.5512,0.7153,3.9095,3.9095,962034.1455,684504.1455,296987.6535,25099470.8561,17858713.1561,29.73,24.33,1.513
601601,中国太保,保险,上海,20071225,601601.SH,20240223,26.89,27.4,26.83,27.03,26.98,0.05,0.1853,260197.95,706574.008,0.3801,0.8761,0.79,10.5668,9.4607,1.0902,0.571,0.7411,3.7736,3.7736,962034.1455,684504.1455,296987.6535,26003782.9529,18502147.0529,29.68,24.28,1.513
601601,中国太保,保险,上海,20071225,601601.SH,20240222,26.5,26.98,26.41,26.98,26.75,0.23,0.8598,250681.87,671048.89,0.3662,0.8441,0.67,10.5472,9.4432,1.0882,0.57,0.7397,3.7806,3.7806,962034.1455,684504.1455,296987.6535,25955681.2456,18467921.8456,29.43,24.08,1.513
601601,中国太保,保险,上海,20071225,601601.SH,20240221,25.85,27.3,25.48,26.75,25.98,0.77,2.9638,461531.54,1222504.785,0.6743,1.554,1.24,10.4573,9.3627,1.0789,0.5651,0.7334,3.8131,3.8131,962034.1455,684504.1455,296987.6535,25734413.3921,18310485.8921,28.58,23.38,1.513
601601,中国太保,保险,上海,20071225,601601.SH,20240220,26.16,26.39,25.83,25.98,26.33,-0.35,-1.3293,257463.08,669096.907,0.3761,0.8669,0.62,10.1563,9.0932,1.0479,0.5489,0.7123,3.9261,3.9261,962034.1455,684504.1455,296987.6535,24993647.1001,17783417.7001,28.96,23.7,1.513
601601,中国太保,保险,上海,20071225,601601.SH,20240219,26.0,26.4,25.7,26.33,26.02,0.31,1.1914,307296.46,804533.057,0.4489,1.0347,0.71,10.2931,9.2157,1.062,0.5563,0.7219,3.8739,3.8739,962034.1455,684504.1455,296987.6535,25330359.051,18022994.151,28.62,23.42,1.513
601601,中国太保,保险,上海,20071225,601601.SH,20240208,25.92,26.4,25.74,26.02,25.73,0.29,1.1271,371518.92,966009.875,0.5428,1.251,0.84,10.1719,9.1072,1.0495,0.5497,0.7134,3.9201,3.9201,962034.1455,684504.1455,296987.6535,25032128.4659,17810797.8659,28.3,23.16,1.513
601601,中国太保,保险,上海,20071225,601601.SH,20240207,25.35,25.8,24.87,25.73,25.35,0.38,1.499,486626.84,1238945.476,0.7109,1.6385,1.13,10.0586,9.0057,1.0378,0.5436,0.7055,3.9642,3.9642,962034.1455,684504.1455,296987.6535,24753138.5637,17612291.6637,27.89,22.82,1.513
601601,中国太保,保险,上海,20071225,601601.SH,20240206,24.0,25.37,23.86,25.35,24.08,1.27,5.2741,445162.69,1098912.329,0.6503,1.4989,1.08,9.91,8.8727,1.0225,0.5356,0.695,4.0237,4.0237,962034.1455,684504.1455,296987.6535,24387565.5884,17352180.0884,26.49,21.67,1.513
601601,中国太保,保险,上海,20071225,601601.SH,20240205,23.78,24.5,23.32,24.08,23.95,0.13,0.5428,468394.38,1122483.058,0.6843,1.5772,1.09,9.4135,8.4282,0.9712,0.5087,0.6602,4.2359,4.2359,962034.1455,684504.1455,296987.6535,23165782.2236,16482859.8236,26.35,21.56,1.513
601601,中国太保,保险,上海,20071225,601601.SH,20240202,24.25,24.44,23.44,23.95,24.12,-0.17,-0.7048,399806.27,963620.589,0.5841,1.3462,0.91,9.3627,8.3827,0.966,0.506,0.6567,4.2589,4.2589,962034.1455,684504.1455,296987.6535,23040717.7847,16393874.2847,26.53,21.71,1.513
601601,中国太保,保险,上海,20071225,601601.SH,20240201,24.64,24.8,24.03,24.12,24.86,-0.74,-2.9767,409854.15,999435.426,0.5988,1.38,0.81,9.4292,8.4422,0.9728,0.5096,0.6613,4.2289,4.2289,962034.1455,684504.1455,296987.6535,23204263.5895,16510239.9895,27.35,22.37,1.513
601601,中国太保,保险,上海,20071225,601601.SH,20240131,24.56,25.1,24.2,24.86,24.64,0.22,0.8929,439187.68,1087280.034,0.6416,1.4788,0.87,9.7185,8.7012,1.0027,0.5252,0.6816,4.103,4.103,962034.1455,684504.1455,296987.6535,23916168.8571,17016773.0571,27.1,22.18,1.513
601601,中国太保,保险,上海,20071225,601601.SH,20240130,25.0,25.19,24.61,24.64,25.22,-0.58,-2.2998,342216.09,851233.792,0.4999,1.1523,0.68,9.6325,8.6242,0.9938,0.5206,0.6756,4.1396,4.1396,962034.1455,684504.1455,296987.6535,23704521.3451,16866182.1451,27.74,22.7,1.513
601601,中国太保,保险,上海,20071225,601601.SH,20240129,24.79,25.8,24.75,25.22,24.87,0.35,1.4073,556845.46,1413017.784,0.8135,1.875,1.21,9.8592,8.8272,1.0172,0.5328,0.6915,4.0444,4.0444,962034.1455,684504.1455,296987.6535,24262501.1495,17263194.5495,27.36,22.38,1.513
601601,中国太保,保险,上海,20071225,601601.SH,20240126,24.84,25.09,24.45,24.87,24.77,0.1,0.4037,460067.56,1139645.227,0.6721,1.5491,1.09,9.7224,8.7047,1.0031,0.5254,0.6819,4.1013,4.1013,962034.1455,684504.1455,296987.6535,23925789.1986,17023618.0986,27.25,22.29,1.513
601601,中国太保,保险,上海,20071225,601601.SH,20240125,22.91,24.95,22.75,24.77,22.9,1.87,8.1659,724918.27,1748238.168,1.059,2.4409,2.06,9.6833,8.6697,0.9991,0.5233,0.6791,4.1179,4.1179,962034.1455,684504.1455,296987.6535,23829585.784,16955167.684,25.19,20.61,1.513
601601,中国太保,保险,上海,20071225,601601.SH,20240124,21.93,23.07,21.88,22.9,21.79,1.11,5.0941,445234.61,996523.286,0.6504,1.4992,1.42,8.9522,8.0152,0.9236,0.4838,0.6279,4.4541,4.4541,962034.1455,684504.1455,296987.6535,22030581.932,15675144.932,23.97,19.61,1.513
601601,中国太保,保险,上海,20071225,601601.SH,20240123,21.65,22.05,21.27,21.79,21.84,-0.05,-0.2289,320137.55,693083.182,0.4677,1.0779,1.02,8.5183,7.6267,0.8789,0.4603,0.5974,4.681,4.681,962034.1455,684504.1455,296987.6535,20962724.0304,14915345.3304,24.02,19.66,1.513
601601,中国太保,保险,上海,20071225,601601.SH,20240122,22.08,22.35,21.62,21.84,22.16,-0.32,-1.444,354185.83,781746.937,0.5174,1.1926,1.21,8.5379,7.6442,0.8809,0.4614,0.5988,4.6703,4.6703,962034.1455,684504.1455,296987.6535,21010825.7377,14949570.5377,24.38,19.94,1.513
601601,中国太保,保险,上海,20071225,601601.SH,20240119,22.08,22.22,21.82,22.16,22.33,-0.17,-0.7613,275434.29,607293.653,0.4024,0.9274,0.93,8.663,7.7562,0.8938,0.4682,0.6076,4.6029,4.6029,962034.1455,684504.1455,296987.6535,21318676.6643,15168611.8643,24.56,20.1,1.513
601601,中国太保,保险,上海,20071225,601601.SH,20240118,22.09,22.4,21.53,22.33,22.14,0.19,0.8582,364418.98,800609.722,0.5324,1.2271,1.3,8.7294,7.8157,0.9006,0.4718,0.6122,4.5678,4.5678,962034.1455,684504.1455,296987.6535,21482222.469,15284977.569,24.35,19.93,1.513
601601,中国太保,保险,上海,20071225,601601.SH,20240117,22.36,22.45,22.05,22.14,22.53,-0.39,-1.731,257168.39,571689.595,0.3757,0.8659,0.85,8.6551,7.7492,0.893,0.4677,0.607,4.607,4.607,962034.1455,684504.1455,296987.6535,21299435.9814,15154921.7814,24.78,20.28,1.513
601601,中国太保,保险,上海,20071225,601601.SH,20240116,22.02,22.6,22.0,22.53,22.05,0.48,2.1769,314769.22,703462.684,0.4598,1.0599,1.14,8.8076,7.8857,0.9087,0.476,0.6177,4.5273,4.5273,962034.1455,684504.1455,296987.6535,21674629.2981,15421878.3981,24.26,19.85,1.513
601601,中国太保,保险,上海,20071225,601601.SH,20240115,21.72,22.33,21.6,22.05,21.94,0.11,0.5014,254351.55,558892.667,0.3716,0.8564,0.93,8.62,7.7177,0.8894,0.4658,0.6046,4.6259,4.6259,962034.1455,684504.1455,296987.6535,21212852.9083,15093316.4083,24.13,19.75,1.513
601601,中国太保,保险,上海,20071225,601601.SH,20240112,22.3,22.35,21.65,21.94,22.49,-0.55,-2.4455,284675.19,626238.849,0.4159,0.9585,1.04,8.577,7.6792,0.8849,0.4635,0.6015,4.649,4.649,962034.1455,684504.1455,296987.6535,21107029.1523,15018020.9523,24.74,20.24,1.513
601601,中国太保,保险,上海,20071225,601601.SH,20240111,22.6,22.67,22.01,22.49,22.73,-0.24,-1.0559,289261.51,648439.535,0.4226,0.974,1.04,8.792,7.8717,0.9071,0.4751,0.6166,4.5353,4.5353,962034.1455,684504.1455,296987.6535,21636147.9323,15394498.2323,25.0,20.46,1.513
601601,中国太保,保险,上海,20071225,601601.SH,20240110,23.61,23.65,22.65,22.73,23.67,-0.94,-3.9713,369579.57,850634.986,0.5399,1.2444,1.46,8.8858,7.9557,0.9168,0.4802,0.6232,4.4875,4.4875,962034.1455,684504.1455,296987.6535,21867036.1272,15558779.2272,26.04,21.3,1.513
601601,中国太保,保险,上海,20071225,601601.SH,20240109,23.85,23.97,23.53,23.67,23.9,-0.23,-0.9623,177859.79,421596.778,0.2598,0.5989,0.66,9.2533,8.2847,0.9547,0.5001,0.649,4.3093,4.3093,962034.1455,684504.1455,296987.6535,22771348.224,16202213.124,26.29,21.51,1.513
601601,中国太保,保险,上海,20071225,601601.SH,20240108,24.18,24.42,23.71,23.9,24.23,-0.33,-1.3619,248401.91,594818.452,0.3629,0.8364,0.89,9.3432,8.3652,0.964,0.5049,0.6553,4.2678,4.2678,962034.1455,684504.1455,296987.6535,22992616.0775,16359649.0775,26.65,21.81,1.513
601601,中国太保,保险,上海,20071225,601601.SH,20240105,24.09,24.58,23.91,24.23,24.18,0.05,0.2068,287076.04,697548.713,0.4194,0.9666,0.97,9.4722,8.4807,0.9773,0.5119,0.6643,4.2097,4.2097,962034.1455,684504.1455,296987.6535,23310087.3455,16585535.4455,26.6,21.76,1.513
601601,中国太保,保险,上海,20071225,601601.SH,20240104,24.07,24.5,23.95,24.18,24.14,0.04,0.1657,301363.56,730546.447,0.4403,1.0147,1.08,9.4526,8.4632,0.9753,0.5108,0.663,4.2184,4.2184,962034.1455,684504.1455,296987.6535,23261985.6382,16551310.2382,26.55,21.73,1.513
601601,中国太保,保险,上海,20071225,601601.SH,20240103,23.71,24.36,23.71,24.14,23.82,0.32,1.3434,254241.39,613417.712,0.3714,0.8561,1.01,9.437,8.4492,0.9737,0.51,0.6619,4.2254,4.2254,962034.1455,684504.1455,296987.6535,23223504.2724,16523930.0724,26.2,21.44,1.513
601601,中国太保,保险,上海,20071225,601601.SH,20240102,23.78,24.16,23.54,23.82,23.78,0.04,0.1682,261994.54,626111.545,0.3828,0.8822,1.14,9.3119,8.3372,0.9607,0.5032,0.6531,4.2821,4.2821,962034.1455,684504.1455,296987.6535,22915653.3458,16304888.7458,26.16,21.4,1.513
601601,中国太保,保险,上海,20071225,601601.SH,20231229,23.78,23.97,23.66,23.78,23.9,-0.12,-0.5021,292907.27,696435.87,0.4279,0.9863,1.31,9.2963,8.3232,0.9591,0.5024,0.652,4.2052,4.2893,962034.1455,684504.1455,296987.6535,22877171.98,16277508.58,26.29,21.51,1.513
601601,中国太保,保险,上海,20071225,601601.SH,20231228,22.76,23.93,22.64,23.9,22.73,1.17,5.1474,362636.83,853752.906,0.5298,1.2211,1.76,9.3432,8.3652,0.964,0.5049,0.6553,4.1841,4.2678,962034.1455,684504.1455,296987.6535,22992616.0775,16359649.0775,25.0,20.46,1.513
601601,中国太保,保险,上海,20071225,601601.SH,20231227,22.88,23.0,22.56,22.73,22.82,-0.09,-0.3944,217513.39,494445.652,0.3178,0.7324,1.04,8.8858,7.9557,0.9168,0.4802,0.6232,4.3995,4.4875,962034.1455,684504.1455,296987.6535,21867036.1272,15558779.2272,25.1,20.54,1.513
601601,中国太保,保险,上海,20071225,601601.SH,20231226,23.09,23.17,22.75,22.82,23.16,-0.34,-1.468,126235.0,288864.081,0.1844,0.4251,0.58,8.921,7.9872,0.9204,0.4821,0.6257,4.3821,4.4698,962034.1455,684504.1455,296987.6535,21953619.2003,15620384.6003,25.48,20.84,1.513
601601,中国太保,保险,上海,20071225,601601.SH,20231225,22.95,23.37,22.91,23.16,23.05,0.11,0.4772,146079.27,338369.358,0.2134,0.4919,0.66,9.0539,8.1062,0.9341,0.4893,0.635,4.3178,4.4041,962034.1455,684504.1455,296987.6535,22280710.8098,15853116.0098,25.36,20.75,1.513
601601,中国太保,保险,上海,20071225,601601.SH,20231222,22.65,23.35,22.48,23.05,22.64,0.41,1.811,269208.35,618958.616,0.3933,0.9065,1.26,9.0109,8.0677,0.9297,0.487,0.632,4.3384,4.4252,962034.1455,684504.1455,296987.6535,22174887.0538,15777820.5538,24.9,20.38,1.513
601601,中国太保,保险,上海,20071225,601601.SH,20231221,22.57,22.74,22.3,22.64,22.67,-0.03,-0.1323,273253.06,615805.493,0.3992,0.9201,1.42,8.8506,7.9242,0.9131,0.4783,0.6207,4.417,4.5053,962034.1455,684504.1455,296987.6535,21780453.0541,15497173.8541,24.94,20.4,1.513
601601,中国太保,保险,上海,20071225,601601.SH,20231220,23.15,23.19,22.67,22.67,23.2,-0.53,-2.2845,227414.97,520940.603,0.3322,0.7657,1.18,8.8623,7.9347,0.9144,0.4789,0.6216,4.4111,4.4993,962034.1455,684504.1455,296987.6535,21809314.0785,15517708.9785,25.52,20.88,1.513
601601,中国太保,保险,上海,20071225,601601.SH,20231219,23.0,23.35,22.99,23.2,23.27,-0.07,-0.3008,178056.97,412808.541,0.2601,0.5995,0.83,9.0695,8.1202,0.9357,0.4901,0.6361,4.3103,4.3966,962034.1455,684504.1455,296987.6535,22319192.1756,15880496.1756,25.6,20.94,1.513
601601,中国太保,保险,上海,20071225,601601.SH,20231218,23.02,23.46,22.83,23.27,23.25,0.02,0.086,157108.38,365677.026,0.2295,0.529,0.61,9.0969,8.1447,0.9386,0.4916,0.638,4.2974,4.3833,962034.1455,684504.1455,296987.6535,22386534.5658,15928411.4658,25.58,20.93,1.513
601601,中国太保,保险,上海,20071225,601601.SH,20231215,23.49,23.83,23.25,23.25,23.34,-0.09,-0.3856,232319.81,545523.67,0.3394,0.7823,0.72,9.0891,8.1377,0.9378,0.4912,0.6375,4.3011,4.3871,962034.1455,684504.1455,296987.6535,22367293.8829,15914721.3829,25.67,21.01,1.513
601601,中国太保,保险,上海,20071225,601601.SH,20231214,23.71,24.11,23.3,23.34,23.6,-0.26,-1.1017,169090.93,399822.222,0.247,0.5694,0.48,9.1243,8.1692,0.9414,0.4931,0.6399,4.2845,4.3702,962034.1455,684504.1455,296987.6535,22453876.956,15976326.756,25.96,21.24,1.513
601601,中国太保,保险,上海,20071225,601601.SH,20231213,23.6,23.85,23.37,23.6,23.72,-0.12,-0.5059,225770.08,534733.164,0.3298,0.7602,0.65,9.2259,8.2602,0.9519,0.4986,0.6471,4.2373,4.322,962034.1455,684504.1455,296987.6535,22704005.8338,16154297.8338,26.09,21.35,1.513
601601,中国太保,保险,上海,20071225,601601.SH,20231212,23.12,23.85,23.07,23.72,23.24,0.48,2.0654,282685.41,666804.675,0.413,0.9518,0.84,9.2728,8.3022,0.9567,0.5011,0.6504,4.2159,4.3002,962034.1455,684504.1455,296987.6535,22819449.9313,16236438.3313,25.56,20.92,1.513
601601,中国太保,保险,上海,20071225,601601.SH,20231211,22.93,23.34,22.48,23.24,23.09,0.15,0.6496,387308.78,885957.701,0.5658,1.3041,1.29,9.0852,8.1342,0.9374,0.491,0.6372,4.3029,4.389,962034.1455,684504.1455,296987.6535,22357673.5414,15907876.3414,25.4,20.78,1.513
601601,中国太保,保险,上海,20071225,601601.SH,20231208,23.2,23.6,23.06,23.09,23.31,-0.22,-0.9438,556363.64,1295914.265,0.8128,1.8734,2.26,9.0265,8.0817,0.9313,0.4878,0.6331,4.3309,4.4175,962034.1455,684504.1455,296987.6535,22213368.4196,15805200.7196,25.64,20.98,1.513
601601,中国太保,保险,上海,20071225,601601.SH,20231207,23.02,23.4,22.8,23.31,23.05,0.26,1.128,294730.84,683744.36,0.4306,0.9924,1.31,9.1125,8.1587,0.9402,0.4925,0.6391,4.29,4.3758,962034.1455,684504.1455,296987.6535,22425015.9316,15955791.6316,25.36,20.75,1.513
601601,中国太保,保险,上海,20071225,601601.SH,20231206,22.91,23.18,22.81,23.05,22.94,0.11,0.4795,208587.32,480390.501,0.3047,0.7023,0.85,9.0109,8.0677,0.9297,0.487,0.632,4.3384,4.4252,962034.1455,684504.1455,296987.6535,22174887.0538,15777820.5538,25.23,20.65,1.513
601601,中国太保,保险,上海,20071225,601601.SH,20231205,23.5,23.5,22.89,22.94,23.57,-0.63,-2.6729,230364.34,535383.931,0.3365,0.7757,0.96,8.9679,8.0292,0.9253,0.4846,0.629,4.3592,4.4464,962034.1455,684504.1455,296987.6535,22069063.2978,15702525.0978,25.93,21.21,1.513
601601,中国太保,保险,上海,20071225,601601.SH,20231204,23.95,24.1,23.55,23.57,23.91,-0.34,-1.422,212741.52,504848.355,0.3108,0.7163,0.8,9.2142,8.2497,0.9507,0.4979,0.6462,4.2427,4.3275,962034.1455,684504.1455,296987.6535,22675144.8094,16133762.7094,26.3,21.52,1.513
601601,中国太保,保险,上海,20071225,601601.SH,20231201,23.97,24.1,23.51,23.91,24.09,-0.18,-0.7472,285837.49,680851.891,0.4176,0.9625,1.17,9.3471,8.3687,0.9644,0.5051,0.6556,4.1824,4.266,962034.1455,684504.1455,296987.6535,23002236.4189,16366494.1189,26.5,21.68,1.513
601601,中国太保,保险,上海,20071225,601601.SH,20231130,24.0,24.34,23.92,24.09,24.05,0.04,0.1663,190274.01,458261.054,0.278,0.6407,0.75,9.4174,8.4317,0.9716,0.5089,0.6605,4.1511,4.2341,962034.1455,684504.1455,296987.6535,23175402.5651,16489704.8651,26.46,21.65,1.513
601601,中国太保,保险,上海,20071225,601601.SH,20231129,24.95,24.95,23.87,24.05,24.7,-0.65,-2.6316,305582.07,737033.131,0.4464,1.0289,1.3,9.4018,8.4177,0.97,0.5081,0.6594,4.158,4.2412,962034.1455,684504.1455,296987.6535,23136921.1993,16462324.6993,27.17,22.23,1.513
601601,中国太保,保险,上海,20071225,601601.SH,20231128,24.6,25.03,24.58,24.7,24.68,0.02,0.081,203886.93,504707.8,0.2979,0.6865,0.7,9.6559,8.6452,0.9962,0.5218,0.6772,4.0486,4.1296,962034.1455,684504.1455,296987.6535,23762243.3939,16907252.3939,27.15,22.21,1.513
601601,中国太保,保险,上海,20071225,601601.SH,20231127,25.15,25.15,24.34,24.68,24.63,0.05,0.203,349822.02,859686.132,0.5111,1.1779,1.31,9.6481,8.6382,0.9954,0.5214,0.6767,4.0519,4.1329,962034.1455,684504.1455,296987.6535,23743002.7109,16893562.3109,27.09,22.17,1.513
601601,中国太保,保险,上海,20071225,601601.SH,20231124,24.78,24.84,24.58,24.63,24.81,-0.18,-0.7255,174507.76,430434.023,0.2549,0.5876,0.61,9.6286,8.6207,0.9934,0.5203,0.6753,4.0601,4.1413,962034.1455,684504.1455,296987.6535,23694901.0037,16859337.1037,27.29,22.33,1.513
601601,中国太保,保险,上海,20071225,601601.SH,20231123,24.44,24.83,24.36,24.81,24.48,0.33,1.348,242006.87,596345.853,0.3536,0.8149,0.77,9.6989,8.6837,1.0007,0.5241,0.6802,4.0306,4.1112,962034.1455,684504.1455,296987.6535,23868067.1499,16982547.8499,26.93,22.03,1.513
601601,中国太保,保险,上海,20071225,601601.SH,20231122,24.48,24.77,24.42,24.48,24.64,-0.16,-0.6494,207637.39,510358.457,0.3033,0.6991,0.53,9.5699,8.5682,0.9874,0.5172,0.6712,4.085,4.1667,962034.1455,684504.1455,296987.6535,23550595.8818,16756661.4818,27.1,22.18,1.513
601601,中国太保,保险,上海,20071225,601601.SH,20231121,24.39,24.97,24.36,24.64,24.27,0.37,1.5245,472489.27,1169629.597,0.6903,1.5909,1.22,9.6325,8.6242,0.9938,0.5206,0.6756,4.0584,4.1396,962034.1455,684504.1455,296987.6535,23704521.3451,16866182.1451,26.7,21.84,1.513
601601,中国太保,保险,上海,20071225,601601.SH,20231120,24.16,24.36,24.05,24.27,24.16,0.11,0.4553,240755.22,583144.131,0.3517,0.8107,0.58,9.4878,8.4947,0.9789,0.5127,0.6654,4.1203,4.2027,962034.1455,684504.1455,296987.6535,23348568.7113,16612915.6113,26.58,21.74,1.513
601601,中国太保,保险,上海,20071225,601601.SH,20231117,24.0,24.16,23.73,24.16,24.17,-0.01,-0.0414,268896.01,644581.946,0.3928,0.9054,0.55,9.4448,8.4562,0.9745,0.5104,0.6624,4.1391,4.2219,962034.1455,684504.1455,296987.6535,23242744.9553,16537620.1553,26.59,21.75,1.513
601601,中国太保,保险,上海,20071225,601601.SH,20231116,24.47,24.5,23.96,24.17,24.6,-0.43,-1.748,390343.31,943798.486,0.5703,1.3143,0.75,9.4487,8.4597,0.9749,0.5106,0.6627,4.1374,4.2201,962034.1455,684504.1455,296987.6535,23252365.2967,16544465.1967,27.06,22.14,1.513
601601,中国太保,保险,上海,20071225,601601.SH,20231115,24.33,24.72,24.2,24.6,24.09,0.51,2.1171,572916.35,1402989.527,0.837,1.9291,1.11,9.6168,8.6102,0.9922,0.5197,0.6745,4.065,4.1463,962034.1455,684504.1455,296987.6535,23666039.9793,16838801.9793,26.5,21.68,1.513
601601,中国太保,保险,上海,20071225,601601.SH,20231114,24.22,24.36,23.93,24.09,24.23,-0.14,-0.5778,457606.72,1101591.295,0.6685,1.5408,0.85,9.4174,8.4317,0.9716,0.5089,0.6605,4.1511,4.2341,962034.1455,684504.1455,296987.6535,23175402.5651,16489704.8651,26.65,21.81,1.513
601601,中国太保,保险,上海,20071225,601601.SH,20231113,24.14,24.29,23.79,24.23,24.14,0.09,0.3728,395176.83,952958.018,0.5773,1.3306,0.75,9.4722,8.4807,0.9773,0.5119,0.6643,4.1271,4.2097,962034.1455,684504.1455,296987.6535,23310087.3455,16585535.4455,26.55,21.73,1.513
601601,中国太保,保险,上海,20071225,601601.SH,20231110,24.96,24.97,24.01,24.14,25.1,-0.96,-3.8247,650352.25,1575059.168,0.9501,2.1898,1.46,9.437,8.4492,0.9737,0.51,0.6619,4.1425,4.2254,962034.1455,684504.1455,296987.6535,23223504.2724,16523930.0724,27.61,22.59,1.513
601601,中国太保,保险,上海,20071225,601601.SH,20231109,25.24,25.49,24.8,25.1,25.23,-0.13,-0.5153,511812.13,1284444.255,0.7477,1.7233,1.36,9.8123,8.7852,1.0124,0.5303,0.6882,3.9841,4.0637,962034.1455,684504.1455,296987.6535,24147057.0521,17181054.0521,27.75,22.71,1.513
601601,中国太保,保险,上海,20071225,601601.SH,20231108,25.83,25.85,25.1,25.23,25.89,-0.66,-2.5492,568128.01,1442333.532,0.83,1.913,1.9,9.8631,8.8307,1.0176,0.533,0.6918,3.9635,4.0428,962034.1455,684504.1455,296987.6535,24272121.491,17270039.591,28.48,23.3,1.513
601601,中国太保,保险,上海,20071225,601601.SH,20231107,26.9,26.99,25.76,25.89,27.06,-1.17,-4.3237,575691.2,1500305.195,0.841,1.9384,2.46,10.1211,9.0617,1.0442,0.547,0.7098,3.8625,3.9397,962034.1455,684504.1455,296987.6535,24907064.027,17721812.327,29.77,24.35,1.513
601601,中国太保,保险,上海,20071225,601601.SH,20231106,27.1,27.4,26.89,27.06,26.94,0.12,0.4454,342538.7,928207.522,0.5004,1.1534,1.39,10.5785,9.4712,1.0914,0.5717,0.7419,3.6955,3.7694,962034.1455,684504.1455,296987.6535,26032643.9772,18522682.1772,29.63,24.25,1.513
601601,中国太保,保险,上海,20071225,601601.SH,20231103,27.21,27.29,26.83,26.94,27.12,-0.18,-0.6637,235796.85,637015.123,0.3445,0.6857,0.82,10.5316,9.4292,1.0866,0.5691,0.7386,3.712,3.7862,962034.1455,684504.1455,343870.4639,25917199.8798,18440541.6798,29.83,24.41,1.513
601601,中国太保,保险,上海,20071225,601601.SH,20231102,27.8,27.88,27.11,27.12,27.5,-0.38,-1.3818,157874.11,432410.223,0.2306,0.4591,0.53,10.602,9.4922,1.0938,0.5729,0.7436,3.6873,3.7611,962034.1455,684504.1455,343870.4639,26090366.026,18563752.426,30.25,24.75,1.513
601601,中国太保,保险,上海,20071225,601601.SH,20231101,27.89,28.0,27.21,27.5,27.75,-0.25,-0.9009,182493.87,501956.962,0.2666,0.5307,0.61,10.7505,9.6252,1.1092,0.581,0.754,3.6364,3.7091,962034.1455,684504.1455,343870.4639,26455939.0013,18823864.0013,30.53,24.98,1.513
601601,中国太保,保险,上海,20071225,601601.SH,20231031,27.23,27.9,27.1,27.75,27.14,0.61,2.2476,251366.76,694575.287,0.3672,0.731,0.85,10.8482,9.7127,1.1193,0.5863,0.7608,3.6036,3.6757,962034.1455,684504.1455,343870.4639,26696447.5376,18994990.0376,29.85,24.43,1.513
601601,中国太保,保险,上海,20071225,601601.SH,20231030,27.13,27.81,26.6,27.14,27.5,-0.36,-1.3091,400925.12,1084499.508,0.5857,1.1659,1.6,10.6098,9.4992,1.0947,0.5734,0.7441,3.6846,3.7583,962034.1455,684504.1455,343870.4639,26109606.7089,18577442.5089,30.25,24.75,1.513
601601,中国太保,保险,上海,20071225,601601.SH,20231027,27.6,27.73,26.76,27.5,28.51,-1.01,-3.5426,453104.93,1237357.194,0.6619,1.3177,2.06,10.7505,8.9258,1.0888,0.581,0.704,3.6364,3.7091,962034.1455,684504.1455,343870.4639,26455939.0013,18823864.0013,31.36,25.66,1.513
601601,中国太保,保险,上海,20071225,601601.SH,20231026,28.6,29.07,28.12,28.51,28.7,-0.19,-0.662,189260.41,539876.791,0.2765,0.5504,0.85,11.1454,9.2536,1.1288,0.6023,0.7299,3.5075,3.5777,962034.1455,684504.1455,343870.4639,27427593.4882,19515213.1882,31.57,25.83,1.513
601601,中国太保,保险,上海,20071225,601601.SH,20231025,29.08,29.3,28.32,28.7,28.5,0.2,0.7018,209140.62,601031.055,0.3055,0.6082,0.99,11.2196,9.3152,1.1363,0.6063,0.7347,3.4843,3.554,962034.1455,684504.1455,343870.4639,27610379.9759,19645268.9759,31.35,25.65,1.513
601601,中国太保,保险,上海,20071225,601601.SH,20231024,28.68,28.84,27.92,28.5,28.48,0.02,0.0702,220012.01,624182.171,0.3214,0.6398,0.96,11.1414,9.2503,1.1284,0.6021,0.7296,3.5088,3.5789,962034.1455,684504.1455,343870.4639,27417973.1468,19508368.1468,31.33,25.63,1.513
601601,中国太保,保险,上海,20071225,601601.SH,20231023,28.27,28.84,28.01,28.48,28.52,-0.04,-0.1403,182185.39,518559.138,0.2662,0.5298,0.8,11.1336,9.2438,1.1276,0.6017,0.7291,3.5112,3.5815,962034.1455,684504.1455,343870.4639,27398732.4638,19494678.0638,31.37,25.67,1.513
601601,中国太保,保险,上海,20071225,601601.SH,20231020,29.07,29.26,28.2,28.52,29.38,-0.86,-2.9272,298754.57,852838.739,0.4365,0.8688,1.41,11.1493,9.2568,1.1291,0.6025,0.7301,3.5063,3.5764,962034.1455,684504.1455,343870.4639,27437213.8297,19522058.2297,32.32,26.44,1.513
601601,中国太保,保险,上海,20071225,601601.SH,20231019,30.0,30.19,29.3,29.38,30.26,-0.88,-2.9081,207626.16,613025.288,0.3033,0.6038,0.82,11.4855,9.536,1.1632,0.6207,0.7521,3.4037,3.4717,962034.1455,684504.1455,343870.4639,28264563.1948,20110731.7948,33.29,27.23,1.513
601601,中国太保,保险,上海,20071225,601601.SH,20231018,30.39,30.78,30.2,30.26,30.58,-0.32,-1.0464,147074.66,447373.012,0.2149,0.4277,0.57,11.8295,9.8216,1.198,0.6393,0.7747,3.3047,3.3708,962034.1455,684504.1455,343870.4639,29111153.2428,20713095.4428,33.64,27.52,1.513
601601,中国太保,保险,上海,20071225,601601.SH,20231017,30.06,30.87,29.86,30.58,29.81,0.77,2.583,309130.96,939505.243,0.4516,0.899,1.42,11.9546,9.9254,1.2107,0.646,0.7828,3.2701,3.3355,962034.1455,684504.1455,343870.4639,29419004.1694,20932136.7694,32.79,26.83,1.513
601601,中国太保,保险,上海,20071225,601601.SH,20231016,30.03,30.18,29.55,29.81,30.05,-0.24,-0.7987,172591.7,514334.11,0.2521,0.5019,0.79,11.6536,9.6755,1.1802,0.6298,0.7631,3.3546,3.4217,962034.1455,684504.1455,343870.4639,28678237.8774,20405068.5774,33.06,27.05,1.513
601601,中国太保,保险,上海,20071225,601601.SH,20231013,29.51,30.14,29.25,30.05,29.89,0.16,0.5353,222894.73,664685.38,0.3256,0.6482,1.03,11.7474,9.7534,1.1897,0.6348,0.7693,3.3278,3.3943,962034.1455,684504.1455,343870.4639,28909126.0723,20569349.5723,32.88,26.9,1.513
601601,中国太保,保险,上海,20071225,601601.SH,20231012,29.23,30.23,29.12,29.89,28.57,1.32,4.6202,410718.27,1221439.154,0.6,1.1944,2.51,11.6848,9.7015,1.1834,0.6315,0.7652,3.3456,3.4125,962034.1455,684504.1455,343870.4639,28755200.609,20459828.909,31.43,25.71,1.513
601601,中国太保,保险,上海,20071225,601601.SH,20231011,28.5,28.82,28.27,28.57,28.16,0.41,1.456,167099.69,477059.649,0.2441,0.4859,0.98,11.1688,9.273,1.1311,0.6036,0.7314,3.5002,3.5702,962034.1455,684504.1455,343870.4639,27485315.5369,19556283.4369,30.98,25.34,1.513
601601,中国太保,保险,上海,20071225,601601.SH,20231010,28.85,28.89,28.13,28.16,28.45,-0.29,-1.0193,118540.24,336520.17,0.1732,0.3447,0.64,11.0085,9.14,1.1149,0.5949,0.7209,3.5511,3.6222,962034.1455,684504.1455,343870.4639,27090881.5373,19275636.7373,31.3,25.61,1.513
601601,中国太保,保险,上海,20071225,601601.SH,20231009,28.3,28.58,27.9,28.45,28.59,-0.14,-0.4897,167178.29,472412.564,0.2442,0.4862,0.83,11.1219,9.2341,1.1264,0.601,0.7283,3.5149,3.5852,962034.1455,684504.1455,343870.4639,27369871.4395,19474142.9395,31.45,25.73,1.513
601601,中国太保,保险,上海,20071225,601601.SH,20230928,29.09,29.19,28.35,28.59,28.99,-0.4,-1.3798,223616.39,640221.198,0.3267,0.6503,1.22,11.1766,9.2795,1.1319,0.604,0.7319,3.4977,3.5677,962034.1455,684504.1455,343870.4639,27504556.2198,19569973.5198,31.89,26.09,1.513
601601,中国太保,保险,上海,20071225,601601.SH,20230927,29.39,29.5,28.98,28.99,29.31,-0.32,-1.0918,141069.9,411401.085,0.2061,0.4102,0.72,11.333,9.4094,1.1478,0.6125,0.7421,3.4495,3.5185,962034.1455,684504.1455,343870.4639,27889369.878,19843775.178,32.24,26.38,1.513
601601,中国太保,保险,上海,20071225,601601.SH,20230926,29.44,29.83,29.0,29.31,29.46,-0.15,-0.5092,202912.34,594990.683,0.2964,0.5901,1.07,11.4581,9.5132,1.1604,0.6192,0.7503,3.4118,3.48,962034.1455,684504.1455,343870.4639,28197220.8046,20062816.5046,32.41,26.51,1.513
601601,中国太保,保险,上海,20071225,601601.SH,20230925,29.5,29.65,29.2,29.46,29.65,-0.19,-0.6408,195051.16,574397.61,0.285,0.5672,1.03,11.5167,9.5619,1.1664,0.6224,0.7542,3.3944,3.4623,962034.1455,684504.1455,343870.4639,28341525.9264,20165492.1264,32.62,26.69,1.513
601601,中国太保,保险,上海,20071225,601601.SH,20230922,29.24,29.75,28.78,29.65,29.17,0.48,1.6455,242619.58,710776.992,0.3544,0.7056,1.28,11.591,9.6236,1.1739,0.6264,0.759,3.3727,3.4401,962034.1455,684504.1455,343870.4639,28524312.4141,20295547.9141,32.09,26.25,1.513
601601,中国太保,保险,上海,20071225,601601.SH,20230921,29.18,29.39,28.95,29.17,29.33,-0.16,-0.5455,137232.46,400619.416,0.2005,0.3991,0.68,11.4034,9.4678,1.1549,0.6163,0.7467,3.4282,3.4967,962034.1455,684504.1455,343870.4639,28062536.0242,19966985.9242,32.26,26.4,1.513
601601,中国太保,保险,上海,20071225,601601.SH,20230920,29.65,29.65,28.95,29.33,29.64,-0.31,-1.0459,202692.23,592000.505,0.2961,0.5894,1.06,11.4659,9.5197,1.1612,0.6196,0.7508,3.4095,3.4777,962034.1455,684504.1455,343870.4639,28216461.4875,20076506.5875,32.6,26.68,1.513
601601,中国太保,保险,上海,20071225,601601.SH,20230919,29.33,29.79,29.06,29.64,29.39,0.25,0.8506,170376.01,503318.712,0.2489,0.4955,0.83,11.5871,9.6203,1.1735,0.6262,0.7588,3.3738,3.4413,962034.1455,684504.1455,343870.4639,28514692.0726,20288702.8726,32.33,26.45,1.513
601601,中国太保,保险,上海,20071225,601601.SH,20230918,29.02,29.5,28.71,29.39,29.21,0.18,0.6162,191233.14,559695.362,0.2794,0.5561,0.82,11.4894,9.5392,1.1636,0.6209,0.7524,3.4025,3.4706,962034.1455,684504.1455,343870.4639,28274183.5362,20117576.8362,32.13,26.29,1.513
601601,中国太保,保险,上海,20071225,601601.SH,20230915,29.4,29.9,29.09,29.21,29.24,-0.03,-0.1026,245867.16,722013.196,0.3592,0.715,1.11,11.419,9.4808,1.1565,0.6171,0.7478,3.4235,3.492,962034.1455,684504.1455,343870.4639,28101017.3901,19994366.0901,32.16,26.32,1.513
601601,中国太保,保险,上海,20071225,601601.SH,20230914,29.23,29.39,28.99,29.24,29.05,0.19,0.654,200910.2,586693.794,0.2935,0.5843,0.88,11.4307,9.4905,1.1577,0.6177,0.7485,3.42,3.4884,962034.1455,684504.1455,343870.4639,28129878.4144,20014901.2144,31.96,26.15,1.513
601601,中国太保,保险,上海,20071225,601601.SH,20230913,29.56,29.56,28.89,29.05,29.34,-0.29,-0.9884,143877.34,418927.283,0.2102,0.4184,0.54,11.3565,9.4288,1.1501,0.6137,0.7437,3.4423,3.5112,962034.1455,684504.1455,343870.4639,27947091.9268,19884845.4268,32.27,26.41,1.513
601601,中国太保,保险,上海,20071225,601601.SH,20230912,29.55,29.7,29.14,29.34,29.86,-0.52,-1.7415,246722.08,723012.649,0.3604,0.7175,0.93,11.4698,9.523,1.1616,0.6198,0.7511,3.4083,3.4765,962034.1455,684504.1455,343870.4639,28226081.829,20083351.629,32.85,26.87,1.513
601601,中国太保,保险,上海,20071225,601601.SH,20230911,30.26,30.83,29.71,29.86,30.26,-0.4,-1.3219,327071.67,980224.391,0.4778,0.9511,1.05,11.6731,9.6917,1.1822,0.6308,0.7644,3.349,3.4159,962034.1455,684504.1455,343870.4639,28726339.5846,20439293.7846,33.29,27.23,1.513
601601,中国太保,保险,上海,20071225,601601.SH,20230908,30.11,30.45,29.68,30.26,30.34,-0.08,-0.2637,186554.7,559778.378,0.2725,0.5425,0.5,11.8295,9.8216,1.198,0.6393,0.7747,3.3047,3.3708,962034.1455,684504.1455,343870.4639,29111153.2428,20713095.4428,33.37,27.31,1.513
601601,中国太保,保险,上海,20071225,601601.SH,20230907,30.43,30.6,29.96,30.34,30.48,-0.14,-0.4593,241901.11,733485.848,0.3534,0.7035,0.63,11.8607,9.8475,1.2012,0.641,0.7767,3.296,3.3619,962034.1455,684504.1455,343870.4639,29188115.9745,20767855.7745,33.53,27.43,1.513
601601,中国太保,保险,上海,20071225,601601.SH,20230906,29.86,30.6,29.84,30.48,30.02,0.46,1.5323,318340.58,965192.034,0.4651,0.9258,0.84,11.9155,9.893,1.2067,0.6439,0.7803,3.2808,3.3465,962034.1455,684504.1455,343870.4639,29322800.7548,20863686.3548,33.02,27.02,1.513
601601,中国太保,保险,上海,20071225,601601.SH,20230905,30.3,30.33,29.9,30.02,30.39,-0.37,-1.2175,246265.41,740736.87,0.3598,0.7162,0.6,11.7357,9.7437,1.1885,0.6342,0.7685,3.3311,3.3977,962034.1455,684504.1455,343870.4639,28880265.0479,20548814.4479,33.43,27.35,1.513
601601,中国太保,保险,上海,20071225,601601.SH,20230904,29.16,30.75,29.05,30.39,29.25,1.14,3.8974,558519.03,1694663.287,0.8159,1.6242,1.38,11.8803,9.8638,1.2032,0.642,0.778,3.2906,3.3564,962034.1455,684504.1455,343870.4639,29236217.6817,20802080.9817,32.18,26.33,1.513
601601,中国太保,保险,上海,20071225,601601.SH,20230901,28.0,29.74,27.9,29.25,27.7,1.55,5.5957,495405.27,1441109.287,0.7237,1.4407,1.41,11.4346,9.4938,1.1581,0.6179,0.7488,3.4188,3.4872,962034.1455,684504.1455,343870.4639,28139498.7559,20021746.2559,30.47,24.93,1.513
601601,中国太保,保险,上海,20071225,601601.SH,20230831,27.9,28.63,27.66,27.7,27.91,-0.21,-0.7524,293828.05,823536.432,0.4293,0.8545,0.85,10.8287,8.9907,1.0967,0.5852,0.7091,3.6101,3.6823,962034.1455,684504.1455,343870.4639,26648345.8304,18960764.8304,30.7,25.12,1.513
601601,中国太保,保险,上海,20071225,601601.SH,20230830,27.84,28.08,27.23,27.91,27.73,0.18,0.6491,306490.96,849566.093,0.4478,0.8913,0.98,10.9108,9.0588,1.105,0.5896,0.7145,3.5829,3.6546,962034.1455,684504.1455,343870.4639,26850373.0009,19104510.7009,30.5,24.96,1.513
601601,中国太保,保险,上海,20071225,601601.SH,20230829,28.0,28.24,27.21,27.73,28.1,-0.37,-1.3167,387165.14,1070256.136,0.5656,1.1259,1.35,10.8404,9.0004,1.0979,0.5858,0.7099,3.6062,3.6783,962034.1455,684504.1455,343870.4639,26677206.8547,18981299.9547,30.91,25.29,1.513
601601,中国太保,保险,上海,20071225,601601.SH,20230828,29.66,29.69,27.96,28.1,27.3,0.8,2.9304,534971.82,1545185.983,0.7815,1.5557,2.02,10.9851,9.1205,1.1125,0.5937,0.7194,3.5587,3.6299,962034.1455,684504.1455,343870.4639,27033159.4886,19234566.4886,30.03,24.57,1.513
601601,中国太保,保险,上海,20071225,601601.SH,20230825,26.76,27.66,26.76,27.3,26.99,0.31,1.1486,230146.05,626928.597,0.3362,0.6693,0.84,10.6723,8.5277,1.1007,0.5767,0.6514,3.663,3.7363,962034.1455,684504.1455,343870.4639,26263532.1722,18686963.1722,29.69,24.29,1.513
601601,中国太保,保险,上海,20071225,601601.SH,20230824,27.18,27.47,26.7,26.99,27.32,-0.33,-1.2079,259925.74,703016.953,0.3797,0.7559,0.92,10.5511,8.4308,1.0882,0.5702,0.644,3.7051,3.7792,962034.1455,684504.1455,343870.4639,25965301.587,18474766.887,30.05,24.59,1.513
601601,中国太保,保险,上海,20071225,601601.SH,20230823,27.72,28.0,27.27,27.32,27.82,-0.5,-1.7973,152984.51,421580.178,0.2235,0.4449,0.51,10.6801,8.5339,1.1015,0.5772,0.6518,3.6603,3.7335,962034.1455,684504.1455,343870.4639,26282772.8551,18700653.2551,30.6,25.04,1.513
601601,中国太保,保险,上海,20071225,601601.SH,20230822,27.4,28.0,27.26,27.82,27.2,0.62,2.2794,253431.76,700510.549,0.3702,0.737,0.83,10.8756,8.6901,1.1216,0.5877,0.6638,3.5945,3.6664,962034.1455,684504.1455,343870.4639,26763789.9278,19042905.3278,29.92,24.48,1.513
601601,中国太保,保险,上海,20071225,601601.SH,20230821,28.25,28.25,27.2,27.2,28.52,-1.32,-4.6283,425216.49,1170650.965,0.6212,1.2366,1.54,10.6332,8.4964,1.0966,0.5746,0.649,3.6765,3.75,962034.1455,684504.1455,343870.4639,26167328.7576,18618512.7576,31.37,25.67,1.513
601601,中国太保,保险,上海,20071225,601601.SH,20230818,28.5,29.52,28.42,28.52,28.32,0.2,0.7062,281111.91,814938.134,0.4107,0.8175,0.92,11.1493,8.9088,1.1498,0.6025,0.6805,3.5063,3.5764,962034.1455,684504.1455,343870.4639,27437213.8297,19522058.2297,31.15,25.49,1.513
601601,中国太保,保险,上海,20071225,601601.SH,20230817,28.51,28.59,27.92,28.32,28.66,-0.34,-1.1863,299909.6,845196.153,0.4381,0.8722,1.01,11.0711,8.8463,1.1418,0.5983,0.6757,3.5311,3.6017,962034.1455,684504.1455,343870.4639,27244807.0006,19385157.4006,31.53,25.79,1.513
601601,中国太保,保险,上海,20071225,601601.SH,20230816,28.88,29.28,28.5,28.66,28.98,-0.32,-1.1042,250334.74,721871.824,0.3657,0.728,0.87,11.204,8.9525,1.1555,0.6055,0.6838,3.4892,3.559,962034.1455,684504.1455,343870.4639,27571898.61,19617888.81,31.88,26.08,1.513
601601,中国太保,保险,上海,20071225,601601.SH,20230815,28.26,29.29,28.26,28.98,28.44,0.54,1.8987,277806.44,802140.072,0.4059,0.8079,0.98,11.3291,9.0525,1.1684,0.6122,0.6915,3.4507,3.5197,962034.1455,684504.1455,343870.4639,27879749.5366,19836930.1366,31.28,25.6,1.513
601601,中国太保,保险,上海,20071225,601601.SH,20230814,28.03,28.61,27.85,28.44,28.55,-0.11,-0.3853,273932.05,772839.392,0.4002,0.7966,0.87,11.118,8.8838,1.1466,0.6008,0.6786,3.5162,3.5865,962034.1455,684504.1455,343870.4639,27360251.098,19467297.898,31.41,25.7,1.513
601601,中国太保,保险,上海,20071225,601601.SH,20230811,29.62,29.98,28.42,28.55,29.72,-1.17,-3.9367,431870.26,1250633.346,0.6309,1.2559,1.21,11.161,8.9181,1.151,0.6032,0.6812,3.5026,3.5727,962034.1455,684504.1455,343870.4639,27466074.854,19542593.354,32.69,26.75,1.513
601601,中国太保,保险,上海,20071225,601601.SH,20230810,29.46,29.79,29.16,29.72,29.41,0.31,1.0541,245429.99,724600.062,0.3586,0.7137,0.59,11.6184,9.2836,1.1982,0.6279,0.7091,3.3647,3.432,962034.1455,684504.1455,343870.4639,28591654.8043,20343463.2043,32.35,26.47,1.513
601601,中国太保,保险,上海,20071225,601601.SH,20230809,29.1,29.57,29.08,29.41,29.28,0.13,0.444,206408.7,606968.322,0.3015,0.6003,0.47,11.4972,9.1868,1.1857,0.6213,0.7017,3.4002,3.4682,962034.1455,684504.1455,343870.4639,28293424.2192,20131266.9192,32.21,26.35,1.513
601601,中国太保,保险,上海,20071225,601601.SH,20230808,29.13,29.63,28.69,29.28,29.38,-0.1,-0.3404,255122.17,744778.235,0.3727,0.7419,0.51,11.4464,9.1462,1.1805,0.6186,0.6986,3.4153,3.4836,962034.1455,684504.1455,343870.4639,28168359.7802,20042281.3802,32.32,26.44,1.513
601601,中国太保,保险,上海,20071225,601601.SH,20230807,29.82,29.82,29.14,29.38,30.35,-0.97,-3.196,443688.96,1304562.384,0.6482,1.2903,0.77,11.4855,9.1774,1.1845,0.6207,0.701,3.4037,3.4717,962034.1455,684504.1455,343870.4639,28264563.1948,20110731.7948,33.39,27.32,1.513
601601,中国太保,保险,上海,20071225,601601.SH,20230804,31.03,31.57,30.25,30.35,30.34,0.01,0.033,637006.14,1964177.201,0.9306,1.8525,0.9,11.8647,9.4804,1.2236,0.6412,0.7241,3.2949,3.3608,962034.1455,684504.1455,343870.4639,29197736.3159,20774700.8159,33.37,27.31,1.513
601601,中国太保,保险,上海,20071225,601601.SH,20230803,29.48,30.43,29.33,30.34,29.48,0.86,2.9172,539210.68,1618125.823,0.7877,1.5681,0.69,11.8607,9.4773,1.2232,0.641,0.7239,3.296,3.3619,962034.1455,684504.1455,343870.4639,29188115.9745,20767855.7745,32.43,26.53,1.513
601601,中国太保,保险,上海,20071225,601601.SH,20230802,29.5,30.05,29.2,29.48,29.68,-0.2,-0.6739,343003.76,1011179.319,0.5011,0.9975,0.42,11.5246,9.2086,1.1885,0.6228,0.7034,3.3921,3.46,962034.1455,684504.1455,343870.4639,28360766.6093,20179182.2093,32.65,26.71,1.513
601601,中国太保,保险,上海,20071225,601601.SH,20230801,29.8,30.6,29.39,29.68,29.9,-0.22,-0.7358,518922.76,1549234.472,0.7581,1.5091,0.61,11.6027,9.2711,1.1966,0.627,0.7082,3.3693,3.4367,962034.1455,684504.1455,343870.4639,28553173.4384,20316083.0384,32.89,26.91,1.513
601601,中国太保,保险,上海,20071225,601601.SH,20230731,30.65,31.08,29.88,29.9,30.6,-0.7,-2.2876,847809.76,2567143.118,1.2386,2.4655,1.16,11.6887,9.3398,1.2055,0.6317,0.7134,3.3445,3.4114,962034.1455,684504.1455,343870.4639,28764820.9505,20466673.9505,33.66,27.54,1.513
601601,中国太保,保险,上海,20071225,601601.SH,20230728,28.57,31.05,28.4,30.6,28.89,1.71,5.919,1290947.48,3851836.005,1.886,3.7542,2.45,11.9624,9.5585,1.2337,0.6465,0.7301,3.268,3.3333,962034.1455,684504.1455,343870.4639,29438244.8523,20945826.8523,31.78,26.0,1.513
601601,中国太保,保险,上海,20071225,601601.SH,20230727,29.37,29.95,28.76,28.89,29.38,-0.49,-1.6678,885778.81,2594730.773,1.294,2.5759,2.23,11.2939,9.0243,1.1648,0.6103,0.6893,3.4614,3.5306,962034.1455,684504.1455,343870.4639,27793166.4635,19775324.7635,32.32,26.44,1.513
601601,中国太保,保险,上海,20071225,601601.SH,20230726,29.0,29.5,28.65,29.38,28.75,0.63,2.1913,511660.16,1490235.63,0.7475,1.4879,1.5,11.4855,9.1774,1.1845,0.6207,0.701,3.4037,3.4717,962034.1455,684504.1455,343870.4639,28264563.1948,20110731.7948,31.63,25.88,1.513
601601,中国太保,保险,上海,20071225,601601.SH,20230725,26.99,28.75,26.97,28.75,26.14,2.61,9.9847,723062.97,2028101.017,1.0563,2.1027,2.93,11.2392,8.9806,1.1591,0.6074,0.686,3.4783,3.5478,962034.1455,684504.1455,343870.4639,27658481.6831,19679494.1831,28.75,23.53,1.513
601601,中国太保,保险,上海,20071225,601601.SH,20230724,26.11,26.46,26.01,26.14,26.48,-0.34,-1.284,246049.67,644917.33,0.3595,0.7155,1.0,10.2189,8.1653,1.0539,0.5522,0.6237,3.8256,3.9021,962034.1455,684504.1455,343870.4639,25147572.5634,17892938.3634,29.13,23.83,1.513
601601,中国太保,保险,上海,20071225,601601.SH,20230721,26.8,27.07,26.31,26.48,26.88,-0.4,-1.4881,268306.32,713845.689,0.392,0.7803,1.1,10.3518,8.2715,1.0676,0.5594,0.6318,3.7764,3.852,962034.1455,684504.1455,343870.4639,25474664.1728,18125669.7728,29.57,24.19,1.513
601601,中国太保,保险,上海,20071225,601601.SH,20230720,27.65,27.75,26.76,26.88,27.55,-0.67,-2.4319,236976.33,642697.644,0.3462,0.6891,0.87,10.5081,8.3965,1.0837,0.5679,0.6413,3.7202,3.7946,962034.1455,684504.1455,343870.4639,25859477.831,18399471.431,30.31,24.8,1.513
601601,中国太保,保险,上海,20071225,601601.SH,20230719,27.42,27.65,27.24,27.55,27.62,-0.07,-0.2534,231649.18,635305.943,0.3384,0.6737,0.81,10.7701,8.6058,1.1107,0.582,0.6573,3.6298,3.7024,962034.1455,684504.1455,343870.4639,26504040.7085,18858089.2085,30.38,24.86,1.513
601601,中国太保,保险,上海,20071225,601601.SH,20230718,28.25,28.25,27.58,27.62,28.1,-0.48,-1.7082,250522.26,694496.928,0.366,0.7285,0.95,10.7974,8.6276,1.1136,0.5835,0.659,3.6206,3.693,962034.1455,684504.1455,343870.4639,26571383.0987,18906004.4987,30.91,25.29,1.513
601601,中国太保,保险,上海,20071225,601601.SH,20230717,28.78,28.97,28.01,28.1,28.98,-0.88,-3.0366,237807.32,673712.111,0.3474,0.6916,0.88,10.9851,8.7776,1.1329,0.5937,0.6705,3.5587,3.6299,962034.1455,684504.1455,343870.4639,27033159.4886,19234566.4886,31.88,26.08,1.513
601601,中国太保,保险,上海,20071225,601601.SH,20230714,28.64,29.18,28.55,28.98,28.61,0.37,1.2933,268100.18,776264.451,0.3917,0.7797,0.99,11.3291,9.0525,1.1684,0.6122,0.6915,3.4507,3.5197,962034.1455,684504.1455,343870.4639,27879749.5366,19836930.1366,31.47,25.75,1.513
601601,中国太保,保险,上海,20071225,601601.SH,20230713,27.95,28.75,27.65,28.61,27.51,1.1,3.9985,369877.29,1047689.581,0.5404,1.0756,1.42,11.1844,8.9369,1.1535,0.6044,0.6826,3.4953,3.5652,962034.1455,684504.1455,343870.4639,27523796.9028,19583663.6028,30.26,24.76,1.513
601601,中国太保,保险,上海,20071225,601601.SH,20230712,27.06,28.1,27.06,27.51,27.09,0.42,1.5504,299915.22,830361.894,0.4381,0.8722,1.27,10.7544,8.5933,1.1091,0.5812,0.6564,3.635,3.7077,962034.1455,684504.1455,343870.4639,26465559.3427,18830709.0427,29.8,24.38,1.513
601601,中国太保,保险,上海,20071225,601601.SH,20230711,27.18,27.23,26.9,27.09,26.93,0.16,0.5941,145638.82,394003.186,0.2128,0.4235,0.55,10.5902,8.4621,1.0922,0.5723,0.6464,3.6914,3.7652,962034.1455,684504.1455,343870.4639,26061505.0016,18543217.3016,29.62,24.24,1.513
601601,中国太保,保险,上海,20071225,601601.SH,20230710,27.7,27.81,26.83,26.93,27.47,-0.54,-1.9658,266140.27,720350.105,0.3888,0.774,0.88,10.5277,8.4121,1.0857,0.5689,0.6425,3.7133,7.5009,962034.1455,684504.1455,343870.4639,25907579.5383,18433696.6383,30.22,24.72,1.513
601601,中国太保,保险,上海,20071225,601601.SH,20230707,27.16,27.9,27.16,27.47,27.42,0.05,0.1823,270727.94,746502.52,0.3955,0.7873,0.96,10.7388,8.5808,1.1075,0.5803,0.6554,3.6403,7.3535,962034.1455,684504.1455,343870.4639,26427077.9769,18803328.8769,30.16,24.68,1.513
601601,中国太保,保险,上海,20071225,601601.SH,20230706,26.93,28.09,26.9,27.42,27.09,0.33,1.2182,322377.47,889072.032,0.471,0.9375,1.2,10.7192,8.5652,1.1055,0.5793,0.6542,3.647,7.3669,962034.1455,684504.1455,343870.4639,26378976.2696,18769103.6696,29.8,24.38,1.513
601601,中国太保,保险,上海,20071225,601601.SH,20230705,27.15,27.63,27.05,27.09,27.33,-0.24,-0.8782,177213.05,483115.95,0.2589,0.5153,0.6,10.5902,8.4621,1.0922,0.5723,0.6464,3.6914,7.4566,962034.1455,684504.1455,343870.4639,26061505.0016,18543217.3016,30.06,24.6,1.513
601601,中国太保,保险,上海,20071225,601601.SH,20230704,27.1,27.49,26.8,27.33,27.2,0.13,0.4779,296227.07,807878.842,0.4328,0.8614,0.98,10.6841,8.537,1.1019,0.5774,0.6521,3.659,7.3911,962034.1455,684504.1455,343870.4639,26292393.1965,18707498.2965,29.92,24.48,1.513
601601,中国太保,保险,上海,20071225,601601.SH,20230703,26.04,27.38,25.8,27.2,25.98,1.22,4.6959,438877.45,1179467.287,0.6412,1.2763,1.61,10.6332,8.4964,1.0966,0.5746,0.649,3.6765,7.4265,962034.1455,684504.1455,343870.4639,26167328.7576,18618512.7576,28.58,23.38,1.513
601601,中国太保,保险,上海,20071225,601601.SH,20230630,26.18,26.31,25.95,25.98,26.24,-0.26,-0.9909,182397.05,475900.387,0.2665,0.5304,0.62,10.1563,8.1153,1.0474,0.5489,0.6199,3.8491,7.7752,962034.1455,684504.1455,343870.4639,24993647.1001,17783417.7001,28.86,23.62,1.513
601601,中国太保,保险,上海,20071225,601601.SH,20230629,26.19,26.53,25.61,26.24,26.01,0.23,0.8843,250238.77,656082.84,0.3656,0.7277,0.81,10.2579,8.1966,1.0579,0.5544,0.6261,3.811,7.6982,962034.1455,684504.1455,343870.4639,25243775.9779,17961388.7779,28.61,23.41,1.513
601601,中国太保,保险,上海,20071225,601601.SH,20230628,26.78,27.23,26.68,27.03,26.67,0.36,1.3498,304175.0,820439.018,0.4444,0.8846,0.92,10.5668,8.4433,1.0467,0.571,0.6449,3.6996,3.6996,962034.1455,684504.1455,343870.4639,26003782.9529,18502147.0529,29.34,24.0,1.456
601601,中国太保,保险,上海,20071225,601601.SH,20230627,25.95,26.83,25.77,26.67,25.99,0.68,2.6164,338911.9,893887.049,0.4951,0.9856,0.99,10.426,8.3309,1.0328,0.5634,0.6363,3.7495,3.7495,962034.1455,684504.1455,343870.4639,25657450.6605,18255725.5605,28.59,23.39,1.456
601601,中国太保,保险,上海,20071225,601601.SH,20230626,26.41,26.45,25.83,25.99,26.62,-0.63,-2.3666,290692.39,757544.498,0.4247,0.8454,0.77,10.1602,8.1185,1.0064,0.5491,0.6201,3.8476,3.8476,962034.1455,684504.1455,343870.4639,25003267.4415,17790262.7415,29.28,23.96,1.456
601601,中国太保,保险,上海,20071225,601601.SH,20230621,27.18,27.34,26.6,26.62,27.23,-0.61,-2.2402,280524.31,754172.225,0.4098,0.8158,0.76,10.4065,8.3153,1.0308,0.5624,0.6351,3.7566,3.7566,962034.1455,684504.1455,343870.4639,25609348.9532,18221500.3532,29.95,24.51,1.456
601601,中国太保,保险,上海,20071225,601601.SH,20230620,27.88,27.9,27.07,27.23,27.84,-0.61,-2.1911,333159.43,909689.069,0.4867,0.9689,0.94,10.645,8.5058,1.0545,0.5753,0.6497,3.6724,3.6724,962034.1455,684504.1455,343870.4639,26196189.782,18639047.882,30.62,25.06,1.456
601601,中国太保,保险,上海,20071225,601601.SH,20230619,28.38,28.4,27.59,27.84,28.5,-0.66,-2.3158,409208.54,1139649.01,0.5978,1.19,1.16,10.8834,8.6964,1.0781,0.5882,0.6643,3.592,3.592,962034.1455,684504.1455,343870.4639,26783030.6107,19056595.4107,31.35,25.65,1.456
601601,中国太保,保险,上海,20071225,601601.SH,20230616,28.88,29.05,28.15,28.5,28.76,-0.26,-0.904,395741.09,1125722.296,0.5781,1.1508,0.94,11.1414,8.9025,1.1036,0.6021,0.68,3.5088,3.5088,962034.1455,684504.1455,343870.4639,27417973.1468,19508368.1468,31.64,25.88,1.456
601601,中国太保,保险,上海,20071225,601601.SH,20230615,29.8,30.12,28.6,28.76,29.62,-0.86,-2.9034,467173.02,1355388.633,0.6825,1.3586,1.17,11.2431,8.9837,1.1137,0.6076,0.6862,3.4771,3.4771,962034.1455,684504.1455,343870.4639,27668102.0246,19686339.2246,32.58,26.66,1.456
601601,中国太保,保险,上海,20071225,601601.SH,20230614,29.99,30.38,29.41,29.62,29.75,-0.13,-0.437,244139.87,728252.747,0.3567,0.71,0.57,11.5793,9.2524,1.147,0.6258,0.7067,3.3761,3.3761,962034.1455,684504.1455,343870.4639,28495451.3897,20275012.7897,32.73,26.78,1.456
601601,中国太保,保险,上海,20071225,601601.SH,20230613,29.7,29.92,29.21,29.75,29.77,-0.02,-0.0672,247140.35,731442.823,0.3611,0.7187,0.52,11.6301,9.293,1.1521,0.6285,0.7098,3.3613,3.3613,962034.1455,684504.1455,343870.4639,28620515.8286,20363998.3286,32.75,26.79,1.456
601601,中国太保,保险,上海,20071225,601601.SH,20230612,29.93,30.6,29.5,29.77,29.81,-0.04,-0.1342,406954.39,1223043.05,0.5945,1.1835,0.94,11.6379,9.2992,1.1528,0.6289,0.7103,3.3591,3.3591,962034.1455,684504.1455,343870.4639,28639756.5115,20377688.4115,32.79,26.83,1.456
601601,中国太保,保险,上海,20071225,601601.SH,20230609,29.85,30.53,29.79,29.81,29.75,0.06,0.2017,748387.53,2256674.297,1.0933,2.1764,2.06,11.6536,9.3117,1.1544,0.6298,0.7113,3.3546,3.3546,962034.1455,684504.1455,343870.4639,28678237.8774,20405068.5774,32.73,26.78,1.456
601601,中国太保,保险,上海,20071225,601601.SH,20230608,29.15,29.97,28.95,29.75,29.32,0.43,1.4666,354619.58,1047508.777,0.5181,1.0313,0.97,11.6301,9.293,1.1521,0.6285,0.7098,3.3613,3.3613,962034.1455,684504.1455,343870.4639,28620515.8286,20363998.3286,32.25,26.39,1.456
601601,中国太保,保险,上海,20071225,601601.SH,20230607,29.47,29.99,29.1,29.32,29.27,0.05,0.1708,393654.49,1159827.425,0.5751,1.1448,1.17,11.462,9.1587,1.1354,0.6194,0.6996,3.4106,3.4106,962034.1455,684504.1455,343870.4639,28206841.1461,20069661.5461,32.2,26.34,1.456
601601,中国太保,保险,上海,20071225,601601.SH,20230606,28.44,30.0,28.34,29.27,28.51,0.76,2.6657,462630.73,1363193.661,0.6759,1.3454,1.54,11.4425,9.143,1.1335,0.6184,0.6984,3.4165,3.4165,962034.1455,684504.1455,343870.4639,28158739.4388,20035436.3388,31.36,25.66,1.456
601601,中国太保,保险,上海,20071225,601601.SH,20230605,28.39,28.86,28.09,28.51,28.55,-0.04,-0.1401,198527.81,565320.685,0.29,0.5773,0.61,11.1454,8.9056,1.104,0.6023,0.6802,3.5075,3.5075,962034.1455,684504.1455,343870.4639,27427593.4882,19515213.1882,31.41,25.7,1.456
601601,中国太保,保险,上海,20071225,601601.SH,20230602,28.4,29.19,28.27,28.55,28.2,0.35,1.2411,410221.97,1172425.5,0.5993,1.193,1.42,11.161,8.9181,1.1056,0.6032,0.6812,3.5026,3.5026,962034.1455,684504.1455,343870.4639,27466074.854,19542593.354,31.02,25.38,1.456
601601,中国太保,保险,上海,20071225,601601.SH,20230601,27.82,28.48,27.56,28.2,27.85,0.35,1.2567,370988.73,1043371.116,0.542,1.0789,1.42,11.0242,8.8088,1.092,0.5958,0.6728,3.5461,3.5461,962034.1455,684504.1455,343870.4639,27129362.9031,19303016.9031,30.64,25.07,1.456
601601,中国太保,保险,上海,20071225,601601.SH,20230531,28.1,28.1,27.46,27.85,28.12,-0.27,-0.9602,240871.55,668637.492,0.3519,0.7005,0.77,10.8873,8.6995,1.0785,0.5884,0.6645,3.5907,3.5907,962034.1455,684504.1455,343870.4639,26792650.9522,19063440.4522,30.93,25.31,1.4567
601601,中国太保,保险,上海,20071225,601601.SH,20230530,28.16,28.56,27.81,28.12,28.13,-0.01,-0.0355,282572.5,795631.46,0.4128,0.8217,0.85,10.9929,8.7838,1.0889,0.5941,0.6709,3.5562,3.5562,962034.1455,684504.1455,343870.4639,27052400.1715,19248256.5715,30.94,25.32,1.4567
601601,中国太保,保险,上海,20071225,601601.SH,20230529,28.46,28.59,27.89,28.13,28.46,-0.33,-1.1595,317316.61,892313.749,0.4636,0.9228,0.99,10.9968,8.7869,1.0893,0.5943,0.6712,3.5549,3.5549,962034.1455,684504.1455,343870.4639,27062020.5129,19255101.6129,31.31,25.61,1.4567
601601,中国太保,保险,上海,20071225,601601.SH,20230526,28.63,28.9,28.17,28.46,28.63,-0.17,-0.5938,230278.79,657332.011,0.3364,0.6697,0.7,11.1258,8.89,1.1021,0.6013,0.679,3.5137,3.5137,962034.1455,684504.1455,343870.4639,27379491.7809,19480987.9809,31.49,25.77,1.4567
601601,中国太保,保险,上海,20071225,601601.SH,20230525,28.75,28.94,28.2,28.63,28.8,-0.17,-0.5903,239056.62,681442.933,0.3492,0.6952,0.71,11.1923,8.9431,1.1087,0.6048,0.6831,3.4928,3.4928,962034.1455,684504.1455,343870.4639,27543037.5857,19597353.6857,31.68,25.92,1.4567
601601,中国太保,保险,上海,20071225,601601.SH,20230524,30.1,30.24,28.68,28.8,30.1,-1.3,-4.3189,502195.02,1461607.984,0.7337,1.4604,1.35,11.2587,8.9962,1.1153,0.6084,0.6872,3.4722,3.4722,962034.1455,684504.1455,343870.4639,27706583.3904,19713719.3904,33.11,27.09,1.4567
601601,中国太保,保险,上海,20071225,601601.SH,20230523,31.39,31.63,30.1,30.1,31.64,-1.54,-4.8673,374576.85,1142592.803,0.5472,1.0893,0.99,11.7669,9.4023,1.1656,0.6359,0.7182,3.3223,3.3223,962034.1455,684504.1455,343870.4639,28957227.7796,20603574.7796,34.8,28.48,1.4567
601601,中国太保,保险,上海,20071225,601601.SH,20230522,31.23,31.9,30.64,31.64,31.01,0.63,2.0316,256577.1,806147.348,0.3748,0.7461,0.57,12.369,9.8834,1.2252,0.6684,0.7549,3.1606,3.1606,962034.1455,684504.1455,343870.4639,30438760.3636,21657711.1636,34.11,27.91,1.4567
601601,中国太保,保险,上海,20071225,601601.SH,20230519,31.19,31.77,30.67,31.01,31.73,-0.72,-2.2691,270336.65,840931.707,0.3949,0.7862,0.58,12.1227,9.6866,1.2008,0.6551,0.7399,3.2248,3.2248,962034.1455,684504.1455,343870.4639,29832678.852,21226473.552,34.9,28.56,1.4567
601601,中国太保,保险,上海,20071225,601601.SH,20230518,31.33,32.26,31.0,31.73,31.3,0.43,1.3738,280984.27,892302.365,0.4105,0.8171,0.59,12.4041,9.9115,1.2287,0.6703,0.7571,3.1516,3.1516,962034.1455,684504.1455,343870.4639,30525343.4367,21719316.5367,34.43,28.17,1.4567
601601,中国太保,保险,上海,20071225,601601.SH,20230517,32.95,32.95,30.82,31.3,32.97,-1.67,-5.0652,677067.32,2127338.579,0.9891,1.969,1.49,12.236,9.7772,1.2121,0.6613,0.7468,3.1949,3.1949,962034.1455,684504.1455,343870.4639,30111668.7542,21424979.7542,36.27,29.67,1.4567
601601,中国太保,保险,上海,20071225,601601.SH,20230516,33.5,33.9,32.73,32.97,33.55,-0.58,-1.7288,397716.7,1323505.747,0.581,1.1566,0.85,12.8889,10.2988,1.2767,0.6965,0.7867,3.0331,3.0331,962034.1455,684504.1455,343870.4639,31718265.7771,22568101.6771,36.91,30.2,1.4567
601601,中国太保,保险,上海,20071225,601601.SH,20230515,31.81,34.0,31.11,33.55,31.65,1.9,6.0032,636808.44,2075212.355,0.9303,1.8519,1.3,13.1156,10.48,1.2992,0.7088,0.8005,2.9806,2.9806,962034.1455,684504.1455,343870.4639,32276245.5815,22965114.0815,34.82,28.49,1.4567
601601,中国太保,保险,上海,20071225,601601.SH,20230512,32.3,32.53,31.57,31.65,32.31,-0.66,-2.0427,337744.76,1076906.332,0.4934,0.9822,0.64,12.3729,9.8865,1.2256,0.6686,0.7552,3.1596,3.1596,962034.1455,684504.1455,343870.4639,30448380.7051,21664556.2051,35.54,29.08,1.4567
601601,中国太保,保险,上海,20071225,601601.SH,20230511,32.82,33.25,32.09,32.31,32.56,-0.25,-0.7678,337594.26,1097073.484,0.4932,0.9817,0.54,12.6309,10.0926,1.2512,0.6826,0.7709,3.095,3.095,962034.1455,684504.1455,343870.4639,31083323.2411,22116328.9411,35.82,29.3,1.4567
601601,中国太保,保险,上海,20071225,601601.SH,20230510,34.06,34.2,32.2,32.56,34.06,-1.5,-4.404,567947.99,1866374.016,0.8297,1.6516,0.86,12.7286,10.1707,1.2609,0.6879,0.7769,3.0713,3.0713,962034.1455,684504.1455,343870.4639,31323831.7775,22287454.9775,37.47,30.65,1.4567
601601,中国太保,保险,上海,20071225,601601.SH,20230509,34.49,35.08,33.7,34.06,34.93,-0.87,-2.4907,461085.2,1587211.495,0.6736,1.3409,0.67,13.315,10.6393,1.319,0.7196,0.8127,2.936,2.936,962034.1455,684504.1455,343870.4639,32766882.9957,23314211.1957,38.42,31.44,1.4567
601601,中国太保,保险,上海,20071225,601601.SH,20230508,33.4,35.38,33.22,34.93,33.4,1.53,4.5808,750702.19,2605754.722,1.0967,2.1831,1.26,13.6551,10.9111,1.3526,0.7379,0.8334,2.8629,2.8629,962034.1455,684504.1455,343870.4639,33603852.7023,23909729.8023,36.74,30.06,1.4567
601601,中国太保,保险,上海,20071225,601601.SH,20230505,33.93,34.67,33.14,33.4,34.08,-0.68,-1.9953,535710.09,1808426.608,0.7826,1.5579,0.99,13.057,10.4331,1.2934,0.7056,0.7969,2.994,2.994,962034.1455,684504.1455,343870.4639,32131940.4597,22862438.4597,37.49,30.67,1.4567
601601,中国太保,保险,上海,20071225,601601.SH,20230504,31.5,34.2,30.72,34.08,31.21,2.87,9.1958,787196.29,2606817.051,1.15,2.2892,1.73,13.3228,10.6455,1.3197,0.72,0.8131,2.9343,2.9343,962034.1455,684504.1455,343870.4639,32786123.6786,23327901.2786,34.33,28.09,1.4567
601601,中国太保,保险,上海,20071225,601601.SH,20230428,31.08,32.38,30.48,31.21,31.37,-0.16,-0.51,767163.26,2428653.189,1.1208,2.1318,2.07,12.2009,9.749,1.2086,0.6594,0.7447,3.2041,3.2041,962034.1455,684504.1455,359870.4639,30025085.6811,21363374.3811,34.51,28.23,1.4567
601601,中国太保,保险,上海,20071225,601601.SH,20230427,29.68,31.7,29.44,31.37,29.41,1.96,6.6644,616567.11,1912195.564,0.9008,1.7133,1.86,12.2634,12.2634,1.3211,0.6627,0.6627,3.1878,3.1878,962034.1455,684504.1455,359870.4639,30179011.1443,21472895.0443,32.35,26.47,1.4567
601601,中国太保,保险,上海,20071225,601601.SH,20230426,30.0,30.15,28.94,29.41,30.0,-0.59,-1.9667,276139.83,811464.937,0.4034,0.7673,0.8,11.4972,11.4972,1.2385,0.6213,0.6213,3.4002,3.4002,962034.1455,684504.1455,359870.4639,28293424.2192,20131266.9192,33.0,27.0,1.4567
601601,中国太保,保险,上海,20071225,601601.SH,20230425,30.01,30.7,29.86,30.0,30.07,-0.07,-0.2328,268594.17,810986.068,0.3924,0.7464,0.62,11.7278,11.7278,1.2634,0.6338,0.6338,3.3333,3.3333,962034.1455,684504.1455,359870.4639,28861024.365,20535124.365,33.08,27.06,1.4567
601601,中国太保,保险,上海,20071225,601601.SH,20230424,29.89,30.68,29.89,30.07,29.58,0.49,1.6565,341330.96,1034911.65,0.4987,0.9485,0.79,11.7552,11.7552,1.2663,0.6353,0.6353,3.3256,3.3256,962034.1455,684504.1455,359870.4639,28928366.7552,20583039.6552,32.54,26.62,1.4567
601601,中国太保,保险,上海,20071225,601601.SH,20230421,30.33,30.56,29.5,29.58,30.79,-1.21,-3.9298,348711.38,1041470.818,0.5094,0.969,0.89,11.5636,11.5636,1.2457,0.6249,0.6249,3.3807,3.3807,962034.1455,684504.1455,359870.4639,28456970.0239,20247632.6239,33.87,27.71,1.4567
601601,中国太保,保险,上海,20071225,601601.SH,20230420,30.3,30.9,29.94,30.79,30.25,0.54,1.7851,419591.05,1277608.549,0.613,1.166,1.21,12.0367,12.0367,1.2966,0.6505,0.6505,3.2478,3.2478,962034.1455,684504.1455,359870.4639,29621031.3399,21075882.6399,33.28,27.23,1.4567
601601,中国太保,保险,上海,20071225,601601.SH,20230419,30.4,30.58,30.09,30.25,30.29,-0.04,-0.1321,343653.77,1043256.264,0.502,0.9549,1.06,11.8256,11.8256,1.2739,0.6391,0.6391,3.3058,3.3058,962034.1455,684504.1455,359870.4639,29101532.9014,20706250.4014,33.32,27.26,1.4567
601601,中国太保,保险,上海,20071225,601601.SH,20230418,28.68,30.48,28.68,30.29,28.68,1.61,5.6137,717101.38,2157234.566,1.0476,1.9927,3.13,11.8412,11.8412,1.2756,0.6399,0.6399,3.3014,3.3014,962034.1455,684504.1455,359870.4639,29140014.2672,20733630.5672,31.55,25.81,1.4567
601601,中国太保,保险,上海,20071225,601601.SH,20230417,27.42,28.68,27.27,28.68,27.57,1.11,4.0261,332848.8,941548.106,0.4863,0.9249,1.53,11.2118,11.2118,1.2078,0.6059,0.6059,3.4868,3.4868,962034.1455,684504.1455,359870.4639,27591139.2929,19631578.8929,30.33,24.81,1.4567
601601,中国太保,保险,上海,20071225,601601.SH,20230414,27.95,27.95,27.4,27.57,27.7,-0.13,-0.4693,140571.5,387627.57,0.2054,0.3906,0.62,10.7779,10.7779,1.161,0.5825,0.5825,3.6271,3.6271,962034.1455,684504.1455,359870.4639,26523281.3914,18871779.2914,30.47,24.93,1.4567
601601,中国太保,保险,上海,20071225,601601.SH,20230413,27.45,27.81,27.26,27.7,27.6,0.1,0.3623,197644.27,545085.146,0.2887,0.5492,0.93,10.8287,10.8287,1.1665,0.5852,0.5852,3.6101,3.6101,962034.1455,684504.1455,359870.4639,26648345.8304,18960764.8304,30.36,24.84,1.4567
601601,中国太保,保险,上海,20071225,601601.SH,20230412,27.16,27.92,26.98,27.6,26.96,0.64,2.3739,229047.57,631583.13,0.3346,0.6365,1.12,10.7896,10.7896,1.1623,0.5831,0.5831,3.6232,3.6232,962034.1455,684504.1455,359870.4639,26552142.4158,18892314.4158,29.66,24.26,1.4567
601601,中国太保,保险,上海,20071225,601601.SH,20230411,27.44,27.65,26.84,26.96,27.5,-0.54,-1.9636,245046.06,663452.288,0.358,0.6809,1.18,10.5394,10.5394,1.1353,0.5696,0.5696,3.7092,3.7092,962034.1455,684504.1455,359870.4639,25936440.5627,18454231.7627,30.25,24.75,1.4567
601601,中国太保,保险,上海,20071225,601601.SH,20230410,26.73,27.85,26.7,27.5,26.72,0.78,2.9192,274110.55,753626.157,0.4005,0.7617,1.44,10.7505,10.7505,1.1581,0.581,0.581,3.6364,3.6364,962034.1455,684504.1455,359870.4639,26455939.0013,18823864.0013,29.39,24.05,1.4567
601601,中国太保,保险,上海,20071225,601601.SH,20230407,26.25,27.1,26.22,26.72,26.19,0.53,2.0237,190567.01,510417.97,0.2784,0.5295,1.01,10.4456,10.4456,1.1252,0.5645,0.5645,3.7425,3.7425,962034.1455,684504.1455,359870.4639,25705552.3678,18289950.7678,28.81,23.57,1.4567
601601,中国太保,保险,上海,20071225,601601.SH,20230406,26.51,26.51,26.13,26.19,26.52,-0.33,-1.2443,122951.27,322499.111,0.1796,0.3417,0.62,10.2384,10.2384,1.1029,0.5533,0.5533,3.8183,3.8183,962034.1455,684504.1455,359870.4639,25195674.2706,17927163.5706,29.17,23.87,1.4567
601601,中国太保,保险,上海,20071225,601601.SH,20230404,26.32,26.58,26.15,26.52,26.36,0.16,0.607,186263.76,491290.492,0.2721,0.5176,0.88,10.3674,10.3674,1.1168,0.5603,0.5603,3.7707,3.7707,962034.1455,684504.1455,359870.4639,25513145.5387,18153049.9387,29.0,23.72,1.4567
601601,中国太保,保险,上海,20071225,601601.SH,20230403,25.88,26.6,25.87,26.36,25.92,0.44,1.6975,264867.08,697093.642,0.3869,0.736,1.02,10.3049,10.3049,1.1101,0.5569,0.5569,3.7936,3.7936,962034.1455,684504.1455,359870.4639,25359220.0754,18043529.2754,28.51,23.33,1.4567
601601,中国太保,保险,上海,20071225,601601.SH,20230331,25.75,26.28,25.75,25.92,25.75,0.17,0.6602,190204.27,495487.235,0.2779,0.5285,0.68,10.1328,10.1328,1.0915,0.5476,0.5476,3.858,3.858,962034.1455,684504.1455,359870.4639,24935925.0514,17742347.4514,28.33,23.18,1.4567
601601,中国太保,保险,上海,20071225,601601.SH,20230330,25.65,26.12,25.26,25.75,25.7,0.05,0.1946,178994.3,459129.635,0.2615,0.4974,0.6,10.0664,10.0664,1.0844,0.544,0.544,3.8835,3.8835,962034.1455,684504.1455,359870.4639,24772379.2466,17625981.7466,28.27,23.13,1.4567
601601,中国太保,保险,上海,20071225,601601.SH,20230329,25.95,26.09,25.52,25.7,25.66,0.04,0.1559,174848.69,451046.653,0.2554,0.4859,0.55,10.0468,10.0468,1.0823,0.5429,0.5429,3.8911,3.8911,962034.1455,684504.1455,359870.4639,24724277.5394,17591756.5394,28.23,23.09,1.4567
601601,中国太保,保险,上海,20071225,601601.SH,20230328,25.61,25.9,25.31,25.66,25.55,0.11,0.4305,254608.76,653410.085,0.372,0.7075,0.77,10.0312,10.0312,1.0806,0.5421,0.5421,3.8971,3.8971,962034.1455,684504.1455,359870.4639,24685796.1735,17564376.3735,28.11,23.0,1.4567
601601,中国太保,保险,上海,20071225,601601.SH,20230327,26.12,26.16,24.8,25.55,26.29,-0.74,-2.8148,502559.65,1273426.62,0.7342,1.4598,1.71,9.9882,9.9882,1.076,0.5398,0.5398,3.9139,3.9139,962034.1455,684504.1455,344262.1339,24579972.4175,17489080.9175,28.92,23.66,1.4567
601601,中国太保,保险,上海,20071225,601601.SH,20230324,26.9,27.07,26.08,26.29,27.1,-0.81,-2.9889,282271.83,744489.134,0.4124,0.8199,0.95,9.4253,10.357,1.1401,0.574,0.5619,3.8037,3.8037,962034.1455,684504.1455,344262.1339,25291877.6852,17995613.9852,29.81,24.39,1.4567
601601,中国太保,保险,上海,20071225,601601.SH,20230323,26.3,27.12,26.22,27.1,26.29,0.81,3.081,278984.9,747857.371,0.4076,0.8104,1.05,9.7157,10.6761,1.1752,0.5917,0.5792,3.69,3.69,962034.1455,684504.1455,344262.1339,26071125.3431,18550062.3431,28.92,23.66,1.4567
601601,中国太保,保险,上海,20071225,601601.SH,20230322,26.67,26.77,26.21,26.29,26.56,-0.27,-1.0166,277448.3,732940.473,0.4053,0.8059,1.14,9.4253,10.357,1.1401,0.574,0.5619,3.8037,3.8037,962034.1455,684504.1455,344262.1339,25291877.6852,17995613.9852,29.22,23.9,1.4567
601601,中国太保,保险,上海,20071225,601601.SH,20230321,27.52,27.83,26.5,26.56,27.53,-0.97,-3.5234,322077.34,866857.888,0.4705,0.9356,1.41,9.5221,10.4634,1.1518,0.5799,0.5677,3.7651,3.7651,962034.1455,684504.1455,344262.1339,25551626.9045,18180430.1045,30.28,24.78,1.4567
601601,中国太保,保险,上海,20071225,601601.SH,20230320,27.03,28.04,27.0,27.53,26.94,0.59,2.1901,310255.51,853924.692,0.4533,0.9012,1.48,9.8699,10.8455,1.1938,0.601,0.5884,3.6324,3.6324,962034.1455,684504.1455,344262.1339,26484800.0256,18844399.1256,29.63,24.25,1.4567
601601,中国太保,保险,上海,20071225,601601.SH,20230317,26.4,27.66,26.37,26.94,26.25,0.69,2.6286,291346.37,790121.381,0.4256,0.8463,1.35,9.6583,10.6131,1.1683,0.5882,0.5758,3.712,3.712,962034.1455,684504.1455,344262.1339,25917199.8798,18440541.6798,28.88,23.63,1.4567
601601,中国太保,保险,上海,20071225,601601.SH,20230316,26.2,26.56,26.08,26.25,26.43,-0.18,-0.681,127652.04,335768.897,0.1865,0.3708,0.55,9.411,10.3413,1.1383,0.5731,0.561,3.8095,3.8095,962034.1455,684504.1455,344262.1339,25253396.3194,17968233.8194,29.07,23.79,1.4567
601601,中国太保,保险,上海,20071225,601601.SH,20230315,26.56,26.76,26.3,26.43,26.23,0.2,0.7625,161463.6,428312.654,0.2359,0.469,0.68,9.4755,10.4122,1.1461,0.577,0.5649,3.7836,3.7836,962034.1455,684504.1455,344262.1339,25426562.4656,18091444.5656,28.85,23.61,1.4567
601601,中国太保,保险,上海,20071225,601601.SH,20230314,26.66,26.94,26.07,26.23,26.97,-0.74,-2.7438,249616.79,657833.74,0.3647,0.7251,1.06,9.4038,10.3334,1.1375,0.5727,0.5606,3.8124,3.8124,962034.1455,684504.1455,344262.1339,25234155.6365,17954543.7365,29.67,24.27,1.4567
601601,中国太保,保险,上海,20071225,601601.SH,20230313,26.22,27.07,26.2,26.97,26.09,0.88,3.3729,214565.35,575299.338,0.3135,0.6233,0.91,9.6691,10.6249,1.1696,0.5888,0.5764,3.7078,3.7078,962034.1455,684504.1455,344262.1339,25946060.9041,18461076.8041,28.7,23.48,1.4567
601601,中国太保,保险,上海,20071225,601601.SH,20230310,26.6,26.7,26.01,26.09,26.84,-0.75,-2.7943,329128.51,863398.533,0.4808,0.956,1.68,9.3536,10.2782,1.1314,0.5696,0.5576,3.8329,3.8329,962034.1455,684504.1455,344262.1339,25099470.8561,17858713.1561,29.52,24.16,1.4567
601601,中国太保,保险,上海,20071225,601601.SH,20230309,27.19,27.27,26.61,26.84,27.16,-0.32,-1.1782,203344.82,546348.604,0.2971,0.5907,1.1,9.6225,10.5737,1.1639,0.586,0.5736,3.7258,3.7258,962034.1455,684504.1455,344262.1339,25820996.4652,18372091.2652,29.88,24.44,1.4567
601601,中国太保,保险,上海,20071225,601601.SH,20230308,27.4,27.55,27.0,27.16,27.4,-0.24,-0.8759,184552.84,501666.93,0.2696,0.5361,0.89,9.7372,10.6998,1.1778,0.593,0.5805,3.6819,3.6819,962034.1455,684504.1455,344262.1339,26128847.3918,18591132.5918,30.14,24.66,1.4567
601601,中国太保,保险,上海,20071225,601601.SH,20230307,28.26,28.34,27.36,27.4,28.01,-0.61,-2.1778,250462.44,696662.95,0.3659,0.7275,1.34,9.8233,10.7943,1.1882,0.5982,0.5856,3.6496,3.6496,962034.1455,684504.1455,344262.1339,26359735.5867,18755413.5867,30.81,25.21,1.4567
601601,中国太保,保险,上海,20071225,601601.SH,20230306,28.37,28.5,27.77,28.01,28.5,-0.49,-1.7193,209906.22,588392.024,0.3067,0.6097,1.11,10.042,11.0346,1.2147,0.6115,0.5986,3.5702,3.5702,962034.1455,684504.1455,344262.1339,26946576.4155,19172961.1155,31.35,25.65,1.4567
601601,中国太保,保险,上海,20071225,601601.SH,20230303,28.95,29.18,28.38,28.5,28.73,-0.23,-0.8006,129770.61,371335.119,0.1896,0.377,0.66,10.2176,11.2277,1.2359,0.6222,0.6091,3.5088,3.5088,962034.1455,684504.1455,344262.1339,27417973.1468,19508368.1468,31.6,25.86,1.4567
601601,中国太保,保险,上海,20071225,601601.SH,20230302,28.45,28.99,28.38,28.73,28.7,0.03,0.1045,148016.61,425559.754,0.2162,0.43,0.73,10.3001,11.3183,1.2459,0.6272,0.614,3.4807,3.4807,962034.1455,684504.1455,344262.1339,27639241.0002,19665804.1002,31.57,25.83,1.4567
601601,中国太保,保险,上海,20071225,601601.SH,20230301,27.6,28.7,27.39,28.7,27.62,1.08,3.9102,295626.54,838840.899,0.4319,0.8587,1.69,10.2893,11.3065,1.2446,0.6266,0.6134,3.4843,3.4843,962034.1455,684504.1455,344262.1339,27610379.9759,19645268.9759,30.38,24.86,1.4567
601601,中国太保,保险,上海,20071225,601601.SH,20230228,27.43,27.76,27.23,27.62,27.4,0.22,0.8029,152394.04,419108.77,0.2226,0.4427,0.84,9.9021,10.881,1.1977,0.603,0.5903,3.6206,3.6206,962034.1455,684504.1455,344262.1339,26571383.0987,18906004.4987,30.14,24.66,1.4567
601601,中国太保,保险,上海,20071225,601601.SH,20230227,27.69,27.78,27.25,27.4,27.66,-0.26,-0.94,216030.9,593280.347,0.3156,0.6275,0.99,9.8233,10.7943,1.1882,0.5982,0.5856,3.6496,3.6496,962034.1455,684504.1455,344262.1339,26359735.5867,18755413.5867,30.43,24.89,1.4567
601601,中国太保,保险,上海,20071225,601601.SH,20230224,27.9,28.08,27.59,27.66,28.01,-0.35,-1.2496,177061.75,491648.913,0.2587,0.5143,0.82,9.9165,10.8968,1.1995,0.6039,0.5912,3.6153,3.6153,962034.1455,684504.1455,344262.1339,26609864.4645,18933384.6645,30.81,25.21,1.4567
601601,中国太保,保险,上海,20071225,601601.SH,20230223,28.23,28.79,27.93,28.01,28.3,-0.29,-1.0247,175080.07,493468.711,0.2558,0.5086,0.75,10.042,11.0346,1.2147,0.6115,0.5986,3.5702,3.5702,962034.1455,684504.1455,344262.1339,26946576.4155,19172961.1155,31.13,25.47,1.4567
601601,中国太保,保险,上海,20071225,601601.SH,20230222,28.45,28.75,28.26,28.3,28.64,-0.34,-1.1872,155599.55,442729.568,0.2273,0.452,0.68,10.1459,11.1489,1.2272,0.6179,0.6048,3.5336,3.5336,962034.1455,684504.1455,344262.1339,27225566.3177,19371467.3177,31.5,25.78,1.4567
601601,中国太保,保险,上海,20071225,601601.SH,20230221,28.5,28.68,28.26,28.64,28.68,-0.04,-0.1395,183128.88,521632.33,0.2675,0.5319,0.73,10.2678,11.2828,1.242,0.6253,0.6121,3.4916,3.4916,962034.1455,684504.1455,344262.1339,27552657.9271,19604198.7271,31.55,25.81,1.4567
601601,中国太保,保险,上海,20071225,601601.SH,20230220,27.36,28.72,27.36,28.68,27.12,1.56,5.7522,402574.36,1134062.761,0.5881,1.1694,1.66,10.2822,11.2986,1.2437,0.6262,0.613,3.4868,3.4868,962034.1455,684504.1455,344262.1339,27591139.2929,19631578.8929,29.83,24.41,1.4567
601601,中国太保,保险,上海,20071225,601601.SH,20230217,27.45,27.87,27.11,27.12,27.52,-0.4,-1.4535,162178.14,445423.323,0.2369,0.4711,0.67,9.7229,10.684,1.1761,0.5921,0.5796,3.6873,3.6873,962034.1455,684504.1455,344262.1339,26090366.026,18563752.426,30.27,24.77,1.4567
601601,中国太保,保险,上海,20071225,601601.SH,20230216,27.86,28.31,27.4,27.52,27.63,-0.11,-0.3981,260935.29,728773.13,0.3812,0.758,1.02,9.8663,10.8416,1.1934,0.6008,0.5882,3.6337,3.6337,962034.1455,684504.1455,344262.1339,26475179.6842,18837554.0842,30.39,24.87,1.4567
601601,中国太保,保险,上海,20071225,601601.SH,20230215,27.59,27.88,27.49,27.63,27.76,-0.13,-0.4683,138005.31,381615.912,0.2016,0.4009,0.53,9.9057,10.8849,1.1982,0.6032,0.5905,3.6193,3.6193,962034.1455,684504.1455,344262.1339,26581003.4402,18912849.5402,30.54,24.98,1.4567
601601,中国太保,保险,上海,20071225,601601.SH,20230214,27.0,27.87,26.85,27.76,27.13,0.63,2.3222,297896.9,819552.165,0.4352,0.8653,1.27,9.9523,10.9361,1.2038,0.6061,0.5933,3.6023,3.6023,962034.1455,684504.1455,344262.1339,26706067.8791,19001835.0791,29.84,24.42,1.4567
601601,中国太保,保险,上海,20071225,601601.SH,20230213,26.25,27.16,25.92,27.13,26.42,0.71,2.6874,353160.47,944312.25,0.5159,1.0258,1.73,9.7265,10.688,1.1765,0.5923,0.5798,3.686,3.686,962034.1455,684504.1455,344262.1339,26099986.3674,18570597.4674,29.06,23.78,1.4567
601601,中国太保,保险,上海,20071225,601601.SH,20230210,26.61,26.66,26.2,26.42,26.69,-0.27,-1.0116,163837.33,431847.561,0.2394,0.4759,0.75,9.4719,10.4082,1.1457,0.5768,0.5647,3.785,3.785,962034.1455,684504.1455,344262.1339,25416942.1241,18084599.5241,29.36,24.02,1.4567
601601,中国太保,保险,上海,20071225,601601.SH,20230209,25.65,26.78,25.65,26.69,25.75,0.94,3.6505,322612.29,855252.872,0.4713,0.9371,1.67,9.5687,10.5146,1.1574,0.5827,0.5704,3.7467,3.7467,962034.1455,684504.1455,344262.1339,25676691.3434,18269415.6434,28.33,23.18,1.4567
601601,中国太保,保险,上海,20071225,601601.SH,20230208,25.4,25.99,25.36,25.75,25.4,0.35,1.378,157388.11,405617.111,0.2299,0.4572,0.79,9.2317,10.1443,1.1167,0.5622,0.5503,3.8835,3.8835,962034.1455,684504.1455,344262.1339,24772379.2466,17625981.7466,27.94,22.86,1.4567
601601,中国太保,保险,上海,20071225,601601.SH,20230207,25.6,25.67,25.17,25.4,25.54,-0.14,-0.5482,178203.37,452909.552,0.2603,0.5176,0.86,9.1062,10.0064,1.1015,0.5545,0.5429,3.937,3.937,962034.1455,684504.1455,344262.1339,24435667.2957,17386405.2957,28.09,22.99,1.4567
601601,中国太保,保险,上海,20071225,601601.SH,20230206,25.4,25.62,25.04,25.54,25.5,0.04,0.1569,200298.2,508332.44,0.2926,0.5818,0.83,9.1564,10.0616,1.1075,0.5576,0.5459,3.9154,3.9154,962034.1455,684504.1455,344262.1339,24570352.0761,17482235.8761,28.05,22.95,1.4567
601601,中国太保,保险,上海,20071225,601601.SH,20230203,25.75,25.8,25.24,25.5,25.85,-0.35,-1.354,229984.56,585560.428,0.336,0.6681,0.91,9.1421,10.0458,1.1058,0.5567,0.545,3.9216,3.9216,962034.1455,684504.1455,344262.1339,24531870.7103,17454855.7103,28.44,23.27,1.4567
601601,中国太保,保险,上海,20071225,601601.SH,20230202,26.05,26.25,25.74,25.85,25.99,-0.14,-0.5387,202149.67,524214.525,0.2953,0.5872,0.83,9.2676,10.1837,1.121,0.5644,0.5525,3.8685,3.8685,962034.1455,684504.1455,344262.1339,24868582.6612,17694432.1612,28.59,23.39,1.4567
601601,中国太保,保险,上海,20071225,601601.SH,20230201,25.93,25.99,25.59,25.99,25.8,0.19,0.7364,181074.59,466951.835,0.2645,0.526,0.74,9.3178,10.2388,1.1271,0.5674,0.5555,3.8476,3.8476,962034.1455,684504.1455,344262.1339,25003267.4415,17790262.7415,28.38,23.22,1.4567
601601,中国太保,保险,上海,20071225,601601.SH,20230131,26.25,26.66,25.76,25.8,26.0,-0.2,-0.7692,225837.04,590251.173,0.3299,0.656,0.93,9.2496,10.164,1.1188,0.5633,0.5514,3.876,3.876,962034.1455,684504.1455,344262.1339,24820480.9539,17660206.9539,28.6,23.4,1.4567
601601,中国太保,保险,上海,20071225,601601.SH,20230130,26.88,27.1,25.85,26.0,26.29,-0.29,-1.1031,373925.09,988162.922,0.5463,1.0862,1.52,9.3213,10.2428,1.1275,0.5676,0.5557,3.8462,3.8462,962034.1455,684504.1455,344262.1339,25012887.783,17797107.783,28.92,23.66,1.4567
601601,中国太保,保险,上海,20071225,601601.SH,20230120,25.89,26.6,25.8,26.29,25.84,0.45,1.7415,285787.48,753800.724,0.4175,0.8301,1.19,9.4253,10.357,1.1401,0.574,0.5619,3.8037,3.8037,962034.1455,684504.1455,344262.1339,25291877.6852,17995613.9852,28.42,23.26,1.4567
601601,中国太保,保险,上海,20071225,601601.SH,20230119,25.79,25.98,25.56,25.84,25.81,0.03,0.1162,148160.91,382029.743,0.2164,0.4304,0.58,9.264,10.1798,1.1206,0.5642,0.5523,3.87,3.87,962034.1455,684504.1455,344262.1339,24858962.3197,17687587.1197,28.39,23.23,1.4567
601601,中国太保,保险,上海,20071225,601601.SH,20230118,25.76,26.0,25.47,25.81,25.86,-0.05,-0.1933,187728.77,484286.853,0.2743,0.5453,0.66,9.2532,10.1679,1.1193,0.5635,0.5516,3.8745,3.8745,962034.1455,684504.1455,344262.1339,24830101.2954,17667051.9954,28.45,23.27,1.4567
601601,中国太保,保险,上海,20071225,601601.SH,20230117,26.2,26.22,25.3,25.86,26.23,-0.37,-1.4106,223476.69,573692.252,0.3265,0.6491,0.74,9.2711,10.1876,1.1214,0.5646,0.5527,3.867,3.867,962034.1455,684504.1455,344262.1339,24878203.0026,17701277.2026,28.85,23.61,1.4567
601601,中国太保,保险,上海,20071225,601601.SH,20230116,26.03,26.45,25.95,26.23,25.95,0.28,1.079,382211.78,1003229.485,0.5584,1.1102,1.38,9.4038,10.3334,1.1375,0.5727,0.5606,3.8124,3.8124,962034.1455,684504.1455,344262.1339,25234155.6365,17954543.7365,28.55,23.36,1.4567
601601,中国太保,保险,上海,20071225,601601.SH,20230113,25.4,25.95,25.25,25.95,25.38,0.57,2.2459,254814.24,655266.522,0.3723,0.7402,0.95,9.3034,10.2231,1.1253,0.5666,0.5546,3.8536,3.8536,962034.1455,684504.1455,344262.1339,24964786.0757,17762882.5757,27.92,22.84,1.4567
601601,中国太保,保险,上海,20071225,601601.SH,20230112,25.19,25.4,24.91,25.38,25.08,0.3,1.1962,224525.52,565129.054,0.328,0.6522,0.78,9.0991,9.9985,1.1006,0.5541,0.5424,3.9401,3.9401,962034.1455,684504.1455,344262.1339,24416426.6128,17372715.2128,27.59,22.57,1.4567
601601,中国太保,保险,上海,20071225,601601.SH,20230111,24.3,25.23,24.18,25.08,24.16,0.92,3.8079,347104.39,864921.722,0.5071,1.0083,1.21,8.9915,9.8804,1.0876,0.5476,0.536,3.9872,3.9872,962034.1455,684504.1455,344262.1339,24127816.3691,17167363.9691,26.58,21.74,1.4567
601601,中国太保,保险,上海,20071225,601601.SH,20230110,24.88,24.91,24.05,24.16,24.89,-0.73,-2.9329,297575.27,725642.049,0.4347,0.8644,1.0,8.6617,9.5179,1.0477,0.5275,0.5164,4.1391,4.1391,962034.1455,684504.1455,344262.1339,23242744.9553,16537620.1553,27.38,22.4,1.4567
601601,中国太保,保险,上海,20071225,601601.SH,20230109,24.99,25.0,24.57,24.89,24.83,0.06,0.2416,256981.07,636320.285,0.3754,0.7465,0.88,8.9234,9.8055,1.0794,0.5434,0.532,4.0177,4.0177,962034.1455,684504.1455,344262.1339,23945029.8815,17037308.1815,27.31,22.35,1.4567
601601,中国太保,保险,上海,20071225,601601.SH,20230106,25.02,25.16,24.65,24.83,25.0,-0.17,-0.68,210415.06,522435.282,0.3074,0.6112,0.74,8.9019,9.7819,1.0768,0.5421,0.5307,4.0274,4.0274,962034.1455,684504.1455,344262.1339,23887307.8328,16996237.9328,27.5,22.5,1.4567
601601,中国太保,保险,上海,20071225,601601.SH,20230105,25.0,25.29,24.88,25.0,24.71,0.29,1.1736,320951.63,804811.384,0.4689,0.9323,1.19,8.9628,9.8488,1.0841,0.5458,0.5343,4.0,4.0,962034.1455,684504.1455,344262.1339,24050853.6375,17112603.6375,27.18,22.24,1.4567
601601,中国太保,保险,上海,20071225,601601.SH,20230104,24.2,24.8,23.99,24.71,23.92,0.79,3.3027,343673.93,840836.301,0.5021,0.9983,1.52,8.8589,9.7346,1.0716,0.5395,0.5281,4.0469,4.0469,962034.1455,684504.1455,344262.1339,23771863.7353,16914097.4353,26.31,21.53,1.4567
601601,中国太保,保险,上海,20071225,601601.SH,20230103,24.32,24.42,23.62,23.92,24.52,-0.6,-2.447,353814.37,844820.581,0.5169,1.0277,1.87,8.5756,9.4234,1.0373,0.5222,0.5112,4.1806,4.1806,962034.1455,684504.1455,344262.1339,23011856.7604,16373339.1604,26.97,22.07,1.4567
601601,中国太保,保险,上海,20071225,601601.SH,20221230,23.83,24.74,23.83,24.52,23.87,0.65,2.7231,225470.24,551338.091,0.3294,0.6549,1.36,8.7907,9.6597,1.0633,0.5353,0.5241,5.3018,4.0783,962034.1455,684504.1455,344262.1339,23589077.2477,16784041.6477,26.26,21.48,1.4567
601601,中国太保,保险,上海,20071225,601601.SH,20221229,24.1,24.2,23.48,23.87,24.27,-0.4,-1.6481,187404.11,444851.955,0.2738,0.5444,1.25,8.5577,9.4037,1.0351,0.5211,0.5102,5.4462,4.1894,962034.1455,684504.1455,344262.1339,22963755.0531,16339113.9531,26.7,21.84,1.4567
601601,中国太保,保险,上海,20071225,601601.SH,20221228,24.12,24.65,24.0,24.27,24.13,0.14,0.5802,234252.67,570360.426,0.3422,0.6804,1.91,8.7011,9.5612,1.0525,0.5299,0.5187,5.3564,4.1203,962034.1455,684504.1455,344262.1339,23348568.7113,16612915.6113,26.54,21.72,1.4567
601601,中国太保,保险,上海,20071225,601601.SH,20221227,23.84,24.23,23.62,24.13,23.48,0.65,2.7683,131219.02,314658.087,0.1917,0.3812,1.04,8.6509,9.5061,1.0464,0.5268,0.5157,5.3875,4.1442,962034.1455,684504.1455,344262.1339,23213883.9309,16517085.0309,25.83,21.13,1.4567
601601,中国太保,保险,上海,20071225,601601.SH,20221226,24.15,24.29,23.45,23.48,23.97,-0.49,-2.0442,168334.12,398569.21,0.2459,0.489,1.24,8.4179,9.25,1.0182,0.5126,0.5018,5.5366,4.2589,962034.1455,684504.1455,344262.1339,22588561.7363,16072157.3363,26.37,21.57,1.4567
601601,中国太保,保险,上海,20071225,601601.SH,20221223,23.69,24.19,23.61,23.97,23.95,0.02,0.0835,110600.81,265265.79,0.1616,0.3213,0.71,8.5936,9.4431,1.0395,0.5233,0.5123,5.4234,4.1719,962034.1455,684504.1455,344262.1339,23059958.4676,16407564.3676,26.35,21.56,1.4567
601601,中国太保,保险,上海,20071225,601601.SH,20221222,24.18,24.35,23.88,23.95,24.0,-0.05,-0.2083,104017.81,250839.172,0.152,0.3021,0.66,8.5864,9.4352,1.0386,0.5229,0.5119,5.428,4.1754,962034.1455,684504.1455,344262.1339,23040717.7847,16393874.2847,26.4,21.6,1.4567
601601,中国太保,保险,上海,20071225,601601.SH,20221221,23.92,24.16,23.7,24.0,23.85,0.15,0.6289,98314.89,235869.819,0.1436,0.2856,0.57,8.6043,9.4549,1.0408,0.524,0.5129,5.4167,4.1667,962034.1455,684504.1455,344262.1339,23088819.492,16428099.492,26.24,21.47,1.4567
601601,中国太保,保险,上海,20071225,601601.SH,20221220,23.89,24.15,23.67,23.85,24.01,-0.16,-0.6664,149142.01,355686.462,0.2179,0.4332,0.77,8.5505,9.3958,1.0343,0.5207,0.5097,5.4507,4.1929,962034.1455,684504.1455,344262.1339,22944514.3702,16325423.8702,26.41,21.61,1.4567
601601,中国太保,保险,上海,20071225,601601.SH,20221219,24.52,24.73,23.9,24.01,24.71,-0.7,-2.8329,217201.83,525442.109,0.3173,0.6309,0.95,8.6079,9.4588,1.0412,0.5242,0.5132,5.4144,4.1649,962034.1455,684504.1455,344262.1339,23098439.8335,16434944.5335,27.18,22.24,1.4567
601601,中国太保,保险,上海,20071225,601601.SH,20221216,24.05,24.71,24.01,24.71,24.18,0.53,2.1919,206524.91,504649.22,0.3017,0.5999,0.75,8.8589,9.7346,1.0716,0.5395,0.5281,5.261,4.0469,962034.1455,684504.1455,344262.1339,23771863.7353,16914097.4353,26.6,21.76,1.4567
601601,中国太保,保险,上海,20071225,601601.SH,20221215,24.43,24.69,24.1,24.18,24.53,-0.35,-1.4268,122348.14,296831.63,0.1787,0.3554,0.42,8.6688,9.5258,1.0486,0.5279,0.5168,4.9378,4.1356,962034.1455,684504.1455,344262.1339,23261985.6382,16551310.2382,26.98,22.08,1.4567
601601,中国太保,保险,上海,20071225,601601.SH,20221214,24.6,24.65,24.05,24.53,24.54,-0.01,-0.0407,169599.28,414131.303,0.2478,0.4926,0.54,8.7943,9.6637,1.0637,0.5356,0.5243,4.8673,4.0766,962034.1455,684504.1455,344262.1339,23598697.5891,16790886.6891,26.99,22.09,1.4567
601601,中国太保,保险,上海,20071225,601601.SH,20221213,24.17,24.7,24.1,24.54,24.04,0.5,2.0799,255592.81,624786.104,0.3734,0.7424,0.8,8.7979,9.6676,1.0642,0.5358,0.5245,4.8654,4.075,962034.1455,684504.1455,344262.1339,23608317.9306,16797731.7306,26.44,21.64,1.4567
601601,中国太保,保险,上海,20071225,601601.SH,20221212,25.2,25.2,23.98,24.04,25.28,-1.24,-4.9051,394464.21,962808.589,0.5763,1.1458,1.21,8.6187,9.4706,1.0425,0.5249,0.5138,4.9666,4.1597,962034.1455,684504.1455,344262.1339,23127300.8578,16455479.6578,27.81,22.75,1.4567
601601,中国太保,保险,上海,20071225,601601.SH,20221209,24.93,25.45,24.44,25.28,25.01,0.27,1.0796,428135.53,1071152.754,0.6255,1.2436,1.5,9.0632,9.9591,1.0963,0.5519,0.5403,4.7229,3.9557,962034.1455,684504.1455,344262.1339,24320223.1982,17304264.7982,27.51,22.51,1.4567
601601,中国太保,保险,上海,20071225,601601.SH,20221208,24.82,25.06,24.69,25.01,24.85,0.16,0.6439,200636.99,499489.312,0.2931,0.5828,0.66,8.9664,9.8528,1.0846,0.546,0.5345,4.7739,3.9984,962034.1455,684504.1455,344262.1339,24060473.979,17119448.679,27.34,22.37,1.4567
601601,中国太保,保险,上海,20071225,601601.SH,20221207,25.32,25.45,24.6,24.85,25.44,-0.59,-2.3192,280965.99,701459.416,0.4105,0.8161,0.87,8.9091,9.7897,1.0776,0.5425,0.5311,4.8047,4.0241,962034.1455,684504.1455,344262.1339,23906548.5157,17009928.0157,27.98,22.9,1.4567
601601,中国太保,保险,上海,20071225,601601.SH,20221206,25.05,25.51,24.8,25.44,25.34,0.1,0.3946,290221.79,732893.022,0.424,0.843,0.75,9.1206,10.0222,1.1032,0.5554,0.5437,4.6932,3.9308,962034.1455,684504.1455,344262.1339,24474148.6615,17413785.4615,27.87,22.81,1.4567
601601,中国太保,保险,上海,20071225,601601.SH,20221205,24.2,25.36,24.15,25.34,23.85,1.49,6.2474,431288.5,1076084.36,0.6301,1.2528,1.21,9.0847,9.9828,1.0989,0.5532,0.5416,4.7118,3.9463,962034.1455,684504.1455,344262.1339,24377945.247,17345335.047,26.24,21.47,1.4567
601601,中国太保,保险,上海,20071225,601601.SH,20221202,24.2,24.27,23.78,23.85,24.18,-0.33,-1.3648,223575.52,534623.555,0.3266,0.6494,0.59,8.5505,9.3958,1.0343,0.5207,0.5097,5.0061,4.1929,962034.1455,684504.1455,344262.1339,22944514.3702,16325423.8702,26.6,21.76,1.4567
601601,中国太保,保险,上海,20071225,601601.SH,20221201,24.7,24.74,24.0,24.18,24.34,-0.16,-0.6574,284427.8,691125.757,0.4155,0.8262,0.8,8.6688,9.5258,1.0486,0.5279,0.5168,4.9378,4.1356,962034.1455,684504.1455,344262.1339,23261985.6382,16551310.2382,26.77,21.91,1.4567
601601,中国太保,保险,上海,20071225,601601.SH,20221130,24.17,24.65,24.0,24.34,24.44,-0.1,-0.4092,380080.56,926017.622,0.5553,1.104,1.13,8.7262,9.5888,1.0555,0.5314,0.5202,4.9053,4.1085,962034.1455,684504.1455,344262.1339,23415911.1015,16660830.9015,26.88,22.0,1.4567
601601,中国太保,保险,上海,20071225,601601.SH,20221129,23.69,24.52,23.31,24.44,23.45,0.99,4.2217,610231.57,1477142.763,0.8915,1.7726,2.15,8.7621,9.6282,1.0598,0.5336,0.5223,4.8853,4.0917,962034.1455,684504.1455,344262.1339,23512114.516,16729281.316,25.8,21.11,1.4567
601601,中国太保,保险,上海,20071225,601601.SH,20221128,23.5,23.55,23.0,23.45,23.85,-0.4,-1.6771,277226.35,644692.755,0.405,0.8053,1.01,8.4071,9.2382,1.0169,0.512,0.5012,5.0915,4.2644,962034.1455,684504.1455,344262.1339,22559700.712,16051622.212,26.24,21.47,1.4567
601601,中国太保,保险,上海,20071225,601601.SH,20221125,23.16,23.99,22.8,23.85,22.96,0.89,3.8763,340092.92,805873.596,0.4968,0.9879,1.4,8.5505,9.3958,1.0343,0.5207,0.5097,5.0061,4.1929,962034.1455,684504.1455,344262.1339,22944514.3702,16325423.8702,25.26,20.66,1.4567
601601,中国太保,保险,上海,20071225,601601.SH,20221124,23.25,23.6,22.89,22.96,23.27,-0.31,-1.3322,168941.03,390050.046,0.2468,0.4907,0.67,8.2315,9.0452,0.9957,0.5013,0.4907,5.2002,4.3554,962034.1455,684504.1455,344262.1339,22088303.9807,15716215.1807,25.6,20.94,1.4567
601601,中国太保,保险,上海,20071225,601601.SH,20221123,23.4,23.86,23.08,23.27,23.52,-0.25,-1.0629,284069.59,666440.88,0.415,0.8252,1.18,8.3426,9.1673,1.0091,0.508,0.4973,5.1309,4.2974,962034.1455,684504.1455,344262.1339,22386534.5658,15928411.4658,25.87,21.17,1.4567
601601,中国太保,保险,上海,20071225,601601.SH,20221122,22.84,23.82,22.65,23.52,22.84,0.68,2.9772,347081.28,812238.033,0.5071,1.0082,1.5,8.4322,9.2658,1.0199,0.5135,0.5027,5.0764,4.2517,962034.1455,684504.1455,344262.1339,22627043.1022,16099537.5022,25.12,20.56,1.4567
601601,中国太保,保险,上海,20071225,601601.SH,20221121,22.85,22.94,22.31,22.84,22.95,-0.11,-0.4793,238341.96,539154.116,0.3482,0.6923,0.85,8.1884,8.9979,0.9905,0.4987,0.4881,5.2275,4.3783,962034.1455,684504.1455,344262.1339,21972859.8832,15634074.6832,25.25,20.66,1.4567
601601,中国太保,保险,上海,20071225,601601.SH,20221118,22.81,23.15,22.7,22.95,22.81,0.14,0.6138,180128.43,413359.761,0.2632,0.5232,0.58,8.2279,9.0412,0.9952,0.5011,0.4905,5.2024,4.3573,962034.1455,684504.1455,344262.1339,22078683.6392,15709370.1392,25.09,20.53,1.4567
601601,中国太保,保险,上海,20071225,601601.SH,20221117,22.37,22.84,22.23,22.81,22.3,0.51,2.287,216594.77,488636.385,0.3164,0.6292,0.74,8.1777,8.9861,0.9892,0.498,0.4875,5.2344,4.384,962034.1455,684504.1455,344262.1339,21943998.8589,15613539.5589,24.53,20.07,1.4567
601601,中国太保,保险,上海,20071225,601601.SH,20221116,22.75,22.76,22.19,22.3,22.76,-0.46,-2.0211,224819.82,503043.786,0.3284,0.653,0.78,7.9948,8.7852,0.967,0.4869,0.4766,5.3541,4.4843,962034.1455,684504.1455,344262.1339,21453361.4447,15264442.4447,25.04,20.48,1.4567
601601,中国太保,保险,上海,20071225,601601.SH,20221115,22.4,23.22,22.3,22.76,22.43,0.33,1.4712,298596.46,680460.242,0.4362,0.8674,1.17,8.1598,8.9664,0.987,0.4969,0.4864,5.2459,4.3937,962034.1455,684504.1455,344262.1339,21895897.1516,15579314.3516,24.67,20.19,1.4567
601601,中国太保,保险,上海,20071225,601601.SH,20221114,22.33,22.93,22.32,22.43,22.02,0.41,1.8619,484901.85,1098045.292,0.7084,1.4085,2.41,8.0414,8.8364,0.9727,0.4897,0.4794,5.3231,4.4583,962034.1455,684504.1455,344262.1339,21578425.8836,15353427.9836,24.22,19.82,1.4567
601601,中国太保,保险,上海,20071225,601601.SH,20221111,21.77,22.23,21.6,22.02,21.28,0.74,3.4774,321811.04,704579.496,0.4701,0.9348,1.55,7.8945,8.6749,0.9549,0.4808,0.4706,5.4222,4.5413,962034.1455,684504.1455,344262.1339,21183991.8839,15072781.2839,23.41,19.15,1.4567
601601,中国太保,保险,上海,20071225,601601.SH,20221110,21.07,21.39,20.98,21.28,21.08,0.2,0.9488,143227.62,303829.689,0.2092,0.416,0.67,7.6292,8.3833,0.9228,0.4646,0.4548,5.6107,4.6992,962034.1455,684504.1455,344262.1339,20472086.6162,14566248.2162,23.19,18.97,1.4567
601601,中国太保,保险,上海,20071225,601601.SH,20221109,21.6,21.63,21.02,21.08,21.61,-0.53,-2.4526,197057.09,417922.157,0.2879,0.5724,0.92,7.5575,8.3045,0.9141,0.4602,0.4505,5.6639,4.7438,962034.1455,684504.1455,344262.1339,20279679.7871,14429347.3871,23.77,19.45,1.4567
601601,中国太保,保险,上海,20071225,601601.SH,20221108,21.5,21.66,21.3,21.61,21.57,0.04,0.1854,134431.8,288550.131,0.1964,0.3905,0.45,7.7475,8.5133,0.9371,0.4718,0.4619,5.525,4.6275,962034.1455,684504.1455,344262.1339,20789557.8843,14792134.5843,23.73,19.41,1.4567
601601,中国太保,保险,上海,20071225,601601.SH,20221107,21.11,21.76,21.11,21.57,21.37,0.2,0.9359,210791.29,454061.809,0.3079,0.6123,0.61,7.7331,8.4976,0.9354,0.4709,0.461,5.5353,4.6361,962034.1455,684504.1455,344262.1339,20751076.5184,14764754.4184,23.51,19.23,1.4567
601601,中国太保,保险,上海,20071225,601601.SH,20221104,20.47,21.5,20.4,21.37,20.42,0.95,4.6523,352840.91,748054.14,0.5155,1.0249,1.08,7.6614,8.4188,0.9267,0.4666,0.4567,5.5871,4.6795,962034.1455,684504.1455,344262.1339,20558669.6893,14627853.5893,22.46,18.38,1.4567
601601,中国太保,保险,上海,20071225,601601.SH,20221103,20.5,20.5,20.15,20.42,20.57,-0.15,-0.7292,169264.35,344305.025,0.2473,0.4917,0.51,7.3208,8.0445,0.8855,0.4458,0.4364,5.847,4.8972,962034.1455,684504.1455,344262.1339,19644737.2511,13977574.6511,22.63,18.51,1.4567
601601,中国太保,保险,上海,20071225,601601.SH,20221102,20.45,20.66,20.35,20.57,20.64,-0.07,-0.3391,209210.09,429453.202,0.3056,0.6077,0.57,7.3746,8.1036,0.892,0.4491,0.4396,5.8044,4.8614,962034.1455,684504.1455,344262.1339,19789042.3729,14080250.2729,22.7,18.58,1.4567
601601,中国太保,保险,上海,20071225,601601.SH,20221101,19.03,20.64,19.02,20.64,19.03,1.61,8.4603,553935.11,1115443.746,0.8093,1.6091,1.81,7.3997,8.1312,0.8951,0.4506,0.4411,5.7847,4.845,962034.1455,684504.1455,344262.1339,19856384.7631,14128165.5631,20.93,17.13,1.4567
601601,中国太保,保险,上海,20071225,601601.SH,20221031,18.05,19.12,17.92,19.03,18.01,1.02,5.6635,435525.9,815021.008,0.6363,1.2651,1.46,6.8225,7.4969,0.8252,0.4155,0.4067,6.2741,5.2549,962034.1455,684504.1455,344262.1339,18307509.7889,13026113.8889,19.81,16.21,1.4567
601601,中国太保,保险,上海,20071225,601601.SH,20221028,18.52,18.61,18.0,18.01,18.57,-0.56,-3.0156,258291.21,471665.339,0.3773,0.7503,0.94,6.4568,7.5889,0.7644,0.3932,0.3909,6.6294,5.5525,962034.1455,684504.1455,344262.1339,17326234.9605,12327919.6605,20.43,16.71,1.4567
601601,中国太保,保险,上海,20071225,601601.SH,20221027,18.52,18.7,18.36,18.57,18.62,-0.05,-0.2685,194868.76,362462.442,0.2847,0.566,0.73,6.6576,7.8249,0.7881,0.4054,0.403,6.4295,5.385,962034.1455,684504.1455,344262.1339,17864974.0819,12711241.9819,20.48,16.76,1.4567
601601,中国太保,保险,上海,20071225,601601.SH,20221026,18.63,18.76,18.29,18.62,18.65,-0.03,-0.1609,383303.33,711092.541,0.56,1.1134,1.79,6.6755,7.8459,0.7903,0.4065,0.4041,6.4122,5.3706,962034.1455,684504.1455,344262.1339,17913075.7892,12745467.1892,20.52,16.79,1.4567
601601,中国太保,保险,上海,20071225,601601.SH,20221025,18.82,18.95,18.45,18.65,18.8,-0.15,-0.7979,262446.85,488670.541,0.3834,0.7623,1.41,6.6863,7.8586,0.7915,0.4072,0.4048,6.4019,5.3619,962034.1455,684504.1455,344262.1339,17941936.8136,12766002.3136,20.68,16.92,1.4567
601601,中国太保,保险,上海,20071225,601601.SH,20221024,19.9,19.95,18.8,18.8,19.87,-1.07,-5.385,391115.0,752145.765,0.5714,1.1361,3.04,6.74,7.9218,0.7979,0.4105,0.408,6.3509,5.3191,962034.1455,684504.1455,344262.1339,18086241.9354,12868677.9354,21.86,17.88,1.4567
601601,中国太保,保险,上海,20071225,601601.SH,20221021,20.09,20.27,19.85,19.87,20.0,-0.13,-0.65,143081.24,286018.546,0.209,0.4156,1.07,7.1237,8.3727,0.8433,0.4338,0.4313,6.0089,5.0327,962034.1455,684504.1455,344262.1339,19115618.4711,13601097.3711,22.0,18.0,1.4567
601601,中国太保,保险,上海,20071225,601601.SH,20221020,20.15,20.29,20.0,20.0,20.15,-0.15,-0.7444,146907.08,295295.42,0.2146,0.4267,1.1,7.1703,8.4274,0.8488,0.4367,0.4341,5.9698,5.0,962034.1455,684504.1455,344262.1339,19240682.91,13690082.91,22.17,18.14,1.4567
601601,中国太保,保险,上海,20071225,601601.SH,20221019,20.5,20.74,20.15,20.15,20.49,-0.34,-1.6593,127042.66,258870.634,0.1856,0.369,0.83,7.224,8.4906,0.8552,0.4399,0.4373,5.9254,4.9628,962034.1455,684504.1455,344262.1339,19384988.0318,13792758.5318,22.54,18.44,1.4567
601601,中国太保,保险,上海,20071225,601601.SH,20221018,20.93,20.97,20.44,20.49,20.79,-0.3,-1.443,119696.31,246845.628,0.1749,0.3477,0.72,7.3459,8.6339,0.8696,0.4473,0.4447,5.827,4.8804,962034.1455,684504.1455,344262.1339,19712079.6413,14025489.9413,22.87,18.71,1.4567
601601,中国太保,保险,上海,20071225,601601.SH,20221017,20.7,20.95,20.7,20.79,20.8,-0.01,-0.0481,105822.67,220162.705,0.1546,0.3074,0.6,7.4535,8.7603,0.8824,0.4539,0.4512,5.743,4.81,962034.1455,684504.1455,344262.1339,20000689.8849,14230841.1849,22.88,18.72,1.4567
601601,中国太保,保险,上海,20071225,601601.SH,20221014,20.87,21.1,20.7,20.8,20.69,0.11,0.5317,170722.04,357464.451,0.2494,0.493,0.94,7.4571,8.7645,0.8828,0.4541,0.4515,5.7402,4.8077,962034.1455,684504.1455,346281.9856,20010310.2264,14237686.2264,22.76,18.62,1.4567
601601,中国太保,保险,上海,20071225,601601.SH,20221013,20.6,20.74,20.45,20.69,20.71,-0.02,-0.0966,145737.5,300181.019,0.2129,0.4209,0.81,7.4176,8.7182,0.8781,0.4517,0.4491,5.7707,4.8333,962034.1455,684504.1455,346281.9856,19904486.4704,14162390.7704,22.78,18.64,1.4567
601601,中国太保,保险,上海,20071225,601601.SH,20221012,19.82,20.71,19.82,20.71,19.86,0.85,4.28,222121.18,450865.879,0.3245,0.6414,1.34,7.4248,8.7266,0.879,0.4522,0.4495,5.7651,4.8286,962034.1455,684504.1455,346281.9856,19923727.1533,14176080.8533,21.85,17.87,1.4567
601601,中国太保,保险,上海,20071225,601601.SH,20221011,20.13,20.37,19.81,19.86,20.11,-0.25,-1.2432,188321.27,375454.456,0.2751,0.5438,1.24,7.1201,8.3684,0.8429,0.4336,0.431,6.0119,5.0352,962034.1455,684504.1455,346281.9856,19105998.1296,13594252.3296,22.12,18.1,1.4567
601601,中国太保,保险,上海,20071225,601601.SH,20221010,20.21,20.5,20.09,20.11,20.33,-0.22,-1.0821,152039.07,308050.827,0.2221,0.4391,0.98,7.2097,8.4738,0.8535,0.4391,0.4365,5.9371,4.9727,962034.1455,684504.1455,346281.9856,19346506.666,13765378.366,22.36,18.3,1.4567
601601,中国太保,保险,上海,20071225,601601.SH,20220930,19.83,20.45,19.83,20.33,19.81,0.52,2.6249,195189.41,395419.225,0.2852,0.5637,1.3,7.2886,8.5665,0.8628,0.4439,0.4412,5.8729,4.9188,962034.1455,684504.1455,346281.9856,19558154.178,13915969.278,21.79,17.83,1.4567
601601,中国太保,保险,上海,20071225,601601.SH,20220929,20.23,20.28,19.78,19.81,20.08,-0.27,-1.3446,144782.05,289247.065,0.2115,0.4181,1.05,7.1021,8.3474,0.8408,0.4325,0.43,6.0271,5.048,962034.1455,684504.1455,346281.9856,19057896.4224,13560027.1224,22.09,18.07,1.4567
601601,中国太保,保险,上海,20071225,601601.SH,20220928,20.06,20.34,19.9,20.08,20.03,0.05,0.2496,148398.07,298950.476,0.2168,0.4285,1.13,7.1989,8.4611,0.8522,0.4384,0.4358,5.946,4.9801,962034.1455,684504.1455,346281.9856,19317645.6416,13744843.2416,22.03,18.03,1.4567
601601,中国太保,保险,上海,20071225,601601.SH,20220927,19.85,20.1,19.85,20.03,19.9,0.13,0.6533,116830.37,233288.157,0.1707,0.3374,0.86,7.181,8.4401,0.8501,0.4373,0.4347,5.9609,4.9925,962034.1455,684504.1455,346281.9856,19269543.9344,13710618.0344,21.89,17.91,1.4567
601601,中国太保,保险,上海,20071225,601601.SH,20220926,20.3,20.36,19.9,19.9,20.39,-0.49,-2.4031,167588.5,336347.524,0.2448,0.484,1.2,7.1344,8.3853,0.8446,0.4345,0.4319,5.9998,5.0251,962034.1455,684504.1455,346281.9856,19144479.4955,13621632.4955,22.43,18.35,1.4567
601601,中国太保,保险,上海,20071225,601601.SH,20220923,20.27,20.69,20.15,20.39,20.26,0.13,0.6417,175893.73,359350.526,0.257,0.5079,0.95,7.3101,8.5918,0.8654,0.4452,0.4426,5.8556,4.9044,962034.1455,684504.1455,346281.9856,19615876.2267,13957039.5267,22.29,18.23,1.4567
601601,中国太保,保险,上海,20071225,601601.SH,20220922,20.17,20.33,20.08,20.26,20.25,0.01,0.0494,81366.01,164455.933,0.1189,0.235,0.39,7.2635,8.537,0.8599,0.4423,0.4397,5.8932,4.9358,962034.1455,684504.1455,346281.9856,19490811.7878,13868053.9878,22.28,18.23,1.4567
601601,中国太保,保险,上海,20071225,601601.SH,20220921,20.08,20.36,19.97,20.25,20.1,0.15,0.7463,115996.39,234230.63,0.1695,0.335,0.54,7.2599,8.5328,0.8594,0.4421,0.4395,5.8961,4.9383,962034.1455,684504.1455,346281.9856,19481191.4464,13861208.9464,22.11,18.09,1.4567
601601,中国太保,保险,上海,20071225,601601.SH,20220920,20.56,20.57,20.06,20.1,20.42,-0.32,-1.5671,138805.49,280572.692,0.2028,0.4008,0.59,7.2061,8.4696,0.8531,0.4388,0.4363,5.9401,4.9751,962034.1455,684504.1455,346281.9856,19336886.3246,13758533.3246,22.46,18.38,1.4567
601601,中国太保,保险,上海,20071225,601601.SH,20220919,20.81,20.98,20.3,20.42,20.88,-0.46,-2.2031,189051.59,387756.454,0.2762,0.5459,0.74,7.3208,8.6044,0.8667,0.4458,0.4432,5.847,4.8972,962034.1455,684504.1455,346281.9856,19644737.2511,13977574.6511,22.97,18.79,1.4567
601601,中国太保,保险,上海,20071225,601601.SH,20220916,21.21,21.35,20.68,20.88,21.31,-0.43,-2.0178,397199.45,829328.92,0.5803,1.147,1.95,7.4858,8.7982,0.8862,0.4559,0.4532,5.7182,4.7893,962034.1455,684504.1455,346281.9856,20087272.958,14292446.558,23.44,19.18,1.4567
601601,中国太保,保险,上海,20071225,601601.SH,20220915,21.26,21.58,21.15,21.31,21.26,0.05,0.2352,204708.56,437452.159,0.2991,0.5912,1.08,7.6399,8.9794,0.9044,0.4653,0.4625,5.6028,4.6926,962034.1455,684504.1455,346281.9856,20500947.6406,14586783.3406,23.39,19.13,1.4567
601601,中国太保,保险,上海,20071225,601601.SH,20220914,21.27,21.67,21.18,21.26,21.52,-0.26,-1.2082,141691.56,302002.271,0.207,0.4092,0.68,7.622,8.9584,0.9023,0.4642,0.4614,5.616,4.7037,962034.1455,684504.1455,346281.9856,20452845.9333,14552558.1333,23.67,19.37,1.4567
601601,中国太保,保险,上海,20071225,601601.SH,20220913,21.31,21.85,21.23,21.52,21.47,0.05,0.2329,252008.28,543073.223,0.3682,0.7278,1.28,7.7152,9.0679,0.9133,0.4698,0.4671,5.5481,4.6468,962034.1455,684504.1455,346281.9856,20702974.8112,14730529.2112,23.62,19.32,1.4567
601601,中国太保,保险,上海,20071225,601601.SH,20220909,21.05,21.53,20.94,21.47,20.95,0.52,2.4821,280469.06,599665.19,0.4097,0.8099,1.53,7.6973,9.0469,0.9112,0.4687,0.466,5.5611,4.6577,962034.1455,684504.1455,346281.9856,20654873.1039,14696304.0039,23.05,18.86,1.4567
601601,中国太保,保险,上海,20071225,601601.SH,20220908,21.02,21.21,20.92,20.95,20.98,-0.03,-0.143,142025.96,298867.946,0.2075,0.4101,0.72,7.5109,8.8277,0.8892,0.4574,0.4547,5.6991,4.7733,962034.1455,684504.1455,346281.9856,20154615.3482,14340361.8482,23.08,18.88,1.4567
601601,中国太保,保险,上海,20071225,601601.SH,20220907,21.06,21.08,20.78,20.98,21.08,-0.1,-0.4744,135342.89,283068.418,0.1977,0.3908,0.54,7.5216,8.8404,0.8904,0.458,0.4554,5.6909,4.7664,962034.1455,684504.1455,346281.9856,20183476.3726,14360896.9726,23.19,18.97,1.4567
601601,中国太保,保险,上海,20071225,601601.SH,20220906,20.97,21.21,20.82,21.08,20.9,0.18,0.8612,233095.47,490269.701,0.3405,0.6731,0.91,7.5575,8.8825,0.8947,0.4602,0.4575,5.6639,4.7438,962034.1455,684504.1455,346281.9856,20279679.7871,14429347.3871,22.99,18.81,1.4567
601601,中国太保,保险,上海,20071225,601601.SH,20220905,20.69,20.94,20.43,20.9,20.75,0.15,0.7229,196802.79,407239.492,0.2875,0.5683,0.76,7.4929,8.8067,0.887,0.4563,0.4536,5.7127,4.7847,962034.1455,684504.1455,346281.9856,20106513.641,14306136.641,22.83,18.68,1.4567
601601,中国太保,保险,上海,20071225,601601.SH,20220902,20.88,21.2,20.67,20.75,20.82,-0.07,-0.3362,206844.36,430635.344,0.3022,0.5973,0.81,7.4391,8.7435,0.8807,0.453,0.4504,5.754,4.8193,962034.1455,684504.1455,346281.9856,19962208.5191,14203461.0191,22.9,18.74,1.4567
601601,中国太保,保险,上海,20071225,601601.SH,20220901,20.8,21.1,20.75,20.82,20.97,-0.15,-0.7153,220135.02,461078.342,0.3216,0.6357,0.82,7.4642,8.773,0.8836,0.4546,0.4519,5.7347,4.8031,962034.1455,684504.1455,346281.9856,20029550.9093,14251376.3093,23.07,18.87,1.4567
601601,中国太保,保险,上海,20071225,601601.SH,20220831,20.4,21.08,20.36,20.97,20.47,0.5,2.4426,389615.08,812411.149,0.5692,1.1251,1.52,7.518,8.8362,0.89,0.4578,0.4551,5.6937,4.7687,962034.1455,684504.1455,346281.9856,20173856.0311,14354051.9311,22.52,18.42,1.4567
601601,中国太保,保险,上海,20071225,601601.SH,20220830,20.15,20.56,20.13,20.47,20.17,0.3,1.4874,272877.76,557188.808,0.3987,0.788,1.16,7.3388,8.6255,0.8688,0.4469,0.4443,5.8327,4.8852,962034.1455,684504.1455,346281.9856,19692838.9584,14011799.8584,22.19,18.15,1.4567
601601,中国太保,保险,上海,20071225,601601.SH,20220829,20.09,20.24,19.92,20.17,20.29,-0.12,-0.5914,201448.02,404128.772,0.2943,0.5817,0.9,7.2312,8.4991,0.9158,0.4404,0.4378,5.9195,4.9579,962034.1455,684504.1455,346281.9856,19404228.7147,13806448.6147,22.32,18.26,1.4567
601601,中国太保,保险,上海,20071225,601601.SH,20220826,20.27,20.39,20.05,20.29,20.27,0.02,0.0987,193641.79,391942.508,0.2829,0.5551,0.89,7.2742,8.2278,0.9212,0.443,0.4478,5.8845,4.9285,962034.1455,684504.1455,348842.0088,19519672.8122,13888589.1122,22.3,18.24,1.4567
601601,中国太保,保险,上海,20071225,601601.SH,20220825,19.74,20.39,19.73,20.27,19.71,0.56,2.8412,280109.28,562522.764,0.4092,0.803,1.5,7.2671,8.2197,0.9203,0.4425,0.4473,5.8903,4.9334,962034.1455,684504.1455,348842.0088,19500432.1293,13874899.0293,21.68,17.74,1.4567
601601,中国太保,保险,上海,20071225,601601.SH,20220824,19.73,20.25,19.68,19.71,19.62,0.09,0.4587,336429.77,673033.813,0.4915,0.9644,2.1,7.0663,7.9926,0.8949,0.4303,0.435,6.0576,5.0736,962034.1455,684504.1455,348842.0088,18961693.0078,13491576.7078,21.58,17.66,1.4567
601601,中国太保,保险,上海,20071225,601601.SH,20220823,19.74,19.87,19.52,19.62,19.8,-0.18,-0.9091,168329.68,330702.82,0.2459,0.4825,1.12,7.034,7.9561,0.8908,0.4284,0.433,6.0854,5.0968,962034.1455,684504.1455,348842.0088,18875109.9347,13429971.3347,21.78,17.82,1.4567
601601,中国太保,保险,上海,20071225,601601.SH,20220822,19.85,20.04,19.77,19.8,19.89,-0.09,-0.4525,143999.14,286419.743,0.2104,0.4128,0.96,7.0986,8.0291,0.899,0.4323,0.437,6.0301,5.0505,962034.1455,684504.1455,348842.0088,19048276.0809,13553182.0809,21.88,17.9,1.4567
601601,中国太保,保险,上海,20071225,601601.SH,20220819,19.81,20.18,19.81,19.89,19.89,0.0,0.0,163744.08,327768.901,0.2392,0.4694,1.07,7.1308,8.0656,0.9031,0.4342,0.4389,6.0028,5.0277,962034.1455,684504.1455,348842.0088,19134859.154,13614787.454,21.88,17.9,1.4567
601601,中国太保,保险,上海,20071225,601601.SH,20220818,20.03,20.1,19.81,19.89,20.08,-0.19,-0.9462,122504.61,243891.812,0.179,0.3512,0.65,7.1308,8.0656,0.9031,0.4342,0.4389,6.0028,5.0277,962034.1455,684504.1455,348842.0088,19134859.154,13614787.454,22.09,18.07,1.4567
601601,中国太保,保险,上海,20071225,601601.SH,20220817,19.9,20.2,19.74,20.08,19.86,0.22,1.1078,203258.56,407067.075,0.2969,0.5827,1.21,7.1989,8.1427,0.9117,0.4384,0.4431,5.946,4.9801,962034.1455,684504.1455,348842.0088,19317645.6416,13744843.2416,21.85,17.87,1.4567
601601,中国太保,保险,上海,20071225,601601.SH,20220816,20.05,20.15,19.84,19.86,19.98,-0.12,-0.6006,115629.68,230992.831,0.1689,0.3315,0.69,7.1201,8.0534,0.9017,0.4336,0.4383,6.0119,5.0352,962034.1455,684504.1455,348842.0088,19105998.1296,13594252.3296,21.98,17.98,1.4567
601601,中国太保,保险,上海,20071225,601601.SH,20220815,20.08,20.28,19.9,19.98,20.11,-0.13,-0.6464,148567.64,298009.034,0.217,0.4259,0.9,7.1631,8.1021,0.9072,0.4362,0.4409,5.9758,5.005,962034.1455,684504.1455,348842.0088,19221442.2271,13676392.8271,22.12,18.1,1.4567
601601,中国太保,保险,上海,20071225,601601.SH,20220812,19.91,20.24,19.8,20.11,20.02,0.09,0.4496,172104.81,344908.157,0.2514,0.4934,1.06,7.2097,8.1548,0.9131,0.4391,0.4438,5.9371,4.9727,962034.1455,684504.1455,348842.0088,19346506.666,13765378.366,22.02,18.02,1.4567
601601,中国太保,保险,上海,20071225,601601.SH,20220811,19.55,20.15,19.45,20.02,19.39,0.63,3.2491,303710.59,603586.89,0.4437,0.8706,2.24,7.1774,8.1183,0.909,0.4371,0.4418,5.9638,4.995,962034.1455,684504.1455,348842.0088,19259923.5929,13703772.9929,21.33,17.45,1.4567
601601,中国太保,保险,上海,20071225,601601.SH,20220810,19.56,19.62,19.3,19.39,19.56,-0.17,-0.8691,99880.23,193910.779,0.1459,0.2863,0.62,6.9516,7.8629,0.8804,0.4233,0.4279,6.1576,5.1573,962034.1455,684504.1455,348842.0088,18653842.0812,13272535.3812,21.52,17.6,1.4567
601601,中国太保,保险,上海,20071225,601601.SH,20220809,19.55,19.65,19.48,19.56,19.56,0.0,0.0,114826.71,224738.116,0.1678,0.3292,0.59,7.0125,7.9318,0.8881,0.427,0.4317,6.1041,5.1125,962034.1455,684504.1455,348842.0088,18817387.886,13388901.086,21.52,17.6,1.4567
601601,中国太保,保险,上海,20071225,601601.SH,20220808,19.65,19.81,19.49,19.56,19.69,-0.13,-0.6602,131460.86,257658.277,0.1921,0.3768,0.63,7.0125,7.9318,0.8881,0.427,0.4317,6.1041,5.1125,962034.1455,684504.1455,348842.0088,18817387.886,13388901.086,21.66,17.72,1.4567
601601,中国太保,保险,上海,20071225,601601.SH,20220805,19.4,19.74,19.34,19.69,19.39,0.3,1.5472,162006.1,316128.101,0.2367,0.4644,0.73,7.0591,7.9845,0.894,0.4299,0.4345,6.0638,5.0787,962034.1455,684504.1455,348842.0088,18942452.3249,13477886.6249,21.33,17.45,1.4567
601601,中国太保,保险,上海,20071225,601601.SH,20220804,19.33,19.43,19.25,19.39,19.2,0.19,0.9896,169223.68,327471.485,0.2472,0.4851,0.77,6.9516,7.8629,0.8804,0.4233,0.4279,6.1576,5.1573,962034.1455,684504.1455,348842.0088,18653842.0812,13272535.3812,21.12,17.28,1.4567
601601,中国太保,保险,上海,20071225,601601.SH,20220803,19.55,19.7,19.17,19.2,19.49,-0.29,-1.4879,231308.36,448211.093,0.3379,0.6631,1.15,6.8835,7.7858,0.8717,0.4192,0.4237,6.2185,5.2083,962034.1455,684504.1455,348842.0088,18471055.5936,13142479.5936,21.44,17.54,1.4567
601601,中国太保,保险,上海,20071225,601601.SH,20220802,19.8,19.81,19.24,19.49,19.91,-0.42,-2.1095,275974.34,536988.691,0.4032,0.7911,1.63,6.9874,7.9034,0.8849,0.4255,0.4301,6.126,5.1308,962034.1455,684504.1455,348842.0088,18750045.4958,13340985.7958,21.9,17.92,1.4567
601601,中国太保,保险,上海,20071225,601601.SH,20220801,20.11,20.15,19.87,19.91,20.19,-0.28,-1.3868,205353.75,409941.521,0.3,0.5887,1.4,7.138,8.0737,0.904,0.4347,0.4394,5.9968,5.0226,962034.1455,684504.1455,348842.0088,19154099.8369,13628477.5369,22.21,18.17,1.4567
601601,中国太保,保险,上海,20071225,601601.SH,20220729,20.59,20.75,20.12,20.19,20.53,-0.34,-1.6561,228899.85,465941.394,0.3344,0.6562,1.74,7.2384,8.1873,0.9167,0.4408,0.4456,5.9136,4.9529,962034.1455,684504.1455,348842.0088,19423469.3976,13820138.6976,22.58,18.48,1.4567
601601,中国太保,保险,上海,20071225,601601.SH,20220728,20.61,20.88,20.53,20.53,20.54,-0.01,-0.0487,160337.02,331621.836,0.2342,0.4596,1.28,7.3603,8.3251,0.9321,0.4482,0.4531,5.8157,4.8709,962034.1455,684504.1455,348842.0088,19750561.0071,14052870.1071,22.59,18.49,1.4567
601601,中国太保,保险,上海,20071225,601601.SH,20220727,20.67,20.8,20.49,20.54,20.81,-0.27,-1.2975,132330.84,272710.149,0.1933,0.3793,1.08,7.3639,8.3292,0.9326,0.4484,0.4533,5.8129,4.8685,962034.1455,684504.1455,348842.0088,19760181.3486,14059715.1486,22.89,18.73,1.4567
601601,中国太保,保险,上海,20071225,601601.SH,20220726,20.74,20.88,20.71,20.81,20.69,0.12,0.58,118076.41,245682.624,0.1725,0.3385,0.94,7.4607,8.4387,0.9448,0.4543,0.4592,5.7374,4.8054,962034.1455,684504.1455,348842.0088,20019930.5679,14244531.2679,22.76,18.62,1.4567
601601,中国太保,保险,上海,20071225,601601.SH,20220725,20.71,20.82,20.59,20.69,20.76,-0.07,-0.3372,91865.2,190043.996,0.1342,0.2633,0.64,7.4176,8.39,0.9394,0.4517,0.4566,5.7707,4.8333,962034.1455,684504.1455,348842.0088,19904486.4704,14162390.7704,22.84,18.68,1.4567
601601,中国太保,保险,上海,20071225,601601.SH,20220722,20.68,21.03,20.56,20.76,20.68,0.08,0.3868,154616.14,321288.627,0.2259,0.4432,0.94,7.4427,8.4184,0.9426,0.4532,0.4581,5.7513,4.817,962034.1455,684504.1455,348842.0088,19971828.8606,14210306.0606,22.75,18.61,1.4567
601601,中国太保,保险,上海,20071225,601601.SH,20220721,20.94,21.0,20.6,20.68,21.01,-0.33,-1.5707,128629.7,267345.029,0.1879,0.3687,0.66,7.4141,8.386,0.9389,0.4515,0.4564,5.7735,4.8356,962034.1455,684504.1455,348842.0088,19894866.1289,14155545.7289,23.11,18.91,1.4567
601601,中国太保,保险,上海,20071225,601601.SH,20220720,21.08,21.18,20.96,21.01,20.98,0.03,0.143,121276.9,255284.709,0.1772,0.3477,0.58,7.5324,8.5198,0.9539,0.4587,0.4637,5.6828,4.7596,962034.1455,684504.1455,348842.0088,20212337.397,14381432.097,23.08,18.88,1.4567
601601,中国太保,保险,上海,20071225,601601.SH,20220719,20.9,21.03,20.77,20.98,20.9,0.08,0.3828,134617.69,281296.307,0.1967,0.3859,0.62,7.5216,8.5076,0.9526,0.458,0.463,5.6909,4.7664,962034.1455,684504.1455,348842.0088,20183476.3726,14360896.9726,22.99,18.81,1.4567
601601,中国太保,保险,上海,20071225,601601.SH,20220718,20.61,20.93,20.58,20.9,20.53,0.37,1.8022,174813.92,363220.101,0.2554,0.5011,0.81,7.4929,8.4752,0.9489,0.4563,0.4612,5.7127,4.7847,962034.1455,684504.1455,348842.0088,20106513.641,14306136.641,22.58,18.48,1.4567
601601,中国太保,保险,上海,20071225,601601.SH,20220715,21.08,21.27,20.53,20.53,21.13,-0.6,-2.8396,260138.74,542210.037,0.38,0.7457,1.25,7.3603,8.3251,0.9321,0.4482,0.4531,5.8157,4.8709,962034.1455,684504.1455,348842.0088,19750561.0071,14052870.1071,23.24,19.02,1.4567
601601,中国太保,保险,上海,20071225,601601.SH,20220714,21.55,21.58,20.95,21.13,21.48,-0.35,-1.6294,283149.85,598498.47,0.4137,0.8117,1.51,7.5754,8.5684,0.9594,0.4613,0.4663,5.6505,4.7326,962034.1455,684504.1455,348842.0088,20327781.4944,14463572.5944,23.63,19.33,1.4567
601601,中国太保,保险,上海,20071225,601601.SH,20220713,21.8,21.95,21.41,21.48,21.85,-0.37,-1.6934,197861.61,428063.272,0.2891,0.5672,1.01,7.7009,8.7104,0.9753,0.469,0.474,5.5585,4.6555,962034.1455,684504.1455,348842.0088,20664493.4453,14703149.0453,24.04,19.67,1.4567
601601,中国太保,保险,上海,20071225,601601.SH,20220712,21.71,22.05,21.71,21.85,21.7,0.15,0.6912,178282.35,390029.451,0.2605,0.5111,0.79,7.8335,8.8604,0.9921,0.477,0.4822,5.4644,4.5767,962034.1455,684504.1455,348842.0088,21020446.0792,14956415.5792,23.87,19.53,1.4567
601601,中国太保,保险,上海,20071225,601601.SH,20220711,21.99,21.99,21.57,21.7,21.88,-0.18,-0.8227,162153.23,352630.981,0.2369,0.4648,0.68,7.7797,8.7996,0.9853,0.4738,0.4789,5.5021,4.6083,962034.1455,684504.1455,348842.0088,20876140.9574,14853739.9574,24.07,19.69,1.4567
601601,中国太保,保险,上海,20071225,601601.SH,20220708,23.14,23.31,22.86,22.88,23.0,-0.12,-0.5217,222380.72,511556.609,0.3249,0.6375,0.98,8.2028,9.2781,0.9937,0.4995,0.5049,5.2184,,962034.1455,684504.1455,348842.0088,22011341.249,15661454.849,25.3,20.7,1.393
601601,中国太保,保险,上海,20071225,601601.SH,20220707,23.1,23.25,22.95,23.0,23.15,-0.15,-0.6479,180017.02,414998.055,0.263,0.516,0.76,8.2458,9.3268,0.9989,0.5021,0.5076,5.1911,,962034.1455,684504.1455,348842.0088,22126785.3465,15743595.3465,25.47,20.84,1.393
601601,中国太保,保险,上海,20071225,601601.SH,20220706,23.37,23.43,22.93,23.15,23.37,-0.22,-0.9414,236543.61,547027.762,0.3456,0.6781,1.0,8.2996,9.3876,1.0054,0.5054,0.5109,5.1575,,962034.1455,684504.1455,348842.0088,22271090.4683,15846270.9683,25.71,21.03,1.393
601601,中国太保,保险,上海,20071225,601601.SH,20220705,23.31,23.85,23.18,23.37,23.35,0.02,0.0857,321861.07,757356.121,0.4702,0.9227,1.45,8.3785,9.4768,1.015,0.5102,0.5157,5.1089,,962034.1455,684504.1455,348842.0088,22482737.9803,15996861.8803,25.69,21.02,1.393
601601,中国太保,保险,上海,20071225,601601.SH,20220704,23.45,23.55,23.03,23.35,23.46,-0.11,-0.4689,223247.9,518634.86,0.3261,0.64,0.96,8.3713,9.4687,1.0141,0.5098,0.5153,5.1133,,962034.1455,684504.1455,348842.0088,22463497.2974,15983171.7974,25.81,21.11,1.393
601601,中国太保,保险,上海,20071225,601601.SH,20220701,23.65,23.88,23.36,23.46,23.53,-0.07,-0.2975,167348.78,393965.88,0.2445,0.4797,0.61,8.4107,9.5133,1.0189,0.5122,0.5177,5.0893,,962034.1455,684504.1455,348842.0088,22569321.0534,16058467.2534,25.88,21.18,1.393
601601,中国太保,保险,上海,20071225,601601.SH,20220630,23.35,23.78,23.26,23.53,23.33,0.2,0.8573,229975.53,541769.733,0.336,0.6593,0.76,8.4358,9.5417,1.0219,0.5137,0.5193,5.0742,,962034.1455,684504.1455,348842.0088,22636663.4436,16106382.5436,25.66,21.0,1.393
601601,中国太保,保险,上海,20071225,601601.SH,20220629,23.3,23.74,23.26,23.33,23.38,-0.05,-0.2139,242492.63,569056.096,0.3543,0.6951,0.75,8.3641,9.4606,1.0133,0.5094,0.5149,5.1177,5.1177,962034.1455,684504.1455,348842.0088,22444256.6145,15969481.7145,25.72,21.04,1.393
601601,中国太保,保险,上海,20071225,601601.SH,20220628,23.48,23.5,23.12,23.38,23.55,-0.17,-0.7219,246837.54,574868.972,0.3606,0.7076,0.68,8.382,9.4808,1.0154,0.5104,0.516,5.1068,5.1068,962034.1455,684504.1455,348842.0088,22492358.3218,16003706.9218,25.91,21.2,1.393
601601,中国太保,保险,上海,20071225,601601.SH,20220627,23.6,23.8,23.33,23.55,23.44,0.11,0.4693,270840.36,637967.181,0.3957,0.7764,0.72,8.443,9.5498,1.0228,0.5142,0.5197,5.0699,5.0699,962034.1455,684504.1455,348842.0088,22655904.1265,16120072.6265,25.78,21.1,1.393
601601,中国太保,保险,上海,20071225,601601.SH,20220624,23.74,23.97,23.33,23.44,23.76,-0.32,-1.3468,373710.52,881872.261,0.546,1.0713,1.01,8.4035,9.5052,1.018,0.5118,0.5173,5.0937,5.0937,962034.1455,684504.1455,348842.0088,22550080.3705,16044777.1705,26.14,21.38,1.393
601601,中国太保,保险,上海,20071225,601601.SH,20220623,23.3,23.88,23.23,23.76,23.23,0.53,2.2815,369655.44,872652.57,0.54,1.0597,0.92,8.5183,9.6349,1.0319,0.5187,0.5243,5.0251,5.0251,962034.1455,684504.1455,348842.0088,22857931.2971,16263818.4971,25.55,20.91,1.393
601601,中国太保,保险,上海,20071225,601601.SH,20220622,23.3,23.7,23.15,23.23,23.38,-0.15,-0.6416,356380.09,834072.213,0.5206,1.0216,0.66,8.3283,9.42,1.0089,0.5072,0.5126,5.1397,5.1397,962034.1455,684504.1455,348842.0088,22348053.2,15901031.3,25.72,21.04,1.393
601601,中国太保,保险,上海,20071225,601601.SH,20220621,23.03,24.09,22.93,23.38,23.03,0.35,1.5198,449936.83,1061051.711,0.6573,1.2898,0.87,8.382,9.4808,1.0154,0.5104,0.516,5.1068,5.1068,962034.1455,684504.1455,348842.0088,22492358.3218,16003706.9218,25.33,20.73,1.393
601601,中国太保,保险,上海,20071225,601601.SH,20220620,22.88,23.48,22.72,23.03,22.89,0.14,0.6116,329372.76,759474.626,0.4812,0.9442,0.65,8.2566,9.3389,1.0002,0.5028,0.5082,5.1844,5.1844,962034.1455,684504.1455,348842.0088,22155646.3709,15764130.4709,25.18,20.6,1.393
601601,中国太保,保险,上海,20071225,601601.SH,20220617,22.44,23.13,22.3,22.89,22.56,0.33,1.4628,338244.99,770311.753,0.4941,0.9696,0.67,8.2064,9.2821,0.9941,0.4997,0.5051,5.2161,5.2161,962034.1455,684504.1455,348842.0088,22020961.5905,15668299.8905,24.82,20.3,1.393
601601,中国太保,保险,上海,20071225,601601.SH,20220616,23.37,23.39,22.56,22.56,23.4,-0.84,-3.5897,526845.59,1200901.665,0.7697,1.5103,1.17,8.0881,9.1483,0.9798,0.4925,0.4979,5.2924,5.2924,962034.1455,684504.1455,348842.0088,21703490.3225,15442413.5225,25.74,21.06,1.393
601601,中国太保,保险,上海,20071225,601601.SH,20220615,21.72,23.85,21.72,23.4,21.81,1.59,7.2902,1069173.6,2476215.023,1.562,3.0649,3.86,8.3892,9.489,1.0163,0.5109,0.5164,5.1024,5.1024,962034.1455,684504.1455,348842.0088,22511599.0047,16017397.0047,23.99,19.63,1.393
601601,中国太保,保险,上海,20071225,601601.SH,20220614,21.09,21.85,20.97,21.81,21.29,0.52,2.4425,331891.76,707689.816,0.4849,0.9514,1.28,7.8192,8.8442,0.9472,0.4762,0.4813,5.4744,5.4744,962034.1455,684504.1455,348842.0088,20981964.7134,14929035.4134,23.42,19.16,1.393
601601,中国太保,保险,上海,20071225,601601.SH,20220613,21.57,21.65,21.18,21.29,21.84,-0.55,-2.5183,266530.59,569101.868,0.3894,0.764,1.06,7.6327,8.6333,0.9247,0.4648,0.4698,5.6081,5.6081,962034.1455,684504.1455,348842.0088,20481706.9577,14573093.2577,24.02,19.66,1.393
601601,中国太保,保险,上海,20071225,601601.SH,20220610,21.41,21.88,21.2,21.84,21.56,0.28,1.2987,341554.51,737225.66,0.499,0.9791,1.62,7.8299,8.8564,0.9485,0.4768,0.482,5.4669,5.4669,962034.1455,684504.1455,348842.0088,21010825.7377,14949570.5377,23.72,19.4,1.393
601601,中国太保,保险,上海,20071225,601601.SH,20220609,21.54,21.83,21.4,21.56,21.56,0.0,0.0,237319.49,512531.262,0.3467,0.6803,1.22,7.7295,8.7428,0.9364,0.4707,0.4758,5.5379,5.5379,962034.1455,684504.1455,348842.0088,20741456.177,14757909.377,23.72,19.4,1.393
601601,中国太保,保险,上海,20071225,601601.SH,20220608,21.44,21.64,21.26,21.56,21.43,0.13,0.6066,206565.22,442423.184,0.3018,0.5921,1.06,7.7295,8.7428,0.9364,0.4707,0.4758,5.5379,5.5379,962034.1455,684504.1455,348842.0088,20741456.177,14757909.377,23.57,19.29,1.393
601601,中国太保,保险,上海,20071225,601601.SH,20220607,21.15,21.5,21.09,21.43,21.24,0.19,0.8945,245471.44,523350.954,0.3586,0.7037,1.38,7.6829,8.6901,0.9307,0.4679,0.4729,5.5714,5.5714,962034.1455,684504.1455,348842.0088,20616391.7381,14668923.8381,23.36,19.12,1.393
601601,中国太保,保险,上海,20071225,601601.SH,20220606,21.07,21.26,20.76,21.24,21.07,0.17,0.8068,229497.4,482438.734,0.3353,0.6579,1.32,7.6148,8.6131,0.9225,0.4637,0.4687,5.6213,5.6213,962034.1455,684504.1455,348842.0088,20433605.2504,14538868.0504,23.18,18.96,1.393
601601,中国太保,保险,上海,20071225,601601.SH,20220602,21.03,21.2,20.95,21.07,21.13,-0.06,-0.284,134947.01,283664.177,0.1971,0.3868,0.71,7.5539,8.5441,0.9151,0.46,0.465,5.6666,5.6666,962034.1455,684504.1455,348842.0088,20270059.4457,14422502.3457,23.24,19.02,1.393
601601,中国太保,保险,上海,20071225,601601.SH,20220601,21.21,21.3,21.0,21.13,21.25,-0.12,-0.5647,154058.9,325427.687,0.2251,0.4416,0.8,7.5754,8.5684,0.9177,0.4613,0.4663,5.6505,5.6505,962034.1455,684504.1455,348842.0088,20327781.4944,14463572.5944,23.38,19.13,1.393
601601,中国太保,保险,上海,20071225,601601.SH,20220531,21.0,21.38,20.9,21.25,21.08,0.17,0.8065,208964.4,443102.063,0.3053,0.599,1.07,7.6184,8.6171,0.9229,0.4639,0.469,5.6186,5.6186,962034.1455,684504.1455,348842.0088,20443225.5919,14545713.0919,23.19,18.97,1.393
601601,中国太保,保险,上海,20071225,601601.SH,20220530,21.46,21.48,21.0,21.08,21.3,-0.22,-1.0329,162522.72,344652.858,0.2374,0.4659,0.81,7.5575,8.5482,0.9155,0.4602,0.4652,5.6639,5.6639,962034.1455,684504.1455,348842.0088,20279679.7871,14429347.3871,23.43,19.17,1.393
601601,中国太保,保险,上海,20071225,601601.SH,20220527,21.37,21.55,21.24,21.3,21.24,0.06,0.2825,209103.64,447227.466,0.3055,0.5994,0.97,7.6363,8.6374,0.9251,0.465,0.4701,5.6054,5.6054,962034.1455,684504.1455,348842.0088,20491327.2992,14579938.2992,23.36,19.12,1.393
601601,中国太保,保险,上海,20071225,601601.SH,20220526,20.88,21.3,20.7,21.24,20.85,0.39,1.8705,221033.62,465061.154,0.3229,0.6336,1.03,7.6148,8.6131,0.9225,0.4637,0.4687,5.6213,5.6213,962034.1455,684504.1455,348842.0088,20433605.2504,14538868.0504,22.94,18.77,1.393
601601,中国太保,保险,上海,20071225,601601.SH,20220525,20.9,21.06,20.77,20.85,20.75,0.1,0.4819,159623.44,333227.421,0.2332,0.4576,0.73,7.475,8.4549,0.9055,0.4552,0.4601,5.7264,5.7264,962034.1455,684504.1455,348842.0088,20058411.9337,14271911.4337,22.83,18.68,1.393
601601,中国太保,保险,上海,20071225,601601.SH,20220524,21.05,21.32,20.71,20.75,21.04,-0.29,-1.3783,220903.7,464344.802,0.3227,0.6332,1.08,7.4391,8.4144,0.9012,0.453,0.4579,5.754,5.754,962034.1455,684504.1455,348842.0088,19962208.5191,14203461.0191,23.14,18.94,1.393
601601,中国太保,保险,上海,20071225,601601.SH,20220523,21.26,21.42,20.96,21.04,21.15,-0.11,-0.5201,191269.47,403990.543,0.2794,0.5483,0.97,7.5431,8.532,0.9138,0.4594,0.4643,5.6747,5.6747,962034.1455,684504.1455,348842.0088,20241198.4213,14401967.2213,23.27,19.04,1.393
601601,中国太保,保险,上海,20071225,601601.SH,20220520,20.62,21.25,20.53,21.15,20.52,0.63,3.0702,283957.53,595580.757,0.4148,0.8137,1.64,7.5826,8.5766,0.9186,0.4618,0.4667,5.6452,5.6452,962034.1455,684504.1455,348987.4488,20347022.1773,14477262.6773,22.57,18.47,1.393
601601,中国太保,保险,上海,20071225,601601.SH,20220519,20.55,20.73,20.42,20.52,20.79,-0.27,-1.2987,213426.83,437617.987,0.3118,0.6116,1.25,7.3567,8.3211,0.8912,0.448,0.4528,5.8185,5.8185,962034.1455,684504.1455,348987.4488,19740940.6657,14046025.0657,22.87,18.71,1.393
601601,中国太保,保险,上海,20071225,601601.SH,20220518,21.18,21.19,20.7,20.79,21.12,-0.33,-1.5625,176815.8,368129.732,0.2583,0.5067,0.92,7.4535,8.4306,0.9029,0.4539,0.4588,5.743,5.743,962034.1455,684504.1455,348987.4488,20000689.8849,14230841.1849,23.23,19.01,1.393
601601,中国太保,保险,上海,20071225,601601.SH,20220517,20.87,21.17,20.75,21.12,20.71,0.41,1.9797,152782.7,320860.498,0.2232,0.4378,0.73,7.5718,8.5644,0.9173,0.4611,0.4661,5.6532,5.6532,962034.1455,684504.1455,348987.4488,20318161.153,14456727.553,22.78,18.64,1.393
601601,中国太保,保险,上海,20071225,601601.SH,20220516,21.29,21.39,20.66,20.71,21.19,-0.48,-2.2652,160299.74,333866.66,0.2342,0.4593,0.73,7.4248,8.3981,0.8995,0.4522,0.457,5.7651,5.7651,962034.1455,684504.1455,348987.4488,19923727.1533,14176080.8533,23.31,19.07,1.393
601601,中国太保,保险,上海,20071225,601601.SH,20220513,21.02,21.32,21.0,21.19,20.84,0.35,1.6795,164316.94,347374.927,0.2401,0.4708,0.7,7.5969,8.5928,0.9203,0.4626,0.4676,5.6345,5.6345,962034.1455,684504.1455,348987.4488,20385503.5431,14504642.8431,22.92,18.76,1.393
601601,中国太保,保险,上海,20071225,601601.SH,20220512,20.51,20.96,20.5,20.84,20.63,0.21,1.0179,202643.05,420956.36,0.296,0.5807,0.83,7.4714,8.4508,0.9051,0.455,0.4599,5.7292,5.7292,962034.1455,684504.1455,348987.4488,20048791.5922,14265066.3922,22.69,18.57,1.393
601601,中国太保,保险,上海,20071225,601601.SH,20220511,20.48,20.83,20.46,20.63,20.5,0.13,0.6341,279853.36,578130.031,0.4088,0.8019,1.15,7.3961,8.3657,0.896,0.4504,0.4553,5.7875,5.7875,962034.1455,684504.1455,348987.4488,19846764.4217,14121320.5217,22.55,18.45,1.393
601601,中国太保,保险,上海,20071225,601601.SH,20220510,20.3,20.68,20.29,20.5,20.59,-0.09,-0.4371,245760.2,503320.02,0.359,0.7042,0.97,7.3495,8.313,0.8903,0.4476,0.4524,5.8242,5.8242,962034.1455,684504.1455,348987.4488,19721699.9828,14032334.9828,22.65,18.53,1.393
601601,中国太保,保险,上海,20071225,601601.SH,20220509,19.97,20.6,19.95,20.59,20.06,0.53,2.6421,209345.72,425843.661,0.3058,0.5999,0.77,7.3818,8.3495,0.8943,0.4495,0.4544,5.7987,5.7987,962034.1455,684504.1455,348987.4488,19808283.0558,14093940.3558,22.07,18.05,1.393
601601,中国太保,保险,上海,20071225,601601.SH,20220506,20.49,20.75,19.92,20.06,20.8,-0.74,-3.5577,229279.69,463130.035,0.335,0.657,0.78,7.1918,8.1345,0.8712,0.438,0.4427,5.9519,5.9519,962034.1455,684504.1455,348987.4488,19298404.9587,13731153.1587,22.88,18.72,1.393
601601,中国太保,保险,上海,20071225,601601.SH,20220505,20.75,21.23,20.57,20.8,20.8,0.0,0.0,249284.41,521557.08,0.3642,0.7143,0.78,7.4571,8.4346,0.9034,0.4541,0.459,5.7402,5.7402,962034.1455,684504.1455,348987.4488,20010310.2264,14237686.2264,22.88,18.72,1.393
601601,中国太保,保险,上海,20071225,601601.SH,20220429,20.42,20.98,20.25,20.8,20.42,0.38,1.8609,282396.14,581732.843,0.4126,0.8092,0.9,7.4571,8.4346,0.9034,0.4541,0.459,5.7402,5.7402,962034.1455,684504.1455,348987.4488,20010310.2264,14237686.2264,22.46,18.38,1.393
601601,中国太保,保险,上海,20071225,601601.SH,20220428,20.17,20.42,19.99,20.42,20.38,0.04,0.1963,294912.5,596342.073,0.4308,0.8451,0.95,7.3208,7.3208,0.8664,0.4458,0.4458,5.847,5.847,962034.1455,684504.1455,348987.4488,19644737.2511,13977574.6511,22.42,18.34,1.393
601601,中国太保,保险,上海,20071225,601601.SH,20220427,20.09,20.59,19.91,20.38,20.31,0.07,0.3447,302168.07,614493.031,0.4414,0.8658,1.07,7.3065,7.3065,0.8647,0.4449,0.4449,5.8585,5.8585,962034.1455,684504.1455,348987.4488,19606255.8853,13950194.4853,22.34,18.28,1.393
601601,中国太保,保险,上海,20071225,601601.SH,20220426,20.81,20.94,20.2,20.31,20.81,-0.5,-2.4027,346164.87,712297.24,0.5057,0.9919,1.37,7.2814,7.2814,0.8617,0.4434,0.4434,5.8787,5.8787,962034.1455,684504.1455,348987.4488,19538913.4951,13902279.1951,22.89,18.73,1.393
601601,中国太保,保险,上海,20071225,601601.SH,20220425,21.73,21.98,20.8,20.81,22.22,-1.41,-6.3456,363635.66,777523.103,0.5312,1.042,1.65,7.4607,7.4607,0.8829,0.4543,0.4543,5.7374,5.7374,962034.1455,684504.1455,348987.4488,20019930.5679,14244531.2679,24.44,20.0,1.393
601601,中国太保,保险,上海,20071225,601601.SH,20220422,22.0,22.6,21.83,22.22,21.96,0.26,1.184,264030.18,589170.058,0.3857,0.7566,1.3,7.9662,7.9662,0.9428,0.4851,0.4851,5.3734,5.3734,962034.1455,684504.1455,348987.4488,21376398.713,15209682.113,24.16,19.76,1.393
601601,中国太保,保险,上海,20071225,601601.SH,20220421,21.8,22.4,21.77,21.96,21.81,0.15,0.6878,270765.49,599902.039,0.3956,0.7759,1.52,7.8729,7.8729,0.9317,0.4794,0.4794,5.437,5.437,962034.1455,684504.1455,348987.4488,21126269.8352,15031711.0352,23.99,19.63,1.393
601601,中国太保,保险,上海,20071225,601601.SH,20220420,22.0,22.17,21.77,21.81,21.97,-0.16,-0.7283,162816.04,357057.486,0.2379,0.4665,0.92,7.8192,7.8192,0.9254,0.4762,0.4762,5.4744,5.4744,962034.1455,684504.1455,348987.4488,20981964.7134,14929035.4134,24.17,19.77,1.393
601601,中国太保,保险,上海,20071225,601601.SH,20220419,22.26,22.36,21.8,21.97,22.32,-0.35,-1.5681,206333.42,455139.36,0.3014,0.5912,1.09,7.8765,7.8765,0.9322,0.4797,0.4797,5.4345,5.4345,962034.1455,684504.1455,348987.4488,21135890.1766,15038556.0766,24.55,20.09,1.393
601601,中国太保,保险,上海,20071225,601601.SH,20220418,22.62,22.75,22.2,22.32,22.92,-0.6,-2.6178,199644.47,446080.942,0.2917,0.5721,1.0,8.002,8.002,0.947,0.4873,0.4873,5.3493,5.3493,962034.1455,684504.1455,348987.4488,21472602.1276,15278132.5276,25.21,20.63,1.393
601601,中国太保,保险,上海,20071225,601601.SH,20220415,22.7,23.13,22.65,22.92,22.81,0.11,0.4822,173701.46,398092.173,0.2538,0.4977,0.89,8.2171,8.2171,0.9725,0.5004,0.5004,5.2093,5.2093,962034.1455,684504.1455,348987.4488,22049822.6149,15688835.0149,25.09,20.53,1.393
601601,中国太保,保险,上海,20071225,601601.SH,20220414,22.87,22.94,22.71,22.81,22.76,0.05,0.2197,147329.41,336393.868,0.2152,0.4222,0.72,8.1777,8.1777,0.9678,0.498,0.498,5.2344,5.2344,962034.1455,684504.1455,348987.4488,21943998.8589,15613539.5589,25.04,20.48,1.393
601601,中国太保,保险,上海,20071225,601601.SH,20220413,22.66,23.03,22.58,22.76,22.83,-0.07,-0.3066,157453.34,359154.416,0.23,0.4512,0.68,8.1598,8.1598,0.9657,0.4969,0.4969,5.2459,5.2459,962034.1455,684504.1455,348987.4488,21895897.1516,15579314.3516,25.11,20.55,1.393
601601,中国太保,保险,上海,20071225,601601.SH,20220412,22.71,23.0,22.18,22.83,22.59,0.24,1.0624,265101.87,599219.028,0.3873,0.7596,1.18,8.1849,8.1849,0.9686,0.4984,0.4984,5.2298,5.2298,962034.1455,684504.1455,348987.4488,21963239.5418,15627229.6418,24.85,20.33,1.393
601601,中国太保,保险,上海,20071225,601601.SH,20220411,23.28,23.28,22.52,22.59,23.41,-0.82,-3.5028,255783.76,583211.113,0.3737,0.7329,1.22,8.0988,8.0988,0.9585,0.4932,0.4932,5.2854,5.2854,962034.1455,684504.1455,348987.4488,21732351.3468,15462948.6468,25.75,21.07,1.393
601601,中国太保,保险,上海,20071225,601601.SH,20220408,23.1,23.43,23.07,23.41,23.2,0.21,0.9052,146899.51,341703.316,0.2146,0.4209,0.64,8.3928,8.3928,0.9933,0.5111,0.5111,5.1002,5.1002,962034.1455,684504.1455,348987.4488,22521219.3462,16024242.0462,25.52,20.88,1.393
601601,中国太保,保险,上海,20071225,601601.SH,20220407,23.58,23.75,23.2,23.2,23.62,-0.42,-1.7782,199532.58,467951.661,0.2915,0.5717,0.88,8.3175,8.3175,0.9843,0.5065,0.5065,5.1464,5.1464,962034.1455,684504.1455,348987.4488,22319192.1756,15880496.1756,25.98,21.26,1.393
601601,中国太保,保险,上海,20071225,601601.SH,20220406,23.15,23.8,23.1,23.62,23.2,0.42,1.8103,288064.76,676209.908,0.4208,0.8254,1.16,8.4681,8.4681,1.0022,0.5157,0.5157,5.0549,5.0549,962034.1455,684504.1455,348987.4488,22723246.5167,16167987.9167,25.52,20.88,1.393
601601,中国太保,保险,上海,20071225,601601.SH,20220401,22.77,23.25,22.62,23.2,22.92,0.28,1.2216,231905.03,534210.068,0.3388,0.6645,0.98,8.3175,8.3175,0.9843,0.5065,0.5065,5.1464,5.1464,962034.1455,684504.1455,348987.4488,22319192.1756,15880496.1756,25.21,20.63,1.393
601601,中国太保,保险,上海,20071225,601601.SH,20220331,22.77,23.16,22.73,22.92,22.88,0.04,0.1748,182480.5,418437.853,0.2666,0.5229,0.77,8.2171,8.2171,0.9725,0.5004,0.5004,5.2093,5.2093,962034.1455,684504.1455,348987.4488,22049822.6149,15688835.0149,25.17,20.59,1.393
601601,中国太保,保险,上海,20071225,601601.SH,20220330,22.64,22.93,22.46,22.88,22.47,0.41,1.8247,247623.92,562730.415,0.3618,0.7095,1.07,8.2028,8.2028,0.9708,0.4995,0.4995,5.2184,5.2184,962034.1455,684504.1455,348987.4488,22011341.249,15661454.849,24.72,20.22,1.393
601601,中国太保,保险,上海,20071225,601601.SH,20220329,22.52,22.79,22.4,22.47,22.54,-0.07,-0.3106,184787.03,416900.478,0.27,0.5295,0.74,8.0558,8.0558,0.9534,0.4906,0.4906,5.3136,5.3136,962034.1455,684504.1455,348987.4488,21616907.2494,15380808.1494,24.79,20.29,1.393
601601,中国太保,保险,上海,20071225,601601.SH,20220328,21.0,22.72,21.0,22.54,23.13,-0.59,-2.5508,391686.54,876237.0,0.5722,1.1224,1.68,8.0809,8.0809,0.9563,0.4921,0.4921,5.2971,5.2971,962034.1455,684504.1455,348987.4488,21684249.6396,15428723.4396,25.44,20.82,1.393
601601,中国太保,保险,上海,20071225,601601.SH,20220325,23.21,23.44,23.07,23.13,23.19,-0.06,-0.2587,174158.2,404242.027,0.2544,0.4939,0.61,9.0514,8.0558,1.0081,0.5271,0.516,5.162,5.162,962034.1455,684504.1455,352597.6134,22251849.7854,15832580.8854,25.51,20.87,1.393
601601,中国太保,保险,上海,20071225,601601.SH,20220324,23.11,23.44,23.04,23.19,23.28,-0.09,-0.3866,186998.33,435202.066,0.2732,0.5303,0.57,9.0748,8.0767,1.0107,0.5284,0.5174,5.1486,5.1486,962034.1455,684504.1455,352597.6134,22309571.8341,15873651.1341,25.61,20.95,1.393
601601,中国太保,保险,上海,20071225,601601.SH,20220323,23.33,23.45,23.02,23.28,23.29,-0.01,-0.0429,216154.93,502929.748,0.3158,0.613,0.56,9.1101,8.1081,1.0146,0.5305,0.5194,5.1287,5.1287,962034.1455,684504.1455,352597.6134,22396154.9072,15935256.5072,25.62,20.96,1.393
601601,中国太保,保险,上海,20071225,601601.SH,20220322,22.63,23.42,22.54,23.29,22.93,0.36,1.57,278434.98,643429.966,0.4068,0.7897,0.62,9.114,8.1116,1.0151,0.5307,0.5196,5.1265,5.1265,962034.1455,684504.1455,352597.6134,22405775.2487,15942101.5487,25.22,20.64,1.393
601601,中国太保,保险,上海,20071225,601601.SH,20220321,23.31,23.35,22.8,22.93,23.59,-0.66,-2.7978,308975.28,711163.202,0.4514,0.8763,0.72,8.9731,7.9862,0.9994,0.5225,0.5116,5.207,5.207,962034.1455,684504.1455,352597.6134,22059442.9563,15695680.0563,25.95,21.23,1.393
601601,中国太保,保险,上海,20071225,601601.SH,20220318,22.72,23.82,22.65,23.59,22.9,0.69,3.0131,438935.7,1023908.651,0.6412,1.2449,1.12,9.2314,8.2161,1.0281,0.5375,0.5263,5.0613,5.0613,962034.1455,684504.1455,352597.6134,22694385.4923,16147452.7923,25.19,20.61,1.393
601601,中国太保,保险,上海,20071225,601601.SH,20220317,23.0,23.34,22.63,22.9,22.56,0.34,1.5071,401623.23,921427.777,0.5867,1.139,1.13,8.9613,7.9757,0.9981,0.5218,0.5109,5.2138,5.2138,962034.1455,684504.1455,352597.6134,22030581.932,15675144.932,24.82,20.3,1.393
601601,中国太保,保险,上海,20071225,601601.SH,20220316,21.93,22.7,21.38,22.56,21.65,0.91,4.2032,518258.98,1140092.994,0.7571,1.4698,1.59,8.8283,7.8573,0.9833,0.5141,0.5033,5.2924,5.2924,962034.1455,684504.1455,352597.6134,21703490.3225,15442413.5225,23.82,19.49,1.393
601601,中国太保,保险,上海,20071225,601601.SH,20220315,23.38,23.38,21.52,21.65,23.56,-1.91,-8.107,579497.86,1299133.764,0.8466,1.6435,2.03,8.4722,7.5404,0.9436,0.4933,0.483,5.5148,5.5148,962034.1455,684504.1455,352597.6134,20828039.2501,14819514.7501,25.92,21.2,1.393
601601,中国太保,保险,上海,20071225,601601.SH,20220314,23.81,24.05,23.55,23.56,24.16,-0.6,-2.4834,199325.5,473771.985,0.2912,0.5653,0.63,9.2196,8.2056,1.0268,0.5369,0.5256,5.0677,5.0677,962034.1455,684504.1455,352597.6134,22665524.468,16126917.668,26.58,21.74,1.393
601601,中国太保,保险,上海,20071225,601601.SH,20220311,23.7,24.35,23.45,24.16,24.08,0.08,0.3322,257651.89,616006.82,0.3764,0.7307,0.84,9.4544,8.4146,1.053,0.5505,0.539,4.9419,4.9419,962034.1455,684504.1455,352597.6134,23242744.9553,16537620.1553,26.49,21.67,1.393
601601,中国太保,保险,上海,20071225,601601.SH,20220310,24.4,24.48,24.08,24.08,23.97,0.11,0.4589,216469.62,525169.912,0.3162,0.6139,0.73,9.4231,8.3867,1.0495,0.5487,0.5372,4.9583,4.9583,962034.1455,684504.1455,352597.6134,23165782.2236,16482859.8236,26.37,21.57,1.393
601601,中国太保,保险,上海,20071225,601601.SH,20220309,24.8,24.88,23.46,23.97,24.74,-0.77,-3.1124,381431.32,920346.864,0.5572,1.0818,1.5,9.3801,8.3484,1.0447,0.5462,0.5348,4.9811,4.9811,962034.1455,684504.1455,352597.6134,23059958.4676,16407564.3676,27.21,22.27,1.393
601601,中国太保,保险,上海,20071225,601601.SH,20220308,25.57,25.65,24.7,24.74,25.62,-0.88,-3.4348,374532.92,940174.86,0.5472,1.0622,1.65,9.6814,8.6166,1.0783,0.5638,0.552,4.826,4.826,962034.1455,684504.1455,352597.6134,23800724.7597,16934632.5597,28.18,23.06,1.393
601601,中国太保,保险,上海,20071225,601601.SH,20220307,26.1,26.1,25.52,25.62,26.3,-0.68,-2.5856,340218.29,874959.006,0.497,0.9649,1.65,10.0258,8.9231,1.1166,0.5838,0.5716,4.6603,4.6603,962034.1455,684504.1455,352597.6134,24647314.8077,17536996.2077,28.93,23.67,1.393
601601,中国太保,保险,上海,20071225,601601.SH,20220304,26.4,26.41,26.06,26.3,26.57,-0.27,-1.0162,220382.61,577818.28,0.322,0.625,1.0,10.2919,9.1599,1.1463,0.5993,0.5868,4.5398,4.5398,962034.1455,684504.1455,352597.6134,25301498.0267,18002459.0267,29.23,23.91,1.393
601601,中国太保,保险,上海,20071225,601601.SH,20220303,26.55,26.67,26.47,26.57,26.44,0.13,0.4917,159257.36,422909.189,0.2327,0.4517,0.57,10.3975,9.2539,1.158,0.6055,0.5928,4.4936,4.4936,962034.1455,684504.1455,352597.6134,25561247.2459,18187275.1459,29.08,23.8,1.393
601601,中国太保,保险,上海,20071225,601601.SH,20220302,26.51,26.62,26.42,26.44,26.69,-0.25,-0.9367,178216.77,472320.605,0.2604,0.5054,0.62,10.3466,9.2087,1.1524,0.6025,0.5899,4.5157,4.5157,962034.1455,684504.1455,352597.6134,25436182.807,18098289.607,29.36,24.02,1.393
601601,中国太保,保险,上海,20071225,601601.SH,20220301,26.52,26.73,26.4,26.69,26.44,0.25,0.9455,233862.99,621221.178,0.3417,0.6633,0.83,10.4445,9.2957,1.1633,0.6082,0.5955,4.4734,4.4734,962034.1455,684504.1455,352597.6134,25676691.3434,18269415.6434,29.08,23.8,1.393
601601,中国太保,保险,上海,20071225,601601.SH,20220228,26.63,26.65,26.28,26.44,26.58,-0.14,-0.5267,238665.8,629717.016,0.3487,0.6769,0.89,10.3466,9.2087,1.1524,0.6025,0.5899,4.5157,4.5157,962034.1455,684504.1455,352597.6134,25436182.807,18098289.607,29.24,23.92,1.393
601601,中国太保,保险,上海,20071225,601601.SH,20220225,26.76,26.93,26.48,26.58,26.66,-0.08,-0.3001,294585.62,785181.606,0.4304,0.8355,1.17,10.4014,9.2574,1.1585,0.6057,0.593,4.492,4.492,962034.1455,684504.1455,352597.6134,25570867.5874,18194120.1874,29.33,23.99,1.393
601601,中国太保,保险,上海,20071225,601601.SH,20220224,27.1,27.16,26.52,26.66,27.23,-0.57,-2.0933,456514.01,1223051.517,0.6669,1.2947,2.28,10.4327,9.2853,1.1619,0.6075,0.5948,4.4785,4.4785,962034.1455,684504.1455,352597.6134,25647830.319,18248880.519,29.95,24.51,1.393
601601,中国太保,保险,上海,20071225,601601.SH,20220223,27.43,27.56,27.16,27.23,27.36,-0.13,-0.4751,211745.46,576615.34,0.3093,0.6005,1.12,10.6558,9.4838,1.1868,0.6205,0.6075,4.3847,4.3847,962034.1455,684504.1455,352597.6134,26196189.782,18639047.882,30.1,24.62,1.393
601601,中国太保,保险,上海,20071225,601601.SH,20220222,27.58,27.67,27.22,27.36,27.8,-0.44,-1.5827,212252.49,581331.463,0.3101,0.602,1.08,10.7067,9.5291,1.1925,0.6235,0.6104,4.3639,4.3639,962034.1455,684504.1455,352597.6134,26321254.2209,18728033.4209,30.58,25.02,1.393
601601,中国太保,保险,上海,20071225,601601.SH,20220221,27.82,27.92,27.59,27.8,27.98,-0.18,-0.6433,171457.07,474869.654,0.2505,0.4863,0.7,10.8788,9.6823,1.2116,0.6335,0.6202,4.2948,4.2948,962034.1455,684504.1455,352597.6134,26744549.2449,19029215.2449,30.78,25.18,1.393
601601,中国太保,保险,上海,20071225,601601.SH,20220218,27.5,28.1,27.47,27.98,27.65,0.33,1.1935,207756.42,577943.158,0.3035,0.5892,0.54,10.9493,9.745,1.2195,0.6376,0.6243,4.2672,4.2672,962034.1455,684504.1455,352597.6134,26917715.3911,19152425.9911,30.42,24.89,1.393
601601,中国太保,保险,上海,20071225,601601.SH,20220217,27.77,28.11,27.59,27.65,27.85,-0.2,-0.7181,196643.92,546686.189,0.2873,0.5577,0.47,10.8201,9.6301,1.2051,0.6301,0.6169,4.3181,4.3181,962034.1455,684504.1455,352597.6134,26600244.1231,18926539.6231,30.64,25.07,1.393
601601,中国太保,保险,上海,20071225,601601.SH,20220216,27.85,28.14,27.72,27.85,27.71,0.14,0.5052,158499.75,441933.025,0.2316,0.4495,0.36,10.8984,9.6998,1.2138,0.6346,0.6214,4.2871,4.2871,962034.1455,684504.1455,352597.6134,26792650.9522,19063440.4522,30.48,24.94,1.393
601601,中国太保,保险,上海,20071225,601601.SH,20220215,27.81,28.1,27.53,27.71,27.92,-0.21,-0.7521,248205.11,688396.4,0.3626,0.7039,0.55,10.8436,9.651,1.2077,0.6314,0.6182,4.3088,4.3088,962034.1455,684504.1455,352597.6134,26657966.1718,18967609.8718,30.71,25.13,1.393
601601,中国太保,保险,上海,20071225,601601.SH,20220214,28.59,28.69,27.85,27.92,28.83,-0.91,-3.1564,405112.1,1138238.384,0.5918,1.1489,0.93,10.9258,9.7241,1.2169,0.6362,0.6229,4.2764,4.2764,962034.1455,684504.1455,352597.6134,26859993.3424,19111355.7424,31.71,25.95,1.393
601601,中国太保,保险,上海,20071225,601601.SH,20220211,27.88,29.18,27.8,28.83,27.88,0.95,3.4075,911259.5,2608663.072,1.3313,2.5844,2.71,11.2819,10.0411,1.2565,0.657,0.6432,4.1414,4.1414,962034.1455,684504.1455,352597.6134,27735444.4148,19734254.5148,30.67,25.09,1.393
601601,中国太保,保险,上海,20071225,601601.SH,20220210,27.36,27.89,27.22,27.88,27.36,0.52,1.9006,378475.81,1049295.444,0.5529,1.0734,1.2,10.9101,9.7102,1.2151,0.6353,0.622,4.2825,4.2825,962034.1455,684504.1455,352597.6134,26821511.9765,19083975.5765,30.1,24.62,1.393
601601,中国太保,保险,上海,20071225,601601.SH,20220209,27.46,27.78,27.27,27.36,27.41,-0.05,-0.1824,269835.68,741190.074,0.3942,0.7653,0.82,10.7067,9.5291,1.1925,0.6235,0.6104,4.3639,4.3639,962034.1455,684504.1455,352597.6134,26321254.2209,18728033.4209,30.15,24.67,1.393
601601,中国太保,保险,上海,20071225,601601.SH,20220208,26.89,27.46,26.84,27.41,26.9,0.51,1.8959,307691.85,838027.058,0.4495,0.8726,0.92,10.7262,9.5465,1.1946,0.6246,0.6115,4.3559,4.3559,962034.1455,684504.1455,352597.6134,26369355.9282,18762258.6282,29.59,24.21,1.393
601601,中国太保,保险,上海,20071225,601601.SH,20220207,26.6,27.13,26.4,26.9,26.26,0.64,2.4372,313363.87,839699.363,0.4578,0.8887,0.96,10.5267,9.3689,1.1724,0.613,0.6002,4.4385,4.4385,962034.1455,684504.1455,352597.6134,25878718.514,18413161.514,28.89,23.63,1.393
601601,中国太保,保险,上海,20071225,601601.SH,20220128,27.0,27.04,26.23,26.26,26.9,-0.64,-2.3792,413405.31,1098936.655,0.6039,1.1725,1.27,10.2762,9.146,1.1445,0.5984,0.5859,4.5467,4.5467,962034.1455,684504.1455,352597.6134,25263016.6608,17975078.8608,29.59,24.21,1.393
601601,中国太保,保险,上海,20071225,601601.SH,20220127,27.1,27.16,26.89,26.9,27.22,-0.32,-1.1756,277849.86,750237.255,0.4059,0.788,0.66,10.5267,9.3689,1.1724,0.613,0.6002,4.4385,4.4385,962034.1455,684504.1455,352597.6134,25878718.514,18413161.514,29.94,24.5,1.393
601601,中国太保,保险,上海,20071225,601601.SH,20220126,27.2,27.31,26.92,27.22,27.09,0.13,0.4799,336136.07,912499.025,0.4911,0.9533,0.83,10.6519,9.4803,1.1864,0.6203,0.6073,4.3863,4.3863,962034.1455,684504.1455,352597.6134,26186569.4405,18632202.8405,29.8,24.38,1.393
601601,中国太保,保险,上海,20071225,601601.SH,20220125,27.62,27.7,27.05,27.09,27.85,-0.76,-2.7289,325556.77,890229.102,0.4756,0.9233,0.84,10.601,9.4351,1.1807,0.6173,0.6044,4.4074,4.4074,962034.1455,684504.1455,352597.6134,26061505.0016,18543217.3016,30.64,25.07,1.393
601601,中国太保,保险,上海,20071225,601601.SH,20220124,28.2,28.28,27.63,27.85,28.21,-0.36,-1.2761,279325.19,776773.591,0.4081,0.7922,0.74,10.8984,9.6998,1.2138,0.6346,0.6214,4.2871,4.2871,962034.1455,684504.1455,352597.6134,26792650.9522,19063440.4522,31.03,25.39,1.393
601601,中国太保,保险,上海,20071225,601601.SH,20220121,28.4,28.65,28.11,28.21,28.49,-0.28,-0.9828,408783.29,1156629.529,0.5972,1.1593,1.05,11.0393,9.8251,1.2295,0.6428,0.6294,4.2324,4.2324,962034.1455,684504.1455,352597.6134,27138983.2446,19309861.9446,31.34,25.64,1.393
601601,中国太保,保险,上海,20071225,601601.SH,20220120,27.73,28.64,27.73,28.49,27.66,0.83,3.0007,757758.05,2149029.364,1.107,2.1491,2.53,11.1489,9.9227,1.2417,0.6492,0.6356,4.1908,4.1908,962034.1455,684504.1455,352597.6134,27408352.8053,19501523.1053,30.43,24.89,1.393
601601,中国太保,保险,上海,20071225,601601.SH,20220119,27.43,27.9,27.38,27.66,27.48,0.18,0.655,243505.63,674192.04,0.3557,0.6906,0.81,10.8241,9.6336,1.2055,0.6303,0.6171,4.3166,4.3166,962034.1455,684504.1455,352597.6134,26609864.4645,18933384.6645,30.23,24.73,1.393
601601,中国太保,保险,上海,20071225,601601.SH,20220118,27.16,27.55,27.08,27.48,27.09,0.39,1.4396,256570.18,701937.547,0.3748,0.7277,0.82,10.7536,9.5709,1.1977,0.6262,0.6131,4.3448,4.3448,962034.1455,684504.1455,352597.6134,26436698.3183,18810173.9183,29.8,24.38,1.393
601601,中国太保,保险,上海,20071225,601601.SH,20220117,27.1,27.24,26.97,27.09,27.11,-0.02,-0.0738,232143.52,628689.397,0.3391,0.6584,0.72,10.601,9.4351,1.1807,0.6173,0.6044,4.4074,4.4074,962034.1455,684504.1455,352597.6134,26061505.0016,18543217.3016,29.82,24.4,1.393
601601,中国太保,保险,上海,20071225,601601.SH,20220114,27.95,27.95,27.05,27.11,27.94,-0.83,-2.9707,454162.67,1240413.228,0.6635,1.288,1.42,10.6088,9.442,1.1816,0.6178,0.6048,4.4041,4.4041,962034.1455,684504.1455,352597.6134,26080745.6845,18556907.3845,30.73,25.15,1.393
601601,中国太保,保险,上海,20071225,601601.SH,20220113,27.86,28.49,27.83,27.94,27.87,0.07,0.2512,309571.12,873335.557,0.4523,0.878,1.01,10.9336,9.7311,1.2177,0.6367,0.6234,4.2733,4.2733,962034.1455,684504.1455,352597.6134,26879234.0253,19125045.8253,30.66,25.08,1.393
601601,中国太保,保险,上海,20071225,601601.SH,20220112,27.99,28.14,27.58,27.87,28.07,-0.2,-0.7125,246975.81,687248.241,0.3608,0.7004,0.71,10.9062,9.7067,1.2147,0.6351,0.6218,4.284,4.284,962034.1455,684504.1455,352597.6134,26811891.6351,19077130.5351,30.88,25.26,1.393
601601,中国太保,保险,上海,20071225,601601.SH,20220111,28.09,28.44,27.86,28.07,28.11,-0.04,-0.1423,315345.01,889146.925,0.4607,0.8943,0.92,10.9845,9.7764,1.2234,0.6396,0.6263,4.2535,4.2535,962034.1455,684504.1455,352597.6134,27004298.4642,19214031.3642,30.92,25.3,1.393
601601,中国太保,保险,上海,20071225,601601.SH,20220110,28.0,28.2,27.69,28.11,27.92,0.19,0.6805,287999.7,806151.024,0.4207,0.8168,0.89,11.0002,9.7903,1.2251,0.6405,0.6272,4.2475,4.2475,962034.1455,684504.1455,352597.6134,27042779.83,19241411.53,30.71,25.13,1.393
601601,中国太保,保险,上海,20071225,601601.SH,20220107,27.52,28.2,27.52,27.92,27.46,0.46,1.6752,440716.6,1230495.732,0.6438,1.2499,1.64,10.9258,9.7241,1.2169,0.6362,0.6229,4.2764,4.2764,962034.1455,684504.1455,352597.6134,26859993.3424,19111355.7424,30.21,24.71,1.393
601601,中国太保,保险,上海,20071225,601601.SH,20220106,27.59,27.7,27.4,27.46,27.6,-0.14,-0.5072,240406.51,661217.716,0.3512,0.6818,0.92,10.7458,9.5639,1.1968,0.6257,0.6127,4.348,4.348,962034.1455,684504.1455,352597.6134,26417457.6354,18796483.8354,30.36,24.84,1.393
601601,中国太保,保险,上海,20071225,601601.SH,20220105,27.23,27.88,27.21,27.6,27.26,0.34,1.2472,461226.61,1272337.622,0.6738,1.3081,2.06,10.8006,9.6127,1.2029,0.6289,0.6158,4.3259,4.3259,962034.1455,684504.1455,352597.6134,26552142.4158,18892314.4158,29.99,24.53,1.393
601601,中国太保,保险,上海,20071225,601601.SH,20220104,27.14,27.3,26.92,27.26,27.12,0.14,0.5162,287015.76,778519.366,0.4193,0.814,1.39,10.6675,9.4943,1.1881,0.6212,0.6082,4.3799,4.3799,962034.1455,684504.1455,352597.6134,26225050.8063,18659583.0063,29.83,24.41,1.393
601601,中国太保,保险,上海,20071225,601601.SH,20211231,27.1,27.25,27.02,27.12,27.07,0.05,0.1847,189032.27,512142.759,0.2762,0.5361,0.95,10.6127,9.4455,1.182,0.618,0.6051,4.0639,4.4025,962034.1455,684504.1455,352597.6134,26090366.026,18563752.426,29.78,24.36,1.393
601601,中国太保,保险,上海,20071225,601601.SH,20211230,27.1,27.22,27.01,27.07,27.06,0.01,0.037,165661.15,449154.447,0.242,0.4698,0.85,10.5932,9.4281,1.1798,0.6168,0.604,4.0714,4.4106,962034.1455,684504.1455,352597.6134,26042264.3187,18529527.2187,29.77,24.35,1.393
601601,中国太保,保险,上海,20071225,601601.SH,20211229,27.3,27.34,27.02,27.06,27.17,-0.11,-0.4049,197635.57,536490.324,0.2887,0.5605,1.02,10.5893,9.4246,1.1794,0.6166,0.6037,4.0729,4.4123,962034.1455,684504.1455,352597.6134,26032643.9772,18522682.1772,29.89,24.45,1.393
601601,中国太保,保险,上海,20071225,601601.SH,20211228,27.06,27.5,27.0,27.17,27.13,0.04,0.1474,278236.24,758546.735,0.4065,0.7891,1.62,10.6323,9.4629,1.1842,0.6191,0.6062,4.0564,4.3944,962034.1455,684504.1455,352597.6134,26138467.7332,18597977.6332,29.84,24.42,1.393
601601,中国太保,保险,上海,20071225,601601.SH,20211227,27.2,27.34,27.0,27.13,27.18,-0.05,-0.184,204236.94,554054.124,0.2984,0.5792,1.17,10.6167,9.449,1.1824,0.6182,0.6053,4.0624,4.4009,962034.1455,684504.1455,352597.6134,26099986.3674,18570597.4674,29.9,24.46,1.393
601601,中国太保,保险,上海,20071225,601601.SH,20211224,27.33,27.34,27.03,27.18,27.34,-0.16,-0.5852,148219.68,402549.361,0.2165,0.4204,0.83,10.6362,9.4664,1.1846,0.6194,0.6064,4.0549,4.3928,962034.1455,684504.1455,352597.6134,26148088.0747,18604822.6747,30.07,24.61,1.393
601601,中国太保,保险,上海,20071225,601601.SH,20211223,27.38,27.53,27.18,27.34,27.35,-0.01,-0.0366,146026.47,398800.829,0.2133,0.4141,0.8,10.6988,9.5221,1.1916,0.623,0.61,4.0312,4.3671,962034.1455,684504.1455,352597.6134,26302013.538,18714343.338,30.09,24.62,1.393
601601,中国太保,保险,上海,20071225,601601.SH,20211222,27.6,27.69,27.32,27.35,27.62,-0.27,-0.9776,193212.47,529944.34,0.2823,0.548,1.07,10.7027,9.5256,1.192,0.6232,0.6102,4.0297,4.3655,962034.1455,684504.1455,352597.6134,26311633.8794,18721188.3794,30.38,24.86,1.393
601601,中国太保,保险,上海,20071225,601601.SH,20211221,27.4,27.72,27.36,27.62,27.48,0.14,0.5095,168864.33,466389.054,0.2467,0.4789,0.8,10.8084,9.6196,1.2038,0.6294,0.6162,3.9903,4.3228,962034.1455,684504.1455,352597.6134,26571383.0987,18906004.4987,30.23,24.73,1.393
601601,中国太保,保险,上海,20071225,601601.SH,20211220,27.5,27.72,27.42,27.48,27.55,-0.07,-0.2541,218780.37,602928.303,0.3196,0.6205,0.81,10.7536,9.5709,1.1977,0.6262,0.6131,4.0106,4.3448,962034.1455,684504.1455,352597.6134,26436698.3183,18810173.9183,30.31,24.8,1.393
601601,中国太保,保险,上海,20071225,601601.SH,20211217,27.75,27.89,27.47,27.55,27.8,-0.25,-0.8993,169954.95,470222.552,0.2483,0.482,0.57,10.781,9.5953,1.2007,0.6278,0.6147,4.0004,4.3338,962034.1455,684504.1455,352597.6134,26504040.7085,18858089.2085,30.58,25.02,1.393
601601,中国太保,保险,上海,20071225,601601.SH,20211216,27.55,27.82,27.42,27.8,27.53,0.27,0.9807,163172.99,451410.663,0.2384,0.4628,0.46,10.8788,9.6823,1.2116,0.6335,0.6202,3.9645,4.2948,962034.1455,684504.1455,352597.6134,26744549.2449,19029215.2449,30.28,24.78,1.393
601601,中国太保,保险,上海,20071225,601601.SH,20211215,27.74,27.86,27.45,27.53,27.67,-0.14,-0.506,186040.66,513209.108,0.2718,0.5276,0.51,10.7732,9.5883,1.1999,0.6273,0.6142,4.0033,4.3369,962034.1455,684504.1455,352597.6134,26484800.0256,18844399.1256,30.44,24.9,1.393
601601,中国太保,保险,上海,20071225,601601.SH,20211214,28.09,28.32,27.64,27.67,28.26,-0.59,-2.0878,315808.13,880634.136,0.4614,0.8957,0.86,10.828,9.6371,1.206,0.6305,0.6173,3.9831,4.315,962034.1455,684504.1455,352597.6134,26619484.806,18940229.706,31.09,25.43,1.393
601601,中国太保,保险,上海,20071225,601601.SH,20211213,28.3,28.99,28.15,28.26,28.14,0.12,0.4264,521580.34,1490629.075,0.762,1.4793,1.52,11.0589,9.8425,1.2317,0.644,0.6305,3.8999,4.2249,962034.1455,684504.1455,352597.6134,27187084.9518,19344087.1518,30.95,25.33,1.393
601601,中国太保,保险,上海,20071225,601601.SH,20211210,28.03,28.32,27.97,28.14,28.23,-0.09,-0.3188,298804.52,839700.252,0.4365,0.8474,0.89,11.0119,9.8008,1.2264,0.6412,0.6278,3.9166,4.2429,962034.1455,684504.1455,352597.6134,27071640.8544,19261946.6544,31.05,25.41,1.393
601601,中国太保,保险,上海,20071225,601601.SH,20211209,27.72,28.63,27.65,28.23,27.74,0.49,1.7664,449799.62,1269347.063,0.6571,1.2757,1.53,11.0471,9.8321,1.2304,0.6433,0.6298,3.9041,4.2294,962034.1455,684504.1455,352597.6134,27158223.9275,19323552.0275,30.51,24.97,1.393
601601,中国太保,保险,上海,20071225,601601.SH,20211208,27.84,27.84,27.38,27.74,27.77,-0.03,-0.108,234643.99,647305.099,0.3428,0.6655,0.81,10.8554,9.6614,1.209,0.6321,0.6189,3.973,4.3041,962034.1455,684504.1455,352597.6134,26686827.1962,18988144.9962,30.55,24.99,1.393
601601,中国太保,保险,上海,20071225,601601.SH,20211207,27.45,27.94,27.27,27.77,27.26,0.51,1.8709,330253.66,912363.709,0.4825,0.9366,1.21,10.8671,9.6719,1.2103,0.6328,0.6196,3.9687,4.2995,962034.1455,684504.1455,352597.6134,26715688.2205,19008680.1205,29.99,24.53,1.393
601601,中国太保,保险,上海,20071225,601601.SH,20211206,27.47,27.82,27.11,27.26,27.1,0.16,0.5904,398885.31,1097522.896,0.5827,1.1313,1.68,10.6675,9.4943,1.1881,0.6212,0.6082,4.043,4.3799,962034.1455,684504.1455,352597.6134,26225050.8063,18659583.0063,29.81,24.39,1.393
601601,中国太保,保险,上海,20071225,601601.SH,20211203,27.23,27.34,26.82,27.1,27.18,-0.08,-0.2943,274429.3,741341.571,0.4009,0.7783,1.2,10.6049,9.4385,1.1811,0.6175,0.6046,4.0669,4.4058,962034.1455,684504.1455,352597.6134,26071125.3431,18550062.3431,29.9,24.46,1.393
601601,中国太保,保险,上海,20071225,601601.SH,20211202,27.2,27.31,26.89,27.18,27.29,-0.11,-0.4031,228472.29,619356.172,0.3338,0.648,1.02,10.6362,9.4664,1.1846,0.6194,0.6064,4.0549,4.3928,962034.1455,684504.1455,352597.6134,26148088.0747,18604822.6747,30.02,24.56,1.393
601601,中国太保,保险,上海,20071225,601601.SH,20211201,27.09,27.34,27.09,27.29,27.09,0.2,0.7383,221272.38,602306.556,0.3233,0.6275,1.03,10.6793,9.5047,1.1894,0.6219,0.6089,4.0385,4.3751,962034.1455,684504.1455,352597.6134,26253911.8307,18680118.1307,29.8,24.38,1.393
601601,中国太保,保险,上海,20071225,601601.SH,20211130,27.28,27.49,27.02,27.09,27.25,-0.16,-0.5872,242079.71,657845.892,0.3537,0.6866,1.18,10.601,9.4351,1.1807,0.6173,0.6044,4.0684,4.4074,962034.1455,684504.1455,352597.6134,26061505.0016,18543217.3016,29.98,24.53,1.393
601601,中国太保,保险,上海,20071225,601601.SH,20211129,27.19,27.32,26.97,27.25,27.38,-0.13,-0.4748,222717.48,604281.889,0.3254,0.6316,1.07,10.6636,9.4908,1.1877,0.621,0.608,4.0445,4.3815,962034.1455,684504.1455,352597.6134,26215430.4649,18652737.9649,30.12,24.64,1.393
601601,中国太保,保险,上海,20071225,601601.SH,20211126,27.65,27.69,27.32,27.38,27.83,-0.45,-1.617,229445.35,629668.602,0.3352,0.6507,1.13,10.7145,9.5361,1.1933,0.6239,0.6109,4.0253,4.3607,962034.1455,684504.1455,352597.6134,26340494.9038,18741723.5038,30.61,25.05,1.393
601601,中国太保,保险,上海,20071225,601601.SH,20211125,27.8,27.88,27.52,27.83,27.8,0.03,0.1079,203911.08,565012.31,0.2979,0.5783,0.98,10.8906,9.6928,1.2129,0.6342,0.6209,3.9602,4.2902,962034.1455,684504.1455,352597.6134,26773410.2693,19049750.3693,30.58,25.02,1.393
601601,中国太保,保险,上海,20071225,601601.SH,20211124,27.84,27.98,27.58,27.8,27.78,0.02,0.072,175812.18,487464.742,0.2568,0.4986,0.85,10.8788,9.6823,1.2116,0.6335,0.6202,3.9645,4.2948,962034.1455,684504.1455,352597.6134,26744549.2449,19029215.2449,30.56,25.0,1.393
601601,中国太保,保险,上海,20071225,601601.SH,20211123,27.84,28.14,27.73,27.78,27.86,-0.08,-0.2872,194296.99,541177.21,0.2839,0.551,0.85,10.871,9.6754,1.2108,0.633,0.6198,3.9673,4.2979,962034.1455,684504.1455,352597.6134,26725308.562,19015525.162,30.65,25.07,1.393
601601,中国太保,保险,上海,20071225,601601.SH,20211122,28.17,28.37,27.85,27.86,28.32,-0.46,-1.6243,234428.67,656721.97,0.3425,0.6649,1.09,10.9023,9.7032,1.2142,0.6349,0.6216,3.9559,4.2856,962034.1455,684504.1455,352597.6134,26802271.2936,19070285.4936,31.15,25.49,1.393
601601,中国太保,保险,上海,20071225,601601.SH,20211119,27.81,28.45,27.8,28.32,27.97,0.35,1.2513,203285.22,571503.439,0.297,0.5765,0.95,11.0823,9.8634,1.2343,0.6453,0.6318,3.8917,4.216,962034.1455,684504.1455,352597.6134,27244807.0006,19385157.4006,30.77,25.17,1.393
601601,中国太保,保险,上海,20071225,601601.SH,20211118,28.5,28.62,27.88,27.97,28.57,-0.6,-2.1001,227453.02,639423.73,0.3323,0.6451,0.91,10.9454,9.7415,1.219,0.6374,0.624,3.9404,4.2687,962034.1455,684504.1455,352597.6134,26908095.0496,19145580.9496,31.43,25.71,1.393
601601,中国太保,保险,上海,20071225,601601.SH,20211117,28.6,28.88,28.46,28.57,28.62,-0.05,-0.1747,177413.81,508896.014,0.2592,0.5032,0.63,11.1802,9.9505,1.2452,0.651,0.6374,3.8576,4.1791,962034.1455,684504.1455,352597.6134,27485315.5369,19556283.4369,31.48,25.76,1.393
601601,中国太保,保险,上海,20071225,601601.SH,20211116,28.48,28.89,28.32,28.62,28.37,0.25,0.8812,295455.88,845294.212,0.4316,0.8379,1.1,11.1997,9.9679,1.2474,0.6522,0.6385,3.8509,4.1718,962034.1455,684504.1455,352597.6134,27533417.2442,19590508.6442,31.21,25.53,1.393
601601,中国太保,保险,上海,20071225,601601.SH,20211115,28.37,28.45,28.07,28.37,28.2,0.17,0.6028,169284.65,478828.364,0.2473,0.4801,0.6,11.1019,9.8809,1.2365,0.6465,0.633,3.8848,4.2085,962034.1455,684504.1455,352597.6134,27292908.7078,19419382.6078,31.02,25.38,1.393
601601,中国太保,保险,上海,20071225,601601.SH,20211112,28.4,28.48,28.0,28.2,28.4,-0.2,-0.7042,198349.77,558800.165,0.2898,0.5625,0.71,11.0354,9.8217,1.2291,0.6426,0.6292,3.9082,4.2339,962034.1455,684504.1455,352597.6134,27129362.9031,19303016.9031,31.24,25.56,1.393
601601,中国太保,保险,上海,20071225,601601.SH,20211111,27.25,28.42,27.23,28.4,27.38,1.02,3.7253,407219.49,1142331.677,0.5949,1.1549,1.59,11.1136,9.8913,1.2378,0.6472,0.6336,3.8807,4.2041,962034.1455,684504.1455,352597.6134,27321769.7322,19439917.7322,30.12,24.64,1.393
601601,中国太保,保险,上海,20071225,601601.SH,20211110,27.59,27.73,26.96,27.38,27.74,-0.36,-1.2978,334583.16,909816.07,0.4888,0.9489,1.29,10.7145,9.5361,1.1933,0.6239,0.6109,4.0253,4.3607,962034.1455,684504.1455,352597.6134,26340494.9038,18741723.5038,30.51,24.97,1.393
601601,中国太保,保险,上海,20071225,601601.SH,20211109,28.2,28.42,27.6,27.74,28.1,-0.36,-1.2811,229152.77,637623.278,0.3348,0.6499,0.69,10.8554,9.6614,1.209,0.6321,0.6189,3.973,4.3041,962034.1455,684504.1455,352597.6134,26686827.1962,18988144.9962,30.91,25.29,1.393
601601,中国太保,保险,上海,20071225,601601.SH,20211108,27.99,28.35,27.41,28.1,28.08,0.02,0.0712,242544.57,679985.856,0.3543,0.6879,0.64,10.9962,9.7868,1.2247,0.6403,0.6269,3.9221,4.249,962034.1455,684504.1455,352597.6134,27033159.4886,19234566.4886,30.89,25.27,1.393
601601,中国太保,保险,上海,20071225,601601.SH,20211105,28.03,28.33,27.9,28.08,28.09,-0.01,-0.0356,188129.69,529229.321,0.2748,0.5336,0.38,10.9884,9.7799,1.2238,0.6399,0.6265,3.9249,4.252,962034.1455,684504.1455,352597.6134,27013918.8056,19220876.4056,30.9,25.28,1.393
601601,中国太保,保险,上海,20071225,601601.SH,20211104,28.1,28.36,27.77,28.09,28.09,0.0,0.0,283873.58,797109.734,0.4147,0.8051,0.58,10.9923,9.7833,1.2243,0.6401,0.6267,3.9235,4.2505,962034.1455,684504.1455,352597.6134,27023539.1471,19227721.4471,30.9,25.28,1.393
601601,中国太保,保险,上海,20071225,601601.SH,20211103,27.9,28.75,27.8,28.09,27.9,0.19,0.681,356217.14,1009328.357,0.5204,1.0103,0.74,10.9923,9.7833,1.2243,0.6401,0.6267,3.9235,4.2505,962034.1455,684504.1455,352597.6134,27023539.1471,19227721.4471,30.69,25.11,1.393
601601,中国太保,保险,上海,20071225,601601.SH,20211102,28.19,29.08,27.56,27.9,28.25,-0.35,-1.2389,584357.43,1646018.866,0.8537,1.6573,1.41,10.918,9.7172,1.216,0.6358,0.6225,3.9502,4.2794,962034.1455,684504.1455,352597.6134,26840752.6595,19097665.6595,31.08,25.43,1.393
601601,中国太保,保险,上海,20071225,601601.SH,20211101,27.49,28.35,27.15,28.25,27.4,0.85,3.1022,478896.07,1339349.903,0.6996,1.3582,1.26,11.0549,9.8391,1.2312,0.6437,0.6303,3.9013,4.2264,962034.1455,684504.1455,352597.6134,27177464.6104,19337242.1104,30.14,24.66,1.393
601601,中国太保,保险,上海,20071225,601601.SH,20211029,28.92,29.06,27.14,27.4,29.12,-1.72,-5.9066,753264.07,2086908.003,1.1005,2.1363,2.51,10.7223,9.5337,1.2062,0.6244,0.6002,4.0223,4.3575,962034.1455,684504.1455,352597.6134,26359735.5867,18755413.5867,32.03,26.21,1.393
601601,中国太保,保险,上海,20071225,601601.SH,20211028,28.92,29.33,28.7,29.12,29.18,-0.06,-0.2056,285696.1,829104.652,0.4174,0.8103,0.79,11.3954,10.1322,1.2819,0.6636,0.6378,3.7847,4.1001,962034.1455,684504.1455,352597.6134,28014434.317,19932760.717,32.1,26.26,1.393
601601,中国太保,保险,上海,20071225,601601.SH,20211027,28.92,29.49,28.68,29.18,29.18,0.0,0.0,317363.06,924083.73,0.4636,0.9001,0.86,11.4189,10.153,1.2846,0.6649,0.6391,3.777,4.0917,962034.1455,684504.1455,352597.6134,28072156.3657,19973830.9657,32.1,26.26,1.393
601601,中国太保,保险,上海,20071225,601601.SH,20211026,29.49,29.77,29.1,29.18,29.5,-0.32,-1.0847,234198.12,685668.127,0.3421,0.6642,0.57,11.4189,10.153,1.2846,0.6649,0.6391,3.777,4.0917,962034.1455,684504.1455,352597.6134,28072156.3657,19973830.9657,32.45,26.55,1.393
601601,中国太保,保险,上海,20071225,601601.SH,20211025,29.71,29.71,29.1,29.5,29.84,-0.34,-1.1394,302664.69,888051.395,0.4422,0.8584,0.75,11.5441,10.2644,1.2987,0.6722,0.6462,3.736,4.0473,962034.1455,684504.1455,352597.6134,28380007.2923,20192872.2923,32.82,26.86,1.393
601601,中国太保,保险,上海,20071225,601601.SH,20211022,29.82,30.1,29.49,29.84,29.75,0.09,0.3025,363580.23,1082142.295,0.5312,1.0311,0.93,11.6771,10.3827,1.3136,0.68,0.6536,3.6934,4.0012,962034.1455,684504.1455,352597.6134,28707098.9017,20425603.7017,32.73,26.78,1.393
601601,中国太保,保险,上海,20071225,601601.SH,20211021,28.71,30.07,28.7,29.75,28.7,1.05,3.6585,587522.02,1737530.371,0.8583,1.6663,1.8,11.6419,10.3514,1.3097,0.6779,0.6516,3.7046,4.0133,962034.1455,684504.1455,352597.6134,28620515.8286,20363998.3286,31.57,25.83,1.393
601601,中国太保,保险,上海,20071225,601601.SH,20211020,29.27,29.69,28.68,28.7,29.14,-0.44,-1.51,352312.23,1022988.983,0.5147,0.9992,1.02,11.231,9.986,1.2634,0.654,0.6286,3.8401,4.1601,962034.1455,684504.1455,352597.6134,27610379.9759,19645268.9759,32.05,26.23,1.393
601601,中国太保,保险,上海,20071225,601601.SH,20211019,28.39,29.55,28.36,29.14,28.52,0.62,2.1739,440988.03,1282130.832,0.6442,1.2507,1.25,11.4032,10.1391,1.2828,0.664,0.6383,3.7821,4.0973,962034.1455,684504.1455,352597.6134,28033674.9999,19946450.7999,31.37,25.67,1.393
601601,中国太保,保险,上海,20071225,601601.SH,20211018,28.97,29.1,28.23,28.52,28.8,-0.28,-0.9722,275022.22,784147.601,0.4018,0.78,0.62,11.1606,9.9234,1.2555,0.6499,0.6247,3.8644,4.1864,962034.1455,684504.1455,352597.6134,27437213.8297,19522058.2297,31.68,25.92,1.393
601601,中国太保,保险,上海,20071225,601601.SH,20211015,28.76,29.12,28.6,28.8,28.89,-0.09,-0.3115,301593.29,868808.658,0.4406,0.8553,0.51,11.2702,10.0208,1.2678,0.6563,0.6308,3.8268,4.1457,962034.1455,684504.1455,352597.6134,27706583.3904,19713719.3904,31.78,26.0,1.393
601601,中国太保,保险,上海,20071225,601601.SH,20211014,28.95,29.36,28.76,28.89,29.11,-0.22,-0.7558,258974.98,750214.114,0.3783,0.7345,0.41,11.3054,10.0521,1.2718,0.6583,0.6328,3.8149,4.1328,962034.1455,684504.1455,352597.6134,27793166.4635,19775324.7635,32.02,26.2,1.393
601601,中国太保,保险,上海,20071225,601601.SH,20211013,29.38,29.54,28.52,29.11,29.57,-0.46,-1.5556,444647.71,1286535.023,0.6496,1.2611,0.72,11.3915,10.1287,1.2815,0.6633,0.6376,3.786,4.1015,962034.1455,684504.1455,352597.6134,28004813.9755,19925915.6755,32.53,26.61,1.393
601601,中国太保,保险,上海,20071225,601601.SH,20211012,29.5,29.95,29.05,29.57,29.68,-0.11,-0.3706,479876.54,1418208.59,0.7011,1.361,0.81,11.5715,10.2887,1.3017,0.6738,0.6477,3.7271,4.0377,962034.1455,684504.1455,352597.6134,28447349.6824,20240787.5824,32.65,26.71,1.393
601601,中国太保,保险,上海,20071225,601601.SH,20211011,29.3,30.15,29.3,29.68,29.3,0.38,1.2969,748993.73,2226984.656,1.0942,2.1242,1.41,11.6145,10.327,1.3066,0.6763,0.6501,3.7133,4.0228,962034.1455,684504.1455,352597.6134,28553173.4384,20316083.0384,32.23,26.37,1.393
601601,中国太保,保险,上海,20071225,601601.SH,20211008,27.78,29.36,27.69,29.3,27.14,2.16,7.9587,1025853.85,2940271.207,1.4987,2.9094,2.8,11.4658,10.1948,1.2898,0.6677,0.6418,3.7615,4.075,962034.1455,684504.1455,352597.6134,28187600.4632,20055971.4632,29.85,24.43,1.393
601601,中国太保,保险,上海,20071225,601601.SH,20210930,27.88,27.98,26.94,27.14,27.99,-0.85,-3.0368,454361.85,1239434.62,0.6638,1.2886,1.37,10.6206,9.4432,1.1948,0.6184,0.5945,4.0609,4.3993,962034.1455,684504.1455,352597.6134,26109606.7089,18577442.5089,30.79,25.19,1.393
601601,中国太保,保险,上海,20071225,601601.SH,20210929,27.68,28.32,27.17,27.99,27.87,0.12,0.4306,392040.77,1090561.062,0.5727,1.1119,1.24,10.9532,9.739,1.2322,0.6378,0.6131,3.9375,4.2657,962034.1455,684504.1455,352597.6134,26927335.7325,19159271.0325,30.66,25.08,1.393
601601,中国太保,保险,上海,20071225,601601.SH,20210928,27.7,28.12,27.3,27.87,27.64,0.23,0.8321,356417.74,991504.957,0.5207,1.0108,1.15,10.9062,9.6972,1.2269,0.6351,0.6105,3.9545,4.284,962034.1455,684504.1455,352597.6134,26811891.6351,19077130.5351,30.4,24.88,1.393
601601,中国太保,保险,上海,20071225,601601.SH,20210927,27.25,28.08,27.25,27.64,27.1,0.54,1.9926,432255.15,1193267.022,0.6315,1.2259,1.55,10.8162,9.6172,1.2168,0.6298,0.6054,3.9874,4.3197,962034.1455,684504.1455,352597.6134,26590623.7816,18919694.5816,29.81,24.39,1.393
601601,中国太保,保险,上海,20071225,601601.SH,20210924,27.05,27.43,26.98,27.1,27.1,0.0,0.0,193981.14,526968.268,0.2834,0.5501,0.65,10.6049,9.4293,1.193,0.6175,0.5936,4.0669,4.4058,962034.1455,684504.1455,352597.6134,26071125.3431,18550062.3431,29.81,24.39,1.393
601601,中国太保,保险,上海,20071225,601601.SH,20210923,27.08,27.55,26.89,27.1,26.7,0.4,1.4981,288174.12,781937.039,0.421,0.8173,0.83,10.6049,9.4293,1.193,0.6175,0.5936,4.0669,4.4058,962034.1455,684504.1455,352597.6134,26071125.3431,18550062.3431,29.37,24.03,1.393
601601,中国太保,保险,上海,20071225,601601.SH,20210922,26.6,26.89,26.36,26.7,27.17,-0.47,-1.7298,315833.85,839718.47,0.4614,0.8957,0.87,10.4484,9.2901,1.1754,0.6084,0.5848,4.1278,4.4718,962034.1455,684504.1455,352597.6134,25686311.6849,18276260.6849,29.89,24.45,1.393
601601,中国太保,保险,上海,20071225,601601.SH,20210917,27.51,27.77,26.92,27.17,27.69,-0.52,-1.8779,319266.88,870435.043,0.4664,0.9055,0.77,10.6323,9.4537,1.1961,0.6191,0.5951,4.0564,4.3944,962034.1455,684504.1455,352597.6134,26138467.7332,18597977.6332,30.46,24.92,1.393
601601,中国太保,保险,上海,20071225,601601.SH,20210916,27.79,28.08,27.62,27.69,27.88,-0.19,-0.6815,275552.68,766201.686,0.4026,0.7815,0.62,10.8358,9.6346,1.219,0.631,0.6065,3.9802,4.3119,962034.1455,684504.1455,352597.6134,26638725.4889,18953919.7889,30.67,25.09,1.393
601601,中国太保,保险,上海,20071225,601601.SH,20210915,27.69,28.11,27.5,27.88,27.7,0.18,0.6498,296729.11,826832.112,0.4335,0.8416,0.62,10.9101,9.7007,1.2273,0.6353,0.6107,3.9531,4.2825,962034.1455,684504.1455,352597.6134,26821511.9765,19083975.5765,30.47,24.93,1.393
601601,中国太保,保险,上海,20071225,601601.SH,20210914,28.49,28.88,27.65,27.7,28.49,-0.79,-2.7729,518736.2,1456148.143,0.7578,1.4712,1.09,10.8397,9.6381,1.2194,0.6312,0.6067,3.9788,4.3103,962034.1455,684504.1455,352597.6134,26648345.8304,18960764.8304,31.34,25.64,1.393
601601,中国太保,保险,上海,20071225,601601.SH,20210913,28.32,28.56,28.07,28.49,28.3,0.19,0.6714,409521.62,1160251.538,0.5983,1.1614,0.78,11.1489,9.913,1.2542,0.6492,0.624,3.8684,4.1908,962034.1455,684504.1455,352597.6134,27408352.8053,19501523.1053,31.13,25.47,1.393
601601,中国太保,保险,上海,20071225,601601.SH,20210910,28.1,29.0,28.04,28.3,28.15,0.15,0.5329,569680.84,1622996.259,0.8323,1.6157,1.11,11.0745,9.8469,1.2458,0.6449,0.6199,3.8944,4.2189,962034.1455,684504.1455,352597.6134,27225566.3177,19371467.3177,30.97,25.34,1.393
601601,中国太保,保险,上海,20071225,601601.SH,20210909,27.8,28.27,27.59,28.15,28.16,-0.01,-0.0355,439597.39,1227371.427,0.6422,1.2467,0.88,11.0158,9.7947,1.2392,0.6415,0.6166,3.9152,4.2414,962034.1455,684504.1455,352597.6134,27081261.1958,19268791.6958,30.98,25.34,1.393
601601,中国太保,保险,上海,20071225,601601.SH,20210908,28.39,28.75,27.91,28.16,28.45,-0.29,-1.0193,462983.53,1309824.494,0.6764,1.3131,0.83,11.0197,9.7981,1.2397,0.6417,0.6168,3.9138,4.2399,962034.1455,684504.1455,352597.6134,27090881.5373,19275636.7373,31.3,25.61,1.393
601601,中国太保,保险,上海,20071225,601601.SH,20210907,28.4,28.51,27.9,28.45,28.49,-0.04,-0.1404,492896.17,1391333.525,0.7201,1.3979,0.95,11.1332,9.899,1.2524,0.6483,0.6232,3.8739,4.1967,962034.1455,684504.1455,352597.6134,27369871.4395,19474142.9395,31.34,25.64,1.393
601601,中国太保,保险,上海,20071225,601601.SH,20210906,27.71,28.78,27.58,28.49,27.81,0.68,2.4452,668384.43,1902703.72,0.9765,1.8956,1.52,11.1489,9.913,1.2542,0.6492,0.624,3.8684,4.1908,962034.1455,684504.1455,352597.6134,27408352.8053,19501523.1053,30.59,25.03,1.393
601601,中国太保,保险,上海,20071225,601601.SH,20210903,27.8,28.22,27.26,27.81,27.57,0.24,0.8705,505645.84,1409450.328,0.7387,1.4341,1.25,10.8828,9.6764,1.2243,0.6337,0.6091,3.963,4.2933,962034.1455,684504.1455,352597.6134,26754169.5864,19036060.2864,30.33,24.81,1.393
601601,中国太保,保险,上海,20071225,601601.SH,20210902,27.27,27.66,27.19,27.57,27.47,0.1,0.364,357191.81,979407.932,0.5218,1.013,0.85,10.7888,9.5929,1.2137,0.6282,0.6039,3.9975,4.3307,962034.1455,684504.1455,352597.6134,26523281.3914,18871779.2914,30.22,24.72,1.393
601601,中国太保,保险,上海,20071225,601601.SH,20210901,26.1,27.86,26.08,27.47,26.3,1.17,4.4487,749093.59,2036273.786,1.0944,2.1245,2.18,10.7497,9.5581,1.2093,0.626,0.6017,4.0121,4.3464,962034.1455,684504.1455,352597.6134,26427077.9769,18803328.8769,28.93,23.67,1.393
601601,中国太保,保险,上海,20071225,601601.SH,20210831,25.92,26.35,25.6,26.3,26.05,0.25,0.9597,313734.07,815170.132,0.4583,0.8898,0.9,10.2919,9.151,1.1578,0.5993,0.5761,4.1906,4.5398,962034.1455,684504.1455,352597.6134,25301498.0267,18002459.0267,28.66,23.45,1.393
601601,中国太保,保险,上海,20071225,601601.SH,20210830,26.44,26.44,25.76,26.05,26.18,-0.13,-0.4966,266791.0,692965.735,0.3898,0.7186,0.76,10.194,9.064,1.1468,0.5936,0.5706,4.2308,4.5833,962034.1455,684504.1455,371258.6134,25060989.4903,17831332.9903,28.8,23.56,1.393
601601,中国太保,保险,上海,20071225,601601.SH,20210827,25.79,26.45,25.75,26.18,25.59,0.59,2.3056,333342.52,872122.364,0.487,0.8979,0.88,10.2449,10.1791,1.2056,0.5966,0.5787,4.2098,4.5606,962034.1455,684504.1455,371258.6134,25186053.9292,17920318.5292,28.15,23.03,1.393
601601,中国太保,保险,上海,20071225,601601.SH,20210826,26.1,26.2,25.51,25.59,26.24,-0.65,-2.4771,445339.78,1148166.174,0.6506,1.1995,1.17,10.014,9.9497,1.1784,0.5831,0.5656,4.3068,4.6657,962034.1455,684504.1455,371258.6134,24618453.7833,17516461.0833,28.86,23.62,1.393
601601,中国太保,保险,上海,20071225,601601.SH,20210825,26.6,26.74,26.13,26.24,26.6,-0.36,-1.3534,359274.01,945942.885,0.5249,0.9677,0.84,10.2684,10.2024,1.2083,0.5979,0.58,4.2001,4.5502,962034.1455,684504.1455,371258.6134,25243775.9779,17961388.7779,29.26,23.94,1.393
601601,中国太保,保险,上海,20071225,601601.SH,20210824,26.48,26.7,26.15,26.6,26.52,0.08,0.3017,333779.89,882645.258,0.4876,0.899,0.73,10.4093,10.3424,1.2249,0.6061,0.588,4.1433,4.4886,962034.1455,684504.1455,371258.6134,25590108.2703,18207810.2703,29.17,23.87,1.393
601601,中国太保,保险,上海,20071225,601601.SH,20210823,26.5,26.83,26.36,26.52,26.47,0.05,0.1889,283707.02,752185.446,0.4145,0.7642,0.64,10.3779,10.3113,1.2212,0.6043,0.5862,4.1558,4.5021,962034.1455,684504.1455,371258.6134,25513145.5387,18153049.9387,29.12,23.82,1.393
601601,中国太保,保险,上海,20071225,601601.SH,20210820,27.0,27.38,26.39,26.47,27.19,-0.72,-2.648,465969.36,1244080.992,0.6807,1.2551,1.18,10.3584,10.2918,1.2189,0.6032,0.5851,4.1636,4.5106,962034.1455,684504.1455,371258.6134,25465043.8314,18118824.7314,29.91,24.47,1.393
601601,中国太保,保险,上海,20071225,601601.SH,20210819,27.93,27.99,27.15,27.19,28.2,-1.01,-3.5816,462727.94,1269484.259,0.676,1.2464,1.28,10.6401,10.5718,1.2521,0.6196,0.601,4.0534,4.3912,962034.1455,684504.1455,371258.6134,26157708.4161,18611667.7161,31.02,25.38,1.393
601601,中国太保,保险,上海,20071225,601601.SH,20210818,27.11,28.57,26.9,28.2,27.28,0.92,3.3724,605146.03,1687620.13,0.8841,1.63,1.95,11.0354,10.9645,1.2986,0.6426,0.6233,3.9082,4.2339,962034.1455,684504.1455,371258.6134,27129362.9031,19303016.9031,30.01,24.55,1.393
601601,中国太保,保险,上海,20071225,601601.SH,20210817,27.3,28.12,27.2,27.28,27.29,-0.01,-0.0366,465725.66,1287359.978,0.6804,1.2545,1.62,10.6754,10.6068,1.2562,0.6216,0.603,4.04,4.3767,962034.1455,684504.1455,371258.6134,26244291.4892,18673273.0892,30.02,24.56,1.393
601601,中国太保,保险,上海,20071225,601601.SH,20210816,27.08,27.56,27.05,27.29,27.09,0.2,0.7383,218379.8,596224.359,0.319,0.5882,0.62,10.6793,10.6106,1.2567,0.6219,0.6032,4.0385,4.3751,962034.1455,684504.1455,371258.6134,26253911.8307,18680118.1307,29.8,24.38,1.393
601601,中国太保,保险,上海,20071225,601601.SH,20210813,27.0,27.38,26.88,27.09,27.1,-0.01,-0.0369,215173.71,582722.39,0.3143,0.5796,0.6,10.601,10.5329,1.2475,0.6173,0.5988,4.0684,4.4074,962034.1455,684504.1455,371258.6134,26061505.0016,18543217.3016,29.81,24.39,1.393
601601,中国太保,保险,上海,20071225,601601.SH,20210812,27.6,27.87,27.02,27.1,27.67,-0.57,-2.06,307509.76,838810.443,0.4492,0.8283,0.82,10.6049,10.5368,1.2479,0.6175,0.599,4.0669,4.4058,962034.1455,684504.1455,371258.6134,26071125.3431,18550062.3431,30.44,24.9,1.393
601601,中国太保,保险,上海,20071225,601601.SH,20210811,27.5,28.16,27.47,27.67,27.67,0.0,0.0,342794.67,955239.903,0.5008,0.9233,0.94,10.828,10.7584,1.2742,0.6305,0.6116,3.9831,4.315,962034.1455,684504.1455,371258.6134,26619484.806,18940229.706,30.44,24.9,1.393
601601,中国太保,保险,上海,20071225,601601.SH,20210810,27.4,27.8,27.06,27.67,27.52,0.15,0.5451,356399.28,976561.181,0.5207,0.96,0.97,10.828,10.7584,1.2742,0.6305,0.6116,3.9831,4.315,962034.1455,684504.1455,371258.6134,26619484.806,18940229.706,30.27,24.77,1.393
601601,中国太保,保险,上海,20071225,601601.SH,20210809,26.22,27.94,26.16,27.52,26.4,1.12,4.2424,530340.31,1447433.287,0.7748,1.4285,1.41,10.7693,10.7001,1.2673,0.6271,0.6083,4.0048,4.3385,962034.1455,684504.1455,371258.6134,26475179.6842,18837554.0842,29.04,23.76,1.393
601601,中国太保,保险,上海,20071225,601601.SH,20210806,26.39,26.7,26.21,26.4,26.67,-0.27,-1.0124,260973.08,688816.879,0.3813,0.7029,0.66,10.331,10.2646,1.2157,0.6016,0.5835,4.1747,4.5226,962034.1455,684504.1455,371258.6134,25397701.4412,18070909.4412,29.34,24.0,1.393
601601,中国太保,保险,上海,20071225,601601.SH,20210805,26.4,27.27,26.36,26.67,26.53,0.14,0.5277,377469.82,1013449.475,0.5515,1.0167,0.89,10.4366,10.3696,1.2281,0.6077,0.5895,4.1324,4.4768,962034.1455,684504.1455,371258.6134,25657450.6605,18255725.5605,29.18,23.88,1.393
601601,中国太保,保险,上海,20071225,601601.SH,20210804,27.01,27.02,26.38,26.53,26.95,-0.42,-1.5584,299587.03,794000.523,0.4377,0.8069,0.69,10.3819,10.3151,1.2217,0.6045,0.5864,4.1542,4.5004,962034.1455,684504.1455,371258.6134,25522765.8801,18159894.9801,29.65,24.26,1.393
601601,中国太保,保险,上海,20071225,601601.SH,20210803,26.79,27.3,26.51,26.95,26.9,0.05,0.1859,362765.09,976704.664,0.53,0.9771,0.79,10.5462,10.4784,1.241,0.6141,0.5957,4.0895,4.4303,962034.1455,684504.1455,371258.6134,25926820.2212,18447386.7212,29.59,24.21,1.393
601601,中国太保,保险,上海,20071225,601601.SH,20210802,25.84,27.37,25.41,26.9,26.02,0.88,3.382,577903.41,1545276.48,0.8443,1.5566,1.23,10.5267,10.459,1.2387,0.613,0.5946,4.0971,4.4385,962034.1455,684504.1455,371258.6134,25878718.514,18413161.514,28.62,23.42,1.393
601601,中国太保,保险,上海,20071225,601601.SH,20210730,25.8,26.3,25.35,26.02,25.85,0.17,0.6576,344647.66,891793.693,0.5035,0.9283,0.67,10.1823,10.1169,1.1982,0.5929,0.5751,4.2357,4.5886,962034.1455,684504.1455,371258.6134,25032128.4659,17810797.8659,28.44,23.27,1.393
601601,中国太保,保险,上海,20071225,601601.SH,20210729,26.76,26.85,25.71,25.85,26.43,-0.58,-2.1945,537637.08,1399189.992,0.7854,1.4481,0.95,10.1158,10.0508,1.1904,0.589,0.5714,4.2635,4.6188,962034.1455,684504.1455,371258.6134,24868582.6612,17694432.1612,29.07,23.79,1.393
601601,中国太保,保险,上海,20071225,601601.SH,20210728,26.35,27.08,26.35,26.43,26.5,-0.07,-0.2642,335674.05,893238.052,0.4904,0.9042,0.58,10.3427,10.2763,1.2171,0.6023,0.5842,4.1699,4.5174,962034.1455,684504.1455,371258.6134,25426562.4656,18091444.5656,29.15,23.85,1.393
601601,中国太保,保险,上海,20071225,601601.SH,20210727,27.49,27.62,26.31,26.5,27.49,-0.99,-3.6013,496081.19,1332123.463,0.7247,1.3362,0.93,10.3701,10.3035,1.2203,0.6039,0.5858,4.1589,4.5055,962034.1455,684504.1455,371258.6134,25493904.8558,18139359.8558,30.24,24.74,1.393
601601,中国太保,保险,上海,20071225,601601.SH,20210726,28.77,28.81,27.36,27.49,29.14,-1.65,-5.6623,641752.04,1786180.143,0.9375,1.7286,1.35,10.7575,10.6884,1.2659,0.6264,0.6076,4.0092,4.3433,962034.1455,684504.1455,371258.6134,26446318.6598,18817018.9598,32.05,26.23,1.393
601601,中国太保,保险,上海,20071225,601601.SH,20210723,29.04,29.44,28.71,29.14,29.01,0.13,0.4481,560840.17,1634122.93,0.8193,1.5106,1.23,11.4032,11.3299,1.3419,0.664,0.6441,3.7821,4.0973,962034.1455,684504.1455,371258.6134,28033674.9999,19946450.7999,31.91,26.11,1.393
601601,中国太保,保险,上海,20071225,601601.SH,20210722,27.8,29.31,27.63,29.01,27.87,1.14,4.0904,788889.23,2276211.562,1.1525,2.1249,1.79,11.3523,11.2794,1.3359,0.6611,0.6412,3.7991,4.1157,962034.1455,684504.1455,371258.6134,27908610.561,19857465.261,30.66,25.08,1.393
601601,中国太保,保险,上海,20071225,601601.SH,20210721,27.46,28.1,27.39,27.87,27.61,0.26,0.9417,396651.85,1098804.305,0.5795,1.0684,0.87,10.9062,10.8362,1.2834,0.6351,0.616,3.9545,4.284,962034.1455,684504.1455,371258.6134,26811891.6351,19077130.5351,30.37,24.85,1.393
601601,中国太保,保险,上海,20071225,601601.SH,20210720,27.8,28.13,27.42,27.61,28.15,-0.54,-1.9183,268175.76,741739.225,0.3918,0.7223,0.57,10.8045,10.7351,1.2714,0.6292,0.6103,3.9917,4.3244,962034.1455,684504.1455,371258.6134,26561762.7573,18899159.4573,30.97,25.34,1.393
601601,中国太保,保险,上海,20071225,601601.SH,20210719,27.85,28.15,27.3,28.15,28.04,0.11,0.3923,356985.42,990214.845,0.5215,0.9616,0.73,11.0158,10.945,1.2963,0.6415,0.6222,3.9152,4.2414,962034.1455,684504.1455,371258.6134,27081261.1958,19268791.6958,30.84,25.24,1.393
601601,中国太保,保险,上海,20071225,601601.SH,20210716,28.11,28.8,27.71,28.04,28.37,-0.33,-1.1632,462839.54,1300048.119,0.6762,1.2467,1.01,10.9728,10.9023,1.2912,0.639,0.6198,3.9305,4.2581,962034.1455,684504.1455,371258.6134,26975437.4398,19193496.2398,31.21,25.53,1.393
601601,中国太保,保险,上海,20071225,601601.SH,20210715,26.93,28.58,26.93,28.37,26.84,1.53,5.7004,719292.26,2008490.246,1.0508,1.9374,1.81,11.1019,11.0306,1.3064,0.6465,0.6271,3.8848,4.2085,962034.1455,684504.1455,371258.6134,27292908.7078,19419382.6078,29.52,24.16,1.393
601601,中国太保,保险,上海,20071225,601601.SH,20210714,27.78,27.78,26.83,26.84,27.91,-1.07,-3.8338,482468.48,1305144.22,0.7048,1.2995,1.37,10.5032,10.4357,1.236,0.6116,0.5933,4.1063,4.4484,962034.1455,684504.1455,371258.6134,25820996.4652,18372091.2652,30.7,25.12,1.393
601601,中国太保,保险,上海,20071225,601601.SH,20210713,27.48,28.0,27.2,27.91,27.45,0.46,1.6758,329440.69,912675.418,0.4813,0.8874,0.9,10.9219,10.8517,1.2852,0.636,0.6169,3.9488,4.2779,962034.1455,684504.1455,371258.6134,26850373.0009,19104510.7009,30.2,24.71,1.393
601601,中国太保,保险,上海,20071225,601601.SH,20210712,28.09,28.09,27.32,27.45,27.9,-0.45,-1.6129,437617.13,1209230.403,0.6393,1.1787,1.32,10.7419,10.6729,1.264,0.6255,0.6068,4.015,4.3496,962034.1455,684504.1455,371258.6134,26407837.294,18789638.794,30.69,25.11,1.393
601601,中国太保,保险,上海,20071225,601601.SH,20210709,27.9,28.47,27.69,27.9,28.13,-0.23,-0.8176,333554.47,934653.718,0.4873,0.8984,0.98,10.918,10.8478,1.2848,0.6358,0.6167,3.9502,4.2794,962034.1455,684504.1455,371258.6134,26840752.6595,19097665.6595,30.94,25.32,1.393
601601,中国太保,保险,上海,20071225,601601.SH,20210708,28.92,28.92,27.8,28.13,28.89,-0.76,-2.6307,404460.86,1137883.016,0.5909,1.0894,1.22,11.008,10.9372,1.2954,0.641,0.6218,3.9179,4.2444,962034.1455,684504.1455,371258.6134,27062020.5129,19255101.6129,31.78,26.0,1.393
601601,中国太保,保险,上海,20071225,601601.SH,20210707,28.98,29.39,28.6,28.89,29.13,-0.24,-0.8239,259843.92,750800.247,0.3796,0.6999,0.81,11.3054,11.2327,1.3304,0.6583,0.6386,3.8149,4.1328,962034.1455,684504.1455,371258.6134,27793166.4635,19775324.7635,32.04,26.22,1.393
601601,中国太保,保险,上海,20071225,601601.SH,20210706,28.29,29.26,28.21,29.13,28.32,0.81,2.8602,390915.17,1126680.748,0.5711,1.0529,1.29,11.3993,11.3261,1.3414,0.6638,0.6439,3.7834,4.0987,962034.1455,684504.1455,371258.6134,28024054.6584,19939605.7584,31.15,25.49,1.393
601601,中国太保,保险,上海,20071225,601601.SH,20210705,28.1,28.37,27.87,28.32,28.19,0.13,0.4612,271554.97,763016.27,0.3967,0.7314,0.82,11.0823,11.0111,1.3041,0.6453,0.626,3.8917,4.216,962034.1455,684504.1455,371258.6134,27244807.0006,19385157.4006,31.01,25.37,1.393
601601,中国太保,保险,上海,20071225,601601.SH,20210702,29.01,29.03,28.1,28.19,29.34,-1.15,-3.9196,381275.01,1085588.329,0.557,1.027,1.16,11.0315,10.9606,1.2981,0.6424,0.6231,3.9096,4.2354,962034.1455,684504.1455,371258.6134,27119742.5616,19296171.8616,32.27,26.41,1.393
601601,中国太保,保险,上海,20071225,601601.SH,20210701,28.97,29.48,28.49,29.34,28.97,0.37,1.2772,358647.42,1039327.151,0.524,0.966,1.15,11.4815,11.4077,1.3511,0.6686,0.6485,3.7564,4.0694,962034.1455,684504.1455,371258.6134,28226081.829,20083351.629,31.87,26.07,1.393
601601,中国太保,保险,上海,20071225,601601.SH,20210630,28.77,29.05,28.67,28.97,28.77,0.2,0.6952,208204.65,601607.511,0.3042,0.5608,0.62,11.3367,11.2638,1.334,0.6601,0.6403,3.8043,4.1214,962034.1455,684504.1455,371258.6134,27870129.1951,19830085.0951,31.65,25.89,1.393
601601,中国太保,保险,上海,20071225,601601.SH,20210629,30.05,30.37,30.02,30.07,30.28,-0.21,-0.6935,301298.31,907563.442,0.4402,0.8116,0.87,11.7672,11.6915,1.3065,0.6852,0.6647,3.6652,,962034.1455,684504.1455,371258.6134,28928366.7552,20583039.6552,33.31,27.25,1.332
601601,中国太保,保险,上海,20071225,601601.SH,20210628,31.01,31.1,30.0,30.28,31.05,-0.77,-2.4799,413295.44,1250131.546,0.6038,1.1132,1.18,11.8493,11.7732,1.3156,0.69,0.6693,3.6398,,962034.1455,684504.1455,371258.6134,29130393.9257,20726785.5257,34.16,27.95,1.332
601601,中国太保,保险,上海,20071225,601601.SH,20210625,30.8,31.27,30.8,31.05,30.72,0.33,1.0742,360505.4,1119517.924,0.5267,0.971,1.0,12.1507,12.0726,1.3491,0.7075,0.6863,3.5495,,962034.1455,684504.1455,371258.6134,29871160.2178,21253853.7178,33.79,27.65,1.332
601601,中国太保,保险,上海,20071225,601601.SH,20210624,30.69,30.97,30.5,30.72,30.66,0.06,0.1957,277496.44,853194.881,0.4054,0.7474,0.7,12.0215,11.9443,1.3347,0.7,0.679,3.5876,,962034.1455,684504.1455,371258.6134,29553688.9498,21027967.3498,33.73,27.59,1.332
601601,中国太保,保险,上海,20071225,601601.SH,20210623,30.25,30.83,30.22,30.66,30.45,0.21,0.6897,313292.43,958434.703,0.4577,0.8439,0.81,11.998,11.9209,1.3321,0.6987,0.6777,3.5946,,962034.1455,684504.1455,371258.6134,29495966.901,20986897.101,33.5,27.41,1.332
601601,中国太保,保险,上海,20071225,601601.SH,20210622,30.2,30.65,30.1,30.45,29.96,0.49,1.6355,376340.57,1141913.27,0.5498,1.0137,0.9,11.9159,11.8393,1.323,0.6939,0.6731,3.6194,,962034.1455,684504.1455,371258.6134,29293939.7305,20843151.2305,32.96,26.96,1.332
601601,中国太保,保险,上海,20071225,601601.SH,20210621,30.22,30.27,29.6,29.96,30.48,-0.52,-1.706,426340.41,1274457.014,0.6228,1.1484,0.96,11.7241,11.6488,1.3017,0.6827,0.6622,3.6786,,962034.1455,684504.1455,371258.6134,28822542.9992,20507744.1992,33.53,27.43,1.332
601601,中国太保,保险,上海,20071225,601601.SH,20210618,30.75,30.76,30.02,30.48,30.75,-0.27,-0.878,417525.61,1264747.85,0.61,1.1246,0.93,11.9276,11.8509,1.3243,0.6946,0.6737,3.6159,,962034.1455,684504.1455,371258.6134,29322800.7548,20863686.3548,33.83,27.68,1.332
601601,中国太保,保险,上海,20071225,601601.SH,20210617,31.6,31.86,30.6,30.75,31.75,-1.0,-3.1496,447783.7,1390251.035,0.6542,1.2061,1.08,12.0333,11.9559,1.336,0.7007,0.6797,3.5841,,962034.1455,684504.1455,371258.6134,29582549.9741,21048502.4741,34.93,28.58,1.332
601601,中国太保,保险,上海,20071225,601601.SH,20210616,31.59,32.02,31.51,31.75,31.62,0.13,0.4111,259101.11,823774.271,0.3785,0.6979,0.6,12.4246,12.3447,1.3795,0.7235,0.7018,3.4712,,962034.1455,684504.1455,371258.6134,30544584.1196,21733006.6196,34.78,28.46,1.332
601601,中国太保,保险,上海,20071225,601601.SH,20210615,32.51,32.64,31.38,31.62,32.51,-0.89,-2.7376,548033.03,1740457.24,0.8006,1.4761,1.51,12.3737,12.2942,1.3738,0.7205,0.6989,3.4855,,962034.1455,684504.1455,371258.6134,30419519.6807,21644021.0807,35.76,29.26,1.332
601601,中国太保,保险,上海,20071225,601601.SH,20210611,33.25,33.28,32.1,32.51,33.2,-0.69,-2.0783,547199.8,1783081.432,0.7994,1.4739,1.69,12.722,12.6402,1.4125,0.7408,0.7186,3.3901,,962034.1455,684504.1455,371258.6134,31275730.0702,22253229.7702,36.52,29.88,1.332
601601,中国太保,保险,上海,20071225,601601.SH,20210610,34.04,34.4,33.13,33.2,34.27,-1.07,-3.1223,445280.49,1499078.433,0.6505,1.1994,1.57,12.992,12.9085,1.4425,0.7565,0.7338,3.3196,3.3196,962034.1455,684504.1455,371258.6134,31939533.6306,22725537.6306,37.7,30.84,1.332
601601,中国太保,保险,上海,20071225,601601.SH,20210609,34.4,34.86,34.21,34.27,34.3,-0.03,-0.0875,278344.35,959205.123,0.4066,0.7497,0.92,13.4107,13.3245,1.489,0.7809,0.7575,3.216,3.216,962034.1455,684504.1455,371258.6134,32968910.1663,23457957.0663,37.73,30.87,1.332
601601,中国太保,保险,上海,20071225,601601.SH,20210608,33.91,34.55,33.66,34.3,33.97,0.33,0.9714,328421.93,1122220.9,0.4798,0.8846,0.91,13.4225,13.3362,1.4903,0.7816,0.7582,3.2132,3.2132,962034.1455,684504.1455,371258.6134,32997771.1907,23478492.1907,37.37,30.57,1.332
601601,中国太保,保险,上海,20071225,601601.SH,20210607,33.8,34.08,33.57,33.97,33.89,0.08,0.2361,218139.41,738012.973,0.3187,0.5876,0.55,13.2933,13.2079,1.4759,0.7741,0.7509,3.2444,3.2444,962034.1455,684504.1455,371258.6134,32680299.9226,23252605.8226,37.28,30.5,1.332
601601,中国太保,保险,上海,20071225,601601.SH,20210604,33.2,34.32,33.16,33.89,33.29,0.6,1.8023,352373.19,1192007.14,0.5148,0.9491,0.89,13.262,13.1768,1.4725,0.7723,0.7491,3.252,3.252,962034.1455,684504.1455,371258.6134,32603337.191,23197845.491,36.62,29.96,1.332
601601,中国太保,保险,上海,20071225,601601.SH,20210603,33.45,33.91,33.21,33.29,33.52,-0.23,-0.6862,241156.98,809360.719,0.3523,0.6496,0.57,13.0272,12.9435,1.4464,0.7586,0.7358,3.3107,3.3107,962034.1455,684504.1455,371258.6134,32026116.7037,22787143.0037,36.87,30.17,1.332
601601,中国太保,保险,上海,20071225,601601.SH,20210602,33.28,33.64,33.0,33.52,33.29,0.23,0.6909,365277.22,1218764.939,0.5336,0.9839,0.77,13.1172,13.0329,1.4564,0.7638,0.7409,3.2879,3.2879,962034.1455,684504.1455,371258.6134,32247384.5572,22944578.9572,36.62,29.96,1.332
601601,中国太保,保险,上海,20071225,601601.SH,20210601,34.19,34.21,33.02,33.29,34.4,-1.11,-3.2267,619231.28,2071893.224,0.9046,1.6679,1.21,13.0272,12.9435,1.4464,0.7586,0.7358,3.3107,3.3107,962034.1455,684504.1455,371258.6134,32026116.7037,22787143.0037,37.84,30.96,1.332
601601,中国太保,保险,上海,20071225,601601.SH,20210531,35.01,35.01,33.9,34.4,35.05,-0.65,-1.8545,411115.14,1409669.354,0.6006,1.1074,0.86,13.4616,13.3751,1.4946,0.7839,0.7604,3.2038,3.2038,962034.1455,684504.1455,371258.6134,33093974.6052,23546942.6052,38.56,31.55,1.332
601601,中国太保,保险,上海,20071225,601601.SH,20210528,35.02,35.4,34.73,35.05,35.12,-0.07,-0.1993,339829.15,1190834.843,0.4965,0.9153,0.72,13.716,13.6278,1.5229,0.7987,0.7747,3.1444,3.1444,962034.1455,684504.1455,371258.6134,33719296.7998,23991870.2998,38.63,31.61,1.332
601601,中国太保,保险,上海,20071225,601601.SH,20210527,35.11,35.49,34.81,35.12,35.45,-0.33,-0.9309,377686.78,1324733.246,0.5518,1.0173,0.82,13.7433,13.655,1.5259,0.8003,0.7763,3.1381,3.1381,962034.1455,684504.1455,371258.6134,33786639.19,24039785.59,39.0,31.91,1.332
601601,中国太保,保险,上海,20071225,601601.SH,20210526,35.6,35.8,35.1,35.45,35.45,0.0,0.0,634638.89,2249188.014,0.9272,1.7094,1.64,13.8725,13.7833,1.5402,0.8078,0.7836,3.1089,3.1089,962034.1455,684504.1455,371258.6134,34104110.458,24265671.958,39.0,31.91,1.332
601601,中国太保,保险,上海,20071225,601601.SH,20210525,33.75,35.97,33.48,35.45,33.73,1.72,5.0993,803457.15,2820748.659,1.1738,2.1641,2.67,13.8725,13.7833,1.5402,0.8078,0.7836,3.1089,3.1089,962034.1455,684504.1455,371258.6134,34104110.458,24265671.958,37.1,30.36,1.332
601601,中国太保,保险,上海,20071225,601601.SH,20210524,33.52,34.06,33.4,33.73,33.63,0.1,0.2974,224127.38,756465.608,0.3274,0.6037,0.71,13.1994,13.1146,1.4655,0.7686,0.7456,3.2675,3.2675,962034.1455,684504.1455,371258.6134,32449411.7277,23088324.8277,36.99,30.27,1.332
601601,中国太保,保险,上海,20071225,601601.SH,20210521,34.53,34.67,33.42,33.63,34.45,-0.82,-2.3803,324569.82,1096931.839,0.4742,0.8742,0.89,13.1603,13.0757,1.4612,0.7663,0.7434,3.2772,3.2772,962034.1455,684504.1455,371258.6134,32353208.3132,23019874.4132,37.9,31.01,1.332
601601,中国太保,保险,上海,20071225,601601.SH,20210520,33.77,34.75,33.55,34.45,33.76,0.69,2.0438,324552.12,1111169.789,0.4741,0.8742,0.94,13.4812,13.3945,1.4968,0.785,0.7615,3.1992,3.1992,962034.1455,684504.1455,371258.6134,33142076.3125,23581167.8125,37.14,30.38,1.332
601601,中国太保,保险,上海,20071225,601601.SH,20210519,34.09,34.36,33.55,33.76,34.2,-0.44,-1.2865,262292.39,888841.779,0.3832,0.7065,0.77,13.2111,13.1262,1.4668,0.7693,0.7462,3.2646,3.2646,962034.1455,684504.1455,371258.6134,32478272.7521,23108859.9521,37.62,30.78,1.332
601601,中国太保,保险,上海,20071225,601601.SH,20210518,33.88,34.8,33.83,34.2,33.81,0.39,1.1535,371633.2,1278674.029,0.5429,1.001,1.13,13.3833,13.2973,1.4859,0.7793,0.756,3.2226,3.2226,962034.1455,684504.1455,371258.6134,32901567.7761,23410041.7761,37.19,30.43,1.332
601601,中国太保,保险,上海,20071225,601601.SH,20210517,33.81,34.1,33.5,33.81,33.92,-0.11,-0.3243,301962.32,1019847.458,0.4411,0.8133,0.96,13.2307,13.1457,1.469,0.7704,0.7473,3.2597,3.2597,962034.1455,684504.1455,371258.6134,32526374.4594,23143085.1594,37.31,30.53,1.332
601601,中国太保,保险,上海,20071225,601601.SH,20210514,32.2,34.1,32.19,33.92,32.16,1.76,5.4726,568959.38,1899316.662,0.8312,1.5325,2.21,13.2738,13.1885,1.4738,0.7729,0.7498,3.2492,3.2492,962034.1455,684504.1455,371258.6134,32632198.2154,23218380.6154,35.38,28.94,1.332
601601,中国太保,保险,上海,20071225,601601.SH,20210513,32.18,32.42,31.81,32.16,32.42,-0.26,-0.802,229512.17,736527.234,0.3353,0.6182,0.86,12.585,12.5041,1.3973,0.7328,0.7109,3.427,3.427,962034.1455,684504.1455,371258.6134,30939018.1193,22013653.3193,35.66,29.18,1.332
601601,中国太保,保险,上海,20071225,601601.SH,20210512,32.28,32.62,32.06,32.42,32.46,-0.04,-0.1232,230431.21,744545.251,0.3366,0.6207,0.8,12.6868,12.6052,1.4086,0.7388,0.7166,3.3995,3.3995,962034.1455,684504.1455,371258.6134,31189146.9971,22191624.3971,35.71,29.21,1.332
601601,中国太保,保险,上海,20071225,601601.SH,20210511,32.54,32.65,31.97,32.46,32.7,-0.24,-0.7339,314870.05,1014407.233,0.46,0.8481,1.0,12.7024,12.6208,1.4103,0.7397,0.7175,3.3953,3.3953,962034.1455,684504.1455,371258.6134,31227628.3629,22219004.5629,35.97,29.43,1.332
601601,中国太保,保险,上海,20071225,601601.SH,20210510,32.45,32.72,32.21,32.7,32.27,0.43,1.3325,225098.64,731478.177,0.3288,0.6063,0.67,12.7963,12.7141,1.4207,0.7451,0.7228,3.3704,3.3704,962034.1455,684504.1455,371258.6134,31458516.5579,22383285.5579,35.5,29.04,1.332
601601,中国太保,保险,上海,20071225,601601.SH,20210507,33.1,33.32,32.13,32.27,32.97,-0.7,-2.1231,287415.14,941030.647,0.4199,0.7742,0.83,12.6281,12.5469,1.4021,0.7353,0.7133,3.4153,3.4153,962034.1455,684504.1455,371258.6134,31044841.8753,22088948.7753,36.27,29.67,1.332
601601,中国太保,保险,上海,20071225,601601.SH,20210506,32.86,33.5,32.77,32.97,32.89,0.08,0.2432,274725.16,910049.871,0.4013,0.74,0.73,12.902,12.8191,1.4325,0.7513,0.7288,3.3428,3.3428,962034.1455,684504.1455,371258.6134,31718265.7771,22568101.6771,36.18,29.6,1.332
601601,中国太保,保险,上海,20071225,601601.SH,20210430,33.89,33.89,32.8,32.89,33.78,-0.89,-2.6347,336825.71,1118657.167,0.4921,0.9073,0.91,12.8707,12.788,1.429,0.7495,0.727,3.3509,3.3509,962034.1455,684504.1455,371258.6134,31641303.0455,22513341.3455,37.16,30.4,1.332
601601,中国太保,保险,上海,20071225,601601.SH,20210429,33.31,34.1,33.18,33.78,33.54,0.24,0.7156,445720.12,1503093.96,0.6512,1.2006,1.3,13.219,13.134,1.4677,0.7698,0.7467,3.2626,3.2626,962034.1455,684504.1455,371258.6134,32497513.435,23122550.035,36.89,30.19,1.332
601601,中国太保,保险,上海,20071225,601601.SH,20210428,33.25,33.74,33.0,33.54,33.3,0.24,0.7207,325798.27,1088975.735,0.476,0.8776,0.94,13.1251,13.1251,1.4992,0.7643,0.7643,3.286,3.286,962034.1455,684504.1455,371258.6134,32266625.2401,22958269.0401,36.63,29.97,1.332
601601,中国太保,保险,上海,20071225,601601.SH,20210427,32.74,33.52,32.52,33.3,32.62,0.68,2.0846,350303.04,1155138.493,0.5118,0.9436,0.98,13.0311,13.0311,1.4885,0.7588,0.7588,3.3097,3.3097,962034.1455,684504.1455,371258.6134,32035737.0452,22793988.0452,35.88,29.36,1.332
601601,中国太保,保险,上海,20071225,601601.SH,20210426,33.58,33.58,32.58,32.62,33.59,-0.97,-2.8878,431054.34,1419365.239,0.6297,1.1611,1.21,12.765,12.765,1.4581,0.7433,0.7433,3.3787,3.3787,962034.1455,684504.1455,371258.6134,31381553.8262,22328525.2262,36.95,30.23,1.332
601601,中国太保,保险,上海,20071225,601601.SH,20210423,33.78,34.15,33.26,33.59,33.8,-0.21,-0.6213,296781.95,999158.664,0.4336,0.7994,0.85,13.1446,13.1446,1.5014,0.7654,0.7654,3.2811,3.2811,962034.1455,684504.1455,371258.6134,32314726.9473,22992494.2473,37.18,30.42,1.332
601601,中国太保,保险,上海,20071225,601601.SH,20210422,34.26,34.32,33.68,33.8,33.81,-0.01,-0.0296,315045.89,1069929.353,0.4603,0.8486,0.87,13.2268,13.2268,1.5108,0.7702,0.7702,3.2607,3.2607,962034.1455,684504.1455,371258.6134,32516754.1179,23136240.1179,37.19,30.43,1.332
601601,中国太保,保险,上海,20071225,601601.SH,20210421,34.04,34.14,33.69,33.81,34.23,-0.42,-1.227,347500.46,1176839.992,0.5077,0.936,0.98,13.2307,13.2307,1.5113,0.7704,0.7704,3.2597,3.2597,962034.1455,684504.1455,371258.6134,32526374.4594,23143085.1594,37.65,30.81,1.332
601601,中国太保,保险,上海,20071225,601601.SH,20210420,34.54,34.57,34.03,34.23,34.76,-0.53,-1.5247,404513.56,1387499.262,0.591,1.0896,1.21,13.3951,13.3951,1.5301,0.78,0.78,3.2197,3.2197,962034.1455,684504.1455,371258.6134,32930428.8005,23430576.9005,38.24,31.28,1.332
601601,中国太保,保险,上海,20071225,601601.SH,20210419,34.68,34.87,34.0,34.76,34.74,0.02,0.0576,417104.11,1438625.13,0.6094,1.1235,1.33,13.6025,13.6025,1.5537,0.7921,0.7921,3.1706,3.1706,962034.1455,684504.1455,371258.6134,33440306.8976,23793364.0976,38.21,31.27,1.332
601601,中国太保,保险,上海,20071225,601601.SH,20210416,34.06,34.88,33.91,34.74,34.06,0.68,1.9965,258760.61,893390.602,0.378,0.697,0.84,13.5946,13.5946,1.5529,0.7916,0.7916,3.1725,3.1725,962034.1455,684504.1455,371258.6134,33421066.2147,23779674.0147,37.47,30.65,1.332
601601,中国太保,保险,上海,20071225,601601.SH,20210415,34.34,34.45,33.53,34.06,34.75,-0.69,-1.9856,376708.35,1277451.395,0.5503,1.0147,1.26,13.3285,13.3285,1.5225,0.7761,0.7761,3.2358,3.2358,962034.1455,684504.1455,371258.6134,32766882.9957,23314211.1957,38.23,31.28,1.332
601601,中国太保,保险,上海,20071225,601601.SH,20210414,34.62,35.05,34.28,34.75,34.58,0.17,0.4916,311220.9,1076407.19,0.4547,0.8383,0.87,13.5986,13.5986,1.5533,0.7919,0.7919,3.1716,3.1716,962034.1455,684504.1455,371258.6134,33430686.5561,23786519.0561,38.04,31.12,1.332
601601,中国太保,保险,上海,20071225,601601.SH,20210413,35.1,35.28,34.23,34.58,34.85,-0.27,-0.7747,302971.04,1048412.095,0.4426,0.8161,0.91,13.532,13.532,1.5457,0.788,0.788,3.1872,3.1872,962034.1455,684504.1455,371258.6134,33267140.7514,23670153.3514,38.34,31.37,1.332
601601,中国太保,保险,上海,20071225,601601.SH,20210412,35.66,35.84,34.61,34.85,35.56,-0.71,-1.9966,317093.81,1112112.867,0.4632,0.8541,1.01,13.6377,13.6377,1.5578,0.7941,0.7941,3.1625,3.1625,962034.1455,684504.1455,371258.6134,33526889.9707,23854969.4707,39.12,32.0,1.332
601601,中国太保,保险,上海,20071225,601601.SH,20210409,36.23,36.4,35.31,35.56,36.33,-0.77,-2.1195,241389.84,857705.759,0.3526,0.6448,0.81,13.9155,13.9155,1.5895,0.8103,0.8103,3.0993,3.0993,962034.1455,684504.1455,374385.3744,34209934.214,24340967.414,39.96,32.7,1.332
601601,中国太保,保险,上海,20071225,601601.SH,20210408,35.58,36.5,35.53,36.33,35.72,0.61,1.7077,321151.35,1160793.306,0.4692,0.8578,1.19,14.2168,14.2168,1.6239,0.8279,0.8279,3.0336,3.0336,962034.1455,684504.1455,374385.3744,34950700.506,24868035.606,39.29,32.15,1.332
601601,中国太保,保险,上海,20071225,601601.SH,20210407,37.41,37.65,35.4,35.72,37.53,-1.81,-4.8228,613487.66,2207017.135,0.8963,1.6387,2.92,13.9781,13.9781,1.5967,0.814,0.814,3.0854,3.0854,962034.1455,684504.1455,374385.3744,34363859.6773,24450488.0773,41.28,33.78,1.332
601601,中国太保,保险,上海,20071225,601601.SH,20210406,38.22,38.29,37.47,37.53,38.05,-0.52,-1.3666,173561.34,653451.471,0.2536,0.4636,0.71,14.6864,14.6864,1.6776,0.8552,0.8552,2.9366,2.9366,962034.1455,684504.1455,374385.3744,36105141.4806,25689440.5806,41.86,34.25,1.332
601601,中国太保,保险,上海,20071225,601601.SH,20210402,38.15,38.41,37.71,38.05,38.35,-0.3,-0.7823,225964.7,858764.023,0.3301,0.6036,0.81,14.8899,14.8899,1.7008,0.8671,0.8671,2.8965,2.8965,962034.1455,684504.1455,374385.3744,36605399.2363,26045382.7363,42.19,34.52,1.332
601601,中国太保,保险,上海,20071225,601601.SH,20210401,38.02,38.66,37.89,38.35,37.84,0.51,1.3478,163203.59,626402.107,0.2384,0.4359,0.56,15.0073,15.0073,1.7142,0.8739,0.8739,2.8738,2.8738,962034.1455,684504.1455,374385.3744,36894009.4799,26250733.9799,41.62,34.06,1.332
601601,中国太保,保险,上海,20071225,601601.SH,20210331,38.4,38.45,37.68,37.84,38.36,-0.52,-1.3556,178711.42,678038.408,0.2611,0.4773,0.55,14.8077,14.8077,1.6914,0.8623,0.8623,2.9126,2.9126,962034.1455,684504.1455,374385.3744,36403372.0657,25901636.8657,42.2,34.52,1.332
601601,中国太保,保险,上海,20071225,601601.SH,20210330,38.4,38.57,37.79,38.36,38.68,-0.32,-0.8273,309362.42,1177922.61,0.452,0.8263,0.93,15.0112,15.0112,1.7147,0.8741,0.8741,2.8731,2.8731,962034.1455,684504.1455,374385.3744,36903629.8214,26257579.0214,42.55,34.81,1.332
601601,中国太保,保险,上海,20071225,601601.SH,20210329,38.16,38.8,37.6,38.68,38.51,0.17,0.4414,340187.64,1305293.419,0.497,1.0877,0.97,15.1365,15.1365,1.729,0.8814,0.8814,2.8493,2.8493,962034.1455,684504.1455,312770.2495,37211480.7479,26476620.3479,42.36,34.66,1.332
601601,中国太保,保险,上海,20071225,601601.SH,20210326,37.8,39.09,37.77,38.51,37.5,1.01,2.6933,406053.7,1563821.503,0.5932,1.2982,1.06,13.3549,15.1371,1.8273,0.9611,0.8902,2.8619,2.8619,962034.1455,684504.1455,312770.2495,37047934.9432,26360254.6432,41.25,33.75,1.332
601601,中国太保,保险,上海,20071225,601601.SH,20210325,36.95,37.84,36.95,37.5,37.16,0.34,0.915,221233.76,829594.897,0.3232,0.7073,0.51,13.0047,14.7401,1.7793,0.9359,0.8668,2.939,2.939,962034.1455,684504.1455,312770.2495,36076280.4563,25668905.4563,40.88,33.44,1.332
601601,中国太保,保险,上海,20071225,601601.SH,20210324,37.9,38.1,37.04,37.16,38.2,-1.04,-2.7225,347755.0,1299653.839,0.508,1.1119,0.8,12.8868,14.6064,1.7632,0.9274,0.859,2.9659,2.9659,962034.1455,684504.1455,312770.2495,35749188.8468,25436174.0468,42.02,34.38,1.332
601601,中国太保,保险,上海,20071225,601601.SH,20210323,37.96,38.71,37.52,38.2,37.94,0.26,0.6853,340297.58,1295354.143,0.4971,1.088,0.75,13.2474,15.0152,1.8126,0.9533,0.883,2.8851,2.8851,962034.1455,684504.1455,312770.2495,36749704.3581,26148058.3581,41.73,34.15,1.332
601601,中国太保,保险,上海,20071225,601601.SH,20210322,38.78,38.86,37.62,37.94,38.55,-0.61,-1.5824,445493.52,1693633.973,0.6508,1.4243,1.02,13.1573,14.913,1.8002,0.9468,0.877,2.9049,2.9049,962034.1455,684504.1455,312770.2495,36499575.4803,25970087.2803,42.41,34.7,1.332
601601,中国太保,保险,上海,20071225,601601.SH,20210319,40.05,40.1,38.31,38.55,40.43,-1.88,-4.65,552939.9,2155775.484,0.8078,1.7679,1.4,13.3688,15.1528,1.8292,0.9621,0.8911,2.8589,2.8589,962034.1455,684504.1455,312770.2495,37086416.309,26387634.809,44.47,36.39,1.332
601601,中国太保,保险,上海,20071225,601601.SH,20210318,41.71,41.71,39.9,40.43,41.58,-1.15,-2.7658,464928.47,1878271.64,0.6792,1.4865,1.22,14.0208,15.8917,1.9184,1.009,0.9346,2.726,2.726,962034.1455,684504.1455,312770.2495,38895040.5026,27674502.6026,45.74,37.42,1.332
601601,中国太保,保险,上海,20071225,601601.SH,20210317,42.84,42.98,40.93,41.58,43.12,-1.54,-3.5714,358664.86,1497683.435,0.524,1.1467,0.99,14.4196,16.3438,1.9729,1.0377,0.9611,2.6506,2.6506,962034.1455,684504.1455,312770.2495,40001379.7699,28461682.3699,47.43,38.81,1.332
601601,中国太保,保险,上海,20071225,601601.SH,20210316,41.92,43.8,41.67,43.12,41.5,1.62,3.9036,458322.4,1960530.535,0.6696,1.4654,1.3,14.9536,16.9491,2.046,1.0761,0.9967,2.5559,2.5559,962034.1455,684504.1455,312770.2495,41482912.354,29515818.754,45.65,37.35,1.332
601601,中国太保,保险,上海,20071225,601601.SH,20210315,41.55,42.85,40.84,41.5,41.67,-0.17,-0.408,345459.44,1439037.543,0.5047,1.1045,0.93,14.3918,16.3123,1.9691,1.0357,0.9593,2.6557,2.6557,962034.1455,684504.1455,312770.2495,39924417.0383,28406922.0383,45.84,37.5,1.332
601601,中国太保,保险,上海,20071225,601601.SH,20210312,42.0,42.15,40.84,41.67,42.1,-0.43,-1.0214,344179.95,1425150.48,0.5028,1.1004,0.82,14.4508,16.3791,1.9772,1.0399,0.9632,2.6449,2.6449,962034.1455,684504.1455,312770.2495,40087962.843,28523287.743,46.31,37.89,1.332
601601,中国太保,保险,上海,20071225,601601.SH,20210311,41.95,42.91,41.31,42.1,41.4,0.7,1.6908,393057.22,1649267.4,0.5742,1.2567,0.93,14.5999,16.5482,1.9976,1.0507,0.9732,2.6179,2.6179,962034.1455,684504.1455,312770.2495,40501637.5256,28817624.5256,45.54,37.26,1.332
601601,中国太保,保险,上海,20071225,601601.SH,20210310,42.25,42.75,41.36,41.4,42.16,-0.76,-1.8027,267065.24,1119105.425,0.3902,0.8539,0.56,14.3572,16.273,1.9644,1.0332,0.957,2.6621,2.6621,962034.1455,684504.1455,312770.2495,39828213.6237,28338471.6237,46.38,37.94,1.332
601601,中国太保,保险,上海,20071225,601601.SH,20210309,43.1,43.78,41.71,42.16,42.93,-0.77,-1.7936,416330.14,1772600.65,0.6082,1.3311,0.87,14.6207,16.5718,2.0005,1.0522,0.9746,2.6141,2.6141,962034.1455,684504.1455,312770.2495,40559359.5743,28858694.7743,47.22,38.64,1.332
601601,中国太保,保险,上海,20071225,601601.SH,20210308,43.93,44.83,42.81,42.93,43.08,-0.15,-0.3482,436705.11,1916708.95,0.638,1.3962,0.87,14.8878,16.8744,2.037,1.0714,0.9924,2.5672,2.5672,962034.1455,684504.1455,312770.2495,41300125.8663,29385762.9663,47.39,38.77,1.332
601601,中国太保,保险,上海,20071225,601601.SH,20210305,44.05,44.5,41.5,43.08,45.13,-2.05,-4.5424,577523.65,2474670.354,0.8437,1.8465,1.12,14.9398,16.9334,2.0441,1.0751,0.9958,2.5583,2.5583,962034.1455,684504.1455,312770.2495,41444430.9881,29488438.5881,49.64,40.62,1.332
601601,中国太保,保险,上海,20071225,601601.SH,20210304,44.82,46.3,44.58,45.13,45.31,-0.18,-0.3973,411046.1,1863878.956,0.6005,1.3142,0.74,15.6507,17.7392,2.1414,1.1263,1.0432,2.4421,2.4421,962034.1455,684504.1455,312770.2495,43416600.9864,30891672.0864,49.84,40.78,1.332
601601,中国太保,保险,上海,20071225,601601.SH,20210303,44.43,47.14,43.65,45.31,44.0,1.31,2.9773,557245.52,2543047.724,0.8141,1.7816,1.01,15.7131,17.8099,2.1499,1.1308,1.0474,2.4324,2.4324,962034.1455,684504.1455,312770.2495,43589767.1326,31014882.8326,48.4,39.6,1.332
601601,中国太保,保险,上海,20071225,601601.SH,20210302,43.8,44.65,43.2,44.0,43.56,0.44,1.0101,413060.11,1817849.915,0.6034,1.3207,0.71,15.2588,17.295,2.0878,1.0981,1.0171,2.5048,2.5048,962034.1455,684504.1455,312770.2495,42329502.402,30118182.402,47.92,39.2,1.332
601601,中国太保,保险,上海,20071225,601601.SH,20210301,43.99,44.8,42.75,43.56,44.19,-0.63,-1.4257,553848.55,2412727.572,0.8091,1.7708,0.94,15.1062,17.122,2.0669,1.0871,1.0069,2.5301,2.5301,962034.1455,684504.1455,312770.2495,41906207.378,29817000.578,48.61,39.77,1.332
601601,中国太保,保险,上海,20071225,601601.SH,20210226,44.95,46.33,44.0,44.19,46.0,-1.81,-3.9348,636501.16,2867262.024,0.9299,2.035,1.12,15.3247,17.3697,2.0968,1.1028,1.0215,2.494,2.494,962034.1455,684504.1455,312770.2495,42512288.8896,30248238.1896,50.6,41.4,1.332
601601,中国太保,保险,上海,20071225,601601.SH,20210225,43.7,46.78,43.22,46.0,43.0,3.0,6.9767,610474.75,2768722.852,0.8918,1.9518,1.04,15.9524,18.0811,2.1827,1.148,1.0633,2.3959,2.3959,962034.1455,684504.1455,312770.2495,44253570.693,31487190.693,47.3,38.7,1.332
601601,中国太保,保险,上海,20071225,601601.SH,20210224,44.76,45.35,42.11,43.0,44.74,-1.74,-3.8891,549089.77,2390831.63,0.8022,1.7556,1.0,14.912,16.9019,2.0403,1.0731,0.994,2.5631,2.5631,962034.1455,684504.1455,312770.2495,41367468.2565,29433678.2565,49.21,40.27,1.332
601601,中国太保,保险,上海,20071225,601601.SH,20210223,42.0,45.05,41.5,44.74,42.62,2.12,4.9742,553561.79,2440520.873,0.8087,1.7699,1.04,15.5154,17.5859,2.1229,1.1165,1.0342,2.4634,2.4634,962034.1455,684504.1455,312770.2495,43041407.6697,30624715.4697,46.88,38.36,1.332
601601,中国太保,保险,上海,20071225,601601.SH,20210222,42.31,44.54,42.31,42.62,42.31,0.31,0.7327,598419.92,2605387.138,0.8742,1.9133,1.22,14.7803,16.7526,2.0223,1.0636,0.9852,2.5859,2.5859,962034.1455,684504.1455,312770.2495,41001895.2812,29173566.6812,46.54,38.08,1.332
601601,中国太保,保险,上海,20071225,601601.SH,20210219,40.78,43.48,40.54,42.31,41.13,1.18,2.869,517389.06,2200684.194,0.7559,1.6542,1.05,14.6727,16.6307,2.0076,1.0559,0.978,2.6049,2.6049,962034.1455,684504.1455,312770.2495,40703664.6961,28961370.3961,45.24,37.02,1.332
601601,中国太保,保险,上海,20071225,601601.SH,20210218,41.0,41.98,40.65,41.13,39.15,1.98,5.0575,702761.67,2902495.955,1.0267,2.2469,1.54,14.2635,16.1669,1.9516,1.0264,0.9507,2.6796,2.6796,962034.1455,684504.1455,312770.2495,39568464.4044,28153655.5044,43.07,35.24,1.332
601601,中国太保,保险,上海,20071225,601601.SH,20210210,38.4,39.88,38.28,39.15,38.48,0.67,1.7412,360584.57,1415605.065,0.5268,1.1529,0.75,13.5769,15.3886,1.8576,0.977,0.905,2.8151,2.8151,962034.1455,684504.1455,312770.2495,37663636.7963,26798337.2963,42.33,34.63,1.332
601601,中国太保,保险,上海,20071225,601601.SH,20210209,38.7,38.71,37.27,38.48,38.88,-0.4,-1.0288,478060.14,1812776.799,0.6984,1.5285,0.95,13.3445,15.1253,1.8258,0.9603,0.8895,2.8641,2.8641,962034.1455,684504.1455,312770.2495,37019073.9188,26339719.5188,42.77,34.99,1.332
601601,中国太保,保险,上海,20071225,601601.SH,20210208,38.9,39.68,38.09,38.88,38.82,0.06,0.1546,395346.37,1533257.297,0.5776,1.264,0.78,13.4833,15.2825,1.8448,0.9703,0.8987,2.8347,2.8347,962034.1455,684504.1455,312770.2495,37403887.577,26613521.177,42.7,34.94,1.332
601601,中国太保,保险,上海,20071225,601601.SH,20210205,37.16,39.09,37.16,38.82,37.28,1.54,4.1309,531338.0,2036189.519,0.7762,1.6988,0.91,13.4624,15.2589,1.842,0.9688,0.8973,2.839,2.839,962034.1455,684504.1455,312770.2495,37346165.5283,26572450.9283,41.01,33.55,1.332
601601,中国太保,保险,上海,20071225,601601.SH,20210204,36.75,38.08,36.55,37.28,36.56,0.72,1.9694,518709.06,1934437.055,0.7578,1.6584,0.88,12.9284,14.6536,1.7689,0.9304,0.8618,2.9563,2.9563,962034.1455,684504.1455,312770.2495,35864632.9442,25518314.5442,40.22,32.9,1.332
601601,中国太保,保险,上海,20071225,601601.SH,20210203,36.22,37.12,35.83,36.56,36.4,0.16,0.4396,473357.44,1726779.411,0.6915,1.5134,0.83,12.6787,14.3706,1.7347,0.9124,0.8451,3.0145,3.0145,962034.1455,684504.1455,312770.2495,35171968.3595,25025471.5595,40.04,32.76,1.332
601601,中国太保,保险,上海,20071225,601601.SH,20210202,35.4,36.78,35.09,36.4,35.41,0.99,2.7958,588044.3,2106780.549,0.8591,1.8801,1.12,12.6232,14.3077,1.7272,0.9084,0.8414,3.0278,3.0278,962034.1455,684504.1455,312770.2495,35018042.8962,24915950.8962,38.95,31.87,1.332
601601,中国太保,保险,上海,20071225,601601.SH,20210201,34.6,35.68,34.32,35.41,34.69,0.72,2.0755,438900.74,1539137.23,0.6412,1.4033,0.8,12.2799,13.9185,1.6802,0.8837,0.8185,3.1124,3.1124,962034.1455,684504.1455,312770.2495,34065629.0922,24238291.7922,38.16,31.22,1.332
601601,中国太保,保险,上海,20071225,601601.SH,20210129,36.16,36.19,34.11,34.69,36.66,-1.97,-5.3737,903436.59,3155384.226,1.3198,2.8885,1.81,12.0302,13.6355,1.646,0.8657,0.8019,3.177,3.177,962034.1455,684504.1455,312770.2495,33372964.5074,23745448.8074,40.33,32.99,1.332
601601,中国太保,保险,上海,20071225,601601.SH,20210128,37.6,37.6,36.26,36.66,38.05,-1.39,-3.6531,546577.34,2012766.481,0.7985,1.7475,1.06,12.7134,14.4099,1.7395,0.9149,0.8474,3.0063,3.0063,962034.1455,684504.1455,312770.2495,35268171.774,25093921.974,41.86,34.25,1.332
601601,中国太保,保险,上海,20071225,601601.SH,20210127,37.49,38.62,37.4,38.05,37.34,0.71,1.9014,376400.42,1438142.922,0.5499,1.2034,0.64,13.1954,14.9562,1.8054,0.9496,0.8796,2.8965,2.8965,962034.1455,684504.1455,312770.2495,36605399.2363,26045382.7363,41.07,33.61,1.332
601601,中国太保,保险,上海,20071225,601601.SH,20210126,37.99,38.48,37.15,37.34,38.49,-1.15,-2.9878,360797.88,1363323.599,0.5271,1.1536,0.56,12.9492,14.6772,1.7718,0.9319,0.8631,2.9516,2.9516,962034.1455,684504.1455,312770.2495,35922354.993,25559384.793,42.34,34.64,1.332
601601,中国太保,保险,上海,20071225,601601.SH,20210125,37.4,38.53,36.81,38.49,37.57,0.92,2.4488,557455.25,2099725.508,0.8144,1.7823,0.89,13.348,15.1292,1.8263,0.9606,0.8897,2.8634,2.8634,962034.1455,684504.1455,312770.2495,37028694.2603,26346564.5603,41.33,33.81,1.332
601601,中国太保,保险,上海,20071225,601601.SH,20210122,39.5,39.5,37.31,37.57,39.65,-2.08,-5.2459,658031.57,2503520.85,0.9613,2.1039,1.02,13.029,14.7676,1.7827,0.9376,0.8685,2.9335,2.9335,962034.1455,684504.1455,312770.2495,36143622.8464,25716820.7464,43.62,35.69,1.332
601601,中国太保,保险,上海,20071225,601601.SH,20210121,39.58,40.37,39.02,39.65,39.81,-0.16,-0.4019,620745.03,2458209.237,0.9069,1.9847,1.01,13.7503,15.5851,1.8814,0.9895,0.9165,2.7796,2.7796,962034.1455,684504.1455,312770.2495,38144653.8691,27140589.3691,43.79,35.83,1.332
601601,中国太保,保险,上海,20071225,601601.SH,20210120,41.98,42.18,39.37,39.81,42.2,-2.39,-5.6635,765284.51,3092311.063,1.118,2.4468,1.29,13.8058,15.648,1.889,0.9935,0.9202,2.7684,2.7684,962034.1455,684504.1455,312770.2495,38298579.3324,27250110.0324,46.42,37.98,1.332
601601,中国太保,保险,上海,20071225,601601.SH,20210119,41.4,43.88,41.31,42.2,41.3,0.9,2.1792,623597.63,2656669.503,0.911,1.9938,1.02,14.6346,16.5875,2.0024,1.0532,0.9755,2.6117,2.6117,962034.1455,684504.1455,312770.2495,40597840.9401,28886074.9401,45.43,37.17,1.332
601601,中国太保,保险,上海,20071225,601601.SH,20210118,41.3,41.79,40.39,41.3,41.08,0.22,0.5355,457053.64,1882552.68,0.6677,1.4613,0.74,14.3225,16.2337,1.9597,1.0307,0.9547,2.6686,2.6686,962034.1455,684504.1455,312770.2495,39732010.2092,28270021.2092,45.19,36.97,1.332
601601,中国太保,保险,上海,20071225,601601.SH,20210115,39.15,42.92,39.15,41.08,39.5,1.58,4.0,763669.75,3163183.133,1.1157,2.4416,1.36,14.2462,16.1472,1.9492,1.0252,0.9496,2.6829,2.6829,962034.1455,684504.1455,312770.2495,39520362.6971,28119430.2971,43.45,35.55,1.332
601601,中国太保,保险,上海,20071225,601601.SH,20210114,39.35,39.93,38.53,39.5,39.2,0.3,0.7653,451988.23,1775043.648,0.6603,1.4451,0.76,13.6983,15.5262,1.8742,0.9858,0.9131,2.7902,2.7902,962034.1455,684504.1455,312770.2495,38000348.7473,27037913.7473,43.12,35.28,1.332
601601,中国太保,保险,上海,20071225,601601.SH,20210113,40.7,40.99,38.81,39.2,40.25,-1.05,-2.6087,659522.34,2613787.191,0.9635,2.1086,1.18,13.5942,15.4083,1.86,0.9783,0.9061,2.8115,2.8115,962034.1455,684504.1455,312770.2495,37711738.5036,26832562.5036,44.28,36.23,1.332
601601,中国太保,保险,上海,20071225,601601.SH,20210112,39.1,40.43,38.5,40.25,39.26,0.99,2.5217,724538.29,2877888.421,1.0585,2.3165,1.23,13.9584,15.821,1.9098,1.0045,0.9304,2.7382,2.7382,962034.1455,684504.1455,312770.2495,38721874.3564,27551291.8564,43.19,35.33,1.332
601601,中国太保,保险,上海,20071225,601601.SH,20210111,38.6,39.6,38.21,39.26,39.0,0.26,0.6667,499071.67,1940754.701,0.7291,1.5956,0.81,13.615,15.4319,1.8629,0.9798,0.9075,2.8072,2.8072,962034.1455,684504.1455,312770.2495,37769460.5523,26873632.7523,42.9,35.1,1.332
601601,中国太保,保险,上海,20071225,601601.SH,20210108,39.27,39.54,38.33,39.0,39.27,-0.27,-0.6875,474632.24,1841108.664,0.6934,1.5175,0.7,13.5249,15.3297,1.8505,0.9733,0.9015,2.8259,2.8259,962034.1455,684504.1455,312770.2495,37519331.6745,26695661.6745,43.2,35.34,1.332
601601,中国太保,保险,上海,20071225,601601.SH,20210107,38.03,39.37,37.8,39.27,38.17,1.1,2.8818,598581.96,2305174.746,0.8745,1.9138,0.97,13.6185,15.4358,1.8633,0.98,0.9078,2.8065,2.8065,962034.1455,684504.1455,312770.2495,37779080.8938,26880477.7938,41.99,34.35,1.332
601601,中国太保,保险,上海,20071225,601601.SH,20210106,37.35,38.29,37.12,38.17,37.9,0.27,0.7124,508477.79,1921717.655,0.7428,1.6257,0.89,13.237,15.0034,1.8111,0.9526,0.8823,2.8874,2.8874,962034.1455,684504.1455,312770.2495,36720843.3337,26127523.2337,41.69,34.11,1.3324
601601,中国太保,保险,上海,20071225,601601.SH,20210105,38.1,38.15,35.8,37.9,38.35,-0.45,-1.1734,857632.4,3161738.884,1.2529,2.7421,1.77,13.1434,14.8973,1.7983,0.9458,0.8761,2.908,2.908,962034.1455,684504.1455,312770.2495,36461094.1145,25942707.1145,42.19,34.52,1.3324
601601,中国太保,保险,上海,20071225,601601.SH,20210104,38.6,38.88,37.69,38.35,38.4,-0.05,-0.1302,658295.29,2518413.534,0.9617,2.1047,1.45,13.2995,15.0742,1.8197,0.9571,0.8865,2.8738,2.8738,962034.1455,684504.1455,312770.2495,36894009.4799,26250733.9799,42.24,34.56,1.3324
601601,中国太保,保险,上海,20071225,601601.SH,20201231,36.18,38.69,36.06,38.4,36.22,2.18,6.0188,752991.57,2820007.526,1.1001,2.4075,2.18,13.3168,15.0938,1.8221,0.9583,0.8876,2.3917,2.8701,962034.1455,684504.1455,312770.2495,36942111.1872,26284959.1872,39.84,32.6,1.3324
601601,中国太保,保险,上海,20071225,601601.SH,20201230,36.26,36.4,35.66,36.22,36.26,-0.04,-0.1103,315218.27,1133470.832,0.4605,1.0078,0.86,12.5608,14.2369,1.7186,0.9039,0.8372,2.5357,3.0428,962034.1455,684504.1455,312770.2495,34844876.75,24792740.15,39.89,32.63,1.3324
601601,中国太保,保险,上海,20071225,601601.SH,20201229,36.23,36.98,36.05,36.26,36.25,0.01,0.0276,281385.24,1028097.219,0.4111,0.8997,0.64,12.5747,14.2526,1.7205,0.9049,0.8382,2.5329,3.0395,962034.1455,684504.1455,312770.2495,34883358.1158,24820120.3158,39.88,32.63,1.3324
601601,中国太保,保险,上海,20071225,601601.SH,20201228,35.4,36.58,35.22,36.25,35.4,0.85,2.4011,412232.78,1486612.905,0.6022,1.318,0.95,12.5712,14.2487,1.72,0.9047,0.8379,2.5336,3.0403,962034.1455,684504.1455,312770.2495,34873737.7744,24813275.2744,38.94,31.86,1.3324
601601,中国太保,保险,上海,20071225,601601.SH,20201225,35.81,35.9,34.66,35.4,36.31,-0.91,-2.5062,513020.5,1805054.213,0.7495,1.6402,1.3,12.2764,13.9146,1.6797,0.8834,0.8183,2.5944,3.1133,962034.1455,684504.1455,312770.2495,34056008.7507,24231446.7507,39.94,32.68,1.3324
601601,中国太保,保险,上海,20071225,601601.SH,20201224,36.11,36.56,35.8,36.31,36.12,0.19,0.526,208253.78,752961.573,0.3042,0.6658,0.48,12.592,14.2723,1.7229,0.9062,0.8393,2.5294,3.0353,962034.1455,684504.1455,312770.2495,34931459.8231,24854345.5231,39.73,32.51,1.3324
601601,中国太保,保险,上海,20071225,601601.SH,20201223,35.81,36.2,35.15,36.12,35.81,0.31,0.8657,426479.74,1521305.309,0.623,1.3636,0.99,12.5261,14.1976,1.7139,0.9014,0.8349,2.5427,3.0513,962034.1455,684504.1455,312770.2495,34748673.3355,24724289.7355,39.39,32.23,1.3324
601601,中国太保,保险,上海,20071225,601601.SH,20201222,37.15,37.71,35.31,35.81,37.59,-1.78,-4.7353,648658.98,2361854.877,0.9476,2.0739,1.78,12.4186,14.0758,1.6992,0.8937,0.8278,2.5647,3.0777,962034.1455,684504.1455,312770.2495,34450442.7504,24512093.4504,41.35,33.83,1.3324
601601,中国太保,保险,上海,20071225,601601.SH,20201221,37.45,38.09,36.86,37.59,37.43,0.16,0.4275,373694.05,1403718.51,0.5459,1.1948,1.02,13.0359,14.7754,1.7836,0.9381,0.8689,2.4433,2.9319,962034.1455,684504.1455,312770.2495,36162863.5293,25730510.8293,41.17,33.69,1.3324
601601,中国太保,保险,上海,20071225,601601.SH,20201218,37.9,38.1,37.26,37.43,38.18,-0.75,-1.9644,323168.88,1214917.326,0.4721,1.0332,0.82,12.9804,14.7125,1.776,0.9341,0.8652,2.4537,2.9445,962034.1455,684504.1455,312770.2495,36008938.0661,25620990.1661,42.0,34.36,1.3324
601601,中国太保,保险,上海,20071225,601601.SH,20201217,37.37,38.4,36.91,38.18,37.61,0.57,1.5156,400085.42,1514208.761,0.5845,1.2792,1.07,13.2405,15.0073,1.8116,0.9528,0.8826,2.4055,2.8866,962034.1455,684504.1455,312770.2495,36730463.6752,26134368.2752,41.37,33.85,1.3324
601601,中国太保,保险,上海,20071225,601601.SH,20201216,37.19,38.42,36.66,37.61,36.87,0.74,2.0071,412483.16,1552568.131,0.6026,1.3188,1.12,13.0428,14.7833,1.7846,0.9386,0.8694,2.442,2.9304,962034.1455,684504.1455,312770.2495,36182104.2123,25744200.9123,40.56,33.18,1.3324
601601,中国太保,保险,上海,20071225,601601.SH,20201215,37.2,37.3,36.35,36.87,37.37,-0.5,-1.338,308982.05,1135633.656,0.4514,0.9879,0.83,12.7862,14.4924,1.7495,0.9201,0.8523,2.491,2.9892,962034.1455,684504.1455,312770.2495,35470198.9446,25237667.8446,41.11,33.63,1.3324
601601,中国太保,保险,上海,20071225,601601.SH,20201214,37.2,38.16,37.09,37.37,36.77,0.6,1.6318,393584.87,1478246.46,0.575,1.2584,1.05,12.9596,14.689,1.7732,0.9326,0.8638,2.4577,2.9492,962034.1455,684504.1455,312770.2495,35951216.0173,25579919.9173,40.45,33.09,1.3324
601601,中国太保,保险,上海,20071225,601601.SH,20201211,37.96,37.96,36.48,36.77,37.35,-0.58,-1.5529,447504.99,1660275.716,0.6538,1.4308,1.24,12.7515,14.4531,1.7447,0.9176,0.85,2.4978,2.9973,962034.1455,684504.1455,312770.2495,35373995.53,25169217.43,41.09,33.62,1.3324
601601,中国太保,保险,上海,20071225,601601.SH,20201210,37.8,38.12,36.97,37.35,37.4,-0.05,-0.1337,315000.35,1182803.574,0.4602,1.0071,0.85,12.9527,14.6811,1.7722,0.9321,0.8634,2.459,2.9508,962034.1455,684504.1455,312770.2495,35931975.3344,25566229.8344,41.14,33.66,1.3324
601601,中国太保,保险,上海,20071225,601601.SH,20201209,37.98,38.3,37.4,37.4,37.67,-0.27,-0.7168,370061.8,1404127.0,0.5406,1.1832,0.94,12.97,14.7007,1.7746,0.9334,0.8645,2.4557,2.9468,962034.1455,684504.1455,312770.2495,35980077.0417,25600455.0417,41.44,33.9,1.3324
601601,中国太保,保险,上海,20071225,601601.SH,20201208,37.95,38.48,37.5,37.67,37.81,-0.14,-0.3703,339496.43,1286605.187,0.496,1.0854,0.68,13.0636,14.8069,1.7874,0.9401,0.8708,2.4381,2.9257,962034.1455,684504.1455,312770.2495,36239826.261,25785271.161,41.59,34.03,1.3324
601601,中国太保,保险,上海,20071225,601601.SH,20201207,39.0,39.15,37.62,37.81,38.79,-0.98,-2.5264,396809.45,1510427.208,0.5797,1.2687,0.66,13.1122,14.8619,1.7941,0.9436,0.874,2.4291,2.9149,962034.1455,684504.1455,312770.2495,36374511.0414,25881101.7414,42.67,34.91,1.3324
601601,中国太保,保险,上海,20071225,601601.SH,20201204,38.96,39.05,37.98,38.79,38.98,-0.19,-0.4874,382472.91,1473635.694,0.5588,1.2229,0.58,13.452,15.2471,1.8406,0.9681,0.8967,2.3677,2.8412,962034.1455,684504.1455,312770.2495,37317304.5039,26551915.8039,42.88,35.08,1.3324
601601,中国太保,保险,上海,20071225,601601.SH,20201203,39.3,39.74,38.33,38.98,39.28,-0.3,-0.7637,370003.82,1440860.358,0.5405,1.183,0.47,13.5179,15.3218,1.8496,0.9728,0.901,2.3562,2.8274,962034.1455,684504.1455,312770.2495,37500090.9916,26681971.5916,43.21,35.35,1.3324
601601,中国太保,保险,上海,20071225,601601.SH,20201202,39.8,40.0,39.03,39.28,39.85,-0.57,-1.4304,488994.86,1928299.984,0.7144,1.5634,0.53,13.622,15.4397,1.8638,0.9803,0.908,2.3382,2.8058,962034.1455,684504.1455,312770.2495,37788701.2352,26887322.8352,43.84,35.87,1.3324
601601,中国太保,保险,上海,20071225,601601.SH,20201201,39.05,40.65,38.19,39.85,38.65,1.2,3.1048,868568.01,3430123.575,1.2689,2.777,1.08,13.8196,15.6638,1.8909,0.9945,0.9212,2.3047,2.7657,962034.1455,684504.1455,312770.2495,38337060.6982,27277490.1982,42.52,34.79,1.3324
601601,中国太保,保险,上海,20071225,601601.SH,20201130,38.94,40.86,38.61,38.65,38.48,0.17,0.4418,881491.05,3499635.045,1.2878,2.8183,1.25,13.4035,15.1921,1.8339,0.9646,0.8934,2.3763,2.8515,962034.1455,684504.1455,312770.2495,37182619.7236,26456085.2236,42.33,34.63,1.3324
601601,中国太保,保险,上海,20071225,601601.SH,20201127,38.0,38.75,37.14,38.48,37.85,0.63,1.6645,672184.9,2554802.231,0.982,2.1491,1.07,13.3445,15.1253,1.8258,0.9603,0.8895,2.3868,2.8641,962034.1455,684504.1455,312770.2495,37019073.9188,26339719.5188,41.64,34.07,1.3324
601601,中国太保,保险,上海,20071225,601601.SH,20201126,35.98,38.08,35.98,37.85,36.0,1.85,5.1389,1057587.6,3926279.35,1.545,3.3814,2.05,13.1261,14.8776,1.796,0.9446,0.8749,2.4265,2.9118,962034.1455,684504.1455,312770.2495,36412992.4072,25908481.9072,39.6,32.4,1.3324
601601,中国太保,保险,上海,20071225,601601.SH,20201125,34.5,36.86,34.5,36.0,33.95,2.05,6.0383,1093281.23,3942634.569,1.5972,3.4955,2.88,12.4845,14.1505,1.7082,0.8984,0.8322,2.5512,3.0614,962034.1455,684504.1455,312770.2495,34633229.238,24642149.238,37.35,30.56,1.3324
601601,中国太保,保险,上海,20071225,601601.SH,20201124,34.12,34.56,33.7,33.95,34.25,-0.3,-0.8759,329509.11,1123954.547,0.4814,1.0535,0.86,11.7736,13.3447,1.6109,0.8473,0.7848,2.7052,3.2463,962034.1455,684504.1455,312770.2495,32661059.2397,23238915.7397,37.68,30.83,1.3324
601601,中国太保,保险,上海,20071225,601601.SH,20201123,33.89,34.47,33.46,34.25,33.68,0.57,1.6924,378652.88,1288575.889,0.5532,1.2106,0.99,11.8776,13.4626,1.6251,0.8547,0.7917,2.6816,3.2179,962034.1455,684504.1455,312770.2495,32949669.4834,23444266.9834,37.05,30.31,1.3324
601601,中国太保,保险,上海,20071225,601601.SH,20201120,33.89,34.28,33.34,33.68,34.1,-0.42,-1.2317,285087.72,960513.004,0.4165,0.9115,0.67,11.6799,13.2385,1.5981,0.8405,0.7785,2.7269,3.2723,962034.1455,684504.1455,312770.2495,32401310.0204,23054099.6204,37.51,30.69,1.3324
601601,中国太保,保险,上海,20071225,601601.SH,20201119,32.9,34.13,32.8,34.1,33.08,1.02,3.0834,490209.97,1646994.559,0.7162,1.5673,1.23,11.8256,13.4036,1.618,0.851,0.7882,2.6933,3.232,962034.1455,684504.1455,312770.2495,32805364.3616,23341591.3616,36.39,29.77,1.3324
601601,中国太保,保险,上海,20071225,601601.SH,20201118,32.67,33.67,32.63,33.08,32.7,0.38,1.1621,413425.08,1372371.348,0.604,1.3218,1.06,11.4719,13.0027,1.5696,0.8256,0.7647,2.7764,3.3317,962034.1455,684504.1455,312770.2495,31824089.5331,22643397.1331,35.97,29.43,1.3324
601601,中国太保,保险,上海,20071225,601601.SH,20201117,32.36,32.84,32.02,32.7,32.36,0.34,1.0507,355166.01,1152619.571,0.5189,1.1355,0.85,11.3401,12.8533,1.5516,0.8161,0.7559,2.8087,3.3704,962034.1455,684504.1455,312770.2495,31458516.5579,22383285.5579,35.6,29.12,1.3324
601601,中国太保,保险,上海,20071225,601601.SH,20201116,31.99,32.59,31.99,32.36,31.78,0.58,1.825,359494.17,1160689.176,0.5252,1.1494,0.81,11.2222,12.7197,1.5355,0.8076,0.748,2.8382,3.4058,962034.1455,684504.1455,312770.2495,31131424.9484,22150554.1484,34.96,28.6,1.3324
601601,中国太保,保险,上海,20071225,601601.SH,20201113,32.7,32.8,31.54,31.78,32.94,-1.16,-3.5216,497124.16,1587417.752,0.7263,1.5894,1.19,11.021,12.4917,1.5079,0.7931,0.7346,2.89,3.468,962034.1455,684504.1455,312770.2495,30573445.144,21753541.744,36.23,29.65,1.3324
601601,中国太保,保险,上海,20071225,601601.SH,20201112,33.67,33.78,32.7,32.94,33.8,-0.86,-2.5444,360783.66,1193472.264,0.5271,1.1535,0.83,11.4233,12.9477,1.563,0.8221,0.7614,2.7882,3.3458,962034.1455,684504.1455,312770.2495,31689404.7528,22547566.5528,37.18,30.42,1.3324
601601,中国太保,保险,上海,20071225,601601.SH,20201111,33.7,34.19,33.6,33.8,33.63,0.17,0.5055,373758.51,1266255.017,0.546,1.195,0.87,11.7216,13.2857,1.6038,0.8435,0.7813,2.7173,3.2607,962034.1455,684504.1455,312770.2495,32516754.1179,23136240.1179,36.99,30.27,1.3324
601601,中国太保,保险,上海,20071225,601601.SH,20201110,33.65,34.6,33.43,33.63,33.45,0.18,0.5381,494007.22,1679245.864,0.7217,1.5795,1.19,11.6626,13.2189,1.5957,0.8393,0.7774,2.731,3.2772,962034.1455,684504.1455,312770.2495,32353208.3132,23019874.4132,36.8,30.11,1.3324
601601,中国太保,保险,上海,20071225,601601.SH,20201109,32.45,33.58,32.33,33.45,32.01,1.44,4.4986,483193.4,1597587.134,0.7059,1.5449,1.18,11.6002,13.1481,1.5872,0.8348,0.7732,2.7457,3.2948,962034.1455,684504.1455,312770.2495,32180042.167,22896663.667,35.21,28.81,1.3324
601601,中国太保,保险,上海,20071225,601601.SH,20201106,32.31,32.62,31.95,32.01,32.28,-0.27,-0.8364,383206.81,1234884.879,0.5598,1.2252,0.93,11.1008,12.5821,1.5189,0.7988,0.7399,2.8692,3.443,962034.1455,684504.1455,312770.2495,30794712.9975,21910977.6975,35.51,29.05,1.3324
601601,中国太保,保险,上海,20071225,601601.SH,20201105,32.25,32.47,31.85,32.28,31.81,0.47,1.4775,434033.57,1394885.749,0.6341,1.3877,1.04,11.1944,12.6882,1.5317,0.8056,0.7462,2.8452,3.4142,962034.1455,684504.1455,312770.2495,31054462.2167,22095793.8167,34.99,28.63,1.3324
601601,中国太保,保险,上海,20071225,601601.SH,20201104,31.6,31.99,31.41,31.81,31.93,-0.12,-0.3758,352458.9,1116503.634,0.5149,1.1269,0.8,11.0314,12.5035,1.5094,0.7939,0.7353,2.8872,3.4647,962034.1455,684504.1455,312770.2495,30602306.1684,21774076.8684,35.12,28.74,1.3324
601601,中国太保,保险,上海,20071225,601601.SH,20201103,31.54,32.12,31.34,31.93,31.28,0.65,2.078,421333.86,1338958.98,0.6155,1.3471,0.93,11.0731,12.5507,1.5151,0.7969,0.7381,2.8764,3.4517,962034.1455,684504.1455,312770.2495,30717750.2658,21856217.3658,34.41,28.15,1.3324
601601,中国太保,保险,上海,20071225,601601.SH,20201102,32.0,32.27,31.1,31.28,31.91,-0.63,-1.9743,453263.43,1431167.488,0.6622,1.4492,0.93,10.8476,12.2952,1.4842,0.7806,0.7231,2.9362,3.5234,962034.1455,684504.1455,312770.2466,30092428.0712,21411289.6712,35.1,28.72,1.3324
601601,中国太保,保险,上海,20071225,601601.SH,20201030,32.78,33.0,31.77,31.91,32.61,-0.7,-2.1466,410117.54,1324310.382,0.5991,1.3112,0.69,11.0661,11.9,1.5513,0.7964,0.7663,2.8782,3.4538,962034.1455,684504.1455,312770.2466,30698509.5829,21842527.2829,35.87,29.35,1.3324
601601,中国太保,保险,上海,20071225,601601.SH,20201029,32.78,33.01,32.14,32.61,33.11,-0.5,-1.5101,446538.6,1451032.833,0.6524,1.4277,0.57,11.3089,12.1611,1.5853,0.8138,0.7832,2.8164,3.3797,962034.1455,684504.1455,312770.2466,31371933.4848,22321680.1848,36.42,29.8,1.3324
601601,中国太保,保险,上海,20071225,601601.SH,20201028,34.05,34.2,33.08,33.11,34.28,-1.17,-3.4131,470495.3,1572960.997,0.6874,1.5043,0.63,11.4823,12.3475,1.6096,0.8263,0.7952,2.7739,3.3287,962034.1455,684504.1455,312770.2466,31852950.5575,22663932.2575,37.71,30.85,1.3324
601601,中国太保,保险,上海,20071225,601601.SH,20201027,34.28,34.72,33.94,34.28,34.35,-0.07,-0.2038,486848.36,1669216.375,0.7112,1.5566,0.69,11.888,12.7839,1.6665,0.8555,0.8233,2.6792,3.215,962034.1455,684504.1455,312770.2466,32978530.5077,23464802.1077,37.79,30.92,1.3324
601601,中国太保,保险,上海,20071225,601601.SH,20201026,34.4,34.85,33.67,34.35,34.04,0.31,0.9107,616522.27,2117930.233,0.9007,1.9712,0.89,11.9123,12.81,1.6699,0.8572,0.8249,2.6737,3.2085,962034.1455,684504.1455,312770.2466,33045872.8979,23512717.3979,37.44,30.64,1.3324
601601,中国太保,保险,上海,20071225,601601.SH,20201023,33.0,35.05,32.97,34.04,33.35,0.69,2.069,953891.63,3273153.402,1.3936,3.0498,1.66,11.8048,12.6944,1.6548,0.8495,0.8175,2.6981,3.2377,962034.1455,684504.1455,312770.2466,32747642.3128,23300521.1128,36.69,30.02,1.3324
601601,中国太保,保险,上海,20071225,601601.SH,20201022,31.6,33.65,31.6,33.35,34.18,-0.83,-2.4283,1379498.31,4529459.128,2.0153,4.4106,3.89,11.5655,12.437,1.6213,0.8323,0.8009,2.7539,3.3047,962034.1455,684504.1455,312770.2466,32083838.7524,22828213.2524,37.6,30.76,1.3324
601601,中国太保,保险,上海,20071225,601601.SH,20201021,33.68,34.33,33.34,34.18,33.55,0.63,1.8778,316245.09,1071664.898,0.462,1.0111,0.93,11.8533,12.7466,1.6616,0.853,0.8209,2.687,3.2245,962034.1455,684504.1455,312770.2466,32882327.0932,23396351.6932,36.91,30.2,1.3324
601601,中国太保,保险,上海,20071225,601601.SH,20201020,33.69,33.81,33.27,33.55,33.81,-0.26,-0.769,259845.52,871045.037,0.3796,0.8308,0.76,11.6349,12.5116,1.631,0.8373,0.8057,2.7375,3.285,962034.1455,684504.1455,312770.2466,32276245.5815,22965114.0815,37.19,30.43,1.3324
601601,中国太保,保险,上海,20071225,601601.SH,20201019,33.24,34.59,33.24,33.81,33.35,0.46,1.3793,560146.94,1913244.626,0.8183,1.7909,1.75,11.725,12.6086,1.6436,0.8438,0.812,2.7164,3.2597,962034.1455,684504.1455,312770.2466,32526374.4594,23143085.1594,36.69,30.02,1.3324
601601,中国太保,保险,上海,20071225,601601.SH,20201016,32.85,33.56,32.76,33.35,32.87,0.48,1.4603,357480.45,1189862.506,0.5222,1.1429,1.13,11.5655,12.437,1.6213,0.8323,0.8009,2.7539,3.3047,962034.1455,684504.1455,312770.2466,32083838.7524,22828213.2524,36.16,29.58,1.3324
601601,中国太保,保险,上海,20071225,601601.SH,20201015,32.47,33.35,32.47,32.87,32.47,0.4,1.2319,280307.39,923971.849,0.4095,0.8962,0.94,11.399,12.258,1.5979,0.8203,0.7894,2.7941,3.353,962034.1455,684504.1455,312770.2466,31622062.3626,22499651.2626,35.72,29.22,1.3324
601601,中国太保,保险,上海,20071225,601601.SH,20201014,32.76,32.79,32.28,32.47,32.81,-0.34,-1.0363,241013.16,781592.467,0.3521,0.7706,0.8,11.2603,12.1089,1.5785,0.8103,0.7798,2.8286,3.3943,962034.1455,684504.1455,312770.2466,31237248.7044,22225849.6044,36.09,29.53,1.3324
601601,中国太保,保险,上海,20071225,601601.SH,20201013,32.94,33.14,32.46,32.81,33.17,-0.36,-1.0853,266238.28,874101.705,0.389,0.8512,0.94,11.3782,12.2357,1.595,0.8188,0.788,2.7992,3.3591,962034.1455,684504.1455,312770.2466,31564340.3139,22458581.0139,36.49,29.85,1.3324
601601,中国太保,保险,上海,20071225,601601.SH,20201012,32.2,33.5,32.17,33.17,32.02,1.15,3.5915,456081.21,1508466.821,0.6663,1.4582,1.86,11.5031,12.3699,1.6125,0.8278,0.7966,2.7689,3.3226,962034.1455,684504.1455,312770.2466,31910672.6062,22705002.5062,35.22,28.82,1.3324
601601,中国太保,保险,上海,20071225,601601.SH,20201009,31.5,32.29,31.5,32.02,31.21,0.81,2.5953,335393.71,1072668.832,0.49,1.0723,1.43,11.1043,11.9411,1.5566,0.7991,0.769,2.8683,3.442,962034.1455,684504.1455,312770.2466,30804333.3389,21917822.7389,34.33,28.09,1.3324
601601,中国太保,保险,上海,20071225,601601.SH,20200930,31.56,31.72,31.07,31.21,31.45,-0.24,-0.7631,192049.01,600339.828,0.2806,0.614,0.8,10.8234,11.639,1.5172,0.7789,0.7495,2.9427,3.5313,962034.1455,684504.1455,312770.2466,30025085.6811,21363374.3811,34.6,28.31,1.3324
601601,中国太保,保险,上海,20071225,601601.SH,20200929,31.65,31.83,31.44,31.45,31.46,-0.01,-0.0318,252769.4,800006.718,0.3693,0.8082,0.91,10.9066,11.7285,1.5289,0.7849,0.7553,2.9203,3.5043,962034.1455,684504.1455,312770.2466,30255973.876,21527655.376,34.61,28.31,1.3324
601601,中国太保,保险,上海,20071225,601601.SH,20200928,31.45,31.68,31.27,31.46,31.52,-0.06,-0.1904,180802.8,569018.589,0.2641,0.5781,0.46,10.9101,11.7322,1.5294,0.7851,0.7555,2.9194,3.5032,962034.1455,684504.1455,312770.2466,30265594.2174,21534500.4174,34.67,28.37,1.3324
601601,中国太保,保险,上海,20071225,601601.SH,20200925,31.17,31.66,31.13,31.52,31.1,0.42,1.3505,264267.55,831081.695,0.3861,0.8449,0.48,10.9309,11.7546,1.5323,0.7866,0.757,2.9138,3.4966,962034.1455,684504.1455,312770.2466,30323316.2662,21575570.6662,34.21,27.99,1.3324
601601,中国太保,保险,上海,20071225,601601.SH,20200924,31.2,31.56,30.98,31.1,31.44,-0.34,-1.0814,281778.49,879375.665,0.4117,0.9009,0.53,10.7852,11.598,1.5119,0.7761,0.7469,2.9532,3.5438,962034.1455,684504.1455,312770.2466,29919261.9251,21288078.9251,34.58,28.3,1.3324
601601,中国太保,保险,上海,20071225,601601.SH,20200923,31.6,31.75,31.26,31.44,31.57,-0.13,-0.4118,223184.53,702630.882,0.3261,0.7136,0.43,10.9031,11.7248,1.5284,0.7846,0.7551,2.9212,3.5055,962034.1455,684504.1455,312770.2466,30246353.5345,21520810.3345,34.73,28.41,1.3324
601601,中国太保,保险,上海,20071225,601601.SH,20200922,32.2,32.49,31.51,31.57,32.64,-1.07,-3.2782,439067.82,1400345.077,0.6414,1.4038,0.92,10.9482,11.7732,1.5347,0.7879,0.7582,2.9092,3.491,962034.1455,684504.1455,312770.2466,30371417.9734,21609795.8734,35.9,29.38,1.3324
601601,中国太保,保险,上海,20071225,601601.SH,20200921,33.0,33.0,31.9,32.64,32.44,0.2,0.6165,752243.73,2442922.724,1.099,2.4051,2.02,11.3193,12.1723,1.5868,0.8146,0.7839,2.8138,3.3766,962034.1455,684504.1455,312770.2466,31400794.5091,22342215.3091,35.68,29.2,1.3324
601601,中国太保,保险,上海,20071225,601601.SH,20200918,30.49,32.74,30.35,32.44,30.32,2.12,6.9921,1032994.19,3271750.635,1.5091,3.3027,4.95,11.2499,12.0977,1.577,0.8096,0.7791,2.8312,3.3974,962034.1455,684504.1455,312770.2466,31208387.68,22205314.48,33.35,27.29,1.3324
601601,中国太保,保险,上海,20071225,601601.SH,20200917,30.38,30.69,30.25,30.32,30.5,-0.18,-0.5902,204121.46,621034.546,0.2982,0.6526,0.88,10.5147,11.3071,1.474,0.7567,0.7282,3.0291,3.635,962034.1455,684504.1455,312770.2466,29168875.2916,20754165.6916,33.55,27.45,1.3324
601601,中国太保,保险,上海,20071225,601601.SH,20200916,30.42,30.75,30.2,30.5,30.42,0.08,0.263,177109.14,539599.238,0.2587,0.5663,0.71,10.5771,11.3742,1.4827,0.7612,0.7325,3.0113,3.6135,962034.1455,684504.1455,312770.2466,29342041.4378,20877376.4378,33.46,27.38,1.3324
601601,中国太保,保险,上海,20071225,601601.SH,20200915,30.3,30.73,30.16,30.42,30.46,-0.04,-0.1313,225484.45,687698.752,0.3294,0.7209,0.83,10.5494,11.3444,1.4788,0.7592,0.7306,3.0192,3.623,962034.1455,684504.1455,312770.2466,29265078.7061,20822616.1061,33.51,27.41,1.3324
601601,中国太保,保险,上海,20071225,601601.SH,20200914,30.82,30.88,30.26,30.46,30.72,-0.26,-0.8464,224793.89,685011.925,0.3284,0.7187,0.83,10.5633,11.3593,1.4808,0.7602,0.7315,3.0152,3.6182,962034.1455,684504.1455,312770.2466,29303560.0719,20849996.2719,33.79,27.65,1.3324
601601,中国太保,保险,上海,20071225,601601.SH,20200911,30.64,30.83,30.33,30.72,30.61,0.11,0.3594,211389.77,646080.73,0.3088,0.6759,0.77,10.6534,11.4563,1.4934,0.7667,0.7378,2.9897,3.5876,962034.1455,684504.1455,312770.2466,29553688.9498,21027967.3498,33.67,27.55,1.3324
601601,中国太保,保险,上海,20071225,601601.SH,20200910,30.58,31.09,30.4,30.61,30.33,0.28,0.9232,319317.61,982602.85,0.4665,1.0209,1.24,10.6153,11.4152,1.4881,0.7639,0.7351,3.0004,3.6005,962034.1455,684504.1455,312770.2466,29447865.1938,20952671.8938,33.36,27.3,1.3324
601601,中国太保,保险,上海,20071225,601601.SH,20200909,30.75,31.0,30.11,30.33,31.02,-0.69,-2.2244,269853.57,823756.401,0.3942,0.8628,1.06,10.5182,11.3108,1.4745,0.7569,0.7284,3.0281,3.6338,962034.1455,684504.1455,312770.2466,29178495.633,20761010.733,34.12,27.92,1.3324
601601,中国太保,保险,上海,20071225,601601.SH,20200908,30.39,31.18,30.28,31.02,30.1,0.92,3.0565,338009.63,1041678.001,0.4938,1.0807,1.45,10.7575,11.5681,1.508,0.7741,0.745,2.9608,3.5529,962034.1455,684504.1455,312770.2466,29842299.1934,21233318.5934,33.11,27.09,1.3324
601601,中国太保,保险,上海,20071225,601601.SH,20200907,30.22,30.58,30.06,30.1,30.18,-0.08,-0.2651,218764.18,663641.948,0.3196,0.6994,0.79,10.4384,11.225,1.4633,0.7512,0.7229,3.0513,3.6615,962034.1455,684504.1455,312770.2466,28957227.7796,20603574.7796,33.2,27.16,1.3324
601601,中国太保,保险,上海,20071225,601601.SH,20200904,30.22,30.38,30.02,30.18,30.5,-0.32,-1.0492,219911.78,663644.12,0.3213,0.7031,0.73,10.4662,11.2549,1.4672,0.7532,0.7248,3.0432,3.6518,962034.1455,684504.1455,312770.2466,29034190.5112,20658335.1112,33.55,27.45,1.3324
601601,中国太保,保险,上海,20071225,601601.SH,20200903,30.8,30.96,30.45,30.5,30.66,-0.16,-0.5219,237274.41,726714.217,0.3466,0.7586,0.79,10.5771,11.3742,1.4827,0.7612,0.7325,3.0113,3.6135,962034.1455,684504.1455,312770.2466,29342041.4378,20877376.4378,33.73,27.59,1.3324
601601,中国太保,保险,上海,20071225,601601.SH,20200902,30.89,30.96,30.43,30.66,30.86,-0.2,-0.6481,260205.8,797243.326,0.3801,0.8319,0.81,10.6326,11.4339,1.4905,0.7652,0.7363,2.9955,3.5946,962034.1455,684504.1455,312770.2466,29495966.901,20986897.101,33.95,27.77,1.3324
601601,中国太保,保险,上海,20071225,601601.SH,20200901,30.67,30.92,30.57,30.86,30.82,0.04,0.1298,230745.41,709077.598,0.3371,0.7377,0.69,10.702,11.5085,1.5002,0.7701,0.7411,2.9761,3.5713,962034.1455,684504.1455,312770.2466,29688373.7301,21123797.9301,33.9,27.74,1.3324
601601,中国太保,保险,上海,20071225,601601.SH,20200831,31.57,31.88,30.81,30.82,31.53,-0.71,-2.2518,439304.47,1379481.197,0.6418,1.4046,1.36,10.6881,11.4935,1.4983,0.7692,0.7402,2.98,3.576,962034.1455,684504.1455,312770.2466,29649892.3643,21096417.7643,34.68,28.38,1.3324
601601,中国太保,保险,上海,20071225,601601.SH,20200828,30.7,31.58,30.65,31.53,30.85,0.68,2.2042,348986.67,1088395.026,0.5098,1.1158,1.1,10.9343,11.7583,1.5328,0.7869,0.7572,2.9129,3.4955,962034.1455,684504.1455,312770.2466,30332936.6076,21582415.7076,33.94,27.77,1.3324
601601,中国太保,保险,上海,20071225,601601.SH,20200827,30.6,30.9,30.33,30.85,30.61,0.24,0.7841,231522.51,709758.988,0.3382,0.7402,0.69,10.6985,11.5047,1.4997,0.7699,0.7409,2.9771,3.5725,962034.1455,684504.1455,312770.2466,29678753.3887,21116952.8887,33.67,27.55,1.3324
601601,中国太保,保险,上海,20071225,601601.SH,20200826,31.18,31.45,30.49,30.61,31.25,-0.64,-2.048,359793.67,1112093.818,0.5256,1.1503,0.98,10.6153,11.4152,1.4881,0.7639,0.7351,3.0004,3.6005,962034.1455,684504.1455,312770.2466,29447865.1938,20952671.8938,34.38,28.13,1.3324
601601,中国太保,保险,上海,20071225,601601.SH,20200825,31.51,31.8,31.07,31.25,31.4,-0.15,-0.4777,287823.04,904440.121,0.4205,0.9202,0.69,10.8372,11.6539,1.5192,0.7799,0.7505,2.939,3.5268,962034.1455,684504.1455,312770.2466,30063567.0469,21390754.5469,34.54,28.26,1.3324
601601,中国太保,保险,上海,20071225,601601.SH,20200824,31.8,32.0,31.35,31.4,32.27,-0.87,-2.696,382900.18,1210886.324,0.5594,1.2242,0.61,10.8893,11.7098,1.2571,0.7836,0.7541,2.9249,3.5099,962034.1455,684504.1455,312770.2466,30207872.1687,21493430.1687,35.5,29.04,1.3324
601601,中国太保,保险,上海,20071225,601601.SH,20200821,32.01,32.39,31.8,32.27,32.03,0.24,0.7493,325041.31,1042958.014,0.4749,1.0392,0.48,11.191,10.1288,1.2919,0.8053,0.7949,2.8461,3.4153,962034.1455,684504.1455,312770.2466,31044841.8753,22088948.7753,35.23,28.83,1.3324
601601,中国太保,保险,上海,20071225,601601.SH,20200820,31.79,32.11,31.4,32.03,31.93,0.1,0.3132,311721.24,988876.211,0.4554,0.9966,0.47,11.1077,10.0535,1.2823,0.7993,0.789,2.8674,3.4409,962034.1455,684504.1455,312770.2466,30813953.6804,21924667.7804,35.12,28.74,1.3324
601601,中国太保,保险,上海,20071225,601601.SH,20200819,32.95,33.09,31.89,31.93,33.27,-1.34,-4.0277,525173.54,1697301.534,0.7672,1.6791,0.79,11.0731,10.0221,1.2783,0.7969,0.7865,2.8764,3.4517,962034.1455,684504.1455,312770.2466,30717750.2658,21856217.3658,36.6,29.94,1.3324
601601,中国太保,保险,上海,20071225,601601.SH,20200818,33.45,33.63,32.87,33.27,33.71,-0.44,-1.3053,538640.12,1785951.913,0.7869,1.7222,0.76,11.5378,10.4427,1.332,0.8303,0.8195,2.7605,3.3126,962034.1455,684504.1455,312770.2466,32006876.0208,22773452.9208,37.08,30.34,1.3324
601601,中国太保,保险,上海,20071225,601601.SH,20200817,32.19,34.92,31.85,33.71,32.03,1.68,5.2451,1423994.01,4774906.595,2.0803,4.5528,2.78,11.6903,10.5808,1.3496,0.8413,0.8304,2.7245,3.2694,962034.1455,684504.1455,312770.2466,32430171.0448,23074634.7448,35.23,28.83,1.3324
601601,中国太保,保险,上海,20071225,601601.SH,20200814,30.68,32.33,30.62,32.03,30.78,1.25,4.0611,552680.18,1739060.419,0.8074,1.767,1.19,11.1077,10.0535,1.2823,0.7993,0.789,2.8674,3.4409,962034.1455,684504.1455,312770.2466,30813953.6804,21924667.7804,33.86,27.7,1.3324
601601,中国太保,保险,上海,20071225,601601.SH,20200813,31.37,31.44,30.75,30.78,31.28,-0.5,-1.5985,290777.29,901224.359,0.4248,0.9297,0.61,10.6742,9.6611,1.2323,0.7682,0.7582,2.9839,3.5806,962034.1455,684504.1455,312770.2466,29611410.9985,21069037.5985,34.41,28.15,1.3324
601601,中国太保,保险,上海,20071225,601601.SH,20200812,30.81,31.42,30.6,31.28,30.8,0.48,1.5584,513443.42,1595475.351,0.7501,1.6416,1.17,10.8476,9.8181,1.2523,0.7806,0.7705,2.9362,3.5234,962034.1455,684504.1455,312770.2466,30092428.0712,21411289.6712,33.88,27.72,1.3324
601601,中国太保,保险,上海,20071225,601601.SH,20200811,30.89,31.89,30.64,30.8,30.56,0.24,0.7853,751240.1,2354907.735,1.0975,2.4019,1.82,10.6812,9.6674,1.2331,0.7687,0.7587,2.9819,3.5783,962034.1455,684504.1455,312770.2466,29630651.6814,21082727.6814,33.62,27.5,1.3324
601601,中国太保,保险,上海,20071225,601601.SH,20200810,29.9,30.88,29.74,30.56,29.99,0.57,1.9006,452092.02,1381412.81,0.6605,1.4454,1.15,10.5979,9.5921,1.2235,0.7627,0.7528,3.0053,3.6064,962034.1455,684504.1455,312770.2466,29399763.4865,20918446.6865,32.99,26.99,1.3324
601601,中国太保,保险,上海,20071225,601601.SH,20200807,30.4,30.54,29.7,29.99,30.48,-0.49,-1.6076,316929.97,954108.085,0.463,1.0133,0.82,10.4003,9.4132,1.2007,0.7484,0.7387,3.0625,3.6749,962034.1455,684504.1455,312770.2466,28851404.0235,20528279.3235,33.53,27.43,1.3324
601601,中国太保,保险,上海,20071225,601601.SH,20200806,30.17,30.58,29.84,30.48,30.24,0.24,0.7937,334945.33,1009791.244,0.4893,1.0709,0.91,10.5702,9.567,1.2203,0.7607,0.7508,3.0132,3.6159,962034.1455,684504.1455,312770.2466,29322800.7548,20863686.3548,33.26,27.22,1.3324
601601,中国太保,保险,上海,20071225,601601.SH,20200805,30.49,30.61,29.84,30.24,30.84,-0.6,-1.9455,330421.28,996348.869,0.4827,1.0564,0.89,10.487,9.4917,1.2107,0.7547,0.7449,3.0371,3.6446,962034.1455,684504.1455,312770.2466,29091912.5599,20699405.3599,33.92,27.76,1.3324
601601,中国太保,保险,上海,20071225,601601.SH,20200804,30.19,31.32,30.06,30.84,30.06,0.78,2.5948,626166.91,1922798.821,0.9148,2.002,2.2,10.695,9.68,1.2347,0.7696,0.7597,2.9781,3.5737,962034.1455,684504.1455,312770.2466,29669133.0472,21110107.8472,33.07,27.05,1.3324
601601,中国太保,保险,上海,20071225,601601.SH,20200803,29.75,30.08,29.63,30.06,29.51,0.55,1.8638,358512.02,1071148.428,0.5238,1.1462,1.37,10.4246,9.4352,1.2035,0.7502,0.7405,3.0553,3.6664,962034.1455,684504.1455,312770.2466,28918746.4137,20576194.6137,32.46,26.56,1.3324
601601,中国太保,保险,上海,20071225,601601.SH,20200731,29.3,29.97,29.16,29.51,29.47,0.04,0.1357,290997.52,859207.969,0.4251,0.9304,0.99,10.2338,9.2625,1.1814,0.7365,0.7269,3.1123,3.7347,962034.1455,684504.1455,312770.2466,28389627.6337,20199717.3337,32.42,26.52,1.3324
601601,中国太保,保险,上海,20071225,601601.SH,20200730,29.99,30.01,29.42,29.47,29.99,-0.52,-1.7339,235674.19,698925.08,0.3443,0.7535,0.7,10.2199,9.25,1.1798,0.7355,0.7259,3.1165,3.7398,962034.1455,684504.1455,312770.2466,28351146.2679,20172337.1679,32.99,26.99,1.3324
601601,中国太保,保险,上海,20071225,601601.SH,20200729,29.35,30.2,29.2,29.99,29.4,0.59,2.0068,338746.55,1010184.621,0.4949,1.0831,0.89,10.4003,9.4132,1.2007,0.7484,0.7387,3.0625,3.6749,962034.1455,684504.1455,312770.2466,28851404.0235,20528279.3235,32.34,26.46,1.3324
601601,中国太保,保险,上海,20071225,601601.SH,20200728,29.65,29.84,29.26,29.4,29.51,-0.11,-0.3728,198848.8,587037.949,0.2905,0.6358,0.42,10.1957,9.228,1.177,0.7337,0.7242,3.1239,3.7487,962034.1455,684504.1455,312770.2466,28283803.8777,20124421.8777,32.46,26.56,1.3324
601601,中国太保,保险,上海,20071225,601601.SH,20200727,29.53,29.66,29.17,29.51,29.37,0.14,0.4767,247179.37,727142.68,0.3611,0.7903,0.44,10.2338,9.2625,1.1814,0.7365,0.7269,3.1123,3.7347,962034.1455,684504.1455,312770.2466,28389627.6337,20199717.3337,32.31,26.43,1.3324
601601,中国太保,保险,上海,20071225,601601.SH,20200724,30.07,30.24,29.07,29.37,30.34,-0.97,-3.1971,455050.87,1348427.972,0.6648,1.4549,0.81,10.1853,9.2186,1.1758,0.733,0.7235,3.1271,3.7525,962034.1455,684504.1455,312770.2466,28254942.8533,20103886.7533,33.37,27.31,1.3324
601601,中国太保,保险,上海,20071225,601601.SH,20200723,30.5,30.81,29.9,30.34,30.87,-0.53,-1.7169,449592.13,1359285.745,0.6568,1.4375,0.78,10.5217,9.523,1.2147,0.7572,0.7474,3.0271,3.6326,962034.1455,684504.1455,312770.2466,29188115.9745,20767855.7745,33.96,27.78,1.3324
601601,中国太保,保险,上海,20071225,601601.SH,20200722,31.0,31.72,30.75,30.87,31.29,-0.42,-1.3423,555342.29,1730279.957,0.8113,1.7756,1.03,10.7055,9.6894,1.2359,0.7704,0.7604,2.9752,6.5453,962034.1455,684504.1455,312770.2466,29697994.0716,21130642.9716,34.42,28.16,1.3324
601601,中国太保,保险,上海,20071225,601601.SH,20200721,33.29,33.29,31.15,31.29,31.68,-0.39,-1.2311,668873.41,2134785.495,0.9772,2.1385,1.32,10.8511,9.8212,1.2527,0.7809,0.7708,2.9352,6.4575,962034.1455,684504.1455,312770.2466,30102048.4127,21418134.7127,34.85,28.51,1.3324
601601,中国太保,保险,上海,20071225,601601.SH,20200720,30.42,31.94,30.32,31.68,29.78,1.9,6.3801,710169.46,2214208.072,1.0375,2.2706,1.5,10.9864,9.9436,1.2683,0.7906,0.7804,2.8991,6.378,962034.1455,684504.1455,312770.2466,30477241.7294,21685091.3294,32.76,26.8,1.3324
601601,中国太保,保险,上海,20071225,601601.SH,20200717,30.36,30.52,29.58,29.78,30.23,-0.45,-1.4886,414629.47,1244089.374,0.6057,1.3257,0.75,10.3274,9.3473,1.1922,0.7432,0.7336,3.0841,6.7849,962034.1455,684504.1455,312770.2466,28649376.853,20384533.453,33.25,27.21,1.3324
601601,中国太保,保险,上海,20071225,601601.SH,20200716,31.52,32.0,30.2,30.23,31.15,-0.92,-2.9535,539778.66,1682263.822,0.7886,1.7258,0.92,10.4835,9.4885,1.2103,0.7544,0.7447,3.0381,6.6839,962034.1455,684504.1455,312770.2466,29082292.2185,20692560.3185,34.27,28.04,1.3324
601601,中国太保,保险,上海,20071225,601601.SH,20200715,31.96,32.19,30.92,31.15,31.57,-0.42,-1.3304,368845.97,1161383.258,0.5389,1.1793,0.53,10.8026,9.7773,1.2471,0.7774,0.7673,2.9484,6.4865,962034.1455,684504.1455,312770.2466,29967363.6323,21322304.1323,34.73,28.41,1.3324
601601,中国太保,保险,上海,20071225,601601.SH,20200714,31.9,32.42,31.28,31.57,32.06,-0.49,-1.5284,504073.41,1605243.328,0.7364,1.6116,0.66,10.9482,9.9091,1.2639,0.7879,0.7777,2.9092,6.4002,962034.1455,684504.1455,312770.2466,30371417.9734,21609795.8734,35.27,28.85,1.3324
601601,中国太保,保险,上海,20071225,601601.SH,20200713,31.5,32.57,31.35,32.06,31.7,0.36,1.1356,532249.75,1701382.313,0.7776,1.7017,0.6,11.1181,10.0629,1.2835,0.8001,0.7897,2.8647,6.3024,962034.1455,684504.1455,312770.2466,30842814.7047,21945202.9047,34.87,28.53,1.3324
601601,中国太保,保险,上海,20071225,601601.SH,20200710,33.21,33.22,31.59,31.7,33.8,-2.1,-6.213,826351.6,2669122.435,1.2072,2.642,0.92,10.9933,9.9499,1.2691,0.7911,0.7809,2.8973,6.374,962034.1455,684504.1455,312770.2466,30496482.4124,21698781.4124,37.18,30.42,1.3324
601601,中国太保,保险,上海,20071225,601601.SH,20200709,33.45,34.4,33.12,33.8,33.77,0.03,0.0888,715074.76,2410674.748,1.0447,2.2863,0.79,11.7216,10.6091,1.3532,0.8435,0.8326,2.7173,5.978,962034.1455,684504.1455,312770.2466,32516754.1179,23136240.1179,37.15,30.39,1.3324
601601,中国太保,保险,上海,20071225,601601.SH,20200708,32.32,34.47,32.28,33.77,32.7,1.07,3.2722,886666.07,2938353.621,1.3037,3.3347,1.07,11.7111,10.5996,1.3582,0.8428,0.8319,2.7373,6.022,962034.1455,680106.65,265887.4362,32487893.0935,22967201.5705,35.97,29.43,1.3324
601601,中国太保,保险,上海,20071225,601601.SH,20200707,34.99,35.0,32.5,32.7,33.72,-1.02,-3.0249,870107.37,2908509.081,1.2794,3.2725,1.25,11.2882,10.2169,1.3091,0.8123,0.8018,2.8268,6.219,957636.65,680106.65,265887.4362,31314718.455,22239487.455,37.09,30.35,1.3324
601601,中国太保,保险,上海,20071225,601601.SH,20200706,31.5,33.77,31.5,33.72,30.7,3.02,9.8371,1131292.81,3692756.579,1.6634,4.2548,2.14,11.6404,10.5356,1.35,0.8377,0.8268,2.7413,6.0309,957636.65,680106.65,265887.4362,32291507.838,22933196.238,33.77,27.63,1.3324
601601,中国太保,保险,上海,20071225,601601.SH,20200703,29.82,30.84,29.7,30.7,29.47,1.23,4.1737,876159.94,2651300.442,1.2883,3.2952,2.14,10.5978,9.592,1.229,0.7627,0.7528,3.011,6.6241,957636.65,680106.65,265887.4362,29399445.155,20879274.155,32.42,26.52,1.3324
601601,中国太保,保险,上海,20071225,601601.SH,20200702,28.17,29.78,28.12,29.47,28.29,1.18,4.1711,778650.1,2256059.108,1.1449,2.9285,2.54,10.1732,9.2077,1.1798,0.7321,0.7226,3.1366,6.9006,957636.65,680106.65,265887.4362,28221552.0755,20042742.9755,31.12,25.46,1.3324
601601,中国太保,保险,上海,20071225,601601.SH,20200701,27.3,28.29,27.16,28.29,27.25,1.04,3.8165,501955.33,1397302.319,0.7381,1.8878,1.92,9.7659,8.839,1.1326,0.7028,0.6937,3.2675,7.1885,957636.65,680106.65,265887.4362,27091540.8285,19240217.1285,29.98,24.53,1.3324
601601,中国太保,保险,上海,20071225,601601.SH,20200630,27.2,27.33,27.11,27.25,27.12,0.13,0.4794,195805.17,532757.676,0.2879,0.7364,0.68,9.4069,8.5141,1.0909,0.6769,0.6682,3.3922,7.4628,957636.65,680106.65,265887.4362,26095598.7125,18532906.2125,29.83,24.41,1.3324
601601,中国太保,保险,上海,20071225,601601.SH,20200629,27.34,27.48,26.96,27.12,27.51,-0.39,-1.4177,296312.63,802492.398,0.4357,1.1144,1.05,9.362,8.4734,1.0857,0.6737,0.665,3.4084,7.4986,957636.65,680106.65,265887.4362,25971105.948,18444492.348,30.26,24.76,1.3324
601601,中国太保,保险,上海,20071225,601601.SH,20200624,27.47,27.81,27.25,27.51,27.38,0.13,0.4748,274460.35,756202.606,0.4036,1.0322,0.97,9.4966,8.5953,1.1013,0.6834,0.6746,3.3601,7.3923,957636.65,680106.65,265887.4362,26344584.2415,18709733.9415,30.12,24.64,1.3324
601601,中国太保,保险,上海,20071225,601601.SH,20200623,27.67,27.74,27.31,27.38,27.88,-0.5,-1.7934,266578.48,733331.595,0.392,1.0026,0.92,9.4517,8.5547,1.0961,0.6802,0.6714,3.3761,7.4274,957636.65,680106.65,265887.4362,26220091.477,18621320.077,30.67,25.09,1.3324
601601,中国太保,保险,上海,20071225,601601.SH,20200622,27.82,28.5,27.64,27.88,27.98,-0.1,-0.3574,275524.34,772508.445,0.4051,1.0362,0.98,9.6244,8.7109,1.1162,0.6926,0.6836,3.3155,7.2942,957636.65,680106.65,265887.4362,26698909.802,18961373.402,30.78,25.18,1.3324
601601,中国太保,保险,上海,20071225,601601.SH,20200619,27.74,28.17,27.6,27.98,27.78,0.2,0.7199,334665.22,932656.173,0.5323,1.2587,1.37,9.1401,8.2726,1.06,0.6577,0.6492,3.574,7.8628,906200.0,628670.0,265887.4362,25355476.0,17590186.6,30.56,25.0,1.3324
601601,中国太保,保险,上海,20071225,601601.SH,20200618,27.54,27.78,27.2,27.78,27.52,0.26,0.9448,261266.38,718616.99,0.4156,0.9826,1.01,9.0747,8.2135,1.4381,0.653,0.6446,3.5997,7.9194,906200.0,628670.0,265887.4362,25174236.0,17464452.6,30.27,24.77,1.3324
601601,中国太保,保险,上海,20071225,601601.SH,20200617,27.83,27.83,27.3,27.52,27.82,-0.3,-1.0784,276700.6,759191.315,0.4401,1.0407,1.12,8.9898,8.1366,1.4247,0.6469,0.6386,3.6337,7.9942,906200.0,628670.0,265887.4362,24938624.0,17300998.4,30.6,25.04,1.3324
601601,中国太保,保险,上海,20071225,601601.SH,20200616,27.7,28.12,27.57,27.82,27.4,0.42,1.5328,303151.31,845914.033,0.4822,1.1401,1.31,9.0878,8.2253,1.4402,0.654,0.6455,3.5945,7.908,906200.0,628670.0,265887.4362,25210484.0,17489599.4,30.14,24.66,1.3324
601601,中国太保,保险,上海,20071225,601601.SH,20200615,27.52,27.72,27.31,27.4,27.75,-0.35,-1.2613,227171.98,624622.455,0.3614,0.8544,0.87,8.9506,8.1011,1.4184,0.6441,0.6358,3.6496,8.0292,906200.0,628670.0,265887.4362,24829880.0,17225558.0,30.53,24.98,1.3324
601601,中国太保,保险,上海,20071225,601601.SH,20200612,27.47,28.0,27.32,27.75,27.89,-0.14,-0.502,154968.99,428880.523,0.2465,0.5828,0.6,9.0649,8.2046,1.4366,0.6523,0.6439,3.6036,7.9279,906200.0,628670.0,265887.4362,25147050.0,17445592.5,30.68,25.1,1.3324
601601,中国太保,保险,上海,20071225,601601.SH,20200611,28.7,28.7,27.87,27.89,28.7,-0.81,-2.8223,326099.52,917464.857,0.5187,1.2265,1.41,9.1107,8.246,1.4438,0.6556,0.6471,3.5855,7.8881,906200.0,628670.0,265887.4362,25273918.0,17533606.3,31.57,25.83,1.3324
601601,中国太保,保险,上海,20071225,601601.SH,20200610,30.25,30.26,29.76,29.9,30.29,-0.39,-1.2876,226276.35,676240.869,0.3599,0.851,0.9,9.7673,8.8403,1.4573,0.7029,0.6938,3.3445,3.3445,906200.0,628670.0,265887.4362,27095380.0,18797233.0,33.32,27.26,1.2789
601601,中国太保,保险,上海,20071225,601601.SH,20200609,30.38,30.45,30.05,30.29,30.37,-0.08,-0.2634,224730.63,679196.959,0.3575,0.8452,0.86,9.8947,8.9556,1.4763,0.7121,0.7028,3.3014,3.3014,906200.0,628670.0,265887.4362,27448798.0,19042414.3,33.41,27.33,1.2789
601601,中国太保,保险,上海,20071225,601601.SH,20200608,29.45,30.44,29.45,30.37,29.26,1.11,3.7936,372498.57,1123808.261,0.5925,1.401,1.69,9.9208,8.9792,1.4802,0.7139,0.7047,3.2927,3.2927,906200.0,628670.0,265887.4362,27521294.0,19092707.9,32.19,26.33,1.2789
601601,中国太保,保险,上海,20071225,601601.SH,20200605,29.25,29.29,28.88,29.26,29.13,0.13,0.4463,146092.88,424217.113,0.2324,0.5495,0.66,9.5582,8.651,1.4261,0.6878,0.6789,3.4176,3.4176,906200.0,628670.0,265887.4362,26515412.0,18394884.2,32.04,26.22,1.2789
601601,中国太保,保险,上海,20071225,601601.SH,20200604,29.44,29.47,29.01,29.13,29.22,-0.09,-0.308,186021.8,543357.925,0.2959,0.6996,0.8,9.5157,8.6126,1.4198,0.6848,0.6759,3.4329,3.4329,906200.0,628670.0,265887.4362,26397606.0,18313157.1,32.14,26.3,1.2789
601601,中国太保,保险,上海,20071225,601601.SH,20200603,29.65,30.15,29.18,29.22,29.47,-0.25,-0.8483,333855.85,990399.472,0.5311,1.2556,1.73,9.5451,8.6392,1.4242,0.6869,0.678,3.4223,3.4223,906200.0,628670.0,265887.4362,26479164.0,18369737.4,32.42,26.52,1.2789
601601,中国太保,保险,上海,20071225,601601.SH,20200602,28.76,29.59,28.72,29.47,28.84,0.63,2.1845,266486.75,778669.74,0.4239,1.0023,1.59,9.6268,8.7131,1.4364,0.6928,0.6838,3.3933,3.3933,906200.0,628670.0,265887.4362,26705714.0,18526904.9,31.72,25.96,1.2789
601601,中国太保,保险,上海,20071225,601601.SH,20200601,28.58,28.93,28.54,28.84,28.28,0.56,1.9802,169199.33,486586.213,0.2691,0.6264,0.95,9.421,8.5269,1.4057,0.678,0.6692,3.4674,3.4674,906200.0,628670.0,270117.4829,26134808.0,18130842.8,31.11,25.45,1.2789
601601,中国太保,保险,上海,20071225,601601.SH,20200529,28.36,28.54,28.05,28.28,28.59,-0.31,-1.0843,157187.45,443869.013,0.25,0.5912,0.86,9.2381,8.3613,1.3784,0.6648,0.6562,3.5361,3.5361,906200.0,628670.0,265887.4362,25627336.0,17778787.6,31.45,25.73,1.2789
601601,中国太保,保险,上海,20071225,601601.SH,20200528,27.91,29.0,27.9,28.59,27.79,0.8,2.8787,236200.67,674605.075,0.3757,0.8883,1.41,9.3393,8.4529,1.3935,0.6721,0.6634,3.4977,3.4977,906200.0,628670.0,265887.4362,25908258.0,17973675.3,30.57,25.01,1.2789
601601,中国太保,保险,上海,20071225,601601.SH,20200527,27.78,28.13,27.63,27.79,27.77,0.02,0.072,136158.37,379539.001,0.2166,0.5121,0.82,9.078,8.2164,1.3545,0.6533,0.6448,3.5984,3.5984,906200.0,628670.0,265887.4362,25183298.0,17470739.3,30.55,24.99,1.2789
601601,中国太保,保险,上海,20071225,601601.SH,20200526,27.69,27.84,27.5,27.77,27.49,0.28,1.0186,138351.96,382952.573,0.2201,0.5203,0.8,9.0715,8.2105,1.3535,0.6528,0.6444,3.601,3.601,906200.0,628670.0,265887.4362,25165174.0,17458165.9,30.24,24.74,1.2789
601601,中国太保,保险,上海,20071225,601601.SH,20200525,28.29,28.29,27.34,27.49,28.0,-0.51,-1.8214,218029.25,601408.388,0.3468,0.82,1.35,8.98,8.1277,1.3399,0.6462,0.6379,3.6377,3.6377,906200.0,628670.0,265887.4362,24911438.0,17282138.3,30.8,25.2,1.2789
601601,中国太保,保险,上海,20071225,601601.SH,20200522,28.68,28.73,27.99,28.0,28.82,-0.82,-2.8452,186242.79,526414.929,0.2962,0.7005,1.19,9.1466,8.2785,1.3647,0.6582,0.6497,3.5714,3.5714,906200.0,628670.0,265887.4362,25373600.0,17602760.0,31.7,25.94,1.2789
601601,中国太保,保险,上海,20071225,601601.SH,20200521,29.28,29.32,28.78,28.82,29.14,-0.32,-1.0981,160679.71,465340.782,0.2556,0.6043,0.98,9.4145,8.5209,1.4047,0.6775,0.6687,3.4698,3.4698,906200.0,628670.0,265887.4362,26116684.0,18118269.4,32.05,26.23,1.2789
601601,中国太保,保险,上海,20071225,601601.SH,20200520,28.99,29.24,28.9,29.14,29.0,0.14,0.4828,121958.14,354594.207,0.194,0.4587,0.72,9.519,8.6156,1.4203,0.685,0.6761,3.4317,3.4317,906200.0,628670.0,265887.4362,26406668.0,18319443.8,31.9,26.1,1.2789
601601,中国太保,保险,上海,20071225,601601.SH,20200519,28.96,29.23,28.81,29.0,28.59,0.41,1.4341,179190.0,520327.734,0.285,0.6739,1.05,9.4733,8.5742,1.4135,0.6817,0.6729,3.4483,3.4483,906200.0,628670.0,265887.4362,26279800.0,18231430.0,31.45,25.73,1.2789
601601,中国太保,保险,上海,20071225,601601.SH,20200518,28.67,28.92,28.42,28.59,28.68,-0.09,-0.3138,158632.01,454686.765,0.2523,0.5966,0.88,9.3393,8.4529,1.3935,0.6721,0.6634,3.4977,3.4977,906200.0,628670.0,265887.4362,25908258.0,17973675.3,31.55,25.81,1.2789
601601,中国太保,保险,上海,20071225,601601.SH,20200515,29.05,29.17,28.66,28.68,28.88,-0.2,-0.6925,165185.26,477432.935,0.2628,0.6213,0.69,9.3687,8.4795,1.3979,0.6742,0.6655,3.4868,3.4868,906200.0,628670.0,265887.4362,25989816.0,18030255.6,31.77,25.99,1.2789
601601,中国太保,保险,上海,20071225,601601.SH,20200514,29.3,29.31,28.85,28.88,29.48,-0.6,-2.0353,193205.52,561079.222,0.3073,0.7266,0.84,9.4341,8.5387,1.4076,0.6789,0.6701,3.4626,3.4626,906200.0,628670.0,265887.4362,26171056.0,18155989.6,32.43,26.53,1.2789
601601,中国太保,保险,上海,20071225,601601.SH,20200513,29.3,29.53,29.11,29.48,29.48,0.0,0.0,145505.04,426633.015,0.2314,0.5472,0.58,9.6301,8.7161,1.4369,0.693,0.684,3.3921,3.3921,906200.0,628670.0,265887.4362,26714776.0,18533191.6,32.43,26.53,1.2789
601601,中国太保,保险,上海,20071225,601601.SH,20200512,29.84,29.88,29.36,29.48,29.99,-0.51,-1.7006,187796.78,554441.883,0.2987,0.7063,0.72,9.6301,8.7161,1.4369,0.693,0.684,3.3921,3.3921,906200.0,628670.0,265887.4362,26714776.0,18533191.6,32.99,26.99,1.2789
601601,中国太保,保险,上海,20071225,601601.SH,20200511,29.68,30.19,29.65,29.99,29.69,0.3,1.0104,210702.71,631683.811,0.3352,0.7925,0.76,9.7967,8.8669,1.4617,0.705,0.6959,3.3344,3.3344,906200.0,628670.0,265887.4362,27176938.0,18853813.3,32.66,26.72,1.2789
601601,中国太保,保险,上海,20071225,601601.SH,20200508,30.68,30.79,29.5,29.69,30.38,-0.69,-2.2712,466029.33,1393205.026,0.7413,1.7527,1.92,9.6987,8.7782,1.4471,0.6979,0.6889,3.3681,3.3681,906200.0,628670.0,265887.4362,26905078.0,18665212.3,33.42,27.34,1.2789
601601,中国太保,保险,上海,20071225,601601.SH,20200507,30.35,30.45,30.13,30.38,30.42,-0.04,-0.1315,142575.43,432261.717,0.2268,0.5362,0.5,9.9241,8.9822,1.4807,0.7142,0.7049,3.2916,3.2916,906200.0,628670.0,265887.4362,27530356.0,19098994.6,33.46,27.38,1.2789
601601,中国太保,保险,上海,20071225,601601.SH,20200506,30.01,30.51,29.93,30.42,30.77,-0.35,-1.1375,251109.74,758240.799,0.3994,0.9444,0.9,9.9371,8.994,1.4827,0.7151,0.7058,3.2873,3.2873,906200.0,628670.0,265887.4362,27566604.0,19124141.4,33.85,27.69,1.2789
601601,中国太保,保险,上海,20071225,601601.SH,20200430,30.87,31.08,30.59,30.77,30.75,0.02,0.065,240260.82,740142.307,0.3822,0.9036,0.9,10.0515,9.0975,1.4997,0.7233,0.714,3.2499,3.2499,906200.0,628670.0,265887.4362,27883774.0,19344175.9,33.83,27.68,1.2789
601601,中国太保,保险,上海,20071225,601601.SH,20200429,29.92,30.9,29.75,30.75,29.88,0.87,2.9116,292422.15,893413.557,0.4651,1.0998,1.25,10.0449,9.0916,1.4988,0.7229,0.7135,3.252,3.252,906200.0,628670.0,265887.4362,27865650.0,19331602.5,32.87,26.89,1.2789
601601,中国太保,保险,上海,20071225,601601.SH,20200428,29.45,29.94,29.05,29.88,29.3,0.58,1.9795,288870.5,854696.123,0.4595,1.0864,1.36,9.7607,8.8343,1.4564,0.7024,0.6933,3.3467,3.3467,906200.0,628670.0,265887.4362,27077256.0,18784659.6,32.23,26.37,1.2789
601601,中国太保,保险,上海,20071225,601601.SH,20200427,29.0,29.76,28.9,29.3,28.42,0.88,3.0964,360931.36,1061659.477,0.5741,1.3575,1.82,9.5713,8.6629,1.4281,0.6888,0.6799,3.413,3.413,906200.0,628670.0,265887.4362,26551660.0,18420031.0,31.26,25.58,1.2789
601601,中国太保,保险,上海,20071225,601601.SH,20200424,28.94,28.97,28.33,28.42,29.21,-0.79,-2.7046,205051.51,585413.667,0.3262,0.7591,0.81,9.2838,9.2838,1.4434,0.6681,0.6681,3.5186,3.5186,906200.0,628670.0,270117.4829,25754204.0,17866801.4,32.13,26.29,1.2789
601601,中国太保,保险,上海,20071225,601601.SH,20200423,28.98,29.5,28.93,29.21,28.92,0.29,1.0028,190012.8,554981.856,0.3022,0.7034,0.8,9.5419,9.5419,1.4835,0.6867,0.6867,3.4235,3.4235,906200.0,628670.0,270117.4829,26470102.0,18363450.7,31.81,26.03,1.2789
601601,中国太保,保险,上海,20071225,601601.SH,20200422,28.44,28.97,28.4,28.92,28.67,0.25,0.872,126620.96,363782.595,0.2014,0.4688,0.52,9.4471,9.4471,1.4688,0.6798,0.6798,3.4578,3.4578,906200.0,628670.0,270117.4829,26207304.0,18181136.4,31.54,25.8,1.2789
601601,中国太保,保险,上海,20071225,601601.SH,20200421,29.05,29.11,28.47,28.67,29.27,-0.6,-2.0499,183180.55,526101.378,0.2914,0.6782,0.74,9.3655,9.3655,1.4561,0.674,0.674,3.488,3.488,906200.0,628670.0,270117.4829,25980754.0,18023968.9,32.2,26.34,1.2789
601601,中国太保,保险,上海,20071225,601601.SH,20200420,29.15,29.47,28.73,29.27,29.3,-0.03,-0.1024,287320.4,837066.916,0.457,1.0637,1.32,9.5615,9.5615,1.4866,0.6881,0.6881,3.4165,3.4165,906200.0,628670.0,270117.4829,26524474.0,18401170.9,32.23,26.37,1.2789
601601,中国太保,保险,上海,20071225,601601.SH,20200417,28.15,29.42,28.02,29.3,27.87,1.43,5.131,482883.67,1394190.727,0.7681,1.7877,2.55,9.5713,9.5713,1.4881,0.6888,0.6888,3.413,3.413,906200.0,628670.0,270117.4829,26551660.0,18420031.0,30.66,25.08,1.2789
601601,中国太保,保险,上海,20071225,601601.SH,20200416,27.71,27.95,27.71,27.87,28.01,-0.14,-0.4998,100888.33,280579.762,0.1605,0.3735,0.49,9.1041,9.1041,1.4155,0.6552,0.6552,3.5881,3.5881,906200.0,628670.0,270117.4829,25255794.0,17521032.9,30.81,25.21,1.2789
601601,中国太保,保险,上海,20071225,601601.SH,20200415,28.28,28.38,27.97,28.01,28.34,-0.33,-1.1644,171365.49,482593.291,0.2726,0.6344,0.79,9.1499,9.1499,1.4226,0.6585,0.6585,3.5702,3.5702,906200.0,628670.0,270117.4829,25382662.0,17609046.7,31.17,25.51,1.2789
601601,中国太保,保险,上海,20071225,601601.SH,20200414,27.9,28.34,27.71,28.34,27.69,0.65,2.3474,202285.93,566890.888,0.3218,0.7489,0.86,9.2577,9.2577,1.4393,0.6662,0.6662,3.5286,3.5286,906200.0,628670.0,270117.4829,25681708.0,17816507.8,30.46,24.92,1.2789
601601,中国太保,保险,上海,20071225,601601.SH,20200413,27.71,27.72,27.5,27.69,27.96,-0.27,-0.9657,128006.06,353211.114,0.2036,0.4739,0.51,9.0453,9.0453,1.4063,0.6509,0.6509,3.6114,3.6114,906200.0,628670.0,270117.4829,25092678.0,17407872.3,30.76,25.16,1.2789
601601,中国太保,保险,上海,20071225,601601.SH,20200410,27.79,28.55,27.48,27.96,27.63,0.33,1.1944,346067.66,969371.163,0.5505,1.2812,1.65,9.1335,9.1335,1.42,0.6573,0.6573,3.5765,3.5765,906200.0,628670.0,270117.4829,25337352.0,17577613.2,30.39,24.87,1.2789
601601,中国太保,保险,上海,20071225,601601.SH,20200409,27.69,27.82,27.51,27.63,27.51,0.12,0.4362,186310.69,514989.301,0.2964,0.6897,0.86,9.0257,9.0257,1.4033,0.6495,0.6495,3.6193,3.6193,906200.0,628670.0,270117.4829,25038306.0,17370152.1,30.26,24.76,1.2789
601601,中国太保,保险,上海,20071225,601601.SH,20200408,27.77,27.78,27.32,27.51,27.95,-0.44,-1.5742,217972.8,599532.428,0.3467,0.807,1.06,8.9865,8.9865,1.3972,0.6467,0.6467,3.635,3.635,906200.0,628670.0,270117.4829,24929562.0,17294711.7,30.75,25.16,1.2789
601601,中国太保,保险,上海,20071225,601601.SH,20200407,28.2,28.28,27.82,27.95,27.71,0.24,0.8661,296994.58,831986.131,0.4724,1.0995,1.56,9.1303,9.1303,1.4195,0.657,0.657,3.5778,3.5778,906200.0,628670.0,270117.4829,25328290.0,17571326.5,30.48,24.94,1.2789
601601,中国太保,保险,上海,20071225,601601.SH,20200403,28.12,28.2,27.5,27.71,28.25,-0.54,-1.9115,219079.65,607493.929,0.3485,0.8111,1.15,9.0519,9.0519,1.4073,0.6514,0.6514,3.6088,3.6088,906200.0,628670.0,270117.4829,25110802.0,17420445.7,31.08,25.43,1.2789
601601,中国太保,保险,上海,20071225,601601.SH,20200402,27.62,28.25,27.58,28.25,27.95,0.3,1.0733,129939.93,362666.851,0.2067,0.481,0.61,9.2283,9.2283,1.4348,0.6641,0.6641,3.5398,3.5398,906200.0,628670.0,270117.4829,25600150.0,17759927.5,30.75,25.16,1.2789
601601,中国太保,保险,上海,20071225,601601.SH,20200401,28.14,28.4,27.93,27.95,28.22,-0.27,-0.9568,214552.36,604136.557,0.3413,0.7943,0.88,9.1303,9.1303,1.4195,0.657,0.657,3.5778,3.5778,906200.0,628670.0,270117.4829,25328290.0,17571326.5,31.04,25.4,1.2789
601601,中国太保,保险,上海,20071225,601601.SH,20200331,28.63,28.74,28.03,28.22,28.42,-0.2,-0.7037,170864.16,484427.127,0.2718,0.6326,0.6,9.2185,9.2185,1.4332,0.6634,0.6634,3.5436,3.5436,906200.0,628670.0,270117.4829,25572964.0,17741067.4,31.26,25.58,1.2789
601601,中国太保,保险,上海,20071225,601601.SH,20200330,28.33,28.48,27.8,28.42,28.74,-0.32,-1.1134,218426.66,615362.959,0.3474,0.8086,0.76,9.2838,9.2838,1.4434,0.6681,0.6681,3.5186,3.5186,906200.0,628670.0,270117.4829,25754204.0,17866801.4,31.61,25.87,1.2789
601601,中国太保,保险,上海,20071225,601601.SH,20200327,29.1,29.15,28.52,28.74,28.58,0.16,0.5598,220983.13,637535.96,0.3515,0.8181,0.74,9.3883,9.3883,1.4597,0.6756,0.6756,3.4795,3.4795,906200.0,628670.0,270117.4829,26044188.0,18067975.8,31.44,25.72,1.2789
601601,中国太保,保险,上海,20071225,601601.SH,20200326,28.88,29.1,28.4,28.58,29.19,-0.61,-2.0898,239407.47,689150.023,0.3808,0.8863,0.72,9.3361,9.3361,1.4515,0.6719,0.6719,3.499,3.499,906200.0,628670.0,270117.4829,25899196.0,17967388.6,32.11,26.27,1.2789
601601,中国太保,保险,上海,20071225,601601.SH,20200325,28.38,29.32,28.34,29.19,27.79,1.4,5.0378,370013.7,1072663.632,0.5886,1.3698,1.11,9.5353,9.5353,1.4825,0.6862,0.6862,3.4258,3.4258,906200.0,628670.0,270117.4829,26451978.0,18350877.3,30.57,25.01,1.2789
601601,中国太保,保险,上海,20071225,601601.SH,20200324,26.94,27.96,26.77,27.79,26.37,1.42,5.3849,364343.49,999013.963,0.5795,1.3488,1.18,9.078,9.078,1.4114,0.6533,0.6533,3.5984,3.5984,906200.0,628670.0,270117.4829,25183298.0,17470739.3,29.01,23.73,1.2789
601601,中国太保,保险,上海,20071225,601601.SH,20200323,26.0,26.68,26.0,26.37,27.2,-0.83,-3.0515,236723.69,622189.84,0.3765,0.8764,0.74,8.6141,8.6141,1.3393,0.6199,0.6199,3.7922,3.7922,906200.0,628670.0,270117.4829,23896494.0,16578027.9,29.92,24.48,1.2789
601601,中国太保,保险,上海,20071225,601601.SH,20200320,26.9,27.2,26.58,27.2,26.7,0.5,1.8727,279935.19,753924.591,0.4453,1.0363,0.87,13.6792,8.7351,1.4479,0.6956,0.6559,3.6765,3.6765,906200.0,628670.0,270117.4829,24648640.0,17099824.0,29.37,24.03,1.2789
601601,中国太保,保险,上海,20071225,601601.SH,20200319,27.61,28.08,26.01,26.7,27.75,-1.05,-3.7838,420732.25,1122956.501,0.6692,1.5576,1.42,13.4278,8.5745,1.4213,0.6828,0.6439,3.7453,3.7453,906200.0,628670.0,270117.4829,24195540.0,16785489.0,30.53,24.98,1.2789
601601,中国太保,保险,上海,20071225,601601.SH,20200318,27.99,28.52,27.62,27.75,27.97,-0.22,-0.7866,358643.92,1011741.661,0.5705,1.3277,1.34,13.9559,8.9117,1.4772,0.7096,0.6692,3.6036,3.6036,906200.0,628670.0,270117.4829,25147050.0,17445592.5,30.77,25.17,1.2789
601601,中国太保,保险,上海,20071225,601601.SH,20200317,28.21,28.9,27.66,27.97,28.21,-0.24,-0.8508,253741.7,714777.256,0.4036,0.9394,0.89,14.0665,8.9824,1.4889,0.7153,0.6745,3.5753,3.5753,906200.0,628670.0,270117.4829,25346414.0,17583899.9,31.03,25.39,1.2789
601601,中国太保,保险,上海,20071225,601601.SH,20200316,29.68,29.74,28.2,28.21,29.66,-1.45,-4.8887,277547.59,801689.587,0.4415,1.0275,0.85,14.1872,9.0594,1.5017,0.7214,0.6803,3.5448,3.5448,906200.0,628670.0,270117.4829,25563902.0,17734780.7,32.63,26.69,1.2789
601601,中国太保,保险,上海,20071225,601601.SH,20200313,29.0,30.08,28.68,29.66,30.46,-0.8,-2.6264,301292.85,883336.182,0.4793,1.1154,0.92,14.9164,9.5251,1.5789,0.7585,0.7153,3.3715,3.3715,906200.0,628670.0,270117.4829,26877892.0,18646352.2,33.51,27.41,1.2789
601601,中国太保,保险,上海,20071225,601601.SH,20200312,30.61,30.61,30.0,30.46,30.97,-0.51,-1.6468,295360.45,893099.431,0.4698,1.0935,0.8,15.3187,9.782,1.6215,0.7789,0.7346,3.283,3.283,906200.0,628670.0,270117.4829,27602852.0,19149288.2,34.07,27.87,1.2789
601601,中国太保,保险,上海,20071225,601601.SH,20200311,31.65,31.65,30.97,30.97,31.65,-0.68,-2.1485,215094.61,671408.14,0.3421,0.7963,0.57,15.5752,9.9458,1.6486,0.792,0.7469,3.2289,3.2289,906200.0,628670.0,270117.4829,28065014.0,19469909.9,34.82,28.49,1.2789
601601,中国太保,保险,上海,20071225,601601.SH,20200310,31.04,31.65,30.58,31.65,30.96,0.69,2.2287,336939.58,1052212.728,0.536,1.2474,0.89,15.9172,10.1642,1.6848,0.8094,0.7633,3.1596,3.1596,906200.0,628670.0,270117.4829,28681230.0,19897405.5,34.06,27.86,1.2789
601601,中国太保,保险,上海,20071225,601601.SH,20200309,31.89,31.89,30.9,30.96,32.68,-1.72,-5.2632,487873.47,1524924.291,0.776,1.8062,1.44,15.5702,9.9426,1.6481,0.7917,0.7466,3.23,3.23,906200.0,628670.0,270117.4829,28055952.0,19463623.2,35.95,29.41,1.2789
601601,中国太保,保险,上海,20071225,601601.SH,20200306,33.02,33.24,32.59,32.68,33.49,-0.81,-2.4186,299117.33,982079.918,0.4758,1.1074,0.79,16.4352,10.4949,1.7397,0.8357,0.7881,3.06,3.06,906200.0,628670.0,270117.4829,29614616.0,20544935.6,36.84,30.14,1.2789
601601,中国太保,保险,上海,20071225,601601.SH,20200305,32.35,33.52,32.24,33.49,32.21,1.28,3.9739,501961.41,1659441.73,0.7984,1.8583,1.53,16.8426,10.7551,1.7828,0.8564,0.8076,2.986,2.986,906200.0,628670.0,270117.4829,30348638.0,21054158.3,35.43,28.99,1.2789
601601,中国太保,保险,上海,20071225,601601.SH,20200304,31.93,32.23,31.82,32.21,32.02,0.19,0.5934,261443.84,836758.076,0.4159,0.9679,0.79,16.1988,10.344,1.7146,0.8237,0.7768,3.1046,3.1046,906200.0,628670.0,270117.4829,29188702.0,20249460.7,35.22,28.82,1.2789
601601,中国太保,保险,上海,20071225,601601.SH,20200303,32.7,32.78,31.94,32.02,32.37,-0.35,-1.0812,346756.83,1121486.49,0.5516,1.2837,1.05,16.1033,10.283,1.7045,0.8188,0.7722,3.123,3.123,906200.0,628670.0,270117.4829,29016524.0,20130013.4,35.61,29.13,1.2789
601601,中国太保,保险,上海,20071225,601601.SH,20200302,31.96,32.55,31.91,32.37,31.89,0.48,1.5052,287054.9,927169.224,0.4566,1.0627,0.82,16.2793,10.3954,1.7231,0.8278,0.7806,3.0893,3.0893,906200.0,628670.0,270117.4829,29333694.0,20350047.9,35.08,28.7,1.2789
601601,中国太保,保险,上海,20071225,601601.SH,20200228,32.7,32.95,31.69,31.89,33.12,-1.23,-3.7138,504772.4,1623508.324,0.8029,1.8687,1.45,16.0379,10.2412,1.6976,0.8155,0.769,3.1358,3.1358,906200.0,628670.0,270117.4829,28898718.0,20048286.3,36.43,29.81,1.2789
601601,中国太保,保险,上海,20071225,601601.SH,20200227,33.23,33.5,33.03,33.12,33.25,-0.13,-0.391,237143.38,787385.479,0.3772,0.8779,0.61,16.6565,10.6362,1.7631,0.847,0.7987,3.0193,3.0193,906200.0,628670.0,270117.4829,30013344.0,20821550.4,36.58,29.93,1.2789
601601,中国太保,保险,上海,20071225,601601.SH,20200226,33.03,33.76,32.98,33.25,33.38,-0.13,-0.3895,289421.86,965166.282,0.4604,1.0715,0.75,16.7219,10.678,1.77,0.8503,0.8018,3.0075,3.0075,906200.0,628670.0,270117.4829,30131150.0,20903277.5,36.72,30.04,1.2789
601601,中国太保,保险,上海,20071225,601601.SH,20200225,33.38,33.53,33.15,33.38,33.75,-0.37,-1.0963,325465.67,1084759.109,0.5177,1.2049,0.84,16.7873,10.7197,1.7769,0.8536,0.805,2.9958,2.9958,906200.0,628670.0,270117.4829,30248956.0,20985004.6,37.13,30.38,1.2789
601601,中国太保,保险,上海,20071225,601601.SH,20200224,34.19,34.19,33.68,33.75,34.52,-0.77,-2.2306,388245.45,1314072.642,0.6176,1.4373,1.0,16.9733,10.8386,1.7966,0.8631,0.8139,2.963,2.963,906200.0,628670.0,270117.4829,30584250.0,21217612.5,37.97,31.07,1.2789
601601,中国太保,保险,上海,20071225,601601.SH,20200221,34.45,34.99,34.4,34.52,34.6,-0.08,-0.2312,495513.39,1718812.869,0.7882,1.8344,1.46,17.3606,11.0858,1.8376,0.8828,0.8325,2.8969,2.8969,906200.0,628670.0,270117.4829,31282024.0,21701688.4,38.06,31.14,1.2789
601601,中国太保,保险,上海,20071225,601601.SH,20200220,33.89,34.78,33.65,34.6,33.86,0.74,2.1855,453644.7,1551720.091,0.7216,1.6794,1.49,17.4008,11.1115,1.8419,0.8848,0.8344,2.8902,2.8902,906200.0,628670.0,270117.4829,31354520.0,21751982.0,37.25,30.47,1.2789
601601,中国太保,保险,上海,20071225,601601.SH,20200219,33.78,34.18,33.67,33.86,33.76,0.1,0.2962,271261.29,920077.308,0.4315,1.0042,0.86,17.0287,10.8739,1.8025,0.8659,0.8166,2.9533,2.9533,906200.0,628670.0,270117.4829,30683932.0,21286766.2,37.14,30.38,1.2789
601601,中国太保,保险,上海,20071225,601601.SH,20200218,34.18,34.18,33.53,33.76,34.24,-0.48,-1.4019,332492.32,1123705.081,0.5289,1.2309,1.05,16.9784,10.8418,1.7971,0.8633,0.8141,2.9621,2.9621,906200.0,628670.0,270117.4829,30593312.0,21223899.2,37.66,30.82,1.2789
601601,中国太保,保险,上海,20071225,601601.SH,20200217,33.61,34.27,33.56,34.24,33.6,0.64,1.9048,381430.95,1292013.222,0.6067,1.4121,1.24,17.2198,10.9959,1.8227,0.8756,0.8257,2.9206,2.9206,906200.0,628670.0,270117.4829,31028288.0,21525660.8,36.96,30.24,1.2789
601601,中国太保,保险,上海,20071225,601601.SH,20200214,33.16,33.74,33.12,33.6,33.25,0.35,1.0526,261416.0,874032.227,0.4158,0.9678,0.82,16.8979,10.7904,1.7886,0.8592,0.8103,2.9762,2.9762,906200.0,628670.0,270117.4829,30448320.0,21123312.0,36.58,29.93,1.2789
601601,中国太保,保险,上海,20071225,601601.SH,20200213,33.42,33.55,33.21,33.25,33.4,-0.15,-0.4491,277252.66,923921.089,0.441,1.0264,0.8,16.7219,10.678,1.77,0.8503,0.8018,3.0075,3.0075,906200.0,628670.0,270117.4829,30131150.0,20903277.5,36.74,30.06,1.2789
601601,中国太保,保险,上海,20071225,601601.SH,20200212,33.49,33.5,33.02,33.4,33.48,-0.08,-0.2389,328095.61,1089476.718,0.5219,1.2146,0.94,16.7973,10.7262,1.778,0.8541,0.8055,2.994,2.994,906200.0,628670.0,270117.4829,30267080.0,20997578.0,36.83,30.13,1.2789
601601,中国太保,保险,上海,20071225,601601.SH,20200211,33.39,33.68,33.17,33.48,33.16,0.32,0.965,336801.23,1127989.241,0.5357,1.2469,0.99,16.8375,10.7519,1.7822,0.8562,0.8074,2.9869,2.9869,906200.0,628670.0,270117.4829,30339576.0,21047871.6,36.48,29.84,1.2789
601601,中国太保,保险,上海,20071225,601601.SH,20200210,33.18,33.24,32.93,33.16,33.4,-0.24,-0.7186,333637.6,1104241.042,0.5307,1.2352,0.9,16.6766,10.6491,1.7652,0.848,0.7997,3.0157,3.0157,906200.0,628670.0,270117.4829,30049592.0,20846697.2,36.74,30.06,1.2789
601601,中国太保,保险,上海,20071225,601601.SH,20200207,33.37,33.67,33.07,33.4,33.6,-0.2,-0.5952,316867.12,1054201.291,0.504,1.1731,0.92,16.7973,10.7262,1.778,0.8541,0.8055,2.994,2.994,906200.0,628670.0,270117.4829,30267080.0,20997578.0,36.96,30.24,1.2789
601601,中国太保,保险,上海,20071225,601601.SH,20200206,33.79,33.93,33.39,33.6,33.58,0.02,0.0596,415477.93,1393743.539,0.6609,1.5381,1.39,16.8979,10.7904,1.7886,0.8592,0.8103,2.9762,2.9762,906200.0,628670.0,270117.4829,30448320.0,21123312.0,36.94,30.22,1.2789
601601,中国太保,保险,上海,20071225,601601.SH,20200205,34.0,34.09,33.41,33.58,33.76,-0.18,-0.5332,343036.02,1152853.665,0.5457,1.27,1.26,16.8878,10.784,1.7876,0.8587,0.8098,2.978,2.978,906200.0,628670.0,270117.4829,30430196.0,21110738.6,37.14,30.38,1.2789
601601,中国太保,保险,上海,20071225,601601.SH,20200204,33.0,33.96,32.92,33.76,32.81,0.95,2.8955,290715.22,973886.564,0.4624,1.0763,1.17,16.9784,10.8418,1.7971,0.8633,0.8141,2.9621,2.9621,906200.0,628670.0,270117.4829,30593312.0,21223899.2,36.09,29.53,1.2789
601601,中国太保,保险,上海,20071225,601601.SH,20200203,32.37,33.49,32.36,32.81,35.96,-3.15,-8.7597,477988.47,1561425.393,0.7603,1.7696,2.79,16.5006,10.5367,1.7466,0.839,0.7912,3.0479,3.0479,906200.0,628670.0,270117.4829,29732422.0,20626662.7,39.56,32.36,1.2789
601601,中国太保,保险,上海,20071225,601601.SH,20200123,36.6,36.88,35.87,35.96,36.98,-1.02,-2.7582,201004.83,729866.701,0.3197,0.7441,1.21,18.0848,11.5483,1.9143,0.9196,0.8672,2.7809,2.7809,906200.0,628670.0,270117.4829,32586952.0,22606973.2,40.68,33.28,1.2789
601601,中国太保,保险,上海,20071225,601601.SH,20200122,36.73,37.19,36.1,36.98,36.79,0.19,0.5164,181138.63,666876.538,0.2881,0.6706,1.2,18.5977,11.8759,1.9686,0.9457,0.8918,2.7042,2.7042,906200.0,628670.0,270117.4829,33511276.0,23248216.6,40.47,33.11,1.2789
601601,中国太保,保险,上海,20071225,601601.SH,20200121,37.6,37.68,36.53,36.79,37.8,-1.01,-2.672,207834.8,765741.389,0.3306,0.7694,1.44,18.5022,11.8148,1.9584,0.9408,0.8872,2.7181,2.7181,906200.0,628670.0,270117.4829,33339098.0,23128769.3,41.58,34.02,1.2789
601601,中国太保,保险,上海,20071225,601601.SH,20200120,37.8,38.45,37.73,37.8,37.73,0.07,0.1855,171139.29,649988.17,0.2722,0.6336,1.27,19.0101,12.1392,2.0122,0.9666,0.9116,2.6455,2.6455,906200.0,628670.0,270117.4829,34254360.0,23763726.0,41.5,33.96,1.2789
601601,中国太保,保险,上海,20071225,601601.SH,20200117,37.7,38.08,37.53,37.73,37.57,0.16,0.4259,96225.6,363042.14,0.1531,0.3562,0.67,18.9749,12.1167,2.0085,0.9649,0.9099,2.6504,2.6504,906200.0,628670.0,270117.4829,34190926.0,23719719.1,41.33,33.81,1.2789
601601,中国太保,保险,上海,20071225,601601.SH,20200116,38.61,38.63,37.5,37.57,38.44,-0.87,-2.2633,170860.8,646287.964,0.2718,0.6325,1.3,18.8945,12.0653,2.0,0.9608,0.906,2.6617,2.6617,906200.0,628670.0,270117.4829,34045934.0,23619131.9,42.28,34.6,1.2789
601601,中国太保,保险,上海,20071225,601601.SH,20200115,38.6,39.05,38.1,38.44,38.87,-0.43,-1.1063,108430.39,416719.594,0.1725,0.4014,0.77,19.332,12.3447,2.0463,0.983,0.927,2.6015,2.6015,906200.0,628670.0,270117.4829,34834328.0,24166074.8,42.76,34.98,1.2789
601601,中国太保,保险,上海,20071225,601601.SH,20200114,38.85,39.41,38.62,38.87,38.81,0.06,0.1546,173633.32,679660.019,0.2762,0.6428,1.26,19.5483,12.4828,2.0692,0.994,0.9374,2.5727,2.5727,906200.0,628670.0,270117.4829,35223994.0,24436402.9,42.69,34.93,1.2789
601601,中国太保,保险,上海,20071225,601601.SH,20200113,38.31,38.81,38.01,38.81,38.45,0.36,0.9363,127075.28,487705.032,0.2021,0.4704,0.83,19.5181,12.4635,2.066,0.9925,0.9359,2.5767,2.5767,906200.0,628670.0,270117.4829,35169622.0,24398682.7,42.3,34.61,1.2789
601601,中国太保,保险,上海,20071225,601601.SH,20200110,38.92,39.07,38.2,38.45,38.9,-0.45,-1.1568,138744.64,533429.529,0.2207,0.5136,0.74,19.337,12.3479,2.0468,0.9833,0.9272,2.6008,2.6008,906200.0,628670.0,270117.4829,34843390.0,24172361.5,42.79,35.01,1.2789
601601,中国太保,保险,上海,20071225,601601.SH,20200109,38.78,39.05,38.57,38.9,38.5,0.4,1.039,110816.07,430133.931,0.1763,0.4103,0.48,19.5633,12.4924,2.0708,0.9948,0.9381,2.5707,2.5707,906200.0,628670.0,270117.4829,35251180.0,24455263.0,42.35,34.65,1.2789
601601,中国太保,保险,上海,20071225,601601.SH,20200108,38.7,39.19,38.3,38.5,39.09,-0.59,-1.5093,152663.92,589428.586,0.2428,0.5652,0.65,19.3622,12.364,2.0495,0.9845,0.9284,2.5974,2.5974,906200.0,628670.0,270117.4829,34888700.0,24203795.0,43.0,35.18,1.2789
601601,中国太保,保险,上海,20071225,601601.SH,20200107,38.95,39.6,38.93,39.09,38.6,0.49,1.2694,161870.01,634625.064,0.2575,0.5993,0.61,19.6589,12.5535,2.0809,0.9996,0.9427,2.5582,2.5582,906200.0,628670.0,270117.4829,35423358.0,24574710.3,42.46,34.74,1.2789
601601,中国太保,保险,上海,20071225,601601.SH,20200106,39.5,39.79,38.49,38.6,39.62,-1.02,-2.5745,197727.77,772729.096,0.3145,0.732,0.74,19.4125,12.3961,2.0548,0.9871,0.9309,2.5907,2.5907,906200.0,628670.0,270117.4829,34979320.0,24266662.0,43.58,35.66,1.2789
601601,中国太保,保险,上海,20071225,601601.SH,20200103,39.4,40.08,39.26,39.62,38.88,0.74,1.9033,317181.03,1260696.971,0.5045,1.1742,1.4,19.9254,12.7237,2.1091,1.0132,0.9555,2.524,2.524,906200.0,628670.0,270117.4829,35903644.0,24907905.4,42.77,34.99,1.2789
601601,中国太保,保险,上海,20071225,601601.SH,20200102,38.5,39.42,38.32,38.88,37.84,1.04,2.7484,325782.97,1267995.369,0.5182,1.2061,1.79,19.5533,12.486,2.0697,0.9943,0.9376,2.572,2.572,906200.0,628670.0,270117.4829,35233056.0,24442689.6,41.62,34.06,1.2789
601601,中国太保,保险,上海,20071225,601601.SH,20191231,38.09,38.25,37.52,37.84,38.25,-0.41,-1.0719,177909.2,672332.814,0.283,0.6586,1.03,19.0303,12.152,2.0143,0.9677,0.9125,2.1142,2.6427,906200.0,628670.0,270117.4829,34290608.0,23788872.8,42.08,34.43,1.279
601601,中国太保,保险,上海,20071225,601601.SH,20191230,36.62,38.27,36.5,38.25,36.78,1.47,3.9967,312496.66,1174503.943,0.4971,1.1569,2.17,19.2364,12.2837,2.0362,0.9782,0.9224,2.0915,2.6144,906200.0,628670.0,270117.4829,34662150.0,24046627.5,40.46,33.1,1.279
601601,中国太保,保险,上海,20071225,601601.SH,20191227,36.91,37.57,36.69,36.78,37.05,-0.27,-0.7287,195839.05,726364.375,0.3115,0.725,1.46,18.4972,11.8116,1.9579,0.9406,0.887,2.1751,2.7189,906200.0,628670.0,270117.4829,33330036.0,23122482.6,40.76,33.35,1.279
601601,中国太保,保险,上海,20071225,601601.SH,20191226,36.88,37.26,36.6,37.05,36.8,0.25,0.6793,119182.8,440518.52,0.1896,0.4412,0.87,18.6329,11.8983,1.9723,0.9475,0.8935,2.1592,2.6991,906200.0,628670.0,270117.4829,33574710.0,23292223.5,40.48,33.12,1.279
601601,中国太保,保险,上海,20071225,601601.SH,20191225,37.01,37.18,36.53,36.8,36.92,-0.12,-0.325,106536.49,392398.655,0.1695,0.3944,0.65,18.5072,11.818,1.959,0.9411,0.8875,2.1739,2.7174,906200.0,628670.0,270117.4829,33348160.0,23135056.0,40.61,33.23,1.279
601601,中国太保,保险,上海,20071225,601601.SH,20191224,37.03,37.35,36.65,36.92,37.01,-0.09,-0.2432,133709.38,493709.92,0.2127,0.495,0.68,18.5676,11.8566,1.9654,0.9441,0.8903,2.1668,2.7086,906200.0,628670.0,270117.4829,33456904.0,23210496.4,40.71,33.31,1.279
601601,中国太保,保险,上海,20071225,601601.SH,20191223,37.7,38.13,37.01,37.01,37.6,-0.59,-1.5691,164478.94,614954.866,0.2616,0.6089,0.75,18.6128,11.8855,1.9702,0.9464,0.8925,2.1616,2.702,906200.0,628670.0,270117.4829,33538462.0,23267076.7,41.36,33.84,1.279
601601,中国太保,保险,上海,20071225,601601.SH,20191220,37.75,38.49,37.52,37.6,37.68,-0.08,-0.2123,148403.33,561755.818,0.2361,0.5494,0.57,18.9096,12.075,2.0016,0.9615,0.9067,2.1277,2.6596,906200.0,628670.0,270117.4829,34073120.0,23637992.0,41.45,33.91,1.279
601601,中国太保,保险,上海,20071225,601601.SH,20191219,37.94,38.2,37.45,37.68,37.85,-0.17,-0.4491,129152.65,488546.229,0.2054,0.4781,0.47,18.9498,12.1007,2.0058,0.9636,0.9087,2.1231,2.6539,906200.0,628670.0,270117.4829,34145616.0,23688285.6,41.64,34.07,1.279
601601,中国太保,保险,上海,20071225,601601.SH,20191218,37.68,38.3,37.58,37.85,37.51,0.34,0.9064,245209.02,930840.855,0.39,0.9078,0.93,19.0353,12.1552,2.0149,0.9679,0.9128,2.1136,2.642,906200.0,628670.0,270117.4829,34299670.0,23795159.5,41.26,33.76,1.279
601601,中国太保,保险,上海,20071225,601601.SH,20191217,37.11,38.1,36.79,37.51,37.31,0.2,0.536,289121.29,1086369.782,0.4599,1.0704,1.3,18.8643,12.0461,1.9968,0.9592,0.9046,2.1328,2.666,906200.0,628670.0,270117.4829,33991562.0,23581411.7,41.04,33.58,1.279
601601,中国太保,保险,上海,20071225,601601.SH,20191216,37.02,37.48,36.75,37.31,37.1,0.21,0.566,279626.68,1041002.262,0.4448,1.0352,1.47,18.7637,11.9818,1.9861,0.9541,0.8998,2.1442,2.6802,906200.0,628670.0,270117.4829,33810322.0,23455677.7,40.81,33.39,1.279
601601,中国太保,保险,上海,20071225,601601.SH,20191213,36.17,37.36,36.17,37.1,35.82,1.28,3.5734,359224.25,1321055.307,0.5714,1.3299,2.47,18.6581,11.9144,1.9749,0.9487,0.8947,2.1563,2.6954,906200.0,628670.0,270117.4829,33620020.0,23323657.0,39.4,32.24,1.279
601601,中国太保,保险,上海,20071225,601601.SH,20191212,35.41,35.96,35.23,35.82,35.31,0.51,1.4444,196639.34,700726.892,0.3128,0.728,1.46,18.0144,11.5033,1.9068,0.916,0.8638,2.2334,2.7917,906200.0,628670.0,270117.4829,32460084.0,22518959.4,38.84,31.78,1.279
601601,中国太保,保险,上海,20071225,601601.SH,20191211,35.03,35.44,34.83,35.31,34.91,0.4,1.1458,187110.38,658208.56,0.2976,0.6927,1.68,17.7579,11.3395,1.8797,0.903,0.8515,2.2656,2.8321,906200.0,628670.0,270117.4829,31997922.0,22198337.7,38.4,31.42,1.279
601601,中国太保,保险,上海,20071225,601601.SH,20191210,34.69,34.99,34.6,34.91,34.81,0.1,0.2873,88339.35,307823.608,0.1405,0.327,0.78,17.5567,11.2111,1.8584,0.8927,0.8419,2.2916,2.8645,906200.0,628670.0,270117.4829,31635442.0,21946869.7,38.29,31.33,1.279
601601,中国太保,保险,上海,20071225,601601.SH,20191209,34.89,35.07,34.69,34.81,34.82,-0.01,-0.0287,122305.47,426085.748,0.1945,0.4528,1.05,17.5064,11.179,1.853,0.8902,0.8395,2.2982,2.8727,906200.0,628670.0,270117.4829,31544822.0,21884002.7,38.3,31.34,1.279
601601,中国太保,保险,上海,20071225,601601.SH,20191206,34.79,34.89,34.58,34.82,34.74,0.08,0.2303,132591.0,460660.727,0.2109,0.4909,1.16,17.5115,11.1822,1.8536,0.8904,0.8397,2.2975,2.8719,906200.0,628670.0,270117.4829,31553884.0,21890289.4,38.21,31.27,1.279
601601,中国太保,保险,上海,20071225,601601.SH,20191205,34.48,34.8,34.38,34.74,34.36,0.38,1.1059,144264.32,499158.209,0.2295,0.5341,1.4,17.4712,11.1565,1.8493,0.8884,0.8378,2.3028,2.8785,906200.0,628670.0,270117.4829,31481388.0,21839995.8,37.8,30.92,1.279
601601,中国太保,保险,上海,20071225,601601.SH,20191204,34.15,34.38,34.11,34.36,34.45,-0.09,-0.2612,69777.17,239001.644,0.111,0.2583,0.65,17.2801,11.0345,1.8291,0.8787,0.8286,2.3283,2.9104,906200.0,628670.0,270117.4829,31137032.0,21601101.2,37.9,31.01,1.279
601601,中国太保,保险,上海,20071225,601601.SH,20191203,34.3,34.65,34.22,34.45,34.52,-0.07,-0.2028,98858.75,339797.941,0.1573,0.366,0.76,17.3254,11.0634,1.8339,0.881,0.8308,2.3222,2.9028,906200.0,628670.0,270117.4829,31218590.0,21657681.5,37.97,31.07,1.279
601601,中国太保,保险,上海,20071225,601601.SH,20191202,34.51,34.99,34.4,34.52,34.25,0.27,0.7883,137300.58,476468.719,0.2184,0.5083,1.04,17.3606,11.0858,1.8376,0.8828,0.8325,2.3175,2.8969,906200.0,628670.0,270117.4829,31282024.0,21701688.4,37.68,30.83,1.279
601601,中国太保,保险,上海,20071225,601601.SH,20191129,34.5,34.54,34.01,34.25,34.43,-0.18,-0.5228,119630.68,409272.286,0.1903,0.4429,0.85,17.2248,10.9991,1.8232,0.8759,0.826,2.3358,2.9197,906200.0,628670.0,270117.4829,31037350.0,21531947.5,37.87,30.99,1.279
601601,中国太保,保险,上海,20071225,601601.SH,20191128,34.65,34.76,34.27,34.43,34.68,-0.25,-0.7209,90543.09,311741.139,0.144,0.3352,0.62,17.3153,11.0569,1.8328,0.8805,0.8303,2.3236,2.9044,906200.0,628670.0,270117.4829,31200466.0,21645108.1,38.15,31.21,1.279
601601,中国太保,保险,上海,20071225,601601.SH,20191127,34.6,34.81,34.23,34.68,34.55,0.13,0.3763,92359.13,319202.525,0.1469,0.3419,0.53,17.441,11.1372,1.8461,0.8869,0.8363,2.3068,2.8835,906200.0,628670.0,270117.4829,31427016.0,21802275.6,38.01,31.1,1.279
601601,中国太保,保险,上海,20071225,601601.SH,20191126,35.17,35.38,34.5,34.55,34.93,-0.38,-1.0879,212957.58,738399.792,0.3387,0.7884,1.32,17.3757,11.0955,1.8392,0.8835,0.8332,2.3155,2.8944,906200.0,628670.0,270117.4829,31309210.0,21720548.5,38.42,31.44,1.279
601601,中国太保,保险,上海,20071225,601601.SH,20191125,34.45,35.0,34.2,34.93,34.5,0.43,1.2464,145085.84,504066.762,0.2308,0.5371,0.84,17.5668,11.2175,1.8594,0.8933,0.8424,2.2903,2.8629,906200.0,628670.0,270117.4829,31653566.0,21959443.1,37.95,31.05,1.279
601601,中国太保,保险,上海,20071225,601601.SH,20191122,34.63,34.99,34.44,34.5,34.63,-0.13,-0.3754,160476.67,556999.411,0.2553,0.5941,0.95,17.3505,11.0794,1.8365,0.8823,0.832,2.3188,2.8986,906200.0,628670.0,270117.4829,31263900.0,21689115.0,38.09,31.17,1.279
601601,中国太保,保险,上海,20071225,601601.SH,20191121,34.49,34.85,34.35,34.63,34.69,-0.06,-0.173,124804.02,431287.695,0.1985,0.462,0.65,17.4159,11.1212,1.8435,0.8856,0.8351,2.3101,2.8877,906200.0,628670.0,270117.4829,31381706.0,21770842.1,38.16,31.22,1.279
601601,中国太保,保险,上海,20071225,601601.SH,20191120,35.47,35.57,34.55,34.69,35.59,-0.9,-2.5288,229559.99,800685.763,0.3652,0.8499,1.15,17.4461,11.1404,1.8467,0.8871,0.8366,2.3061,2.8827,906200.0,628670.0,270117.4829,31436078.0,21808562.3,39.15,32.03,1.279
601601,中国太保,保险,上海,20071225,601601.SH,20191119,35.61,35.85,35.35,35.59,35.81,-0.22,-0.6144,147990.32,525937.548,0.2354,0.5479,0.74,17.8987,11.4295,1.8946,0.9101,0.8583,2.2478,2.8098,906200.0,628670.0,270117.4829,32251658.0,22374365.3,39.39,32.23,1.279
601601,中国太保,保险,上海,20071225,601601.SH,20191118,34.9,35.98,34.86,35.81,34.88,0.93,2.6663,202791.74,721608.818,0.3226,0.7508,1.03,18.0093,11.5001,1.9063,0.9158,0.8636,2.234,2.7925,906200.0,628670.0,270117.4829,32451022.0,22512672.7,38.37,31.39,1.279
601601,中国太保,保险,上海,20071225,601601.SH,20191115,35.22,35.36,34.8,34.88,35.03,-0.15,-0.4282,139260.69,487765.956,0.2215,0.5156,0.66,17.5416,11.2015,1.8568,0.892,0.8412,2.2936,2.867,906200.0,628670.0,270117.4829,31608256.0,21928009.6,38.53,31.53,1.279
601601,中国太保,保险,上海,20071225,601601.SH,20191114,35.54,35.76,34.96,35.03,35.57,-0.54,-1.5181,242331.1,850648.671,0.3855,0.8971,1.13,17.6171,11.2496,1.8647,0.8958,0.8448,2.2838,2.8547,906200.0,628670.0,270117.4829,31744186.0,22022310.1,39.13,32.01,1.279
601601,中国太保,保险,上海,20071225,601601.SH,20191113,36.48,36.52,35.28,35.57,36.83,-1.26,-3.4211,264763.91,949476.364,0.4211,0.9802,1.37,17.8886,11.423,1.8935,0.9096,0.8578,2.2491,2.8114,906200.0,628670.0,270117.4829,32233534.0,22361791.9,40.51,33.15,1.279
601601,中国太保,保险,上海,20071225,601601.SH,20191112,36.53,36.95,36.16,36.83,36.33,0.5,1.3763,156134.23,572263.197,0.2484,0.578,0.65,18.5223,11.8277,1.9606,0.9418,0.8882,2.1721,2.7152,906200.0,628670.0,270117.4829,33375346.0,23153916.1,39.96,32.7,1.279
601601,中国太保,保险,上海,20071225,601601.SH,20191111,36.36,36.85,36.1,36.33,36.81,-0.48,-1.304,184333.04,673169.615,0.2932,0.6824,0.68,18.2709,11.6671,1.934,0.9291,0.8761,2.202,2.7525,906200.0,628670.0,270117.4829,32922246.0,22839581.1,40.49,33.13,1.279
601601,中国太保,保险,上海,20071225,601601.SH,20191108,36.99,37.31,36.71,36.81,36.78,0.03,0.0816,207114.14,766746.249,0.3294,0.7668,0.75,18.5122,11.8213,1.9595,0.9413,0.8877,2.1733,2.7167,906200.0,628670.0,270117.4829,33357222.0,23141342.7,40.46,33.1,1.279
601601,中国太保,保险,上海,20071225,601601.SH,20191107,36.44,37.03,36.35,36.78,36.14,0.64,1.7709,256152.52,941015.356,0.4075,0.9483,0.97,18.4972,11.8116,1.9579,0.9406,0.887,2.1751,2.7189,906200.0,628670.0,270117.4829,33330036.0,23122482.6,39.75,32.53,1.279
601601,中国太保,保险,上海,20071225,601601.SH,20191106,36.53,36.72,36.05,36.14,36.44,-0.3,-0.8233,160784.82,582916.575,0.2558,0.5952,0.59,18.1753,11.6061,1.9238,0.9242,0.8715,2.2136,2.767,906200.0,628670.0,270117.4829,32750068.0,22720133.8,40.08,32.8,1.279
601601,中国太保,保险,上海,20071225,601601.SH,20191105,36.15,37.01,36.08,36.44,36.14,0.3,0.8301,393053.15,1439129.284,0.6252,1.4551,1.7,18.3262,11.7024,1.9398,0.9319,0.8788,2.1954,2.7442,906200.0,628670.0,270117.4829,33021928.0,22908734.8,39.75,32.53,1.279
601601,中国太保,保险,上海,20071225,601601.SH,20191104,35.3,36.42,35.1,36.14,35.3,0.84,2.3796,340349.48,1220463.79,0.5414,1.26,1.77,18.1753,11.6061,1.9238,0.9242,0.8715,2.2136,2.767,906200.0,628670.0,270117.4829,32750068.0,22720133.8,38.83,31.77,1.279
601601,中国太保,保险,上海,20071225,601601.SH,20191101,34.4,35.33,34.28,35.3,34.51,0.79,2.2892,234985.83,823188.298,0.3738,0.8699,1.34,17.7528,11.3363,1.8791,0.9027,0.8513,2.2663,2.8329,906200.0,628670.0,270117.4829,31988860.0,22192051.0,37.96,31.06,1.279
601601,中国太保,保险,上海,20071225,601601.SH,20191031,34.75,34.8,33.98,34.51,34.55,-0.04,-0.1158,195519.52,670986.568,0.311,0.7238,1.22,17.3555,11.0826,1.8371,0.8825,0.8322,2.3182,2.8977,906200.0,628670.0,270117.4829,31272962.0,21695401.7,38.01,31.1,1.279
601601,中国太保,保险,上海,20071225,601601.SH,20191030,34.72,35.06,34.37,34.55,34.67,-0.12,-0.3461,196738.86,681093.869,0.3129,0.7283,1.24,17.3757,12.0661,2.0402,0.8835,0.8461,2.3155,2.8944,906200.0,628670.0,270117.4829,31309210.0,21720548.5,38.14,31.2,1.279
601601,中国太保,保险,上海,20071225,601601.SH,20191029,35.42,35.43,34.66,34.67,35.42,-0.75,-2.1174,188437.43,657804.461,0.2997,0.6976,1.15,17.436,12.108,2.0473,0.8866,0.849,2.3075,2.8843,906200.0,628670.0,270117.4829,31417954.0,21795988.9,38.96,31.88,1.279
601601,中国太保,保险,上海,20071225,601601.SH,20191028,35.25,35.48,35.09,35.42,35.11,0.31,0.8829,147295.64,519553.441,0.2343,0.5453,0.85,17.8132,12.37,2.0915,0.9058,0.8674,2.2586,2.8233,906200.0,628670.0,270117.4829,32097604.0,22267491.4,38.62,31.6,1.279
601601,中国太保,保险,上海,20071225,601601.SH,20191025,35.29,35.29,34.62,35.11,35.39,-0.28,-0.7912,150092.49,524351.154,0.2387,0.5557,0.87,17.6573,12.2617,2.0732,0.8979,0.8598,2.2786,2.8482,906200.0,628670.0,270117.4829,31816682.0,22072603.7,38.93,31.85,1.279
601601,中国太保,保险,上海,20071225,601601.SH,20191024,35.43,35.66,35.13,35.39,35.28,0.11,0.3118,119712.68,423636.862,0.1904,0.4432,0.68,17.7981,12.3595,2.0898,0.905,0.8666,2.2605,2.8257,906200.0,628670.0,270117.4829,32070418.0,22248631.3,38.81,31.75,1.279
601601,中国太保,保险,上海,20071225,601601.SH,20191023,35.74,35.93,35.1,35.28,35.78,-0.5,-1.3974,188478.41,667289.729,0.2998,0.6978,1.13,17.7428,12.3211,2.0833,0.9022,0.8639,2.2676,2.8345,906200.0,628670.0,270117.4829,31970736.0,22179477.6,39.36,32.2,1.279
601601,中国太保,保险,上海,20071225,601601.SH,20191022,36.28,36.46,35.43,35.78,36.1,-0.32,-0.8864,210529.92,752391.23,0.3349,0.7794,1.44,17.9942,12.4957,2.1128,0.915,0.8762,2.2359,2.7949,906200.0,628670.0,270117.4829,32423836.0,22493812.6,39.71,32.49,1.279
601601,中国太保,保险,上海,20071225,601601.SH,20191021,35.86,36.63,35.66,36.1,35.86,0.24,0.6693,194926.62,704565.959,0.3101,0.7216,1.24,18.1552,12.6075,2.1317,0.9232,0.884,2.2161,2.7701,906200.0,628670.0,270117.4829,32713820.0,22694987.0,39.45,32.27,1.279
601601,中国太保,保险,上海,20071225,601601.SH,20191018,36.89,37.0,35.8,35.86,36.72,-0.86,-2.342,153724.46,557731.937,0.2445,0.5691,0.91,18.0345,12.5236,2.1175,0.917,0.8781,2.2309,2.7886,906200.0,628670.0,270117.4829,32496332.0,22544106.2,40.39,33.05,1.279
601601,中国太保,保险,上海,20071225,601601.SH,20191017,36.71,37.1,36.3,36.72,36.76,-0.04,-0.1088,128256.64,471046.07,0.204,0.4748,0.75,18.467,12.824,2.1683,0.939,0.8992,2.1786,2.7233,906200.0,628670.0,270117.4829,33275664.0,23084762.4,40.44,33.08,1.279
601601,中国太保,保险,上海,20071225,601601.SH,20191016,36.93,37.6,36.59,36.76,36.92,-0.16,-0.4334,150131.99,555465.083,0.2388,0.5558,0.83,18.4871,12.8379,2.1707,0.9401,0.9002,2.1763,2.7203,906200.0,628670.0,270117.4829,33311912.0,23109909.2,40.61,33.23,1.279
601601,中国太保,保险,上海,20071225,601601.SH,20191015,37.2,37.2,36.6,36.92,37.09,-0.17,-0.4583,102236.6,376694.947,0.1626,0.3785,0.5,18.5676,12.8938,2.1801,0.9441,0.9041,2.1668,2.7086,906200.0,628670.0,270117.4829,33456904.0,23210496.4,40.8,33.38,1.279
601601,中国太保,保险,上海,20071225,601601.SH,20191014,36.71,37.57,36.71,37.09,36.49,0.6,1.6443,250597.81,933016.342,0.3986,0.9277,1.38,18.6531,12.9532,2.1902,0.9485,0.9083,2.1569,2.6961,906200.0,628670.0,270117.4829,33610958.0,23317370.3,40.14,32.84,1.279
601601,中国太保,保险,上海,20071225,601601.SH,20191011,36.22,36.81,35.77,36.49,35.94,0.55,1.5303,210958.87,766346.847,0.3356,0.781,1.26,18.3513,12.7437,2.1547,0.9331,0.8936,2.1924,2.7405,906200.0,628670.0,270117.4829,33067238.0,22940168.3,39.53,32.35,1.279
601601,中国太保,保险,上海,20071225,601601.SH,20191010,36.08,36.2,35.77,35.94,36.07,-0.13,-0.3604,136505.67,490285.922,0.2171,0.5054,0.75,18.0747,12.5516,2.1222,0.9191,0.8801,2.2259,2.7824,906200.0,628670.0,270117.4829,32568828.0,22594399.8,39.68,32.46,1.279
601601,中国太保,保险,上海,20071225,601601.SH,20191009,35.22,36.43,35.15,36.07,35.56,0.51,1.4342,206403.0,743616.816,0.3283,0.7641,1.12,18.1401,12.597,2.1299,0.9224,0.8833,2.2179,2.7724,906200.0,628670.0,270117.4829,32686634.0,22676126.9,39.12,32.0,1.279
601601,中国太保,保险,上海,20071225,601601.SH,20191008,34.88,35.83,34.84,35.56,34.87,0.69,1.9788,225159.58,798355.471,0.3582,0.8336,0.92,17.8836,12.4189,2.0998,0.9094,0.8708,2.2497,2.8121,906200.0,628670.0,270117.4829,32224472.0,22355505.2,38.36,31.38,1.279
601601,中国太保,保险,上海,20071225,601601.SH,20190930,35.25,35.69,34.86,34.87,35.6,-0.73,-2.0506,126156.59,444244.577,0.2007,0.467,0.5,17.5366,12.1779,2.0591,0.8917,0.8539,2.2942,2.8678,906200.0,628670.0,270117.4829,31599194.0,21921722.9,39.16,32.04,1.279
601601,中国太保,保险,上海,20071225,601601.SH,20190927,35.7,35.87,35.02,35.6,35.69,-0.09,-0.2522,143153.09,505981.993,0.2277,0.53,0.55,17.9037,12.4328,2.1022,0.9104,0.8718,2.2472,2.809,906200.0,628670.0,270117.4829,32260720.0,22380652.0,39.26,32.12,1.279
601601,中国太保,保险,上海,20071225,601601.SH,20190926,35.7,36.28,35.61,35.69,35.58,0.11,0.3092,203883.66,732192.067,0.3243,0.7548,0.8,17.949,12.4643,2.1075,0.9127,0.874,2.2415,2.8019,906200.0,628670.0,270117.4829,32342278.0,22437232.3,39.14,32.02,1.279
601601,中国太保,保险,上海,20071225,601601.SH,20190925,35.27,35.83,35.15,35.58,35.46,0.12,0.3384,226559.6,805131.511,0.3604,0.8387,0.93,17.8937,12.4259,2.101,0.9099,0.8713,2.2485,2.8106,906200.0,628670.0,270117.4829,32242596.0,22368078.6,39.01,31.91,1.279
601601,中国太保,保险,上海,20071225,601601.SH,20190924,36.56,36.56,34.83,35.46,36.45,-0.99,-2.716,522263.51,1847613.109,0.8307,1.9335,2.93,17.8333,12.3839,2.0939,0.9068,0.8684,2.2561,2.8201,906200.0,628670.0,270117.4829,32133852.0,22292638.2,40.1,32.81,1.279
601601,中国太保,保险,上海,20071225,601601.SH,20190923,37.04,37.04,36.31,36.45,37.2,-0.75,-2.0161,163901.02,597601.136,0.2607,0.6068,0.86,18.3312,12.7297,2.1524,0.9321,0.8926,2.1948,2.7435,906200.0,628670.0,270117.4829,33030990.0,22915021.5,40.92,33.48,1.279
601601,中国太保,保险,上海,20071225,601601.SH,20190920,37.2,37.43,37.08,37.2,37.14,0.06,0.1616,190686.49,710290.592,0.3033,0.7059,0.98,18.7084,12.9916,2.1966,0.9513,0.911,2.1505,2.6882,906200.0,628670.0,270117.4829,33710640.0,23386524.0,40.85,33.43,1.279
601601,中国太保,保险,上海,20071225,601601.SH,20190919,37.35,37.38,36.8,37.14,37.19,-0.05,-0.1344,172527.36,638583.756,0.2744,0.6387,0.89,18.6782,12.9707,2.1931,0.9498,0.9095,2.154,2.6925,906200.0,628670.0,270117.4829,33656268.0,23348803.8,40.91,33.47,1.279
601601,中国太保,保险,上海,20071225,601601.SH,20190918,37.49,37.5,37.07,37.19,37.29,-0.1,-0.2682,166847.02,620674.382,0.2654,0.6177,0.82,18.7034,12.9881,2.1961,0.951,0.9107,2.1511,2.6889,906200.0,628670.0,270117.4829,33701578.0,23380237.3,41.02,33.56,1.279
601601,中国太保,保险,上海,20071225,601601.SH,20190917,37.65,37.69,37.2,37.29,37.85,-0.56,-1.4795,197305.56,737828.021,0.3138,0.7304,0.85,18.7536,13.023,2.202,0.9536,0.9132,2.1453,2.6817,906200.0,628670.0,270117.4829,33792198.0,23443104.3,41.64,34.07,1.279
601601,中国太保,保险,上海,20071225,601601.SH,20190916,38.75,38.75,37.78,37.85,38.79,-0.94,-2.4233,225279.44,857402.845,0.3583,0.834,0.94,19.0353,13.2186,2.235,0.9679,0.9269,2.1136,2.642,906200.0,628670.0,270117.4829,34299670.0,23795159.5,42.67,34.91,1.279
601601,中国太保,保险,上海,20071225,601601.SH,20190912,38.39,38.93,38.04,38.79,38.23,0.56,1.4648,214378.62,825397.819,0.341,0.7936,0.78,19.508,13.5469,2.2905,0.992,0.9499,2.0624,2.578,906200.0,628670.0,270117.4829,35151498.0,24386109.3,42.05,34.41,1.279
601601,中国太保,保险,上海,20071225,601601.SH,20190911,38.03,38.42,37.95,38.23,37.95,0.28,0.7378,170195.88,650298.436,0.2707,0.6301,0.59,19.2264,13.3513,2.2575,0.9776,0.9362,2.0926,2.6157,906200.0,628670.0,270117.4829,34644026.0,24034054.1,41.75,34.16,1.279
601601,中国太保,保险,上海,20071225,601601.SH,20190910,38.48,38.48,37.68,37.95,38.51,-0.56,-1.4542,214955.06,815017.909,0.3419,0.7958,0.77,19.0856,13.2535,2.2409,0.9705,0.9293,2.108,2.635,906200.0,628670.0,270117.4829,34390290.0,23858026.5,42.36,34.66,1.279
601601,中国太保,保险,上海,20071225,601601.SH,20190909,39.34,39.5,38.35,38.51,39.13,-0.62,-1.5845,335918.89,1298500.495,0.5343,1.2436,1.24,19.3672,13.4491,2.274,0.9848,0.943,2.0774,2.5967,906200.0,628670.0,270117.4829,34897762.0,24210081.7,43.04,35.22,1.279
601601,中国太保,保险,上海,20071225,601601.SH,20190906,38.7,39.18,38.21,39.13,38.53,0.6,1.5572,259635.68,1005642.212,0.413,0.9612,1.0,19.679,13.6656,2.3106,1.0007,0.9582,2.0445,2.5556,906200.0,628670.0,270117.4829,35459606.0,24599857.1,42.38,34.68,1.279
601601,中国太保,保险,上海,20071225,601601.SH,20190905,38.34,39.69,38.33,38.53,38.2,0.33,0.8639,392476.0,1527990.166,0.6243,1.453,1.72,19.3773,13.4561,2.2752,0.9853,0.9435,2.0763,2.5954,906200.0,628670.0,270117.4829,34915886.0,24222655.1,42.02,34.38,1.279
601601,中国太保,保险,上海,20071225,601601.SH,20190904,37.61,38.2,37.61,38.2,37.62,0.58,1.5417,244647.29,927416.901,0.3892,0.9057,1.03,19.2113,13.3409,2.2557,0.9769,0.9355,2.0942,2.6178,906200.0,628670.0,270117.4829,34616840.0,24015194.0,41.38,33.86,1.279
601601,中国太保,保险,上海,20071225,601601.SH,20190903,37.6,37.95,37.43,37.62,37.68,-0.06,-0.1592,165724.47,624311.281,0.2636,0.6135,0.58,18.9196,13.1383,2.2214,0.962,0.9212,2.1265,2.6582,906200.0,628670.0,270117.4829,34091244.0,23650565.4,41.45,33.91,1.279
601601,中国太保,保险,上海,20071225,601601.SH,20190902,37.51,37.98,37.38,37.68,37.8,-0.12,-0.3175,287995.04,1086452.939,0.4581,1.0662,1.02,18.9498,13.1592,2.225,0.9636,0.9227,2.1231,2.6539,906200.0,628670.0,270117.4829,34145616.0,23688285.6,41.58,34.02,1.279
601601,中国太保,保险,上海,20071225,601601.SH,20190830,37.74,37.88,37.15,37.8,37.47,0.33,0.8807,202844.26,761494.366,0.3227,0.7509,0.7,19.0101,13.2012,2.2321,0.9666,0.9257,2.1164,2.6455,906200.0,628670.0,270117.4829,34254360.0,23763726.0,41.22,33.72,1.279
601601,中国太保,保险,上海,20071225,601601.SH,20190829,37.46,37.83,37.08,37.47,37.46,0.01,0.0267,242448.77,906641.766,0.3857,0.8976,0.9,18.8442,13.0859,2.2126,0.9582,0.9176,2.135,2.6688,906200.0,628670.0,270117.4829,33955314.0,23556264.9,41.21,33.71,1.279
601601,中国太保,保险,上海,20071225,601601.SH,20190828,38.21,38.27,37.19,37.46,38.17,-0.71,-1.8601,291497.22,1093113.729,0.4637,1.0791,1.2,18.8391,13.0824,2.212,0.958,0.9173,2.1356,2.6695,906200.0,628670.0,270117.4829,33946252.0,23549978.2,41.99,34.35,1.279
601601,中国太保,保险,上海,20071225,601601.SH,20190827,39.13,39.21,37.95,38.17,38.7,-0.53,-1.3695,407919.26,1571982.189,0.6489,1.5102,2.14,19.1962,13.3304,2.2539,0.9761,0.9347,2.0959,2.6199,906200.0,628670.0,270117.4829,34589654.0,23996333.9,42.57,34.83,1.279
601601,中国太保,保险,上海,20071225,601601.SH,20190826,39.35,39.4,38.4,38.7,40.02,-1.32,-3.2984,262683.07,1019801.835,0.4178,0.9725,1.4,19.4628,13.5155,2.2852,0.9897,0.9477,2.0672,2.584,906200.0,628670.0,270117.4829,35069940.0,24329529.0,44.02,36.02,1.279
601601,中国太保,保险,上海,20071225,601601.SH,20190823,38.9,40.4,38.9,40.02,39.11,0.91,2.3268,235454.66,940367.375,0.3745,0.8717,1.32,20.1266,18.3654,2.3699,1.0234,0.9989,1.999,2.4988,906200.0,628670.0,270117.4829,36266124.0,25159373.4,43.02,35.2,1.279
601601,中国太保,保险,上海,20071225,601601.SH,20190822,38.6,39.41,38.38,39.11,38.58,0.53,1.3738,153925.77,600266.399,0.2448,0.5698,0.86,19.669,17.9478,2.316,1.0001,0.9761,2.0455,2.5569,906200.0,628670.0,270117.4829,35441482.0,24587283.7,42.44,34.72,1.279
601601,中国太保,保险,上海,20071225,601601.SH,20190821,37.64,38.75,37.64,38.58,37.92,0.66,1.7405,149920.05,576141.349,0.2385,0.555,0.84,19.4024,17.7046,2.2846,0.9866,0.9629,2.0736,2.592,906200.0,628670.0,270117.4829,34961196.0,24254088.6,41.71,34.13,1.279
601601,中国太保,保险,上海,20071225,601601.SH,20190820,37.85,38.35,37.84,37.92,38.24,-0.32,-0.8368,151105.82,575128.225,0.2404,0.5594,0.82,19.0705,17.4017,2.2455,0.9697,0.9464,2.1097,2.6371,906200.0,628670.0,270117.4829,34363104.0,23839166.4,42.06,34.42,1.279
601601,中国太保,保险,上海,20071225,601601.SH,20190819,36.99,38.35,36.8,38.24,36.77,1.47,3.9978,247930.78,934334.261,0.3944,0.9179,1.45,19.2314,17.5485,2.2645,0.9779,0.9544,2.0921,2.6151,906200.0,628670.0,270117.4829,34653088.0,24040340.8,40.45,33.09,1.279
601601,中国太保,保险,上海,20071225,601601.SH,20190816,36.7,37.24,36.28,36.77,36.85,-0.08,-0.2171,187050.76,688389.016,0.2975,0.6925,1.12,18.4921,16.8739,2.1774,0.9403,0.9177,2.1757,2.7196,906200.0,628670.0,270117.4829,33320974.0,23116195.9,40.54,33.17,1.279
601601,中国太保,保险,上海,20071225,601601.SH,20190815,35.7,37.04,35.51,36.85,36.31,0.54,1.4872,156066.49,565434.29,0.2482,0.5778,0.91,18.5324,16.9107,2.1822,0.9424,0.9197,2.171,2.7137,906200.0,628670.0,270117.4829,33393470.0,23166489.5,39.94,32.68,1.279
601601,中国太保,保险,上海,20071225,601601.SH,20190814,37.07,37.25,36.22,36.31,36.5,-0.19,-0.5205,151694.94,556340.958,0.2413,0.5616,0.84,18.2608,16.6628,2.1502,0.9285,0.9063,2.2032,2.7541,906200.0,628670.0,270117.4829,32904122.0,22827007.7,40.15,32.85,1.279
601601,中国太保,保险,上海,20071225,601601.SH,20190813,37.32,37.38,36.41,36.5,37.65,-1.15,-3.0544,173735.97,640040.631,0.2764,0.6432,0.87,18.3563,16.75,2.1615,0.9334,0.911,2.1918,2.7397,906200.0,628670.0,270117.4829,33076300.0,22946455.0,41.42,33.89,1.279
601601,中国太保,保险,上海,20071225,601601.SH,20190812,36.56,37.79,36.56,37.65,36.85,0.8,2.171,187076.8,696283.971,0.2976,0.6926,0.89,18.9347,17.2778,2.2296,0.9628,0.9397,2.1248,2.656,906200.0,628670.0,270117.4829,34118430.0,23669425.5,40.54,33.17,1.279
601601,中国太保,保险,上海,20071225,601601.SH,20190809,37.3,37.56,36.5,36.85,37.11,-0.26,-0.7006,167740.71,621011.274,0.2668,0.621,0.78,18.5324,16.9107,2.1822,0.9424,0.9197,2.171,2.7137,906200.0,628670.0,270117.4829,33393470.0,23166489.5,40.82,33.4,1.279
601601,中国太保,保险,上海,20071225,601601.SH,20190808,37.5,37.5,36.68,37.11,36.74,0.37,1.0071,175788.89,650210.3,0.2796,0.6508,0.79,18.6631,17.03,2.1976,0.949,0.9262,2.1558,2.6947,906200.0,628670.0,270117.4829,33629082.0,23329943.7,40.41,33.07,1.279
601601,中国太保,保险,上海,20071225,601601.SH,20190807,37.08,37.24,36.66,36.74,36.85,-0.11,-0.2985,193491.13,715574.143,0.3078,0.7163,0.86,18.477,16.8602,2.1757,0.9395,0.917,2.1775,4.8993,906200.0,628670.0,270117.4829,33293788.0,23097335.8,40.54,33.17,1.279
601601,中国太保,保险,上海,20071225,601601.SH,20190806,36.1,37.3,36.0,36.85,36.79,0.06,0.1631,270106.3,989469.092,0.4296,1.0,1.25,18.5324,16.9107,2.1822,0.9424,0.9197,2.171,4.8847,906200.0,628670.0,270117.4829,33393470.0,23166489.5,40.47,33.11,1.279
601601,中国太保,保险,上海,20071225,601601.SH,20190805,37.18,37.89,36.68,36.79,37.56,-0.77,-2.0501,238085.56,886858.505,0.3787,0.8814,1.21,18.5022,16.8831,2.1786,0.9408,0.9182,2.1745,4.8926,906200.0,628670.0,270117.4829,33339098.0,23128769.3,41.32,33.8,1.279
601601,中国太保,保险,上海,20071225,601601.SH,20190802,37.51,37.9,37.33,37.56,38.43,-0.87,-2.2639,201690.74,757508.492,0.3208,0.7467,1.12,18.8894,17.2365,2.2242,0.9605,0.9375,2.1299,4.7923,906200.0,628670.0,270117.4829,34036872.0,23612845.2,42.27,34.59,1.279
601601,中国太保,保险,上海,20071225,601601.SH,20190801,38.18,38.77,38.06,38.43,38.6,-0.17,-0.4404,211316.45,810954.368,0.3361,0.7823,1.27,19.327,17.6357,2.2757,0.9828,0.9592,2.0817,4.6838,906200.0,628670.0,270117.4829,34825266.0,24159788.1,42.46,34.74,1.279
601601,中国太保,保险,上海,20071225,601601.SH,20190731,39.47,39.47,38.48,38.6,39.55,-0.95,-2.402,208459.36,809454.382,0.3316,0.7717,1.17,19.4125,17.7137,2.2858,0.9871,0.9634,2.0725,4.6632,906200.0,628670.0,270117.4829,34979320.0,24266662.0,43.51,35.6,1.279
601601,中国太保,保险,上海,20071225,601601.SH,20190730,39.2,39.68,38.92,39.55,38.6,0.95,2.4611,219472.52,864686.836,0.3491,0.8125,1.31,19.8902,18.1497,2.3421,1.0114,0.9871,2.0228,4.5512,906200.0,628670.0,270117.4829,35840210.0,24863898.5,42.46,34.74,1.279
601601,中国太保,保险,上海,20071225,601601.SH,20190729,38.64,38.99,38.0,38.6,38.64,-0.04,-0.1035,140645.73,543531.451,0.2237,0.5207,0.8,19.4125,17.7137,2.2858,0.9871,0.9634,2.0725,4.6632,906200.0,628670.0,270117.4829,34979320.0,24266662.0,42.5,34.78,1.279
601601,中国太保,保险,上海,20071225,601601.SH,20190726,38.18,38.9,38.18,38.64,38.65,-0.01,-0.0259,121548.41,468767.86,0.1933,0.45,0.63,19.4326,17.7321,2.2882,0.9881,0.9644,2.0704,4.6584,906200.0,628670.0,270117.4829,35015568.0,24291808.8,42.52,34.79,1.279
601601,中国太保,保险,上海,20071225,601601.SH,20190725,38.87,38.95,38.21,38.65,38.45,0.2,0.5202,143085.54,551099.995,0.2276,0.5297,0.66,19.4376,17.7367,2.2888,0.9884,0.9647,2.0699,4.6572,906200.0,628670.0,270117.4829,35024630.0,24298095.5,42.3,34.61,1.279
601601,中国太保,保险,上海,20071225,601601.SH,20190724,37.6,39.08,37.52,38.45,37.17,1.28,3.4436,265689.48,1025005.917,0.4226,0.9836,1.3,19.337,17.6449,2.2769,0.9833,0.9597,2.0806,4.6814,906200.0,628670.0,270117.4829,34843390.0,24172361.5,40.89,33.45,1.279
601601,中国太保,保险,上海,20071225,601601.SH,20190723,37.75,37.96,37.04,37.17,37.3,-0.13,-0.3485,167678.19,627775.355,0.2667,0.6208,0.83,18.6933,17.0575,2.2011,0.9505,0.9277,2.1523,4.8426,906200.0,628670.0,270117.4829,33683454.0,23367663.9,41.03,33.57,1.279
601601,中国太保,保险,上海,20071225,601601.SH,20190722,38.59,39.0,38.2,38.3,38.78,-0.48,-1.2378,177721.03,685572.856,0.2827,0.6579,0.78,19.2616,17.5761,2.1412,0.9794,0.9559,2.0888,2.0888,906200.0,628670.0,270117.4829,34707460.0,24078061.0,42.66,34.9,1.246
601601,中国太保,保险,上海,20071225,601601.SH,20190719,38.93,38.99,38.4,38.78,38.8,-0.02,-0.0515,217840.97,842437.458,0.3465,0.8065,0.79,19.503,17.7963,2.1681,0.9917,0.9679,2.0629,2.0629,906200.0,628670.0,270117.4829,35142436.0,24379822.6,42.68,34.92,1.246
601601,中国太保,保险,上海,20071225,601601.SH,20190718,38.12,39.05,38.01,38.8,38.15,0.65,1.7038,253536.16,980932.566,0.4033,0.9386,0.88,19.513,17.8055,2.1692,0.9922,0.9684,2.0619,2.0619,906200.0,628670.0,270117.4829,35160560.0,24392396.0,41.97,34.34,1.246
601601,中国太保,保险,上海,20071225,601601.SH,20190717,37.94,38.65,37.6,38.15,37.96,0.19,0.5005,208075.64,796480.01,0.331,0.7703,0.75,19.1862,17.5072,2.1329,0.9756,0.9522,2.097,2.097,906200.0,628670.0,270117.4829,34571530.0,23983760.5,41.76,34.16,1.246
601601,中国太保,保险,上海,20071225,601601.SH,20190716,38.09,38.44,37.78,37.96,38.02,-0.06,-0.1578,149928.76,570313.712,0.2385,0.5551,0.53,19.0906,17.42,2.1222,0.9707,0.9474,2.1075,2.1075,906200.0,628670.0,270117.4829,34399352.0,23864313.2,41.82,34.22,1.246
601601,中国太保,保险,上海,20071225,601601.SH,20190715,37.7,38.6,37.46,38.02,37.67,0.35,0.9291,308928.39,1174616.45,0.4914,1.1437,1.1,19.1208,17.4476,2.1256,0.9723,0.9489,2.1042,2.1042,906200.0,628670.0,270117.4829,34453724.0,23902033.4,41.44,33.9,1.246
601601,中国太保,保险,上海,20071225,601601.SH,20190712,36.28,38.08,36.28,37.67,36.21,1.46,4.032,456491.02,1714944.265,0.7261,1.69,2.15,18.9448,17.287,2.106,0.9633,0.9402,2.1237,2.1237,906200.0,628670.0,270117.4829,34136554.0,23681998.9,39.83,32.59,1.246
601601,中国太保,保险,上海,20071225,601601.SH,20190711,35.64,36.65,35.59,36.21,35.37,0.84,2.3749,313404.33,1134475.519,0.4985,1.1603,1.55,18.2105,16.617,2.0244,0.926,0.9038,2.2093,2.2093,906200.0,628670.0,270117.4829,32813502.0,22764140.7,38.91,31.83,1.246
601601,中国太保,保险,上海,20071225,601601.SH,20190710,35.2,35.57,35.03,35.37,34.87,0.5,1.4339,162027.55,572639.737,0.2577,0.5998,0.76,17.7881,16.2315,1.9774,0.9045,0.8828,2.2618,2.2618,906200.0,628670.0,270117.4829,32052294.0,22236057.9,38.36,31.38,1.246
601601,中国太保,保险,上海,20071225,601601.SH,20190709,34.72,35.21,34.72,34.87,34.93,-0.06,-0.1718,170508.61,595431.841,0.2712,0.6312,0.81,17.5366,16.002,1.9495,0.8917,0.8703,2.2942,2.2942,906200.0,628670.0,270117.4829,31599194.0,21921722.9,38.42,31.44,1.246
601601,中国太保,保险,上海,20071225,601601.SH,20190708,36.02,36.1,34.43,34.93,36.2,-1.27,-3.5083,303498.99,1062839.099,0.4828,1.1236,1.56,17.5668,16.0296,1.9528,0.8933,0.8718,2.2903,2.2903,906200.0,628670.0,270117.4829,31653566.0,21959443.1,39.82,32.58,1.246
601601,中国太保,保险,上海,20071225,601601.SH,20190705,36.05,36.45,35.91,36.2,36.05,0.15,0.4161,111733.0,404517.871,0.1777,0.4136,0.56,18.2055,16.6124,2.0238,0.9257,0.9035,2.2099,2.2099,906200.0,628670.0,270117.4829,32804440.0,22757854.0,39.66,32.45,1.246
601601,中国太保,保险,上海,20071225,601601.SH,20190704,36.88,36.96,35.58,36.05,36.65,-0.6,-1.6371,263954.3,954181.429,0.4199,0.9772,1.35,18.13,16.5435,2.0155,0.9219,0.8998,2.2191,2.2191,906200.0,628670.0,270117.4829,32668510.0,22663553.5,40.32,32.99,1.246
601601,中国太保,保险,上海,20071225,601601.SH,20190703,37.3,37.32,36.33,36.65,37.04,-0.39,-1.0529,217669.47,802052.449,0.3462,0.8058,1.22,18.4318,16.8189,2.049,0.9372,0.9147,2.1828,2.1828,906200.0,628670.0,270117.4829,33212230.0,23040755.5,40.74,33.34,1.246
601601,中国太保,保险,上海,20071225,601601.SH,20190702,37.4,37.4,36.95,37.04,37.36,-0.32,-0.8565,150831.23,559385.828,0.2399,0.5584,0.76,18.6279,16.9978,2.0708,0.9472,0.9245,2.1598,2.1598,906200.0,628670.0,270117.4829,33565648.0,23285936.8,41.1,33.62,1.246
601601,中国太保,保险,上海,20071225,601601.SH,20190701,37.51,37.88,37.1,37.36,36.51,0.85,2.3281,229187.19,859442.367,0.3646,0.8485,1.18,18.7889,17.1447,2.0887,0.9554,0.9325,2.1413,2.1413,906200.0,628670.0,270117.4829,33855632.0,23487111.2,40.16,32.86,1.246
601601,中国太保,保险,上海,20071225,601601.SH,20190628,36.3,36.58,35.98,36.51,36.25,0.26,0.7172,143365.11,520549.416,0.228,0.5308,0.69,18.3614,16.7546,2.0412,0.9337,0.9112,2.1912,2.1912,906200.0,628670.0,270117.4829,33085362.0,22952741.7,39.88,32.63,1.246
601601,中国太保,保险,上海,20071225,601601.SH,20190627,36.41,36.97,35.9,36.25,36.21,0.04,0.1105,235286.74,857353.113,0.3743,0.8711,1.1,18.2306,16.6353,2.0266,0.927,0.9048,2.2069,2.2069,906200.0,628670.0,270117.4829,32849750.0,22789287.5,39.83,32.59,1.246
601601,中国太保,保险,上海,20071225,601601.SH,20190626,36.17,36.47,36.0,36.21,36.18,0.03,0.0829,136540.28,494259.661,0.2172,0.5055,0.6,18.2105,16.617,2.0244,0.926,0.9038,2.2093,2.2093,906200.0,628670.0,270117.4829,32813502.0,22764140.7,39.8,32.56,1.246
601601,中国太保,保险,上海,20071225,601601.SH,20190625,37.08,37.25,35.81,36.18,37.1,-0.92,-2.4798,247723.19,899016.677,0.394,0.9171,1.22,18.1954,16.6032,2.0227,0.9252,0.903,2.2112,2.2112,906200.0,628670.0,270117.4829,32786316.0,22745280.6,40.81,33.39,1.246
601601,中国太保,保险,上海,20071225,601601.SH,20190624,36.83,37.42,36.66,37.1,37.06,0.04,0.1079,207305.05,768026.636,0.3298,0.7675,1.11,18.6581,17.0254,2.0742,0.9487,0.926,2.1563,2.1563,906200.0,628670.0,270117.4829,33620020.0,23323657.0,40.77,33.35,1.246
601601,中国太保,保险,上海,20071225,601601.SH,20190621,37.26,37.57,36.81,37.06,37.2,-0.14,-0.3763,206223.65,764282.55,0.328,0.7635,1.22,18.638,17.007,2.0719,0.9477,0.925,2.1587,2.1587,906200.0,628670.0,270117.4829,33583772.0,23298510.2,40.92,33.48,1.246
601601,中国太保,保险,上海,20071225,601601.SH,20190620,36.1,37.8,36.08,37.2,36.02,1.18,3.276,267378.24,991225.866,0.4253,0.9899,1.84,18.7084,17.0713,2.0797,0.9513,0.9285,2.1505,2.1505,906200.0,628670.0,270117.4829,33710640.0,23386524.0,39.62,32.42,1.246
601601,中国太保,保险,上海,20071225,601601.SH,20190619,36.58,36.88,36.02,36.02,35.49,0.53,1.4934,214972.26,782327.784,0.3419,0.7958,1.61,18.1149,16.5298,2.0138,0.9211,0.899,2.221,2.221,906200.0,628670.0,270117.4829,32641324.0,22644693.4,39.04,31.94,1.246
601601,中国太保,保险,上海,20071225,601601.SH,20190618,35.15,35.55,34.92,35.49,35.14,0.35,0.996,121212.31,427661.754,0.1928,0.4487,0.77,17.8484,16.2865,1.9841,0.9076,0.8858,2.2542,2.2542,906200.0,628670.0,270117.4829,32161038.0,22311498.3,38.65,31.63,1.246
601601,中国太保,保险,上海,20071225,601601.SH,20190617,34.88,35.3,34.88,35.14,34.85,0.29,0.8321,120724.23,423754.817,0.192,0.4469,0.7,17.6724,16.1259,1.9646,0.8986,0.8771,2.2766,2.2766,906200.0,628670.0,270117.4829,31843868.0,22091463.8,38.34,31.37,1.246
601601,中国太保,保险,上海,20071225,601601.SH,20190614,35.0,35.3,34.7,34.85,35.06,-0.21,-0.599,123352.55,430777.342,0.1962,0.4567,0.72,17.5265,15.9928,1.9484,0.8912,0.8698,2.2956,2.2956,906200.0,628670.0,270117.4829,31581070.0,21909149.5,38.57,31.55,1.246
601601,中国太保,保险,上海,20071225,601601.SH,20190613,34.91,35.2,34.54,35.06,34.96,0.1,0.286,144406.51,503256.892,0.2297,0.5346,0.82,17.6322,16.0892,1.9601,0.8966,0.8751,2.2818,2.2818,906200.0,628670.0,270117.4829,31771372.0,22041170.2,38.46,31.46,1.246
601601,中国太保,保险,上海,20071225,601601.SH,20190612,35.1,35.26,34.86,34.96,35.24,-0.28,-0.7946,158227.03,554431.872,0.2517,0.5858,0.91,17.5819,16.0433,1.9545,0.894,0.8726,2.2883,2.2883,906200.0,628670.0,270117.4829,31680752.0,21978303.2,38.76,31.72,1.246
601601,中国太保,保险,上海,20071225,601601.SH,20190611,34.48,35.59,34.45,35.24,34.6,0.64,1.8497,244736.34,859774.331,0.3893,0.906,1.52,17.7227,16.1718,1.9702,0.9012,0.8795,2.2701,2.2701,906200.0,628670.0,270117.4829,31934488.0,22154330.8,38.06,31.14,1.246
601601,中国太保,保险,上海,20071225,601601.SH,20190610,34.12,35.0,34.01,34.6,33.88,0.72,2.1251,190162.65,656732.081,0.3025,0.704,1.23,17.4008,15.8781,1.9344,0.8848,0.8636,2.3121,2.3121,906200.0,628670.0,270117.4829,31354520.0,21751982.0,37.27,30.49,1.246
601601,中国太保,保险,上海,20071225,601601.SH,20190606,33.96,34.26,33.64,33.88,33.83,0.05,0.1478,125014.09,425388.528,0.1989,0.4628,0.65,17.0387,15.5477,1.8941,0.8664,0.8456,2.3613,2.3613,906200.0,628670.0,270117.4829,30702056.0,21299339.6,37.21,30.45,1.246
601601,中国太保,保险,上海,20071225,601601.SH,20190605,34.64,34.8,33.83,33.83,34.32,-0.49,-1.4277,166647.13,572446.491,0.2651,0.6169,0.6,17.0136,15.5248,1.8913,0.8651,0.8444,2.3648,2.3648,906200.0,628670.0,270117.4829,30656746.0,21267906.1,37.75,30.89,1.246
601601,中国太保,保险,上海,20071225,601601.SH,20190604,34.71,34.79,33.95,34.32,34.71,-0.39,-1.1236,139124.82,476120.948,0.2213,0.5151,0.47,17.26,15.7496,1.9187,0.8777,0.8566,2.331,2.331,906200.0,628670.0,270117.4829,31100784.0,21575954.4,38.18,31.24,1.246
601601,中国太保,保险,上海,20071225,601601.SH,20190603,34.5,35.28,34.31,34.71,34.42,0.29,0.8425,183764.48,637972.526,0.2923,0.6803,0.62,17.4561,15.9286,1.9405,0.8876,0.8663,2.3048,2.3048,906200.0,628670.0,270117.4829,31454202.0,21821135.7,37.86,30.98,1.246
601601,中国太保,保险,上海,20071225,601601.SH,20190531,34.86,35.14,34.36,34.42,34.95,-0.53,-1.5165,157806.8,548615.009,0.251,0.5842,0.54,17.3103,15.7955,1.9243,0.8802,0.8591,2.3242,2.3242,906200.0,628670.0,270117.4829,31191404.0,21638821.4,38.45,31.46,1.246
601601,中国太保,保险,上海,20071225,601601.SH,20190530,35.11,35.3,34.51,34.95,35.81,-0.86,-2.4016,321094.26,1119646.42,0.5108,1.1887,1.24,17.5768,16.0387,1.954,0.8938,0.8723,2.289,2.289,906200.0,628670.0,270117.4829,31671690.0,21972016.5,39.39,32.23,1.246
601601,中国太保,保险,上海,20071225,601601.SH,20190529,33.14,36.08,32.98,35.81,33.41,2.4,7.1835,575875.78,2016981.298,0.916,2.1319,3.33,18.0093,16.4334,2.002,0.9158,0.8938,2.234,2.234,906200.0,628670.0,270117.4829,32451022.0,22512672.7,36.75,30.07,1.246
601601,中国太保,保险,上海,20071225,601601.SH,20190528,33.05,33.55,32.97,33.41,33.08,0.33,0.9976,251935.75,837037.779,0.4007,0.9327,1.46,16.8023,15.332,1.8679,0.8544,0.8339,2.3945,2.3945,906200.0,628670.0,270117.4829,30276142.0,21003864.7,36.39,29.77,1.246
601601,中国太保,保险,上海,20071225,601601.SH,20190527,32.8,33.39,32.33,33.08,32.9,0.18,0.5471,180490.8,591885.926,0.2871,0.6682,1.02,16.6364,15.1806,1.8494,0.8459,0.8256,2.4184,2.4184,906200.0,628670.0,270117.4829,29977096.0,20796403.6,36.19,29.61,1.246
601601,中国太保,保险,上海,20071225,601601.SH,20190524,32.94,33.38,32.75,32.9,32.89,0.01,0.0304,134841.98,444857.944,0.2145,0.4992,0.74,16.5459,15.098,1.8393,0.8413,0.8211,2.4316,2.4316,906200.0,628670.0,270117.4829,29813980.0,20683243.0,36.18,29.6,1.246
601601,中国太保,保险,上海,20071225,601601.SH,20190523,33.41,33.41,32.71,32.89,33.6,-0.71,-2.1131,150065.66,493545.851,0.2387,0.5556,0.82,16.5408,15.0934,1.8388,0.8411,0.8209,2.4324,2.4324,906200.0,628670.0,270117.4829,29804918.0,20676956.3,36.96,30.24,1.246
601601,中国太保,保险,上海,20071225,601601.SH,20190522,33.6,33.7,33.01,33.6,33.51,0.09,0.2686,147990.14,494258.946,0.2354,0.5479,0.75,16.8979,15.4192,1.8785,0.8592,0.8386,2.381,2.381,906200.0,628670.0,270117.4829,30448320.0,21123312.0,36.86,30.16,1.246
601601,中国太保,保险,上海,20071225,601601.SH,20190521,32.75,33.71,32.59,33.51,32.82,0.69,2.1024,247373.93,824395.806,0.3935,0.9158,1.36,16.8526,15.3779,1.8735,0.8569,0.8364,2.3873,2.3873,906200.0,628670.0,270117.4829,30366762.0,21066731.7,36.1,29.54,1.246
601601,中国太保,保险,上海,20071225,601601.SH,20190520,32.49,33.27,32.39,32.82,32.57,0.25,0.7676,206456.16,676239.677,0.3284,0.7643,1.22,16.5056,15.0613,1.8349,0.8393,0.8191,2.4375,2.4375,906200.0,628670.0,270117.4829,29741484.0,20632949.4,35.83,29.31,1.246
601601,中国太保,保险,上海,20071225,601601.SH,20190517,33.46,33.53,32.48,32.57,33.3,-0.73,-2.1922,156002.48,512041.73,0.2481,0.5775,0.79,16.3799,14.9465,1.8209,0.8329,0.8129,2.4562,2.4562,906200.0,628670.0,270117.4829,29514934.0,20475781.9,36.63,29.97,1.246
601601,中国太保,保险,上海,20071225,601601.SH,20190516,33.31,33.7,33.1,33.3,33.55,-0.25,-0.7452,157506.37,525142.768,0.2505,0.5831,0.71,16.747,15.2815,1.8617,0.8516,0.8311,2.4024,2.4024,906200.0,628670.0,270117.4829,30176460.0,20934711.0,36.91,30.2,1.246
601601,中国太保,保险,上海,20071225,601601.SH,20190515,33.06,33.9,32.88,33.55,32.7,0.85,2.5994,215233.92,720705.365,0.3424,0.7968,0.93,16.8728,15.3963,1.8757,0.858,0.8374,2.3845,2.3845,906200.0,628670.0,270117.4829,30403010.0,21091878.5,35.97,29.43,1.246
601601,中国太保,保险,上海,20071225,601601.SH,20190514,32.53,33.25,32.32,32.7,32.76,-0.06,-0.1832,175447.62,576520.654,0.2791,0.6495,0.73,16.4453,15.0062,1.8282,0.8362,0.8162,2.4465,2.4465,906200.0,628670.0,270117.4829,29632740.0,20557509.0,36.04,29.48,1.246
601601,中国太保,保险,上海,20071225,601601.SH,20190513,33.17,33.42,32.54,32.76,33.75,-0.99,-2.9333,143558.21,473084.819,0.2284,0.5315,0.5,16.4754,15.0337,1.8315,0.8378,0.8177,2.442,2.442,906200.0,628670.0,270117.4829,29687112.0,20595229.2,37.13,30.38,1.246
601601,中国太保,保险,上海,20071225,601601.SH,20190510,32.51,34.12,32.32,33.75,32.11,1.64,5.1074,298757.46,992704.89,0.4752,1.106,1.07,16.9733,15.488,1.8869,0.8631,0.8424,2.3704,2.3704,906200.0,628670.0,270117.4829,30584250.0,21217612.5,35.32,28.9,1.246
601601,中国太保,保险,上海,20071225,601601.SH,20190509,32.89,33.2,32.04,32.11,33.23,-1.12,-3.3704,277807.33,899813.925,0.4419,1.0285,1.01,16.1486,14.7354,1.7952,0.8211,0.8014,2.4914,2.4914,906200.0,628670.0,270117.4829,29098082.0,20186593.7,36.55,29.91,1.246
601601,中国太保,保险,上海,20071225,601601.SH,20190508,33.45,33.7,33.02,33.23,34.03,-0.8,-2.3509,261549.91,871932.999,0.416,0.9683,0.94,16.7118,15.2494,1.8578,0.8498,0.8294,2.4075,2.4075,906200.0,628670.0,270117.4829,30113026.0,20890704.1,37.43,30.63,1.246
601601,中国太保,保险,上海,20071225,601601.SH,20190507,34.58,34.88,33.47,34.03,34.3,-0.27,-0.7872,224382.06,767501.63,0.3569,0.8307,0.82,17.1141,15.6165,1.9025,0.8702,0.8493,2.3509,2.3509,906200.0,628670.0,270117.4829,30837986.0,21393640.1,37.73,30.87,1.246
601601,中国太保,保险,上海,20071225,601601.SH,20190506,34.81,34.82,33.51,34.3,36.18,-1.88,-5.1962,368105.07,1259992.057,0.5855,1.3628,1.41,17.2499,15.7404,1.9176,0.8771,0.8561,2.3324,2.3324,906200.0,628670.0,270117.4829,31082660.0,21563381.0,39.8,32.56,1.246
601601,中国太保,保险,上海,20071225,601601.SH,20190430,36.9,36.9,35.56,36.18,36.78,-0.6,-1.6313,260354.38,936654.941,0.4141,0.9442,0.96,18.1954,16.6032,2.0227,0.9252,0.903,2.2112,2.2112,906200.0,628670.0,275738.8864,32786316.0,22745280.6,40.46,33.1,1.246
601601,中国太保,保险,上海,20071225,601601.SH,20190429,36.53,37.34,36.18,36.78,36.21,0.57,1.5742,264483.07,974456.858,0.4207,0.9592,0.93,18.4972,16.8785,2.0563,0.9406,0.918,2.1751,2.1751,906200.0,628670.0,275738.8864,33330036.0,23122482.6,39.83,32.59,1.246
601601,中国太保,保险,上海,20071225,601601.SH,20190426,36.6,37.06,36.03,36.21,36.8,-0.59,-1.6033,271342.48,990399.409,0.4316,0.9841,0.9,18.2105,18.2105,2.1938,0.926,0.926,2.2093,2.2093,906200.0,628670.0,275738.8864,32813502.0,22764140.7,40.48,33.12,1.246
601601,中国太保,保险,上海,20071225,601601.SH,20190425,36.97,37.37,36.56,36.8,37.11,-0.31,-0.8354,212177.72,784067.338,0.3375,0.7695,0.67,18.5072,18.5072,2.2295,0.9411,0.9411,2.1739,2.1739,906200.0,628670.0,275738.8864,33348160.0,23135056.0,40.82,33.4,1.246
601601,中国太保,保险,上海,20071225,601601.SH,20190424,37.69,37.89,36.5,37.11,37.4,-0.29,-0.7754,295013.8,1094637.064,0.4693,1.0699,0.89,18.6631,18.6631,2.2483,0.949,0.949,2.1558,2.1558,906200.0,628670.0,275738.8864,33629082.0,23329943.7,41.14,33.66,1.246
601601,中国太保,保险,上海,20071225,601601.SH,20190423,37.84,38.15,37.15,37.4,37.83,-0.43,-1.1367,309423.37,1164584.789,0.4922,1.1222,0.82,18.809,18.809,2.2659,0.9564,0.9564,2.139,2.139,906200.0,628670.0,275738.8864,33891880.0,23512258.0,41.61,34.05,1.246
601601,中国太保,保险,上海,20071225,601601.SH,20190422,39.36,39.36,37.28,37.83,39.39,-1.56,-3.9604,329883.96,1261421.61,0.5247,1.1964,0.77,19.0252,19.0252,2.2919,0.9674,0.9674,2.1147,2.1147,906200.0,628670.0,275738.8864,34281546.0,23782586.1,43.33,35.45,1.246
601601,中国太保,保险,上海,20071225,601601.SH,20190419,38.56,40.09,38.5,39.39,38.37,1.02,2.6583,361811.82,1415240.48,0.5755,1.3122,0.92,19.8098,19.8098,2.3864,1.0073,1.0073,2.031,2.031,906200.0,628670.0,275738.8864,35695218.0,24763311.3,42.21,34.53,1.246
601601,中国太保,保险,上海,20071225,601601.SH,20190418,37.57,38.64,37.12,38.37,37.5,0.87,2.32,281368.64,1067613.565,0.4476,1.0204,0.71,19.2968,19.2968,2.3246,0.9812,0.9812,2.085,2.085,906200.0,628670.0,275738.8864,34770894.0,24122067.9,41.25,33.75,1.246
601601,中国太保,保险,上海,20071225,601601.SH,20190417,37.36,38.37,37.1,37.5,37.55,-0.05,-0.1332,382569.71,1446912.209,0.6085,1.3874,0.99,18.8593,18.8593,2.2719,0.959,0.959,2.1333,2.1333,906200.0,628670.0,275738.8864,33982500.0,23575125.0,41.31,33.8,1.246
601601,中国太保,保险,上海,20071225,601601.SH,20190416,35.71,37.65,35.62,37.55,35.94,1.61,4.4797,540667.77,1988575.384,0.86,1.9608,1.62,18.8844,18.8844,2.275,0.9603,0.9603,2.1305,2.1305,906200.0,628670.0,275738.8864,34027810.0,23606558.5,39.53,32.35,1.246
601601,中国太保,保险,上海,20071225,601601.SH,20190415,35.71,37.28,35.6,35.94,34.99,0.95,2.7151,576892.72,2104900.294,0.9176,2.0922,1.81,18.0747,18.0747,2.1774,0.9191,0.9191,2.2259,2.2259,906200.0,628670.0,275738.8864,32568828.0,22594399.8,38.49,31.49,1.246
601601,中国太保,保险,上海,20071225,601601.SH,20190412,34.9,35.17,34.6,34.99,34.85,0.14,0.4017,183329.48,640070.212,0.2916,0.6649,0.51,17.5969,17.5969,2.1199,0.8948,0.8948,2.2864,2.2864,906200.0,628670.0,275738.8864,31707938.0,21997163.3,38.34,31.37,1.246
601601,中国太保,保险,上海,20071225,601601.SH,20190411,35.23,35.8,34.58,34.85,35.11,-0.26,-0.7405,298354.36,1046591.343,0.4746,1.082,0.83,17.5265,17.5265,2.1114,0.8912,0.8912,2.2956,2.2956,906200.0,628670.0,275738.8864,31581070.0,21909149.5,38.62,31.6,1.246
601601,中国太保,保险,上海,20071225,601601.SH,20190410,35.4,35.59,34.66,35.11,35.42,-0.31,-0.8752,336275.05,1175994.181,0.5349,1.2195,0.92,17.6573,17.6573,2.1271,0.8979,0.8979,2.2786,2.2786,906200.0,628670.0,275738.8864,31816682.0,22072603.7,38.96,31.88,1.246
601601,中国太保,保险,上海,20071225,601601.SH,20190409,35.8,36.21,35.32,35.42,36.0,-0.58,-1.6111,269058.21,962489.887,0.428,0.9758,0.64,17.8132,17.8132,2.1459,0.9058,0.9058,2.2586,2.2586,906200.0,628670.0,275738.8864,32097604.0,22267491.4,39.6,32.4,1.246
601601,中国太保,保险,上海,20071225,601601.SH,20190408,35.87,36.76,35.7,36.0,35.62,0.38,1.0668,502232.73,1822370.463,0.7989,1.8214,1.16,18.1049,18.1049,2.181,0.9206,0.9206,2.2222,2.2222,906200.0,628670.0,275738.8864,32623200.0,22632120.0,39.18,32.06,1.246
601601,中国太保,保险,上海,20071225,601601.SH,20190404,35.5,36.07,35.11,35.62,35.27,0.35,0.9923,385972.28,1375981.209,0.614,1.3998,0.95,17.9138,17.9138,2.158,0.9109,0.9109,2.2459,2.2459,906200.0,628670.0,275738.8864,32278844.0,22393225.4,38.8,31.74,1.246
601601,中国太保,保险,上海,20071225,601601.SH,20190403,34.76,35.32,34.5,35.27,34.82,0.45,1.2924,303648.67,1061028.448,0.483,1.1012,0.71,17.7378,17.7378,2.1368,0.9019,0.9019,2.2682,2.2682,906200.0,628670.0,275738.8864,31961674.0,22173190.9,38.3,31.34,1.246
601601,中国太保,保险,上海,20071225,601601.SH,20190402,34.82,35.23,34.58,34.82,34.79,0.03,0.0862,359584.09,1254475.502,0.572,1.3041,0.87,17.5115,17.5115,2.1096,0.8904,0.8904,2.2975,2.2975,906200.0,628670.0,275738.8864,31553884.0,21890289.4,38.27,31.31,1.246
601601,中国太保,保险,上海,20071225,601601.SH,20190401,34.3,35.2,34.28,34.79,34.04,0.75,2.2033,558456.91,1943040.709,0.8883,2.0253,1.33,17.4964,17.4964,2.1077,0.8897,0.8897,2.2995,2.2995,906200.0,628670.0,275738.8864,31526698.0,21871429.3,37.44,30.64,1.246
601601,中国太保,保险,上海,20071225,601601.SH,20190329,32.8,34.07,32.78,34.04,32.74,1.3,3.9707,553117.4,1864313.987,0.8798,2.0059,1.49,17.1192,17.1192,2.0623,0.8705,0.8705,2.3502,2.3502,906200.0,628670.0,275738.8864,30847048.0,21399926.8,36.01,29.47,1.246
601601,中国太保,保险,上海,20071225,601601.SH,20190328,33.21,33.21,32.45,32.74,33.45,-0.71,-2.1226,258963.6,848443.805,0.4119,0.9392,0.61,16.4654,16.4654,1.9835,0.8372,0.8372,2.4435,2.4435,906200.0,628670.0,275738.8864,29668988.0,20582655.8,36.8,30.11,1.246
601601,中国太保,保险,上海,20071225,601601.SH,20190327,33.54,33.99,33.3,33.45,33.32,0.13,0.3902,404381.68,1360510.036,0.6432,1.4665,0.99,16.8225,16.8225,2.0266,0.8554,0.8554,2.3916,2.3916,906200.0,628670.0,275738.8864,30312390.0,21029011.5,36.65,29.99,1.246
601601,中国太保,保险,上海,20071225,601601.SH,20190326,33.25,33.41,32.8,33.32,32.91,0.41,1.2458,279879.41,928476.375,0.4452,1.015,0.66,16.7571,16.7571,2.0187,0.8521,0.8521,2.401,2.401,906200.0,628670.0,275738.8864,30194584.0,20947284.4,36.2,29.62,1.246
601601,中国太保,保险,上海,20071225,601601.SH,20190325,33.6,33.81,32.85,32.91,33.14,-0.23,-0.694,604027.69,2015972.127,0.9608,2.1943,1.57,16.5509,16.5509,1.9938,0.8416,0.8416,2.4309,2.4309,906200.0,628670.0,275275.1263,29823042.0,20689529.7,36.45,29.83,1.246
601601,中国太保,保险,上海,20071225,601601.SH,20190322,33.33,33.48,32.91,33.14,33.1,0.04,0.1208,314684.18,1044042.6,0.5006,1.1432,0.83,20.4825,18.2551,2.1002,0.939,0.8564,2.414,2.414,906200.0,628670.0,275275.1263,30031468.0,20834123.8,36.41,29.79,1.246
601601,中国太保,保险,上海,20071225,601601.SH,20190321,32.72,33.44,32.4,33.1,32.66,0.44,1.3472,519787.62,1719249.498,0.8268,1.8882,1.59,20.4578,18.2331,2.0976,0.9379,0.8554,2.4169,2.4169,906200.0,628670.0,275275.1263,29995220.0,20808977.0,35.93,29.39,1.246
601601,中国太保,保险,上海,20071225,601601.SH,20190320,33.0,33.19,32.4,32.66,33.06,-0.4,-1.2099,319337.47,1044981.841,0.508,1.1601,0.98,20.1858,17.9907,2.0697,0.9254,0.844,2.4495,2.4495,906200.0,628670.0,275275.1263,29596492.0,20532362.2,36.37,29.75,1.246
601601,中国太保,保险,上海,20071225,601601.SH,20190319,33.45,33.81,32.9,33.06,33.45,-0.39,-1.1659,349851.9,1164698.055,0.5565,1.2709,1.07,20.4331,18.211,2.0951,0.9368,0.8543,2.4198,2.4198,906200.0,628670.0,275275.1263,29958972.0,20783830.2,36.8,30.11,1.246
601601,中国太保,保险,上海,20071225,601601.SH,20190318,32.89,33.46,32.32,33.45,32.89,0.56,1.7026,419768.55,1380784.653,0.6677,1.5249,1.37,20.6741,18.4259,2.1198,0.9478,0.8644,2.3916,2.3916,906200.0,628670.0,275275.1263,30312390.0,21029011.5,36.18,29.6,1.246
601601,中国太保,保险,上海,20071225,601601.SH,20190315,32.8,33.48,32.75,32.89,32.61,0.28,0.8586,289351.12,958637.329,0.4603,1.0511,0.87,20.328,18.1174,2.0843,0.932,0.8499,2.4324,2.4324,906200.0,628670.0,275275.1263,29804918.0,20676956.3,35.87,29.35,1.246
601601,中国太保,保险,上海,20071225,601601.SH,20190314,32.6,33.25,32.37,32.61,32.77,-0.16,-0.4883,254862.76,837071.564,0.4054,0.9258,0.71,20.1549,17.9632,2.0666,0.924,0.8427,2.4532,2.4532,906200.0,628670.0,275275.1263,29551182.0,20500928.7,36.05,29.49,1.246
601601,中国太保,保险,上海,20071225,601601.SH,20190313,32.96,33.07,32.15,32.77,32.63,0.14,0.4291,318936.72,1041702.852,0.5073,1.1586,0.83,20.2538,18.0513,2.0767,0.9286,0.8468,2.4413,2.4413,906200.0,628670.0,275275.1263,29696174.0,20601515.9,35.89,29.37,1.246
601601,中国太保,保险,上海,20071225,601601.SH,20190312,33.1,33.39,32.49,32.63,32.79,-0.16,-0.488,352435.99,1163436.244,0.5606,1.2803,0.92,20.1673,17.9742,2.0678,0.9246,0.8432,2.4517,2.4517,906200.0,628670.0,275275.1263,29569306.0,20513502.1,36.07,29.51,1.246
601601,中国太保,保险,上海,20071225,601601.SH,20190311,32.7,32.94,32.23,32.79,32.66,0.13,0.398,318507.54,1036094.18,0.5066,1.1571,0.73,20.2662,18.0623,2.078,0.9291,0.8474,2.4398,2.4398,906200.0,628670.0,275275.1263,29714298.0,20614089.3,35.93,29.39,1.246
601601,中国太保,保险,上海,20071225,601601.SH,20190308,33.02,33.35,32.5,32.66,34.01,-1.35,-3.9694,421648.71,1390817.297,0.6707,1.5317,1.0,20.1858,17.9907,2.0697,0.9254,0.844,2.4495,2.4495,906200.0,628670.0,275275.1263,29596492.0,20532362.2,37.41,30.61,1.246
601601,中国太保,保险,上海,20071225,601601.SH,20190307,34.91,34.91,33.81,34.01,34.94,-0.93,-2.6617,382205.15,1306796.939,0.608,1.3884,0.94,21.0202,18.7343,2.1553,0.9637,0.8789,2.3522,2.3522,906200.0,628670.0,275275.1263,30819862.0,21381066.7,38.43,31.45,1.246
601601,中国太保,保险,上海,20071225,601601.SH,20190306,34.58,35.19,34.0,34.94,34.62,0.32,0.9243,448476.97,1546196.669,0.7134,1.6292,1.12,21.595,19.2466,2.2142,0.99,0.9029,2.2896,2.2896,906200.0,628670.0,275275.1263,31662628.0,21965729.8,38.08,31.16,1.246
601601,中国太保,保险,上海,20071225,601601.SH,20190305,34.92,34.95,34.07,34.62,35.08,-0.46,-1.3113,349330.61,1202179.023,0.5557,1.269,0.84,21.3972,19.0704,2.194,0.981,0.8947,2.3108,2.3108,906200.0,628670.0,275275.1263,31372644.0,21764555.4,38.59,31.57,1.246
601601,中国太保,保险,上海,20071225,601601.SH,20190304,35.61,36.94,34.73,35.08,35.3,-0.22,-0.6232,572037.33,2037556.229,0.9099,2.0781,1.36,21.6816,19.3237,2.2231,0.994,0.9065,2.2805,2.2805,906200.0,628670.0,275275.1263,31789496.0,22053743.6,38.83,31.77,1.246
601601,中国太保,保险,上海,20071225,601601.SH,20190301,34.25,35.5,34.09,35.3,34.02,1.28,3.7625,359426.74,1247037.024,0.5717,1.3057,0.9,21.8175,19.4449,2.237,1.0002,0.9122,2.2663,2.2663,906200.0,628670.0,275275.1263,31988860.0,22192051.0,37.42,30.62,1.246
601601,中国太保,保险,上海,20071225,601601.SH,20190228,34.8,34.8,33.66,34.02,34.85,-0.83,-2.3816,303706.62,1037849.391,0.4831,1.1033,0.81,21.0264,18.7398,2.1559,0.964,0.8792,2.3516,2.3516,906200.0,628670.0,275275.1263,30828924.0,21387353.4,38.34,31.37,1.246
601601,中国太保,保险,上海,20071225,601601.SH,20190227,35.4,35.98,34.18,34.85,35.47,-0.62,-1.748,410182.48,1442407.414,0.6525,1.4901,1.16,21.5394,19.1971,2.2085,0.9875,0.9006,2.2956,2.2956,906200.0,628670.0,275275.1263,31581070.0,21909149.5,39.02,31.92,1.246
601601,中国太保,保险,上海,20071225,601601.SH,20190226,36.8,37.5,35.19,35.47,36.8,-1.33,-3.6141,436264.57,1583188.12,0.6939,1.5848,1.32,21.9226,19.5386,2.2478,1.0051,0.9166,2.2554,2.2554,906200.0,628670.0,275275.1263,32142914.0,22298924.9,40.48,33.12,1.246
601601,中国太保,保险,上海,20071225,601601.SH,20190225,34.21,36.8,34.21,36.8,33.45,3.35,10.0149,587803.04,2099882.507,0.935,2.1353,2.32,22.7446,20.2712,2.3321,1.0428,0.951,2.1739,2.1739,906200.0,628670.0,275275.1263,33348160.0,23135056.0,36.8,30.11,1.246
601601,中国太保,保险,上海,20071225,601601.SH,20190222,32.8,33.65,31.94,33.45,32.8,0.65,1.9817,256181.68,838165.1,0.4075,0.9306,1.09,20.6741,18.4259,2.1198,0.9478,0.8644,2.3916,2.3916,906200.0,628670.0,275275.1263,30312390.0,21029011.5,36.08,29.52,1.246
601601,中国太保,保险,上海,20071225,601601.SH,20190221,33.04,33.58,32.6,32.8,33.09,-0.29,-0.8764,176973.89,584247.445,0.2815,0.6429,0.78,20.2724,18.0678,2.0786,0.9294,0.8476,2.439,2.439,906200.0,628670.0,275275.1263,29723360.0,20620376.0,36.4,29.78,1.246
601601,中国太保,保险,上海,20071225,601601.SH,20190220,32.59,33.18,32.31,33.09,32.21,0.88,2.7321,312979.41,1029739.871,0.4978,1.137,1.5,20.4516,18.2276,2.097,0.9376,0.8551,2.4176,2.4176,906200.0,628670.0,275275.1263,29986158.0,20802690.3,35.43,28.99,1.246
601601,中国太保,保险,上海,20071225,601601.SH,20190219,31.75,33.25,31.5,32.21,31.73,0.48,1.5128,322840.21,1049406.122,0.5135,1.1728,1.87,19.9077,17.7428,2.0412,0.9127,0.8324,2.4837,2.4837,906200.0,628670.0,275275.1263,29188702.0,20249460.7,34.9,28.56,1.246
601601,中国太保,保险,上海,20071225,601601.SH,20190218,30.99,31.8,30.88,31.73,30.7,1.03,3.355,195781.04,616236.306,0.3114,0.7112,1.2,19.6111,17.4784,2.0108,0.8991,0.82,2.5213,2.5213,906200.0,628670.0,275275.1263,28753726.0,19947699.1,33.77,27.63,1.246
601601,中国太保,保险,上海,20071225,601601.SH,20190215,31.5,31.81,30.7,30.7,31.71,-1.01,-3.1851,168711.88,525231.426,0.2684,0.6129,1.13,18.9745,16.911,1.9455,0.8699,0.7934,2.6059,2.6059,906200.0,628670.0,275275.1263,27820340.0,19300169.0,34.88,28.54,1.246
601601,中国太保,保险,上海,20071225,601601.SH,20190214,32.02,32.2,31.53,31.71,32.2,-0.49,-1.5217,133478.59,424548.326,0.2123,0.4849,0.84,19.5987,17.4674,2.0095,0.8985,0.8195,2.5229,2.5229,906200.0,628670.0,275275.1263,28735602.0,19935125.7,35.42,28.98,1.246
601601,中国太保,保险,上海,20071225,601601.SH,20190213,31.35,32.4,31.07,32.2,31.3,0.9,2.8754,221442.75,704018.748,0.3522,0.8044,1.62,19.9015,17.7373,2.0406,0.9124,0.8321,2.4845,2.4845,906200.0,628670.0,275275.1263,29179640.0,20243174.0,34.43,28.17,1.246
601601,中国太保,保险,上海,20071225,601601.SH,20190212,30.84,31.41,30.63,31.3,30.9,0.4,1.2945,145421.34,451661.114,0.2313,0.5283,1.07,19.3453,17.2415,1.9836,0.8869,0.8089,2.5559,2.5559,906200.0,628670.0,275275.1263,28364060.0,19677371.0,33.99,27.81,1.246
601601,中国太保,保险,上海,20071225,601601.SH,20190211,30.35,31.01,30.28,30.9,30.88,0.02,0.0648,149515.27,457705.186,0.2378,0.5431,1.18,19.0981,17.0212,1.9582,0.8756,0.7985,2.589,2.589,906200.0,628670.0,275275.1263,28001580.0,19425903.0,33.97,27.79,1.246
601601,中国太保,保险,上海,20071225,601601.SH,20190201,31.01,31.15,30.62,30.88,30.82,0.06,0.1947,98656.84,304654.785,0.1569,0.3584,0.69,19.0857,17.0102,1.9569,0.875,0.798,2.5907,2.5907,906200.0,628670.0,275275.1263,27983456.0,19413329.6,33.9,27.74,1.246
601601,中国太保,保险,上海,20071225,601601.SH,20190131,30.11,30.94,29.95,30.82,29.8,1.02,3.4228,177280.58,542944.47,0.282,0.644,1.31,19.0486,16.9771,1.9531,0.8733,0.7965,2.5957,2.5957,906200.0,628670.0,275275.1263,27929084.0,19375609.4,32.78,26.82,1.246
601601,中国太保,保险,上海,20071225,601601.SH,20190130,29.81,30.15,29.66,29.8,30.32,-0.52,-1.715,113282.23,338987.971,0.1802,0.4115,0.81,18.4182,16.4153,1.8885,0.8444,0.7701,2.6846,2.6846,906200.0,628670.0,275275.1263,27004760.0,18734366.0,33.35,27.29,1.246
601601,中国太保,保险,上海,20071225,601601.SH,20190129,29.8,30.46,29.5,30.32,30.1,0.22,0.7309,139886.65,418849.635,0.2225,0.5082,1.02,18.7396,16.7017,1.9215,0.8591,0.7835,2.6385,2.6385,906200.0,628670.0,275275.1263,27475984.0,19061274.4,33.11,27.09,1.246
601601,中国太保,保险,上海,20071225,601601.SH,20190128,30.42,30.65,29.8,30.1,30.19,-0.09,-0.2981,103595.43,313333.894,0.1648,0.3763,0.69,18.6036,16.5805,1.9075,0.8529,0.7778,2.6578,2.6578,906200.0,628670.0,275275.1263,27276620.0,18922967.0,33.21,27.17,1.246
601601,中国太保,保险,上海,20071225,601601.SH,20190125,29.96,30.65,29.94,30.19,29.92,0.27,0.9024,184186.87,559448.908,0.293,0.6691,1.1,18.6592,16.6301,1.9132,0.8555,0.7802,2.6499,2.6499,906200.0,628670.0,275275.1263,27358178.0,18979547.3,32.91,26.93,1.246
601601,中国太保,保险,上海,20071225,601601.SH,20190124,29.76,29.99,29.24,29.92,29.6,0.32,1.0811,133555.85,396796.159,0.2124,0.4852,0.68,18.4924,16.4814,1.8961,0.8478,0.7732,2.6738,2.6738,906200.0,628670.0,275275.1263,27113504.0,18809806.4,32.56,26.64,1.246
601601,中国太保,保险,上海,20071225,601601.SH,20190123,29.39,29.97,29.31,29.6,29.44,0.16,0.5435,139802.07,414513.112,0.2224,0.5079,0.65,18.2946,16.3051,1.8758,0.8387,0.7649,2.7027,2.7027,906200.0,628670.0,275275.1263,26823520.0,18608632.0,32.38,26.5,1.246
601601,中国太保,保险,上海,20071225,601601.SH,20190122,29.95,29.99,29.28,29.44,30.0,-0.56,-1.8667,127072.59,375349.802,0.2021,0.4616,0.51,18.1957,16.217,1.8657,0.8342,0.7608,2.7174,2.7174,906200.0,628670.0,275275.1263,26678528.0,18508044.8,33.0,27.0,1.246
601601,中国太保,保险,上海,20071225,601601.SH,20190121,29.82,30.19,29.67,30.0,29.83,0.17,0.5699,164094.91,491347.437,0.261,0.5961,0.64,18.5418,16.5254,1.9012,0.8501,0.7753,2.6667,2.6667,906200.0,628670.0,275275.1263,27186000.0,18860100.0,32.81,26.85,1.246
601601,中国太保,保险,上海,20071225,601601.SH,20190118,29.28,29.9,29.11,29.83,28.87,0.96,3.3253,276317.26,818437.047,0.4395,1.0038,1.15,18.4367,16.4318,1.8904,0.8453,0.7709,2.6819,2.6819,906200.0,628670.0,275275.1263,27031946.0,18753226.1,31.76,25.98,1.246
601601,中国太保,保险,上海,20071225,601601.SH,20190117,28.95,29.6,28.62,28.87,28.8,0.07,0.2431,268084.46,780924.578,0.4264,0.9739,1.2,17.8434,15.903,1.8296,0.8181,0.7461,2.771,2.771,906200.0,628670.0,275275.1263,26161994.0,18149702.9,31.68,25.92,1.246
601601,中国太保,保险,上海,20071225,601601.SH,20190116,28.5,28.93,28.24,28.8,28.43,0.37,1.3014,234603.78,672829.573,0.3732,0.8523,1.03,17.8001,15.8644,1.8251,0.8161,0.7443,2.7778,2.7778,906200.0,628670.0,275275.1263,26098560.0,18105696.0,31.27,25.59,1.246
601601,中国太保,保险,上海,20071225,601601.SH,20190115,27.48,28.54,27.35,28.43,27.33,1.1,4.0249,311963.8,873042.234,0.4962,1.1333,1.59,17.5715,15.6606,1.8017,0.8056,0.7347,2.8139,2.8139,906200.0,628670.0,275275.1263,25763266.0,17873088.1,30.06,24.6,1.246
601601,中国太保,保险,上海,20071225,601601.SH,20190114,27.8,27.89,27.22,27.33,27.88,-0.55,-1.9727,200579.77,551103.49,0.3191,0.7287,0.98,16.8916,15.0547,1.732,0.7744,0.7063,2.9272,2.9272,906200.0,628670.0,275275.1263,24766446.0,17181551.1,30.67,25.09,1.246
601601,中国太保,保险,上海,20071225,601601.SH,20190111,28.1,28.34,27.75,27.88,27.98,-0.1,-0.3574,190632.67,532535.626,0.3032,0.6925,0.89,17.2315,15.3576,1.7668,0.79,0.7205,2.8694,2.8694,906200.0,628670.0,275275.1263,25264856.0,17527319.6,30.78,25.18,1.246
601601,中国太保,保险,上海,20071225,601601.SH,20190110,28.3,28.36,27.94,27.98,28.47,-0.49,-1.7211,183471.36,515621.966,0.2918,0.6665,0.84,17.2933,15.4127,1.7732,0.7928,0.7231,2.8592,2.8592,906200.0,628670.0,275275.1263,25355476.0,17590186.6,31.32,25.62,1.246
601601,中国太保,保险,上海,20071225,601601.SH,20190109,28.15,28.72,27.9,28.47,27.92,0.55,1.9699,247931.06,706146.389,0.3944,0.9007,1.15,17.5962,15.6826,1.8042,0.8067,0.7357,2.81,2.81,906200.0,628670.0,275275.1263,25799514.0,17898234.9,30.71,25.13,1.246
601601,中国太保,保险,上海,20071225,601601.SH,20190108,28.44,28.44,27.84,27.92,28.36,-0.44,-1.5515,158003.3,442753.744,0.2513,0.574,0.74,17.2562,15.3797,1.7694,0.7911,0.7215,2.8653,2.8653,906200.0,628670.0,275275.1263,25301104.0,17552466.4,31.2,25.52,1.246
601601,中国太保,保险,上海,20071225,601601.SH,20190107,29.18,29.18,28.1,28.36,28.98,-0.62,-2.1394,244008.85,693654.373,0.3881,0.8864,1.24,17.5282,15.622,1.7972,0.8036,0.7329,2.8209,2.8209,906200.0,628670.0,275275.1263,25699832.0,17829081.2,31.88,26.08,1.246
601601,中国太保,保险,上海,20071225,601601.SH,20190104,27.62,29.05,27.6,28.98,27.93,1.05,3.7594,240600.76,687207.862,0.3827,0.874,1.36,17.9114,15.9636,1.8365,0.8212,0.7489,2.7605,2.7605,906200.0,628670.0,275275.1263,26261676.0,18218856.6,30.72,25.14,1.246
601601,中国太保,保险,上海,20071225,601601.SH,20190103,27.36,28.25,27.3,27.93,27.4,0.53,1.9343,199312.04,555746.013,0.317,0.724,1.16,17.2624,15.3852,1.77,0.7914,0.7218,2.8643,2.8643,906200.0,628670.0,275275.1263,25310166.0,17558753.1,30.14,24.66,1.246
601601,中国太保,保险,上海,20071225,601601.SH,20190102,28.45,28.54,27.05,27.4,28.43,-1.03,-3.6229,239814.64,661114.291,0.3815,0.8712,1.68,16.9349,15.0932,1.7364,0.7764,0.7081,2.9197,2.9197,906200.0,628670.0,275275.1263,24829880.0,17225558.0,31.27,25.59,1.246
601601,中国太保,保险,上海,20071225,601601.SH,20181228,28.42,28.85,28.29,28.43,28.25,0.18,0.6372,148326.37,422742.324,0.2359,0.5388,1.06,17.5715,15.6606,1.8017,0.8056,0.7347,2.4622,2.8139,906200.0,628670.0,275275.1263,25763266.0,17873088.1,31.08,25.43,1.246
601601,中国太保,保险,上海,20071225,601601.SH,20181227,28.62,28.8,28.25,28.25,28.25,0.0,0.0,156443.01,446233.245,0.2488,0.5683,1.14,17.4602,15.5615,1.7903,0.8005,0.73,2.4779,2.8319,906200.0,628670.0,275275.1263,25600150.0,17759927.5,31.08,25.43,1.246
601601,中国太保,保险,上海,20071225,601601.SH,20181226,28.65,28.79,28.16,28.25,28.78,-0.53,-1.8416,141584.3,402399.22,0.2252,0.5143,1.0,17.4602,15.5615,1.7903,0.8005,0.73,2.4779,2.8319,906200.0,628670.0,275275.1263,25600150.0,17759927.5,31.66,25.9,1.246
601601,中国太保,保险,上海,20071225,601601.SH,20181225,28.8,29.05,27.9,28.78,28.98,-0.2,-0.6901,170451.6,484847.027,0.2711,0.6192,1.27,17.7878,15.8534,1.8239,0.8155,0.7437,2.4322,2.7797,906200.0,628670.0,275275.1263,26080436.0,18093122.6,31.88,26.08,1.246
601601,中国太保,保险,上海,20071225,601601.SH,20181224,28.78,29.14,28.72,28.98,29.06,-0.08,-0.2753,97883.04,283533.574,0.1557,0.3556,0.71,17.9114,15.9636,1.8365,0.8212,0.7489,2.4155,2.7605,906200.0,628670.0,275275.1263,26261676.0,18218856.6,31.97,26.15,1.246
601601,中国太保,保险,上海,20071225,601601.SH,20181221,29.42,29.57,28.78,29.06,29.64,-0.58,-1.9568,134205.21,389940.613,0.2135,0.4875,0.9,17.9608,16.0076,1.8416,0.8234,0.751,2.4088,2.7529,906200.0,628670.0,275275.1263,26334172.0,18269150.2,32.6,26.68,1.246
601601,中国太保,保险,上海,20071225,601601.SH,20181220,29.99,30.27,29.39,29.64,30.16,-0.52,-1.7241,141429.41,419952.765,0.225,0.5138,0.88,18.3193,16.3271,1.8784,0.8399,0.766,2.3617,2.6991,906200.0,628670.0,275275.1263,26859768.0,18633778.8,33.18,27.14,1.246
601601,中国太保,保险,上海,20071225,601601.SH,20181219,30.19,30.77,30.0,30.16,30.18,-0.02,-0.0663,161706.65,492057.961,0.2572,0.5874,1.01,18.6407,16.6136,1.9113,0.8546,0.7794,2.321,2.6525,906200.0,628670.0,275275.1263,27330992.0,18960687.2,33.2,27.16,1.246
601601,中国太保,保险,上海,20071225,601601.SH,20181218,30.4,30.7,29.91,30.18,30.7,-0.52,-1.6938,136633.34,414105.257,0.2173,0.4964,0.86,18.6531,16.6246,1.9126,0.8552,0.7799,2.3194,2.6508,906200.0,628670.0,275275.1263,27349116.0,18973260.6,33.77,27.63,1.246
601601,中国太保,保险,上海,20071225,601601.SH,20181217,30.3,30.83,30.3,30.7,30.4,0.3,0.9868,115683.35,354174.013,0.184,0.4202,0.61,18.9745,16.911,1.9455,0.8699,0.7934,2.2801,2.6059,906200.0,628670.0,275275.1263,27820340.0,19300169.0,33.44,27.36,1.246
601601,中国太保,保险,上海,20071225,601601.SH,20181214,30.78,30.93,30.35,30.4,30.98,-0.58,-1.8722,192039.17,586356.428,0.3055,0.6976,1.02,18.789,16.7458,1.9265,0.8614,0.7856,2.3026,2.6316,906200.0,628670.0,275275.1263,27548480.0,19111568.0,34.08,27.88,1.246
601601,中国太保,保险,上海,20071225,601601.SH,20181213,30.7,31.25,30.55,30.98,30.55,0.43,1.4075,198308.69,614169.174,0.3154,0.7204,1.04,19.1475,17.0653,1.9633,0.8778,0.8006,2.2595,2.5823,906200.0,628670.0,275275.1263,28074076.0,19476196.6,33.61,27.5,1.246
601601,中国太保,保险,上海,20071225,601601.SH,20181212,30.41,30.73,30.18,30.55,30.09,0.46,1.5287,156456.44,475810.251,0.2489,0.5684,0.8,18.8817,16.8284,1.936,0.8657,0.7895,2.2913,2.6187,906200.0,628670.0,275275.1263,27684410.0,19205868.5,33.1,27.08,1.246
601601,中国太保,保险,上海,20071225,601601.SH,20181211,29.71,30.09,29.67,30.09,29.67,0.42,1.4156,128048.73,382270.036,0.2037,0.4652,0.61,18.5974,16.575,1.9069,0.8526,0.7776,2.3264,2.6587,906200.0,628670.0,275275.1263,27267558.0,18916680.3,32.64,26.7,1.246
601601,中国太保,保险,上海,20071225,601601.SH,20181210,30.26,30.45,29.42,29.67,30.6,-0.93,-3.0392,267007.56,796961.9,0.4247,0.97,1.2,18.3378,16.3437,1.8803,0.8407,0.7667,2.3593,2.6963,906200.0,628670.0,275275.1263,26886954.0,18652638.9,33.66,27.54,1.246
601601,中国太保,保险,上海,20071225,601601.SH,20181207,30.9,31.1,30.47,30.6,30.87,-0.27,-0.8746,191112.2,587676.329,0.304,0.6943,0.91,18.9126,16.8559,1.9392,0.8671,0.7908,2.2876,2.6144,906200.0,628670.0,275275.1263,27729720.0,19237302.0,33.96,27.78,1.246
601601,中国太保,保险,上海,20071225,601601.SH,20181206,31.08,31.25,30.86,30.87,31.48,-0.61,-1.9377,207919.23,646121.814,0.3307,0.7553,0.99,19.0795,17.0047,1.9563,0.8747,0.7977,2.2676,2.5915,906200.0,628670.0,275275.1263,27974394.0,19407042.9,34.63,28.33,1.246
601601,中国太保,保险,上海,20071225,601601.SH,20181205,31.53,31.79,31.31,31.48,32.01,-0.53,-1.6557,184332.4,580985.197,0.2932,0.6696,0.9,19.4565,17.3407,1.995,0.892,0.8135,2.2236,2.5413,906200.0,628670.0,275275.1263,28527176.0,19790531.6,35.21,28.81,1.246
601601,中国太保,保险,上海,20071225,601601.SH,20181204,32.32,32.32,31.76,32.01,32.33,-0.32,-0.9898,193027.51,616712.492,0.307,0.7012,0.99,19.7841,17.6326,2.0286,0.907,0.8272,2.1868,2.4992,906200.0,628670.0,275275.1263,29007462.0,20123726.7,35.56,29.1,1.246
601601,中国太保,保险,上海,20071225,601601.SH,20181203,32.15,32.5,31.85,32.33,31.39,0.94,2.9946,333126.34,1073801.381,0.5299,1.2102,2.05,19.9819,17.8089,2.0488,0.9161,0.8355,2.1652,2.4745,906200.0,628670.0,275275.1263,29297446.0,20324901.1,34.53,28.25,1.246
601601,中国太保,保险,上海,20071225,601601.SH,20181130,31.14,31.5,31.13,31.39,31.25,0.14,0.448,130970.04,410443.717,0.2083,0.4758,0.73,19.4009,17.2911,1.9893,0.8895,0.8112,2.23,2.5486,906200.0,628670.0,275275.1263,28445618.0,19733951.3,34.38,28.13,1.246
601601,中国太保,保险,上海,20071225,601601.SH,20181129,31.71,31.8,31.24,31.25,31.53,-0.28,-0.888,210136.27,661220.733,0.3343,0.7634,1.11,19.3144,17.214,1.9804,0.8855,0.8076,2.24,2.56,906200.0,628670.0,275275.1263,28318750.0,19645937.5,34.68,28.38,1.246
601601,中国太保,保险,上海,20071225,601601.SH,20181128,31.24,31.63,31.11,31.53,31.23,0.3,0.9606,160514.87,504565.419,0.2553,0.5831,0.85,19.4874,17.3682,1.9981,0.8934,0.8148,2.2201,2.5373,906200.0,628670.0,275275.1263,28572486.0,19821965.1,34.35,28.11,1.246
601601,中国太保,保险,上海,20071225,601601.SH,20181127,31.3,31.56,31.11,31.23,31.28,-0.05,-0.1598,144168.74,450815.09,0.2293,0.5237,0.66,19.302,17.203,1.9791,0.8849,0.8071,2.2414,2.5616,906200.0,628670.0,275275.1263,28300626.0,19633364.1,34.41,28.15,1.246
601601,中国太保,保险,上海,20071225,601601.SH,20181126,31.31,31.65,31.09,31.28,31.25,0.03,0.096,167658.28,524886.627,0.2667,0.6091,0.72,19.3329,17.2305,1.9823,0.8863,0.8083,2.2379,2.5575,906200.0,628670.0,275275.1263,28345936.0,19664797.6,34.38,28.13,1.246
601601,中国太保,保险,上海,20071225,601601.SH,20181123,31.53,31.9,31.11,31.25,31.58,-0.33,-1.045,218156.25,685026.91,0.347,0.7925,0.88,19.3144,17.214,1.9804,0.8855,0.8076,2.24,2.56,906200.0,628670.0,275275.1263,28318750.0,19645937.5,34.74,28.42,1.246
601601,中国太保,保险,上海,20071225,601601.SH,20181122,32.2,32.23,31.46,31.58,32.06,-0.48,-1.4972,253016.33,801480.564,0.4025,0.9191,0.99,19.5183,17.3958,2.0013,0.8948,0.8161,2.2166,2.5332,906200.0,628670.0,275275.1263,28617796.0,19853398.6,35.27,28.85,1.246
601601,中国太保,保险,上海,20071225,601601.SH,20181121,31.73,32.22,31.6,32.06,32.05,0.01,0.0312,159097.63,509584.933,0.2531,0.578,0.55,19.815,17.6602,2.0317,0.9084,0.8285,2.1834,2.4953,906200.0,628670.0,275275.1263,29052772.0,20155160.2,35.26,28.85,1.246
601601,中国太保,保险,上海,20071225,601601.SH,20181120,32.75,32.75,31.96,32.05,32.98,-0.93,-2.8199,294899.11,951919.796,0.4691,1.0713,1.0,19.8088,17.6547,2.0311,0.9082,0.8282,2.1841,2.4961,906200.0,628670.0,275275.1263,29043710.0,20148873.5,36.28,29.68,1.246
601601,中国太保,保险,上海,20071225,601601.SH,20181119,32.95,33.24,32.55,32.98,32.8,0.18,0.5488,236510.37,778588.877,0.3762,0.8592,0.7,20.3836,18.167,2.09,0.9345,0.8523,2.1225,2.4257,906200.0,628670.0,275275.1263,29886476.0,20733536.6,36.08,29.52,1.246
601601,中国太保,保险,上海,20071225,601601.SH,20181116,32.96,33.35,32.5,32.8,32.96,-0.16,-0.4854,297539.36,980381.828,0.4733,1.0809,0.91,20.2724,18.0678,2.0786,0.9294,0.8476,2.1341,2.439,906200.0,628670.0,275275.1263,29723360.0,20620376.0,36.26,29.66,1.246
601601,中国太保,保险,上海,20071225,601601.SH,20181115,32.16,32.97,32.09,32.96,32.08,0.88,2.7431,293556.35,955046.608,0.4669,1.0664,0.98,20.3713,18.1559,2.0888,0.9339,0.8518,2.1238,2.4272,906200.0,628670.0,275275.1263,29868352.0,20720963.2,35.29,28.87,1.246
601601,中国太保,保险,上海,20071225,601601.SH,20181114,32.67,32.71,31.98,32.08,32.69,-0.61,-1.866,333540.55,1072592.806,0.5305,1.2117,1.23,19.8274,17.6712,2.033,0.909,0.829,2.182,2.4938,906200.0,628670.0,275275.1263,29070896.0,20167733.6,35.96,29.42,1.246
601601,中国太保,保险,上海,20071225,601601.SH,20181113,32.0,32.97,31.91,32.69,32.57,0.12,0.3684,319004.93,1035911.038,0.5074,1.1589,1.29,20.2044,18.0072,2.0716,0.9263,0.8448,2.1413,2.4472,906200.0,628670.0,275275.1263,29623678.0,20551222.3,35.83,29.31,1.246
601601,中国太保,保险,上海,20071225,601601.SH,20181112,33.0,33.0,31.81,32.57,33.0,-0.43,-1.303,443010.13,1430214.949,0.7047,1.6093,2.11,20.1302,17.9411,2.064,0.9229,0.8417,2.1492,2.4562,906200.0,628670.0,275275.1263,29514934.0,20475781.9,36.3,29.7,1.246
601601,中国太保,保险,上海,20071225,601601.SH,20181109,33.68,33.97,33.0,33.0,33.97,-0.97,-2.8555,243954.06,810530.004,0.388,0.8862,1.04,20.396,18.178,2.0913,0.9351,0.8528,2.1212,2.4242,906200.0,628670.0,275275.1263,29904600.0,20746110.0,37.37,30.57,1.246
601601,中国太保,保险,上海,20071225,601601.SH,20181108,34.43,34.57,33.88,33.97,33.99,-0.02,-0.0588,162663.15,556365.99,0.2587,0.5909,0.62,20.9955,18.7123,2.1528,0.9626,0.8779,2.0606,2.355,906200.0,628670.0,275275.1263,30783614.0,21355919.9,37.39,30.59,1.246
601601,中国太保,保险,上海,20071225,601601.SH,20181107,34.35,34.6,33.88,33.99,34.15,-0.16,-0.4685,190620.99,652798.826,0.3032,0.6925,0.71,21.0079,18.7233,2.154,0.9631,0.8784,2.0594,2.3536,906200.0,628670.0,275275.1263,30801738.0,21368493.3,37.57,30.74,1.246
601601,中国太保,保险,上海,20071225,601601.SH,20181106,34.64,34.64,33.75,34.15,34.83,-0.68,-1.9523,200146.08,681662.08,0.3184,0.7271,0.7,21.1068,18.8115,2.1642,0.9677,0.8825,2.0498,2.3426,906200.0,628670.0,275275.1263,30946730.0,21469080.5,38.31,31.35,1.246
601601,中国太保,保险,上海,20071225,601601.SH,20181105,35.1,35.4,34.21,34.83,35.59,-0.76,-2.1354,253497.48,879357.928,0.4032,0.9209,0.86,21.527,19.186,2.2073,0.9869,0.9001,2.0098,2.2969,906200.0,628670.0,275275.1263,31562946.0,21896576.1,39.15,32.03,1.246
601601,中国太保,保险,上海,20071225,601601.SH,20181102,34.85,35.73,34.22,35.59,33.75,1.84,5.4519,369347.7,1289240.333,0.5875,1.3417,1.31,21.9968,19.6047,2.2554,1.0085,0.9197,1.9668,2.2478,906200.0,628670.0,275275.1263,32251658.0,22374365.3,37.13,30.38,1.246
601601,中国太保,保险,上海,20071225,601601.SH,20181101,33.9,34.51,33.33,33.75,33.66,0.09,0.2674,293628.75,997085.669,0.4671,1.0667,1.06,20.8595,18.5911,2.1388,0.9563,0.8722,2.0741,2.3704,906200.0,628670.0,275275.1263,30584250.0,21217612.5,37.03,30.29,1.246
601601,中国太保,保险,上海,20071225,601601.SH,20181031,33.75,33.99,32.7,33.66,33.62,0.04,0.119,222785.01,743950.59,0.3544,0.8093,0.77,20.8039,18.5415,2.1331,0.9538,0.8698,2.0796,2.3767,906200.0,628670.0,275275.1263,30502692.0,21161032.2,36.98,30.26,1.246
601601,中国太保,保险,上海,20071225,601601.SH,20181030,33.29,34.55,32.41,33.62,33.51,0.11,0.3283,282137.58,950105.432,0.4488,1.0249,0.99,20.7792,18.5195,2.1306,0.9526,0.8688,2.0821,2.3795,906200.0,628670.0,275275.1263,30466444.0,21135885.4,36.86,30.16,1.246
601601,中国太保,保险,上海,20071225,601601.SH,20181029,36.18,36.18,33.23,33.51,35.9,-2.39,-6.6574,309364.07,1060595.852,0.4921,1.1238,1.0,20.7112,18.4589,2.1236,0.9495,0.866,2.0889,2.3873,906200.0,628670.0,275275.1263,30366762.0,21066731.7,39.49,32.31,1.246
601601,中国太保,保险,上海,20071225,601601.SH,20181026,36.56,36.8,34.8,35.9,36.98,-1.08,-2.9205,296733.75,1057726.273,0.472,0.9159,0.92,22.1884,19.8285,2.4715,1.0173,0.9377,1.9499,2.2284,906200.0,628670.0,323969.3609,32532580.0,22569253.0,40.68,33.28,1.246
601601,中国太保,保险,上海,20071225,601601.SH,20181025,34.86,36.98,34.8,36.98,35.8,1.18,3.2961,269976.95,967464.304,0.4294,0.8333,0.87,22.8559,20.425,2.5459,1.0479,0.9659,1.8929,2.1633,906200.0,628670.0,323969.3609,33511276.0,23248216.6,39.38,32.22,1.246
601601,中国太保,保险,上海,20071225,601601.SH,20181024,35.59,36.57,34.98,35.8,35.45,0.35,0.9873,280056.39,1008065.079,0.4455,0.8645,0.96,22.1266,19.7732,2.4647,1.0144,0.9351,1.9553,2.2346,906200.0,628670.0,323969.3609,32441960.0,22506386.0,39.0,31.91,1.246
601601,中国太保,保险,上海,20071225,601601.SH,20181023,35.8,36.8,34.9,35.45,36.14,-0.69,-1.9092,271054.87,974467.701,0.4312,0.8367,0.98,21.9102,19.5799,2.4406,1.0045,0.9259,1.9746,2.2567,906200.0,628670.0,323969.3609,32124790.0,22286351.5,39.75,32.53,1.246
601601,中国太保,保险,上海,20071225,601601.SH,20181022,35.3,37.3,35.3,36.14,34.75,1.39,4.0,428799.61,1549415.493,0.6821,1.3236,1.96,22.3367,19.961,2.4881,1.0241,0.944,1.9369,2.2136,906200.0,628670.0,323969.3609,32750068.0,22720133.8,38.23,31.28,1.246
601601,中国太保,保险,上海,20071225,601601.SH,20181019,32.0,34.99,31.6,34.75,32.1,2.65,8.2555,369766.66,1236222.305,0.5882,1.1414,2.04,21.4776,19.1933,2.3924,0.9847,0.9076,2.0144,2.3022,906200.0,628670.0,323969.3609,31490450.0,21846282.5,35.31,28.89,1.246
601601,中国太保,保险,上海,20071225,601601.SH,20181018,33.15,33.55,32.06,32.1,33.26,-1.16,-3.4877,195694.35,640812.486,0.3113,0.6041,1.05,19.8397,17.7296,2.2099,0.9096,0.8384,2.1807,2.4922,906200.0,628670.0,323969.3609,29089020.0,20180307.0,36.59,29.93,1.246
601601,中国太保,保险,上海,20071225,601601.SH,20181017,34.0,34.59,33.0,33.26,33.63,-0.37,-1.1002,198813.58,669516.265,0.3162,0.6137,1.13,20.5567,18.3703,2.2898,0.9424,0.8687,2.1046,2.4053,906200.0,628670.0,323969.3609,30140212.0,20909564.2,36.99,30.27,1.246
601601,中国太保,保险,上海,20071225,601601.SH,20181016,33.32,34.39,33.32,33.63,33.3,0.33,0.991,190383.52,644827.319,0.3028,0.5877,1.14,20.7854,18.5747,2.3153,0.9529,0.8784,2.0815,2.3788,906200.0,628670.0,323969.3609,30475506.0,21142172.1,36.63,29.97,1.246
601601,中国太保,保险,上海,20071225,601601.SH,20181015,33.9,34.05,32.88,33.3,33.91,-0.61,-1.7989,140121.85,467442.558,0.2229,0.4325,0.79,20.5814,18.3924,2.2925,0.9436,0.8698,2.1021,2.4024,906200.0,628670.0,323969.3609,30176460.0,20934711.0,37.3,30.52,1.246
601601,中国太保,保险,上海,20071225,601601.SH,20181012,33.11,34.03,32.66,33.91,32.8,1.11,3.3841,182568.93,610521.763,0.2904,0.5635,0.97,20.9584,18.7293,2.3345,0.9609,0.8857,2.0643,2.3592,906200.0,628670.0,323969.3609,30729242.0,21318199.7,36.08,29.52,1.246
601601,中国太保,保险,上海,20071225,601601.SH,20181011,32.23,33.55,32.08,32.8,33.61,-0.81,-2.41,219728.62,721450.465,0.3495,0.6782,1.19,20.2724,18.1163,2.2581,0.9294,0.8567,2.1341,2.439,906200.0,628670.0,323969.3609,29723360.0,20620376.0,36.97,30.25,1.246
601601,中国太保,保险,上海,20071225,601601.SH,20181010,33.82,34.0,33.1,33.61,33.79,-0.18,-0.5327,147941.15,496382.882,0.2353,0.4567,0.71,20.773,18.5637,2.3139,0.9524,0.8779,2.0827,2.3802,906200.0,628670.0,323969.3609,30457382.0,21129598.7,37.17,30.41,1.246
601601,中国太保,保险,上海,20071225,601601.SH,20181009,34.0,34.36,33.36,33.79,34.09,-0.3,-0.88,144492.19,487445.936,0.2298,0.446,0.69,20.8843,18.6631,2.3263,0.9575,0.8826,2.0716,2.3676,906200.0,628670.0,323969.3609,30620498.0,21242759.3,37.5,30.68,1.246
601601,中国太保,保险,上海,20071225,601601.SH,20181008,34.25,35.05,33.99,34.09,35.51,-1.42,-3.9989,195586.26,672289.144,0.3111,0.6037,0.84,21.0697,18.8288,2.3469,0.966,0.8904,2.0534,2.3467,906200.0,628670.0,323969.3609,30892358.0,21431360.3,39.06,31.96,1.246
601601,中国太保,保险,上海,20071225,601601.SH,20180928,34.92,36.2,34.92,35.51,34.9,0.61,1.7479,236896.13,841731.071,0.3768,0.7312,1.14,21.9473,19.6131,2.4447,1.0062,0.9275,1.9713,2.2529,906200.0,628670.0,323969.3609,32179162.0,22324071.7,38.39,31.41,1.246
601601,中国太保,保险,上海,20071225,601601.SH,20180927,35.24,35.24,34.45,34.9,35.25,-0.35,-0.9929,198811.09,692557.197,0.3162,0.6137,0.96,21.5703,19.2762,2.4027,0.9889,0.9116,2.0057,2.2923,906200.0,628670.0,323969.3609,31626380.0,21940583.0,38.78,31.73,1.246
601601,中国太保,保险,上海,20071225,601601.SH,20180926,34.6,35.79,34.6,35.25,34.4,0.85,2.4709,263482.85,933812.073,0.4191,0.8133,1.45,21.7866,19.4695,2.4268,0.9988,0.9207,1.9858,2.2695,906200.0,628670.0,323969.3609,31943550.0,22160617.5,37.84,30.96,1.246
601601,中国太保,保险,上海,20071225,601601.SH,20180925,34.3,34.57,34.06,34.4,34.3,0.1,0.2915,148842.87,511527.029,0.2368,0.4594,0.86,21.2613,19.0,2.3683,0.9747,0.8985,2.0349,2.3256,906200.0,628670.0,323969.3609,31173280.0,21626248.0,37.73,30.87,1.246
601601,中国太保,保险,上海,20071225,601601.SH,20180921,33.2,34.45,33.16,34.3,32.98,1.32,4.0024,317063.66,1076804.666,0.5043,0.9787,2.49,21.1995,18.9448,2.3614,0.9719,0.8959,2.0408,2.3324,906200.0,628670.0,323969.3609,31082660.0,21563381.0,36.28,29.68,1.246
601601,中国太保,保险,上海,20071225,601601.SH,20180920,33.48,33.55,32.89,32.98,33.36,-0.38,-1.1391,112983.55,374909.975,0.1797,0.3487,0.87,20.3836,18.2157,2.2705,0.9345,0.8614,2.1225,2.4257,906200.0,628670.0,323969.3609,29886476.0,20733536.6,36.7,30.02,1.246
601601,中国太保,保险,上海,20071225,601601.SH,20180919,33.2,33.8,33.01,33.36,33.02,0.34,1.0297,190304.75,637547.68,0.3027,0.5874,1.71,20.6185,18.4256,2.2967,0.9453,0.8713,2.0983,2.3981,906200.0,628670.0,323969.3609,30230832.0,20972431.2,36.32,29.72,1.246
601601,中国太保,保险,上海,20071225,601601.SH,20180918,31.82,33.12,31.82,33.02,32.05,0.97,3.0265,138083.06,450737.596,0.2196,0.4262,1.2,20.4084,18.2378,2.2733,0.9356,0.8625,2.1199,2.4228,906200.0,628670.0,323969.3609,29922724.0,20758683.4,35.26,28.85,1.246
601601,中国太保,保险,上海,20071225,601601.SH,20180917,31.81,32.37,31.75,32.05,32.13,-0.08,-0.249,109863.93,352858.636,0.1748,0.3391,1.0,19.8088,17.702,2.2065,0.9082,0.8371,2.1841,2.4961,906200.0,628670.0,323969.3609,29043710.0,20148873.5,35.34,28.92,1.246
601601,中国太保,保险,上海,20071225,601601.SH,20180914,32.2,32.33,31.85,32.13,31.98,0.15,0.469,84854.35,272919.639,0.135,0.2619,0.72,19.8583,17.7462,2.212,0.9104,0.8392,2.1786,2.4899,906200.0,628670.0,323969.3609,29116206.0,20199167.1,35.18,28.78,1.246
601601,中国太保,保险,上海,20071225,601601.SH,20180913,31.82,32.04,31.37,31.98,31.32,0.66,2.1073,129161.35,409316.35,0.2055,0.3987,1.16,19.7656,17.6634,2.2017,0.9062,0.8353,2.1889,2.5016,906200.0,628670.0,323969.3609,28980276.0,20104866.6,34.45,28.19,1.246
601601,中国太保,保险,上海,20071225,601601.SH,20180912,31.12,31.5,31.12,31.32,31.3,0.02,0.0639,93865.12,293968.198,0.1493,0.2897,0.74,19.3576,17.2988,2.1562,0.8875,0.8181,2.235,2.5543,906200.0,628670.0,323969.3609,28382184.0,19689944.4,34.43,28.17,1.246
601601,中国太保,保险,上海,20071225,601601.SH,20180911,32.19,32.5,31.15,31.3,32.25,-0.95,-2.9457,160004.79,505505.449,0.2545,0.4939,1.17,19.3453,17.2878,2.1549,0.8869,0.8175,2.2364,2.5559,906200.0,628670.0,323969.3609,28364060.0,19677371.0,35.48,29.03,1.246
601601,中国太保,保险,上海,20071225,601601.SH,20180910,32.42,32.75,32.0,32.25,32.71,-0.46,-1.4063,81945.43,264193.426,0.1303,0.2529,0.56,19.9324,17.8125,2.2203,0.9138,0.8423,2.1705,2.4806,906200.0,628670.0,323969.3609,29224950.0,20274607.5,35.98,29.44,1.246
601601,中国太保,保险,上海,20071225,601601.SH,20180907,32.35,32.89,32.21,32.71,32.24,0.47,1.4578,127129.17,415132.385,0.2022,0.3924,0.83,20.2168,18.0666,2.2519,0.9269,0.8544,2.14,2.4457,906200.0,628670.0,323969.3609,29641802.0,20563795.7,35.46,29.02,1.246
601601,中国太保,保险,上海,20071225,601601.SH,20180906,32.48,32.76,32.01,32.24,32.5,-0.26,-0.8,91862.33,297469.886,0.1461,0.2836,0.58,19.9263,17.807,2.2196,0.9135,0.8421,2.1712,2.4814,906200.0,628670.0,323969.3609,29215888.0,20268320.8,35.75,29.25,1.246
601601,中国太保,保险,上海,20071225,601601.SH,20180905,33.43,33.64,32.5,32.5,33.68,-1.18,-3.5036,171056.95,564330.908,0.2721,0.528,1.09,20.087,17.9506,2.2375,0.9209,0.8489,2.1538,2.4615,906200.0,628670.0,323969.3609,29451500.0,20431775.0,37.05,30.31,1.246
601601,中国太保,保险,上海,20071225,601601.SH,20180904,33.03,33.82,32.72,33.68,33.17,0.51,1.5375,208980.18,697200.478,0.3324,0.6451,1.2,20.8163,18.6023,2.3187,0.9543,0.8797,2.0784,2.3753,906200.0,628670.0,323969.3609,30520816.0,21173605.6,36.49,29.85,1.246
601601,中国太保,保险,上海,20071225,601601.SH,20180903,32.76,33.22,32.62,33.17,32.76,0.41,1.2515,130906.22,430532.891,0.2082,0.4041,0.63,20.5011,18.3206,2.2836,0.9399,0.8664,2.1103,2.4118,906200.0,628670.0,323969.3609,30058654.0,20852983.9,36.04,29.48,1.246
601601,中国太保,保险,上海,20071225,601601.SH,20180831,32.59,33.27,32.47,32.76,32.8,-0.04,-0.122,166370.97,548245.95,0.2646,0.5135,0.8,20.2477,18.0942,2.2554,0.9283,0.8557,2.1368,2.442,906200.0,628670.0,323969.3609,29687112.0,20595229.2,36.08,29.52,1.246
601601,中国太保,保险,上海,20071225,601601.SH,20180830,32.71,33.31,32.71,32.8,32.92,-0.12,-0.3645,116210.44,383370.53,0.1849,0.3587,0.54,20.2724,18.1163,2.2581,0.9294,0.8567,2.1341,2.439,906200.0,628670.0,323969.3609,29723360.0,20620376.0,36.21,29.63,1.246
601601,中国太保,保险,上海,20071225,601601.SH,20180829,33.29,33.4,32.75,32.92,33.47,-0.55,-1.6433,161343.42,532195.006,0.2566,0.498,0.78,20.3465,18.1825,2.2664,0.9328,0.8598,2.1264,2.4301,906200.0,628670.0,323969.3609,29832104.0,20695816.4,36.82,30.12,1.246
601601,中国太保,保险,上海,20071225,601601.SH,20180828,34.3,34.3,33.11,33.47,34.48,-1.01,-2.9292,293468.53,985749.754,0.4668,0.9059,1.49,20.6865,18.4863,2.3043,0.9484,0.8742,2.0914,2.3902,906200.0,628670.0,323969.3609,30330514.0,21041584.9,37.93,31.03,1.246
601601,中国太保,保险,上海,20071225,601601.SH,20180827,34.25,34.55,33.62,34.48,34.12,0.36,1.0551,298893.85,1021308.997,0.4754,0.9226,1.66,21.3107,19.0442,2.3738,0.977,0.9006,2.0302,2.3202,906200.0,628670.0,323969.3609,31245776.0,21676541.6,37.53,30.71,1.246
601601,中国太保,保险,上海,20071225,601601.SH,20180824,33.3,34.3,33.0,34.12,33.71,0.41,1.2163,164611.8,554080.791,0.2618,0.5081,0.89,21.0882,18.8384,2.3015,0.9668,0.9206,2.0516,2.3447,906200.0,628670.0,323969.3609,30919544.0,21450220.4,37.08,30.34,1.246
601601,中国太保,保险,上海,20071225,601601.SH,20180823,33.95,34.55,33.22,33.71,33.95,-0.24,-0.7069,149783.95,506352.645,0.2383,0.4623,0.82,20.8348,18.6121,2.2739,0.9552,0.9096,2.0765,2.3732,906200.0,628670.0,323969.3609,30548002.0,21192465.7,37.35,30.56,1.246
601601,中国太保,保险,上海,20071225,601601.SH,20180822,34.45,34.57,33.82,33.95,34.32,-0.37,-1.0781,126844.16,432307.945,0.2018,0.3915,0.68,20.9831,18.7446,2.29,0.962,0.9161,2.0619,2.3564,906200.0,628670.0,323969.3609,30765490.0,21343346.5,37.75,30.89,1.246
601601,中国太保,保险,上海,20071225,601601.SH,20180821,33.4,34.6,33.25,34.32,33.4,0.92,2.7545,242885.42,832014.926,0.3863,0.7497,1.54,21.2118,18.9489,2.315,0.9725,0.926,2.0396,2.331,906200.0,628670.0,323969.3609,31100784.0,21575954.4,36.74,30.06,1.246
601601,中国太保,保险,上海,20071225,601601.SH,20180820,33.05,33.65,32.62,33.4,32.76,0.64,1.9536,218627.33,726348.652,0.3478,0.6748,1.55,20.6432,18.4409,2.2529,0.9464,0.9012,2.0958,2.3952,906200.0,628670.0,323969.3609,30267080.0,20997578.0,36.04,29.48,1.246
601601,中国太保,保险,上海,20071225,601601.SH,20180817,32.75,33.36,32.72,32.76,32.53,0.23,0.707,185414.39,613338.038,0.2949,0.5723,1.49,20.2477,18.0876,2.2098,0.9283,0.884,2.1368,2.442,906200.0,628670.0,323969.3609,29687112.0,20595229.2,35.78,29.28,1.246
601601,中国太保,保险,上海,20071225,601601.SH,20180816,31.62,33.13,31.51,32.53,32.14,0.39,1.2134,142291.35,462996.109,0.2263,0.4392,1.04,20.1055,17.9606,2.1943,0.9218,0.8777,2.1519,2.4593,906200.0,628670.0,323969.3609,29478686.0,20450635.1,35.35,28.93,1.246
601601,中国太保,保险,上海,20071225,601601.SH,20180815,33.3,33.36,31.96,32.14,33.45,-1.31,-3.9163,142849.48,465742.953,0.2272,0.4409,1.02,19.8645,17.7452,2.168,0.9107,0.8672,2.178,2.4891,906200.0,628670.0,323969.3609,29125268.0,20205453.8,36.8,30.11,1.246
601601,中国太保,保险,上海,20071225,601601.SH,20180814,33.32,33.76,33.0,33.45,33.39,0.06,0.1797,98953.87,329937.487,0.1574,0.3054,0.63,20.6741,18.4685,2.2563,0.9478,0.9026,2.0927,2.3916,906200.0,628670.0,323969.3609,30312390.0,21029011.5,36.73,30.05,1.246
601601,中国太保,保险,上海,20071225,601601.SH,20180813,33.35,33.6,32.39,33.39,33.86,-0.47,-1.3881,136832.24,451449.947,0.2177,0.4224,0.83,20.637,18.4354,2.2523,0.9461,0.901,2.0964,2.3959,906200.0,628670.0,323969.3609,30258018.0,20991291.3,37.25,30.47,1.246
601601,中国太保,保险,上海,20071225,601601.SH,20180810,33.96,34.13,33.34,33.86,33.89,-0.03,-0.0885,101170.39,341200.188,0.1609,0.3123,0.58,20.9275,18.6949,2.284,0.9594,0.9136,2.0673,2.3627,906200.0,628670.0,323969.3609,30683932.0,21286766.2,37.28,30.5,1.246
601601,中国太保,保险,上海,20071225,601601.SH,20180809,32.12,34.1,32.1,33.89,32.32,1.57,4.8577,201385.49,675929.206,0.3203,0.6216,1.16,20.9461,18.7115,2.286,0.9603,0.9144,2.0655,2.3606,906200.0,628670.0,323969.3609,30711118.0,21305626.3,35.55,29.09,1.246
601601,中国太保,保险,上海,20071225,601601.SH,20180808,32.78,32.91,32.01,32.32,32.58,-0.26,-0.798,160422.02,521782.15,0.2552,0.4952,0.92,19.9757,17.8446,2.1801,0.9158,0.8721,2.1658,2.4752,906200.0,628670.0,323969.3609,29288384.0,20318614.4,35.84,29.32,1.246
601601,中国太保,保险,上海,20071225,601601.SH,20180807,32.28,33.45,32.25,33.38,32.27,1.11,3.4397,180022.17,590926.239,0.2864,0.5557,1.05,20.6309,18.4299,2.1363,0.9458,0.9007,2.0971,,906200.0,628670.0,323969.3609,30248956.0,20985004.6,35.5,29.04,1.216
601601,中国太保,保险,上海,20071225,601601.SH,20180806,32.43,33.0,32.0,32.27,31.91,0.36,1.1282,183086.67,594273.292,0.2912,0.5651,1.1,19.9448,17.817,2.0653,0.9144,0.8707,2.1692,,906200.0,628670.0,323969.3609,29243074.0,20287180.9,35.1,28.72,1.216
601601,中国太保,保险,上海,20071225,601601.SH,20180803,31.81,32.49,31.78,31.91,31.88,0.03,0.0941,139928.84,450101.252,0.2226,0.4319,0.84,19.7223,17.6183,2.0422,0.9042,0.861,2.1937,,906200.0,628670.0,323969.3609,28916842.0,20060859.7,35.07,28.69,1.216
601601,中国太保,保险,上海,20071225,601601.SH,20180802,33.09,33.09,31.5,31.88,33.17,-1.29,-3.8891,205323.53,658388.654,0.3266,0.6338,1.18,19.7038,17.6017,2.0403,0.9033,0.8602,2.1957,,906200.0,628670.0,323969.3609,28889656.0,20041999.6,36.49,29.85,1.216
601601,中国太保,保险,上海,20071225,601601.SH,20180801,34.28,35.0,33.11,33.17,34.23,-1.06,-3.0967,161380.61,550682.917,0.2567,0.4981,0.92,20.5011,18.3139,2.1229,0.9399,0.895,2.1103,2.1103,906200.0,628670.0,323969.3609,30058654.0,20852983.9,37.65,30.81,1.216
601601,中国太保,保险,上海,20071225,601601.SH,20180731,33.5,34.46,33.2,34.23,33.75,0.48,1.4222,171173.94,581145.281,0.2723,0.5284,0.77,21.1562,18.8992,2.1907,0.9699,0.9236,2.045,2.045,906200.0,628670.0,323969.3609,31019226.0,21519374.1,37.13,30.38,1.216
601601,中国太保,保险,上海,20071225,601601.SH,20180730,33.6,34.31,33.14,33.75,33.75,0.0,0.0,155897.04,523505.355,0.248,0.4812,0.63,20.8595,18.6342,2.16,0.9563,0.9107,2.0741,2.0741,906200.0,628670.0,323969.3609,30584250.0,21217612.5,37.13,30.38,1.216
601601,中国太保,保险,上海,20071225,601601.SH,20180727,33.54,33.88,33.36,33.75,33.49,0.26,0.7764,142496.53,479323.174,0.2267,0.4398,0.51,20.8595,18.6342,2.16,0.9563,0.9107,2.0741,2.0741,906200.0,628670.0,323969.3609,30584250.0,21217612.5,36.84,30.14,1.216
601601,中国太保,保险,上海,20071225,601601.SH,20180726,34.54,34.64,33.23,33.49,34.54,-1.05,-3.04,236227.65,795528.456,0.3758,0.7292,0.88,20.6988,18.4906,2.1434,0.949,0.9037,2.0902,2.0902,906200.0,628670.0,323969.3609,30348638.0,21054158.3,37.99,31.09,1.216
601601,中国太保,保险,上海,20071225,601601.SH,20180725,34.36,34.97,34.13,34.54,34.42,0.12,0.3486,167367.18,577995.409,0.2662,0.5166,0.62,21.3478,19.0703,2.2106,0.9787,0.932,2.0266,2.0266,906200.0,628670.0,323969.3609,31300148.0,21714261.8,37.86,30.98,1.216
601601,中国太保,保险,上海,20071225,601601.SH,20180724,34.98,36.28,33.97,34.42,35.06,-0.64,-1.8254,413219.18,1445674.625,0.6573,1.2755,1.9,21.2736,19.0041,2.2029,0.9753,0.9287,2.0337,2.0337,906200.0,628670.0,323969.3609,31191404.0,21638821.4,38.57,31.55,1.216
601601,中国太保,保险,上海,20071225,601601.SH,20180723,34.55,35.5,34.17,35.06,34.15,0.91,2.6647,281517.59,981930.716,0.4478,0.869,1.34,21.6692,19.3574,2.2438,0.9934,0.946,1.9966,1.9966,906200.0,628670.0,323969.3609,31771372.0,22041170.2,37.57,30.74,1.216
601601,中国太保,保险,上海,20071225,601601.SH,20180720,32.49,34.86,32.15,34.15,32.49,1.66,5.1093,290167.97,976745.322,0.4616,0.8957,1.67,21.1068,18.855,2.1856,0.9677,0.9215,2.0498,2.0498,906200.0,628670.0,323969.3609,30946730.0,21469080.5,35.74,29.24,1.216
601601,中国太保,保险,上海,20071225,601601.SH,20180719,32.1,33.01,32.08,32.49,31.81,0.68,2.14,191145.55,623313.097,0.304,0.59,1.12,20.0808,17.9385,2.0794,0.9206,0.8767,2.1545,2.1545,906200.0,628670.0,323969.3609,29442438.0,20425488.3,34.99,28.63,1.216
601601,中国太保,保险,上海,20071225,601601.SH,20180718,32.43,33.07,31.8,31.81,32.27,-0.46,-1.43,184343.77,597631.855,0.2932,0.569,1.16,19.6605,17.563,2.0358,0.9014,0.8583,2.2006,2.2006,906200.0,628670.0,323969.3609,28826222.0,19997992.7,35.5,29.04,1.216
601601,中国太保,保险,上海,20071225,601601.SH,20180717,31.89,32.38,31.76,32.27,32.05,0.22,0.69,139132.1,446224.774,0.2213,0.4295,0.9,19.9448,17.817,2.0653,0.9144,0.8707,2.1692,2.1692,906200.0,628670.0,323969.3609,29243074.0,20287180.9,35.26,28.85,1.216
601601,中国太保,保险,上海,20071225,601601.SH,20180716,33.03,33.1,31.5,32.05,33.02,-0.97,-2.94,248277.55,791737.026,0.3949,0.7664,1.64,19.8088,17.6956,2.0512,0.9082,0.8648,2.1841,2.1841,906200.0,628670.0,323969.3609,29043710.0,20148873.5,36.32,29.72,1.216
601601,中国太保,保险,上海,20071225,601601.SH,20180713,33.54,33.58,32.85,33.02,33.36,-0.34,-1.02,103300.86,342098.521,0.1643,0.3189,0.54,20.4084,18.2311,2.1133,0.9356,0.891,2.1199,2.1199,906200.0,628670.0,323969.3609,29922724.0,20758683.4,36.7,30.02,1.216
601601,中国太保,保险,上海,20071225,601601.SH,20180712,32.2,33.61,32.1,33.36,32.06,1.3,4.05,177663.94,588930.105,0.2826,0.5484,0.87,20.6185,18.4188,2.135,0.9453,0.9001,2.0983,2.0983,906200.0,628670.0,323969.3609,30230832.0,20972431.2,35.27,28.85,1.216
601601,中国太保,保险,上海,20071225,601601.SH,20180711,31.9,32.23,31.75,32.06,32.59,-0.53,-1.63,125282.77,400813.658,0.1993,0.3867,0.57,19.815,17.7011,2.0518,0.9084,0.8651,2.1834,2.1834,906200.0,628670.0,323969.3609,29052772.0,20155160.2,35.85,29.33,1.216
601601,中国太保,保险,上海,20071225,601601.SH,20180710,32.67,32.73,32.11,32.59,32.73,-0.14,-0.43,120300.45,389731.947,0.1914,0.3713,0.47,20.1426,17.9937,2.0858,0.9235,0.8794,2.1479,2.1479,906200.0,628670.0,323969.3609,29533058.0,20488355.3,36.0,29.46,1.216
601601,中国太保,保险,上海,20071225,601601.SH,20180709,31.31,32.8,31.3,32.73,31.31,1.42,4.54,228906.36,741040.753,0.3641,0.7066,0.85,20.2291,18.071,2.0947,0.9274,0.8831,2.1387,2.1387,906200.0,628670.0,323969.3609,29659926.0,20576369.1,34.44,28.18,1.216
601601,中国太保,保险,上海,20071225,601601.SH,20180706,30.44,31.81,30.11,31.31,30.25,1.06,3.5,296101.57,920156.072,0.471,0.914,1.21,19.3515,17.287,2.0038,0.8872,0.8448,2.2357,2.2357,906200.0,628670.0,323969.3609,28373122.0,19683657.7,33.28,27.23,1.216
601601,中国太保,保险,上海,20071225,601601.SH,20180705,30.0,30.75,29.86,30.25,29.8,0.45,1.51,256355.69,778531.175,0.4078,0.7913,1.04,18.6963,16.7017,1.936,0.8572,0.8162,2.314,2.314,906200.0,628670.0,323969.3609,27412550.0,19017267.5,32.78,26.82,1.216
601601,中国太保,保险,上海,20071225,601601.SH,20180704,29.7,30.3,29.68,29.8,30.08,-0.28,-0.93,194748.11,584831.845,0.3098,0.6011,0.75,18.4182,16.4533,1.9072,0.8444,0.8041,2.349,2.349,906200.0,628670.0,323969.3609,27004760.0,18734366.0,33.09,27.07,1.216
601601,中国太保,保险,上海,20071225,601601.SH,20180703,29.9,30.18,29.1,30.08,29.77,0.31,1.04,308228.9,916242.947,0.4903,0.9514,1.3,18.5913,16.6079,1.9251,0.8523,0.8116,2.3271,2.3271,906200.0,628670.0,323969.3609,27258496.0,18910393.6,32.75,26.79,1.216
601601,中国太保,保险,上海,20071225,601601.SH,20180702,31.75,31.75,29.67,29.77,31.85,-2.08,-6.53,284115.13,870048.229,0.4519,0.877,1.3,18.3997,16.4367,1.9053,0.8436,0.8033,2.3514,2.3514,906200.0,628670.0,323969.3609,26977574.0,18715505.9,35.04,28.67,1.216
601601,中国太保,保险,上海,20071225,601601.SH,20180629,31.2,32.0,31.18,31.85,31.04,0.81,2.61,177408.6,561415.14,0.2822,0.5476,0.81,19.6852,17.5851,2.0384,0.9025,0.8594,2.1978,2.1978,906200.0,628670.0,323969.3609,28862470.0,20023139.5,34.14,27.94,1.216
601601,中国太保,保险,上海,20071225,601601.SH,20180628,31.26,31.65,30.68,31.04,31.72,-0.68,-2.14,270360.23,842227.463,0.4301,0.8345,1.28,19.1846,17.1379,1.9866,0.8795,0.8375,2.2552,2.2552,906200.0,628670.0,323969.3609,28128448.0,19513916.8,34.89,28.55,1.216
601601,中国太保,保险,上海,20071225,601601.SH,20180627,32.34,32.76,31.12,31.72,32.47,-0.75,-2.31,250021.77,793983.116,0.3977,0.7717,1.18,19.6049,17.5134,2.0301,0.8988,0.8559,2.2068,2.2068,906200.0,628670.0,323969.3609,28744664.0,19941412.4,35.72,29.22,1.216
601601,中国太保,保险,上海,20071225,601601.SH,20180626,32.3,32.74,31.68,32.47,32.86,-0.39,-1.19,201181.69,648758.555,0.32,0.621,0.7,20.0684,17.9274,2.0781,0.9201,0.8761,2.1558,2.1558,906200.0,628670.0,323969.3609,29424314.0,20412914.9,36.15,29.57,1.216
601601,中国太保,保险,上海,20071225,601601.SH,20180625,33.9,34.16,32.73,32.86,34.08,-1.22,-3.58,194341.41,646402.594,0.3091,0.5999,0.66,20.3095,18.1428,2.103,0.9311,0.8867,2.1302,2.1302,906200.0,628670.0,323969.3609,29777732.0,20658096.2,37.49,30.67,1.216
601601,中国太保,保险,上海,20071225,601601.SH,20180622,33.55,34.49,33.26,34.08,33.92,0.16,0.47,176232.07,595173.152,0.2803,0.544,0.52,21.0635,18.8164,2.1811,0.9657,0.9196,2.054,2.054,906200.0,628670.0,323969.3609,30883296.0,21425073.6,37.31,30.53,1.216
601601,中国太保,保险,上海,20071225,601601.SH,20180621,34.9,35.26,33.81,33.92,35.18,-1.26,-3.58,232461.53,803321.438,0.3698,0.7175,0.71,20.9646,18.728,2.1709,0.9611,0.9153,2.0637,2.0637,906200.0,628670.0,323969.3609,30738304.0,21324486.4,38.7,31.66,1.216
601601,中国太保,保险,上海,20071225,601601.SH,20180620,35.78,35.97,34.52,35.18,36.34,-1.16,-3.19,253070.52,889074.143,0.4025,0.7812,0.75,21.7434,19.4237,2.2515,0.9968,0.9493,1.9898,1.9898,906200.0,628670.0,323969.3609,31880116.0,22116610.6,39.97,32.71,1.216
601601,中国太保,保险,上海,20071225,601601.SH,20180619,35.85,36.45,35.13,36.34,36.14,0.2,0.55,586069.21,2107464.35,0.9322,1.809,2.29,22.4603,20.0642,2.3258,1.0297,0.9806,1.9263,1.9263,906200.0,628670.0,323969.3609,32931308.0,22845867.8,39.75,32.53,1.216
601601,中国太保,保险,上海,20071225,601601.SH,20180615,35.99,36.38,35.6,36.14,35.99,0.15,0.42,228065.56,822913.696,0.3628,0.704,0.89,22.3367,19.9537,2.313,1.0241,0.9752,1.9369,1.9369,906200.0,628670.0,323969.3609,32750068.0,22720133.8,39.59,32.39,1.216
601601,中国太保,保险,上海,20071225,601601.SH,20180614,34.78,36.54,34.78,35.99,34.94,1.05,3.01,381244.09,1373473.292,0.6064,1.1768,1.57,22.244,19.8709,2.3034,1.0198,0.9711,1.945,1.945,906200.0,628670.0,323969.3609,32614138.0,22625833.3,38.43,31.45,1.216
601601,中国太保,保险,上海,20071225,601601.SH,20180613,34.5,35.26,34.5,34.94,34.82,0.12,0.34,193241.81,675188.271,0.3074,0.5965,0.8,21.595,19.2912,2.2362,0.99,0.9428,2.0034,2.0034,906200.0,628670.0,323969.3609,31662628.0,21965729.8,38.3,31.34,1.216
601601,中国太保,保险,上海,20071225,601601.SH,20180612,33.48,35.08,33.16,34.82,33.53,1.29,3.85,302662.27,1037981.528,0.4814,0.9342,1.27,21.5209,19.2249,2.2285,0.9866,0.9395,2.0103,2.0103,906200.0,628670.0,323969.3609,31553884.0,21890289.4,36.88,30.18,1.216
601601,中国太保,保险,上海,20071225,601601.SH,20180611,33.17,33.77,32.96,33.53,33.42,0.11,0.33,171668.0,573561.218,0.2731,0.5299,0.67,20.7236,18.5127,2.1459,0.9501,0.9047,2.0877,2.0877,906200.0,628670.0,323969.3609,30384886.0,21079305.1,36.76,30.08,1.216
601601,中国太保,保险,上海,20071225,601601.SH,20180608,34.3,34.4,33.19,33.42,34.53,-1.11,-3.21,235327.21,789323.778,0.3743,0.7264,0.97,20.6556,18.452,2.1389,0.947,0.9018,2.0946,2.0946,906200.0,628670.0,323969.3609,30285204.0,21010151.4,37.98,31.08,1.216
601601,中国太保,保险,上海,20071225,601601.SH,20180607,34.46,35.54,34.45,34.53,34.31,0.22,0.64,310112.86,1085441.233,0.4933,0.9572,1.34,21.3416,19.0648,2.2099,0.9784,0.9317,2.0272,2.0272,906200.0,628670.0,323969.3609,31291086.0,21707975.1,37.74,30.88,1.216
601601,中国太保,保险,上海,20071225,601601.SH,20180606,34.5,34.83,34.02,34.31,34.54,-0.23,-0.67,182951.35,629595.606,0.291,0.5647,0.78,21.2056,18.9434,2.1958,0.9722,0.9258,2.0402,2.0402,906200.0,628670.0,323969.3609,31091722.0,21569667.7,37.99,31.09,1.216
601601,中国太保,保险,上海,20071225,601601.SH,20180605,34.32,35.08,33.9,34.54,34.34,0.2,0.58,292270.3,1008331.68,0.4649,0.9022,1.24,21.3478,19.0703,2.2106,0.9787,0.932,2.0266,2.0266,906200.0,628670.0,323969.3609,31300148.0,21714261.8,37.77,30.91,1.216
601601,中国太保,保险,上海,20071225,601601.SH,20180604,33.4,34.48,33.16,34.34,33.07,1.27,3.84,263140.94,895820.878,0.4186,0.8122,1.2,21.2242,18.9599,2.1978,0.973,0.9266,2.0384,2.0384,906200.0,628670.0,323969.3609,31118908.0,21588527.8,36.38,29.76,1.216
601601,中国太保,保险,上海,20071225,601601.SH,20180601,33.08,33.64,32.8,33.07,33.27,-0.2,-0.6,159397.86,528433.718,0.2535,0.492,0.73,20.4393,18.2587,2.1165,0.9371,0.8923,2.1167,2.1167,906200.0,628670.0,323969.3609,29968034.0,20790116.9,36.6,29.94,1.216
601601,中国太保,保险,上海,20071225,601601.SH,20180531,32.61,33.35,32.32,33.27,32.33,0.94,2.91,259213.75,853744.242,0.4123,0.8001,1.33,20.5629,18.3691,2.1293,0.9427,0.8977,2.104,2.104,906200.0,628670.0,323969.3609,30149274.0,20915850.9,35.56,29.1,1.216
601601,中国太保,保险,上海,20071225,601601.SH,20180530,32.8,32.89,32.3,32.33,33.33,-1.0,-3.0,197764.89,644846.42,0.3146,0.6104,1.0,19.9819,17.8501,2.0691,0.9161,0.8724,2.1652,2.1652,906200.0,628670.0,323969.3609,29297446.0,20324901.1,36.66,30.0,1.216
601601,中国太保,保险,上海,20071225,601601.SH,20180529,33.2,33.36,32.2,33.33,33.39,-0.06,-0.18,299291.48,982723.723,0.4761,0.9238,1.72,20.5999,18.4023,2.1331,0.9444,0.8993,2.1002,2.1002,906200.0,628670.0,323969.3609,30203646.0,20953571.1,36.73,30.05,1.216
601601,中国太保,保险,上海,20071225,601601.SH,20180528,33.19,33.63,32.81,33.39,33.24,0.15,0.45,178947.64,595579.821,0.2846,0.5524,0.92,20.637,18.4354,2.137,0.9461,0.901,2.0964,2.0964,906200.0,628670.0,323969.3609,30258018.0,20991291.3,36.56,29.92,1.216
601601,中国太保,保险,上海,20071225,601601.SH,20180525,33.35,33.68,32.71,33.24,33.32,-0.08,-0.24,157634.85,523430.856,0.2507,0.4866,0.73,20.5443,18.3526,2.1274,0.9419,0.8969,2.1059,2.1059,906200.0,628670.0,323969.3609,30122088.0,20896990.8,36.65,29.99,1.216
601601,中国太保,保险,上海,20071225,601601.SH,20180524,33.4,33.64,33.1,33.32,33.37,-0.05,-0.15,142979.54,477118.487,0.2274,0.4413,0.6,20.5938,18.3967,2.1325,0.9441,0.8991,2.1008,2.1008,906200.0,628670.0,323969.3609,30194584.0,20947284.4,36.71,30.03,1.216
601601,中国太保,保险,上海,20071225,601601.SH,20180523,34.21,34.27,33.36,33.37,34.38,-1.01,-2.94,211011.88,709647.319,0.3356,0.6513,0.83,20.6247,18.4244,2.1357,0.9456,0.9004,2.0977,2.0977,906200.0,628670.0,323969.3609,30239894.0,20978717.9,37.82,30.94,1.216
601601,中国太保,保险,上海,20071225,601601.SH,20180522,35.0,35.0,34.01,34.38,35.07,-0.69,-1.97,179779.01,617900.897,0.286,0.5549,0.73,21.2489,18.982,2.2003,0.9742,0.9277,2.0361,2.0361,906200.0,628670.0,323969.3609,31155156.0,21613674.6,38.58,31.56,1.216
601601,中国太保,保险,上海,20071225,601601.SH,20180521,34.95,35.46,34.35,35.07,34.92,0.15,0.43,281558.45,983831.183,0.4479,0.8691,1.18,21.6754,19.363,2.2445,0.9937,0.9463,1.996,1.996,906200.0,628670.0,323969.3609,31780434.0,22047456.9,38.41,31.43,1.216
601601,中国太保,保险,上海,20071225,601601.SH,20180518,34.15,35.03,33.68,34.92,34.15,0.77,2.25,263069.41,904338.881,0.4185,0.812,1.16,21.5827,19.2801,2.2349,0.9895,0.9422,2.0046,2.0046,906200.0,628670.0,323969.3609,31644504.0,21953156.4,37.57,30.74,1.216
601601,中国太保,保险,上海,20071225,601601.SH,20180517,34.76,34.77,33.9,34.15,34.49,-0.34,-0.99,249840.04,854189.979,0.3974,0.7712,1.14,21.1068,18.855,2.1856,0.9677,0.9215,2.0498,2.0498,906200.0,628670.0,323969.3609,30946730.0,21469080.5,37.94,31.04,1.216
601601,中国太保,保险,上海,20071225,601601.SH,20180516,35.61,35.69,34.38,34.49,35.94,-1.45,-4.03,294177.14,1026653.712,0.4679,0.908,1.44,21.3169,19.0427,2.2074,0.9773,0.9306,2.0296,2.0296,906200.0,628670.0,323969.3609,31254838.0,21682828.3,39.53,32.35,1.216
601601,中国太保,保险,上海,20071225,601601.SH,20180515,36.25,36.4,35.35,35.94,36.17,-0.23,-0.64,143892.63,515215.048,0.2289,0.4442,0.51,22.2131,19.8433,2.3002,1.0184,0.9698,1.9477,1.9477,906200.0,628670.0,323969.3609,32568828.0,22594399.8,39.79,32.55,1.216
601601,中国太保,保险,上海,20071225,601601.SH,20180514,35.67,36.55,35.52,36.17,35.33,0.84,2.38,241618.09,873304.66,0.3843,0.7458,0.8,22.3552,19.9703,2.3149,1.0249,0.976,1.9353,1.9353,906200.0,628670.0,323969.3609,32777254.0,22738993.9,38.86,31.8,1.216
601601,中国太保,保险,上海,20071225,601601.SH,20180511,36.02,36.13,35.17,35.33,35.96,-0.63,-1.75,204156.7,727119.134,0.3247,0.6302,0.67,21.8361,19.5065,2.2611,1.0011,0.9533,1.9813,1.9813,906200.0,628670.0,323969.3609,32016046.0,22210911.1,39.56,32.36,1.216
601601,中国太保,保险,上海,20071225,601601.SH,20180510,36.02,36.47,35.42,35.96,35.9,0.06,0.17,214227.61,768192.846,0.3408,0.6613,0.68,22.2254,19.8544,2.3014,1.019,0.9703,1.9466,1.9466,906200.0,628670.0,323969.3609,32586952.0,22606973.2,39.49,32.31,1.216
601601,中国太保,保险,上海,20071225,601601.SH,20180509,35.76,36.15,35.22,35.9,35.75,0.15,0.42,219357.92,783498.505,0.3489,0.6771,0.71,22.1884,19.8212,2.2976,1.0173,0.9687,1.9499,1.9499,906200.0,628670.0,323969.3609,32532580.0,22569253.0,39.33,32.18,1.216
601601,中国太保,保险,上海,20071225,601601.SH,20180508,33.82,36.54,33.82,35.75,33.89,1.86,5.49,521416.13,1850829.91,0.8294,1.6095,1.9,22.0957,19.7384,2.288,1.013,0.9646,1.958,1.958,906200.0,628670.0,323969.3609,32396650.0,22474952.5,37.28,30.5,1.216
601601,中国太保,保险,上海,20071225,601601.SH,20180507,32.66,34.17,32.66,33.89,32.65,1.24,3.8,348860.84,1175133.157,0.5549,1.0768,1.38,20.9461,18.7115,2.169,0.9603,0.9144,2.0655,2.0655,906200.0,628670.0,323969.3609,30711118.0,21305626.3,35.92,29.39,1.216
601601,中国太保,保险,上海,20071225,601601.SH,20180504,32.95,33.49,32.6,32.65,33.01,-0.36,-1.09,223807.02,740648.688,0.356,0.6908,0.92,20.1797,18.0268,2.0896,0.9252,0.881,2.144,2.144,906200.0,628670.0,323969.3609,29587430.0,20526075.5,36.31,29.71,1.216
601601,中国太保,保险,上海,20071225,601601.SH,20180503,31.8,33.1,31.72,33.01,31.91,1.1,3.45,270329.66,879959.474,0.43,0.8344,0.98,20.4022,18.2256,2.1126,0.9354,0.8907,2.1206,2.1206,906200.0,628670.0,323969.3609,29913662.0,20752396.7,35.1,28.72,1.216
601601,中国太保,保险,上海,20071225,601601.SH,20180502,31.75,32.42,31.7,31.91,31.6,0.31,0.98,189036.02,605405.342,0.3007,0.5835,0.67,19.7223,17.6183,2.0422,0.9042,0.861,2.1937,2.1937,906200.0,628670.0,323969.3609,28916842.0,20060859.7,34.76,28.44,1.216
601601,中国太保,保险,上海,20071225,601601.SH,20180427,31.82,32.03,30.45,31.6,31.71,-0.11,-0.35,342433.68,1071383.886,0.5447,1.057,1.21,19.5307,19.5307,2.0826,0.8954,0.8954,2.2152,2.2152,906200.0,628670.0,323969.3609,28635920.0,19865972.0,34.88,28.54,1.216
601601,中国太保,保险,上海,20071225,601601.SH,20180426,32.74,32.8,31.31,31.71,32.54,-0.83,-2.55,236472.26,751225.182,0.3761,0.7299,0.77,19.5987,19.5987,2.0899,0.8985,0.8985,2.2075,2.2075,906200.0,628670.0,323969.3609,28735602.0,19935125.7,35.79,29.29,1.216
601601,中国太保,保险,上海,20071225,601601.SH,20180425,32.77,32.9,32.42,32.54,32.99,-0.45,-1.36,180300.12,588053.913,0.2868,0.5565,0.54,20.1117,20.1117,2.1446,0.922,0.922,2.1512,2.1512,906200.0,628670.0,323969.3609,29487748.0,20456921.8,36.29,29.69,1.216
601601,中国太保,保险,上海,20071225,601601.SH,20180424,31.61,33.12,31.61,32.99,31.6,1.39,4.4,430678.07,1412213.471,0.6851,1.3294,1.47,20.3898,20.3898,2.1743,0.9348,0.9348,2.1219,2.1219,906200.0,628670.0,323969.3609,29895538.0,20739823.3,34.76,28.44,1.216
601601,中国太保,保险,上海,20071225,601601.SH,20180423,30.99,31.65,30.78,31.6,31.17,0.43,1.38,220425.42,690632.658,0.3506,0.6804,0.72,19.5307,19.5307,2.0826,0.8954,0.8954,2.2152,2.2152,906200.0,628670.0,323969.3609,28635920.0,19865972.0,34.29,28.05,1.216
601601,中国太保,保险,上海,20071225,601601.SH,20180420,32.05,32.18,30.76,31.17,32.18,-1.01,-3.14,352953.35,1105108.217,0.5614,1.0895,1.25,19.2649,19.2649,2.0543,0.8832,0.8832,2.2457,2.2457,906200.0,628670.0,323969.3609,28246254.0,19595643.9,35.4,28.96,1.216
601601,中国太保,保险,上海,20071225,601601.SH,20180419,32.18,32.47,31.86,32.18,31.98,0.2,0.63,350469.41,1127362.59,0.5575,1.0818,1.33,19.8892,19.8892,2.1209,0.9118,0.9118,2.1753,2.1753,906200.0,628670.0,323969.3609,29161516.0,20230600.6,35.18,28.78,1.216
601601,中国太保,保险,上海,20071225,601601.SH,20180418,32.43,32.6,31.85,31.98,32.19,-0.21,-0.65,303058.79,974863.788,0.4821,0.9355,1.19,19.7656,19.7656,2.1077,0.9062,0.9062,2.1889,2.1889,906200.0,628670.0,323969.3609,28980276.0,20104866.6,35.41,28.97,1.216
601601,中国太保,保险,上海,20071225,601601.SH,20180417,32.93,33.09,32.06,32.19,32.65,-0.46,-1.41,238098.36,776582.556,0.3787,0.7349,0.84,19.8954,19.8954,2.1215,0.9121,0.9121,2.1746,2.1746,906200.0,628670.0,323969.3609,29170578.0,20236887.3,35.92,29.39,1.216
601601,中国太保,保险,上海,20071225,601601.SH,20180416,32.93,33.26,32.25,32.65,32.98,-0.33,-1.0,285848.11,936706.945,0.4547,0.8823,1.02,20.1797,20.1797,2.1518,0.9252,0.9252,2.144,2.144,906200.0,628670.0,323969.3609,29587430.0,20526075.5,36.28,29.68,1.216
601601,中国太保,保险,上海,20071225,601601.SH,20180413,33.75,33.82,32.87,32.98,33.39,-0.41,-1.23,234247.93,777058.226,0.3726,0.7231,0.79,20.3836,20.3836,2.1736,0.9345,0.9345,2.1225,2.1225,906200.0,628670.0,323969.3609,29886476.0,20733536.6,36.73,30.05,1.216
601601,中国太保,保险,上海,20071225,601601.SH,20180412,34.3,34.34,33.38,33.39,34.24,-0.85,-2.48,259017.84,874783.277,0.412,0.7995,0.82,20.637,20.637,2.2006,0.9461,0.9461,2.0964,2.0964,906200.0,628670.0,323969.3609,30258018.0,20991291.3,37.66,30.82,1.216
601601,中国太保,保险,上海,20071225,601601.SH,20180411,34.46,34.66,34.12,34.24,34.46,-0.22,-0.64,252871.53,868651.58,0.4022,0.7805,0.74,21.1624,21.1624,2.2566,0.9702,0.9702,2.0444,2.0444,906200.0,628670.0,323969.3609,31028288.0,21525660.8,37.91,31.01,1.216
601601,中国太保,保险,上海,20071225,601601.SH,20180410,33.75,34.53,33.57,34.46,33.83,0.63,1.86,379915.24,1293094.014,0.6043,1.1727,1.07,21.2984,21.2984,2.2711,0.9764,0.9764,2.0313,2.0313,906200.0,628670.0,323969.3609,31227652.0,21663968.2,37.21,30.45,1.216
601601,中国太保,保险,上海,20071225,601601.SH,20180409,33.3,33.9,33.11,33.83,33.18,0.65,1.96,279394.8,939604.928,0.4444,0.8624,0.71,20.909,20.909,2.2296,0.9586,0.9586,2.0692,2.0692,906200.0,628670.0,323969.3609,30656746.0,21267906.1,36.5,29.86,1.216
601601,中国太保,保险,上海,20071225,601601.SH,20180404,33.45,33.57,32.96,33.18,33.18,0.0,0.0,313344.7,1043520.874,0.4984,0.9672,0.75,20.5072,20.5072,2.1868,0.9402,0.9402,2.1097,2.1097,906200.0,628670.0,323969.3609,30067716.0,20859270.6,36.5,29.86,1.216
601601,中国太保,保险,上海,20071225,601601.SH,20180403,33.06,33.53,32.84,33.18,33.47,-0.29,-0.87,350007.42,1158811.21,0.5567,1.0804,0.78,20.5072,20.5072,2.1868,0.9402,0.9402,2.1097,2.1097,906200.0,628670.0,323969.3609,30067716.0,20859270.6,36.82,30.12,1.216
601601,中国太保,保险,上海,20071225,601601.SH,20180402,33.75,34.48,33.37,33.47,33.93,-0.46,-1.36,389320.56,1320142.26,0.6193,1.2017,0.86,20.6865,20.6865,2.2059,0.9484,0.9484,2.0914,2.0914,906200.0,628670.0,323969.3609,30330514.0,21041584.9,37.32,30.54,1.216
601601,中国太保,保险,上海,20071225,601601.SH,20180330,34.84,34.99,33.68,33.93,35.16,-1.23,-3.5,447483.41,1526335.743,0.7118,1.3813,1.04,20.9708,20.9708,2.2362,0.9614,0.9614,2.0631,2.0631,906200.0,628670.0,323969.3609,30747366.0,21330773.1,38.68,31.64,1.216
601601,中国太保,保险,上海,20071225,601601.SH,20180329,34.41,35.28,33.28,35.16,34.41,0.75,2.18,465536.52,1597825.775,0.7405,1.4071,1.2,26.4261,22.5109,2.3471,1.1933,1.0189,1.9909,1.9909,906200.0,628670.0,330851.2016,31861992.0,22104037.2,37.85,30.97,1.216
601601,中国太保,保险,上海,20071225,601601.SH,20180328,35.52,36.12,34.15,34.41,36.14,-1.73,-4.79,434162.88,1522546.144,0.6906,1.3123,1.25,25.8624,22.0308,2.297,1.1678,0.9972,2.0343,2.0343,906200.0,628670.0,330851.2016,31182342.0,21632534.7,39.75,32.53,1.216
601601,中国太保,保险,上海,20071225,601601.SH,20180327,37.5,37.59,35.56,36.14,36.89,-0.75,-2.03,506976.29,1835633.209,0.8064,1.5323,1.87,27.1627,23.1384,2.4125,1.2265,1.0473,1.9369,1.9369,906200.0,628670.0,330851.2016,32750068.0,22720133.8,40.58,33.2,1.216
601601,中国太保,保险,上海,20071225,601601.SH,20180326,38.89,38.89,36.23,36.89,39.26,-2.37,-6.04,404768.77,1504041.363,0.6438,1.2234,1.77,27.7264,23.6186,2.4626,1.252,1.0691,1.8975,1.8975,906200.0,628670.0,330851.2016,33429718.0,23191636.3,43.19,35.33,1.216
601601,中国太保,保险,上海,20071225,601601.SH,20180323,37.79,39.29,37.7,39.26,39.46,-0.2,-0.51,330281.37,1273560.51,0.5254,0.9983,1.56,29.5077,25.1359,2.6208,1.3324,1.1378,1.783,1.783,906200.0,628670.0,330851.2016,35577412.0,24681584.2,43.41,35.51,1.216
601601,中国太保,保险,上海,20071225,601601.SH,20180322,40.01,40.48,38.66,39.46,40.39,-0.93,-2.3,266332.58,1044258.602,0.4236,0.805,1.31,29.658,25.264,2.6341,1.3392,1.1436,1.7739,1.7739,906200.0,628670.0,330851.2016,35758652.0,24807318.2,44.43,36.35,1.216
601601,中国太保,保险,上海,20071225,601601.SH,20180321,42.48,42.81,39.81,40.39,41.66,-1.27,-3.05,222034.83,913119.894,0.3532,0.6711,1.19,30.357,25.8594,2.6962,1.3708,1.1705,1.7331,1.7331,906200.0,628670.0,330851.2016,36601418.0,25391981.3,45.83,37.49,1.216
601601,中国太保,保险,上海,20071225,601601.SH,20180320,41.51,42.04,41.26,41.66,42.04,-0.38,-0.9,135062.07,562163.617,0.2148,0.4082,0.69,31.3115,26.6725,2.781,1.4139,1.2073,1.6803,1.6803,906200.0,628670.0,330851.2016,37752292.0,26190392.2,46.24,37.84,1.216
601601,中国太保,保险,上海,20071225,601601.SH,20180319,40.73,42.1,40.65,42.04,40.76,1.28,3.14,189743.95,787487.485,0.3018,0.5735,0.98,31.5971,26.9158,2.8064,1.4268,1.2183,1.6651,1.6651,906200.0,628670.0,330851.2016,38096648.0,26429286.8,44.84,36.68,1.216
601601,中国太保,保险,上海,20071225,601601.SH,20180316,40.55,41.77,40.39,40.76,40.28,0.48,1.19,244668.85,1008177.261,0.3892,0.7395,1.46,30.6351,26.0963,2.7209,1.3833,1.1812,1.7174,1.7174,906200.0,628670.0,330851.2016,36936712.0,25624589.2,44.31,36.25,1.216
601601,中国太保,保险,上海,20071225,601601.SH,20180315,38.67,40.3,38.67,40.28,38.98,1.3,3.34,228271.93,910352.515,0.3631,0.69,1.49,30.2743,25.789,2.6889,1.367,1.1673,1.7378,1.7378,906200.0,628670.0,330851.2016,36501736.0,25322827.6,42.88,35.08,1.216
601601,中国太保,保险,上海,20071225,601601.SH,20180314,38.51,39.2,38.5,38.98,38.82,0.16,0.41,131566.12,511565.143,0.2093,0.3977,0.81,29.2972,24.9567,2.6021,1.3229,1.1296,1.7958,1.7958,906200.0,628670.0,330851.2016,35323676.0,24505556.6,42.7,34.94,1.216
601601,中国太保,保险,上海,20071225,601601.SH,20180313,39.92,40.24,38.6,38.82,40.0,-1.18,-2.95,181991.82,713699.529,0.2895,0.5501,1.11,29.177,24.8542,2.5914,1.3175,1.125,1.8032,1.8032,906200.0,628670.0,330851.2016,35178684.0,24404969.4,44.0,36.0,1.216
601601,中国太保,保险,上海,20071225,601601.SH,20180312,40.8,40.99,39.78,40.0,40.29,-0.29,-0.72,181961.18,733639.026,0.2894,0.55,1.13,30.0639,25.6097,2.6702,1.3575,1.1592,1.75,1.75,906200.0,628670.0,330851.2016,36248000.0,25146800.0,44.32,36.26,1.216
601601,中国太保,保险,上海,20071225,601601.SH,20180309,40.13,40.75,39.82,40.29,40.07,0.22,0.55,116193.99,468167.246,0.1848,0.3512,0.64,30.2818,25.7954,2.6895,1.3674,1.1676,1.7374,1.7374,906200.0,628670.0,330851.2016,36510798.0,25329114.3,44.08,36.06,1.216
601601,中国太保,保险,上海,20071225,601601.SH,20180308,39.31,40.46,39.3,40.07,39.44,0.63,1.6,154083.64,616570.047,0.2451,0.4657,0.83,30.1165,25.6545,2.6749,1.3599,1.1612,1.7469,1.7469,906200.0,628670.0,330851.2016,36311434.0,25190806.9,43.38,35.5,1.216
601601,中国太保,保险,上海,20071225,601601.SH,20180307,40.31,40.79,39.13,39.44,40.39,-0.95,-2.35,182001.92,727205.204,0.2895,0.5501,1.0,29.643,25.2512,2.6328,1.3385,1.143,1.7748,1.7748,906200.0,628670.0,330851.2016,35740528.0,24794744.8,44.43,36.35,1.216
601601,中国太保,保险,上海,20071225,601601.SH,20180306,39.35,40.42,38.66,40.39,39.02,1.37,3.51,182538.29,723746.032,0.2904,0.5517,1.01,30.357,25.8594,2.6962,1.3708,1.1705,1.7331,1.7331,906200.0,628670.0,330851.2016,36601418.0,25391981.3,42.92,35.12,1.216
601601,中国太保,保险,上海,20071225,601601.SH,20180305,39.0,39.45,38.23,39.02,38.9,0.12,0.31,169108.88,656381.392,0.269,0.5111,0.89,29.3273,24.9823,2.6048,1.3243,1.1308,1.794,1.794,906200.0,628670.0,330851.2016,35359924.0,24530703.4,42.79,35.01,1.216
601601,中国太保,保险,上海,20071225,601601.SH,20180302,39.5,39.85,38.65,38.9,40.18,-1.28,-3.19,217806.66,850620.174,0.3465,0.6583,1.22,29.2371,24.9055,2.5968,1.3202,1.1273,1.7995,1.7995,906200.0,628670.0,330851.2016,35251180.0,24455263.0,44.2,36.16,1.216
601601,中国太保,保险,上海,20071225,601601.SH,20180301,39.76,40.88,39.59,40.18,40.03,0.15,0.37,171648.32,693166.635,0.273,0.5188,0.99,30.1992,25.725,2.6822,1.3636,1.1644,1.7422,1.7422,906200.0,628670.0,330851.2016,36411116.0,25259960.6,44.03,36.03,1.216
601601,中国太保,保险,上海,20071225,601601.SH,20180228,41.0,41.3,39.98,40.03,41.8,-1.77,-4.23,169353.86,684442.901,0.2694,0.5119,1.01,30.0864,25.6289,2.6722,1.3585,1.1601,1.7487,1.7487,906200.0,628670.0,330851.2016,36275186.0,25165660.1,45.98,37.62,1.216
601601,中国太保,保险,上海,20071225,601601.SH,20180227,42.6,42.7,41.38,41.8,42.51,-0.71,-1.67,173305.82,723353.791,0.2757,0.5238,0.89,31.4167,26.7622,2.7903,1.4186,1.2114,1.6746,1.6746,906200.0,628670.0,330851.2016,37879160.0,26278406.0,46.76,38.26,1.216
601601,中国太保,保险,上海,20071225,601601.SH,20180226,41.7,42.59,41.07,42.51,41.47,1.04,2.51,215179.75,904175.77,0.3423,0.6504,1.01,31.9504,27.2167,2.8377,1.4427,1.2319,1.6467,1.6467,906200.0,628670.0,330851.2016,38522562.0,26724761.7,45.62,37.32,1.216
601601,中国太保,保险,上海,20071225,601601.SH,20180223,40.89,41.98,40.26,41.47,40.53,0.94,2.32,161398.78,668851.212,0.2567,0.4878,0.54,31.1687,26.5509,2.7683,1.4074,1.2018,1.688,1.688,906200.0,628670.0,330851.2016,37580114.0,26070944.9,44.58,36.48,1.216
601601,中国太保,保险,上海,20071225,601601.SH,20180222,39.4,40.66,39.4,40.53,38.95,1.58,4.06,152013.12,609932.268,0.2418,0.4595,0.44,30.4622,25.9491,2.7056,1.3755,1.1746,1.7271,1.7271,906200.0,628670.0,330851.2016,36728286.0,25479995.1,42.85,35.06,1.216
601601,中国太保,保险,上海,20071225,601601.SH,20180214,38.65,39.45,38.11,38.95,38.61,0.34,0.88,137961.8,535739.784,0.2195,0.417,0.33,29.2747,24.9375,2.6001,1.3219,1.1288,1.7972,1.7972,906200.0,628670.0,330851.2016,35296490.0,24486696.5,42.47,34.75,1.216
601601,中国太保,保险,上海,20071225,601601.SH,20180213,37.5,39.19,37.5,38.61,36.89,1.72,4.66,303956.27,1170248.929,0.4835,0.9187,0.64,29.0191,24.7198,2.5774,1.3104,1.1189,1.813,1.813,906200.0,628670.0,330851.2016,34988382.0,24272948.7,40.58,33.2,1.216
601601,中国太保,保险,上海,20071225,601601.SH,20180212,37.4,37.51,35.84,36.89,37.33,-0.44,-1.18,310928.92,1146458.645,0.4946,0.9398,0.6,27.7264,23.6186,2.4626,1.252,1.0691,1.8975,1.8975,906200.0,628670.0,330851.2016,33429718.0,23191636.3,41.06,33.6,1.216
601601,中国太保,保险,上海,20071225,601601.SH,20180209,39.46,39.78,36.75,37.33,40.83,-3.5,-8.57,594316.24,2226987.642,0.9454,1.7963,1.26,28.0571,23.9003,2.4919,1.2669,1.0818,1.8752,1.8752,906200.0,628670.0,330851.2016,33828446.0,23468251.1,44.91,36.75,1.216
601601,中国太保,保险,上海,20071225,601601.SH,20180208,42.08,42.4,39.64,40.83,42.54,-1.71,-4.02,377501.16,1541856.114,0.6005,1.141,0.8,30.6877,26.1411,2.7256,1.3857,1.1833,1.7144,1.7144,906200.0,628670.0,330851.2016,37000146.0,25668596.1,46.79,38.29,1.216
601601,中国太保,保险,上海,20071225,601601.SH,20180207,43.2,44.22,41.3,42.54,42.85,-0.31,-0.72,492611.97,2112477.628,0.7836,1.4889,1.13,31.9729,27.2359,2.8397,1.4437,1.2328,1.6455,1.6455,906200.0,628670.0,330851.2016,38549748.0,26743621.8,47.14,38.57,1.216
601601,中国太保,保险,上海,20071225,601601.SH,20180206,42.0,43.33,41.72,42.85,43.07,-0.22,-0.51,615120.99,2611785.458,0.9784,1.8592,1.76,32.2059,27.4344,2.8604,1.4543,1.2418,1.6336,1.6336,906200.0,628670.0,330851.2016,38830670.0,26938509.5,47.38,38.76,1.216
601601,中国太保,保险,上海,20071225,601601.SH,20180205,40.52,43.38,40.52,43.07,41.28,1.79,4.34,515481.93,2182834.233,0.82,1.558,1.6,32.3713,27.5753,2.8751,1.4617,1.2482,1.6253,1.6253,906200.0,628670.0,330851.2016,39030034.0,27076816.9,45.41,37.15,1.216
601601,中国太保,保险,上海,20071225,601601.SH,20180202,39.7,41.59,39.6,41.28,40.04,1.24,3.1,360695.0,1468572.461,0.5737,1.0902,1.09,31.0259,26.4292,2.7556,1.401,1.1963,1.6957,1.6957,906200.0,628670.0,330851.2016,37407936.0,25951497.6,44.04,36.04,1.216
601601,中国太保,保险,上海,20071225,601601.SH,20180201,39.4,40.25,38.88,40.04,39.53,0.51,1.29,363310.04,1438485.526,0.5779,1.0981,1.03,30.0939,25.6353,2.6729,1.3589,1.1604,1.7483,1.7483,906200.0,628670.0,330851.2016,36284248.0,25171946.8,43.48,35.58,1.216
601601,中国太保,保险,上海,20071225,601601.SH,20180131,38.0,39.58,37.92,39.53,38.24,1.29,3.37,318854.83,1244766.079,0.5072,0.9637,0.84,29.7106,25.3088,2.6388,1.3416,1.1456,1.7708,1.7708,906200.0,628670.0,330851.2016,35822086.0,24851325.1,42.06,34.42,1.216
601601,中国太保,保险,上海,20071225,601601.SH,20180130,38.17,38.81,38.03,38.24,38.44,-0.2,-0.52,192164.06,738414.712,0.3057,0.5808,0.44,28.7411,24.4829,2.5527,1.2978,1.1082,1.8305,1.8305,906200.0,628670.0,330851.2016,34653088.0,24040340.8,42.28,34.6,1.216
601601,中国太保,保险,上海,20071225,601601.SH,20180129,39.92,40.35,38.39,38.44,39.88,-1.44,-3.61,375139.49,1469338.05,0.5967,1.1339,0.86,28.8914,24.6109,2.566,1.3046,1.114,1.821,1.821,906200.0,628670.0,330851.2016,34834328.0,24166074.8,43.87,35.89,1.216
601601,中国太保,保险,上海,20071225,601601.SH,20180126,39.15,40.42,38.88,39.88,39.25,0.63,1.61,412374.68,1632868.756,0.6559,1.2464,0.98,29.9737,25.5329,2.6622,1.3535,1.1557,1.7553,1.7553,906200.0,628670.0,330851.2016,36139256.0,25071359.6,43.18,35.33,1.216
601601,中国太保,保险,上海,20071225,601601.SH,20180125,39.7,39.7,38.4,39.25,39.77,-0.52,-1.31,462369.25,1796703.19,0.7355,1.3975,1.11,29.5002,25.1295,2.6201,1.3321,1.1375,1.7834,1.7834,906200.0,628670.0,330851.2016,35568350.0,24675297.5,43.75,35.79,1.216
601601,中国太保,保险,上海,20071225,601601.SH,20180124,41.3,41.69,39.48,39.77,40.97,-1.2,-2.93,456419.87,1840926.503,0.726,1.3795,1.13,29.891,25.4625,2.6548,1.3497,1.1525,1.7601,1.7601,906200.0,628670.0,330851.2016,36039574.0,25002205.9,45.07,36.87,1.216
601601,中国太保,保险,上海,20071225,601601.SH,20180123,41.85,42.25,40.89,40.97,41.2,-0.23,-0.56,491722.16,2040923.571,0.7822,1.4862,1.24,30.7929,26.2308,2.7349,1.3905,1.1873,1.7086,1.7086,906200.0,628670.0,330851.2016,37127014.0,25756609.9,45.32,37.08,1.216
601601,中国太保,保险,上海,20071225,601601.SH,20180122,41.16,42.0,40.91,41.2,41.04,0.16,0.39,364320.96,1506435.739,0.5795,1.1012,0.78,30.9658,26.378,2.7503,1.3983,1.194,1.699,1.699,906200.0,628670.0,330851.2016,37335440.0,25901204.0,45.14,36.94,1.216
601601,中国太保,保险,上海,20071225,601601.SH,20180119,41.51,41.79,40.77,41.04,41.23,-0.19,-0.46,322608.75,1330720.882,0.5132,0.9751,0.67,30.8455,26.2756,2.7396,1.3928,1.1893,1.7057,1.7057,906200.0,628670.0,330851.2016,37190448.0,25800616.8,45.35,37.11,1.216
601601,中国太保,保险,上海,20071225,601601.SH,20180118,42.03,42.87,40.9,41.23,41.53,-0.3,-0.72,449052.49,1880041.891,0.7143,1.3573,0.98,30.9883,26.3972,2.7523,1.3993,1.1948,1.6978,1.6978,906200.0,628670.0,330851.2016,37362626.0,25920064.1,45.68,37.38,1.216
601601,中国太保,保险,上海,20071225,601601.SH,20180117,41.53,42.7,41.09,41.53,41.65,-0.12,-0.29,397299.94,1665215.929,0.632,1.2008,0.88,31.2138,26.5893,2.7723,1.4095,1.2035,1.6855,1.6855,906200.0,628670.0,330851.2016,37634486.0,26108665.1,45.82,37.49,1.216
601601,中国太保,保险,上海,20071225,601601.SH,20180116,42.34,42.45,41.31,41.65,42.45,-0.8,-1.88,453278.79,1898896.226,0.721,1.37,1.02,31.304,26.6661,2.7803,1.4135,1.207,1.6807,1.6807,906200.0,628670.0,330851.2016,37743230.0,26184105.5,46.7,38.21,1.216
601601,中国太保,保险,上海,20071225,601601.SH,20180115,40.5,42.54,40.5,42.45,40.34,2.11,5.23,699731.65,2927674.883,1.113,2.1149,1.71,31.9053,27.1783,2.8337,1.4407,1.2302,1.649,1.649,906200.0,628670.0,330851.2016,38468190.0,26687041.5,44.37,36.31,1.216
601601,中国太保,保险,上海,20071225,601601.SH,20180112,39.2,40.44,39.04,40.34,39.12,1.22,3.12,422731.47,1682590.197,0.6724,1.2777,1.09,30.3194,25.8274,2.6929,1.3691,1.1691,1.7353,1.7353,906200.0,628670.0,330851.2016,36556108.0,25360547.8,43.03,35.21,1.216
601601,中国太保,保险,上海,20071225,601601.SH,20180111,38.61,39.4,38.46,39.12,38.74,0.38,0.98,328072.3,1281803.809,0.5219,0.9916,0.75,29.4025,25.0463,2.6114,1.3277,1.1337,1.7894,1.7894,906200.0,628670.0,330851.2016,35450544.0,24593570.4,42.61,34.87,1.216
601601,中国太保,保险,上海,20071225,601601.SH,20180110,38.7,39.14,38.3,38.74,38.93,-0.19,-0.49,357736.83,1381592.664,0.569,1.0813,0.8,29.1169,24.803,2.5861,1.3148,1.1227,1.8069,1.8069,906200.0,628670.0,330851.2016,35106188.0,24354675.8,42.82,35.04,1.216
601601,中国太保,保险,上海,20071225,601601.SH,20180109,39.0,39.49,38.68,38.93,38.85,0.08,0.21,414088.97,1619053.867,0.6587,1.2516,0.97,29.2597,24.9247,2.5988,1.3212,1.1282,1.7981,1.7981,906200.0,628670.0,330851.2016,35278366.0,24474123.1,42.74,34.97,1.216
601601,中国太保,保险,上海,20071225,601601.SH,20180108,39.65,39.78,38.17,38.85,39.52,-0.67,-1.7,524887.53,2031631.451,0.8349,1.5865,1.47,29.1995,24.8734,2.5934,1.3185,1.1259,1.8018,1.8018,906200.0,628670.0,330851.2016,35205870.0,24423829.5,43.47,35.57,1.216
601601,中国太保,保险,上海,20071225,601601.SH,20180105,40.08,40.25,39.44,39.52,39.78,-0.26,-0.65,313472.54,1246952.699,0.4986,0.9475,0.91,29.7031,25.3024,2.6381,1.3412,1.1453,1.7713,1.7713,906200.0,628670.0,330851.2016,35813024.0,24845038.4,43.76,35.8,1.216
601601,中国太保,保险,上海,20071225,601601.SH,20180104,40.73,40.97,39.52,39.78,40.66,-0.88,-2.16,574725.6,2300686.906,0.9142,1.7371,2.05,29.8985,25.4689,2.6555,1.3501,1.1528,1.7597,1.7597,906200.0,628670.0,330851.2016,36048636.0,25008492.6,44.73,36.59,1.216
601601,中国太保,保险,上海,20071225,601601.SH,20180103,42.02,42.55,40.43,40.66,41.91,-1.25,-2.98,416359.15,1723716.374,0.6623,1.2584,1.74,30.5599,26.0323,2.7142,1.3799,1.1783,1.7216,1.7216,906200.0,628670.0,330851.2016,36846092.0,25561722.2,46.1,37.72,1.216
601601,中国太保,保险,上海,20071225,601601.SH,20180102,41.58,42.65,41.15,41.91,41.42,0.49,1.18,305573.39,1282868.566,0.4861,0.9236,1.35,31.4994,26.8326,2.7977,1.4224,1.2146,1.6702,1.6702,906200.0,628670.0,330851.2016,37978842.0,26347559.7,45.56,37.28,1.216
601601,中国太保,保险,上海,20071225,601601.SH,20171229,42.28,42.48,41.2,41.42,42.42,-1.0,-2.36,176106.2,733769.982,0.2801,0.5323,0.81,31.1311,26.5189,2.765,1.4057,1.2004,2.4143,1.69,906200.0,628670.0,330851.2016,37534804.0,26039511.4,46.66,38.18,1.216
601601,中国太保,保险,上海,20071225,601601.SH,20171228,42.15,42.53,41.09,42.42,42.26,0.16,0.38,241113.85,1009678.536,0.3835,0.7288,1.12,31.8827,27.1591,2.8317,1.4397,1.2293,2.3574,1.6502,906200.0,628670.0,330851.2016,38441004.0,26668181.4,46.49,38.03,1.216
601601,中国太保,保险,上海,20071225,601601.SH,20171227,43.41,43.5,41.96,42.26,43.83,-1.57,-3.58,261746.23,1114387.305,0.4163,0.7911,1.34,31.7625,27.0567,2.821,1.4342,1.2247,2.3663,1.6564,906200.0,628670.0,330851.2016,38296012.0,26567594.2,48.21,39.45,1.216
601601,中国太保,保险,上海,20071225,601601.SH,20171226,43.2,43.99,42.6,43.83,43.17,0.66,1.53,212011.5,918765.233,0.3372,0.6408,0.97,32.9425,28.0619,2.9259,1.4875,1.2702,2.2815,1.5971,906200.0,628670.0,330851.2016,39718746.0,27554606.1,47.49,38.85,1.216
601601,中国太保,保险,上海,20071225,601601.SH,20171225,43.7,44.86,42.76,43.17,43.88,-0.71,-1.62,237010.73,1034869.262,0.377,0.7164,1.1,32.4464,27.6393,2.8818,1.4651,1.2511,2.3164,1.6215,906200.0,628670.0,330851.2016,39120654.0,27139683.9,48.27,39.49,1.216
601601,中国太保,保险,上海,20071225,601601.SH,20171222,44.0,44.45,43.5,43.88,44.09,-0.21,-0.48,133054.29,583627.936,0.2116,0.4022,0.61,32.9801,28.0939,2.9292,1.4892,1.2716,2.2789,1.5953,906200.0,628670.0,330851.2016,39764056.0,27586039.6,48.5,39.68,1.216
601601,中国太保,保险,上海,20071225,601601.SH,20171221,43.34,45.01,42.75,44.09,43.58,0.51,1.17,234859.39,1029920.909,0.3736,0.7099,1.16,33.1379,28.2283,2.9432,1.4963,1.2777,2.2681,1.5877,906200.0,628670.0,330851.2016,39954358.0,27718060.3,47.94,39.22,1.216
601601,中国太保,保险,上海,20071225,601601.SH,20171220,43.18,43.88,42.81,43.58,43.19,0.39,0.9,157443.54,684107.085,0.2504,0.4759,0.72,32.7546,27.9018,2.9092,1.479,1.263,2.2946,1.6062,906200.0,628670.0,330851.2016,39492196.0,27397438.6,47.51,38.87,1.216
601601,中国太保,保险,上海,20071225,601601.SH,20171219,41.4,43.68,41.3,43.19,41.47,1.72,4.15,329254.5,1413144.415,0.5237,0.9952,1.59,32.4615,27.6521,2.8831,1.4658,1.2516,2.3154,1.6207,906200.0,628670.0,330851.2016,39138778.0,27152257.3,45.62,37.32,1.216
601601,中国太保,保险,上海,20071225,601601.SH,20171218,41.51,41.99,40.61,41.47,41.51,-0.04,-0.1,221090.19,912612.157,0.3517,0.6682,1.03,31.1687,26.5509,2.7683,1.4074,1.2018,2.4114,1.688,906200.0,628670.0,330851.2016,37580114.0,26070944.9,45.66,37.36,1.216
601601,中国太保,保险,上海,20071225,601601.SH,20171215,41.39,41.95,41.3,41.51,41.66,-0.15,-0.36,155137.04,646315.743,0.2468,0.4689,0.67,31.1988,26.5765,2.771,1.4088,1.203,2.4091,1.6863,906200.0,628670.0,330851.2016,37616362.0,26096091.7,45.83,37.49,1.216
601601,中国太保,保险,上海,20071225,601601.SH,20171214,42.0,42.12,41.35,41.66,42.21,-0.55,-1.3,151000.82,629015.946,0.2402,0.4564,0.65,31.3115,26.6725,2.781,1.4139,1.2073,2.4004,1.6803,906200.0,628670.0,330851.2016,37752292.0,26190392.2,46.43,37.99,1.216
601601,中国太保,保险,上海,20071225,601601.SH,20171213,42.02,42.55,40.82,42.21,42.06,0.15,0.36,233816.25,975049.786,0.3719,0.7067,1.0,31.7249,27.0247,2.8177,1.4325,1.2232,2.3691,1.6584,906200.0,628670.0,330851.2016,38250702.0,26536160.7,46.27,37.85,1.216
601601,中国太保,保险,上海,20071225,601601.SH,20171212,43.6,43.75,41.92,42.06,43.88,-1.82,-4.15,275794.29,1176007.406,0.4387,0.8336,1.12,31.6122,26.9286,2.8077,1.4274,1.2189,2.3776,1.6643,906200.0,628670.0,330851.2016,38114772.0,26441860.2,48.27,39.49,1.216
601601,中国太保,保险,上海,20071225,601601.SH,20171211,42.72,43.9,42.33,43.88,42.92,0.96,2.24,257016.09,1112908.724,0.4088,0.7768,0.98,32.9801,28.0939,2.9292,1.4892,1.2716,2.2789,1.5953,906200.0,628670.0,330851.2016,39764056.0,27586039.6,47.21,38.63,1.216
601601,中国太保,保险,上海,20071225,601601.SH,20171208,42.09,43.25,41.3,42.92,42.1,0.82,1.95,231602.47,979607.935,0.3684,0.7,0.86,32.2585,27.4792,2.8651,1.4566,1.2438,2.3299,1.6309,906200.0,628670.0,330851.2016,38894104.0,26982516.4,46.31,37.89,1.216
601601,中国太保,保险,上海,20071225,601601.SH,20171207,42.4,42.75,41.41,42.1,42.7,-0.6,-1.41,161801.84,676803.981,0.2574,0.489,0.54,31.6422,26.9542,2.8104,1.4288,1.2201,2.3753,1.6627,906200.0,628670.0,330851.2016,38151020.0,26467007.0,46.97,38.43,1.216
601601,中国太保,保险,上海,20071225,601601.SH,20171206,43.43,43.46,41.5,42.7,43.64,-0.94,-2.15,244790.7,1043517.497,0.3894,0.7399,0.82,32.0932,27.3384,2.8504,1.4492,1.2374,2.3419,1.6393,906200.0,628670.0,330851.2016,38694740.0,26844209.0,48.0,39.28,1.216
601601,中国太保,保险,上海,20071225,601601.SH,20171205,42.1,44.0,42.01,43.64,42.46,1.18,2.78,336408.12,1449862.284,0.5351,1.0168,1.27,32.7997,27.9402,2.9132,1.4811,1.2647,2.2915,1.604,906200.0,628670.0,330851.2016,39546568.0,27435158.8,46.71,38.21,1.216
601601,中国太保,保险,上海,20071225,601601.SH,20171204,40.85,43.12,40.75,42.46,40.86,1.6,3.92,334652.99,1408968.74,0.5323,1.0115,1.28,31.9128,27.1847,2.8344,1.441,1.2305,2.3552,1.6486,906200.0,628670.0,330851.2016,38477252.0,26693328.2,44.95,36.77,1.216
601601,中国太保,保险,上海,20071225,601601.SH,20171201,41.52,41.94,40.69,40.86,41.74,-0.88,-2.11,271945.74,1120336.323,0.4326,0.822,0.97,30.7102,26.1603,2.7276,1.3867,1.1841,2.4474,1.7132,906200.0,628670.0,330851.2016,37027332.0,25687456.2,45.91,37.57,1.216
601601,中国太保,保险,上海,20071225,601601.SH,20171130,42.62,42.65,40.72,41.74,42.78,-1.04,-2.43,312306.88,1296122.728,0.4968,0.9439,1.1,31.3716,26.7237,2.7863,1.4166,1.2096,2.3958,1.677,906200.0,628670.0,330851.2016,37824788.0,26240685.8,47.06,38.5,1.216
601601,中国太保,保险,上海,20071225,601601.SH,20171129,44.29,44.75,42.25,42.78,44.09,-1.31,-2.97,240979.6,1039461.372,0.3833,0.7284,0.82,32.1533,27.3896,2.8558,1.4519,1.2398,2.3375,1.6363,906200.0,628670.0,330851.2016,38767236.0,26894502.6,48.5,39.68,1.216
601601,中国太保,保险,上海,20071225,601601.SH,20171128,44.56,45.0,43.7,44.09,44.86,-0.77,-1.72,167116.36,738341.067,0.2658,0.5051,0.51,33.1379,28.2283,2.9432,1.4963,1.2777,2.2681,1.5877,906200.0,628670.0,330851.2016,39954358.0,27718060.3,49.35,40.37,1.216
601601,中国太保,保险,上海,20071225,601601.SH,20171127,44.65,44.95,43.24,44.86,44.9,-0.04,-0.09,315217.06,1391592.407,0.5014,0.9527,0.97,33.7166,28.7213,2.9946,1.5225,1.3,2.2292,1.5604,906200.0,628670.0,330851.2016,40652132.0,28202136.2,49.39,40.41,1.216
601601,中国太保,保险,上海,20071225,601601.SH,20171124,44.72,45.47,43.76,44.9,45.11,-0.21,-0.47,368008.69,1641325.251,0.5854,1.1123,1.11,33.7467,28.7469,2.9973,1.5238,1.3012,2.2272,1.559,906200.0,628670.0,330851.2016,40688380.0,28227283.0,49.62,40.6,1.216
601601,中国太保,保险,上海,20071225,601601.SH,20171123,46.66,47.32,44.48,45.11,46.52,-1.41,-3.03,334552.69,1530636.106,0.5322,1.0112,1.03,33.9045,28.8814,3.0113,1.531,1.3073,2.2168,1.5518,906200.0,628670.0,330851.2016,40878682.0,28359303.7,51.17,41.87,1.216
601601,中国太保,保险,上海,20071225,601601.SH,20171122,48.25,48.7,45.81,46.52,47.76,-1.24,-2.6,288025.71,1356541.952,0.4582,0.8706,0.92,34.9643,29.7841,3.1054,1.5788,1.3482,2.1496,1.5047,906200.0,628670.0,330851.2016,42156424.0,29245728.4,52.54,42.98,1.216
601601,中国太保,保险,上海,20071225,601601.SH,20171121,47.5,49.0,46.98,47.76,47.71,0.05,0.1,319254.1,1531707.859,0.5078,0.9649,1.03,35.8963,30.578,3.1882,1.6209,1.3841,2.0938,1.4657,906200.0,628670.0,330851.2016,43280112.0,30025279.2,52.48,42.94,1.216
601601,中国太保,保险,上海,20071225,601601.SH,20171120,47.13,49.12,46.81,47.71,47.74,-0.03,-0.06,317861.99,1513738.146,0.5056,0.9607,1.07,35.8587,30.546,3.1849,1.6192,1.3826,2.096,1.4672,906200.0,628670.0,330851.2016,43234802.0,29993845.7,52.51,42.97,1.216
601601,中国太保,保险,上海,20071225,601601.SH,20171117,46.08,47.8,45.8,47.74,46.06,1.68,3.65,391396.54,1833316.022,0.6226,1.183,1.3,35.8812,30.5652,3.1869,1.6202,1.3835,2.0947,1.4663,906200.0,628670.0,330851.2016,43261988.0,30012705.8,50.67,41.45,1.216
601601,中国太保,保险,上海,20071225,601601.SH,20171116,43.4,46.63,43.31,46.06,43.63,2.43,5.57,313901.41,1423520.334,0.4993,0.9488,1.14,34.6185,29.4896,3.0747,1.5632,1.3348,2.1711,1.5198,906200.0,628670.0,330851.2016,41739572.0,28956540.2,47.99,39.27,1.216
601601,中国太保,保险,上海,20071225,601601.SH,20171115,43.49,44.6,43.07,43.63,43.85,-0.22,-0.5,220503.1,960892.459,0.3507,0.6665,0.76,32.7922,27.9338,2.9125,1.4807,1.2644,2.292,1.6044,906200.0,628670.0,330851.2016,39537506.0,27428872.1,48.24,39.47,1.216
601601,中国太保,保险,上海,20071225,601601.SH,20171114,44.53,45.1,43.15,43.85,44.24,-0.39,-0.88,303048.63,1334828.784,0.482,0.916,1.07,32.9575,28.0747,2.9272,1.4882,1.2708,2.2805,1.5964,906200.0,628670.0,330851.2016,39736870.0,27567179.5,48.66,39.82,1.216
601601,中国太保,保险,上海,20071225,601601.SH,20171113,44.6,45.75,43.72,44.24,44.41,-0.17,-0.38,254375.14,1137271.64,0.4046,0.7689,0.92,33.2506,28.3244,2.9532,1.5014,1.2821,2.2604,1.5823,906200.0,628670.0,330851.2016,40090288.0,27812360.8,48.85,39.97,1.216
601601,中国太保,保险,上海,20071225,601601.SH,20171110,42.49,45.15,42.13,44.41,42.51,1.9,4.47,407945.75,1789461.832,0.6489,1.233,1.82,33.3784,28.4332,2.9646,1.5072,1.287,2.2517,1.5762,906200.0,628670.0,330851.2016,40244342.0,27919234.7,46.76,38.26,1.216
601601,中国太保,保险,上海,20071225,601601.SH,20171109,42.21,42.63,41.8,42.51,42.39,0.12,0.28,190433.11,801363.902,0.3029,0.5756,0.85,31.9504,27.2167,2.8377,1.4427,1.2319,2.3524,1.6467,906200.0,628670.0,330851.2016,38522562.0,26724761.7,46.63,38.15,1.216
601601,中国太保,保险,上海,20071225,601601.SH,20171108,43.44,44.0,41.8,42.39,43.69,-1.3,-2.98,296887.46,1269684.44,0.4722,0.8973,1.38,31.8602,27.1399,2.8297,1.4386,1.2285,2.359,1.6513,906200.0,628670.0,330851.2016,38413818.0,26649321.3,48.06,39.32,1.216
601601,中国太保,保险,上海,20071225,601601.SH,20171107,42.35,44.1,42.14,43.69,42.32,1.37,3.24,260404.07,1132104.776,0.4142,0.7871,1.33,32.8373,27.9722,2.9165,1.4828,1.2661,2.2889,1.6022,906200.0,628670.0,330851.2016,39591878.0,27466592.3,46.55,38.09,1.216
601601,中国太保,保险,上海,20071225,601601.SH,20171106,43.08,43.13,41.51,42.32,43.38,-1.06,-2.44,222674.0,934809.845,0.3542,0.673,1.16,31.8076,27.0951,2.8251,1.4363,1.2264,2.3629,1.6541,906200.0,628670.0,330851.2016,38350384.0,26605314.4,47.72,39.04,1.216
601601,中国太保,保险,上海,20071225,601601.SH,20171103,42.8,43.45,42.4,43.38,43.17,0.21,0.49,151946.75,652161.858,0.2417,0.4593,0.77,32.6043,27.7737,2.8958,1.4722,1.2572,2.3052,1.6136,906200.0,628670.0,330851.2016,39310956.0,27271704.6,47.49,38.85,1.216
601601,中国太保,保险,上海,20071225,601601.SH,20171102,42.9,43.2,41.55,43.17,43.14,0.03,0.07,188706.55,803916.542,0.3002,0.5704,0.95,32.4464,27.6393,2.8818,1.4651,1.2511,2.3164,1.6215,906200.0,628670.0,330851.2016,39120654.0,27139683.9,47.45,38.83,1.216
601601,中国太保,保险,上海,20071225,601601.SH,20171101,42.8,44.15,42.51,43.14,42.78,0.36,0.84,250766.73,1085104.03,0.3989,0.7579,1.5,32.4239,27.6201,2.8798,1.4641,1.2502,2.318,1.6226,906200.0,628670.0,330851.2016,39093468.0,27120823.8,47.06,38.5,1.216
601601,中国太保,保险,上海,20071225,601601.SH,20171031,41.7,42.99,41.38,42.78,42.06,0.72,1.71,165568.27,700713.121,0.2634,0.5004,1.01,32.1533,27.3896,2.8558,1.4519,1.2398,2.3375,1.6363,906200.0,628670.0,330851.2016,38767236.0,26894502.6,46.27,37.85,1.216
601601,中国太保,保险,上海,20071225,601601.SH,20171030,41.78,42.88,41.4,42.06,41.52,0.54,1.3,205887.64,869588.535,0.3275,0.6223,1.43,31.6122,26.9286,2.8077,1.4274,1.2189,2.3776,1.6643,906200.0,628670.0,330851.2016,38114772.0,26441860.2,45.67,37.37,1.216
601601,中国太保,保险,上海,20071225,601601.SH,20171027,40.7,41.8,40.45,41.52,40.55,0.97,2.39,173385.65,716613.575,0.2758,0.5352,1.32,31.2063,30.2845,2.8609,1.4091,1.2547,2.4085,1.6859,906200.0,628670.0,323969.3609,37625424.0,26102378.4,44.61,36.5,1.216
601601,中国太保,保险,上海,20071225,601601.SH,20171026,39.45,41.0,39.39,40.55,39.65,0.9,2.27,200816.59,811674.924,0.3194,0.6199,1.62,30.4772,29.577,2.7941,1.3762,1.2254,2.4661,1.7263,906200.0,628670.0,323969.3609,36746410.0,25492568.5,43.62,35.69,1.216
601601,中国太保,保险,上海,20071225,601601.SH,20171025,39.5,39.92,39.18,39.65,39.56,0.09,0.23,89771.77,355226.54,0.1428,0.2771,0.61,29.8008,28.9205,2.7321,1.3457,1.1982,2.5221,1.7654,906200.0,628670.0,323969.3609,35930830.0,24926765.5,43.52,35.6,1.216
601601,中国太保,保险,上海,20071225,601601.SH,20171024,39.01,40.13,38.8,39.56,39.23,0.33,0.84,147584.87,586388.503,0.2348,0.4556,0.98,29.7332,28.8549,2.7259,1.3426,1.1955,2.5278,1.7695,906200.0,628670.0,323969.3609,35849272.0,24870185.2,43.15,35.31,1.216
601601,中国太保,保险,上海,20071225,601601.SH,20171023,39.2,39.66,38.86,39.23,38.88,0.35,0.9,110724.92,434753.369,0.1761,0.3418,0.61,29.4851,28.6142,2.7032,1.3314,1.1855,2.5491,1.7843,906200.0,628670.0,323969.3609,35550226.0,24662724.1,42.77,34.99,1.216
601601,中国太保,保险,上海,20071225,601601.SH,20171020,39.59,39.59,38.71,38.88,39.89,-1.01,-2.53,106932.12,417556.602,0.1701,0.3301,0.58,29.2221,28.3589,2.679,1.3195,1.175,2.572,1.8004,906200.0,628670.0,323969.3609,35233056.0,24442689.6,43.88,35.9,1.216
601601,中国太保,保险,上海,20071225,601601.SH,20171019,39.5,39.93,39.29,39.89,39.57,0.32,0.81,163958.21,650323.394,0.2608,0.5061,0.9,29.9812,29.0956,2.7486,1.3538,1.2055,2.5069,1.7548,906200.0,628670.0,323969.3609,36148318.0,25077646.3,43.53,35.61,1.216
601601,中国太保,保险,上海,20071225,601601.SH,20171018,38.68,39.79,38.3,39.57,38.75,0.82,2.12,206741.33,809175.28,0.3289,0.6382,1.08,29.7407,28.8621,2.7266,1.3429,1.1958,2.5272,1.769,906200.0,628670.0,323969.3609,35858334.0,24876471.9,42.63,34.88,1.216
601601,中国太保,保险,上海,20071225,601601.SH,20171017,38.48,38.97,38.06,38.75,38.57,0.18,0.47,162940.11,629854.433,0.2592,0.5029,0.69,29.1244,28.264,2.6701,1.3151,1.171,2.5806,1.8065,906200.0,628670.0,323969.3609,35115250.0,24360962.5,42.43,34.71,1.216
601601,中国太保,保险,上海,20071225,601601.SH,20171016,37.0,38.74,36.75,38.57,37.14,1.43,3.85,266777.32,1017910.568,0.4244,0.8235,1.16,28.9891,28.1328,2.6577,1.309,1.1656,2.5927,1.8149,906200.0,628670.0,323969.3609,34952134.0,24247801.9,40.85,33.43,1.216
601601,中国太保,保险,上海,20071225,601601.SH,20171013,37.5,37.75,37.11,37.14,37.35,-0.21,-0.56,124657.9,466302.104,0.1983,0.3848,0.52,27.9143,27.0897,2.5591,1.2605,1.1224,2.6925,1.8848,906200.0,628670.0,323969.3609,33656268.0,23348803.8,41.09,33.62,1.216
601601,中国太保,保险,上海,20071225,601601.SH,20171012,36.55,37.58,36.45,37.35,36.69,0.66,1.8,151533.45,562439.044,0.241,0.4677,0.62,28.0721,27.2429,2.5736,1.2676,1.1287,2.6774,1.8742,906200.0,628670.0,323969.3609,33846570.0,23480824.5,40.36,33.02,1.216
601601,中国太保,保险,上海,20071225,601601.SH,20171011,35.95,36.95,35.77,36.69,35.98,0.71,1.97,255102.92,930423.554,0.4058,0.7874,1.12,27.5761,26.7615,2.5281,1.2452,1.1088,2.7255,1.9079,906200.0,628670.0,323969.3609,33248478.0,23065902.3,39.58,32.38,1.216
601601,中国太保,保险,上海,20071225,601601.SH,20171010,36.77,37.26,35.46,35.98,36.68,-0.7,-1.91,384139.07,1382562.503,0.611,1.1857,2.12,27.0424,26.2436,2.4792,1.2211,1.0873,2.7793,1.9455,906200.0,628670.0,323969.3609,32605076.0,22619546.6,40.35,33.01,1.216
601601,中国太保,保险,上海,20071225,601601.SH,20171009,37.9,37.94,36.58,36.68,36.93,-0.25,-0.68,231363.18,860128.748,0.368,0.7142,1.32,27.5686,26.7542,2.5274,1.2449,1.1085,2.7263,1.9084,906200.0,628670.0,323969.3609,33239416.0,23059615.6,40.62,33.24,1.216
601601,中国太保,保险,上海,20071225,601601.SH,20170929,36.49,37.33,36.4,36.93,36.71,0.22,0.6,187612.82,693467.728,0.2984,0.5791,1.08,27.7565,26.9365,2.5447,1.2533,1.116,2.7078,1.8955,906200.0,628670.0,323969.3609,33465966.0,23216783.1,40.38,33.04,1.216
601601,中国太保,保险,上海,20071225,601601.SH,20170928,36.66,36.77,36.2,36.71,36.6,0.11,0.3,166557.31,606827.439,0.2649,0.5141,0.89,27.5911,26.7761,2.5295,1.2459,1.1094,2.7241,1.9068,906200.0,628670.0,323969.3609,33266602.0,23078475.7,40.26,32.94,1.216
601601,中国太保,保险,上海,20071225,601601.SH,20170927,37.51,37.61,36.53,36.6,37.67,-1.07,-2.84,165898.58,612426.298,0.2639,0.5121,0.87,27.5084,26.6958,2.5219,1.2421,1.1061,2.7322,1.9126,906200.0,628670.0,323969.3609,33166920.0,23009322.0,41.44,33.9,1.216
601601,中国太保,保险,上海,20071225,601601.SH,20170926,37.65,38.02,37.31,37.67,37.89,-0.22,-0.58,153664.3,579162.558,0.2444,0.4743,0.8,28.3126,27.4763,2.5957,1.2785,1.1384,2.6546,1.8582,906200.0,628670.0,323969.3609,34136554.0,23681998.9,41.68,34.1,1.216
601601,中国太保,保险,上海,20071225,601601.SH,20170925,37.0,38.06,36.98,37.89,37.11,0.78,2.1,204443.43,770908.196,0.3252,0.6311,1.04,28.478,27.6368,2.6108,1.2859,1.145,2.6392,1.8475,906200.0,628670.0,323969.3609,34335918.0,23820306.3,40.82,33.4,1.216
601601,中国太保,保险,上海,20071225,601601.SH,20170922,36.59,37.5,36.59,37.11,36.73,0.38,1.03,175079.12,649974.19,0.2785,0.5404,0.9,27.8917,27.0678,2.5571,1.2595,1.1215,2.6947,1.8863,906200.0,628670.0,323969.3609,33629082.0,23329943.7,40.4,33.06,1.216
601601,中国太保,保险,上海,20071225,601601.SH,20170921,36.07,37.08,35.8,36.73,35.96,0.77,2.14,235854.94,863971.139,0.3752,0.728,1.26,27.6061,26.7907,2.5309,1.2466,1.11,2.7226,1.9058,906200.0,628670.0,323969.3609,33284726.0,23091049.1,39.56,32.36,1.216
601601,中国太保,保险,上海,20071225,601601.SH,20170920,36.52,36.59,35.93,35.96,36.63,-0.67,-1.83,186889.07,677674.554,0.2973,0.5769,1.06,27.0274,26.229,2.4778,1.2204,1.0867,2.7809,1.9466,906200.0,628670.0,323969.3609,32586952.0,22606973.2,40.29,32.97,1.216
601601,中国太保,保险,上海,20071225,601601.SH,20170919,36.58,37.28,36.3,36.63,36.37,0.26,0.71,157898.69,578293.852,0.2512,0.4874,0.81,27.531,26.7177,2.524,1.2432,1.107,2.73,1.911,906200.0,628670.0,323969.3609,33194106.0,23028182.1,40.01,32.73,1.216
601601,中国太保,保险,上海,20071225,601601.SH,20170918,36.76,37.3,36.35,36.37,36.73,-0.36,-0.98,223446.82,821676.002,0.3554,0.6897,1.12,27.3356,26.5281,2.5061,1.2343,1.0991,2.7495,1.9247,906200.0,628670.0,323969.3609,32958494.0,22864727.9,40.4,33.06,1.216
601601,中国太保,保险,上海,20071225,601601.SH,20170915,36.78,36.96,36.11,36.73,36.85,-0.12,-0.33,164778.3,602472.331,0.2621,0.5086,0.88,27.6061,26.7907,2.5309,1.2466,1.11,2.7226,1.9058,906200.0,628670.0,323969.3609,33284726.0,23091049.1,40.54,33.17,1.216
601601,中国太保,保险,上海,20071225,601601.SH,20170914,37.88,38.2,36.57,36.85,37.92,-1.07,-2.82,204699.16,760208.316,0.3256,0.6318,1.15,27.6963,26.8782,2.5392,1.2506,1.1136,2.7137,1.8996,906200.0,628670.0,323969.3609,33393470.0,23166489.5,41.71,34.13,1.216
601601,中国太保,保险,上海,20071225,601601.SH,20170913,37.81,38.18,37.37,37.92,38.09,-0.17,-0.45,132694.89,501194.645,0.2111,0.4096,0.7,28.5005,27.6586,2.6129,1.2869,1.146,2.6371,1.846,906200.0,628670.0,323969.3609,34363104.0,23839166.4,41.9,34.28,1.216
601601,中国太保,保险,上海,20071225,601601.SH,20170912,37.26,38.11,36.7,38.09,37.01,1.08,2.92,243871.59,912645.111,0.3879,0.7528,1.24,28.6283,27.7826,2.6246,1.2927,1.1511,2.6254,1.8378,906200.0,628670.0,323969.3609,34517158.0,23946040.3,40.71,33.31,1.216
601601,中国太保,保险,上海,20071225,601601.SH,20170911,38.6,38.6,36.99,37.01,38.32,-1.31,-3.42,251999.12,949847.965,0.4008,0.7778,1.35,27.8166,26.9949,2.5502,1.2561,1.1185,2.702,1.8914,906200.0,628670.0,323969.3609,33538462.0,23267076.7,42.15,34.49,1.216
601601,中国太保,保险,上海,20071225,601601.SH,20170908,38.99,38.99,38.22,38.32,38.69,-0.37,-0.96,106975.49,411499.189,0.1702,0.3302,0.52,28.8012,27.9504,2.6404,1.3005,1.158,2.6096,1.8267,906200.0,628670.0,323969.3609,34725584.0,24090634.4,42.56,34.82,1.216
601601,中国太保,保险,上海,20071225,601601.SH,20170907,38.9,39.25,38.47,38.69,38.84,-0.15,-0.39,155270.88,602421.722,0.247,0.4793,0.72,29.0793,28.2203,2.6659,1.3131,1.1692,2.5846,1.8093,906200.0,628670.0,323969.3609,35060878.0,24323242.3,42.72,34.96,1.216
601601,中国太保,保险,上海,20071225,601601.SH,20170906,39.09,39.46,38.77,38.84,39.65,-0.81,-2.04,193069.24,754417.025,0.3071,0.5959,0.85,29.192,28.3297,2.6763,1.3182,1.1738,2.5747,1.8023,906200.0,628670.0,323969.3609,35196808.0,24417542.8,43.62,35.69,1.216
601601,中国太保,保险,上海,20071225,601601.SH,20170905,38.06,39.86,37.71,39.65,37.88,1.77,4.67,274140.11,1066366.49,0.4361,0.8462,1.35,29.8008,28.9205,2.7321,1.3457,1.1982,2.5221,1.7654,906200.0,628670.0,323969.3609,35930830.0,24926765.5,41.67,34.09,1.216
601601,中国太保,保险,上海,20071225,601601.SH,20170904,38.1,38.12,37.33,37.88,38.26,-0.38,-0.99,200788.38,755750.157,0.3194,0.6198,0.85,28.4705,27.6295,2.6101,1.2856,1.1447,2.6399,1.8479,906200.0,628670.0,323969.3609,34326856.0,23814019.6,42.09,34.43,1.216
601601,中国太保,保险,上海,20071225,601601.SH,20170901,38.5,39.2,37.59,38.26,38.22,0.04,0.1,204659.94,785706.857,0.3255,0.6317,0.85,28.7561,27.9066,2.6363,1.2985,1.1562,2.6137,1.8296,906200.0,628670.0,323969.3609,34671212.0,24052914.2,42.04,34.4,1.216
601601,中国太保,保险,上海,20071225,601601.SH,20170831,38.56,39.46,38.18,38.22,38.3,-0.08,-0.21,204446.19,789650.498,0.3252,0.6311,0.87,28.726,27.8775,2.6336,1.2971,1.155,2.6164,1.8315,906200.0,628670.0,323969.3609,34634964.0,24027767.4,42.13,34.47,1.216
601601,中国太保,保险,上海,20071225,601601.SH,20170830,38.53,39.95,38.05,38.3,38.43,-0.13,-0.34,250972.66,972372.727,0.3992,0.7747,1.15,28.7861,27.9358,2.6391,1.2998,1.1574,2.611,1.8277,906200.0,628670.0,323969.3609,34707460.0,24078061.0,42.27,34.59,1.216
601601,中国太保,保险,上海,20071225,601601.SH,20170829,38.18,38.86,37.7,38.43,38.32,0.11,0.29,151736.0,581603.618,0.2414,0.4684,0.64,28.8839,28.0306,2.648,1.3042,1.1614,2.6021,1.8215,906200.0,628670.0,323969.3609,34825266.0,24159788.1,42.15,34.49,1.216
601601,中国太保,保险,上海,20071225,601601.SH,20170828,37.88,39.2,37.88,38.32,37.21,1.11,2.98,362603.84,1401319.012,0.5768,1.1193,1.97,28.8012,27.9504,2.7472,1.3005,1.158,2.6096,1.8267,906200.0,628670.0,323969.3609,34725584.0,24090634.4,40.93,33.49,1.216
601601,中国太保,保险,上海,20071225,601601.SH,20170825,35.5,37.22,35.23,37.21,35.48,1.73,4.88,238195.35,872964.69,0.3789,0.7199,1.43,27.9669,28.4362,2.6676,1.2628,1.1549,2.6874,1.8812,906200.0,628670.0,330851.2016,33719702.0,23392810.7,39.03,31.93,1.216
601601,中国太保,保险,上海,20071225,601601.SH,20170824,35.2,36.0,35.1,35.48,35.12,0.36,1.03,172074.46,613534.104,0.2737,0.5201,1.11,26.6666,27.1142,2.5436,1.2041,1.1012,2.8185,1.9729,906200.0,628670.0,330851.2016,32151976.0,22305211.6,38.63,31.61,1.216
601601,中国太保,保险,上海,20071225,601601.SH,20170823,34.92,35.43,34.77,35.12,34.87,0.25,0.72,165469.24,579739.248,0.2632,0.5001,1.19,26.3961,26.839,2.5177,1.1919,1.09,2.8474,1.9932,906200.0,628670.0,330851.2016,31825744.0,22078890.4,38.36,31.38,1.216
601601,中国太保,保险,上海,20071225,601601.SH,20170822,33.67,34.89,33.6,34.87,33.63,1.24,3.69,252794.05,866972.228,0.4021,0.7641,2.12,26.2082,26.648,2.4998,1.1834,1.0823,2.8678,2.0075,906200.0,628670.0,330851.2016,31599194.0,21921722.9,36.99,30.27,1.216
601601,中国太保,保险,上海,20071225,601601.SH,20170821,33.81,34.0,33.56,33.63,33.76,-0.13,-0.39,93857.85,316942.777,0.1493,0.2837,0.75,25.2762,25.7004,2.4109,1.1413,1.0438,2.9735,2.0815,906200.0,628670.0,330851.2016,30475506.0,21142172.1,37.14,30.38,1.216
601601,中国太保,保险,上海,20071225,601601.SH,20170818,33.65,34.19,33.38,33.76,33.65,0.11,0.33,151143.65,511200.439,0.2404,0.4568,1.08,25.3739,25.7997,2.4202,1.1458,1.0478,2.9621,2.0735,906200.0,628670.0,330851.2016,30593312.0,21223899.2,37.02,30.29,1.216
601601,中国太保,保险,上海,20071225,601601.SH,20170817,34.41,34.49,33.55,33.65,34.29,-0.64,-1.87,113618.68,383847.074,0.1807,0.3434,0.72,25.2912,25.7157,2.4124,1.142,1.0444,2.9718,2.0802,906200.0,628670.0,330851.2016,30493630.0,21154745.5,37.72,30.86,1.216
601601,中国太保,保险,上海,20071225,601601.SH,20170816,34.1,34.39,33.76,34.29,34.4,-0.11,-0.32,85910.37,292493.304,0.1367,0.2597,0.53,25.7722,26.2048,2.4582,1.1637,1.0643,2.9163,2.0414,906200.0,628670.0,330851.2016,31073598.0,21557094.3,37.84,30.96,1.216
601601,中国太保,保险,上海,20071225,601601.SH,20170815,34.05,35.32,34.05,34.4,34.03,0.37,1.09,151259.74,525219.823,0.2406,0.4572,0.96,25.8549,26.2888,2.4661,1.1675,1.0677,2.907,2.0349,906200.0,628670.0,330851.2016,31173280.0,21626248.0,37.43,30.63,1.216
601601,中国太保,保险,上海,20071225,601601.SH,20170814,33.79,34.55,33.53,34.03,33.99,0.04,0.12,127413.96,434133.964,0.2027,0.3851,0.78,25.5768,26.0061,2.4396,1.1549,1.0562,2.9386,2.057,906200.0,628670.0,330851.2016,30837986.0,21393640.1,37.39,30.59,1.216
601601,中国太保,保险,上海,20071225,601601.SH,20170811,33.67,34.17,33.05,33.99,34.12,-0.13,-0.38,222808.09,750872.311,0.3544,0.6734,1.49,25.5468,25.9755,2.4367,1.1536,1.055,2.942,2.0594,906200.0,628670.0,330851.2016,30801738.0,21368493.3,37.53,30.71,1.216
601601,中国太保,保险,上海,20071225,601601.SH,20170810,34.36,34.53,33.26,34.12,34.36,-0.24,-0.7,204863.55,696200.924,0.3259,0.6192,1.51,25.6445,26.0748,2.4461,1.158,1.059,2.9308,4.9824,906200.0,628670.0,330851.2016,30919544.0,21450220.4,37.8,30.92,1.216
601601,中国太保,保险,上海,20071225,601601.SH,20170809,34.44,34.93,34.1,34.36,34.68,-0.32,-0.92,97451.29,336746.45,0.155,0.2945,0.59,25.8249,26.2582,2.4633,1.1661,1.0664,2.9104,4.9476,906200.0,628670.0,330851.2016,31137032.0,21601101.2,38.15,31.21,1.216
601601,中国太保,保险,上海,20071225,601601.SH,20170808,34.77,35.08,34.09,34.68,34.79,-0.11,-0.32,137099.48,473528.961,0.2181,0.4144,0.66,26.0654,26.5028,2.4862,1.177,1.0764,2.8835,4.902,906200.0,628670.0,330851.2016,31427016.0,21802275.6,38.27,31.31,1.216
601601,中国太保,保险,上海,20071225,601601.SH,20170807,34.21,35.26,34.0,34.79,34.16,0.63,1.84,155474.72,542991.945,0.2473,0.4699,0.7,26.148,26.5869,2.4941,1.1807,1.0798,2.8744,4.8865,906200.0,628670.0,330851.2016,31526698.0,21871429.3,37.58,30.74,1.216
601601,中国太保,保险,上海,20071225,601601.SH,20170804,34.5,35.12,33.9,34.16,34.52,-0.36,-1.04,152086.01,526387.01,0.2419,0.4597,0.69,25.6745,26.1054,2.4489,1.1593,1.0602,2.9274,4.9766,906200.0,628670.0,330851.2016,30955792.0,21475367.2,37.97,31.07,1.216
601601,中国太保,保险,上海,20071225,601601.SH,20170803,35.2,35.7,34.51,34.52,35.46,-0.94,-2.65,135542.67,473398.911,0.2156,0.4097,0.57,25.9451,26.3805,2.4747,1.1715,1.0714,2.8969,4.9247,906200.0,628670.0,330851.2016,31282024.0,21701688.4,39.01,31.91,1.216
601601,中国太保,保险,上海,20071225,601601.SH,20170802,35.35,35.9,34.59,35.46,35.09,0.37,1.05,248201.92,876767.417,0.3948,0.7502,1.02,26.6516,27.0989,2.5421,1.2035,1.1006,2.8201,4.7941,906200.0,628670.0,330851.2016,32133852.0,22292638.2,38.6,31.58,1.216
601601,中国太保,保险,上海,20071225,601601.SH,20170801,34.41,35.8,34.19,35.79,34.17,1.62,4.74,346677.64,1226243.368,0.5514,1.0478,1.57,26.8996,27.3511,2.4432,1.2147,1.1108,2.7941,2.7941,906200.0,628670.0,330851.2016,32432898.0,22500099.3,37.59,30.75,1.192
601601,中国太保,保险,上海,20071225,601601.SH,20170731,34.19,34.5,33.77,34.17,34.19,-0.02,-0.06,225653.58,771251.362,0.3589,0.682,1.02,25.6821,26.113,2.3326,1.1597,1.0605,2.9265,2.9265,906200.0,628670.0,330851.2016,30964854.0,21481653.9,37.61,30.77,1.192
601601,中国太保,保险,上海,20071225,601601.SH,20170728,34.13,34.63,33.8,34.19,34.36,-0.17,-0.49,140957.17,482523.225,0.2242,0.426,0.63,25.6971,26.1283,2.334,1.1604,1.0612,2.9248,2.9248,906200.0,628670.0,330851.2016,30982978.0,21494227.3,37.8,30.92,1.192
601601,中国太保,保险,上海,20071225,601601.SH,20170727,34.09,34.43,33.49,34.36,34.36,0.0,0.0,225723.58,766750.656,0.359,0.6823,0.97,25.8249,26.2582,2.3456,1.1661,1.0664,2.9104,2.9104,906200.0,628670.0,330851.2016,31137032.0,21601101.2,37.8,30.92,1.192
601601,中国太保,保险,上海,20071225,601601.SH,20170726,34.5,34.58,33.42,34.36,34.59,-0.23,-0.66,281603.84,955430.641,0.4479,0.8511,1.25,25.8249,26.2582,2.3456,1.1661,1.0664,2.9104,2.9104,906200.0,628670.0,330851.2016,31137032.0,21601101.2,38.05,31.13,1.192
601601,中国太保,保险,上海,20071225,601601.SH,20170725,34.73,35.44,34.39,34.59,34.61,-0.02,-0.06,233007.06,813619.701,0.3706,0.7043,1.09,25.9977,26.434,2.3613,1.1739,1.0736,2.891,2.891,906200.0,628670.0,330851.2016,31345458.0,21745695.3,38.07,31.15,1.192
601601,中国太保,保险,上海,20071225,601601.SH,20170724,34.92,35.45,34.57,34.61,34.79,-0.18,-0.52,226839.39,790650.253,0.3608,0.6856,1.01,26.0128,26.4493,2.3626,1.1746,1.0742,2.8893,2.8893,906200.0,628670.0,330851.2016,31363582.0,21758268.7,38.27,31.31,1.192
601601,中国太保,保险,上海,20071225,601601.SH,20170721,35.14,35.2,34.6,34.79,35.34,-0.55,-1.56,152234.73,531016.884,0.2422,0.4601,0.64,26.148,26.5869,2.3749,1.1807,1.0798,2.8744,2.8744,906200.0,628670.0,330851.2016,31526698.0,21871429.3,38.87,31.81,1.192
601601,中国太保,保险,上海,20071225,601601.SH,20170720,35.35,35.65,34.72,35.34,35.6,-0.26,-0.73,270460.47,949823.789,0.4302,0.8175,1.24,26.5614,27.0072,2.4125,1.1994,1.0969,2.8297,2.8297,906200.0,628670.0,330851.2016,32025108.0,22217197.8,39.16,32.04,1.192
601601,中国太保,保险,上海,20071225,601601.SH,20170719,35.8,36.38,35.15,35.6,35.98,-0.38,-1.06,242490.57,862527.151,0.3857,0.7329,1.14,26.7568,27.2059,2.4302,1.2082,1.1049,2.809,2.809,906200.0,628670.0,330851.2016,32260720.0,22380652.0,39.58,32.38,1.192
601601,中国太保,保险,上海,20071225,601601.SH,20170718,35.7,36.46,35.01,35.98,35.66,0.32,0.9,179146.81,642121.246,0.285,0.5415,0.84,27.0424,27.4963,2.4561,1.2211,1.1167,2.7793,2.7793,906200.0,628670.0,330851.2016,32605076.0,22619546.6,39.23,32.09,1.192
601601,中国太保,保险,上海,20071225,601601.SH,20170717,35.4,36.5,34.8,35.66,35.3,0.36,1.02,278567.27,998515.735,0.4431,0.842,1.54,26.8019,27.2517,2.4343,1.2102,1.1068,2.8043,2.8043,906200.0,628670.0,330851.2016,32315092.0,22418372.2,38.83,31.77,1.192
601601,中国太保,保险,上海,20071225,601601.SH,20170714,35.0,35.33,34.48,35.3,35.14,0.16,0.46,222635.82,777748.907,0.3541,0.6729,1.42,26.5314,26.9766,2.4097,1.198,1.0956,2.8329,2.8329,906200.0,628670.0,330851.2016,31988860.0,22192051.0,38.65,31.63,1.192
601601,中国太保,保险,上海,20071225,601601.SH,20170713,34.58,35.3,34.43,35.14,34.49,0.65,1.88,167461.27,585861.659,0.2664,0.5062,0.93,26.4111,26.8543,2.3988,1.1926,1.0906,2.8458,2.8458,906200.0,628670.0,330851.2016,31843868.0,22091463.8,37.94,31.04,1.192
601601,中国太保,保险,上海,20071225,601601.SH,20170712,35.5,36.15,34.35,34.49,35.55,-1.06,-2.98,217429.32,766322.882,0.3459,0.6572,1.05,25.9226,26.3576,2.3544,1.1705,1.0705,2.8994,2.8994,906200.0,628670.0,330851.2016,31254838.0,21682828.3,39.11,32.0,1.192
601601,中国太保,保险,上海,20071225,601601.SH,20170711,35.04,36.06,35.0,35.55,35.04,0.51,1.46,181964.48,649020.271,0.2894,0.55,0.79,26.7193,27.1677,2.4268,1.2065,1.1034,2.8129,2.8129,906200.0,628670.0,330851.2016,32215410.0,22349218.5,38.54,31.54,1.192
601601,中国太保,保险,上海,20071225,601601.SH,20170710,34.75,35.73,34.52,35.04,34.71,0.33,0.95,112238.54,395099.064,0.1785,0.3392,0.43,26.3359,26.7779,2.392,1.1892,1.0875,2.8539,2.8539,906200.0,628670.0,330851.2016,31753248.0,22028596.8,38.18,31.24,1.192
601601,中国太保,保险,上海,20071225,601601.SH,20170707,34.75,35.33,34.43,34.71,34.86,-0.15,-0.43,103102.79,359847.682,0.164,0.3116,0.38,26.0879,26.5257,2.3694,1.178,1.0773,2.881,2.881,906200.0,628670.0,330851.2016,31454202.0,21821135.7,38.35,31.37,1.192
601601,中国太保,保险,上海,20071225,601601.SH,20170706,34.3,35.55,34.08,34.86,34.47,0.39,1.13,286498.5,999215.825,0.4557,0.8659,1.15,26.2007,26.6404,2.3797,1.1831,1.082,2.8686,2.8686,906200.0,628670.0,330851.2016,31590132.0,21915436.2,37.92,31.02,1.192
601601,中国太保,保险,上海,20071225,601601.SH,20170705,32.78,34.69,32.61,34.47,33.07,1.4,4.23,351666.0,1197155.625,0.5594,1.0629,1.67,25.9075,26.3423,2.3531,1.1699,1.0698,2.9011,2.9011,906200.0,628670.0,330851.2016,31236714.0,21670254.9,36.38,29.76,1.192
601601,中国太保,保险,上海,20071225,601601.SH,20170704,33.1,33.15,32.15,33.07,33.21,-0.14,-0.42,295022.75,962086.839,0.4693,0.8917,1.56,24.8553,25.2724,2.2575,1.1223,1.0264,3.0239,3.0239,906200.0,628670.0,330851.2016,29968034.0,20790116.9,36.53,29.89,1.192
601601,中国太保,保险,上海,20071225,601601.SH,20170703,33.8,33.97,32.71,33.21,33.87,-0.66,-1.95,262974.45,870650.024,0.4183,0.7948,1.27,24.9605,25.3794,2.2671,1.1271,1.0307,3.0111,3.0111,906200.0,628670.0,330851.2016,30094902.0,20878130.7,37.26,30.48,1.192
601601,中国太保,保险,上海,20071225,601601.SH,20170630,33.42,33.99,33.33,33.87,33.75,0.12,0.36,172224.99,580416.464,0.274,0.5206,0.78,25.4566,25.8838,2.3121,1.1495,1.0512,2.9525,2.9525,906200.0,628670.0,330851.2016,30692994.0,21293052.9,37.13,30.38,1.192
601601,中国太保,保险,上海,20071225,601601.SH,20170629,33.42,33.84,32.88,33.75,32.93,0.82,2.49,161079.03,537289.106,0.2562,0.4869,0.62,25.3664,25.7921,2.3039,1.1454,1.0475,2.963,2.963,906200.0,628670.0,330851.2016,30584250.0,21217612.5,36.22,29.64,1.192
601601,中国太保,保险,上海,20071225,601601.SH,20170628,33.51,33.64,32.9,32.93,33.85,-0.92,-2.72,161843.7,538242.493,0.2574,0.4892,0.59,24.7501,25.1654,2.2479,1.1176,1.0221,3.0367,3.0367,906200.0,628670.0,330851.2016,29841166.0,20702103.1,37.24,30.47,1.192
601601,中国太保,保险,上海,20071225,601601.SH,20170627,33.62,33.95,32.87,33.85,33.64,0.21,0.62,187351.73,625020.122,0.298,0.5663,0.66,25.4415,25.8685,2.3107,1.1488,1.0506,2.9542,2.9542,906200.0,628670.0,330851.2016,30674870.0,21280479.5,37.0,30.28,1.192
601601,中国太保,保险,上海,20071225,601601.SH,20170626,33.2,34.36,33.05,33.64,33.25,0.39,1.17,355487.93,1199771.439,0.5655,1.0745,1.39,25.2837,25.708,2.2964,1.1417,1.0441,2.9727,2.9727,906200.0,628670.0,330851.2016,30484568.0,21148458.8,36.58,29.93,1.192
601601,中国太保,保险,上海,20071225,601601.SH,20170623,33.21,33.37,32.7,33.25,33.21,0.04,0.12,232535.83,768631.55,0.3699,0.7028,0.94,24.9906,25.41,2.2698,1.1284,1.032,3.0075,3.0075,906200.0,628670.0,330851.2016,30131150.0,20903277.5,36.53,29.89,1.192
601601,中国太保,保险,上海,20071225,601601.SH,20170622,32.24,33.68,32.2,33.21,32.23,0.98,3.04,364759.52,1213307.741,0.5802,1.1025,1.68,24.9605,25.3794,2.2671,1.1271,1.0307,3.0111,3.0111,906200.0,628670.0,330851.2016,30094902.0,20878130.7,35.45,29.01,1.192
601601,中国太保,保险,上海,20071225,601601.SH,20170621,31.78,32.45,31.36,32.23,31.68,0.55,1.74,222567.28,711738.284,0.354,0.6727,1.0,24.224,24.6305,2.2002,1.0938,1.0003,3.1027,3.1027,906200.0,628670.0,330851.2016,29206826.0,20262034.1,34.85,28.51,1.192
601601,中国太保,保险,上海,20071225,601601.SH,20170620,32.18,32.38,31.22,31.68,32.18,-0.5,-1.55,242791.72,768438.459,0.3862,0.7338,1.15,23.8106,24.2102,2.1626,1.0752,0.9833,3.1566,3.1566,906200.0,628670.0,330851.2016,28708416.0,19916265.6,35.4,28.96,1.192
601601,中国太保,保险,上海,20071225,601601.SH,20170619,31.65,32.58,31.64,32.18,31.64,0.54,1.71,216026.84,696014.314,0.3436,0.6529,0.93,24.1864,24.5923,2.1967,1.0921,0.9988,3.1075,3.1075,906200.0,628670.0,330851.2016,29161516.0,20230600.6,34.8,28.48,1.192
601601,中国太保,保险,上海,20071225,601601.SH,20170616,31.63,32.03,31.5,31.64,31.52,0.12,0.38,191103.52,608191.189,0.304,0.5776,0.69,23.7805,24.1796,2.1599,1.0738,0.982,3.1606,3.1606,906200.0,628670.0,330851.2016,28672168.0,19891118.8,34.67,28.37,1.192
601601,中国太保,保险,上海,20071225,601601.SH,20170615,31.56,32.06,31.24,31.52,31.69,-0.17,-0.54,210152.99,662792.278,0.3343,0.6352,0.71,23.6903,24.0879,2.1517,1.0697,0.9783,3.1726,3.1726,906200.0,628670.0,330851.2016,28563424.0,19815678.4,34.86,28.52,1.192
601601,中国太保,保险,上海,20071225,601601.SH,20170614,32.54,32.78,31.45,31.69,32.8,-1.11,-3.38,249727.37,793067.547,0.3972,0.7548,0.77,23.8181,24.2178,2.1633,1.0755,0.9836,3.1556,3.1556,906200.0,628670.0,330851.2016,28717478.0,19922552.3,36.08,29.52,1.192
601601,中国太保,保险,上海,20071225,601601.SH,20170613,32.6,32.88,32.01,32.8,32.74,0.06,0.18,184816.07,597628.175,0.294,0.5586,0.57,24.6524,25.0661,2.2391,1.1132,1.018,3.0488,3.0488,906200.0,628670.0,330851.2016,29723360.0,20620376.0,36.01,29.47,1.192
601601,中国太保,保险,上海,20071225,601601.SH,20170612,32.25,33.5,32.05,32.74,32.09,0.65,2.03,324887.45,1070406.708,0.5168,0.982,1.06,24.6073,25.0202,2.235,1.1111,1.0162,3.0544,3.0544,906200.0,628670.0,330851.2016,29668988.0,20582655.8,35.3,28.88,1.192
601601,中国太保,保险,上海,20071225,601601.SH,20170609,31.45,32.62,31.3,32.09,31.22,0.87,2.79,412313.82,1325478.683,0.6559,1.2462,1.54,24.1187,24.5235,2.1906,1.0891,0.996,3.1162,3.1162,906200.0,628670.0,330851.2016,29079958.0,20174020.3,34.34,28.1,1.192
601601,中国太保,保险,上海,20071225,601601.SH,20170608,30.65,31.42,30.22,31.22,30.66,0.56,1.83,306083.3,941486.713,0.4869,0.9251,1.12,23.4648,23.8586,2.1312,1.0596,0.969,3.2031,3.2031,906200.0,628670.0,330851.2016,28291564.0,19627077.4,33.73,27.59,1.192
601601,中国太保,保险,上海,20071225,601601.SH,20170607,29.65,31.1,29.56,30.66,29.54,1.12,3.79,390400.35,1186313.758,0.621,1.18,1.49,23.044,23.4307,2.093,1.0405,0.9516,3.2616,3.2616,906200.0,628670.0,330851.2016,27784092.0,19275022.2,32.49,26.59,1.192
601601,中国太保,保险,上海,20071225,601601.SH,20170606,29.2,29.74,29.13,29.54,29.4,0.14,0.48,197087.65,580250.788,0.3135,0.5957,0.69,22.2022,22.5748,2.0165,1.0025,0.9168,3.3852,3.3852,906200.0,628670.0,330851.2016,26769148.0,18570911.8,32.34,26.46,1.192
601601,中国太保,保险,上海,20071225,601601.SH,20170605,29.85,30.0,29.02,29.4,30.1,-0.7,-2.33,230680.71,676849.358,0.3669,0.6972,0.74,22.0969,22.4678,2.007,0.9978,0.9125,3.4014,3.4014,906200.0,628670.0,330851.2016,26642280.0,18482898.0,33.11,27.09,1.192
601601,中国太保,保险,上海,20071225,601601.SH,20170602,30.51,30.8,30.0,30.1,30.79,-0.69,-2.24,214670.18,655067.665,0.3415,0.6488,0.68,22.6231,23.0027,2.0548,1.0215,0.9342,3.3223,3.3223,906200.0,628670.0,330851.2016,27276620.0,18922967.0,33.87,27.71,1.192
601601,中国太保,保险,上海,20071225,601601.SH,20170601,30.51,30.81,29.9,30.79,30.35,0.44,1.45,337482.08,1024597.511,0.5368,1.02,0.97,23.1417,23.53,2.1019,1.045,0.9556,3.2478,3.2478,906200.0,628670.0,330851.2016,27901898.0,19356749.3,33.39,27.32,1.192
601601,中国太保,保险,上海,20071225,601601.SH,20170531,30.0,31.07,29.85,30.35,29.94,0.41,1.37,327887.65,994959.817,0.5216,0.991,0.96,22.811,23.1938,2.0718,1.03,0.942,3.2949,3.2949,906200.0,628670.0,330851.2016,27503170.0,19080134.5,32.93,26.95,1.192
601601,中国太保,保险,上海,20071225,601601.SH,20170526,29.79,30.2,29.65,29.94,29.75,0.19,0.64,312657.69,934907.017,0.4973,0.945,1.01,22.5028,22.8804,2.0438,1.0161,0.9293,3.34,3.34,906200.0,628670.0,330851.2016,27131628.0,18822379.8,32.73,26.78,1.192
601601,中国太保,保险,上海,20071225,601601.SH,20170525,28.58,29.76,28.58,29.75,28.84,0.91,3.16,356644.65,1050731.748,0.5673,1.078,1.29,22.36,22.7352,2.0309,1.0097,0.9234,3.3613,3.3613,906200.0,628670.0,330851.2016,26959450.0,18702932.5,31.72,25.96,1.192
601601,中国太保,保险,上海,20071225,601601.SH,20170524,29.0,29.13,27.99,28.84,29.05,-0.21,-0.72,248392.08,709453.382,0.3951,0.7508,0.86,21.676,22.0398,1.9687,0.9788,0.8951,3.4674,3.4674,906200.0,628670.0,330851.2016,26134808.0,18130842.8,31.96,26.15,1.192
601601,中国太保,保险,上海,20071225,601601.SH,20170523,28.65,29.37,28.48,29.05,28.63,0.42,1.47,485488.11,1410085.507,0.7722,1.4674,2.0,21.8339,22.2003,1.9831,0.9859,0.9016,3.4423,3.4423,906200.0,628670.0,330851.2016,26325110.0,18262863.5,31.49,25.77,1.192
601601,中国太保,保险,上海,20071225,601601.SH,20170522,27.79,28.91,27.72,28.63,27.84,0.79,2.84,306879.24,878947.303,0.4881,0.9275,1.33,21.5182,21.8793,1.9544,0.9717,0.8886,3.4928,3.4928,906200.0,628670.0,330851.2016,25944506.0,17998822.1,30.62,25.06,1.192
601601,中国太保,保险,上海,20071225,601601.SH,20170519,27.78,28.1,27.6,27.84,27.83,0.01,0.04,151359.56,423026.123,0.2408,0.4575,0.49,20.9244,21.2756,1.9005,0.9448,0.8641,3.592,3.592,906200.0,628670.0,330851.2016,25228608.0,17502172.8,30.61,25.05,1.192
601601,中国太保,保险,上海,20071225,601601.SH,20170518,27.95,28.17,27.66,27.83,28.08,-0.25,-0.89,189171.91,528074.763,0.3009,0.5718,0.51,20.9169,21.268,1.8998,0.9445,0.8638,3.5932,3.5932,906200.0,628670.0,330851.2016,25219546.0,17495886.1,30.89,25.27,1.192
601601,中国太保,保险,上海,20071225,601601.SH,20170517,28.6,28.77,27.94,28.08,28.69,-0.61,-2.13,317091.85,892533.717,0.5044,0.9584,0.76,21.1048,21.459,1.9169,0.953,0.8715,3.5613,3.5613,906200.0,628670.0,330851.2016,25446096.0,17653053.6,31.56,25.82,1.192
601601,中国太保,保险,上海,20071225,601601.SH,20170516,28.68,28.99,28.57,28.69,28.77,-0.08,-0.28,247734.37,712332.739,0.3941,0.7488,0.61,21.5633,21.9252,1.9585,0.9737,0.8905,3.4855,3.4855,906200.0,628670.0,330851.2016,25998878.0,18036542.3,31.65,25.89,1.192
601601,中国太保,保险,上海,20071225,601601.SH,20170515,28.88,29.47,28.58,28.77,28.99,-0.22,-0.76,252372.71,730715.674,0.4014,0.7628,0.59,21.6234,21.9863,1.964,0.9764,0.8929,3.4758,3.4758,906200.0,628670.0,330851.2016,26071374.0,18086835.9,31.89,26.09,1.192
601601,中国太保,保险,上海,20071225,601601.SH,20170512,27.9,29.14,27.85,28.99,27.99,1.0,3.57,523287.91,1505048.94,0.8324,1.5816,1.36,21.7888,22.1544,1.979,0.9839,0.8998,3.4495,3.4495,906200.0,628670.0,330851.2016,26270738.0,18225143.3,30.79,25.19,1.192
601601,中国太保,保险,上海,20071225,601601.SH,20170511,27.65,28.16,27.57,27.99,27.89,0.1,0.36,502838.1,1404122.431,0.7998,1.5198,1.52,21.0372,21.3902,1.9107,0.9499,0.8687,3.5727,3.5727,906200.0,628670.0,330851.2016,25364538.0,17596473.3,30.68,25.1,1.192
601601,中国太保,保险,上海,20071225,601601.SH,20170510,27.32,28.51,27.2,27.89,27.34,0.55,2.01,551801.55,1544258.37,0.8777,1.6678,2.13,20.962,21.3138,1.9039,0.9465,0.8656,3.5855,3.5855,906200.0,628670.0,330851.2016,25273918.0,17533606.3,30.07,24.61,1.192
601601,中国太保,保险,上海,20071225,601601.SH,20170509,27.51,27.8,27.11,27.34,27.55,-0.21,-0.76,214448.04,586749.286,0.3411,0.6482,0.88,20.5487,20.8935,1.8663,0.9279,0.8486,3.6576,3.6576,906200.0,628670.0,330851.2016,24775508.0,17187837.8,30.31,24.8,1.192
601601,中国太保,保险,上海,20071225,601601.SH,20170508,27.24,27.86,27.24,27.55,27.34,0.21,0.77,335936.26,930048.34,0.5344,1.0154,1.6,20.7065,21.054,1.8807,0.935,0.8551,3.6298,3.6298,906200.0,628670.0,330851.2016,24965810.0,17319858.5,30.07,24.61,1.192
601601,中国太保,保险,上海,20071225,601601.SH,20170505,27.29,27.4,26.79,27.34,27.32,0.02,0.07,316142.71,857406.248,0.5029,0.9555,1.51,20.5487,20.8935,1.8663,0.9279,0.8486,3.6576,3.6576,906200.0,628670.0,330851.2016,24775508.0,17187837.8,30.05,24.59,1.192
601601,中国太保,保险,上海,20071225,601601.SH,20170504,27.36,27.49,27.1,27.32,27.38,-0.06,-0.22,236082.1,644208.841,0.3755,0.7136,1.0,20.5336,20.8782,1.865,0.9272,0.8479,3.6603,3.6603,906200.0,628670.0,330851.2016,24757384.0,17175264.4,30.12,24.64,1.192
601601,中国太保,保险,上海,20071225,601601.SH,20170503,27.41,27.58,27.1,27.38,27.41,-0.03,-0.11,190069.32,519985.825,0.3023,0.5745,0.78,20.5787,20.9241,1.8691,0.9292,0.8498,3.6523,3.6523,906200.0,628670.0,330851.2016,24811756.0,17212984.6,30.15,24.67,1.192
601601,中国太保,保险,上海,20071225,601601.SH,20170502,27.69,27.75,27.33,27.41,27.75,-0.34,-1.23,140146.23,386284.32,0.2229,0.4236,0.57,20.6013,20.947,1.8711,0.9302,0.8507,3.6483,3.6483,906200.0,628670.0,330851.2016,24838942.0,17231844.7,30.53,24.98,1.192
601601,中国太保,保险,上海,20071225,601601.SH,20170428,27.76,27.97,27.47,27.75,27.76,-0.01,-0.04,168315.5,464933.344,0.2677,0.5087,0.68,20.8568,20.8568,1.9085,0.9418,0.9418,3.6036,3.6036,906200.0,628670.0,330851.2016,25147050.0,17445592.5,30.54,24.98,1.192
601601,中国太保,保险,上海,20071225,601601.SH,20170427,27.6,28.15,27.55,27.76,27.64,0.12,0.43,312316.55,867584.982,0.4968,0.944,1.39,20.8643,20.8643,1.9092,0.9421,0.9421,3.6023,3.6023,906200.0,628670.0,330851.2016,25156112.0,17451879.2,30.4,24.88,1.192
601601,中国太保,保险,上海,20071225,601601.SH,20170426,27.3,28.1,27.1,27.64,27.27,0.37,1.36,369353.61,1025055.88,0.5875,1.1164,1.86,20.7741,20.7741,1.9009,0.9381,0.9381,3.6179,3.6179,906200.0,628670.0,330851.2016,25047368.0,17376438.8,30.0,24.54,1.192
601601,中国太保,保险,上海,20071225,601601.SH,20170425,26.88,27.6,26.82,27.27,27.03,0.24,0.89,235096.31,643451.183,0.374,0.7106,1.17,20.496,20.496,1.8755,0.9255,0.9255,3.667,3.667,906200.0,628670.0,330851.2016,24712074.0,17143830.9,29.73,24.33,1.192
601601,中国太保,保险,上海,20071225,601601.SH,20170424,26.49,27.09,26.49,27.03,26.67,0.36,1.35,152005.87,408556.594,0.2418,0.4594,0.79,20.3157,20.3157,1.859,0.9174,0.9174,3.6996,3.6996,906200.0,628670.0,330851.2016,24494586.0,16992950.1,29.34,24.0,1.192
601601,中国太保,保险,上海,20071225,601601.SH,20170421,26.06,26.68,26.04,26.67,26.11,0.56,2.14,161619.7,426228.188,0.2571,0.4885,0.85,20.0451,20.0451,1.8342,0.9051,0.9051,3.7495,3.7495,906200.0,628670.0,330851.2016,24168354.0,16766628.9,28.72,23.5,1.192
601601,中国太保,保险,上海,20071225,601601.SH,20170420,25.8,26.2,25.62,26.11,25.74,0.37,1.44,204786.9,528815.616,0.3257,0.619,1.24,19.6242,19.6242,1.7957,0.8861,0.8861,3.83,3.83,906200.0,628670.0,330851.2016,23660882.0,16414573.7,28.31,23.17,1.192
601601,中国太保,保险,上海,20071225,601601.SH,20170419,25.6,25.94,25.5,25.74,25.66,0.08,0.31,236913.37,608662.657,0.3768,0.7161,1.62,19.3461,19.3461,1.7703,0.8736,0.8736,3.885,3.885,906200.0,628670.0,330851.2016,23325588.0,16181965.8,28.23,23.09,1.192
601601,中国太保,保险,上海,20071225,601601.SH,20170418,26.59,26.59,25.48,25.66,26.59,-0.93,-3.5,251314.5,650327.33,0.3998,0.7596,2.02,19.286,19.286,1.7648,0.8709,0.8709,3.8971,3.8971,906200.0,628670.0,330851.2016,23253092.0,16131672.2,29.25,23.93,1.192
601601,中国太保,保险,上海,20071225,601601.SH,20170417,26.59,26.67,26.3,26.59,26.74,-0.15,-0.56,110175.1,291212.814,0.1753,0.333,0.9,19.985,19.985,1.8287,0.9024,0.9024,3.7608,3.7608,906200.0,628670.0,330851.2016,24095858.0,16716335.3,29.41,24.07,1.192
601601,中国太保,保险,上海,20071225,601601.SH,20170414,27.0,27.07,26.41,26.74,27.02,-0.28,-1.04,145609.14,387762.067,0.2316,0.4401,1.11,20.0977,20.0977,1.839,0.9075,0.9075,3.7397,3.7397,906200.0,628670.0,330851.2016,24231788.0,16810635.8,29.72,24.32,1.192
601601,中国太保,保险,上海,20071225,601601.SH,20170413,27.0,27.19,26.89,27.02,27.15,-0.13,-0.48,80314.65,217366.61,0.1278,0.2428,0.56,20.3081,20.3081,1.8583,0.917,0.917,3.701,3.701,906200.0,628670.0,330851.2016,24485524.0,16986663.4,29.87,24.44,1.192
601601,中国太保,保险,上海,20071225,601601.SH,20170412,26.96,27.2,26.75,27.15,27.01,0.14,0.52,142852.45,385924.847,0.2272,0.4318,0.99,20.4058,20.4058,1.8672,0.9214,0.9214,3.6832,3.6832,906200.0,628670.0,330851.2016,24603330.0,17068390.5,29.71,24.31,1.192
601601,中国太保,保险,上海,20071225,601601.SH,20170411,27.2,27.28,26.73,27.01,27.29,-0.28,-1.03,143106.26,385542.263,0.2276,0.4325,1.01,20.3006,20.3006,1.8576,0.9167,0.9167,3.7023,3.7023,906200.0,628670.0,330851.2016,24476462.0,16980376.7,30.02,24.56,1.192
601601,中国太保,保险,上海,20071225,601601.SH,20170410,27.28,27.37,27.13,27.29,27.28,0.01,0.04,100456.63,274122.466,0.1598,0.3036,0.65,20.5111,20.5111,1.8769,0.9262,0.9262,3.6643,3.6643,906200.0,628670.0,330851.2016,24730198.0,17156404.3,30.01,24.55,1.192
601601,中国太保,保险,上海,20071225,601601.SH,20170407,27.33,27.55,27.25,27.28,27.36,-0.08,-0.29,187850.43,515213.356,0.2988,0.5678,1.37,20.5036,20.5036,1.8762,0.9258,0.9258,3.6657,3.6657,906200.0,628670.0,330851.2016,24721136.0,17150117.6,30.1,24.62,1.192
601601,中国太保,保险,上海,20071225,601601.SH,20170406,27.58,27.65,27.25,27.36,27.52,-0.16,-0.58,140059.49,384518.578,0.2228,0.4233,1.07,20.5637,20.5637,1.8817,0.9286,0.9286,3.655,3.655,906200.0,628670.0,330851.2016,24793632.0,17200411.2,30.27,24.77,1.192
601601,中国太保,保险,上海,20071225,601601.SH,20170405,27.22,27.6,27.22,27.52,27.42,0.1,0.36,149816.72,411822.218,0.2383,0.4528,1.19,20.6839,20.6839,1.8927,0.934,0.934,3.6337,3.6337,906200.0,628670.0,330851.2016,24938624.0,17300998.4,30.16,24.68,1.192
601601,中国太保,保险,上海,20071225,601601.SH,20170331,27.14,27.51,27.04,27.42,27.05,0.37,1.37,130946.36,357763.428,0.2083,0.3958,0.99,20.6088,20.6088,1.8858,0.9306,0.9306,3.647,3.647,906200.0,628670.0,330851.2016,24848004.0,17238131.4,29.76,24.35,1.192
601601,中国太保,保险,上海,20071225,601601.SH,20170330,26.71,27.35,26.71,27.05,26.63,0.42,1.58,158191.58,427458.529,0.2516,0.4781,1.16,20.3307,20.3307,1.8603,0.918,0.918,3.6969,3.6969,906200.0,628670.0,330851.2016,24512710.0,17005523.5,29.29,23.97,1.192
601601,中国太保,保险,上海,20071225,601601.SH,20170329,27.07,27.19,26.58,26.63,27.06,-0.43,-1.59,106835.56,285610.383,0.1699,0.3229,0.75,13.6124,20.9462,1.8418,0.9762,0.9032,3.7552,3.7552,906200.0,628670.0,330851.2016,24132106.0,16741482.1,29.77,24.35,1.192
601601,中国太保,保险,上海,20071225,601601.SH,20170328,27.07,27.27,26.96,27.06,27.03,0.03,0.11,109593.96,297001.935,0.1743,0.3312,0.76,13.8322,21.2844,1.8715,0.992,0.9178,3.6955,3.6955,906200.0,628670.0,330851.2016,24521772.0,17011810.2,29.73,24.33,1.192
601601,中国太保,保险,上海,20071225,601601.SH,20170327,27.06,27.21,26.88,27.03,27.07,-0.04,-0.15,123960.43,335519.189,0.1972,0.3747,0.91,13.8169,21.2608,1.8695,0.9909,0.9168,3.6996,3.6996,906200.0,628670.0,330851.2016,24494586.0,16992950.1,29.78,24.36,1.192
601601,中国太保,保险,上海,20071225,601601.SH,20170324,26.78,27.12,26.58,27.07,26.65,0.42,1.58,163285.71,438010.837,0.2597,0.4935,1.33,13.8373,21.2923,1.8722,0.9923,0.9182,3.6941,3.6941,906200.0,628670.0,330851.2016,24530834.0,17018096.9,29.32,23.99,1.192
601601,中国太保,保险,上海,20071225,601601.SH,20170323,26.74,27.08,26.53,26.65,26.71,-0.06,-0.22,176573.83,474106.448,0.2809,0.5337,1.64,13.6226,20.9619,1.8432,0.9769,0.9039,3.7523,3.7523,906200.0,628670.0,330851.2016,24150230.0,16754055.5,29.38,24.04,1.192
601601,中国太保,保险,上海,20071225,601601.SH,20170322,27.3,27.39,26.52,26.71,27.36,-0.65,-2.38,141768.69,380281.491,0.2255,0.4285,1.48,13.6533,21.0091,1.8473,0.9791,0.9059,3.7439,3.7439,906200.0,628670.0,330851.2016,24204602.0,16791775.7,30.1,24.62,1.192
601601,中国太保,保险,上海,20071225,601601.SH,20170321,27.35,27.57,27.3,27.36,27.35,0.01,0.04,113961.42,312425.403,0.1813,0.3444,1.14,13.9856,21.5204,1.8923,1.003,0.928,3.655,3.655,906200.0,628670.0,330851.2016,24793632.0,17200411.2,30.09,24.62,1.192
601601,中国太保,保险,上海,20071225,601601.SH,20170320,27.65,27.67,27.18,27.35,27.59,-0.24,-0.87,86867.81,237559.307,0.1382,0.2626,0.65,13.9805,21.5125,1.8916,1.0026,0.9277,3.6563,3.6563,906200.0,628670.0,330851.2016,24784570.0,17194124.5,30.35,24.83,1.192
601601,中国太保,保险,上海,20071225,601601.SH,20170317,27.93,28.05,27.49,27.59,27.85,-0.26,-0.93,95702.48,265300.614,0.1522,0.2893,0.68,14.1031,21.7013,1.9082,1.0114,0.9358,3.6245,3.6245,906200.0,628670.0,330851.2016,25002058.0,17345005.3,30.64,25.07,1.192
601601,中国太保,保险,上海,20071225,601601.SH,20170316,28.0,28.14,27.76,27.85,27.9,-0.05,-0.18,98469.54,275087.988,0.1566,0.2976,0.66,14.2361,21.9058,1.9262,1.0209,0.9446,3.5907,3.5907,906200.0,628670.0,330851.2016,25237670.0,17508459.5,30.69,25.11,1.192
601601,中国太保,保险,上海,20071225,601601.SH,20170315,27.75,28.0,27.6,27.9,27.88,0.02,0.07,83560.24,232709.344,0.1329,0.2526,0.58,14.2616,21.9451,1.9296,1.0228,0.9463,3.5842,3.5842,906200.0,628670.0,330851.2016,25282980.0,17539893.0,30.67,25.09,1.192
601601,中国太保,保险,上海,20071225,601601.SH,20170314,27.79,28.05,27.69,27.88,27.81,0.07,0.25,136855.71,382032.756,0.2177,0.4136,1.0,14.2514,21.9294,1.9282,1.022,0.9456,3.5868,3.5868,906200.0,628670.0,330851.2016,25264856.0,17527319.6,30.59,25.03,1.192
601601,中国太保,保险,上海,20071225,601601.SH,20170313,27.3,27.94,27.3,27.81,27.29,0.52,1.91,249656.91,692683.995,0.3971,0.7546,2.44,14.2156,21.8743,1.9234,1.0195,0.9433,3.5958,3.5958,906200.0,628670.0,330851.2016,25201422.0,17483312.7,30.02,24.56,1.192
601601,中国太保,保险,上海,20071225,601601.SH,20170310,27.08,27.35,26.96,27.29,27.13,0.16,0.59,136255.34,371267.644,0.2167,0.4118,1.32,13.9498,21.4653,1.8874,1.0004,0.9256,3.6643,3.6643,906200.0,628670.0,330851.2016,24730198.0,17156404.3,29.84,24.42,1.192
601601,中国太保,保险,上海,20071225,601601.SH,20170309,26.94,27.22,26.71,27.13,27.0,0.13,0.48,134656.82,363395.618,0.2142,0.407,1.14,13.868,21.3395,1.8764,0.9945,0.9202,3.686,3.686,906200.0,628670.0,330851.2016,24585206.0,17055817.1,29.7,24.3,1.192
601601,中国太保,保险,上海,20071225,601601.SH,20170308,26.97,27.07,26.87,27.0,26.99,0.01,0.04,67868.37,183068.736,0.108,0.2051,0.52,13.8016,21.2372,1.8674,0.9898,0.9158,3.7037,3.7037,906200.0,628670.0,330851.2016,24467400.0,16974090.0,29.69,24.29,1.192
601601,中国太保,保险,上海,20071225,601601.SH,20170307,26.84,27.01,26.78,26.99,26.87,0.12,0.45,93346.03,250879.624,0.1485,0.2821,0.68,13.7964,21.2294,1.8667,0.9894,0.9154,3.7051,3.7051,906200.0,628670.0,330851.2016,24458338.0,16967803.3,29.56,24.18,1.192
601601,中国太保,保险,上海,20071225,601601.SH,20170306,26.81,26.94,26.74,26.87,26.81,0.06,0.22,79748.12,213918.471,0.1269,0.241,0.48,13.7351,21.135,1.8584,0.985,0.9114,3.7216,3.7216,906200.0,628670.0,330851.2016,24349594.0,16892362.9,29.49,24.13,1.192
601601,中国太保,保险,上海,20071225,601601.SH,20170303,26.74,26.97,26.65,26.81,26.79,0.02,0.07,140057.25,375397.781,0.2228,0.4233,0.88,13.7044,21.0878,1.8542,0.9828,0.9093,3.73,3.73,906200.0,628670.0,330851.2016,24295222.0,16854642.7,29.47,24.11,1.192
601601,中国太保,保险,上海,20071225,601601.SH,20170302,27.28,27.32,26.78,26.79,27.22,-0.43,-1.58,210736.68,569384.615,0.3352,0.637,1.5,13.6942,21.072,1.8529,0.9821,0.9087,3.7327,3.7327,906200.0,628670.0,330851.2016,24277098.0,16842069.3,29.94,24.5,1.192
601601,中国太保,保险,上海,20071225,601601.SH,20170301,27.35,27.44,27.19,27.22,27.34,-0.12,-0.44,132754.81,362734.254,0.2112,0.4013,0.9,13.914,21.4103,1.8826,0.9978,0.9232,3.6738,3.6738,906200.0,628670.0,330851.2016,24666764.0,17112397.4,30.07,24.61,1.192
601601,中国太保,保险,上海,20071225,601601.SH,20170228,27.36,27.46,27.32,27.34,27.41,-0.07,-0.26,119878.22,328047.795,0.1907,0.3623,0.74,13.9754,21.5047,1.8909,1.0022,0.9273,3.6576,3.6576,906200.0,628670.0,330851.2016,24775508.0,17187837.8,30.15,24.67,1.192
601601,中国太保,保险,上海,20071225,601601.SH,20170227,27.53,27.73,27.28,27.41,27.58,-0.17,-0.62,225248.11,620508.437,0.3583,0.6808,1.28,14.0111,21.5597,1.8957,1.0048,0.9297,3.6483,3.6483,906200.0,628670.0,330851.2016,24838942.0,17231844.7,30.34,24.82,1.192
601601,中国太保,保险,上海,20071225,601601.SH,20170224,27.35,27.6,27.3,27.58,27.38,0.2,0.73,107415.47,294380.909,0.1709,0.3247,0.55,14.098,21.6934,1.9075,1.011,0.9355,3.6258,3.6258,906200.0,628670.0,330851.2016,24992996.0,17338718.6,30.12,24.64,1.192
601601,中国太保,保险,上海,20071225,601601.SH,20170223,27.69,27.7,27.31,27.38,27.67,-0.29,-1.05,117425.27,322163.666,0.1868,0.3549,0.62,13.9958,21.5361,1.8937,1.0037,0.9287,3.6523,3.6523,906200.0,628670.0,330851.2016,24811756.0,17212984.6,30.44,24.9,1.192
601601,中国太保,保险,上海,20071225,601601.SH,20170222,27.94,27.94,27.65,27.67,27.91,-0.24,-0.86,166632.77,461989.892,0.2651,0.5036,0.92,14.144,21.7642,1.9137,1.0143,0.9385,3.614,3.614,906200.0,628670.0,330851.2016,25074554.0,17395298.9,30.7,25.12,1.192
601601,中国太保,保险,上海,20071225,601601.SH,20170221,27.99,28.07,27.83,27.91,27.98,-0.07,-0.25,192992.72,539198.71,0.307,0.5833,1.14,14.2667,21.953,1.9303,1.0231,0.9467,3.5829,3.5829,906200.0,628670.0,330851.2016,25292042.0,17546179.7,30.78,25.18,1.192
601601,中国太保,保险,上海,20071225,601601.SH,20170220,27.7,27.99,27.66,27.98,27.66,0.32,1.16,296065.82,824044.278,0.4709,0.8949,1.9,14.3025,22.0081,1.9352,1.0257,0.949,3.574,3.574,906200.0,628670.0,330851.2016,25355476.0,17590186.6,30.43,24.89,1.192
601601,中国太保,保险,上海,20071225,601601.SH,20170217,27.63,27.86,27.6,27.66,27.65,0.01,0.04,200539.09,556553.678,0.319,0.6061,1.38,14.1389,21.7564,1.913,1.014,0.9382,3.6153,3.6153,906200.0,628670.0,330851.2016,25065492.0,17389012.2,30.42,24.89,1.192
601601,中国太保,保险,上海,20071225,601601.SH,20170216,27.75,27.81,27.55,27.65,27.75,-0.1,-0.36,98228.59,271300.671,0.1562,0.2969,0.63,14.1338,21.7485,1.9123,1.0136,0.9378,3.6166,3.6166,906200.0,628670.0,330851.2016,25056430.0,17382725.5,30.53,24.98,1.192
601601,中国太保,保险,上海,20071225,601601.SH,20170215,27.8,27.84,27.6,27.75,27.72,0.03,0.11,119557.69,331676.16,0.1902,0.3614,0.81,14.1849,21.8271,1.9193,1.0173,0.9412,3.6036,3.6036,906200.0,628670.0,330851.2016,25147050.0,17445592.5,30.49,24.95,1.192
601601,中国太保,保险,上海,20071225,601601.SH,20170214,28.06,28.08,27.68,27.72,28.05,-0.33,-1.18,133777.32,371665.157,0.2128,0.4043,1.01,14.1696,21.8035,1.9172,1.0162,0.9402,3.6075,3.6075,906200.0,628670.0,330851.2016,25119864.0,17426732.4,30.86,25.25,1.192
601601,中国太保,保险,上海,20071225,601601.SH,20170213,28.01,28.2,27.94,28.05,28.01,0.04,0.14,225840.61,634386.841,0.3592,0.6826,2.06,14.3383,22.0631,1.94,1.0283,0.9514,3.5651,3.5651,906200.0,628670.0,330851.2016,25418910.0,17634193.5,30.81,25.21,1.192
601601,中国太保,保险,上海,20071225,601601.SH,20170210,28.12,28.12,27.92,28.01,28.0,0.01,0.04,151315.9,423754.52,0.2407,0.4574,1.76,14.3178,22.0316,1.9372,1.0268,0.95,3.5702,3.5702,906200.0,628670.0,330851.2016,25382662.0,17609046.7,30.8,25.2,1.192
601601,中国太保,保险,上海,20071225,601601.SH,20170209,28.12,28.17,27.89,28.0,28.12,-0.12,-0.43,148811.72,417934.005,0.2367,0.4498,2.18,14.3127,22.0238,1.9365,1.0264,0.9497,3.5714,3.5714,906200.0,628670.0,330851.2016,25373600.0,17602760.0,30.93,25.31,1.192
601601,中国太保,保险,上海,20071225,601601.SH,20170208,28.25,28.3,27.92,28.12,28.4,-0.28,-0.99,78517.23,220466.334,0.1249,0.2373,1.09,14.3741,22.1182,1.9448,1.0308,0.9538,3.5562,3.5562,906200.0,628670.0,330851.2016,25482344.0,17678200.4,31.24,25.56,1.192
601601,中国太保,保险,上海,20071225,601601.SH,20170207,28.5,28.64,28.28,28.4,28.44,-0.04,-0.14,57862.69,164369.298,0.092,0.1749,0.84,14.5172,22.3384,1.9642,1.0411,0.9633,3.5211,3.5211,906200.0,628670.0,330851.2016,25736080.0,17854228.0,31.28,25.6,1.192
601601,中国太保,保险,上海,20071225,601601.SH,20170206,28.5,28.59,28.31,28.44,28.26,0.18,0.64,110855.03,315420.632,0.1763,0.3351,1.62,14.5376,22.3699,1.967,1.0426,0.9646,3.5162,3.5162,906200.0,628670.0,330851.2016,25772328.0,17879374.8,31.09,25.43,1.192
601601,中国太保,保险,上海,20071225,601601.SH,20170203,29.18,29.18,28.24,28.26,29.02,-0.76,-2.62,34011.67,96837.571,0.0541,0.1028,0.43,14.4456,22.2283,1.9545,1.036,0.9585,3.5386,3.5386,906200.0,628670.0,330851.2016,25609212.0,17766214.2,31.92,26.12,1.192
601601,中国太保,保险,上海,20071225,601601.SH,20170126,28.95,29.16,28.82,29.02,29.1,-0.08,-0.27,59416.79,172463.36,0.0945,0.1796,0.8,14.8341,22.8261,2.0071,1.0638,0.9843,3.4459,3.4459,906200.0,628670.0,330851.2016,26297924.0,18244003.4,32.01,26.19,1.192
601601,中国太保,保险,上海,20071225,601601.SH,20170125,28.83,29.13,28.72,29.1,28.96,0.14,0.48,99458.45,287428.096,0.1582,0.3006,1.6,14.875,22.889,2.0126,1.0668,0.987,3.4364,3.4364,906200.0,628670.0,330851.2016,26370420.0,18294297.0,31.86,26.06,1.192
601601,中国太保,保险,上海,20071225,601601.SH,20170124,28.99,29.06,28.8,28.96,28.88,0.08,0.28,40369.53,116898.252,0.0642,0.122,0.59,14.8034,22.7789,2.0029,1.0616,0.9823,3.453,3.453,906200.0,628670.0,330851.2016,26243552.0,18206283.2,31.77,25.99,1.192
601601,中国太保,保险,上海,20071225,601601.SH,20170123,28.8,29.06,28.8,28.88,28.74,0.14,0.49,109591.88,317269.226,0.1743,0.3312,1.34,14.7626,22.716,1.9974,1.0587,0.9796,3.4626,3.4626,906200.0,628670.0,330851.2016,26171056.0,18155989.6,31.61,25.87,1.192
601601,中国太保,保险,上海,20071225,601601.SH,20170120,28.77,29.05,28.65,28.74,28.65,0.09,0.31,82321.77,237935.639,0.1309,0.2488,1.06,14.691,22.6058,1.9877,1.0536,0.9748,3.4795,3.4795,906200.0,628670.0,330851.2016,26044188.0,18067975.8,31.52,25.79,1.192
601601,中国太保,保险,上海,20071225,601601.SH,20170119,28.78,29.22,28.46,28.65,29.02,-0.37,-1.28,38414.37,110474.216,0.0611,0.1161,0.5,14.645,22.535,1.9815,1.0503,0.9717,3.4904,3.4904,906200.0,628670.0,330851.2016,25962630.0,18011395.5,31.92,26.12,1.192
601601,中国太保,保险,上海,20071225,601601.SH,20170118,28.78,29.13,28.76,29.02,28.88,0.14,0.48,39709.93,115220.365,0.0632,0.12,0.54,14.8341,22.8261,2.0071,1.0638,0.9843,3.4459,3.4459,906200.0,628670.0,330851.2016,26297924.0,18244003.4,31.77,25.99,1.192
601601,中国太保,保险,上海,20071225,601601.SH,20170117,28.51,29.08,28.32,28.88,28.67,0.21,0.73,74413.4,214142.513,0.1184,0.2249,1.16,14.7626,22.716,1.9974,1.0587,0.9796,3.4626,3.4626,906200.0,628670.0,330851.2016,26171056.0,18155989.6,31.54,25.8,1.192
601601,中国太保,保险,上海,20071225,601601.SH,20170116,28.11,28.86,27.9,28.67,28.12,0.55,1.96,174423.61,495778.522,0.2774,0.5272,4.38,14.6552,22.5508,1.9829,1.051,0.9724,3.488,3.488,906200.0,628670.0,330851.2016,25980754.0,18023968.9,30.93,25.31,1.192
601601,中国太保,保险,上海,20071225,601601.SH,20170113,27.86,28.5,27.82,28.12,27.84,0.28,1.01,62575.15,176615.513,0.0995,0.1891,1.84,14.3741,22.1182,1.9448,1.0308,0.9538,3.5562,3.5562,906200.0,628670.0,330851.2016,25482344.0,17678200.4,30.62,25.06,1.192
601601,中国太保,保险,上海,20071225,601601.SH,20170112,28.03,28.19,27.78,27.84,28.07,-0.23,-0.82,31470.97,88316.664,0.0501,0.0951,0.83,14.2309,21.8979,1.9255,1.0206,0.9443,3.592,3.592,906200.0,628670.0,330851.2016,25228608.0,17502172.8,30.88,25.26,1.192
601601,中国太保,保险,上海,20071225,601601.SH,20170111,28.28,28.3,28.0,28.07,28.04,0.03,0.11,26856.77,75505.769,0.0427,0.0812,0.55,14.3485,22.0788,1.9414,1.029,0.9521,3.5625,3.5625,906200.0,628670.0,330851.2016,25437034.0,17646766.9,30.84,25.24,1.192
601601,中国太保,保险,上海,20071225,601601.SH,20170110,28.34,28.4,28.01,28.04,28.35,-0.31,-1.09,26326.64,74125.009,0.0419,0.0796,0.45,14.3332,22.0552,1.9393,1.0279,0.9511,3.5663,3.5663,906200.0,628670.0,330851.2016,25409848.0,17627906.8,31.19,25.52,1.192
601601,中国太保,保险,上海,20071225,601601.SH,20170109,28.08,28.47,28.05,28.35,27.94,0.41,1.47,51931.18,147149.928,0.0826,0.157,0.86,14.4916,22.2991,1.9608,1.0393,0.9616,3.5273,3.5273,906200.0,628670.0,330851.2016,25690770.0,17822794.5,30.73,25.15,1.192
601601,中国太保,保险,上海,20071225,601601.SH,20170106,28.39,28.5,27.9,27.94,28.34,-0.4,-1.41,33348.47,93918.866,0.053,0.1008,0.52,14.2821,21.9766,1.9324,1.0242,0.9477,3.5791,3.5791,906200.0,628670.0,330851.2016,25319228.0,17565039.8,31.17,25.51,1.192
601601,中国太保,保险,上海,20071225,601601.SH,20170105,28.18,28.47,28.15,28.34,28.18,0.16,0.57,50137.51,142174.846,0.0798,0.1515,0.77,14.4865,22.2912,1.9601,1.0389,0.9612,3.5286,3.5286,906200.0,628670.0,330851.2016,25681708.0,17816507.8,31.0,25.36,1.192
601601,中国太保,保险,上海,20071225,601601.SH,20170104,28.02,28.25,27.9,28.18,28.02,0.16,0.57,81961.74,230102.881,0.1304,0.2477,1.44,14.4047,22.1654,1.949,1.033,0.9558,3.5486,3.5486,906200.0,628670.0,330851.2016,25536716.0,17715920.6,30.82,25.22,1.192
601601,中国太保,保险,上海,20071225,601601.SH,20170103,27.63,28.25,27.52,28.02,27.77,0.25,0.9,73418.41,205917.441,0.1168,0.2219,1.44,14.3229,22.0395,1.9379,1.0272,0.9504,3.5689,3.5689,906200.0,628670.0,330851.2016,25391724.0,17615333.4,30.55,24.99,1.192
601601,中国太保,保险,上海,20071225,601601.SH,20161230,27.62,27.78,27.28,27.77,27.65,0.12,0.43,61334.79,168854.739,0.0976,0.1854,1.23,14.1952,21.8429,1.9206,1.018,0.9419,1.8005,3.601,906200.0,628670.0,330851.2016,25165174.0,17458165.9,30.42,24.89,1.192
601601,中国太保,保险,上海,20071225,601601.SH,20161229,27.48,27.74,27.4,27.65,27.5,0.15,0.55,53246.29,147016.817,0.0847,0.1609,1.12,14.1338,21.7485,1.9123,1.0136,0.9378,1.8083,3.6166,906200.0,628670.0,330851.2016,25056430.0,17382725.5,30.25,24.75,1.192
601601,中国太保,保险,上海,20071225,601601.SH,20161228,27.42,27.6,27.32,27.5,27.5,0.0,0.0,53975.16,148335.035,0.0859,0.1631,1.11,14.0571,21.6305,1.902,1.0081,0.9327,1.8182,3.6364,906200.0,628670.0,330851.2016,24920500.0,17288425.0,30.25,24.75,1.192
601601,中国太保,保险,上海,20071225,601601.SH,20161227,27.57,27.84,27.46,27.5,27.63,-0.13,-0.47,41679.16,115244.735,0.0663,0.126,0.79,14.0571,21.6305,1.902,1.0081,0.9327,1.8182,3.6364,906200.0,628670.0,330851.2016,24920500.0,17288425.0,30.39,24.87,1.192
601601,中国太保,保险,上海,20071225,601601.SH,20161226,27.63,27.68,27.26,27.63,27.72,-0.09,-0.32,44755.71,123182.397,0.0712,0.1353,0.86,14.1236,21.7328,1.911,1.0129,0.9372,1.8096,3.6193,906200.0,628670.0,330851.2016,25038306.0,17370152.1,30.49,24.95,1.192
601601,中国太保,保险,上海,20071225,601601.SH,20161223,28.32,28.4,27.5,27.72,28.33,-0.61,-2.15,56229.92,156345.25,0.0894,0.17,1.09,14.1696,21.8035,1.9172,1.0162,0.9402,1.8038,3.6075,906200.0,628670.0,330851.2016,25119864.0,17426732.4,31.16,25.5,1.192
601601,中国太保,保险,上海,20071225,601601.SH,20161222,28.68,28.68,28.27,28.33,28.6,-0.27,-0.94,40944.2,116425.823,0.0651,0.1238,0.65,14.4814,22.2833,1.9594,1.0385,0.9609,1.7649,3.5298,906200.0,628670.0,330851.2016,25672646.0,17810221.1,31.46,25.74,1.192
601601,中国太保,保险,上海,20071225,601601.SH,20161221,29.0,29.2,28.56,28.6,29.13,-0.53,-1.82,58644.81,169147.144,0.0933,0.1773,1.01,14.6194,22.4957,1.978,1.0484,0.9701,1.7483,3.4965,906200.0,628670.0,330851.2016,25917320.0,17979962.0,32.04,26.22,1.192
601601,中国太保,保险,上海,20071225,601601.SH,20161220,29.0,29.55,28.44,29.13,28.91,0.22,0.76,62387.21,179547.827,0.0992,0.1886,1.08,14.8903,22.9126,2.0147,1.0679,0.988,1.7164,3.4329,906200.0,628670.0,330851.2016,26397606.0,18313157.1,31.8,26.02,1.192
601601,中国太保,保险,上海,20071225,601601.SH,20161219,28.86,28.98,28.62,28.91,28.85,0.06,0.21,40569.61,116874.115,0.0645,0.1226,0.45,14.7779,22.7396,1.9995,1.0598,0.9806,1.7295,3.459,906200.0,628670.0,330851.2016,26198242.0,18174849.7,31.74,25.97,1.192
601601,中国太保,保险,上海,20071225,601601.SH,20161216,29.15,29.4,28.7,28.85,29.09,-0.24,-0.83,55484.86,161013.593,0.0883,0.1677,0.54,14.7472,22.6924,1.9953,1.0576,0.9785,1.7331,3.4662,906200.0,628670.0,330851.2016,26143870.0,18137129.5,32.0,26.18,1.192
601601,中国太保,保险,上海,20071225,601601.SH,20161215,29.9,29.95,28.88,29.09,30.06,-0.97,-3.23,95549.5,281477.054,0.152,0.2888,1.04,14.8699,22.8811,2.0119,1.0664,0.9867,1.7188,3.4376,906200.0,628670.0,330851.2016,26361358.0,18288010.3,33.07,27.05,1.192
601601,中国太保,保险,上海,20071225,601601.SH,20161214,30.02,30.37,30.02,30.06,30.14,-0.08,-0.27,36671.23,110693.108,0.0583,0.1108,0.37,15.3657,23.6441,2.079,1.1019,1.0196,1.6633,3.3267,906200.0,628670.0,330851.2016,27240372.0,18897820.2,33.15,27.13,1.192
601601,中国太保,保险,上海,20071225,601601.SH,20161213,30.6,30.77,30.11,30.14,30.72,-0.58,-1.89,61188.44,185961.302,0.0973,0.1849,0.62,15.4066,23.707,2.0846,1.1049,1.0223,1.6589,3.3179,906200.0,628670.0,330851.2016,27312868.0,18948113.8,33.79,27.65,1.192
601601,中国太保,保险,上海,20071225,601601.SH,20161212,30.55,31.2,30.4,30.72,30.61,0.11,0.36,202693.21,620884.376,0.3224,0.6126,2.45,15.7031,24.1632,2.1247,1.1261,1.042,1.6276,3.2552,906200.0,628670.0,330851.2016,27838464.0,19312742.4,33.67,27.55,1.192
601601,中国太保,保险,上海,20071225,601601.SH,20161209,30.04,30.67,30.04,30.61,30.18,0.43,1.42,122416.23,373423.934,0.1947,0.37,1.49,15.6469,24.0767,2.1171,1.1221,1.0382,1.6335,3.2669,906200.0,628670.0,330851.2016,27738782.0,19243588.7,33.2,27.16,1.192
601601,中国太保,保险,上海,20071225,601601.SH,20161208,30.39,30.55,30.17,30.18,30.33,-0.15,-0.49,38365.5,116399.529,0.061,0.116,0.45,15.4271,23.7385,2.0873,1.1063,1.0236,1.6567,3.3135,906200.0,628670.0,330851.2016,27349116.0,18973260.6,33.36,27.3,1.192
601601,中国太保,保险,上海,20071225,601601.SH,20161207,30.35,30.46,30.13,30.33,30.31,0.02,0.07,71805.38,218093.828,0.1142,0.217,0.79,15.5037,23.8565,2.0977,1.1118,1.0287,1.6485,3.2971,906200.0,628670.0,330851.2016,27485046.0,19067561.1,33.34,27.28,1.192
601601,中国太保,保险,上海,20071225,601601.SH,20161206,30.35,30.4,30.06,30.31,30.3,0.01,0.03,60139.16,182295.689,0.0957,0.1818,0.63,15.4935,23.8407,2.0963,1.1111,1.0281,1.6496,3.2992,906200.0,628670.0,330851.2016,27466922.0,19054987.7,33.33,27.27,1.192
601601,中国太保,保险,上海,20071225,601601.SH,20161205,30.05,30.35,29.93,30.3,30.38,-0.08,-0.26,121160.06,365162.525,0.1927,0.3662,1.36,15.4884,23.8329,2.0956,1.1107,1.0277,1.6502,3.3003,906200.0,628670.0,330851.2016,27457860.0,19048701.0,33.42,27.34,1.192
601601,中国太保,保险,上海,20071225,601601.SH,20161202,30.12,30.4,29.66,30.38,30.09,0.29,0.96,119126.76,356974.181,0.1895,0.3601,1.5,15.5293,23.8958,2.1012,1.1137,1.0304,1.6458,3.2916,906200.0,628670.0,330851.2016,27530356.0,19098994.6,33.1,27.08,1.192
601601,中国太保,保险,上海,20071225,601601.SH,20161201,30.22,30.57,30.04,30.09,30.21,-0.12,-0.4,55260.21,167164.532,0.0879,0.167,0.6,15.3811,23.6677,2.0811,1.103,1.0206,1.6617,3.3234,906200.0,628670.0,330851.2016,27267558.0,18916680.3,33.23,27.19,1.192
601601,中国太保,保险,上海,20071225,601601.SH,20161130,30.87,30.99,30.06,30.21,30.85,-0.64,-2.07,101177.36,308732.174,0.1609,0.3058,1.2,15.4424,23.7621,2.0894,1.1074,1.0247,1.6551,3.3102,906200.0,628670.0,330851.2016,27376302.0,18992120.7,33.94,27.77,1.192
601601,中国太保,保险,上海,20071225,601601.SH,20161129,30.77,30.96,30.44,30.85,30.73,0.12,0.39,81702.78,251149.031,0.13,0.2469,0.82,15.7696,24.2655,2.1337,1.1309,1.0464,1.6207,3.2415,906200.0,628670.0,330851.2016,27956270.0,19394469.5,33.8,27.66,1.192
601601,中国太保,保险,上海,20071225,601601.SH,20161128,31.15,31.5,30.64,30.73,31.14,-0.41,-1.32,88870.6,275181.385,0.1414,0.2686,0.74,15.7082,24.1711,2.1254,1.1265,1.0423,1.6271,3.2541,906200.0,628670.0,330851.2016,27847526.0,19319029.1,34.25,28.03,1.192
601601,中国太保,保险,上海,20071225,601601.SH,20161125,31.03,31.18,30.65,31.14,31.09,0.05,0.16,70952.27,219088.693,0.1129,0.2145,0.6,15.9178,24.4936,2.1537,1.1415,1.0562,1.6057,3.2113,906200.0,628670.0,330851.2016,28219068.0,19576783.8,34.2,27.98,1.192
601601,中国太保,保险,上海,20071225,601601.SH,20161124,30.99,31.34,30.64,31.09,30.86,0.23,0.75,114642.66,355463.696,0.1824,0.3465,1.06,15.8922,24.4543,2.1503,1.1397,1.0545,1.6082,3.2165,906200.0,628670.0,330851.2016,28173758.0,19545350.3,33.95,27.77,1.192
601601,中国太保,保险,上海,20071225,601601.SH,20161123,30.9,31.15,30.75,30.86,30.89,-0.03,-0.1,63689.74,196848.596,0.1013,0.1925,0.59,15.7747,24.2734,2.1344,1.1313,1.0467,1.6202,3.2404,906200.0,628670.0,330851.2016,27965332.0,19400756.2,33.98,27.8,1.192
601601,中国太保,保险,上海,20071225,601601.SH,20161122,30.61,31.38,30.54,30.89,30.91,-0.02,-0.06,157454.17,487728.724,0.2505,0.4759,1.8,15.79,24.297,2.1364,1.1324,1.0477,1.6186,3.2373,906200.0,628670.0,330851.2016,27992518.0,19419616.3,34.0,27.82,1.192
601601,中国太保,保险,上海,20071225,601601.SH,20161121,30.09,31.67,30.01,30.91,30.12,0.79,2.62,196562.79,610947.45,0.3127,0.5941,3.03,15.8002,24.3127,2.1378,1.1331,1.0484,1.6176,3.2352,906200.0,628670.0,330851.2016,28010642.0,19432189.7,33.13,27.11,1.192
601601,中国太保,保险,上海,20071225,601601.SH,20161118,29.85,30.18,29.83,30.12,30.0,0.12,0.4,60074.31,180216.236,0.0956,0.1816,0.81,15.3964,23.6913,2.0832,1.1041,1.0216,1.66,3.3201,906200.0,628670.0,330851.2016,27294744.0,18935540.4,33.0,27.0,1.192
601601,中国太保,保险,上海,20071225,601601.SH,20161117,29.9,30.03,29.8,30.0,29.98,0.02,0.07,62317.88,186667.467,0.0991,0.1884,0.82,15.3351,23.5969,2.0749,1.0997,1.0175,1.6667,3.3333,906200.0,628670.0,330851.2016,27186000.0,18860100.0,32.98,26.98,1.192
601601,中国太保,保险,上海,20071225,601601.SH,20161116,29.95,30.1,29.88,29.98,29.98,0.0,0.0,59771.5,179186.692,0.0951,0.1807,0.66,15.3248,23.5812,2.0735,1.099,1.0169,1.6678,3.3356,906200.0,628670.0,330851.2016,27167876.0,18847526.6,32.98,26.98,1.192
601601,中国太保,保险,上海,20071225,601601.SH,20161115,29.87,30.01,29.85,29.98,29.99,-0.01,-0.03,59339.88,177894.952,0.0944,0.1794,0.64,15.3248,23.5812,2.0735,1.099,1.0169,1.6678,3.3356,906200.0,628670.0,330851.2016,27167876.0,18847526.6,32.99,26.99,1.192
601601,中国太保,保险,上海,20071225,601601.SH,20161114,30.0,30.18,29.8,29.99,29.99,0.0,0.0,82795.21,248250.425,0.1317,0.2502,0.91,15.33,23.589,2.0742,1.0994,1.0172,1.6672,3.3344,906200.0,628670.0,330851.2016,27176938.0,18853813.3,32.99,26.99,1.192
601601,中国太保,保险,上海,20071225,601601.SH,20161111,29.7,30.32,29.7,29.99,29.82,0.17,0.57,104546.42,312798.03,0.1663,0.316,1.18,15.33,23.589,2.0742,1.0994,1.0172,1.6672,3.3344,906200.0,628670.0,330851.2016,27176938.0,18853813.3,32.8,26.84,1.192
601601,中国太保,保险,上海,20071225,601601.SH,20161110,30.13,30.26,29.7,29.82,29.8,0.02,0.07,72019.29,215054.187,0.1146,0.2177,0.78,15.2431,23.4553,2.0624,1.0931,1.0114,1.6767,3.3535,906200.0,628670.0,330851.2016,27022884.0,18746939.4,32.78,26.82,1.192
601601,中国太保,保险,上海,20071225,601601.SH,20161109,30.06,30.09,29.71,29.8,30.02,-0.22,-0.73,131095.09,390887.811,0.2085,0.3962,1.67,15.2328,23.4396,2.061,1.0924,1.0108,1.6779,3.3557,906200.0,628670.0,330851.2016,27004760.0,18734366.0,33.02,27.02,1.192
601601,中国太保,保险,上海,20071225,601601.SH,20161108,29.76,30.05,29.7,30.02,29.77,0.25,0.84,75536.55,226237.069,0.1202,0.2283,1.01,15.3453,23.6126,2.0763,1.1005,1.0182,1.6656,3.3311,906200.0,628670.0,330851.2016,27204124.0,18872673.4,32.75,26.79,1.192
601601,中国太保,保险,上海,20071225,601601.SH,20161107,29.8,30.05,29.56,29.77,29.8,-0.03,-0.1,71326.4,212746.069,0.1135,0.2156,0.95,15.2175,23.416,2.059,1.0913,1.0097,1.6795,3.3591,906200.0,628670.0,330851.2016,26977574.0,18715505.9,32.78,26.82,1.192
601601,中国太保,保险,上海,20071225,601601.SH,20161104,29.76,29.87,29.61,29.8,29.79,0.01,0.03,92458.34,275497.752,0.1471,0.2795,1.23,15.2328,23.4396,2.061,1.0924,1.0108,1.6779,3.3557,906200.0,628670.0,330851.2016,27004760.0,18734366.0,32.77,26.81,1.192
601601,中国太保,保险,上海,20071225,601601.SH,20161103,29.25,29.88,29.25,29.79,29.32,0.47,1.6,93278.63,276064.894,0.1484,0.2819,1.34,15.2277,23.4317,2.0603,1.0921,1.0104,1.6784,3.3568,906200.0,628670.0,330851.2016,26995698.0,18728079.3,32.25,26.39,1.192
601601,中国太保,保险,上海,20071225,601601.SH,20161102,29.29,29.4,29.23,29.32,29.38,-0.06,-0.2,60544.25,177444.933,0.0963,0.183,0.85,14.9875,23.062,2.0278,1.0748,0.9945,1.7053,3.4106,906200.0,628670.0,330851.2016,26569784.0,18432604.4,32.32,26.44,1.192
601601,中国太保,保险,上海,20071225,601601.SH,20161101,29.35,29.4,29.3,29.38,29.32,0.06,0.2,57635.52,169073.531,0.0917,0.1742,0.63,15.0181,23.1092,2.032,1.077,0.9965,1.7018,3.4037,906200.0,628670.0,330851.2016,26624156.0,18470324.6,32.25,26.39,1.192
601601,中国太保,保险,上海,20071225,601601.SH,20161031,29.22,29.38,29.0,29.32,29.38,-0.06,-0.2,70729.29,207024.697,0.1125,0.2138,0.76,14.9875,23.062,2.0278,1.0748,0.9945,1.7053,3.4106,906200.0,628670.0,330851.2016,26569784.0,18432604.4,32.32,26.44,1.192
601601,中国太保,保险,上海,20071225,601601.SH,20161028,29.17,29.75,29.16,29.38,29.21,0.17,0.58,92199.51,271959.731,0.1467,0.2787,1.09,15.0181,21.1723,2.2583,1.077,1.0344,1.7018,3.4037,906200.0,628670.0,330851.2016,26624156.0,18470324.6,32.13,26.29,1.192
601601,中国太保,保险,上海,20071225,601601.SH,20161027,29.19,29.24,29.12,29.21,29.2,0.01,0.03,67206.84,196263.408,0.1069,0.2031,0.84,14.9312,21.0498,2.2452,1.0708,1.0284,1.7117,3.4235,906200.0,628670.0,330851.2016,26470102.0,18363450.7,32.12,26.28,1.192
601601,中国太保,保险,上海,20071225,601601.SH,20161026,29.2,29.26,29.14,29.2,29.14,0.06,0.21,67455.56,196950.281,0.1073,0.2039,0.86,14.9261,21.0426,2.2445,1.0704,1.028,1.7123,3.4247,906200.0,628670.0,330851.2016,26461040.0,18357164.0,32.05,26.23,1.192
601601,中国太保,保险,上海,20071225,601601.SH,20161025,29.3,29.34,29.09,29.14,29.26,-0.12,-0.41,159164.25,463612.526,0.2532,0.4811,2.75,14.8955,20.9993,2.2398,1.0682,1.0259,1.7159,3.4317,906200.0,628670.0,330851.2016,26406668.0,18319443.8,32.19,26.33,1.192
601601,中国太保,保险,上海,20071225,601601.SH,20161024,29.25,29.77,29.14,29.26,29.27,-0.01,-0.03,80862.71,237238.794,0.1286,0.2444,1.43,14.9568,21.0858,2.2491,1.0726,1.0301,1.7088,3.4176,906200.0,628670.0,330851.2016,26515412.0,18394884.2,32.2,26.34,1.192
601601,中国太保,保险,上海,20071225,601601.SH,20161021,29.15,29.32,29.1,29.27,29.13,0.14,0.48,47953.66,140194.189,0.0763,0.1449,0.86,14.9619,21.093,2.2498,1.073,1.0305,1.7082,3.4165,906200.0,628670.0,330851.2016,26524474.0,18401170.9,32.04,26.22,1.192
601601,中国太保,保险,上海,20071225,601601.SH,20161020,29.2,29.4,29.02,29.13,29.18,-0.05,-0.17,46807.11,137098.164,0.0745,0.1415,0.82,14.8903,20.9921,2.2391,1.0679,1.0256,1.7164,3.4329,906200.0,628670.0,330851.2016,26397606.0,18313157.1,32.1,26.26,1.192
601601,中国太保,保险,上海,20071225,601601.SH,20161019,29.26,29.44,29.02,29.18,29.27,-0.09,-0.31,56188.72,164100.914,0.0894,0.1698,0.62,14.9159,21.0282,2.2429,1.0697,1.0273,1.7135,3.427,906200.0,628670.0,330851.2016,26442916.0,18344590.6,32.2,26.34,1.192
601601,中国太保,保险,上海,20071225,601601.SH,20161018,28.63,29.3,28.63,29.27,28.6,0.67,2.34,57646.94,167851.142,0.0917,0.1742,0.61,14.9619,21.093,2.2498,1.073,1.0305,1.7082,3.4165,906200.0,628670.0,330851.2016,26524474.0,18401170.9,31.46,25.74,1.192
601601,中国太保,保险,上海,20071225,601601.SH,20161017,29.42,29.54,28.57,28.6,29.53,-0.93,-3.15,74986.0,217103.041,0.1193,0.2266,0.79,14.6194,20.6102,2.1983,1.0484,1.0069,1.7483,3.4965,906200.0,628670.0,330851.2016,25917320.0,17979962.0,32.48,26.58,1.192
601601,中国太保,保险,上海,20071225,601601.SH,20161014,29.8,29.97,29.41,29.53,29.8,-0.27,-0.91,42872.19,126931.215,0.0682,0.1296,0.43,15.0948,21.2804,2.2698,1.0825,1.0397,1.6932,3.3864,906200.0,628670.0,330851.2016,26760086.0,18564625.1,32.78,26.82,1.192
601601,中国太保,保险,上海,20071225,601601.SH,20161013,30.58,30.58,29.75,29.8,30.52,-0.72,-2.36,54718.7,164057.876,0.087,0.1654,0.55,15.2328,21.475,2.2906,1.0924,1.0492,1.6779,3.3557,906200.0,628670.0,330851.2016,27004760.0,18734366.0,33.57,27.47,1.192
601601,中国太保,保险,上海,20071225,601601.SH,20161012,29.89,30.7,29.71,30.52,29.9,0.62,2.07,225173.13,685841.624,0.3582,0.6806,3.56,15.6009,21.9938,2.3459,1.1188,1.0745,1.6383,3.2765,906200.0,628670.0,330851.2016,27657224.0,19187008.4,32.89,26.91,1.192
601601,中国太保,保险,上海,20071225,601601.SH,20161011,29.59,30.07,29.31,29.9,29.51,0.39,1.32,77738.08,231144.403,0.1237,0.235,1.28,15.2839,21.547,2.2983,1.0961,1.0527,1.6722,3.3445,906200.0,628670.0,330851.2016,27095380.0,18797233.0,32.46,26.56,1.192
601601,中国太保,保险,上海,20071225,601601.SH,20161010,28.99,29.56,28.91,29.51,28.75,0.76,2.64,75063.48,220080.979,0.1194,0.2269,1.3,15.0846,21.266,2.2683,1.0818,1.039,1.6943,3.3887,906200.0,628670.0,330851.2016,26741962.0,18552051.7,31.63,25.88,1.192
601601,中国太保,保险,上海,20071225,601601.SH,20160930,28.99,28.99,28.61,28.75,28.97,-0.22,-0.76,65609.0,188632.612,0.1044,0.1983,1.25,14.6961,20.7183,2.2099,1.0539,1.0122,1.7391,3.4783,906200.0,628670.0,330851.2016,26053250.0,18074262.5,31.87,26.07,1.192
601601,中国太保,保险,上海,20071225,601601.SH,20160929,29.1,29.1,28.9,28.97,28.98,-0.01,-0.03,52383.27,151814.36,0.0833,0.1583,0.85,14.8086,20.8768,2.2268,1.062,1.0199,1.7259,3.4518,906200.0,628670.0,330851.2016,26252614.0,18212569.9,31.88,26.08,1.192
601601,中国太保,保险,上海,20071225,601601.SH,20160928,29.03,29.14,28.9,28.98,28.91,0.07,0.24,45726.88,132628.321,0.0727,0.1382,0.67,14.8137,20.884,2.2275,1.0624,1.0203,1.7253,3.4507,906200.0,628670.0,330851.2016,26261676.0,18218856.6,31.8,26.02,1.192
601601,中国太保,保险,上海,20071225,601601.SH,20160927,28.98,29.13,28.81,28.91,29.02,-0.11,-0.38,65377.33,189529.398,0.104,0.1976,0.93,14.7779,20.8336,2.2222,1.0598,1.0178,1.7295,3.459,906200.0,628670.0,330851.2016,26198242.0,18174849.7,31.92,26.12,1.192
601601,中国太保,保险,上海,20071225,601601.SH,20160926,29.23,29.38,29.0,29.02,29.49,-0.47,-1.59,59693.83,173991.673,0.095,0.1804,0.83,14.8341,20.9129,2.2306,1.0638,1.0217,1.7229,3.4459,906200.0,628670.0,330851.2016,26297924.0,18244003.4,32.44,26.54,1.192
601601,中国太保,保险,上海,20071225,601601.SH,20160923,29.43,29.65,29.33,29.49,29.53,-0.04,-0.14,39326.6,115986.853,0.0626,0.1189,0.45,15.0744,21.2516,2.2667,1.0811,1.0382,1.6955,3.391,906200.0,628670.0,330851.2016,26723838.0,18539478.3,32.48,26.58,1.192
601601,中国太保,保险,上海,20071225,601601.SH,20160922,29.18,29.85,29.0,29.53,29.05,0.48,1.65,98615.38,290830.192,0.1569,0.2981,1.1,15.0948,21.2804,2.2698,1.0825,1.0397,1.6932,3.3864,906200.0,628670.0,330851.2016,26760086.0,18564625.1,31.96,26.15,1.192
601601,中国太保,保险,上海,20071225,601601.SH,20160921,28.83,29.2,28.73,29.05,28.82,0.23,0.8,79683.23,231125.774,0.1267,0.2408,0.72,14.8495,20.9345,2.2329,1.0649,1.0228,1.7212,3.4423,906200.0,628670.0,330851.2016,26325110.0,18262863.5,31.7,25.94,1.192
601601,中国太保,保险,上海,20071225,601601.SH,20160920,28.27,28.92,28.27,28.82,28.53,0.29,1.02,72689.58,208777.346,0.1156,0.2197,0.6,14.7319,20.7687,2.2152,1.0565,1.0147,1.7349,3.4698,906200.0,628670.0,330851.2016,26116684.0,18118269.4,31.38,25.68,1.192
601601,中国太保,保险,上海,20071225,601601.SH,20160919,28.45,28.68,28.35,28.53,28.46,0.07,0.25,70897.55,202392.341,0.1128,0.2143,0.55,14.5836,20.5598,2.193,1.0459,1.0044,1.7525,3.5051,906200.0,628670.0,330851.2016,25853886.0,17935955.1,31.31,25.61,1.192
601601,中国太保,保险,上海,20071225,601601.SH,20160914,28.08,28.57,27.95,28.46,28.4,0.06,0.21,113526.02,321598.31,0.1806,0.3431,0.66,14.5479,20.5093,2.1876,1.0433,1.002,1.7569,3.5137,906200.0,628670.0,330851.2016,25790452.0,17891948.2,31.24,25.56,1.192
601601,中国太保,保险,上海,20071225,601601.SH,20160913,28.77,28.8,28.0,28.4,29.1,-0.7,-2.41,110203.3,312621.002,0.1753,0.3331,0.64,14.5172,20.4661,2.183,1.0411,0.9999,1.7606,3.5211,906200.0,628670.0,330851.2016,25736080.0,17854228.0,32.01,26.19,1.192
601601,中国太保,保险,上海,20071225,601601.SH,20160912,28.79,29.12,27.92,29.1,29.4,-0.3,-1.02,182448.42,521145.606,0.2902,0.5515,1.17,14.875,20.9705,2.2368,1.0668,1.0245,1.7182,3.4364,906200.0,628670.0,330851.2016,26370420.0,18294297.0,32.34,26.46,1.192
601601,中国太保,保险,上海,20071225,601601.SH,20160909,29.04,29.5,28.73,29.4,29.24,0.16,0.55,124023.81,361337.986,0.1973,0.3749,0.76,15.0284,21.1867,2.2598,1.0778,1.0351,1.7007,3.4014,906200.0,628670.0,330851.2016,26642280.0,18482898.0,32.16,26.32,1.192
601601,中国太保,保险,上海,20071225,601601.SH,20160908,28.93,29.36,28.69,29.24,29.04,0.2,0.69,110679.82,321361.646,0.1761,0.3345,0.6,14.9466,21.0714,2.2475,1.0719,1.0294,1.71,3.42,906200.0,628670.0,330851.2016,26497288.0,18382310.8,31.94,26.14,1.192
601601,中国太保,保险,上海,20071225,601601.SH,20160907,28.53,29.85,28.35,29.04,28.39,0.65,2.29,335105.74,983365.203,0.533,1.0129,2.16,14.8443,20.9273,2.2322,1.0646,1.0224,1.7218,3.4435,906200.0,628670.0,330851.2016,26316048.0,18256576.8,31.23,25.55,1.192
601601,中国太保,保险,上海,20071225,601601.SH,20160906,27.85,28.44,27.77,28.39,28.0,0.39,1.39,115182.16,323636.972,0.1832,0.3481,0.78,14.5121,20.4589,2.1822,1.0407,0.9995,1.7612,3.5224,906200.0,628670.0,330851.2016,25727018.0,17847941.3,30.8,25.2,1.192
601601,中国太保,保险,上海,20071225,601601.SH,20160905,28.23,28.4,27.92,28.0,28.23,-0.23,-0.81,91749.41,257829.563,0.1459,0.2773,0.64,14.3127,20.1778,2.1522,1.0264,0.9858,1.7857,3.5714,906200.0,628670.0,330851.2016,25373600.0,17602760.0,31.05,25.41,1.192
601601,中国太保,保险,上海,20071225,601601.SH,20160902,28.16,28.24,27.75,28.23,27.98,0.25,0.89,168233.94,471869.747,0.2676,0.5085,1.41,14.4303,20.3436,2.1699,1.0349,0.9939,1.7712,3.5423,906200.0,628670.0,330851.2016,25582026.0,17747354.1,30.78,25.18,1.192
601601,中国太保,保险,上海,20071225,601601.SH,20160901,27.47,28.2,27.27,27.98,27.47,0.51,1.86,218310.37,608767.131,0.3473,0.6598,2.32,14.3025,20.1634,2.1507,1.0257,0.9851,1.787,3.574,906200.0,628670.0,330851.2016,25355476.0,17590186.6,30.22,24.72,1.192
601601,中国太保,保险,上海,20071225,601601.SH,20160831,26.6,27.64,26.59,27.47,26.7,0.77,2.88,183234.37,499342.303,0.2915,0.5538,2.59,14.0418,19.7959,2.1115,1.007,0.9671,1.8202,3.6403,906200.0,628670.0,330851.2016,24893314.0,17269564.9,29.37,24.03,1.192
601601,中国太保,保险,上海,20071225,601601.SH,20160830,26.68,26.86,26.55,26.7,26.73,-0.03,-0.11,79229.63,211740.212,0.126,0.2395,1.14,13.6482,19.241,2.0523,0.9788,0.94,1.8727,3.7453,906200.0,628670.0,330851.2016,24195540.0,16785489.0,29.4,24.06,1.192
601601,中国太保,保险,上海,20071225,601601.SH,20160829,26.6,26.76,26.44,26.73,26.51,0.22,0.83,72669.29,193675.625,0.1156,0.2196,1.04,13.6635,19.2626,1.9638,0.9799,0.9411,1.8706,3.7411,906200.0,628670.0,330851.2016,24222726.0,16804349.1,29.16,23.86,1.192
601601,中国太保,保险,上海,20071225,601601.SH,20160826,26.42,26.6,26.4,26.51,26.42,0.09,0.34,44708.28,118476.771,0.0711,0.1351,0.58,13.5511,15.99,1.9476,0.9718,0.9352,1.8861,3.7722,906200.0,628670.0,330851.2016,24023362.0,16666041.7,29.06,23.78,1.192
601601,中国太保,保险,上海,20071225,601601.SH,20160825,26.42,26.53,26.31,26.42,26.42,0.0,0.0,89819.89,237278.686,0.1429,0.2715,0.52,13.5051,15.9357,1.941,0.9685,0.932,1.8925,3.785,906200.0,628670.0,330851.2016,23941804.0,16609461.4,29.06,23.78,1.192
601601,中国太保,保险,上海,20071225,601601.SH,20160824,26.42,26.51,26.37,26.42,26.42,0.0,0.0,67419.96,178104.694,0.1072,0.2038,0.37,13.5051,15.9357,1.941,0.9685,0.932,1.8925,3.785,906200.0,628670.0,330851.2016,23941804.0,16609461.4,29.06,23.78,1.192
601601,中国太保,保险,上海,20071225,601601.SH,20160823,26.43,26.86,26.38,26.42,26.42,0.0,0.0,73355.23,194672.557,0.1167,0.2217,0.34,13.5051,15.9357,1.941,0.9685,0.932,1.8925,3.785,906200.0,628670.0,330851.2016,23941804.0,16609461.4,29.06,23.78,1.192
601601,中国太保,保险,上海,20071225,601601.SH,20160822,26.4,26.47,26.38,26.42,26.4,0.02,0.08,75443.15,199191.179,0.12,0.228,0.28,13.5051,15.9357,1.941,0.9685,0.932,1.8925,3.785,906200.0,628670.0,330851.2016,23941804.0,16609461.4,29.04,23.76,1.192
601601,中国太保,保险,上海,20071225,601601.SH,20160819,26.35,26.48,26.31,26.4,26.37,0.03,0.11,79972.81,211129.339,0.1272,0.2417,0.29,13.4949,15.9236,1.9395,0.9678,0.9313,1.8939,3.7879,906200.0,628670.0,330851.2016,23923680.0,16596888.0,29.01,23.73,1.192
601601,中国太保,保险,上海,20071225,601601.SH,20160818,26.5,26.75,26.33,26.37,26.44,-0.07,-0.26,568643.63,1500899.511,0.9045,1.7187,2.84,13.4795,15.9055,1.9373,0.9667,0.9302,1.8961,3.7922,906200.0,628670.0,330851.2016,23896494.0,16578027.9,29.08,23.8,1.192
601601,中国太保,保险,上海,20071225,601601.SH,20160817,26.57,26.62,26.38,26.44,26.38,0.06,0.23,113440.1,300140.348,0.1804,0.3429,0.58,13.5153,15.9478,1.9425,0.9692,0.9327,1.8911,3.7821,906200.0,628670.0,330851.2016,23959928.0,16622034.8,29.02,23.74,1.192
601601,中国太保,保险,上海,20071225,601601.SH,20160816,26.72,26.89,26.25,26.38,26.75,-0.37,-1.38,236693.53,627286.471,0.3765,0.7154,1.49,13.4846,15.9116,1.938,0.967,0.9306,1.8954,3.7908,906200.0,628670.0,330851.2016,23905556.0,16584314.6,29.43,24.08,1.192
601601,中国太保,保险,上海,20071225,601601.SH,20160815,26.1,27.52,25.97,26.75,26.14,0.61,2.33,326524.08,876173.984,0.5194,0.9869,3.15,13.6738,16.1348,1.9652,0.9806,0.9437,1.8692,3.7383,906200.0,628670.0,330851.2016,24240850.0,16816922.5,28.75,23.53,1.192
601601,中国太保,保险,上海,20071225,601601.SH,20160812,25.68,26.19,25.66,26.14,25.82,0.32,1.24,144881.82,374533.868,0.2305,0.4379,1.65,13.362,15.7668,1.9204,0.9582,0.9221,1.9128,3.8256,906200.0,628670.0,330851.2016,23688068.0,16433433.8,28.4,23.24,1.192
601601,中国太保,保险,上海,20071225,601601.SH,20160811,25.9,26.75,25.75,25.82,26.02,-0.2,-0.77,179259.26,468961.515,0.2851,0.5418,2.79,13.1984,15.5738,1.8969,0.9465,0.9108,1.9365,3.873,906200.0,628670.0,330851.2016,23398084.0,16232259.4,28.62,23.42,1.192
601601,中国太保,保险,上海,20071225,601601.SH,20160810,27.01,27.05,26.88,27.02,26.94,0.08,0.3,88946.77,239898.654,0.1415,0.2688,1.54,13.8118,16.2976,1.8492,0.9905,0.9532,1.8505,,906200.0,628670.0,330851.2016,24485524.0,16986663.4,29.63,24.25,1.148
601601,中国太保,保险,上海,20071225,601601.SH,20160809,26.89,26.97,26.83,26.94,26.85,0.09,0.34,56131.98,150946.752,0.0893,0.1697,0.79,13.7709,16.2494,1.8437,0.9876,0.9504,1.856,,906200.0,628670.0,330851.2016,24413028.0,16936369.8,29.54,24.17,1.148
601601,中国太保,保险,上海,20071225,601601.SH,20160808,26.75,26.95,26.68,26.85,26.71,0.14,0.52,49064.71,131658.555,0.078,0.1483,0.64,13.7249,16.1951,1.8376,0.9843,0.9472,1.8622,,906200.0,628670.0,330851.2016,24331470.0,16879789.5,29.38,24.04,1.148
601601,中国太保,保险,上海,20071225,601601.SH,20160805,26.8,26.8,26.68,26.71,26.73,-0.02,-0.07,65674.16,175459.02,0.1045,0.1985,0.88,13.6533,16.1106,1.828,0.9791,0.9422,1.872,,906200.0,628670.0,330851.2016,24204602.0,16791775.7,29.4,24.06,1.148
601601,中国太保,保险,上海,20071225,601601.SH,20160804,26.84,26.85,26.68,26.73,26.71,0.02,0.07,61508.6,164301.015,0.0978,0.1859,0.81,13.6635,16.1227,1.8294,0.9799,0.9429,1.8706,,906200.0,628670.0,330851.2016,24222726.0,16804349.1,29.38,24.04,1.148
601601,中国太保,保险,上海,20071225,601601.SH,20160803,26.54,26.79,26.48,26.71,26.74,-0.03,-0.11,56545.27,150927.24,0.0899,0.1709,0.57,13.6533,16.1106,1.828,0.9791,0.9422,1.872,,906200.0,628670.0,330851.2016,24204602.0,16791775.7,29.41,24.07,1.148
601601,中国太保,保险,上海,20071225,601601.SH,20160802,26.7,26.85,26.69,26.74,26.7,0.04,0.15,122871.43,328600.112,0.1954,0.3714,1.45,13.6687,16.1287,1.83,0.9802,0.9433,1.8699,,906200.0,628670.0,330851.2016,24231788.0,16810635.8,29.37,24.03,1.148
601601,中国太保,保险,上海,20071225,601601.SH,20160801,26.7,26.97,26.68,26.7,26.79,-0.09,-0.34,74245.05,198628.977,0.1181,0.2244,0.97,13.6482,16.1046,1.8273,0.9788,0.9419,1.8727,,906200.0,628670.0,330851.2016,24195540.0,16785489.0,29.47,24.11,1.148
601601,中国太保,保险,上海,20071225,601601.SH,20160729,27.09,27.24,26.72,26.79,27.16,-0.37,-1.36,59869.06,161706.196,0.0952,0.181,0.79,13.6942,16.1589,1.8335,0.9821,0.9451,1.8664,,906200.0,628670.0,330851.2016,24277098.0,16842069.3,29.88,24.44,1.148
601601,中国太保,保险,上海,20071225,601601.SH,20160728,27.35,27.55,27.09,27.16,27.6,-0.44,-1.59,65351.51,177996.757,0.104,0.1975,0.92,13.8833,16.3821,1.8588,0.9956,0.9581,1.8409,,906200.0,628670.0,330851.2016,24612392.0,17074677.2,30.36,24.84,1.148
601601,中国太保,保险,上海,20071225,601601.SH,20160727,27.08,27.62,26.5,27.6,27.08,0.52,1.92,173406.4,471181.391,0.2758,0.5241,3.89,14.1083,16.6474,1.8889,1.0118,0.9736,1.8116,,906200.0,628670.0,330851.2016,25011120.0,17351292.0,29.79,24.37,1.148
601601,中国太保,保险,上海,20071225,601601.SH,20160726,27.1,27.27,26.99,27.08,27.1,-0.02,-0.07,52159.6,141268.428,0.083,0.1577,1.25,13.8425,16.3338,1.8533,0.9927,0.9553,1.8464,,906200.0,628670.0,330851.2016,24539896.0,17024383.6,29.81,24.39,1.148
601601,中国太保,保险,上海,20071225,601601.SH,20160725,27.1,27.2,26.96,27.1,27.1,0.0,0.0,33632.47,91054.341,0.0535,0.1017,0.7,13.8527,16.3459,1.8547,0.9934,0.956,1.845,,906200.0,628670.0,330851.2016,24558020.0,17036957.0,29.81,24.39,1.148
601601,中国太保,保险,上海,20071225,601601.SH,20160722,27.35,27.55,26.95,27.1,27.45,-0.35,-1.28,54256.08,147227.77,0.0863,0.164,0.98,13.8527,16.3459,1.8547,0.9934,0.956,1.845,,906200.0,628670.0,330851.2016,24558020.0,17036957.0,30.2,24.71,1.148
601601,中国太保,保险,上海,20071225,601601.SH,20160721,27.23,27.58,27.21,27.45,27.27,0.18,0.66,43552.11,119731.071,0.0693,0.1316,0.79,14.0316,16.557,1.8786,1.0063,0.9683,1.8215,,906200.0,628670.0,330851.2016,24875190.0,17256991.5,30.0,24.54,1.148
601601,中国太保,保险,上海,20071225,601601.SH,20160720,27.01,27.31,26.95,27.27,27.13,0.14,0.52,39511.63,107283.294,0.0628,0.1194,0.61,13.9396,16.4484,1.8663,0.9997,0.962,1.8335,,906200.0,628670.0,330851.2016,24712074.0,17143830.9,29.84,24.42,1.148
601601,中国太保,保险,上海,20071225,601601.SH,20160719,27.42,27.46,26.95,27.13,27.42,-0.29,-1.06,38462.57,104407.859,0.0612,0.1163,0.54,13.868,16.364,1.8567,0.9945,0.9571,1.843,,906200.0,628670.0,330851.2016,24585206.0,17055817.1,30.16,24.68,1.148
601601,中国太保,保险,上海,20071225,601601.SH,20160718,27.38,27.63,27.3,27.42,27.44,-0.02,-0.07,64792.99,178009.252,0.1031,0.1958,0.98,14.0162,16.5389,1.8766,1.0052,0.9673,1.8235,,906200.0,628670.0,330851.2016,24848004.0,17238131.4,30.18,24.7,1.148
601601,中国太保,保险,上海,20071225,601601.SH,20160715,27.38,27.57,27.3,27.44,27.38,0.06,0.22,89458.06,245503.446,0.1423,0.2704,1.62,14.0265,16.5509,1.878,1.0059,0.968,1.8222,1.8222,906200.0,628670.0,330851.2016,24866128.0,17250704.8,30.12,24.64,1.148
601601,中国太保,保险,上海,20071225,601601.SH,20160714,27.39,27.44,27.22,27.38,27.35,0.03,0.11,42390.59,115873.016,0.0674,0.1281,0.76,13.9958,16.5147,1.8738,1.0037,0.9659,1.8262,1.8262,906200.0,628670.0,330851.2016,24811756.0,17212984.6,30.09,24.62,1.148
601601,中国太保,保险,上海,20071225,601601.SH,20160713,27.27,27.69,27.23,27.35,27.27,0.08,0.29,87865.64,240530.855,0.1398,0.2656,1.67,13.9805,16.4967,1.8718,1.0026,0.9648,1.8282,1.8282,906200.0,628670.0,330851.2016,24784570.0,17194124.5,30.0,24.54,1.148
601601,中国太保,保险,上海,20071225,601601.SH,20160712,26.8,27.32,26.73,27.27,26.81,0.46,1.72,70830.53,191938.336,0.1127,0.2141,1.37,13.9396,16.4484,1.8663,0.9997,0.962,1.8335,1.8335,906200.0,628670.0,330851.2016,24712074.0,17143830.9,29.49,24.13,1.148
601601,中国太保,保险,上海,20071225,601601.SH,20160711,26.85,26.98,26.73,26.81,26.73,0.08,0.3,38503.3,103494.377,0.0612,0.1164,0.63,13.7044,16.1709,1.8348,0.9828,0.9458,1.865,1.865,906200.0,628670.0,330851.2016,24295222.0,16854642.7,29.4,24.06,1.148
601601,中国太保,保险,上海,20071225,601601.SH,20160708,26.88,26.88,26.71,26.73,26.91,-0.18,-0.67,37336.03,99894.437,0.0594,0.1128,0.61,13.6635,16.1227,1.8294,0.9799,0.9429,1.8706,1.8706,906200.0,628670.0,330851.2016,24222726.0,16804349.1,29.6,24.22,1.148
601601,中国太保,保险,上海,20071225,601601.SH,20160707,26.87,26.96,26.72,26.91,26.87,0.04,0.15,42784.74,114894.99,0.0681,0.1293,0.65,13.7556,16.2313,1.8417,0.9865,0.9493,1.858,1.858,906200.0,628670.0,330851.2016,24385842.0,16917509.7,29.56,24.18,1.148
601601,中国太保,保险,上海,20071225,601601.SH,20160706,27.0,27.1,26.66,26.87,27.12,-0.25,-0.92,74130.16,198621.068,0.1179,0.2241,1.19,13.7351,16.2071,1.8389,0.985,0.9479,1.8608,1.8608,906200.0,628670.0,330851.2016,24349594.0,16892362.9,29.83,24.41,1.148
601601,中国太保,保险,上海,20071225,601601.SH,20160705,27.43,27.48,27.01,27.12,27.43,-0.31,-1.13,65776.64,179109.777,0.1046,0.1988,1.09,13.8629,16.3579,1.8561,0.9942,0.9567,1.8437,1.8437,906200.0,628670.0,330851.2016,24576144.0,17049530.4,30.17,24.69,1.148
601601,中国太保,保险,上海,20071225,601601.SH,20160704,27.0,27.72,26.95,27.43,27.03,0.4,1.48,84145.03,230786.57,0.1338,0.2543,1.48,14.0214,16.5449,1.8773,1.0055,0.9676,1.8228,1.8228,906200.0,628670.0,330851.2016,24857066.0,17244418.1,29.73,24.33,1.148
601601,中国太保,保险,上海,20071225,601601.SH,20160701,27.04,27.25,26.9,27.03,27.04,-0.01,-0.04,40616.96,109856.025,0.0646,0.1228,0.57,13.8169,16.3036,1.8499,0.9909,0.9535,1.8498,1.8498,906200.0,628670.0,330851.2016,24494586.0,16992950.1,29.74,24.34,1.148
601601,中国太保,保险,上海,20071225,601601.SH,20160630,26.88,27.19,26.75,27.04,26.9,0.14,0.52,64964.15,175608.611,0.1033,0.1964,0.94,13.822,16.3097,1.8506,0.9912,0.9539,1.8491,1.8491,906200.0,628670.0,330851.2016,24503648.0,16999236.8,29.59,24.21,1.148
601601,中国太保,保险,上海,20071225,601601.SH,20160629,26.73,26.94,26.7,26.9,26.73,0.17,0.64,57111.64,153019.087,0.0908,0.1726,0.9,13.7504,16.2252,1.841,0.9861,0.9489,1.8587,1.8587,906200.0,628670.0,330851.2016,24376780.0,16911223.0,29.4,24.06,1.148
601601,中国太保,保险,上海,20071225,601601.SH,20160628,26.65,26.83,26.61,26.73,26.72,0.01,0.04,55765.13,148975.184,0.0887,0.1686,0.84,13.6635,16.1227,1.8294,0.9799,0.9429,1.8706,1.8706,906200.0,628670.0,330851.2016,24222726.0,16804349.1,29.39,24.05,1.148
601601,中国太保,保险,上海,20071225,601601.SH,20160627,26.7,26.81,26.63,26.72,26.72,0.0,0.0,65407.67,174690.145,0.104,0.1977,1.05,13.6584,16.1167,1.8287,0.9795,0.9426,1.8713,1.8713,906200.0,628670.0,330851.2016,24213664.0,16798062.4,29.39,24.05,1.148
601601,中国太保,保险,上海,20071225,601601.SH,20160624,26.62,26.84,26.55,26.72,26.71,0.01,0.04,114112.51,304635.854,0.1815,0.3449,2.16,13.6584,16.1167,1.8287,0.9795,0.9426,1.8713,1.8713,906200.0,628670.0,330851.2016,24213664.0,16798062.4,29.38,24.04,1.148
601601,中国太保,保险,上海,20071225,601601.SH,20160623,27.08,27.08,26.65,26.71,27.0,-0.29,-1.07,52851.87,141368.857,0.0841,0.1597,0.79,13.6533,16.1106,1.828,0.9791,0.9422,1.872,1.872,906200.0,628670.0,330851.2016,24204602.0,16791775.7,29.7,24.3,1.148
601601,中国太保,保险,上海,20071225,601601.SH,20160622,27.06,27.11,26.91,27.0,27.1,-0.1,-0.37,28471.3,76944.526,0.0453,0.0861,0.36,13.8016,16.2855,1.8478,0.9898,0.9525,1.8519,1.8519,906200.0,628670.0,330851.2016,24467400.0,16974090.0,29.81,24.39,1.148
601601,中国太保,保险,上海,20071225,601601.SH,20160621,27.15,27.48,27.09,27.1,27.11,-0.01,-0.04,71177.62,193467.316,0.1132,0.2151,0.89,13.8527,16.3459,1.8547,0.9934,0.956,1.845,1.845,906200.0,628670.0,330851.2016,24558020.0,17036957.0,29.82,24.4,1.148
601601,中国太保,保险,上海,20071225,601601.SH,20160620,27.1,27.2,27.0,27.11,27.1,0.01,0.04,45620.14,123660.705,0.0726,0.1379,0.48,13.8578,16.3519,1.8554,0.9938,0.9564,1.8443,1.8443,906200.0,628670.0,330851.2016,24567082.0,17043243.7,29.81,24.39,1.148
601601,中国太保,保险,上海,20071225,601601.SH,20160617,26.85,27.18,26.85,27.1,26.96,0.14,0.52,66397.63,179933.254,0.1056,0.2007,0.7,13.8527,16.3459,1.8547,0.9934,0.956,1.845,1.845,906200.0,628670.0,330851.2016,24558020.0,17036957.0,29.66,24.26,1.148
601601,中国太保,保险,上海,20071225,601601.SH,20160616,26.62,27.05,26.62,26.96,26.89,0.07,0.26,123042.31,331770.655,0.1957,0.3719,1.55,13.7811,16.2614,1.8451,0.9883,0.9511,1.8546,1.8546,906200.0,628670.0,330851.2016,24431152.0,16948943.2,29.58,24.2,1.148
601601,中国太保,保险,上海,20071225,601601.SH,20160615,26.41,27.0,26.41,26.89,26.93,-0.04,-0.15,86252.36,231437.438,0.1372,0.2607,1.14,13.7453,16.2192,1.8403,0.9857,0.9486,1.8594,1.8594,906200.0,628670.0,330851.2016,24367718.0,16904936.3,29.62,24.24,1.148
601601,中国太保,保险,上海,20071225,601601.SH,20160614,26.8,27.07,26.63,26.93,26.87,0.06,0.22,78888.73,212277.634,0.1255,0.2384,1.07,13.7658,16.2433,1.843,0.9872,0.95,1.8567,1.8567,906200.0,628670.0,330851.2016,24403966.0,16930083.1,29.56,24.18,1.148
601601,中国太保,保险,上海,20071225,601601.SH,20160613,26.62,27.08,26.5,26.87,27.03,-0.16,-0.59,125213.69,336555.461,0.1992,0.3785,2.07,13.7351,16.2071,1.8389,0.985,0.9479,1.8608,1.8608,906200.0,628670.0,330851.2016,24349594.0,16892362.9,29.73,24.33,1.148
601601,中国太保,保险,上海,20071225,601601.SH,20160608,27.16,27.16,26.99,27.03,27.08,-0.05,-0.18,61155.9,165399.344,0.0973,0.1848,0.93,13.8169,16.3036,1.8499,0.9909,0.9535,1.8498,1.8498,906200.0,628670.0,330851.2016,24494586.0,16992950.1,29.79,24.37,1.148
601601,中国太保,保险,上海,20071225,601601.SH,20160607,27.2,27.2,27.04,27.08,27.07,0.01,0.04,45777.94,124012.146,0.0728,0.1384,0.45,13.8425,16.3338,1.8533,0.9927,0.9553,1.8464,1.8464,906200.0,628670.0,330851.2016,24539896.0,17024383.6,29.78,24.36,1.148
601601,中国太保,保险,上海,20071225,601601.SH,20160606,27.12,27.18,26.93,27.07,27.08,-0.01,-0.04,68711.96,185892.902,0.1093,0.2077,0.69,13.8373,16.3278,1.8526,0.9923,0.9549,1.8471,1.8471,906200.0,628670.0,330851.2016,24530834.0,17018096.9,29.79,24.37,1.148
601601,中国太保,保险,上海,20071225,601601.SH,20160603,27.12,27.17,26.88,27.08,26.91,0.17,0.63,66894.4,180807.486,0.1064,0.2022,0.72,13.8425,16.3338,1.8533,0.9927,0.9553,1.8464,1.8464,906200.0,628670.0,330851.2016,24539896.0,17024383.6,29.6,24.22,1.148
601601,中国太保,保险,上海,20071225,601601.SH,20160602,27.07,27.19,26.82,26.91,27.04,-0.13,-0.48,59603.01,160531.124,0.0948,0.1802,0.63,13.7556,16.2313,1.8417,0.9865,0.9493,1.858,1.858,906200.0,628670.0,330851.2016,24385842.0,16917509.7,29.74,24.34,1.148
601601,中国太保,保险,上海,20071225,601601.SH,20160601,27.13,27.29,27.0,27.04,27.29,-0.25,-0.92,88724.22,240825.824,0.1411,0.2682,1.06,13.822,16.3097,1.8506,0.9912,0.9539,1.8491,1.8491,906200.0,628670.0,330851.2016,24503648.0,16999236.8,30.02,24.56,1.148
601601,中国太保,保险,上海,20071225,601601.SH,20160531,26.81,27.95,26.8,27.29,26.88,0.41,1.53,226916.43,624763.566,0.3609,0.6859,4.58,13.9498,16.4605,1.8677,1.0004,0.9627,1.8322,1.8322,906200.0,628670.0,330851.2016,24730198.0,17156404.3,29.57,24.19,1.148
601601,中国太保,保险,上海,20071225,601601.SH,20160530,26.88,26.9,26.55,26.88,26.66,0.22,0.83,54116.78,144917.917,0.0861,0.1636,1.1,13.7402,16.2132,1.8396,0.9854,0.9482,1.8601,1.8601,906200.0,628670.0,330851.2016,24358656.0,16898649.6,29.33,23.99,1.148
601601,中国太保,保险,上海,20071225,601601.SH,20160527,26.5,26.74,26.5,26.66,26.61,0.05,0.19,36214.8,96581.978,0.0576,0.1095,0.7,13.6278,16.0805,1.8246,0.9773,0.9405,1.8755,1.8755,906200.0,628670.0,330851.2016,24159292.0,16760342.2,29.27,23.95,1.148
601601,中国太保,保险,上海,20071225,601601.SH,20160526,26.59,26.92,26.51,26.61,26.58,0.03,0.11,64174.91,171236.411,0.1021,0.194,1.13,13.6022,16.0503,1.8211,0.9755,0.9387,1.879,1.879,906200.0,628670.0,330851.2016,24113982.0,16728908.7,29.24,23.92,1.148
601601,中国太保,保险,上海,20071225,601601.SH,20160525,26.77,26.8,26.51,26.58,26.49,0.09,0.34,35573.7,94862.871,0.0566,0.1075,0.4,13.5869,16.0322,1.8191,0.9744,0.9377,1.8811,1.8811,906200.0,628670.0,330851.2016,24086796.0,16710048.6,29.14,23.84,1.148
601601,中国太保,保险,上海,20071225,601601.SH,20160524,26.8,26.89,26.32,26.49,26.86,-0.37,-1.38,57635.74,152834.009,0.0917,0.1742,0.61,13.5409,15.9779,1.8129,0.9711,0.9345,1.8875,1.8875,906200.0,628670.0,330851.2016,24005238.0,16653468.3,29.55,24.17,1.148
601601,中国太保,保险,上海,20071225,601601.SH,20160523,26.95,27.02,26.82,26.86,26.96,-0.1,-0.37,52503.72,141392.604,0.0835,0.1587,0.4,13.73,16.2011,1.8383,0.9846,0.9475,1.8615,1.8615,906200.0,628670.0,330851.2016,24340532.0,16886076.2,29.66,24.26,1.148
601601,中国太保,保险,上海,20071225,601601.SH,20160520,26.83,27.06,26.8,26.96,26.91,0.05,0.19,47367.41,127619.277,0.0753,0.1432,0.3,13.7811,16.2614,1.8451,0.9883,0.9511,1.8546,1.8546,906200.0,628670.0,330851.2016,24431152.0,16948943.2,29.6,24.22,1.148
601601,中国太保,保险,上海,20071225,601601.SH,20160519,26.8,27.01,26.78,26.91,26.94,-0.03,-0.11,91197.14,245382.562,0.1451,0.2756,0.54,13.7556,16.2313,1.8417,0.9865,0.9493,1.858,1.858,906200.0,628670.0,330851.2016,24385842.0,16917509.7,29.63,24.25,1.148
601601,中国太保,保险,上海,20071225,601601.SH,20160518,26.32,26.99,26.3,26.94,26.44,0.5,1.89,194988.52,521273.322,0.3102,0.5894,1.1,13.7709,16.2494,1.8437,0.9876,0.9504,1.856,1.856,906200.0,628670.0,330851.2016,24413028.0,16936369.8,29.08,23.8,1.148
601601,中国太保,保险,上海,20071225,601601.SH,20160517,26.48,26.55,26.34,26.44,26.45,-0.01,-0.04,82530.19,218135.172,0.1313,0.2494,0.43,13.5153,15.9478,1.8095,0.9692,0.9327,1.8911,1.8911,906200.0,628670.0,330851.2016,23959928.0,16622034.8,29.1,23.81,1.148
601601,中国太保,保险,上海,20071225,601601.SH,20160516,26.35,26.71,26.32,26.45,26.59,-0.14,-0.53,242060.35,642600.215,0.385,0.7316,1.36,13.5204,15.9538,1.8102,0.9696,0.9331,1.8904,1.8904,906200.0,628670.0,330851.2016,23968990.0,16628321.5,29.25,23.93,1.148
601601,中国太保,保险,上海,20071225,601601.SH,20160513,26.41,26.75,26.25,26.59,26.59,0.0,0.0,179765.29,478161.801,0.2859,0.5433,0.88,13.592,16.0382,1.8198,0.9747,0.938,1.8804,1.8804,906200.0,628670.0,330851.2016,24095858.0,16716335.3,29.25,23.93,1.148
601601,中国太保,保险,上海,20071225,601601.SH,20160512,25.75,26.66,25.63,26.59,25.83,0.76,2.94,152426.46,400603.433,0.2425,0.4607,0.79,13.592,16.0382,1.8198,0.9747,0.938,1.8804,1.8804,906200.0,628670.0,330851.2016,24095858.0,16716335.3,28.41,23.25,1.148
601601,中国太保,保险,上海,20071225,601601.SH,20160511,25.88,26.02,25.76,25.83,25.79,0.04,0.16,228318.7,589834.928,0.3632,0.6901,1.35,13.2035,15.5798,1.7678,0.9469,0.9112,1.9357,1.9357,906200.0,628670.0,330851.2016,23407146.0,16238546.1,28.37,23.21,1.148
601601,中国太保,保险,上海,20071225,601601.SH,20160510,25.71,26.07,25.65,25.79,25.96,-0.17,-0.65,157791.08,408913.172,0.251,0.4769,0.84,13.183,15.5557,1.765,0.9454,0.9098,1.9387,1.9387,906200.0,628670.0,330851.2016,23370898.0,16213399.3,28.56,23.36,1.148
601601,中国太保,保险,上海,20071225,601601.SH,20160509,26.13,26.25,25.64,25.96,26.11,-0.15,-0.57,172686.94,448617.872,0.2747,0.5219,0.96,13.2699,15.6582,1.7767,0.9516,0.9158,1.926,1.926,906200.0,628670.0,330851.2016,23524952.0,16320273.2,28.72,23.5,1.148
601601,中国太保,保险,上海,20071225,601601.SH,20160506,27.26,27.36,26.08,26.11,27.22,-1.11,-4.08,308163.41,826435.942,0.4902,0.9314,2.21,13.3466,15.7487,1.7869,0.9571,0.9211,1.915,1.915,906200.0,628670.0,330851.2016,23660882.0,16414573.7,29.94,24.5,1.148
601601,中国太保,保险,上海,20071225,601601.SH,20160505,27.27,27.35,27.03,27.22,27.28,-0.06,-0.22,93552.88,254378.485,0.1488,0.2828,0.67,13.914,16.4182,1.8629,0.9978,0.9602,1.8369,1.8369,906200.0,628670.0,330851.2016,24666764.0,17112397.4,30.01,24.55,1.148
601601,中国太保,保险,上海,20071225,601601.SH,20160504,27.32,27.33,27.07,27.28,27.31,-0.03,-0.11,114118.83,311309.426,0.1815,0.3449,0.74,13.9447,16.4544,1.867,1.0,0.9624,1.8328,1.8328,906200.0,628670.0,330851.2016,24721136.0,17150117.6,30.04,24.58,1.148
601601,中国太保,保险,上海,20071225,601601.SH,20160503,27.1,27.65,26.75,27.31,27.61,-0.3,-1.09,250107.53,683827.454,0.3978,0.756,1.74,13.96,16.4725,1.8691,1.0011,0.9634,1.8308,1.8308,906200.0,628670.0,330851.2016,24748322.0,17168977.7,30.37,24.85,1.148
601601,中国太保,保险,上海,20071225,601601.SH,20160429,27.58,27.77,27.38,27.61,27.72,-0.11,-0.4,133414.8,369235.566,0.2122,0.4032,0.81,14.1134,14.1134,1.8765,1.0121,1.0121,1.8109,1.8109,906200.0,628670.0,330851.2016,25020182.0,17357578.7,30.49,24.95,1.148
601601,中国太保,保险,上海,20071225,601601.SH,20160428,27.74,27.85,27.58,27.72,27.73,-0.01,-0.04,104893.64,290782.251,0.1669,0.317,0.51,14.1696,14.1696,1.884,1.0162,1.0162,1.8038,1.8038,906200.0,628670.0,330851.2016,25119864.0,17426732.4,30.5,24.96,1.148
601601,中国太保,保险,上海,20071225,601601.SH,20160427,27.87,27.92,27.55,27.73,27.79,-0.06,-0.22,96988.67,269251.064,0.1543,0.2931,0.35,14.1747,14.1747,1.8846,1.0165,1.0165,1.8031,1.8031,906200.0,628670.0,330851.2016,25128926.0,17433019.1,30.57,25.01,1.148
601601,中国太保,保险,上海,20071225,601601.SH,20160426,27.79,28.17,27.6,27.79,27.77,0.02,0.07,182645.58,506861.061,0.2905,0.552,0.7,14.2054,14.2054,1.8887,1.0187,1.0187,1.7992,1.7992,906200.0,628670.0,330851.2016,25183298.0,17470739.3,30.55,24.99,1.148
601601,中国太保,保险,上海,20071225,601601.SH,20160425,27.41,28.05,27.16,27.77,27.65,0.12,0.43,199444.37,553932.526,0.3172,0.6028,0.77,14.1952,14.1952,1.8874,1.018,1.018,1.8005,1.8005,906200.0,628670.0,330851.2016,25165174.0,17458165.9,30.42,24.89,1.148
601601,中国太保,保险,上海,20071225,601601.SH,20160422,27.25,27.8,27.17,27.65,27.56,0.09,0.33,234735.31,649089.506,0.3734,0.7095,0.96,14.1338,14.1338,1.8792,1.0136,1.0136,1.8083,1.8083,906200.0,628670.0,330851.2016,25056430.0,17382725.5,30.32,24.8,1.148
601601,中国太保,保险,上海,20071225,601601.SH,20160421,27.15,27.92,26.88,27.56,27.41,0.15,0.55,304673.9,838839.296,0.4846,0.9209,1.52,14.0878,14.0878,1.8731,1.0103,1.0103,1.8142,1.8142,906200.0,628670.0,330851.2016,24974872.0,17326145.2,30.15,24.67,1.148
601601,中国太保,保险,上海,20071225,601601.SH,20160420,26.6,27.44,26.25,27.41,26.64,0.77,2.89,463988.76,1244447.063,0.738,1.4024,3.21,14.0111,14.0111,1.8629,1.0048,1.0048,1.8242,1.8242,906200.0,628670.0,330851.2016,24838942.0,17231844.7,29.3,23.98,1.148
601601,中国太保,保险,上海,20071225,601601.SH,20160419,26.6,26.79,26.4,26.64,26.47,0.17,0.64,103177.47,274398.706,0.1641,0.3119,0.69,13.6175,13.6175,1.8106,0.9766,0.9766,1.8769,1.8769,906200.0,628670.0,330851.2016,24141168.0,16747768.8,29.12,23.82,1.148
601601,中国太保,保险,上海,20071225,601601.SH,20160418,26.25,26.86,26.03,26.47,26.48,-0.01,-0.04,196645.07,521536.313,0.3128,0.5944,1.33,13.5306,13.5306,1.799,0.9703,0.9703,1.8889,1.8889,906200.0,628670.0,330851.2016,23987114.0,16640894.9,29.13,23.83,1.148
601601,中国太保,保险,上海,20071225,601601.SH,20160415,26.36,26.53,26.25,26.48,26.29,0.19,0.72,147977.98,390240.233,0.2354,0.4473,0.9,13.5357,13.5357,1.7997,0.9707,0.9707,1.8882,1.8882,906200.0,628670.0,330851.2016,23996176.0,16647181.6,28.92,23.66,1.148
601601,中国太保,保险,上海,20071225,601601.SH,20160414,26.4,26.5,26.2,26.29,26.25,0.04,0.15,93010.95,244689.917,0.1479,0.2811,0.56,13.4386,13.4386,1.7868,0.9637,0.9637,1.9019,1.9019,906200.0,628670.0,330851.2016,23823998.0,16527734.3,28.88,23.63,1.148
601601,中国太保,保险,上海,20071225,601601.SH,20160413,26.19,26.8,26.14,26.25,26.0,0.25,0.96,182942.28,485294.362,0.291,0.5529,1.25,13.4182,13.4182,1.784,0.9623,0.9623,1.9048,1.9048,906200.0,628670.0,330851.2016,23787750.0,16502587.5,28.6,23.4,1.148
601601,中国太保,保险,上海,20071225,601601.SH,20160412,26.0,26.07,25.97,26.0,26.0,0.0,0.0,126582.25,329189.068,0.2013,0.3826,0.91,13.2904,13.2904,1.7671,0.9531,0.9531,1.9231,1.9231,906200.0,628670.0,330851.2016,23561200.0,16345420.0,28.6,23.4,1.148
601601,中国太保,保险,上海,20071225,601601.SH,20160411,26.16,26.36,25.99,26.0,25.99,0.01,0.04,190359.86,496524.586,0.3028,0.5754,1.48,13.2904,13.2904,1.7671,0.9531,0.9531,1.9231,1.9231,906200.0,628670.0,330851.2016,23561200.0,16345420.0,28.59,23.39,1.148
601601,中国太保,保险,上海,20071225,601601.SH,20160408,25.75,26.11,25.72,25.99,25.98,0.01,0.04,227489.33,590517.193,0.3619,0.6876,2.2,13.2853,13.2853,1.7664,0.9527,0.9527,1.9238,1.9238,906200.0,628670.0,330851.2016,23552138.0,16339133.3,28.58,23.38,1.148
601601,中国太保,保险,上海,20071225,601601.SH,20160407,26.27,26.29,25.98,25.98,26.14,-0.16,-0.61,105866.45,275478.723,0.1684,0.32,0.95,13.2802,13.2802,1.7657,0.9524,0.9524,1.9246,1.9246,906200.0,628670.0,330851.2016,23543076.0,16332846.6,28.75,23.53,1.148
601601,中国太保,保险,上海,20071225,601601.SH,20160406,26.2,26.36,26.1,26.14,26.43,-0.29,-1.1,80095.69,209557.007,0.1274,0.2421,0.67,13.362,13.362,1.7766,0.9582,0.9582,1.9128,1.9128,906200.0,628670.0,330851.2016,23688068.0,16433433.8,29.07,23.79,1.148
601601,中国太保,保险,上海,20071225,601601.SH,20160405,26.04,26.66,26.04,26.43,26.37,0.06,0.23,94262.5,248838.955,0.1499,0.2849,0.71,13.5102,13.5102,1.7963,0.9689,0.9689,1.8918,1.8918,906200.0,628670.0,330851.2016,23950866.0,16615748.1,29.01,23.73,1.148
601601,中国太保,保险,上海,20071225,601601.SH,20160401,26.44,26.55,26.0,26.37,26.23,0.14,0.53,133764.05,351573.465,0.2128,0.4043,0.99,13.4795,13.4795,1.7922,0.9667,0.9667,1.8961,1.8961,906200.0,628670.0,330851.2016,23896494.0,16578027.9,28.85,23.61,1.148
601601,中国太保,保险,上海,20071225,601601.SH,20160331,26.38,26.6,26.1,26.23,26.32,-0.09,-0.34,102945.36,270658.204,0.1638,0.3112,0.72,13.408,13.408,1.7827,0.9615,0.9615,1.9062,1.9062,906200.0,628670.0,330851.2016,23769626.0,16490014.1,28.95,23.69,1.148
601601,中国太保,保险,上海,20071225,601601.SH,20160330,25.76,26.49,25.69,26.32,25.51,0.81,3.18,146974.24,383589.841,0.2338,0.4442,1.07,13.454,13.454,1.7888,0.9648,0.9648,1.8997,1.8997,906200.0,628670.0,330851.2016,23851184.0,16546594.4,28.06,22.96,1.148
601601,中国太保,保险,上海,20071225,601601.SH,20160329,25.77,25.8,25.4,25.51,25.65,-0.14,-0.55,124060.28,317220.334,0.1973,0.375,0.83,13.0399,13.0399,1.7338,0.9352,0.9352,1.96,1.96,906200.0,628670.0,330851.2016,23117162.0,16037371.7,28.22,23.09,1.148
601601,中国太保,保险,上海,20071225,601601.SH,20160328,26.48,26.68,25.51,25.65,26.29,-0.64,-2.43,155613.06,407378.581,0.2475,0.4703,0.83,13.1115,13.1115,1.7433,0.9403,0.9403,1.9493,1.9493,906200.0,628670.0,330851.2016,23244030.0,16125385.5,28.92,23.66,1.148
601601,中国太保,保险,上海,20071225,601601.SH,20160325,25.85,26.88,25.79,26.29,25.78,0.51,1.98,145145.45,382668.301,0.2309,0.4387,0.69,21.5621,13.9118,1.8757,1.084,0.9629,1.9019,1.9019,906200.0,628670.0,330851.2016,23823998.0,16527734.3,28.36,23.2,1.148
601601,中国太保,保险,上海,20071225,601601.SH,20160324,25.89,26.09,25.51,25.78,26.19,-0.41,-1.57,139314.78,359259.958,0.2216,0.4211,0.63,21.1438,13.6419,1.8393,1.063,0.9442,1.9395,1.9395,906200.0,628670.0,330851.2016,23361836.0,16207112.6,28.81,23.57,1.148
601601,中国太保,保险,上海,20071225,601601.SH,20160323,26.08,26.45,25.9,26.19,25.9,0.29,1.12,121907.06,318804.564,0.1939,0.3685,0.45,21.4801,13.8589,1.8686,1.0799,0.9593,1.9091,1.9091,906200.0,628670.0,330851.2016,23733378.0,16464867.3,28.49,23.31,1.148
601601,中国太保,保险,上海,20071225,601601.SH,20160322,26.0,26.23,25.75,25.9,26.04,-0.14,-0.54,181540.56,471791.326,0.2888,0.5487,0.7,21.2423,13.7054,1.8479,1.0679,0.9486,1.9305,1.9305,906200.0,628670.0,330851.2016,23470580.0,16282553.0,28.64,23.44,1.148
601601,中国太保,保险,上海,20071225,601601.SH,20160321,25.39,26.94,25.28,26.04,25.14,0.9,3.58,349374.69,915361.353,0.5557,1.056,1.53,21.3571,13.7795,1.8579,1.0737,0.9538,1.9201,1.9201,906200.0,628670.0,330851.2016,23597448.0,16370566.8,27.65,22.63,1.148
601601,中国太保,保险,上海,20071225,601601.SH,20160318,25.33,25.59,25.02,25.14,25.09,0.05,0.2,258248.84,651556.482,0.4108,0.7806,1.33,20.6189,13.3033,1.7937,1.0366,0.9208,1.9889,1.9889,906200.0,628670.0,330851.2016,22781868.0,15804763.8,27.6,22.58,1.148
601601,中国太保,保险,上海,20071225,601601.SH,20160317,25.51,25.83,24.88,25.09,25.41,-0.32,-1.26,195370.12,494549.904,0.3108,0.5905,1.14,20.5779,13.2768,1.7901,1.0345,0.919,1.9928,1.9928,906200.0,628670.0,330851.2016,22736558.0,15773330.3,27.95,22.87,1.148
601601,中国太保,保险,上海,20071225,601601.SH,20160316,24.76,25.57,24.58,25.41,24.77,0.64,2.58,373922.62,946321.617,0.5948,1.1302,2.79,20.8404,13.4462,1.8129,1.0477,0.9307,1.9677,1.9677,906200.0,628670.0,330851.2016,23026542.0,15974504.7,27.25,22.29,1.148
601601,中国太保,保险,上海,20071225,601601.SH,20160315,24.5,24.85,24.31,24.77,24.49,0.28,1.14,127900.96,314961.773,0.2034,0.3866,0.89,20.3155,13.1075,1.7673,1.0213,0.9073,2.0186,2.0186,906200.0,628670.0,330851.2016,22446574.0,15572155.9,26.94,22.04,1.148
601601,中国太保,保险,上海,20071225,601601.SH,20160314,24.75,25.33,24.32,24.49,24.63,-0.14,-0.57,187836.85,466016.209,0.2988,0.5677,1.31,20.0858,12.9593,1.7473,1.0098,0.897,2.0416,2.0416,906200.0,628670.0,330851.2016,22192838.0,15396128.3,27.09,22.17,1.148
601601,中国太保,保险,上海,20071225,601601.SH,20160311,24.2,24.68,24.15,24.63,24.38,0.25,1.03,89124.44,218003.561,0.1418,0.2694,0.39,20.2007,13.0334,1.7573,1.0156,0.9021,2.03,2.03,906200.0,628670.0,330851.2016,22319706.0,15484142.1,26.82,21.94,1.148
601601,中国太保,保险,上海,20071225,601601.SH,20160310,24.61,24.98,24.3,24.38,25.08,-0.7,-2.79,78734.57,194107.54,0.1252,0.238,0.32,19.9956,12.9011,1.7394,1.0052,0.893,2.0509,2.0509,906200.0,628670.0,330851.2016,22093156.0,15326974.6,27.59,22.57,1.148
601601,中国太保,保险,上海,20071225,601601.SH,20160309,24.25,25.11,23.81,25.08,24.77,0.31,1.25,186553.24,457330.999,0.2967,0.5639,0.74,20.5697,13.2715,1.7894,1.0341,0.9186,1.9936,1.9936,906200.0,628670.0,330851.2016,22727496.0,15767043.6,27.25,22.29,1.148
601601,中国太保,保险,上海,20071225,601601.SH,20160308,24.58,24.81,23.66,24.77,24.59,0.18,0.73,180257.87,434882.815,0.2867,0.5448,0.74,20.3155,13.1075,1.7673,1.0213,0.9073,2.0186,2.0186,906200.0,628670.0,330851.2016,22446574.0,15572155.9,27.05,22.13,1.148
601601,中国太保,保险,上海,20071225,601601.SH,20160307,25.1,25.47,24.45,24.59,25.16,-0.57,-2.27,181558.99,451364.551,0.2888,0.5488,0.78,20.1679,13.0122,1.7544,1.0139,0.9007,2.0333,2.0333,906200.0,628670.0,330851.2016,22283458.0,15458995.3,27.68,22.64,1.148
601601,中国太保,保险,上海,20071225,601601.SH,20160304,24.36,25.29,24.29,25.16,24.58,0.58,2.36,503200.07,1253005.284,0.8004,1.5209,3.16,20.6353,13.3139,1.7951,1.0374,0.9215,1.9873,1.9873,906200.0,628670.0,330851.2016,22799992.0,15817337.2,27.04,22.12,1.148
601601,中国太保,保险,上海,20071225,601601.SH,20160303,24.61,24.77,24.07,24.58,24.48,0.1,0.41,179659.77,438359.215,0.2858,0.543,1.07,20.1596,13.0069,1.7537,1.0135,0.9003,2.0342,2.0342,906200.0,628670.0,330851.2016,22274396.0,15452708.6,26.93,22.03,1.148
601601,中国太保,保险,上海,20071225,601601.SH,20160302,23.88,24.6,23.77,24.48,23.8,0.68,2.86,212587.3,515852.678,0.3382,0.6425,1.39,20.0776,12.954,1.7466,1.0094,0.8966,2.0425,2.0425,906200.0,628670.0,330851.2016,22183776.0,15389841.6,26.18,21.42,1.148
601601,中国太保,保险,上海,20071225,601601.SH,20160301,23.34,24.18,23.01,23.8,23.51,0.29,1.23,139302.83,328508.085,0.2216,0.421,0.94,19.5199,12.5942,1.698,0.9813,0.8717,2.1008,2.1008,906200.0,628670.0,330851.2016,21567560.0,14962346.0,25.86,21.16,1.148
601601,中国太保,保险,上海,20071225,601601.SH,20160229,23.22,23.54,22.5,23.51,23.39,0.12,0.51,135887.22,313577.185,0.2162,0.4107,0.8,19.2821,12.4407,1.6774,0.9694,0.8611,2.1268,2.1268,906200.0,628670.0,330851.2016,21304762.0,14780031.7,25.73,21.05,1.148
601601,中国太保,保险,上海,20071225,601601.SH,20160226,23.1,23.54,23.01,23.39,22.86,0.53,2.32,129753.06,302610.446,0.2064,0.3922,0.84,19.1837,12.3772,1.6688,0.9644,0.8567,2.1377,2.1377,906200.0,628670.0,330851.2016,21196018.0,14704591.3,25.15,20.57,1.148
601601,中国太保,保险,上海,20071225,601601.SH,20160225,23.73,23.8,22.65,22.86,23.85,-0.99,-4.15,225335.85,526705.421,0.3584,0.6811,1.66,18.749,12.0968,1.631,0.9426,0.8373,2.1872,2.1872,906200.0,628670.0,330851.2016,20715732.0,14371396.2,26.24,21.47,1.148
601601,中国太保,保险,上海,20071225,601601.SH,20160224,23.6,23.96,23.4,23.85,23.78,0.07,0.29,132811.64,314302.284,0.2113,0.4014,0.97,19.5609,12.6207,1.7016,0.9834,0.8736,2.0964,2.0964,906200.0,628670.0,330851.2016,21612870.0,14993779.5,26.16,21.4,1.148
601601,中国太保,保险,上海,20071225,601601.SH,20160223,24.11,24.16,23.49,23.78,24.19,-0.41,-1.69,114980.23,273776.818,0.1829,0.3475,0.87,19.5035,12.5836,1.6966,0.9805,0.871,2.1026,2.1026,906200.0,628670.0,330851.2016,21549436.0,14949772.6,26.61,21.77,1.148
601601,中国太保,保险,上海,20071225,601601.SH,20160222,23.67,24.98,23.34,24.19,23.35,0.84,3.6,245004.56,590018.3,0.3897,0.7405,2.51,19.8398,12.8006,1.7259,0.9974,0.886,2.067,2.067,906200.0,628670.0,330851.2016,21920978.0,15207527.3,25.69,21.02,1.148
601601,中国太保,保险,上海,20071225,601601.SH,20160219,23.4,23.58,23.2,23.35,23.49,-0.14,-0.6,58429.5,136630.641,0.0929,0.1766,0.57,19.1508,12.3561,1.6659,0.9628,0.8552,2.1413,2.1413,906200.0,628670.0,330851.2016,21159770.0,14679444.5,25.84,21.14,1.148
601601,中国太保,保险,上海,20071225,601601.SH,20160218,23.47,23.8,23.31,23.49,23.23,0.26,1.12,127673.25,301038.984,0.2031,0.3859,1.4,19.2657,12.4302,1.6759,0.9686,0.8604,2.1286,2.1286,906200.0,628670.0,330851.2016,21286638.0,14767458.3,25.55,20.91,1.148
601601,中国太保,保险,上海,20071225,601601.SH,20160217,23.26,23.59,23.01,23.23,23.22,0.01,0.04,135210.14,313758.814,0.2151,0.4087,1.6,19.0524,12.2926,1.6574,0.9578,0.8508,2.1524,2.1524,906200.0,628670.0,330851.2016,21051026.0,14604004.1,25.54,20.9,1.148
601601,中国太保,保险,上海,20071225,601601.SH,20160216,22.7,23.28,22.61,23.22,22.52,0.7,3.11,96830.85,223879.516,0.154,0.2927,1.15,19.0442,12.2873,1.6567,0.9574,0.8505,2.1533,2.1533,906200.0,628670.0,330851.2016,21041964.0,14597717.4,24.77,20.27,1.148
601601,中国太保,保险,上海,20071225,601601.SH,20160215,22.4,22.73,22.2,22.52,22.93,-0.41,-1.79,70663.2,159018.754,0.1124,0.2136,0.8,18.4701,11.9169,1.6067,0.9286,0.8248,2.2202,2.2202,906200.0,628670.0,330851.2016,20407624.0,14157648.4,25.22,20.64,1.148
601601,中国太保,保险,上海,20071225,601601.SH,20160205,23.12,23.35,22.91,22.93,23.08,-0.15,-0.65,79187.65,183269.507,0.126,0.2393,0.78,18.8064,12.1338,1.636,0.9455,0.8399,2.1805,2.1805,906200.0,628670.0,330851.2016,20779166.0,14415403.1,25.39,20.77,1.148
601601,中国太保,保险,上海,20071225,601601.SH,20160204,22.87,23.3,22.83,23.08,22.78,0.3,1.32,74387.86,171823.736,0.1183,0.2248,0.67,18.9294,12.2132,1.6467,0.9516,0.8454,2.1664,2.1664,906200.0,628670.0,330851.2016,20915096.0,14509703.6,25.06,20.5,1.148
601601,中国太保,保险,上海,20071225,601601.SH,20160203,23.0,23.07,22.48,22.78,23.29,-0.51,-2.19,100527.5,227897.537,0.1599,0.3038,0.75,18.6834,12.0544,1.6253,0.9393,0.8344,2.1949,2.1949,906200.0,628670.0,330851.2016,20643236.0,14321102.6,25.62,20.96,1.148
601601,中国太保,保险,上海,20071225,601601.SH,20160202,22.93,23.48,22.9,23.29,22.97,0.32,1.39,96432.41,224145.655,0.1534,0.2915,0.62,19.1016,12.3243,1.6617,0.9603,0.853,2.1468,2.1468,906200.0,628670.0,330851.2016,21105398.0,14641724.3,25.27,20.67,1.148
601601,中国太保,保险,上海,20071225,601601.SH,20160201,23.5,23.5,22.78,22.97,23.27,-0.3,-1.29,90890.65,209191.59,0.1446,0.2747,0.54,18.8392,12.155,1.6388,0.9471,0.8413,2.1768,2.1768,906200.0,628670.0,330851.2016,20815414.0,14440549.9,25.6,20.94,1.148
601601,中国太保,保险,上海,20071225,601601.SH,20160129,22.57,23.45,22.39,23.27,22.48,0.79,3.51,143838.58,332011.283,0.2288,0.4348,0.84,19.0852,12.3137,1.6602,0.9595,0.8523,2.1487,2.1487,906200.0,628670.0,330851.2016,21087274.0,14629150.9,24.73,20.23,1.148
601601,中国太保,保险,上海,20071225,601601.SH,20160128,22.59,22.91,22.0,22.48,22.55,-0.07,-0.31,124218.22,280145.369,0.1976,0.3755,0.68,18.4373,11.8957,1.6039,0.9269,0.8234,2.2242,2.2242,906200.0,628670.0,330851.2016,20371376.0,14132501.6,24.81,20.3,1.148
601601,中国太保,保险,上海,20071225,601601.SH,20160127,22.88,22.92,22.27,22.55,22.54,0.01,0.04,215256.94,487143.518,0.3424,0.6506,1.05,18.4947,11.9327,1.6089,0.9298,0.8259,2.2173,2.2173,906200.0,628670.0,330851.2016,20434810.0,14176508.5,24.79,20.29,1.148
601601,中国太保,保险,上海,20071225,601601.SH,20160126,23.61,23.77,22.5,22.54,23.8,-1.26,-5.29,206193.67,474622.971,0.328,0.6232,0.96,18.4865,11.9274,1.6081,0.9294,0.8256,2.2183,2.2183,906200.0,628670.0,330851.2016,20425748.0,14170221.8,26.18,21.42,1.148
601601,中国太保,保险,上海,20071225,601601.SH,20160125,24.01,24.1,23.67,23.8,23.92,-0.12,-0.5,146928.62,350404.113,0.2337,0.4441,0.7,19.5199,12.5942,1.698,0.9813,0.8717,2.1008,2.1008,906200.0,628670.0,330851.2016,21567560.0,14962346.0,26.31,21.53,1.148
601601,中国太保,保险,上海,20071225,601601.SH,20160122,24.15,24.18,23.3,23.92,23.89,0.03,0.13,167555.88,398454.192,0.2665,0.5064,0.77,19.6183,12.6577,1.7066,0.9863,0.8761,2.0903,2.0903,906200.0,628670.0,330851.2016,21676304.0,15037786.4,26.28,21.5,1.148
601601,中国太保,保险,上海,20071225,601601.SH,20160121,24.03,24.37,23.7,23.89,24.19,-0.3,-1.24,178067.94,426374.63,0.2832,0.5382,0.81,19.5937,12.6418,1.7045,0.985,0.875,2.0929,2.0929,906200.0,628670.0,330851.2016,21649118.0,15018926.3,26.61,21.77,1.148
601601,中国太保,保险,上海,20071225,601601.SH,20160120,25.0,25.05,24.12,24.19,25.26,-1.07,-4.24,325297.67,800061.24,0.5174,0.9832,1.75,19.8398,12.8006,1.7259,0.9974,0.886,2.067,2.067,906200.0,628670.0,330851.2016,21920978.0,15207527.3,27.79,22.73,1.148
601601,中国太保,保险,上海,20071225,601601.SH,20160119,25.32,25.56,24.31,25.26,25.11,0.15,0.6,255028.34,638485.194,0.4057,0.7708,1.34,20.7174,13.3668,1.8022,1.0415,0.9252,1.9794,1.9794,906200.0,628670.0,330851.2016,22890612.0,15880204.2,27.62,22.6,1.148
601601,中国太保,保险,上海,20071225,601601.SH,20160118,25.21,25.73,24.94,25.11,25.59,-0.48,-1.88,128171.62,323877.048,0.2039,0.3874,0.59,20.5943,13.2874,1.7915,1.0353,0.9197,1.9912,1.9912,906200.0,628670.0,330851.2016,22754682.0,15785903.7,28.15,23.03,1.148
601601,中国太保,保险,上海,20071225,601601.SH,20160115,25.65,25.99,25.36,25.59,26.04,-0.45,-1.73,199364.22,511832.153,0.3171,0.6026,0.87,20.988,13.5414,1.8258,1.0551,0.9373,1.9539,1.9539,906200.0,628670.0,330851.2016,23189658.0,16087665.3,28.64,23.44,1.148
601601,中国太保,保险,上海,20071225,601601.SH,20160114,24.9,26.25,24.76,26.04,25.72,0.32,1.24,186815.26,476733.257,0.2972,0.5647,0.93,21.3571,13.7795,1.8579,1.0737,0.9538,1.9201,1.9201,906200.0,628670.0,330851.2016,23597448.0,16370566.8,28.29,23.15,1.148
601601,中国太保,保险,上海,20071225,601601.SH,20160113,26.15,26.18,25.0,25.72,25.92,-0.2,-0.77,159639.64,410916.576,0.2539,0.4825,0.78,21.0946,13.6102,1.835,1.0605,0.942,1.944,1.944,906200.0,628670.0,330851.2016,23307464.0,16169392.4,28.51,23.33,1.148
601601,中国太保,保险,上海,20071225,601601.SH,20160112,25.6,26.0,24.8,25.92,25.41,0.51,2.01,277427.55,708121.499,0.4413,0.8385,1.38,21.2587,13.716,1.8493,1.0687,0.9494,1.929,1.929,906200.0,628670.0,330851.2016,23488704.0,16295126.4,27.95,22.87,1.148
601601,中国太保,保险,上海,20071225,601601.SH,20160111,26.1,26.29,24.48,25.41,26.55,-1.14,-4.29,257951.17,662446.812,0.4103,0.7797,1.44,20.8404,13.4462,1.8129,1.0477,0.9307,1.9677,1.9677,906200.0,628670.0,330851.2016,23026542.0,15974504.7,29.21,23.9,1.148
601601,中国太保,保险,上海,20071225,601601.SH,20160108,26.66,27.0,25.75,26.55,25.58,0.97,3.79,269138.0,713374.795,0.4281,0.8135,1.66,21.7754,14.0494,1.8942,1.0947,0.9724,1.8832,1.8832,906200.0,628670.0,330851.2016,24059610.0,16691188.5,28.14,23.02,1.148
601601,中国太保,保险,上海,20071225,601601.SH,20160107,27.45,27.67,25.45,25.58,27.97,-2.39,-8.54,41896.53,111690.144,0.0666,0.1266,0.2,20.9798,13.5361,1.825,1.0547,0.9369,1.9547,1.9547,906200.0,628670.0,330851.2016,23180596.0,16081378.6,30.77,25.17,1.148
601601,中国太保,保险,上海,20071225,601601.SH,20160106,27.55,28.2,27.2,27.97,27.68,0.29,1.05,171417.08,475674.601,0.2727,0.5181,0.75,22.94,14.8008,1.9956,1.1533,1.0245,1.7876,1.7876,906200.0,628670.0,330851.2016,25346414.0,17583899.9,30.45,24.91,1.148
601601,中国太保,保险,上海,20071225,601601.SH,20160105,26.97,27.94,26.87,27.68,27.2,0.48,1.76,265555.11,730951.108,0.4224,0.8026,1.18,22.7022,14.6474,1.9749,1.1413,1.0138,1.8064,1.8064,906200.0,628670.0,330851.2016,25083616.0,17401585.6,29.92,24.48,1.148
601601,中国太保,保险,上海,20071225,601601.SH,20160104,28.69,28.89,27.01,27.2,28.86,-1.66,-5.75,146192.65,408046.945,0.2325,0.4419,0.59,22.3085,14.3934,1.9406,1.1215,0.9963,1.8382,1.8382,906200.0,628670.0,330851.2016,24648640.0,17099824.0,31.75,25.97,1.148
601601,中国太保,保险,上海,20071225,601601.SH,20151231,28.8,29.33,28.52,28.86,28.82,0.04,0.14,185471.73,536232.716,0.295,0.5606,0.67,23.67,15.2718,2.0591,1.19,1.0571,1.386,1.7325,906200.0,628670.0,330851.2016,26152932.0,18143416.2,31.7,25.94,1.148
601601,中国太保,保险,上海,20071225,601601.SH,20151230,29.24,29.31,28.48,28.82,29.16,-0.34,-1.17,305298.42,880772.283,0.4856,0.9228,0.97,23.6371,15.2506,2.0562,1.1883,1.0556,1.3879,1.7349,906200.0,628670.0,330851.2016,26116684.0,18118269.4,32.08,26.24,1.148
601601,中国太保,保险,上海,20071225,601601.SH,20151229,29.15,29.61,29.0,29.16,29.23,-0.07,-0.24,245820.03,718680.433,0.391,0.743,0.73,23.916,15.4305,2.0805,1.2023,1.068,1.3717,1.7147,906200.0,628670.0,330851.2016,26424792.0,18332017.2,32.15,26.31,1.148
601601,中国太保,保险,上海,20071225,601601.SH,20151228,30.4,30.4,29.15,29.23,30.4,-1.17,-3.85,238846.38,707479.212,0.3799,0.7219,0.67,23.9734,15.4676,2.0855,1.2052,1.0706,1.3685,1.7106,906200.0,628670.0,330851.2016,26488226.0,18376024.1,33.44,27.36,1.148
601601,中国太保,保险,上海,20071225,601601.SH,20151225,29.67,30.5,29.52,30.4,29.8,0.6,2.01,262156.39,787744.994,0.417,0.7924,0.77,24.933,16.0867,2.1689,1.2535,1.1135,1.3158,1.6447,906200.0,628670.0,330851.2016,27548480.0,19111568.0,32.78,26.82,1.148
601601,中国太保,保险,上海,20071225,601601.SH,20151224,29.58,30.26,29.05,29.8,29.59,0.21,0.71,327857.35,974224.433,0.5215,0.991,1.04,24.4409,15.7692,2.1261,1.2287,1.0915,1.3423,1.6779,906200.0,628670.0,330851.2016,27004760.0,18734366.0,32.55,26.63,1.148
601601,中国太保,保险,上海,20071225,601601.SH,20151223,29.07,30.31,29.01,29.59,29.26,0.33,1.13,502962.33,1500651.288,0.8,1.5202,2.12,24.2687,15.6581,2.1111,1.2201,1.0838,1.3518,1.6898,906200.0,628670.0,330851.2016,26814458.0,18602345.3,32.19,26.33,1.148
601601,中国太保,保险,上海,20071225,601601.SH,20151222,28.5,29.3,28.28,29.26,28.67,0.59,2.06,348868.42,1008172.038,0.5549,1.0545,1.65,23.998,15.4835,2.0876,1.2065,1.0717,1.3671,1.7088,906200.0,628670.0,330851.2016,26515412.0,18394884.2,31.54,25.8,1.148
601601,中国太保,保险,上海,20071225,601601.SH,20151221,27.71,29.03,27.65,28.67,27.9,0.77,2.76,348913.97,995011.171,0.555,1.0546,1.75,23.5141,15.1712,2.0455,1.1821,1.0501,1.3952,1.744,906200.0,628670.0,330851.2016,25980754.0,18023968.9,30.69,25.11,1.148
601601,中国太保,保险,上海,20071225,601601.SH,20151218,27.79,28.22,27.61,27.9,27.83,0.07,0.25,184791.04,517008.345,0.2939,0.5585,0.98,22.8826,14.7638,1.9906,1.1504,1.0219,1.4337,1.7921,906200.0,628670.0,330851.2016,25282980.0,17539893.0,30.61,25.05,1.148
601601,中国太保,保险,上海,20071225,601601.SH,20151217,27.92,28.48,27.64,27.83,27.63,0.2,0.72,193357.91,541694.699,0.3076,0.5844,1.03,22.8252,14.7267,1.9856,1.1475,1.0193,1.4373,1.7966,906200.0,628670.0,330851.2016,25219546.0,17495886.1,30.39,24.87,1.148
601601,中国太保,保险,上海,20071225,601601.SH,20151216,27.61,28.1,27.6,27.63,27.6,0.03,0.11,112451.21,312384.311,0.1789,0.3399,0.59,22.6612,14.6209,1.9713,1.1393,1.012,1.4477,1.8096,906200.0,628670.0,330851.2016,25038306.0,17370152.1,30.36,24.84,1.148
601601,中国太保,保险,上海,20071225,601601.SH,20151215,28.1,28.17,27.5,27.6,28.29,-0.69,-2.44,214585.55,597893.652,0.3413,0.6486,1.19,22.6365,14.605,1.9692,1.138,1.0109,1.4493,1.8116,906200.0,628670.0,330851.2016,25011120.0,17351292.0,31.12,25.46,1.148
601601,中国太保,保险,上海,20071225,601601.SH,20151214,27.0,28.65,26.9,28.29,27.21,1.08,3.97,289085.61,805206.861,0.4598,0.8738,1.83,23.2025,14.9702,2.0184,1.1665,1.0362,1.4139,1.7674,906200.0,628670.0,330851.2016,25636398.0,17785074.3,29.93,24.49,1.148
601601,中国太保,保险,上海,20071225,601601.SH,20151211,26.89,27.49,26.73,27.21,27.06,0.15,0.55,138013.95,373866.833,0.2195,0.4171,0.73,22.3167,14.3987,1.9413,1.1219,0.9966,1.47,1.8376,906200.0,628670.0,330851.2016,24657702.0,17106110.7,29.77,24.35,1.148
601601,中国太保,保险,上海,20071225,601601.SH,20151210,27.1,28.07,27.01,27.06,27.06,0.0,0.0,188625.9,517580.499,0.3,0.5701,0.7,22.1937,14.3193,1.9306,1.1158,0.9911,1.4782,1.8477,906200.0,628670.0,330851.2016,24521772.0,17011810.2,29.77,24.35,1.148
601601,中国太保,保险,上海,20071225,601601.SH,20151209,26.94,27.68,26.94,27.06,27.02,0.04,0.15,129871.59,353684.895,0.2066,0.3925,0.35,22.1937,14.3193,1.9306,1.1158,0.9911,1.4782,1.8477,906200.0,628670.0,330851.2016,24521772.0,17011810.2,29.72,24.32,1.148
601601,中国太保,保险,上海,20071225,601601.SH,20151208,27.36,27.44,26.9,27.02,27.5,-0.48,-1.75,154154.94,418401.238,0.2452,0.4659,0.4,22.1609,14.2981,1.9278,1.1141,0.9897,1.4804,1.8505,906200.0,628670.0,330851.2016,24485524.0,16986663.4,30.25,24.75,1.148
601601,中国太保,保险,上海,20071225,601601.SH,20151207,27.84,28.16,27.31,27.5,27.82,-0.32,-1.15,177161.23,491668.997,0.2818,0.5355,0.45,22.5545,14.5521,1.962,1.1339,1.0072,1.4545,1.8182,906200.0,628670.0,330851.2016,24920500.0,17288425.0,30.6,25.04,1.148
601601,中国太保,保险,上海,20071225,601601.SH,20151204,28.51,28.63,27.74,27.82,28.95,-1.13,-3.9,297480.75,835408.475,0.4732,0.8991,0.76,22.817,14.7215,1.9849,1.1471,1.019,1.4378,1.7973,906200.0,628670.0,330851.2016,25210484.0,17489599.4,31.85,26.06,1.148
601601,中国太保,保险,上海,20071225,601601.SH,20151203,28.41,29.62,28.1,28.95,28.74,0.21,0.73,597283.74,1724848.237,0.9501,1.8053,1.96,23.7438,15.3194,2.0655,1.1937,1.0604,1.3817,1.7271,906200.0,628670.0,330851.2016,26234490.0,18199996.5,31.61,25.87,1.148
601601,中国太保,保险,上海,20071225,601601.SH,20151202,26.74,28.88,26.53,28.74,26.77,1.97,7.36,623651.18,1754564.925,0.992,1.885,2.96,23.5715,15.2083,2.0505,1.185,1.0527,1.3918,1.7397,906200.0,628670.0,330851.2016,26044188.0,18067975.8,29.45,24.09,1.148
601601,中国太保,保险,上海,20071225,601601.SH,20151201,26.46,27.33,26.26,26.77,26.46,0.31,1.17,216721.32,579580.666,0.3447,0.655,1.07,21.9558,14.1658,1.9099,1.1038,0.9805,1.4942,1.8678,906200.0,628670.0,330851.2016,24258974.0,16829495.9,29.11,23.81,1.148
601601,中国太保,保险,上海,20071225,601601.SH,20151130,26.33,26.65,25.45,26.46,26.39,0.07,0.27,242931.52,635121.133,0.3864,0.7343,1.3,21.7016,14.0018,1.8878,1.091,0.9692,1.5117,1.8896,906200.0,628670.0,330851.2016,23978052.0,16634608.2,29.03,23.75,1.148
601601,中国太保,保险,上海,20071225,601601.SH,20151127,26.91,27.12,25.97,26.39,27.03,-0.64,-2.37,285584.41,756700.844,0.4543,0.8632,1.64,21.6441,13.9647,1.8828,1.0881,0.9666,1.5157,1.8947,906200.0,628670.0,330851.2016,23914618.0,16590601.3,29.73,24.33,1.148
601601,中国太保,保险,上海,20071225,601601.SH,20151126,27.15,27.36,27.0,27.03,27.02,0.01,0.04,151315.33,409971.412,0.2407,0.4574,0.82,22.1691,14.3034,1.9285,1.1145,0.99,1.4798,1.8498,906200.0,628670.0,330851.2016,24494586.0,16992950.1,29.72,24.32,1.148
601601,中国太保,保险,上海,20071225,601601.SH,20151125,26.88,27.12,26.79,27.02,26.96,0.06,0.22,157099.56,423438.392,0.2499,0.4748,0.81,22.1609,14.2981,1.9278,1.1141,0.9897,1.4804,1.8505,906200.0,628670.0,330851.2016,24485524.0,16986663.4,29.66,24.26,1.148
601601,中国太保,保险,上海,20071225,601601.SH,20151124,26.76,27.09,26.52,26.96,26.9,0.06,0.22,175616.98,471061.34,0.2793,0.5308,0.78,22.1116,14.2664,1.9235,1.1116,0.9875,1.4837,1.8546,906200.0,628670.0,330851.2016,24431152.0,16948943.2,29.59,24.21,1.148
601601,中国太保,保险,上海,20071225,601601.SH,20151123,26.97,27.34,26.88,26.9,27.08,-0.18,-0.66,162867.02,440579.469,0.2591,0.4923,0.68,22.0624,14.2346,1.9192,1.1092,0.9853,1.487,1.8587,906200.0,628670.0,330851.2016,24376780.0,16911223.0,29.79,24.37,1.148
601601,中国太保,保险,上海,20071225,601601.SH,20151120,27.19,27.49,26.95,27.08,27.04,0.04,0.15,221866.57,602851.556,0.3529,0.6706,0.94,22.2101,14.3299,1.9321,1.1166,0.9919,1.4771,1.8464,906200.0,628670.0,330851.2016,24539896.0,17024383.6,29.74,24.34,1.148
601601,中国太保,保险,上海,20071225,601601.SH,20151119,26.53,27.1,26.37,27.04,26.43,0.61,2.31,208314.84,558161.81,0.3314,0.6296,0.88,22.1773,14.3087,1.9292,1.1149,0.9904,1.4793,1.8491,906200.0,628670.0,330851.2016,24503648.0,16999236.8,29.07,23.79,1.148
601601,中国太保,保险,上海,20071225,601601.SH,20151118,26.41,26.8,26.3,26.43,26.44,-0.01,-0.04,203744.36,540343.264,0.3241,0.6158,0.81,21.677,13.9859,1.8857,1.0898,0.9681,1.5134,1.8918,906200.0,628670.0,330851.2016,23950866.0,16615748.1,29.08,23.8,1.148
601601,中国太保,保险,上海,20071225,601601.SH,20151117,26.47,27.36,26.33,26.44,26.23,0.21,0.8,334449.67,898085.911,0.532,1.0109,1.24,21.6852,13.9912,1.8864,1.0902,0.9684,1.5129,1.8911,906200.0,628670.0,330851.2016,23959928.0,16622034.8,28.85,23.61,1.148
601601,中国太保,保险,上海,20071225,601601.SH,20151116,26.0,26.34,25.96,26.23,26.53,-0.3,-1.13,220545.11,576393.877,0.3508,0.6666,0.58,21.5129,13.8801,1.8714,1.0815,0.9607,1.525,1.9062,906200.0,628670.0,330851.2016,23769626.0,16490014.1,29.18,23.88,1.148
601601,中国太保,保险,上海,20071225,601601.SH,20151113,26.56,26.93,26.5,26.53,26.8,-0.27,-1.01,208121.31,555611.994,0.3311,0.629,0.42,21.759,14.0388,1.8928,1.0939,0.9717,1.5077,1.8847,906200.0,628670.0,330851.2016,24041486.0,16678615.1,29.48,24.12,1.148
601601,中国太保,保险,上海,20071225,601601.SH,20151112,27.18,27.19,26.65,26.8,27.07,-0.27,-1.0,214996.41,577404.468,0.342,0.6498,0.3,21.9804,14.1817,1.9121,1.105,0.9816,1.4925,1.8657,906200.0,628670.0,330851.2016,24286160.0,16848356.0,29.78,24.36,1.148
601601,中国太保,保险,上海,20071225,601601.SH,20151111,27.0,27.15,26.54,27.07,27.13,-0.06,-0.22,286800.54,770692.831,0.4562,0.8669,0.37,22.2019,14.3246,1.9313,1.1162,0.9915,1.4777,1.8471,906200.0,628670.0,330851.2016,24530834.0,17018096.9,29.84,24.42,1.148
601601,中国太保,保险,上海,20071225,601601.SH,20151110,27.04,27.95,26.8,27.13,27.55,-0.42,-1.52,416820.45,1136352.711,0.663,1.2598,0.57,22.2511,14.3563,1.9356,1.1186,0.9937,1.4744,1.843,906200.0,628670.0,330851.2016,24585206.0,17055817.1,30.31,24.8,1.148
601601,中国太保,保险,上海,20071225,601601.SH,20151109,27.57,28.76,27.46,27.55,27.79,-0.24,-0.86,774943.88,2172404.002,1.2327,2.3423,1.23,22.5955,14.5786,1.9656,1.136,1.0091,1.4519,1.8149,906200.0,628670.0,330851.2016,24965810.0,17319858.5,30.57,25.01,1.148
601601,中国太保,保险,上海,20071225,601601.SH,20151106,26.76,28.32,26.55,27.79,26.9,0.89,3.31,770000.31,2106524.096,1.2248,2.3273,1.51,22.7924,14.7056,1.9827,1.1459,1.0179,1.4394,1.7992,906200.0,628670.0,330851.2016,25183298.0,17470739.3,29.59,24.21,1.148
601601,中国太保,保险,上海,20071225,601601.SH,20151105,26.61,29.0,26.4,26.9,27.08,-0.18,-0.66,1352633.45,3748760.524,2.1516,4.0883,5.07,22.0624,14.2346,1.9192,1.1092,0.9853,1.487,1.8587,906200.0,628670.0,330851.2016,24376780.0,16911223.0,29.79,24.37,1.148
601601,中国太保,保险,上海,20071225,601601.SH,20151104,25.01,27.25,25.0,27.08,25.0,2.08,8.32,613736.77,1614028.741,0.9762,1.855,3.6,22.2101,14.3299,1.9321,1.1166,0.9919,1.4771,1.8464,906200.0,628670.0,330851.2016,24539896.0,17024383.6,27.5,22.5,1.148
601601,中国太保,保险,上海,20071225,601601.SH,20151103,24.94,25.24,24.86,25.0,24.76,0.24,0.97,138476.17,347117.899,0.2203,0.4185,0.79,20.5041,13.2292,1.7837,1.0308,0.9157,1.6,2.0,906200.0,628670.0,330851.2016,22655000.0,15716750.0,27.24,22.28,1.148
601601,中国太保,保险,上海,20071225,601601.SH,20151102,24.5,25.15,24.48,24.76,24.66,0.1,0.41,266485.02,666421.759,0.4239,0.8226,1.56,20.3073,13.1022,1.7665,1.0209,0.9069,1.6155,2.0194,906200.0,628670.0,323969.3609,22437512.0,15565869.2,27.13,22.19,1.148
601601,中国太保,保险,上海,20071225,601601.SH,20151030,24.66,24.97,24.4,24.66,24.63,0.03,0.12,174389.28,430447.544,0.2774,0.5383,0.92,20.2253,14.4211,1.7377,1.0168,0.9306,1.6221,2.0276,906200.0,628670.0,323969.3609,22346892.0,15503002.2,27.09,22.17,1.148
601601,中国太保,保险,上海,20071225,601601.SH,20151029,24.93,24.93,24.58,24.63,24.8,-0.17,-0.69,141748.91,350438.128,0.2255,0.4375,0.68,20.2007,14.4035,1.7356,1.0156,0.9294,1.624,2.03,906200.0,628670.0,323969.3609,22319706.0,15484142.1,27.28,22.32,1.148
601601,中国太保,保险,上海,20071225,601601.SH,20151028,25.21,25.34,24.78,24.8,25.4,-0.6,-2.36,130561.46,327827.33,0.2077,0.403,0.5,20.3401,14.5029,1.7476,1.0226,0.9358,1.6129,2.0161,906200.0,628670.0,323969.3609,22473760.0,15591016.0,27.94,22.86,1.148
601601,中国太保,保险,上海,20071225,601601.SH,20151027,25.41,25.71,24.81,25.4,25.53,-0.13,-0.51,168189.87,422073.221,0.2675,0.5192,0.66,20.8322,14.8538,1.7899,1.0473,0.9585,1.5748,1.9685,906200.0,628670.0,323969.3609,23017480.0,15968218.0,28.08,22.98,1.148
601601,中国太保,保险,上海,20071225,601601.SH,20151026,25.53,26.04,25.36,25.53,25.37,0.16,0.63,241832.87,621984.408,0.3847,0.7465,0.93,20.9388,14.9298,1.799,1.0527,0.9634,1.5668,1.9585,906200.0,628670.0,323969.3609,23135286.0,16049945.1,27.91,22.83,1.148
601601,中国太保,保险,上海,20071225,601601.SH,20151023,24.95,25.6,24.77,25.37,24.85,0.52,2.09,267028.34,672579.919,0.4248,0.8242,1.05,20.8076,14.8363,1.7877,1.0461,0.9573,1.5767,1.9708,906200.0,628670.0,323969.3609,22990294.0,15949357.9,27.34,22.37,1.148
601601,中国太保,保险,上海,20071225,601601.SH,20151022,24.86,25.06,24.5,24.85,25.2,-0.35,-1.39,238785.21,591429.866,0.3798,0.7371,1.02,20.3811,14.5322,1.7511,1.0246,0.9377,1.6097,2.0121,906200.0,628670.0,323969.3609,22519070.0,15622449.5,27.72,22.68,1.148
601601,中国太保,保险,上海,20071225,601601.SH,20151021,24.88,25.85,24.35,25.2,24.89,0.31,1.25,382123.06,961734.237,0.6078,1.1795,1.99,20.6682,14.7369,1.7758,1.0391,0.9509,1.5873,1.9841,906200.0,628670.0,323969.3609,22836240.0,15842484.0,27.38,22.4,1.148
601601,中国太保,保险,上海,20071225,601601.SH,20151020,24.8,24.99,24.63,24.89,24.81,0.08,0.32,148483.29,368252.894,0.2362,0.4583,0.75,20.4139,14.5556,1.7539,1.0263,0.9392,1.6071,2.0088,906200.0,628670.0,323969.3609,22555318.0,15647596.3,27.29,22.33,1.148
601601,中国太保,保险,上海,20071225,601601.SH,20151019,24.7,25.5,24.56,24.81,24.72,0.09,0.36,258457.0,647688.626,0.4111,0.7978,1.17,20.3483,14.5088,1.7483,1.023,0.9362,1.6123,2.0153,906200.0,628670.0,323969.3609,22482822.0,15597302.7,27.19,22.25,1.148
601601,中国太保,保险,上海,20071225,601601.SH,20151016,24.3,24.98,24.29,24.72,24.22,0.5,2.06,241092.35,595362.468,0.3835,0.7442,1.01,20.2745,14.4562,1.7419,1.0193,0.9328,1.6181,2.0227,906200.0,628670.0,323969.3609,22401264.0,15540722.4,26.64,21.8,1.148
601601,中国太保,保险,上海,20071225,601601.SH,20151015,23.95,24.26,23.8,24.22,23.86,0.36,1.51,138454.27,333356.432,0.2202,0.4274,0.43,19.8644,14.1638,1.7067,0.9987,0.9139,1.6515,2.0644,906200.0,628670.0,323969.3609,21948164.0,15226387.4,26.25,21.47,1.148
601601,中国太保,保险,上海,20071225,601601.SH,20151014,24.18,24.42,23.79,23.86,24.43,-0.57,-2.33,173179.11,416702.92,0.2755,0.5346,0.56,19.5691,13.9532,1.6813,0.9838,0.9004,1.6764,2.0956,906200.0,628670.0,323969.3609,21621932.0,15000066.2,26.87,21.99,1.148
601601,中国太保,保险,上海,20071225,601601.SH,20151013,24.31,24.72,24.18,24.43,24.4,0.03,0.12,176282.38,430832.072,0.2804,0.5441,0.58,20.0366,14.2866,1.7215,1.0073,0.9219,1.6373,2.0467,906200.0,628670.0,323969.3609,22138466.0,15358408.1,26.84,21.96,1.148
601601,中国太保,保险,上海,20071225,601601.SH,20151012,23.8,24.97,23.72,24.4,23.96,0.44,1.84,378470.1,925318.646,0.602,1.1682,1.58,20.012,14.269,1.7194,1.0061,0.9207,1.6393,2.0492,906200.0,628670.0,323969.3609,22111280.0,15339548.0,26.36,21.56,1.148
601601,中国太保,保险,上海,20071225,601601.SH,20151009,22.95,24.2,22.82,23.96,22.76,1.2,5.27,332434.96,789917.531,0.5288,1.0261,1.68,19.6511,14.0117,1.6884,0.9879,0.9041,1.6694,2.0868,906200.0,628670.0,323969.3609,21712552.0,15062933.2,25.04,20.48,1.148
601601,中国太保,保险,上海,20071225,601601.SH,20151008,24.2,24.31,22.58,22.76,22.19,0.57,2.57,557908.57,1304940.693,0.8874,1.7221,5.25,18.6669,13.31,1.6038,0.9385,0.8589,1.7575,2.1968,906200.0,628670.0,323969.3609,20625112.0,14308529.2,24.41,19.97,1.148
601601,中国太保,保险,上海,20071225,601601.SH,20150930,22.2,22.5,22.1,22.19,22.1,0.09,0.41,115012.78,256471.179,0.1829,0.355,0.96,18.1995,12.9766,1.5637,0.9149,0.8373,1.8026,2.2533,906200.0,628670.0,323969.3609,20108578.0,13950187.3,24.31,19.89,1.148
601601,中国太保,保险,上海,20071225,601601.SH,20150929,22.32,22.5,21.89,22.1,22.68,-0.58,-2.56,128405.22,283790.913,0.2042,0.3963,0.98,18.1256,12.924,1.5573,0.9112,0.8339,1.81,2.2624,906200.0,628670.0,323969.3609,20027020.0,13893607.0,24.95,20.41,1.148
601601,中国太保,保险,上海,20071225,601601.SH,20150928,22.57,22.75,22.36,22.68,22.72,-0.04,-0.18,67679.54,152860.537,0.1077,0.2089,0.46,18.6013,13.2632,1.5982,0.9352,0.8558,1.7637,2.2046,906200.0,628670.0,323969.3609,20552616.0,14258235.6,24.99,20.45,1.148
601601,中国太保,保险,上海,20071225,601601.SH,20150925,22.89,23.06,22.41,22.72,22.95,-0.23,-1.0,121502.83,275948.898,0.1933,0.375,0.72,18.6341,13.2866,1.601,0.9368,0.8573,1.7606,2.2007,906200.0,628670.0,323969.3609,20588864.0,14283382.4,25.25,20.66,1.148
601601,中国太保,保险,上海,20071225,601601.SH,20150924,23.23,23.28,22.87,22.95,23.01,-0.06,-0.26,98801.7,227530.455,0.1572,0.305,0.51,18.8228,13.4211,1.6172,0.9463,0.866,1.7429,2.1786,906200.0,628670.0,323969.3609,20797290.0,14427976.5,25.31,20.71,1.148
601601,中国太保,保险,上海,20071225,601601.SH,20150923,23.48,23.62,22.8,23.01,23.85,-0.84,-3.52,184717.55,428771.377,0.2938,0.5702,0.88,18.872,13.4562,1.6214,0.9488,0.8683,1.7384,2.173,906200.0,628670.0,323969.3609,20851662.0,14465696.7,26.24,21.47,1.148
601601,中国太保,保险,上海,20071225,601601.SH,20150922,23.55,24.36,23.46,23.85,23.55,0.3,1.27,184416.9,442383.699,0.2933,0.5692,0.79,19.5609,13.9474,1.6806,0.9834,0.9,1.6771,2.0964,906200.0,628670.0,323969.3609,21612870.0,14993779.5,25.91,21.2,1.148
601601,中国太保,保险,上海,20071225,601601.SH,20150921,23.45,23.68,23.15,23.55,23.66,-0.11,-0.46,152646.58,357623.862,0.2428,0.4712,0.43,19.3149,13.7719,1.6595,0.971,0.8887,1.6985,2.1231,906200.0,628670.0,323969.3609,21341010.0,14805178.5,26.03,21.29,1.148
601601,中国太保,保险,上海,20071225,601601.SH,20150918,23.47,24.3,23.47,23.66,23.43,0.23,0.98,219940.28,524868.611,0.3499,0.6789,0.65,19.4051,13.8363,1.6672,0.9756,0.8928,1.6906,2.1133,906200.0,628670.0,323969.3609,21440692.0,14874332.2,25.77,21.09,1.148
601601,中国太保,保险,上海,20071225,601601.SH,20150917,23.56,24.4,23.3,23.43,23.9,-0.47,-1.97,232686.54,554424.83,0.3701,0.7182,0.67,19.2165,13.7018,1.651,0.9661,0.8841,1.7072,2.134,906200.0,628670.0,323969.3609,21232266.0,14729738.1,26.29,21.51,1.148
601601,中国太保,保险,上海,20071225,601601.SH,20150916,23.0,24.44,22.51,23.9,23.07,0.83,3.6,259681.61,606225.143,0.4131,0.8016,0.73,19.6019,13.9766,1.6842,0.9855,0.9019,1.6736,2.0921,906200.0,628670.0,323969.3609,21658180.0,15025213.0,25.38,20.76,1.148
601601,中国太保,保险,上海,20071225,601601.SH,20150915,22.75,23.1,22.4,23.07,23.34,-0.27,-1.16,304201.7,695466.241,0.4839,0.939,0.88,18.9212,13.4912,1.6257,0.9512,0.8706,1.7339,2.1673,906200.0,628670.0,323969.3609,20906034.0,14503416.9,25.67,21.01,1.148
601601,中国太保,保险,上海,20071225,601601.SH,20150914,22.9,23.4,21.88,23.34,22.79,0.55,2.41,765135.92,1750679.943,1.2171,2.3618,3.12,19.1426,13.6491,1.6447,0.9624,0.8807,1.7138,2.1422,906200.0,628670.0,323969.3609,21150708.0,14673157.8,25.07,20.51,1.148
601601,中国太保,保险,上海,20071225,601601.SH,20150911,22.88,23.14,22.61,22.79,23.0,-0.21,-0.91,138534.33,316529.231,0.2204,0.4276,0.34,18.6916,13.3275,1.6059,0.9397,0.86,1.7552,2.1939,906200.0,628670.0,323969.3609,20652298.0,14327389.3,25.3,20.7,1.148
601601,中国太保,保险,上海,20071225,601601.SH,20150910,22.51,23.06,22.51,23.0,22.82,0.18,0.79,279270.38,638282.538,0.4442,0.862,0.55,18.8638,13.4503,1.6207,0.9483,0.8679,1.7391,2.1739,906200.0,628670.0,323969.3609,20842600.0,14459410.0,25.1,20.54,1.148
601601,中国太保,保险,上海,20071225,601601.SH,20150909,22.32,23.01,22.3,22.82,22.28,0.54,2.42,294936.08,668869.497,0.4691,0.9104,0.52,18.7162,13.345,1.608,0.9409,0.8611,1.7528,2.1911,906200.0,628670.0,323969.3609,20679484.0,14346249.4,24.51,20.05,1.148
601601,中国太保,保险,上海,20071225,601601.SH,20150908,22.05,22.34,21.58,22.28,21.84,0.44,2.01,243144.2,537101.26,0.3868,0.7505,0.36,18.2733,13.0293,1.57,0.9187,0.8407,1.7953,2.2442,906200.0,628670.0,323969.3609,20190136.0,14006767.6,24.02,19.66,1.148
601601,中国太保,保险,上海,20071225,601601.SH,20150907,22.64,22.97,21.81,21.84,22.93,-1.09,-4.75,268817.97,602131.427,0.4276,0.8298,0.34,17.9124,12.7719,1.539,0.9005,0.8241,1.8315,2.2894,906200.0,628670.0,323969.3609,19791408.0,13730152.8,25.22,20.64,1.148
601601,中国太保,保险,上海,20071225,601601.SH,20150902,21.8,22.99,21.69,22.93,22.7,0.23,1.01,965751.09,2175350.799,1.5362,2.981,1.28,18.8064,13.4094,1.6158,0.9455,0.8653,1.7444,2.1805,906200.0,628670.0,323969.3609,20779166.0,14415403.1,24.97,20.43,1.148
601601,中国太保,保险,上海,20071225,601601.SH,20150901,22.0,22.8,21.28,22.7,22.61,0.09,0.4,786172.96,1752299.979,1.2505,2.4267,1.02,18.6177,13.2749,1.5996,0.936,0.8566,1.7621,2.2026,906200.0,628670.0,323969.3609,20570740.0,14270809.0,24.87,20.35,1.148
601601,中国太保,保险,上海,20071225,601601.SH,20150831,21.88,22.65,21.25,22.61,22.3,0.31,1.39,571205.28,1250800.102,0.9086,1.7631,0.69,18.5439,13.2222,1.5932,0.9323,0.8532,1.7691,2.2114,906200.0,628670.0,323969.3609,20489182.0,14214228.7,24.53,20.07,1.148
601601,中国太保,保险,上海,20071225,601601.SH,20150828,22.0,22.7,21.61,22.3,21.97,0.33,1.5,774733.33,1717499.349,1.2323,2.3914,1.03,18.2897,15.8608,1.695,0.9195,0.8793,1.7937,2.2422,906200.0,628670.0,323969.3609,20208260.0,14019341.0,24.17,19.77,1.148
601601,中国太保,保险,上海,20071225,601601.SH,20150827,20.73,22.15,19.91,21.97,20.14,1.83,9.09,888785.26,1856585.678,1.4138,2.7434,1.41,18.019,15.6261,1.6699,0.9059,0.8663,1.8207,2.2758,906200.0,628670.0,323969.3609,19909214.0,13811879.9,22.15,18.13,1.148
601601,中国太保,保险,上海,20071225,601601.SH,20150826,19.18,20.8,19.11,20.14,19.01,1.13,5.94,740696.85,1474537.442,1.1782,2.2863,1.28,16.5181,14.3245,1.5308,0.8304,0.7941,1.9861,2.4826,906200.0,628670.0,323969.3609,18250868.0,12661413.8,20.91,17.11,1.148
601601,中国太保,保险,上海,20071225,601601.SH,20150825,19.4,20.67,18.8,19.01,19.85,-0.84,-4.23,888087.04,1761625.094,1.4126,2.7413,1.75,15.5913,13.5208,1.4449,0.7838,0.7496,2.1042,2.6302,906200.0,628670.0,323969.3609,17226862.0,11951016.7,21.84,17.87,1.148
601601,中国太保,保险,上海,20071225,601601.SH,20150824,21.4,21.5,19.83,19.85,22.03,-2.18,-9.9,843803.51,1707320.497,1.3422,2.6046,1.97,16.2803,14.1183,1.5088,0.8185,0.7827,2.0151,2.5189,906200.0,628670.0,323969.3609,17988070.0,12479099.5,24.23,19.83,1.148
601601,中国太保,保险,上海,20071225,601601.SH,20150821,22.9,23.3,22.0,22.03,23.16,-1.13,-4.88,405056.11,913832.202,0.6443,1.2503,0.98,18.0682,15.6688,1.6745,0.9084,0.8687,1.8157,2.2696,906200.0,628670.0,323969.3609,19963586.0,13849600.1,25.48,20.84,1.148
601601,中国太保,保险,上海,20071225,601601.SH,20150820,23.49,23.84,23.15,23.16,23.64,-0.48,-2.03,277804.83,652087.127,0.4419,0.8575,0.65,18.995,16.4725,1.7603,0.9549,0.9132,1.7271,2.1589,906200.0,628670.0,323969.3609,20987592.0,14559997.2,26.0,21.28,1.148
601601,中国太保,保险,上海,20071225,601601.SH,20150819,23.3,23.68,23.12,23.64,23.46,0.18,0.77,480726.44,1127906.761,0.7647,1.4839,1.25,19.3887,16.8139,1.7968,0.9747,0.9321,1.692,2.1151,906200.0,628670.0,323969.3609,21422568.0,14861758.8,25.81,21.11,1.148
601601,中国太保,保险,上海,20071225,601601.SH,20150818,24.86,25.24,23.37,23.46,24.77,-1.31,-5.29,534560.48,1308281.554,0.8503,1.65,1.52,19.2411,16.6859,1.7832,0.9673,0.925,1.705,2.1313,906200.0,628670.0,323969.3609,21259452.0,14748598.2,27.25,22.29,1.148
601601,中国太保,保险,上海,20071225,601601.SH,20150817,25.01,25.09,24.44,24.77,25.32,-0.55,-2.17,442129.61,1090824.733,0.7033,1.3647,1.18,20.3155,17.6176,1.8827,1.0213,0.9767,1.6149,2.0186,906200.0,628670.0,323969.3609,22446574.0,15572155.9,27.85,22.79,1.148
601601,中国太保,保险,上海,20071225,601601.SH,20150814,25.65,25.72,25.23,25.32,25.58,-0.26,-1.02,339339.8,863123.031,0.5398,1.0474,0.89,20.7666,18.0088,1.9245,1.044,0.9984,1.5798,1.9747,906200.0,628670.0,323969.3609,22944984.0,15917924.4,28.14,23.02,1.148
601601,中国太保,保险,上海,20071225,601601.SH,20150813,25.41,25.84,25.11,25.58,25.48,0.1,0.39,337219.3,858206.694,0.5364,1.0409,0.9,20.9798,18.1937,1.9443,1.0547,1.0086,1.5637,1.9547,906200.0,628670.0,323969.3609,23180596.0,16081378.6,28.03,22.93,1.148
601601,中国太保,保险,上海,20071225,601601.SH,20150812,25.75,25.99,25.35,25.48,25.91,-0.43,-1.66,273092.28,702394.182,0.4344,0.843,0.71,20.8978,18.1226,1.9367,1.0506,1.0047,1.5699,1.9623,906200.0,628670.0,323969.3609,23089976.0,16018511.6,28.5,23.32,1.148
601601,中国太保,保险,上海,20071225,601601.SH,20150811,25.97,26.36,25.79,25.91,26.18,-0.27,-1.03,368960.11,960379.689,0.5869,1.1389,0.97,21.2505,18.4284,1.9694,1.0683,1.0217,1.5438,1.9298,906200.0,628670.0,323969.3609,23479642.0,16288839.7,28.8,23.56,1.148
601601,中国太保,保险,上海,20071225,601601.SH,20150810,25.12,26.37,24.98,26.18,25.1,1.08,4.3,552556.43,1422769.424,0.8789,1.7056,1.48,21.4719,18.6205,1.9899,1.0795,1.0323,1.5279,1.9099,906200.0,628670.0,323969.3609,23724316.0,16458580.6,27.61,22.59,1.148
601601,中国太保,保险,上海,20071225,601601.SH,20150807,24.9,25.38,24.73,25.1,24.62,0.48,1.95,372667.07,935466.156,0.5928,1.1503,0.93,20.5861,17.8523,1.9078,1.0349,0.9897,1.5936,1.992,906200.0,628670.0,323969.3609,22745620.0,15779617.0,27.08,22.16,1.148
601601,中国太保,保险,上海,20071225,601601.SH,20150806,24.71,25.0,24.51,24.62,24.96,-0.34,-1.36,303607.02,750702.608,0.4829,0.9371,0.7,20.1925,17.5109,1.8713,1.0151,0.9708,1.6247,2.0309,906200.0,628670.0,323969.3609,22310644.0,15477855.4,27.46,22.46,1.148
601601,中国太保,保险,上海,20071225,601601.SH,20150805,25.6,25.65,24.89,24.96,25.76,-0.8,-3.11,313597.78,791793.126,0.4988,0.968,0.68,20.4713,17.7527,1.8972,1.0292,0.9842,1.6026,2.0032,906200.0,628670.0,323969.3609,22618752.0,15691603.2,28.34,23.18,1.148
601601,中国太保,保险,上海,20071225,601601.SH,20150804,25.34,25.93,25.23,25.76,25.39,0.37,1.46,368820.66,941853.263,0.5867,1.1384,0.68,21.1274,18.3217,1.958,1.0621,1.0157,1.5528,1.941,906200.0,628670.0,323969.3609,23343712.0,16194539.2,27.93,22.85,1.148
601601,中国太保,保险,上海,20071225,601601.SH,20150803,24.88,25.42,24.61,25.39,24.92,0.47,1.89,511342.27,1272145.22,0.8134,1.5784,0.87,20.824,18.0586,1.9298,1.0469,1.0011,1.5754,1.9693,906200.0,628670.0,323969.3609,23008418.0,15961931.3,27.41,22.43,1.148
601601,中国太保,保险,上海,20071225,601601.SH,20150731,24.87,25.2,24.68,24.92,25.19,-0.27,-1.07,499996.63,1244256.622,0.7953,1.5433,0.84,20.4385,17.7243,1.8941,1.0275,0.9826,1.6051,2.0064,906200.0,628670.0,323969.3609,22582504.0,15666456.4,27.71,22.67,1.148
601601,中国太保,保险,上海,20071225,601601.SH,20150730,25.69,26.45,25.11,25.19,25.73,-0.54,-2.1,463638.91,1199705.823,0.7375,1.4311,0.74,20.6599,17.9163,1.9146,1.0386,0.9933,1.5879,1.9849,906200.0,628670.0,323969.3609,22827178.0,15836197.3,28.3,23.16,1.148
601601,中国太保,保险,上海,20071225,601601.SH,20150729,25.71,25.92,25.18,25.73,25.45,0.28,1.1,458775.63,1164125.696,0.7298,1.4161,0.74,21.1028,18.3004,1.9557,1.0609,1.0146,1.5546,1.9433,906200.0,628670.0,323969.3609,23316526.0,16175679.1,28.0,22.91,1.148
601601,中国太保,保险,上海,20071225,601601.SH,20150728,24.74,25.98,24.7,25.45,25.21,0.24,0.95,780777.26,1971013.013,1.242,2.41,1.39,20.8732,18.1012,1.9344,1.0494,1.0035,1.5717,1.9646,906200.0,628670.0,323969.3609,23062790.0,15999651.5,27.73,22.69,1.148
601601,中国太保,保险,上海,20071225,601601.SH,20150727,27.88,28.05,25.21,25.21,28.01,-2.8,-10.0,751987.34,2004033.148,1.1962,2.3212,1.48,20.6764,17.9305,1.9162,1.0395,0.9941,1.5867,1.9833,906200.0,628670.0,323969.3609,22845302.0,15848770.7,30.81,25.21,1.148
601601,中国太保,保险,上海,20071225,601601.SH,20150724,28.71,28.71,27.91,28.01,28.71,-0.7,-2.44,507499.32,1438493.812,0.8073,1.5665,0.99,22.9728,19.922,2.129,1.1549,1.1045,1.4281,1.7851,906200.0,628670.0,323969.3609,25382662.0,17609046.7,31.58,25.84,1.148
601601,中国太保,保险,上海,20071225,601601.SH,20150723,28.18,29.0,27.95,28.71,28.09,0.62,2.21,622701.51,1786529.86,0.9905,1.9221,1.29,23.5469,20.4199,2.1822,1.1838,1.1321,1.3932,1.7416,906200.0,628670.0,323969.3609,26017002.0,18049115.7,30.9,25.28,1.148
601601,中国太保,保险,上海,20071225,601601.SH,20150722,28.52,28.67,28.01,28.09,28.64,-0.55,-1.92,419060.21,1183641.528,0.6666,1.2935,0.77,23.0384,19.9789,2.1351,1.1582,1.1076,1.424,1.78,906200.0,628670.0,323969.3609,25455158.0,17659340.3,31.5,25.78,1.148
601601,中国太保,保险,上海,20071225,601601.SH,20150721,28.5,29.06,28.35,28.64,28.56,0.08,0.28,503547.24,1446210.018,0.801,1.5543,0.8,23.4895,20.3701,2.1769,1.1809,1.1293,1.3966,1.7458,906200.0,628670.0,323969.3609,25953568.0,18005108.8,31.42,25.7,1.148
601601,中国太保,保险,上海,20071225,601601.SH,20150720,28.9,28.96,28.3,28.56,28.97,-0.41,-1.42,490132.99,1407117.436,0.7796,1.5129,0.65,23.4239,20.3132,2.1708,1.1776,1.1261,1.4006,1.7507,906200.0,628670.0,323969.3609,25881072.0,17954815.2,31.87,26.07,1.148
601601,中国太保,保险,上海,20071225,601601.SH,20150717,29.06,29.3,28.45,28.97,28.56,0.41,1.44,538180.16,1552925.42,0.8561,1.6612,0.55,23.7602,20.6048,2.202,1.1945,1.1423,1.3807,3.1067,906200.0,628670.0,323969.3609,26252614.0,18212569.9,31.42,25.7,1.148
601601,中国太保,保险,上海,20071225,601601.SH,20150716,29.28,29.46,28.7,29.06,29.28,-0.22,-0.75,467185.1,1356778.747,0.7431,1.4421,0.38,23.834,20.6688,2.1279,1.1982,1.1459,1.3765,1.3765,906200.0,628670.0,323969.3609,26334172.0,18269150.2,32.21,26.35,1.128
601601,中国太保,保险,上海,20071225,601601.SH,20150715,29.0,29.65,28.45,29.28,29.14,0.14,0.48,728863.11,2112034.488,1.1594,2.2498,0.49,24.0144,20.8253,2.144,1.2073,1.1545,1.3661,1.3661,906200.0,628670.0,323969.3609,26533536.0,18407457.6,32.05,26.23,1.128
601601,中国太保,保险,上海,20071225,601601.SH,20150714,30.01,30.05,28.69,29.14,30.44,-1.3,-4.27,934974.22,2751563.949,1.4872,2.886,0.5,23.8996,20.7257,2.1338,1.2015,1.149,1.3727,1.3727,906200.0,628670.0,323969.3609,26406668.0,18319443.8,33.48,27.4,1.128
601601,中国太保,保险,上海,20071225,601601.SH,20150713,30.51,31.37,29.9,30.44,31.12,-0.68,-2.19,1093775.73,3339756.283,1.7398,3.3762,0.52,24.9658,21.6504,2.229,1.2551,1.2003,1.3141,1.3141,906200.0,628670.0,323969.3609,27584728.0,19136714.8,34.23,28.01,1.128
601601,中国太保,保险,上海,20071225,601601.SH,20150710,29.4,32.6,29.22,31.12,30.04,1.08,3.6,1661322.55,5228028.207,2.6426,5.128,0.84,25.5235,22.134,2.2788,1.2832,1.2271,1.2853,1.2853,906200.0,628670.0,323969.3609,28200944.0,19564210.4,33.04,27.04,1.128
601601,中国太保,保险,上海,20071225,601601.SH,20150709,28.56,31.19,27.01,30.04,28.56,1.48,5.18,1664901.32,4866524.46,2.6483,5.1391,0.88,24.6377,21.3659,2.1997,1.2386,1.1845,1.3316,1.3316,906200.0,628670.0,323969.3609,27222248.0,18885246.8,31.42,25.7,1.128
601601,中国太保,保险,上海,20071225,601601.SH,20150708,28.27,29.91,28.27,28.56,31.41,-2.85,-9.07,2154519.26,6162348.154,3.4271,6.6504,1.31,23.4239,20.3132,2.0913,1.1776,1.1261,1.4006,1.4006,906200.0,628670.0,323969.3609,25881072.0,17954815.2,34.55,28.27,1.128
601601,中国太保,保险,上海,20071225,601601.SH,20150707,28.6,31.57,28.42,31.41,29.36,2.05,6.98,2803815.45,8384991.692,4.4599,8.6546,2.05,25.7614,22.3403,2.3,1.2951,1.2385,1.2735,1.2735,906200.0,628670.0,323969.3609,28463742.0,19746524.7,32.3,26.42,1.128
601601,中国太保,保险,上海,20071225,601601.SH,20150706,30.0,30.0,28.01,29.36,27.46,1.9,6.92,2185886.57,6331819.221,3.477,6.7472,1.82,24.08,20.8822,2.1499,1.2106,1.1577,1.3624,1.3624,906200.0,628670.0,323969.3609,26606032.0,18457751.2,30.21,24.71,1.128
601601,中国太保,保险,上海,20071225,601601.SH,20150703,28.3,28.89,26.0,27.46,27.74,-0.28,-1.01,1069806.54,2960587.921,1.7017,3.3022,0.87,22.5217,19.5308,2.0108,1.1322,1.0828,1.4567,1.4567,906200.0,628670.0,323969.3609,24884252.0,17263278.2,30.51,24.97,1.128
601601,中国太保,保险,上海,20071225,601601.SH,20150702,28.88,29.3,27.01,27.74,28.53,-0.79,-2.77,1286522.09,3630915.812,2.0464,3.9711,1.14,22.7514,19.73,2.0313,1.1438,1.0938,1.442,1.442,906200.0,628670.0,323969.3609,25137988.0,17439305.8,31.38,25.68,1.128
601601,中国太保,保险,上海,20071225,601601.SH,20150701,29.6,30.1,28.3,28.53,30.18,-1.65,-5.47,854875.84,2516521.438,1.3598,2.6388,0.75,23.3993,20.2919,2.0891,1.1764,1.125,1.402,1.402,906200.0,628670.0,323969.3609,25853886.0,17935955.1,33.2,27.16,1.128
601601,中国太保,保险,上海,20071225,601601.SH,20150630,28.19,30.46,28.07,30.18,28.19,1.99,7.06,1428105.37,4186415.66,2.2716,4.4081,1.37,24.7526,21.4654,2.2099,1.2444,1.19,1.3254,1.3254,906200.0,628670.0,323969.3609,27349116.0,18973260.6,31.01,25.37,1.128
601601,中国太保,保险,上海,20071225,601601.SH,20150629,28.9,29.25,26.0,28.19,28.06,0.13,0.46,1376958.14,3879505.084,2.1903,4.2503,1.45,23.1204,20.0501,2.0642,1.1623,1.1116,1.4189,1.4189,906200.0,628670.0,323969.3609,25545778.0,17722207.3,30.87,25.25,1.128
601601,中国太保,保险,上海,20071225,601601.SH,20150626,29.1,30.2,26.9,28.06,29.65,-1.59,-5.36,1201089.58,3449106.091,1.9105,3.7074,1.36,23.0138,19.9576,2.0547,1.157,1.1064,1.4255,1.4255,906200.0,628670.0,323969.3609,25427972.0,17640480.2,32.62,26.69,1.128
601601,中国太保,保险,上海,20071225,601601.SH,20150625,31.11,31.18,29.4,29.65,30.92,-1.27,-4.11,801886.71,2440431.357,1.2755,2.4752,0.94,24.3179,21.0885,2.1711,1.2225,1.1691,1.3491,1.3491,906200.0,628670.0,323969.3609,26868830.0,18640065.5,34.01,27.83,1.128
601601,中国太保,保险,上海,20071225,601601.SH,20150624,30.63,31.17,30.36,30.92,30.76,0.16,0.52,874632.2,2692724.494,1.3912,2.6997,1.03,25.3595,21.9918,2.2641,1.2749,1.2192,1.2937,1.2937,906200.0,628670.0,323969.3609,28019704.0,19438476.4,33.84,27.68,1.128
601601,中国太保,保险,上海,20071225,601601.SH,20150623,29.3,30.88,28.95,30.76,29.07,1.69,5.81,972370.75,2916418.364,1.5467,3.0014,1.14,25.2283,21.878,2.2524,1.2683,1.2129,1.3004,1.3004,906200.0,628670.0,323969.3609,27874712.0,19337889.2,31.98,26.16,1.128
601601,中国太保,保险,上海,20071225,601601.SH,20150619,30.85,31.4,28.8,29.07,30.98,-1.91,-6.17,883199.32,2700377.137,1.4049,2.7262,1.03,23.8422,20.676,2.1287,1.1986,1.1463,1.376,1.376,906200.0,628670.0,323969.3609,26343234.0,18275436.9,34.08,27.88,1.128
601601,中国太保,保险,上海,20071225,601601.SH,20150618,32.55,32.55,30.91,30.98,32.67,-1.69,-5.17,869496.66,2763550.234,1.3831,2.6839,0.96,25.4087,22.0344,2.2685,1.2774,1.2216,1.2912,1.2912,906200.0,628670.0,323969.3609,28074076.0,19476196.6,35.94,29.4,1.128
601601,中国太保,保险,上海,20071225,601601.SH,20150617,32.6,32.9,32.1,32.67,32.48,0.19,0.59,686433.08,2231672.865,1.0919,2.1188,0.71,26.7948,23.2364,2.3923,1.3471,1.2882,1.2244,1.2244,906200.0,628670.0,323969.3609,29605554.0,20538648.9,35.73,29.23,1.128
601601,中国太保,保险,上海,20071225,601601.SH,20150616,32.7,33.42,32.25,32.48,33.04,-0.56,-1.69,816316.2,2679910.426,1.2985,2.5197,0.76,26.639,23.1013,2.3784,1.3392,1.2807,1.2315,1.2315,906200.0,628670.0,323969.3609,29433376.0,20419201.6,36.34,29.74,1.128
601601,中国太保,保险,上海,20071225,601601.SH,20150615,34.78,34.79,32.51,33.04,34.42,-1.38,-4.01,1023788.19,3455000.04,1.6285,3.1601,0.8,27.0982,23.4996,2.4194,1.3623,1.3028,1.2107,1.2107,906200.0,628670.0,323969.3609,29940848.0,20771256.8,37.86,30.98,1.128
601601,中国太保,保险,上海,20071225,601601.SH,20150612,34.86,35.14,34.31,34.42,34.79,-0.37,-1.06,884801.65,3061599.688,1.4074,2.7311,0.66,28.2301,24.4811,2.5204,1.4192,1.3572,1.1621,1.1621,906200.0,628670.0,323969.3609,31191404.0,21638821.4,38.27,31.31,1.128
601601,中国太保,保险,上海,20071225,601601.SH,20150611,34.8,35.38,34.12,34.79,34.79,0.0,0.0,1125569.3,3920851.948,1.7904,3.4743,0.82,28.5335,24.7443,2.5475,1.4345,1.3718,1.1498,1.1498,906200.0,628670.0,323969.3609,31526698.0,21871429.3,38.27,31.31,1.128
601601,中国太保,保险,上海,20071225,601601.SH,20150610,34.65,35.48,34.28,34.79,34.87,-0.08,-0.23,1007455.31,3528611.305,1.6025,3.1097,0.74,28.5335,24.7443,2.5475,1.4345,1.3718,1.1498,1.1498,906200.0,628670.0,323969.3609,31526698.0,21871429.3,38.36,31.38,1.128
601601,中国太保,保险,上海,20071225,601601.SH,20150609,35.89,35.89,34.5,34.87,35.67,-0.8,-2.24,1307785.18,4589477.864,2.0802,4.0368,1.04,28.5991,24.8012,2.5534,1.4378,1.375,1.1471,1.1471,906200.0,628670.0,323969.3609,31599194.0,21921722.9,39.24,32.1,1.128
601601,中国太保,保险,上海,20071225,601601.SH,20150608,33.99,36.09,33.6,35.67,33.9,1.77,5.22,2059265.77,7229978.634,3.2756,6.3564,1.99,29.2553,25.3702,2.6119,1.4708,1.4065,1.1214,1.1214,906200.0,628670.0,323969.3609,32324154.0,22424658.9,37.29,30.51,1.128
601601,中国太保,保险,上海,20071225,601601.SH,20150605,34.46,34.7,33.01,33.9,34.05,-0.15,-0.44,1171889.34,3974264.471,1.8641,3.6173,1.18,27.8036,24.1113,2.4823,1.3978,1.3367,1.1799,1.1799,906200.0,628670.0,323969.3609,30720180.0,21311913.0,37.46,30.65,1.128
601601,中国太保,保险,上海,20071225,601601.SH,20150604,33.57,34.54,31.21,34.05,33.58,0.47,1.4,1290455.55,4315321.04,2.0527,3.9833,1.31,27.9266,24.218,2.4933,1.404,1.3426,1.1747,1.1747,906200.0,628670.0,323969.3609,30856110.0,21406213.5,36.94,30.22,1.128
601601,中国太保,保险,上海,20071225,601601.SH,20150603,33.29,34.06,33.01,33.58,33.2,0.38,1.14,933274.52,3124103.602,1.4845,2.8807,0.94,27.5411,23.8837,2.4589,1.3846,1.3241,1.1912,1.1912,906200.0,628670.0,323969.3609,30430196.0,21110738.6,36.52,29.88,1.128
601601,中国太保,保险,上海,20071225,601601.SH,20150602,33.38,33.68,32.83,33.2,33.51,-0.31,-0.93,856754.39,2843815.98,1.3628,2.6446,0.81,27.2295,23.6134,2.4311,1.3689,1.3091,1.2048,1.2048,906200.0,628670.0,323969.3609,30085840.0,20871844.0,36.86,30.16,1.128
601601,中国太保,保险,上海,20071225,601601.SH,20150601,32.25,33.72,32.0,33.51,32.23,1.28,3.97,912924.71,3004958.603,1.4522,2.8179,0.81,27.4837,23.8339,2.4538,1.3817,1.3213,1.1937,1.1937,906200.0,628670.0,323969.3609,30366762.0,21066731.7,35.45,29.01,1.128
601601,中国太保,保险,上海,20071225,601601.SH,20150529,32.96,33.28,31.88,32.23,32.86,-0.63,-1.92,980731.06,3200680.153,1.56,3.0272,0.84,26.4339,22.9235,2.3601,1.3289,1.2709,1.2411,1.2411,906200.0,628670.0,323969.3609,29206826.0,20262034.1,36.15,29.57,1.128
601601,中国太保,保险,上海,20071225,601601.SH,20150528,35.4,35.59,32.76,32.86,35.49,-2.63,-7.41,1223968.6,4214707.611,1.9469,3.778,1.14,26.9506,23.3716,2.4062,1.3549,1.2957,1.2173,1.2173,906200.0,628670.0,323969.3609,29777732.0,20658096.2,39.04,31.94,1.128
601601,中国太保,保险,上海,20071225,601601.SH,20150527,35.99,36.19,35.21,35.49,35.96,-0.47,-1.31,986148.29,3518236.655,1.5686,3.044,0.94,29.1076,25.2422,2.5988,1.4633,1.3994,1.1271,1.1271,906200.0,628670.0,323969.3609,32161038.0,22311498.3,39.56,32.36,1.128
601601,中国太保,保险,上海,20071225,601601.SH,20150526,36.0,36.48,35.17,35.96,35.58,0.38,1.07,1216517.02,4349520.293,1.9351,3.755,1.2,29.4931,25.5764,2.6332,1.4827,1.4179,1.1123,1.1123,906200.0,628670.0,323969.3609,32586952.0,22606973.2,39.14,32.02,1.128
601601,中国太保,保险,上海,20071225,601601.SH,20150525,34.65,35.64,34.65,35.58,34.52,1.06,3.07,1224249.04,4317305.753,1.9474,3.7789,1.33,29.1815,25.3062,2.6054,1.4671,1.4029,1.1242,1.1242,906200.0,628670.0,323969.3609,32242596.0,22368078.6,37.97,31.07,1.128
601601,中国太保,保险,上海,20071225,601601.SH,20150522,33.88,34.66,33.6,34.52,33.52,1.0,2.98,1210790.19,4151567.164,1.926,3.7374,1.37,28.3121,24.5523,2.5277,1.4233,1.3612,1.1587,1.1587,906200.0,628670.0,323969.3609,31282024.0,21701688.4,36.87,30.17,1.128
601601,中国太保,保险,上海,20071225,601601.SH,20150521,33.68,33.78,33.16,33.52,33.44,0.08,0.24,709968.21,2374256.29,1.1293,2.1915,0.78,27.4919,23.841,2.4545,1.3821,1.3217,1.1933,1.1933,906200.0,628670.0,323969.3609,30375824.0,21073018.4,36.78,30.1,1.128
601601,中国太保,保险,上海,20071225,601601.SH,20150520,33.78,34.13,33.23,33.44,33.65,-0.21,-0.62,907839.57,3052703.513,1.4441,2.8022,1.0,27.4263,23.7841,2.4487,1.3788,1.3186,1.1962,1.1962,906200.0,628670.0,323969.3609,30303328.0,21022724.8,37.02,30.29,1.128
601601,中国太保,保险,上海,20071225,601601.SH,20150519,32.52,34.25,32.45,33.65,32.55,1.1,3.38,1029100.66,3451498.966,1.6369,3.1765,1.07,27.5985,23.9335,2.464,1.3875,1.3268,1.1887,1.1887,906200.0,628670.0,323969.3609,30493630.0,21154745.5,35.81,29.3,1.128
601601,中国太保,保险,上海,20071225,601601.SH,20150518,33.01,33.16,32.52,32.55,33.45,-0.9,-2.69,728259.87,2390916.706,1.1584,2.2479,0.65,26.6964,23.1511,2.3835,1.3421,1.2835,1.2289,1.2289,906200.0,628670.0,323969.3609,29496810.0,20463208.5,36.8,30.11,1.128
601601,中国太保,保险,上海,20071225,601601.SH,20150515,34.6,34.79,33.35,33.45,34.84,-1.39,-3.99,1044834.71,3544115.127,1.662,3.2251,0.92,27.4345,23.7912,2.4494,1.3792,1.319,1.1958,1.1958,906200.0,628670.0,323969.3609,30312390.0,21029011.5,38.32,31.36,1.128
601601,中国太保,保险,上海,20071225,601601.SH,20150514,34.96,35.68,34.5,34.84,34.95,-0.11,-0.31,854053.55,2987886.819,1.3585,2.6362,0.66,28.5745,24.7799,2.5512,1.4365,1.3738,1.1481,1.1481,906200.0,628670.0,323969.3609,31572008.0,21902862.8,38.45,31.46,1.128
601601,中国太保,保险,上海,20071225,601601.SH,20150513,35.6,35.87,34.8,34.95,35.56,-0.61,-1.72,894814.22,3151791.681,1.4233,2.762,0.5,28.6648,24.8581,2.5592,1.4411,1.3781,1.1445,1.1445,906200.0,628670.0,323969.3609,31671690.0,21972016.5,39.12,32.0,1.128
601601,中国太保,保险,上海,20071225,601601.SH,20150512,35.2,36.09,34.8,35.56,35.49,0.07,0.2,1287548.56,4558395.659,2.0481,3.9743,0.72,29.1651,25.2919,2.6039,1.4662,1.4022,1.1249,1.1249,906200.0,628670.0,323969.3609,32224472.0,22355505.2,39.04,31.94,1.128
601601,中国太保,保险,上海,20071225,601601.SH,20150511,34.6,35.99,34.15,35.49,34.44,1.05,3.05,1488232.67,5225954.634,2.3673,4.5937,0.84,29.1076,25.2422,2.5988,1.4633,1.3994,1.1271,1.1271,906200.0,628670.0,323969.3609,32161038.0,22311498.3,37.88,31.0,1.128
601601,中国太保,保险,上海,20071225,601601.SH,20150508,35.0,35.19,33.75,34.44,34.59,-0.15,-0.43,1158993.04,3978470.631,1.8436,3.5775,0.65,28.2465,24.4954,2.5219,1.42,1.358,1.1614,1.1614,906200.0,628670.0,323969.3609,31209528.0,21651394.8,38.05,31.13,1.128
601601,中国太保,保险,上海,20071225,601601.SH,20150507,35.6,36.09,34.56,34.59,36.43,-1.84,-5.05,1684511.83,5917593.568,2.6795,5.1996,1.02,28.3695,24.602,2.5329,1.4262,1.3639,1.1564,1.1564,906200.0,628670.0,323969.3609,31345458.0,21745695.3,40.07,32.79,1.128
601601,中国太保,保险,上海,20071225,601601.SH,20150506,34.92,38.35,34.92,36.43,34.86,1.57,4.5,3269038.71,12094224.972,5.1999,10.0906,2.39,29.8786,25.9107,2.6676,1.5021,1.4365,1.098,1.098,906200.0,628670.0,323969.3609,33012866.0,22902448.1,38.35,31.37,1.128
601601,中国太保,保险,上海,20071225,601601.SH,20150505,36.06,36.5,34.68,34.86,36.05,-1.19,-3.3,1361321.92,4838019.138,2.1654,4.202,1.02,28.5909,24.7941,2.5526,1.4374,1.3746,1.1474,1.1474,906200.0,628670.0,323969.3609,31590132.0,21915436.2,39.66,32.45,1.128
601601,中国太保,保险,上海,20071225,601601.SH,20150504,34.94,36.26,34.19,36.05,34.82,1.23,3.53,1334820.1,4700304.075,2.1232,4.1202,1.02,29.5669,25.6405,2.6398,1.4864,1.4215,1.1096,1.1096,906200.0,628670.0,323969.3609,32668510.0,22663553.5,38.3,31.34,1.128
601601,中国太保,保险,上海,20071225,601601.SH,20150430,35.7,36.29,34.75,34.82,35.61,-0.79,-2.22,1248549.46,4435798.715,1.986,3.8539,0.93,28.5581,24.7656,2.5497,1.4357,1.373,1.1488,1.1488,906200.0,628670.0,323969.3609,31553884.0,21890289.4,39.17,32.05,1.128
601601,中国太保,保险,上海,20071225,601601.SH,20150429,35.8,36.28,34.88,35.61,36.04,-0.43,-1.19,1078528.43,3834661.502,1.7156,3.3291,0.73,29.2061,29.2061,2.755,1.4683,1.4683,1.1233,1.1233,906200.0,628670.0,323969.3609,32269782.0,22386938.7,39.64,32.44,1.128
601601,中国太保,保险,上海,20071225,601601.SH,20150428,35.77,36.51,34.8,36.04,35.8,0.24,0.67,1828485.56,6542342.021,2.9085,5.644,1.42,29.5587,29.5587,2.7883,1.486,1.486,1.1099,1.1099,906200.0,628670.0,323969.3609,32659448.0,22657266.8,39.38,32.22,1.128
601601,中国太保,保险,上海,20071225,601601.SH,20150427,35.08,35.83,34.74,35.8,34.78,1.02,2.93,1201740.24,4239574.642,1.9116,3.7094,0.91,29.3619,29.3619,2.7697,1.4761,1.4761,1.1173,1.1173,906200.0,628670.0,323969.3609,32441960.0,22506386.0,38.26,31.3,1.128
601601,中国太保,保险,上海,20071225,601601.SH,20150424,35.35,35.93,34.38,34.78,36.21,-1.43,-3.95,1162894.83,4075030.453,1.8498,3.5895,0.85,28.5253,28.5253,2.6908,1.4341,1.4341,1.1501,1.1501,906200.0,628670.0,323969.3609,31517636.0,21865142.6,39.83,32.59,1.128
601601,中国太保,保险,上海,20071225,601601.SH,20150423,36.99,37.28,35.5,36.21,36.91,-0.7,-1.9,1437152.82,5224964.081,2.286,4.4361,1.07,29.6982,29.6982,2.8014,1.493,1.493,1.1047,1.1047,906200.0,628670.0,323969.3609,32813502.0,22764140.7,40.6,33.22,1.128
601601,中国太保,保险,上海,20071225,601601.SH,20150422,34.91,36.99,34.72,36.91,34.81,2.1,6.03,1710089.75,6123575.707,2.7202,5.2786,1.46,30.2723,30.2723,2.8556,1.5219,1.5219,1.0837,1.0837,906200.0,628670.0,323969.3609,33447842.0,23204209.7,38.29,31.33,1.128
601601,中国太保,保险,上海,20071225,601601.SH,20150421,34.44,34.98,33.98,34.81,34.08,0.73,2.14,946712.86,3263631.37,1.5059,2.9222,0.79,28.5499,28.5499,2.6931,1.4353,1.4353,1.1491,1.1491,906200.0,628670.0,323969.3609,31544822.0,21884002.7,37.49,30.67,1.128
601601,中国太保,保险,上海,20071225,601601.SH,20150420,36.11,36.11,34.02,34.08,36.19,-2.11,-5.83,1355420.51,4763405.0,2.156,4.1838,1.21,27.9512,27.9512,2.6366,1.4052,1.4052,1.1737,1.1737,906200.0,628670.0,323969.3609,30883296.0,21425073.6,39.81,32.57,1.128
601601,中国太保,保险,上海,20071225,601601.SH,20150417,36.5,36.97,35.7,36.19,35.86,0.33,0.92,1428156.13,5183134.106,2.2717,4.4083,1.33,29.6818,29.6818,2.7999,1.4922,1.4922,1.1053,1.1053,906200.0,628670.0,323969.3609,32795378.0,22751567.3,39.45,32.27,1.128
601601,中国太保,保险,上海,20071225,601601.SH,20150416,34.23,35.9,34.09,35.86,34.37,1.49,4.34,1269136.47,4469333.473,2.0188,3.9175,1.1,29.4111,29.4111,2.7744,1.4786,1.4786,1.1154,1.1154,906200.0,628670.0,323969.3609,32496332.0,22544106.2,37.81,30.93,1.128
601601,中国太保,保险,上海,20071225,601601.SH,20150415,34.72,35.3,34.29,34.37,34.82,-0.45,-1.29,872522.9,3033532.2,1.3879,2.6932,0.64,28.1891,28.1891,2.6591,1.4172,1.4172,1.1638,1.1638,906200.0,628670.0,323969.3609,31146094.0,21607387.9,38.3,31.34,1.128
601601,中国太保,保险,上海,20071225,601601.SH,20150414,35.77,35.78,34.51,34.82,35.79,-0.97,-2.71,1067928.72,3728580.174,1.6987,3.2964,0.77,28.5581,28.5581,2.6939,1.4357,1.4357,1.1488,1.1488,906200.0,628670.0,323969.3609,31553884.0,21890289.4,39.37,32.21,1.128
601601,中国太保,保险,上海,20071225,601601.SH,20150413,36.37,36.5,35.44,35.79,35.87,-0.08,-0.22,980838.22,3516703.522,1.5602,3.0276,0.72,29.3537,29.3537,2.7689,1.4757,1.4757,1.1176,1.1176,906200.0,628670.0,323969.3609,32432898.0,22500099.3,39.46,32.28,1.128
601601,中国太保,保险,上海,20071225,601601.SH,20150410,34.88,35.99,34.75,35.87,35.06,0.81,2.31,1166575.99,4134952.679,1.8556,3.6009,0.89,29.4193,29.4193,2.7751,1.479,1.479,1.1151,1.1151,906200.0,628670.0,323969.3609,32505394.0,22550392.9,38.57,31.55,1.128
601601,中国太保,保险,上海,20071225,601601.SH,20150409,35.65,37.1,35.01,35.06,35.65,-0.59,-1.66,1674502.71,6025032.04,2.6636,5.1687,1.38,28.755,28.755,2.7125,1.4456,1.4456,1.1409,1.1409,906200.0,628670.0,323969.3609,31771372.0,22041170.2,39.22,32.09,1.128
601601,中国太保,保险,上海,20071225,601601.SH,20150408,34.86,36.25,34.18,35.65,34.78,0.87,2.5,1877418.2,6632168.072,2.9863,5.795,1.62,29.2389,29.2389,2.7581,1.4699,1.4699,1.122,1.122,906200.0,628670.0,323969.3609,32306030.0,22412085.5,38.26,31.3,1.128
601601,中国太保,保险,上海,20071225,601601.SH,20150407,34.31,34.86,33.91,34.78,34.1,0.68,1.99,1258089.58,4322703.619,2.0012,3.8834,1.07,28.5253,28.5253,2.6908,1.4341,1.4341,1.1501,1.1501,906200.0,628670.0,323969.3609,31517636.0,21865142.6,37.51,30.69,1.128
601601,中国太保,保险,上海,20071225,601601.SH,20150403,33.75,34.4,33.66,34.1,34.01,0.09,0.26,817489.2,2781207.885,1.3003,2.5234,0.72,27.9676,27.9676,2.6382,1.406,1.406,1.173,1.173,906200.0,628670.0,323969.3609,30901420.0,21437647.0,37.41,30.61,1.128
601601,中国太保,保险,上海,20071225,601601.SH,20150402,34.67,34.88,33.6,34.01,34.46,-0.45,-1.31,956120.75,3255757.242,1.5209,2.9513,0.85,27.8938,27.8938,2.6312,1.4023,1.4023,1.1761,1.1761,906200.0,628670.0,323969.3609,30819862.0,21381066.7,37.91,31.01,1.128
601601,中国太保,保险,上海,20071225,601601.SH,20150401,34.55,34.99,34.18,34.46,33.9,0.56,1.65,1178257.21,4070903.368,1.8742,3.6369,1.06,28.2629,28.2629,2.666,1.4209,1.4209,1.1608,1.1608,906200.0,628670.0,323969.3609,31227652.0,21663968.2,37.29,30.51,1.128
601601,中国太保,保险,上海,20071225,601601.SH,20150331,34.3,35.0,33.69,33.9,33.62,0.28,0.83,1585911.12,5446757.373,2.5226,4.8953,1.58,27.8036,27.8036,2.6227,1.3978,1.3978,1.1799,1.1799,906200.0,628670.0,323969.3609,30720180.0,21311913.0,36.98,30.26,1.128
601601,中国太保,保险,上海,20071225,601601.SH,20150330,32.44,33.68,32.04,33.62,32.09,1.53,4.77,1332878.09,4388877.336,2.1202,4.1142,1.37,27.5739,27.5739,2.6011,1.3862,1.3862,1.1898,1.1898,906200.0,628670.0,323969.3609,30466444.0,21135885.4,35.3,28.88,1.128
601601,中国太保,保险,上海,20071225,601601.SH,20150327,32.06,32.49,31.78,32.09,32.29,-0.2,-0.62,597952.14,1920110.127,0.9511,1.8548,0.52,31.4005,28.6785,2.6099,1.5057,1.3902,1.2465,1.2465,906200.0,628670.0,322381.2616,29079958.0,20174020.3,35.52,29.06,1.128
601601,中国太保,保险,上海,20071225,601601.SH,20150326,31.85,33.14,31.56,32.29,32.23,0.06,0.19,943497.79,3054692.158,1.5008,2.9267,0.85,31.5962,28.8572,2.6262,1.515,1.3989,1.2388,1.2388,906200.0,628670.0,322381.2616,29261198.0,20299754.3,35.45,29.01,1.128
601601,中国太保,保险,上海,20071225,601601.SH,20150325,33.1,33.42,32.01,32.23,33.41,-1.18,-3.53,1121238.9,3652387.463,1.7835,3.478,1.04,31.5374,28.8036,2.6213,1.5122,1.3963,1.2411,1.2411,906200.0,628670.0,322381.2616,29206826.0,20262034.1,36.75,30.07,1.128
601601,中国太保,保险,上海,20071225,601601.SH,20150324,34.0,34.3,33.34,33.41,34.1,-0.69,-2.02,1019509.51,3436252.038,1.6217,3.1624,0.97,32.6921,29.8581,2.7173,1.5676,1.4474,1.1972,1.1972,906200.0,628670.0,322381.2616,30276142.0,21003864.7,37.51,30.69,1.128
601601,中国太保,保险,上海,20071225,601601.SH,20150323,33.98,34.43,33.5,34.1,33.9,0.2,0.59,1189756.23,4038058.485,1.8925,3.6905,1.14,33.3673,30.4748,2.7734,1.6,1.4773,1.173,1.173,906200.0,628670.0,322381.2616,30901420.0,21437647.0,37.29,30.51,1.128
601601,中国太保,保险,上海,20071225,601601.SH,20150320,33.75,34.8,32.96,33.9,33.34,0.56,1.68,1433577.63,4848289.16,2.2803,4.4468,1.55,33.1716,30.296,2.7571,1.5906,1.4686,1.1799,1.1799,906200.0,628670.0,322381.2616,30720180.0,21311913.0,36.67,30.01,1.128
601601,中国太保,保险,上海,20071225,601601.SH,20150319,34.18,34.25,33.2,33.34,34.4,-1.06,-3.08,801826.27,2694824.105,1.2754,2.4872,0.8,32.6236,29.7956,2.7116,1.5643,1.4444,1.1998,1.1998,906200.0,628670.0,322381.2616,30212708.0,20959857.8,37.84,30.96,1.128
601601,中国太保,保险,上海,20071225,601601.SH,20150318,33.99,34.55,33.95,34.4,33.83,0.57,1.68,935153.33,3200814.381,1.4875,2.9008,0.98,33.6608,30.7429,2.7978,1.6141,1.4903,1.1628,1.1628,906200.0,628670.0,322381.2616,31173280.0,21626248.0,37.21,30.45,1.128
601601,中国太保,保险,上海,20071225,601601.SH,20150317,33.89,34.2,33.41,33.83,33.88,-0.05,-0.15,892186.94,3013872.362,1.4192,2.7675,1.01,33.1031,30.2335,2.7514,1.5873,1.4656,1.1824,1.1824,906200.0,628670.0,322381.2616,30656746.0,21267906.1,37.27,30.49,1.128
601601,中国太保,保险,上海,20071225,601601.SH,20150316,32.89,34.06,32.51,33.88,32.75,1.13,3.45,1150961.35,3833418.273,1.8308,3.5702,1.31,33.152,30.2782,2.7555,1.5897,1.4678,1.1806,1.1806,906200.0,628670.0,322381.2616,30702056.0,21299339.6,36.03,29.48,1.128
601601,中国太保,保险,上海,20071225,601601.SH,20150313,33.0,33.39,32.5,32.75,32.9,-0.15,-0.46,845767.01,2792624.475,1.3453,2.6235,0.99,32.0463,29.2683,2.6636,1.5366,1.4188,1.2214,1.2214,906200.0,628670.0,322381.2616,29678050.0,20588942.5,36.19,29.61,1.128
601601,中国太保,保险,上海,20071225,601601.SH,20150312,32.3,33.3,31.73,32.9,31.73,1.17,3.69,1167681.37,3817228.47,1.8574,3.6221,1.46,32.193,29.4023,2.6758,1.5437,1.4253,1.2158,1.2158,906200.0,628670.0,322381.2616,29813980.0,20683243.0,34.9,28.56,1.128
601601,中国太保,保险,上海,20071225,601601.SH,20150311,31.63,32.5,31.6,31.73,31.41,0.32,1.02,705059.47,2261603.03,1.1215,2.187,0.88,31.0482,28.3567,2.5806,1.4888,1.3746,1.2606,1.2606,906200.0,628670.0,322381.2616,28753726.0,19947699.1,34.55,28.27,1.128
601601,中国太保,保险,上海,20071225,601601.SH,20150310,31.7,31.8,31.2,31.41,32.18,-0.77,-2.39,526607.86,1659158.676,0.8377,1.6335,0.56,30.7351,28.0708,2.5546,1.4738,1.3608,1.2735,1.2735,906200.0,628670.0,322381.2616,28463742.0,19746524.7,35.4,28.96,1.128
601601,中国太保,保险,上海,20071225,601601.SH,20150309,31.0,32.77,30.0,32.18,31.55,0.63,2.0,1150232.36,3594308.72,1.8296,3.5679,1.27,31.4885,28.7589,2.6172,1.5099,1.3941,1.243,1.243,906200.0,628670.0,322381.2616,29161516.0,20230600.6,34.71,28.4,1.128
601601,中国太保,保险,上海,20071225,601601.SH,20150306,31.94,32.28,31.5,31.55,31.99,-0.44,-1.38,706208.28,2251912.343,1.1233,2.1906,0.79,30.8721,28.1959,2.566,1.4803,1.3668,1.2678,1.2678,906200.0,628670.0,322381.2616,28590610.0,19834538.5,35.19,28.79,1.128
601601,中国太保,保险,上海,20071225,601601.SH,20150305,32.0,32.38,31.51,31.99,32.62,-0.63,-1.93,920257.44,2940697.619,1.4638,2.8546,0.99,31.3026,28.5891,2.6018,1.501,1.3859,1.2504,1.2504,906200.0,628670.0,322381.2616,28989338.0,20111153.3,35.88,29.36,1.128
601601,中国太保,保险,上海,20071225,601601.SH,20150304,32.21,32.95,32.1,32.62,32.31,0.31,0.96,712221.03,2312960.652,1.1329,2.2093,0.78,31.9191,29.1521,2.653,1.5305,1.4132,1.2262,1.2262,906200.0,628670.0,322381.2616,29560244.0,20507215.4,35.54,29.08,1.128
601601,中国太保,保险,上海,20071225,601601.SH,20150303,33.62,33.85,32.17,32.31,34.19,-1.88,-5.5,1174087.44,3866177.89,1.8676,3.6419,1.32,31.6157,28.8751,2.6278,1.516,1.3998,1.238,1.238,906200.0,628670.0,322381.2616,29279322.0,20312327.7,37.61,30.77,1.128
601601,中国太保,保险,上海,20071225,601601.SH,20150302,34.41,34.85,33.52,34.19,34.41,-0.22,-0.64,1003027.82,3421510.584,1.5955,3.1113,1.27,33.4553,30.5552,2.7807,1.6042,1.4812,1.1699,1.1699,906200.0,628670.0,322381.2616,30982978.0,21494227.3,37.85,30.97,1.128
601601,中国太保,保险,上海,20071225,601601.SH,20150227,34.8,35.12,34.3,34.41,34.88,-0.47,-1.35,668202.63,2318705.455,1.0629,2.0727,0.83,33.6706,30.7518,2.7986,1.6145,1.4907,1.1625,1.1625,906200.0,628670.0,322381.2616,31182342.0,21632534.7,38.37,31.39,1.128
601601,中国太保,保险,上海,20071225,601601.SH,20150226,33.12,34.97,32.23,34.88,33.31,1.57,4.71,1085322.12,3674572.843,1.7264,3.3666,1.54,34.1305,31.1719,2.8368,1.6366,1.5111,1.1468,1.1468,906200.0,628670.0,322381.2616,31608256.0,21928009.6,36.64,29.98,1.128
601601,中国太保,保险,上海,20071225,601601.SH,20150225,34.3,34.48,33.15,33.31,34.81,-1.5,-4.31,654394.39,2208644.774,1.0409,2.0299,0.92,32.5942,29.7688,2.7091,1.5629,1.4431,1.2008,1.2008,906200.0,628670.0,322381.2616,30185522.0,20940997.7,38.29,31.33,1.128
601601,中国太保,保险,上海,20071225,601601.SH,20150217,33.45,35.66,33.43,34.81,33.35,1.46,4.38,1041509.0,3626108.584,1.6567,3.2307,1.66,34.062,31.1093,2.8311,1.6333,1.5081,1.1491,1.1491,906200.0,628670.0,322381.2616,31544822.0,21884002.7,36.69,30.02,1.128
601601,中国太保,保险,上海,20071225,601601.SH,20150216,33.23,33.88,32.91,33.35,33.27,0.08,0.24,499157.04,1662445.828,0.794,1.5483,0.7,32.6334,29.8045,2.7124,1.5648,1.4448,1.1994,1.1994,906200.0,628670.0,322381.2616,30221770.0,20966144.5,36.6,29.94,1.128
601601,中国太保,保险,上海,20071225,601601.SH,20150213,33.8,34.63,33.13,33.27,33.62,-0.35,-1.04,765680.99,2600202.549,1.2179,2.3751,1.05,32.5551,29.733,2.7059,1.561,1.4413,1.2023,1.2023,906200.0,628670.0,322381.2616,30149274.0,20915850.9,36.98,30.26,1.128
601601,中国太保,保险,上海,20071225,601601.SH,20150212,33.42,34.05,32.72,33.62,33.53,0.09,0.27,573904.81,1922483.821,0.9129,1.7802,0.65,32.8976,30.0458,2.7344,1.5775,1.4565,1.1898,1.1898,906200.0,628670.0,322381.2616,30466444.0,21135885.4,36.88,30.18,1.128
601601,中国太保,保险,上海,20071225,601601.SH,20150211,32.96,33.88,32.68,33.53,32.77,0.76,2.32,694656.32,2314323.323,1.105,2.1548,0.72,32.8095,29.9654,2.727,1.5732,1.4526,1.193,1.193,906200.0,628670.0,322381.2616,30384886.0,21079305.1,36.05,29.49,1.128
601601,中国太保,保险,上海,20071225,601601.SH,20150210,31.88,32.9,31.75,32.77,32.08,0.69,2.15,607473.6,1971902.646,0.9663,1.8843,0.53,32.0658,29.2862,2.6652,1.5376,1.4197,1.2206,1.2206,906200.0,628670.0,322381.2616,29696174.0,20601515.9,35.29,28.87,1.128
601601,中国太保,保险,上海,20071225,601601.SH,20150209,31.0,33.0,30.69,32.08,31.16,0.92,2.95,920213.26,2944932.023,1.4637,2.8544,0.8,31.3907,28.6695,2.6091,1.5052,1.3898,1.2469,1.2469,906200.0,628670.0,322381.2616,29070896.0,20167733.6,34.28,28.04,1.128
601601,中国太保,保险,上海,20071225,601601.SH,20150206,31.3,32.17,30.82,31.16,31.87,-0.71,-2.23,835598.58,2629728.659,1.3292,2.592,0.7,30.4904,27.8473,2.5343,1.462,1.3499,1.2837,1.2837,906200.0,628670.0,322381.2616,28237192.0,19589357.2,35.06,28.68,1.128
601601,中国太保,保险,上海,20071225,601601.SH,20150205,34.2,34.3,31.8,31.87,32.74,-0.87,-2.66,1339582.2,4484626.318,2.1308,4.1553,1.14,31.1852,28.4818,2.592,1.4953,1.3807,1.2551,1.2551,906200.0,628670.0,322381.2616,28880594.0,20035712.9,36.01,29.47,1.128
601601,中国太保,保险,上海,20071225,601601.SH,20150204,33.97,34.5,32.62,32.74,33.99,-1.25,-3.68,1112194.28,3740506.683,1.7691,3.4499,0.96,32.0365,29.2594,2.6628,1.5362,1.4184,1.2217,1.2217,906200.0,628670.0,322381.2616,29668988.0,20582655.8,37.39,30.59,1.128
601601,中国太保,保险,上海,20071225,601601.SH,20150203,32.54,34.75,31.79,33.99,31.93,2.06,6.45,1478884.77,4896619.481,2.3524,4.5874,1.24,33.2596,30.3765,2.7644,1.5948,1.4725,1.1768,1.1768,906200.0,628670.0,322381.2616,30801738.0,21368493.3,35.12,28.74,1.128
601601,中国太保,保险,上海,20071225,601601.SH,20150202,31.85,32.97,31.66,31.93,33.41,-1.48,-4.43,971465.52,3120848.358,1.5453,3.0134,0.75,31.2439,28.5355,2.5969,1.4982,1.3833,1.2527,1.2527,906200.0,628670.0,322381.2616,28934966.0,20073433.1,36.75,30.07,1.128
601601,中国太保,保险,上海,20071225,601601.SH,20150130,34.75,35.29,33.22,33.41,35.17,-1.76,-5.0,1091428.27,3712701.987,1.7361,3.3855,0.73,32.6921,29.8581,2.7173,1.5676,1.4474,1.1972,1.1972,906200.0,628670.0,322381.2616,30276142.0,21003864.7,38.69,31.65,1.128
601601,中国太保,保险,上海,20071225,601601.SH,20150129,33.98,35.29,33.55,35.17,34.75,0.42,1.21,1197504.28,4111931.601,1.9048,3.7146,0.78,34.4143,31.431,2.8604,1.6502,1.5237,1.1373,1.1373,906200.0,628670.0,322381.2616,31871054.0,22110323.9,38.23,31.28,1.128
601601,中国太保,保险,上海,20071225,601601.SH,20150128,35.4,35.67,34.5,34.75,36.33,-1.58,-4.35,1025062.52,3588978.221,1.6305,3.1797,0.62,34.0033,31.0557,2.8263,1.6305,1.5055,1.1511,1.1511,906200.0,628670.0,322381.2616,31490450.0,21846282.5,39.96,32.7,1.128
601601,中国太保,保险,上海,20071225,601601.SH,20150127,37.49,37.88,34.7,36.33,36.96,-0.63,-1.7,1683168.58,6085948.927,2.6773,5.221,1.06,35.5493,32.4677,2.9548,1.7046,1.5739,1.101,1.101,906200.0,628670.0,322381.2616,32922246.0,22839581.1,40.66,33.26,1.128
601601,中国太保,保险,上海,20071225,601601.SH,20150126,36.1,37.5,35.49,36.96,36.46,0.5,1.37,1454551.92,5325633.772,2.3137,4.5119,0.98,36.1658,33.0307,3.006,1.7342,1.6012,1.0823,1.0823,906200.0,628670.0,322381.2616,33493152.0,23235643.2,40.11,32.81,1.128
601601,中国太保,保险,上海,20071225,601601.SH,20150123,34.12,36.83,33.17,36.46,33.48,2.98,8.9,2072648.98,7387374.519,3.2969,6.4292,1.54,35.6765,32.5839,2.9653,1.7107,1.5795,1.0971,1.0971,906200.0,628670.0,322381.2616,33040052.0,22921308.2,36.83,30.13,1.128
601601,中国太保,保险,上海,20071225,601601.SH,20150122,34.1,34.9,33.15,33.48,33.14,0.34,1.03,1419338.56,4815224.3,2.2577,4.4027,1.08,32.7606,29.9207,2.723,1.5709,1.4504,1.1947,1.1947,906200.0,628670.0,322381.2616,30339576.0,21047871.6,36.45,29.83,1.128
601601,中国太保,保险,上海,20071225,601601.SH,20150121,30.71,33.14,30.68,33.14,30.13,3.01,9.99,1636070.22,5280659.558,2.6024,5.075,1.48,32.4279,29.6168,2.6953,1.5549,1.4357,1.207,1.207,906200.0,628670.0,322381.2616,30031468.0,20834123.8,33.14,27.12,1.128
601601,中国太保,保险,上海,20071225,601601.SH,20150120,30.03,30.85,29.3,30.13,30.36,-0.23,-0.76,1351500.23,4071200.954,2.1498,4.1922,1.42,29.4826,26.9268,2.4505,1.4137,1.3053,1.3276,1.3276,906200.0,628670.0,322381.2616,27303806.0,18941827.1,33.4,27.32,1.128
601601,中国太保,保险,上海,20071225,601601.SH,20150119,30.36,31.59,30.36,30.36,33.73,-3.37,-9.99,966361.31,2979353.499,1.5372,2.9976,0.99,29.7076,27.1324,2.4692,1.4245,1.3153,1.3175,1.3175,906200.0,628670.0,322381.2616,27512232.0,19086421.2,37.1,30.36,1.128
601601,中国太保,保险,上海,20071225,601601.SH,20150116,33.68,35.0,32.82,33.73,33.55,0.18,0.54,1344703.87,4587585.782,2.139,4.1712,1.31,33.0052,30.1441,2.7433,1.5826,1.4613,1.1859,1.1859,906200.0,628670.0,322381.2616,30566126.0,21205039.1,36.91,30.2,1.128
601601,中国太保,保险,上海,20071225,601601.SH,20150115,31.48,34.0,31.16,33.55,31.0,2.55,8.23,1301752.69,4231358.941,2.0706,4.0379,1.39,32.8291,29.9832,2.7287,1.5742,1.4535,1.1923,1.1923,906200.0,628670.0,322381.2616,30403010.0,21091878.5,34.1,27.9,1.128
601601,中国太保,保险,上海,20071225,601601.SH,20150114,30.94,31.65,30.51,31.0,30.85,0.15,0.49,561311.73,1749525.17,0.8929,1.7411,0.56,30.3339,27.7043,2.5213,1.4545,1.343,1.2903,1.2903,906200.0,628670.0,322381.2616,28092200.0,19488770.0,33.94,27.77,1.128
601601,中国太保,保险,上海,20071225,601601.SH,20150113,31.14,31.81,30.45,30.85,31.13,-0.28,-0.9,579057.46,1801910.261,0.9211,1.7962,0.51,30.1871,27.5703,2.5091,1.4475,1.3365,1.2966,1.2966,906200.0,628670.0,322381.2616,27956270.0,19394469.5,34.24,28.02,1.128
601601,中国太保,保险,上海,20071225,601601.SH,20150112,30.89,31.83,29.79,31.13,30.92,0.21,0.68,1090685.23,3367675.132,1.7349,3.3832,0.93,30.4611,27.8205,2.5318,1.4606,1.3486,1.2849,1.2849,906200.0,628670.0,322381.2616,28210006.0,19570497.1,34.01,27.83,1.128
601601,中国太保,保险,上海,20071225,601601.SH,20150109,30.18,33.03,29.84,30.92,30.03,0.89,2.96,1612508.71,5101798.818,2.565,5.0019,1.52,30.2556,27.6328,2.5148,1.4508,1.3395,1.2937,1.2937,906200.0,628670.0,322381.2616,28019704.0,19438476.4,33.03,27.03,1.128
601601,中国太保,保险,上海,20071225,601601.SH,20150108,31.5,31.72,29.83,30.03,31.23,-1.2,-3.84,830695.43,2531353.155,1.3214,2.5767,0.75,29.3847,26.8375,2.4424,1.409,1.301,1.332,1.332,906200.0,628670.0,322381.2616,27213186.0,18878960.1,34.35,28.11,1.128
601601,中国太保,保险,上海,20071225,601601.SH,20150107,31.1,32.22,30.96,31.23,31.36,-0.13,-0.41,864210.44,2718229.745,1.3747,2.6807,0.65,30.5589,27.9099,2.54,1.4653,1.353,1.2808,1.2808,906200.0,628670.0,322381.2616,28300626.0,19633364.1,34.5,28.22,1.128
601601,中国太保,保险,上海,20071225,601601.SH,20150106,32.0,32.81,30.79,31.36,33.28,-1.92,-5.77,1239038.2,3922784.98,1.9709,3.8434,0.91,30.6861,28.0261,2.5505,1.4714,1.3586,1.2755,1.2755,906200.0,628670.0,322381.2616,28418432.0,19715091.2,36.61,29.95,1.128
601601,中国太保,保险,上海,20071225,601601.SH,20150105,33.0,34.31,32.5,33.28,32.3,0.98,3.03,1340731.01,4489658.023,2.1326,4.1588,1.04,32.5649,29.7419,2.7067,1.5615,1.4418,1.2019,1.2019,906200.0,628670.0,322381.2616,30158336.0,20922137.6,35.53,29.07,1.128
601601,中国太保,保险,上海,20071225,601601.SH,20141231,31.96,32.74,31.01,32.3,31.97,0.33,1.03,1014573.83,3245053.365,1.6138,3.1471,0.81,31.6059,28.8661,2.627,1.5155,1.3993,1.0836,1.2384,906200.0,628670.0,322381.2616,29270260.0,20306041.0,35.17,28.77,1.128
601601,中国太保,保险,上海,20071225,601601.SH,20141230,31.5,32.68,30.71,31.97,31.92,0.05,0.16,1109210.01,3521998.743,1.7644,3.4407,0.87,31.283,28.5712,2.6002,1.5,1.385,1.0948,1.2512,906200.0,628670.0,322381.2616,28971214.0,20098579.9,35.11,28.73,1.128
601601,中国太保,保险,上海,20071225,601601.SH,20141229,30.55,32.91,30.55,31.92,29.92,2.0,6.68,1940953.26,6191039.177,3.0874,6.0207,1.75,31.2341,28.5265,2.5961,1.4977,1.3829,1.0965,1.2531,906200.0,628670.0,322381.2616,28925904.0,20067146.4,32.91,26.93,1.128
601601,中国太保,保险,上海,20071225,601601.SH,20141226,27.6,30.28,27.4,29.92,27.67,2.25,8.13,1424969.0,4119172.829,2.2666,4.4201,1.42,29.2771,26.7392,2.4334,1.4038,1.2962,1.1698,1.3369,906200.0,628670.0,322381.2616,27113504.0,18809806.4,30.44,24.9,1.128
601601,中国太保,保险,上海,20071225,601601.SH,20141225,25.89,27.7,25.52,27.67,25.66,2.01,7.83,979445.04,2627536.391,1.558,3.0382,0.95,27.0754,24.7284,2.2504,1.2983,1.1987,1.2649,1.4456,906200.0,628670.0,322381.2616,25074554.0,17395298.9,28.23,23.09,1.128
601601,中国太保,保险,上海,20071225,601601.SH,20141224,27.8,27.88,25.3,25.66,27.42,-1.76,-6.42,785019.54,2074331.442,1.2487,2.4351,0.7,25.1086,22.932,2.087,1.204,1.1117,1.364,1.5588,906200.0,628670.0,322381.2616,23253092.0,16131672.2,30.16,24.68,1.128
601601,中国太保,保险,上海,20071225,601601.SH,20141223,26.5,29.44,26.11,27.42,27.02,0.4,1.48,1242547.26,3439633.943,1.9765,3.8543,1.13,26.8308,24.5049,2.2301,1.2865,1.1879,1.2764,1.4588,906200.0,628670.0,322381.2616,24848004.0,17238131.4,29.72,24.32,1.128
601601,中国太保,保险,上海,20071225,601601.SH,20141222,26.6,28.0,26.58,27.02,26.63,0.39,1.46,1116150.73,3046891.289,1.7754,3.4622,1.13,26.4394,24.1475,2.1976,1.2678,1.1706,1.2953,1.4804,906200.0,628670.0,322381.2616,24485524.0,16986663.4,29.29,23.97,1.128
601601,中国太保,保险,上海,20071225,601601.SH,20141219,26.8,27.25,25.7,26.63,26.8,-0.17,-0.63,894146.34,2376323.245,1.4223,2.7736,0.93,26.0578,23.7989,2.1658,1.2495,1.1537,1.3143,1.5021,906200.0,628670.0,322381.2616,24132106.0,16741482.1,29.48,24.12,1.128
601601,中国太保,保险,上海,20071225,601601.SH,20141218,26.8,27.79,26.41,26.8,26.67,0.13,0.49,1106842.41,2997365.102,1.7606,3.4333,1.24,26.2241,23.9508,2.1797,1.2575,1.161,1.306,1.4925,906200.0,628670.0,322381.2616,24286160.0,16848356.0,29.34,24.0,1.128
601601,中国太保,保险,上海,20071225,601601.SH,20141217,26.49,27.01,25.8,26.67,26.45,0.22,0.83,1234387.22,3260470.126,1.9635,3.829,1.41,26.0969,23.8347,2.1691,1.2514,1.1554,1.3123,1.4998,906200.0,628670.0,322381.2616,24168354.0,16766628.9,29.1,23.81,1.128
601601,中国太保,保险,上海,20071225,601601.SH,20141216,24.85,26.49,24.69,26.45,24.88,1.57,6.31,1143860.7,2927549.376,1.8195,3.5482,1.12,25.8816,23.6381,2.1512,1.241,1.1459,1.3233,1.5123,906200.0,628670.0,322381.2616,23968990.0,16628321.5,27.37,22.39,1.128
601601,中国太保,保险,上海,20071225,601601.SH,20141215,24.18,25.06,24.04,24.88,24.54,0.34,1.39,542529.32,1330926.686,0.863,1.6829,0.44,24.3454,22.235,2.0235,1.1674,1.0779,1.4068,1.6077,906200.0,628670.0,322381.2616,22546256.0,15641309.6,26.99,22.09,1.128
601601,中国太保,保险,上海,20071225,601601.SH,20141212,24.55,25.45,24.28,24.54,24.23,0.31,1.28,764657.39,1900664.971,1.2163,2.3719,0.55,24.0127,21.9311,1.9959,1.1514,1.0631,1.4262,1.63,906200.0,628670.0,322381.2616,22238148.0,15427561.8,26.65,21.81,1.128
601601,中国太保,保险,上海,20071225,601601.SH,20141211,24.66,25.25,24.18,24.23,25.38,-1.15,-4.53,785805.69,1936781.69,1.2499,2.4375,0.52,23.7093,21.6541,1.9707,1.1369,1.0497,1.4445,1.6508,906200.0,628670.0,322381.2616,21957226.0,15232674.1,27.92,22.84,1.128
601601,中国太保,保险,上海,20071225,601601.SH,20141210,25.2,26.0,23.95,25.38,25.36,0.02,0.08,1141088.73,2839096.872,1.8151,3.5396,0.74,24.8346,22.6818,2.0642,1.1908,1.0995,1.379,1.576,906200.0,628670.0,322381.2616,22999356.0,15955644.6,27.9,22.82,1.128
601601,中国太保,保险,上海,20071225,601601.SH,20141209,27.0,28.66,25.36,25.36,28.18,-2.82,-10.01,1872645.4,5088113.48,2.9787,5.8088,1.36,24.8151,22.6639,2.0626,1.1899,1.0987,1.3801,1.5773,906200.0,628670.0,322381.2616,22981232.0,15943071.2,31.0,25.36,1.128
601601,中国太保,保险,上海,20071225,601601.SH,20141208,25.92,28.74,25.7,28.18,26.68,1.5,5.62,1563619.48,4309010.987,2.4872,4.8502,1.24,27.5745,25.1841,2.2919,1.3222,1.2208,1.242,1.4194,906200.0,628670.0,322381.2616,25536716.0,17715920.6,29.35,24.01,1.128
601601,中国太保,保险,上海,20071225,601601.SH,20141205,27.39,27.95,25.51,26.68,26.66,0.02,0.08,1610205.38,4331296.038,2.5613,4.9947,1.43,26.1067,23.8436,2.1699,1.2518,1.1558,1.3118,1.4993,906200.0,628670.0,322381.2616,24177416.0,16772915.6,29.33,23.99,1.128
601601,中国太保,保险,上海,20071225,601601.SH,20141204,24.49,26.66,24.05,26.66,24.24,2.42,9.98,1371777.81,3507417.337,2.182,4.2551,1.25,26.0871,23.8257,2.1683,1.2509,1.155,1.3128,1.5004,906200.0,628670.0,322381.2616,24159292.0,16760342.2,26.66,21.82,1.128
601601,中国太保,保险,上海,20071225,601601.SH,20141203,24.99,26.16,24.05,24.24,24.89,-0.65,-2.61,1321609.1,3319894.502,2.1022,4.0995,1.27,23.7191,21.663,1.9715,1.1373,1.0501,1.4439,1.6502,906200.0,628670.0,322381.2616,21966288.0,15238960.8,27.38,22.4,1.128
601601,中国太保,保险,上海,20071225,601601.SH,20141202,23.42,25.68,23.33,24.89,23.69,1.2,5.07,1018603.77,2495870.901,1.6203,3.1596,1.09,24.3552,22.2439,2.0243,1.1678,1.0783,1.4062,1.6071,906200.0,628670.0,322381.2616,22555318.0,15647596.3,26.06,21.32,1.128
601601,中国太保,保险,上海,20071225,601601.SH,20141201,24.5,25.19,23.63,23.69,24.12,-0.43,-1.78,982984.16,2399048.231,1.5636,3.0491,0.97,23.181,21.1715,1.9267,1.1115,1.0263,1.4774,1.6885,906200.0,628670.0,322381.2616,21467878.0,14893192.3,26.53,21.71,1.128
601601,中国太保,保险,上海,20071225,601601.SH,20141128,24.44,24.64,23.59,24.12,24.58,-0.46,-1.87,944051.56,2272935.391,1.5017,2.9284,1.02,23.6017,21.5558,1.9617,1.1317,1.0449,1.4511,1.6584,906200.0,628670.0,322381.2616,21857544.0,15163520.4,27.04,22.12,1.128
601601,中国太保,保险,上海,20071225,601601.SH,20141127,24.1,24.96,23.9,24.58,23.96,0.62,2.59,1202353.18,2941187.973,1.9125,3.7296,1.56,24.0518,21.9669,1.9991,1.1533,1.0649,1.4239,1.6273,906200.0,628670.0,322381.2616,22274396.0,15452708.6,26.36,21.56,1.128
601601,中国太保,保险,上海,20071225,601601.SH,20141126,22.42,23.99,22.42,23.96,22.41,1.55,6.92,1040703.95,2408905.711,1.6554,3.2282,1.68,23.4451,21.4128,1.9487,1.1242,1.038,1.4608,1.6694,906200.0,628670.0,322381.2616,21712552.0,15062933.2,24.65,20.17,1.128
601601,中国太保,保险,上海,20071225,601601.SH,20141125,22.35,22.69,22.11,22.41,22.57,-0.16,-0.71,523306.4,1173876.43,0.8324,1.6233,0.87,21.9285,20.0276,1.8226,1.0515,0.9709,1.5618,1.7849,906200.0,628670.0,322381.2616,20307942.0,14088494.7,24.83,20.31,1.128
601601,中国太保,保险,上海,20071225,601601.SH,20141124,21.97,22.76,21.72,22.57,21.09,1.48,7.02,1369425.26,3041714.757,2.1783,4.2478,3.06,22.085,20.1705,1.8356,1.059,0.9778,1.5507,1.7723,906200.0,628670.0,322381.2616,20452934.0,14189081.9,23.2,18.98,1.128
601601,中国太保,保险,上海,20071225,601601.SH,20141121,20.41,21.17,20.16,21.09,20.47,0.62,3.03,497316.94,1035163.256,0.7911,1.5426,1.05,20.6368,18.8479,1.7153,0.9895,0.9137,1.6596,1.8966,906200.0,628670.0,322381.2616,19111758.0,13258650.3,22.52,18.42,1.128
601601,中国太保,保险,上海,20071225,601601.SH,20141120,19.88,20.68,19.86,20.47,19.96,0.51,2.56,425109.81,864629.134,0.6762,1.3187,0.84,20.0301,18.2938,1.6648,0.9605,0.8868,1.7098,1.9541,906200.0,628670.0,322381.2616,18549914.0,12868874.9,21.96,17.96,1.128
601601,中国太保,保险,上海,20071225,601601.SH,20141119,19.96,20.22,19.9,19.96,19.96,0.0,0.0,276643.33,555100.828,0.44,0.8581,0.53,19.5311,17.838,1.6234,0.9365,0.8647,1.7535,2.004,906200.0,628670.0,322381.2616,18087752.0,12548253.2,21.96,17.96,1.128
601601,中国太保,保险,上海,20071225,601601.SH,20141118,20.51,20.77,19.89,19.96,20.55,-0.59,-2.87,422199.44,852319.149,0.6716,1.3096,0.69,19.5311,17.838,1.6234,0.9365,0.8647,1.7535,2.004,906200.0,628670.0,322381.2616,18087752.0,12548253.2,22.61,18.5,1.128
601601,中国太保,保险,上海,20071225,601601.SH,20141117,22.0,22.09,20.44,20.55,21.33,-0.78,-3.66,619072.08,1304540.289,0.9847,1.9203,1.04,20.1084,18.3653,1.6714,0.9642,0.8903,1.7032,1.9465,906200.0,628670.0,322381.2616,18622410.0,12919168.5,23.46,19.2,1.128
601601,中国太保,保险,上海,20071225,601601.SH,20141114,21.14,21.4,20.69,21.33,21.14,0.19,0.9,636338.68,1335180.267,1.0122,1.9739,1.11,20.8717,19.0624,1.7348,1.0008,0.9241,1.6409,1.8753,906200.0,628670.0,322381.2616,19329246.0,13409531.1,23.25,19.03,1.128
601601,中国太保,保险,上海,20071225,601601.SH,20141113,20.85,21.66,20.85,21.14,20.8,0.34,1.63,571518.64,1220460.519,0.9091,1.7728,1.18,20.6857,18.8926,1.7193,0.9919,0.9158,1.6556,1.8921,906200.0,628670.0,322381.2616,19157068.0,13290083.8,22.88,18.72,1.128
601601,中国太保,保险,上海,20071225,601601.SH,20141112,20.57,20.9,20.31,20.8,20.64,0.16,0.78,346345.7,714138.562,0.5509,1.0743,0.78,20.3531,18.5887,1.6917,0.9759,0.9011,1.6827,1.9231,906200.0,628670.0,322381.2616,18848960.0,13076336.0,22.7,18.58,1.128
601601,中国太保,保险,上海,20071225,601601.SH,20141111,20.39,21.0,20.34,20.64,20.37,0.27,1.33,890707.45,1837271.324,1.4168,2.7629,2.93,20.1965,18.4457,1.6787,0.9684,0.8942,1.6957,1.938,906200.0,628670.0,322381.2616,18703968.0,12975748.8,22.41,18.33,1.128
601601,中国太保,保险,上海,20071225,601601.SH,20141110,20.25,20.61,20.02,20.37,20.09,0.28,1.39,540741.03,1096625.347,0.8601,1.6773,2.15,19.9323,18.2044,1.6567,0.9558,0.8825,1.7182,1.9637,906200.0,628670.0,322381.2616,18459294.0,12806007.9,22.1,18.08,1.128
601601,中国太保,保险,上海,20071225,601601.SH,20141107,19.64,20.5,19.6,20.09,19.65,0.44,2.24,505659.62,1016026.748,0.8043,1.5685,1.91,19.6583,17.9542,1.6339,0.9426,0.8704,1.7422,1.991,906200.0,628670.0,322381.2616,18205558.0,12629980.3,21.62,17.69,1.128
601601,中国太保,保险,上海,20071225,601601.SH,20141106,19.84,19.94,19.51,19.65,19.77,-0.12,-0.61,139486.5,274951.861,0.2219,0.4327,0.49,19.2278,17.561,1.5982,0.922,0.8513,1.7812,2.0356,906200.0,628670.0,322381.2616,17806830.0,12353365.5,21.75,17.79,1.128
601601,中国太保,保险,上海,20071225,601601.SH,20141105,19.6,19.88,19.5,19.77,19.63,0.14,0.71,134178.06,264540.475,0.2134,0.4162,0.41,19.3452,17.6682,1.6079,0.9276,0.8565,1.7704,2.0233,906200.0,628670.0,322381.2616,17915574.0,12428805.9,21.59,17.67,1.128
601601,中国太保,保险,上海,20071225,601601.SH,20141104,19.5,19.75,19.46,19.63,19.68,-0.05,-0.25,200762.1,393299.082,0.3193,0.6227,0.63,19.2082,17.5431,1.5965,0.921,0.8504,1.783,2.0377,906200.0,628670.0,322381.2616,17788706.0,12340792.1,21.65,17.71,1.128
601601,中国太保,保险,上海,20071225,601601.SH,20141103,19.97,20.04,19.59,19.68,19.97,-0.29,-1.45,276220.33,546342.16,0.4394,0.8568,0.89,19.2571,17.5878,1.6006,0.9234,0.8526,1.7785,2.0325,906200.0,628670.0,322381.2616,17834016.0,12372225.6,21.97,17.97,1.128
601601,中国太保,保险,上海,20071225,601601.SH,20141031,19.46,20.08,19.41,19.97,19.33,0.64,3.31,575001.18,1138501.962,0.9146,1.7836,2.69,19.5409,17.847,1.6242,0.937,0.8652,1.7526,2.003,906200.0,628670.0,322381.2616,18096814.0,12554539.9,21.26,17.4,1.128
601601,中国太保,保险,上海,20071225,601601.SH,20141030,19.4,19.5,19.23,19.33,19.49,-0.16,-0.82,237418.6,459327.53,0.3777,0.7365,1.15,18.9146,17.275,1.5721,0.907,0.8374,1.8107,2.0693,906200.0,628670.0,322381.2616,17516846.0,12152191.1,21.44,17.54,1.128
601601,中国太保,保险,上海,20071225,601601.SH,20141029,19.29,19.7,19.25,19.49,19.21,0.28,1.46,335265.24,654246.78,0.5333,1.04,1.84,19.0712,17.418,1.5851,0.9145,0.8444,1.7958,2.0523,906200.0,628670.0,322381.2616,17661838.0,12252778.3,21.13,17.29,1.128
601601,中国太保,保险,上海,20071225,601601.SH,20141028,18.73,19.24,18.73,19.21,18.73,0.48,2.56,182006.72,345595.082,0.2895,0.5646,1.11,18.7972,17.1678,1.5624,0.9013,0.8322,1.822,2.0822,906200.0,628670.0,322381.2616,17408102.0,12076750.7,20.6,16.86,1.128
601601,中国太保,保险,上海,20071225,601601.SH,20141027,18.7,18.86,18.3,18.73,19.14,-0.41,-2.14,229707.3,428215.846,0.3654,0.7125,1.57,18.3275,16.7388,1.5233,0.8788,0.8114,1.8687,2.1356,906200.0,628670.0,322381.2616,16973126.0,11774989.1,21.05,17.23,1.128
601601,中国太保,保险,上海,20071225,601601.SH,20141024,19.11,19.23,19.01,19.14,19.11,0.03,0.16,85186.47,162868.239,0.1355,0.2642,0.53,18.7287,16.2937,1.631,0.898,0.8535,1.8286,2.0899,906200.0,628670.0,322381.2616,17344668.0,12032743.8,21.02,17.2,1.128
601601,中国太保,保险,上海,20071225,601601.SH,20141023,19.17,19.47,19.01,19.11,19.18,-0.07,-0.37,201378.87,388234.849,0.3203,0.6247,1.28,18.6994,16.2682,1.6285,0.8966,0.8522,1.8315,2.0931,906200.0,628670.0,322381.2616,17317482.0,12013883.7,21.1,17.26,1.128
601601,中国太保,保险,上海,20071225,601601.SH,20141022,19.01,19.69,18.91,19.18,18.98,0.2,1.05,214448.39,413747.597,0.3411,0.6652,1.44,18.7679,16.3278,1.6345,0.8999,0.8553,1.8248,2.0855,906200.0,628670.0,322381.2616,17380916.0,12057890.6,20.88,17.08,1.128
601601,中国太保,保险,上海,20071225,601601.SH,20141021,19.18,19.26,18.96,18.98,19.2,-0.22,-1.15,90067.11,172169.839,0.1433,0.2794,0.52,18.5722,16.1575,1.6174,0.8905,0.8464,1.844,2.1075,906200.0,628670.0,322381.2616,17199676.0,11932156.6,21.12,17.28,1.128
601601,中国太保,保险,上海,20071225,601601.SH,20141020,19.37,19.45,19.08,19.2,19.22,-0.02,-0.1,139982.56,269847.862,0.2227,0.4342,0.8,18.7874,16.3448,1.6362,0.9009,0.8562,1.8229,2.0833,906200.0,628670.0,322381.2616,17399040.0,12070464.0,21.14,17.3,1.128
601601,中国太保,保险,上海,20071225,601601.SH,20141017,19.26,19.44,19.01,19.22,19.15,0.07,0.37,160968.97,309462.726,0.256,0.4993,0.87,18.807,16.3618,1.6379,0.9018,0.8571,1.821,2.0812,906200.0,628670.0,322381.2616,17417164.0,12083037.4,21.07,17.24,1.128
601601,中国太保,保险,上海,20071225,601601.SH,20141016,18.96,19.48,18.96,19.15,19.24,-0.09,-0.47,178383.99,343752.228,0.2837,0.5533,0.91,18.7385,16.3022,1.6319,0.8985,0.854,1.8277,2.0888,906200.0,628670.0,322381.2616,17353730.0,12039030.5,21.16,17.32,1.128
601601,中国太保,保险,上海,20071225,601601.SH,20141015,18.83,19.34,18.8,19.24,18.87,0.37,1.96,176360.56,337264.003,0.2805,0.5471,0.89,18.8266,16.3789,1.6396,0.9027,0.858,1.8191,2.079,906200.0,628670.0,322381.2616,17435288.0,12095610.8,20.76,16.98,1.128
601601,中国太保,保险,上海,20071225,601601.SH,20141014,19.04,19.19,18.82,18.87,19.04,-0.17,-0.89,204116.54,387157.796,0.3247,0.6332,1.11,18.4645,16.0639,1.608,0.8854,0.8415,1.8548,2.1198,906200.0,628670.0,322381.2616,17099994.0,11863002.9,20.94,17.14,1.128
601601,中国太保,保险,上海,20071225,601601.SH,20141013,19.25,19.25,18.88,19.04,19.4,-0.36,-1.86,159686.21,304095.73,0.254,0.4953,0.8,18.6309,16.2086,1.6225,0.8934,0.8491,1.8382,2.1008,906200.0,628670.0,322381.2616,17254048.0,11969876.8,21.34,17.46,1.128
601601,中国太保,保险,上海,20071225,601601.SH,20141010,19.45,19.53,19.25,19.4,19.56,-0.16,-0.82,206912.06,400569.911,0.3291,0.6418,1.07,18.9831,16.5151,1.6532,0.9102,0.8651,1.8041,2.0619,906200.0,628670.0,322381.2616,17580280.0,12196198.0,21.52,17.6,1.128
601601,中国太保,保险,上海,20071225,601601.SH,20141009,19.47,19.84,19.43,19.56,19.46,0.1,0.51,231275.25,453879.095,0.3679,0.7174,1.21,19.1397,16.6513,1.6668,0.9178,0.8722,1.7894,2.045,906200.0,628670.0,322381.2616,17725272.0,12296785.2,21.41,17.51,1.128
601601,中国太保,保险,上海,20071225,601601.SH,20141008,19.46,19.49,19.22,19.46,19.41,0.05,0.26,186484.35,360911.469,0.2966,0.5785,0.93,19.0418,16.5661,1.6583,0.9131,0.8678,1.7986,2.0555,906200.0,628670.0,322381.2616,17634652.0,12233918.2,21.35,17.47,1.128
601601,中国太保,保险,上海,20071225,601601.SH,20140930,19.4,19.45,19.31,19.41,19.4,0.01,0.05,133280.81,258312.169,0.212,0.4134,0.67,18.9929,16.5236,1.6541,0.9107,0.8656,1.8032,2.0608,906200.0,628670.0,322381.2616,17589342.0,12202484.7,21.34,17.46,1.128
601601,中国太保,保险,上海,20071225,601601.SH,20140929,19.31,19.47,19.2,19.4,19.3,0.1,0.52,240833.86,465057.285,0.3831,0.747,1.21,18.9831,16.5151,1.6532,0.9102,0.8651,1.8041,2.0619,906200.0,628670.0,322381.2616,17580280.0,12196198.0,21.23,17.37,1.128
601601,中国太保,保险,上海,20071225,601601.SH,20140926,19.35,19.51,19.18,19.3,19.51,-0.21,-1.08,177275.34,342413.969,0.282,0.5499,0.94,18.8853,16.4299,1.6447,0.9056,0.8607,1.8135,2.0725,906200.0,628670.0,322381.2616,17489660.0,12133331.0,21.46,17.56,1.128
601601,中国太保,保险,上海,20071225,601601.SH,20140925,19.56,19.76,19.21,19.51,19.46,0.05,0.26,220494.09,432429.669,0.3507,0.684,1.23,19.0908,16.6087,1.6626,0.9154,0.87,1.794,2.0502,906200.0,628670.0,322381.2616,17679962.0,12265351.7,21.41,17.51,1.128
601601,中国太保,保险,上海,20071225,601601.SH,20140924,18.81,19.5,18.79,19.46,18.89,0.57,3.02,232546.3,446889.306,0.3699,0.7213,1.5,19.0418,16.5661,1.6583,0.9131,0.8678,1.7986,2.0555,906200.0,628670.0,322381.2616,17634652.0,12233918.2,20.78,17.0,1.128
601601,中国太保,保险,上海,20071225,601601.SH,20140923,18.8,19.05,18.78,18.89,18.79,0.1,0.53,128371.33,242616.959,0.2042,0.3982,0.72,18.4841,16.0809,1.6097,0.8863,0.8424,1.8528,2.1175,906200.0,628670.0,322381.2616,17118118.0,11875576.3,20.67,16.91,1.128
601601,中国太保,保险,上海,20071225,601601.SH,20140922,19.38,19.4,18.72,18.79,19.54,-0.75,-3.84,234525.66,445188.499,0.3731,0.7275,1.42,18.3862,15.9958,1.6012,0.8816,0.8379,1.8627,2.1288,906200.0,628670.0,322381.2616,17027498.0,11812709.3,21.49,17.59,1.128
601601,中国太保,保险,上海,20071225,601601.SH,20140919,19.42,19.62,19.26,19.54,19.38,0.16,0.83,130632.31,254613.865,0.2078,0.4052,0.81,19.1201,16.6342,1.6651,0.9168,0.8714,1.7912,2.0471,906200.0,628670.0,322381.2616,17707148.0,12284211.8,21.32,17.44,1.128
601601,中国太保,保险,上海,20071225,601601.SH,20140918,19.29,19.51,19.05,19.38,19.32,0.06,0.31,173136.71,334750.083,0.2754,0.5371,1.06,18.9636,16.498,1.6515,0.9093,0.8642,1.806,2.064,906200.0,628670.0,322381.2616,17562156.0,12183624.6,21.25,17.39,1.128
601601,中国太保,保险,上海,20071225,601601.SH,20140917,19.3,19.41,19.15,19.32,19.15,0.17,0.89,110214.61,212857.861,0.1753,0.3419,0.64,18.9049,16.447,1.6464,0.9065,0.8615,1.8116,2.0704,906200.0,628670.0,322381.2616,17507784.0,12145904.4,21.07,17.24,1.128
601601,中国太保,保险,上海,20071225,601601.SH,20140916,19.6,19.65,19.0,19.15,19.5,-0.35,-1.79,237277.13,458745.443,0.3774,0.736,1.49,18.7385,16.3022,1.6319,0.8985,0.854,1.8277,2.0888,906200.0,628670.0,322381.2616,17353730.0,12039030.5,21.45,17.55,1.128
601601,中国太保,保险,上海,20071225,601601.SH,20140915,19.51,19.56,19.35,19.5,19.71,-0.21,-1.07,174238.91,338719.848,0.2772,0.5405,1.07,19.081,16.6002,1.6617,0.9149,0.8696,1.7949,2.0513,906200.0,628670.0,322381.2616,17670900.0,12259065.0,21.68,17.74,1.128
601601,中国太保,保险,上海,20071225,601601.SH,20140912,19.61,19.73,19.52,19.71,19.61,0.1,0.51,109544.57,215146.136,0.1742,0.3398,0.64,19.2865,16.779,1.6796,0.9248,0.8789,1.7757,2.0294,906200.0,628670.0,322381.2616,17861202.0,12391085.7,21.57,17.65,1.128
601601,中国太保,保险,上海,20071225,601601.SH,20140911,19.9,20.23,19.59,19.61,19.91,-0.3,-1.51,182465.17,362725.374,0.2902,0.566,1.03,19.1886,16.6938,1.6711,0.9201,0.8745,1.7848,2.0398,906200.0,628670.0,322381.2616,17770582.0,12328218.7,21.9,17.92,1.128
601601,中国太保,保险,上海,20071225,601601.SH,20140910,20.18,20.2,19.88,19.91,20.28,-0.37,-1.82,152646.39,304791.271,0.2428,0.4735,0.82,19.4822,16.9492,1.6967,0.9342,0.8879,1.7579,2.009,906200.0,628670.0,322381.2616,18042442.0,12516819.7,22.31,18.25,1.128
601601,中国太保,保险,上海,20071225,601601.SH,20140909,20.55,20.85,20.25,20.28,20.55,-0.27,-1.31,174746.03,359391.252,0.278,0.542,0.94,19.8442,17.2642,1.7282,0.9515,0.9044,1.7258,1.9724,906200.0,628670.0,322381.2616,18377736.0,12749427.6,22.61,18.5,1.128
601601,中国太保,保险,上海,20071225,601601.SH,20140905,20.3,20.74,20.27,20.55,20.3,0.25,1.23,194934.46,399631.048,0.3101,0.6047,1.15,20.1084,17.494,1.7512,0.9642,0.9164,1.7032,1.9465,906200.0,628670.0,322381.2616,18622410.0,12919168.5,22.33,18.27,1.128
601601,中国太保,保险,上海,20071225,601601.SH,20140904,20.23,20.33,19.97,20.3,20.09,0.21,1.05,145848.15,294056.958,0.232,0.4524,0.88,19.8638,17.2812,1.7299,0.9525,0.9052,1.7241,1.9704,906200.0,628670.0,322381.2616,18395860.0,12762001.0,22.1,18.08,1.128
601601,中国太保,保险,上海,20071225,601601.SH,20140903,19.72,20.36,19.72,20.09,19.8,0.29,1.46,214954.29,432944.598,0.3419,0.6668,1.5,19.6583,17.1024,1.712,0.9426,0.8959,1.7422,1.991,906200.0,628670.0,322381.2616,18205558.0,12629980.3,21.78,17.82,1.128
601601,中国太保,保险,上海,20071225,601601.SH,20140902,19.49,19.86,19.23,19.8,19.5,0.3,1.54,203911.75,397845.818,0.3244,0.6325,1.56,19.3745,16.8556,1.6873,0.929,0.8829,1.7677,2.0202,906200.0,628670.0,322381.2616,17942760.0,12447666.0,21.45,17.55,1.128
601601,中国太保,保险,上海,20071225,601601.SH,20140901,19.24,19.54,19.1,19.5,19.24,0.26,1.35,169164.96,327152.178,0.2691,0.5247,1.24,19.081,16.6002,1.6617,0.9149,0.8696,1.7949,2.0513,906200.0,628670.0,322381.2616,17670900.0,12259065.0,21.16,17.32,1.128
601601,中国太保,保险,上海,20071225,601601.SH,20140829,19.11,19.25,19.01,19.24,19.09,0.15,0.79,115310.28,220439.72,0.1834,0.3577,0.85,18.8266,16.3789,1.6396,0.9027,0.858,1.8191,2.079,906200.0,628670.0,322381.2616,17435288.0,12095610.8,21.0,17.18,1.128
601601,中国太保,保险,上海,20071225,601601.SH,20140828,19.26,19.35,19.04,19.09,19.14,-0.05,-0.26,122374.91,234940.65,0.1947,0.3796,0.84,18.6798,16.2512,1.6268,0.8957,0.8513,1.8334,2.0953,906200.0,628670.0,322381.2616,17299358.0,12001310.3,21.05,17.23,1.128
601601,中国太保,保险,上海,20071225,601601.SH,20140827,19.5,19.61,19.11,19.14,19.46,-0.32,-1.64,103393.0,200046.183,0.1645,0.3207,0.64,18.7287,16.2937,1.631,0.898,0.8535,1.8286,2.0899,906200.0,628670.0,322381.2616,17344668.0,12032743.8,21.41,17.51,1.128
601601,中国太保,保险,上海,20071225,601601.SH,20140826,19.38,19.65,19.35,19.46,19.42,0.04,0.21,143414.46,279452.023,0.2281,0.4449,0.83,19.0418,16.5661,1.6583,0.9131,0.8678,1.7986,2.0555,906200.0,628670.0,322381.2616,17634652.0,12233918.2,21.36,17.48,1.128
601601,中国太保,保险,上海,20071225,601601.SH,20140825,19.99,19.99,19.33,19.42,20.1,-0.68,-3.38,195961.54,384509.634,0.3117,0.6079,1.15,19.0027,16.5321,1.6549,0.9112,0.866,1.8023,2.0597,906200.0,628670.0,322381.2616,17598404.0,12208771.4,22.11,18.09,1.128
601601,中国太保,保险,上海,20071225,601601.SH,20140822,20.01,20.2,19.95,20.1,19.99,0.11,0.55,115228.01,231422.632,0.1833,0.3674,0.54,19.6681,17.7756,1.8284,0.9431,0.8942,1.7413,1.99,906200.0,628670.0,313650.9609,18214620.0,12636267.0,21.99,17.99,1.128
601601,中国太保,保险,上海,20071225,601601.SH,20140821,20.02,20.15,19.76,19.99,20.0,-0.01,-0.05,173305.18,345653.139,0.2757,0.5525,0.79,19.5605,17.6783,1.8184,0.9379,0.8893,1.7509,2.001,906200.0,628670.0,313650.9609,18114938.0,12567113.3,22.0,18.0,1.128
601601,中国太保,保险,上海,20071225,601601.SH,20140820,20.3,20.4,19.95,20.0,20.4,-0.4,-1.96,184455.6,371298.727,0.2934,0.5881,0.85,19.5702,17.6871,1.8193,0.9384,0.8898,1.75,2.0,906200.0,628670.0,313650.9609,18124000.0,12573400.0,22.44,18.36,1.128
601601,中国太保,保险,上海,20071225,601601.SH,20140819,20.43,20.59,20.1,20.4,20.4,0.0,0.0,194194.1,395177.033,0.3089,0.6191,0.97,19.9616,18.0409,1.8557,0.9572,0.9076,1.7157,1.9608,906200.0,628670.0,313650.9609,18486480.0,12824868.0,22.44,18.36,1.128
601601,中国太保,保险,上海,20071225,601601.SH,20140818,20.44,20.78,20.36,20.4,20.5,-0.1,-0.49,186470.97,382362.521,0.2966,0.5945,0.98,19.9616,18.0409,1.8557,0.9572,0.9076,1.7157,1.9608,906200.0,628670.0,313650.9609,18486480.0,12824868.0,22.55,18.45,1.128
601601,中国太保,保险,上海,20071225,601601.SH,20140815,19.85,20.61,19.62,20.5,19.69,0.81,4.11,323024.55,653553.077,0.5138,1.0299,2.18,20.0595,18.1293,1.8648,0.9619,0.912,1.7073,1.9512,906200.0,628670.0,313650.9609,18577100.0,12887735.0,21.66,17.72,1.128
601601,中国太保,保险,上海,20071225,601601.SH,20140814,20.1,20.15,19.54,19.69,19.88,-0.19,-0.96,204429.09,407271.245,0.3252,0.6518,1.5,19.2669,17.413,1.7911,0.9239,0.876,1.7776,2.0315,906200.0,628670.0,313650.9609,17843078.0,12378512.3,21.87,17.89,1.128
601601,中国太保,保险,上海,20071225,601601.SH,20140813,19.58,19.91,19.34,19.88,19.51,0.37,1.9,170580.62,334946.413,0.2713,0.5439,1.24,19.4528,17.581,1.8084,0.9328,0.8844,1.7606,2.0121,906200.0,628670.0,313650.9609,18015256.0,12497959.6,21.46,17.56,1.128
601601,中国太保,保险,上海,20071225,601601.SH,20140812,19.62,19.67,19.38,19.51,19.77,-0.26,-1.32,118481.48,230856.794,0.1885,0.3777,0.75,19.0908,17.2538,1.7747,0.9154,0.868,1.794,2.0502,906200.0,628670.0,313650.9609,17679962.0,12265351.7,21.75,17.79,1.128
601601,中国太保,保险,上海,20071225,601601.SH,20140811,19.48,19.92,19.45,19.77,19.35,0.42,2.17,139613.69,275091.353,0.2221,0.4451,0.8,19.3452,17.4837,1.7984,0.9276,0.8795,1.7704,2.0233,906200.0,628670.0,313650.9609,17915574.0,12428805.9,21.29,17.42,1.128
601601,中国太保,保险,上海,20071225,601601.SH,20140808,19.5,19.58,19.29,19.35,19.38,-0.03,-0.15,108711.72,211128.958,0.1729,0.3466,0.58,18.9342,17.1123,1.7602,0.9079,0.8609,1.8088,2.0672,906200.0,628670.0,313650.9609,17534970.0,12164764.5,21.32,17.44,1.128
601601,中国太保,保险,上海,20071225,601601.SH,20140807,19.64,19.69,19.31,19.38,19.64,-0.26,-1.32,142523.04,277020.252,0.2267,0.4544,0.73,18.9636,17.1388,1.7629,0.9093,0.8622,1.806,2.064,906200.0,628670.0,313650.9609,17562156.0,12183624.6,21.6,17.68,1.128
601601,中国太保,保险,上海,20071225,601601.SH,20140806,19.8,19.8,19.46,19.64,20.0,-0.36,-1.8,179963.55,352400.722,0.2863,0.5738,0.89,19.218,17.3688,1.7866,0.9215,0.8738,1.7821,2.0367,906200.0,628670.0,313650.9609,17797768.0,12347078.8,22.0,18.0,1.128
601601,中国太保,保险,上海,20071225,601601.SH,20140805,20.22,20.39,19.76,20.0,20.28,-0.28,-1.38,215442.53,429514.575,0.3427,0.6869,1.08,19.5702,17.6871,1.8193,0.9384,0.8898,1.75,2.0,906200.0,628670.0,313650.9609,18124000.0,12573400.0,22.31,18.25,1.128
601601,中国太保,保险,上海,20071225,601601.SH,20140804,19.73,20.29,19.62,20.28,19.68,0.6,3.05,221285.01,443772.747,0.352,0.7055,0.95,19.8442,17.9347,1.8448,0.9515,0.9022,1.7258,1.9724,906200.0,628670.0,313650.9609,18377736.0,12749427.6,21.65,17.71,1.128
601601,中国太保,保险,上海,20071225,601601.SH,20140801,19.9,20.2,19.63,19.68,20.07,-0.39,-1.94,182193.88,362890.5,0.2898,0.5809,0.78,19.2571,17.4041,1.7902,0.9234,0.8755,1.7785,2.0325,906200.0,628670.0,313650.9609,17834016.0,12372225.6,22.08,18.06,1.128
601601,中国太保,保险,上海,20071225,601601.SH,20140731,19.88,20.12,19.49,20.07,19.88,0.19,0.96,170838.56,336883.882,0.2717,0.5447,0.66,19.6387,17.749,1.8257,0.9417,0.8929,1.7439,1.993,906200.0,628670.0,313650.9609,18187434.0,12617406.9,21.87,17.89,1.128
601601,中国太保,保险,上海,20071225,601601.SH,20140730,19.74,20.12,19.74,19.88,19.99,-0.11,-0.55,216280.18,431983.81,0.344,0.6896,0.81,19.4528,17.581,1.8084,0.9328,0.8844,1.7606,2.0121,906200.0,628670.0,313650.9609,18015256.0,12497959.6,21.99,17.99,1.128
601601,中国太保,保险,上海,20071225,601601.SH,20140729,19.94,20.03,19.7,19.99,19.94,0.05,0.25,203399.23,404909.364,0.3235,0.6485,0.71,19.5605,17.6783,1.8184,0.9379,0.8893,1.7509,2.001,906200.0,628670.0,313650.9609,18114938.0,12567113.3,21.93,17.95,1.128
601601,中国太保,保险,上海,20071225,601601.SH,20140728,19.75,20.16,19.58,19.94,19.59,0.35,1.79,390316.42,777284.902,0.6209,1.2444,1.6,19.5115,17.6341,1.8139,0.9356,0.8871,1.7553,2.006,906200.0,628670.0,313650.9609,18069628.0,12535679.8,21.55,17.63,1.128
601601,中国太保,保险,上海,20071225,601601.SH,20140725,19.54,19.59,19.25,19.59,19.41,0.18,0.93,191081.66,371563.237,0.3039,0.6092,0.79,19.1691,17.3245,1.782,0.9192,0.8715,1.7866,2.0419,906200.0,628670.0,313650.9609,17752458.0,12315645.3,21.35,17.47,1.128
601601,中国太保,保险,上海,20071225,601601.SH,20140724,19.14,19.5,19.14,19.41,19.2,0.21,1.09,298905.25,579190.608,0.4755,0.953,1.55,18.9929,17.1654,1.7656,0.9107,0.8635,1.8032,2.0608,906200.0,628670.0,313650.9609,17589342.0,12202484.7,21.12,17.28,1.128
601601,中国太保,保险,上海,20071225,601601.SH,20140723,18.83,19.25,18.81,19.2,18.92,0.28,1.48,245508.29,468319.848,0.3905,0.7827,1.5,18.7874,16.9796,1.7465,0.9009,0.8542,1.8229,2.0833,906200.0,628670.0,313650.9609,17399040.0,12070464.0,20.81,17.03,1.128
601601,中国太保,保险,上海,20071225,601601.SH,20140722,18.02,18.98,18.01,18.92,18.1,0.82,4.53,304873.86,567652.092,0.485,0.972,2.33,18.5134,16.732,1.7211,0.8877,0.8417,1.8499,2.1142,906200.0,628670.0,313650.9609,17145304.0,11894436.4,19.91,16.29,1.128
601601,中国太保,保险,上海,20071225,601601.SH,20140721,17.91,18.18,17.89,18.1,17.91,0.19,1.06,182065.01,329950.768,0.2896,0.5805,1.53,17.7111,16.0069,1.6465,0.8493,0.8052,1.9337,4.1436,906200.0,628670.0,313650.9609,16402220.0,11378927.0,19.7,16.12,1.128
601601,中国太保,保险,上海,20071225,601601.SH,20140718,17.59,18.07,17.31,17.91,17.55,0.36,2.05,171990.7,307105.504,0.2736,0.5484,1.68,17.5252,15.8388,1.6292,0.8403,0.7968,1.9542,4.1876,906200.0,628670.0,313650.9609,16230042.0,11259479.7,19.31,15.8,1.128
601601,中国太保,保险,上海,20071225,601601.SH,20140717,18.05,18.05,17.89,17.95,18.05,-0.1,-0.55,58241.29,104569.643,0.0926,0.1857,0.49,17.5643,15.8742,1.5755,0.8422,0.7986,1.9499,1.9499,906200.0,628670.0,313650.9609,16266290.0,11284626.5,19.86,16.25,1.103
601601,中国太保,保险,上海,20071225,601601.SH,20140716,18.09,18.16,17.96,18.05,18.1,-0.05,-0.28,100868.64,182045.988,0.1604,0.3216,0.83,17.6621,15.9626,1.5843,0.8469,0.803,1.9391,1.9391,906200.0,628670.0,313650.9609,16356910.0,11347493.5,19.91,16.29,1.103
601601,中国太保,保险,上海,20071225,601601.SH,20140715,18.01,18.17,17.85,18.1,18.08,0.02,0.11,139761.19,251799.246,0.2223,0.4456,1.17,17.7111,16.0069,1.5887,0.8493,0.8052,1.9337,1.9337,906200.0,628670.0,313650.9609,16402220.0,11378927.0,19.89,16.27,1.103
601601,中国太保,保险,上海,20071225,601601.SH,20140714,17.78,18.11,17.71,18.08,17.68,0.4,2.26,122508.77,219106.822,0.1949,0.3906,0.97,17.6915,15.9892,1.5869,0.8483,0.8044,1.9358,1.9358,906200.0,628670.0,313650.9609,16384096.0,11366353.6,19.45,15.91,1.103
601601,中国太保,保险,上海,20071225,601601.SH,20140711,17.72,17.75,17.65,17.68,17.7,-0.02,-0.11,91972.66,162783.745,0.1463,0.2932,0.65,17.3001,15.6354,1.5518,0.8295,0.7866,1.9796,1.9796,906200.0,628670.0,313650.9609,16021616.0,11114885.6,19.47,15.93,1.103
601601,中国太保,保险,上海,20071225,601601.SH,20140710,18.05,18.09,17.64,17.7,17.92,-0.22,-1.23,143573.36,255093.266,0.2284,0.4577,1.02,17.3197,15.6531,1.5536,0.8305,0.7875,1.9774,1.9774,906200.0,628670.0,313650.9609,16039740.0,11127459.0,19.71,16.13,1.103
601601,中国太保,保险,上海,20071225,601601.SH,20140709,18.28,18.46,17.91,17.92,18.28,-0.36,-1.97,113498.52,206392.098,0.1805,0.3619,0.78,17.5349,15.8477,1.5729,0.8408,0.7972,1.9531,1.9531,906200.0,628670.0,313650.9609,16239104.0,11265766.4,20.11,16.45,1.103
601601,中国太保,保险,上海,20071225,601601.SH,20140708,18.28,18.37,18.18,18.28,18.29,-0.01,-0.05,125260.44,228830.647,0.1992,0.3994,0.87,17.8872,16.166,1.6045,0.8577,0.8133,1.9147,1.9147,906200.0,628670.0,313650.9609,16565336.0,11492087.6,20.12,16.46,1.103
601601,中国太保,保险,上海,20071225,601601.SH,20140707,18.26,18.48,18.22,18.29,18.23,0.06,0.33,159572.99,292985.288,0.2538,0.5088,1.18,17.897,16.1749,1.6053,0.8582,0.8137,1.9136,1.9136,906200.0,628670.0,313650.9609,16574398.0,11498374.3,20.05,16.41,1.103
601601,中国太保,保险,上海,20071225,601601.SH,20140704,17.99,18.45,17.99,18.23,18.0,0.23,1.28,164298.18,299965.474,0.2613,0.5238,1.14,17.8383,16.1218,1.6001,0.8554,0.811,1.9199,1.9199,906200.0,628670.0,313650.9609,16520026.0,11460654.1,19.8,16.2,1.103
601601,中国太保,保险,上海,20071225,601601.SH,20140703,17.8,18.12,17.74,18.0,17.76,0.24,1.35,142421.15,256068.059,0.2265,0.4541,1.01,17.6132,15.9184,1.5799,0.8446,0.8008,1.9444,1.9444,906200.0,628670.0,313650.9609,16311600.0,11316060.0,19.54,15.98,1.103
601601,中国太保,保险,上海,20071225,601601.SH,20140702,17.53,17.9,17.5,17.76,17.52,0.24,1.37,136523.06,242034.622,0.2172,0.4353,1.02,17.3784,15.7062,1.5588,0.8333,0.7901,1.9707,1.9707,906200.0,628670.0,313650.9609,16094112.0,11165179.2,19.27,15.77,1.103
601601,中国太保,保险,上海,20071225,601601.SH,20140701,17.92,17.93,17.46,17.52,17.79,-0.27,-1.52,115825.31,204097.519,0.1842,0.3693,0.83,17.1435,15.4939,1.5378,0.822,0.7794,1.9977,1.9977,906200.0,628670.0,313650.9609,15876624.0,11014298.4,19.57,16.01,1.103
601601,中国太保,保险,上海,20071225,601601.SH,20140630,17.58,17.91,17.54,17.79,17.58,0.21,1.19,116275.43,206433.435,0.185,0.3707,0.78,17.4077,15.7327,1.5615,0.8347,0.7915,1.9674,1.9674,906200.0,628670.0,313650.9609,16121298.0,11184039.3,19.34,15.82,1.103
601601,中国太保,保险,上海,20071225,601601.SH,20140627,18.01,18.01,17.45,17.58,18.09,-0.51,-2.82,206735.45,364606.038,0.3288,0.6591,1.44,17.2022,15.547,1.543,0.8249,0.7821,1.9909,1.9909,906200.0,628670.0,313650.9609,15930996.0,11052018.6,19.9,16.28,1.103
601601,中国太保,保险,上海,20071225,601601.SH,20140626,18.12,18.32,17.98,18.09,18.15,-0.06,-0.33,128889.52,233715.752,0.205,0.4109,0.87,17.7013,15.998,1.5878,0.8488,0.8048,1.9348,1.9348,906200.0,628670.0,313650.9609,16393158.0,11372640.3,19.97,16.34,1.103
601601,中国太保,保险,上海,20071225,601601.SH,20140625,18.17,18.22,17.92,18.15,18.21,-0.06,-0.33,99944.84,180601.029,0.159,0.3186,0.61,17.76,16.0511,1.5931,0.8516,0.8075,1.9284,1.9284,906200.0,628670.0,313650.9609,16447530.0,11410360.5,20.03,16.39,1.103
601601,中国太保,保险,上海,20071225,601601.SH,20140624,17.87,18.28,17.74,18.21,17.85,0.36,2.02,145397.25,262558.901,0.2313,0.4636,0.83,17.8187,16.1041,1.5983,0.8544,0.8101,1.922,1.922,906200.0,628670.0,313650.9609,16501902.0,11448080.7,19.64,16.07,1.103
601601,中国太保,保险,上海,20071225,601601.SH,20140623,18.06,18.3,17.83,17.85,18.04,-0.19,-1.05,160108.66,290055.841,0.2547,0.5105,0.74,17.4664,15.7858,1.5667,0.8375,0.7941,1.9608,1.9608,906200.0,628670.0,313650.9609,16175670.0,11221759.5,19.84,16.24,1.103
601601,中国太保,保险,上海,20071225,601601.SH,20140620,17.74,18.05,17.7,18.04,17.75,0.29,1.63,185205.22,331643.465,0.2946,0.5905,0.82,17.6524,15.9538,1.5834,0.8464,0.8026,1.9401,1.9401,906200.0,628670.0,313650.9609,16347848.0,11341206.8,19.53,15.98,1.103
601601,中国太保,保险,上海,20071225,601601.SH,20140619,17.86,17.97,17.52,17.75,17.76,-0.01,-0.06,148580.9,264322.401,0.2363,0.4737,0.66,17.3686,15.6973,1.5579,0.8328,0.7897,1.9718,1.9718,906200.0,628670.0,313650.9609,16085050.0,11158892.5,19.54,15.98,1.103
601601,中国太保,保险,上海,20071225,601601.SH,20140618,17.96,18.07,17.7,17.76,17.97,-0.21,-1.17,173391.31,310474.658,0.2758,0.5528,0.83,17.3784,15.7062,1.5588,0.8333,0.7901,1.9707,1.9707,906200.0,628670.0,313650.9609,16094112.0,11165179.2,19.77,16.17,1.103
601601,中国太保,保险,上海,20071225,601601.SH,20140617,17.91,18.05,17.68,17.97,17.96,0.01,0.06,204257.88,365715.229,0.3249,0.6512,1.02,17.5839,15.8919,1.5773,0.8432,0.7995,1.9477,1.9477,906200.0,628670.0,313650.9609,16284414.0,11297199.9,19.76,16.16,1.103
601601,中国太保,保险,上海,20071225,601601.SH,20140616,17.52,18.03,17.52,17.96,17.56,0.4,2.28,365566.32,652488.493,0.5815,1.1655,2.42,17.5741,15.883,1.5764,0.8427,0.799,1.9488,1.9488,906200.0,628670.0,313650.9609,16275352.0,11290913.2,19.32,15.8,1.103
601601,中国太保,保险,上海,20071225,601601.SH,20140613,17.08,17.65,17.08,17.56,17.14,0.42,2.45,241453.8,421929.638,0.3841,0.7698,1.94,17.1827,15.5293,1.5413,0.8239,0.7812,1.9932,1.9932,906200.0,628670.0,313650.9609,15912872.0,11039445.2,18.85,15.43,1.103
601601,中国太保,保险,上海,20071225,601601.SH,20140612,17.23,17.28,17.0,17.14,17.25,-0.11,-0.64,142909.48,245028.548,0.2273,0.4556,1.16,16.7717,15.1579,1.5044,0.8042,0.7625,2.042,2.042,906200.0,628670.0,313650.9609,15532268.0,10775403.8,18.98,15.53,1.103
601601,中国太保,保险,上海,20071225,601601.SH,20140611,17.2,17.35,17.17,17.25,17.29,-0.04,-0.23,85609.73,147823.968,0.1362,0.2729,0.68,16.8793,15.2551,1.5141,0.8094,0.7674,2.029,2.029,906200.0,628670.0,313650.9609,15631950.0,10844557.5,19.02,15.56,1.103
601601,中国太保,保险,上海,20071225,601601.SH,20140610,17.17,17.34,17.01,17.29,17.05,0.24,1.41,162202.24,279287.781,0.258,0.5171,1.4,16.9185,15.2905,1.5176,0.8112,0.7692,2.0243,2.0243,906200.0,628670.0,313650.9609,15668198.0,10869704.3,18.76,15.35,1.103
601601,中国太保,保险,上海,20071225,601601.SH,20140609,16.83,17.21,16.82,17.05,16.94,0.11,0.65,122767.94,209570.851,0.1953,0.3914,1.05,16.6836,15.0783,1.4965,0.8,0.7585,2.0528,2.0528,906200.0,628670.0,313650.9609,15450710.0,10718823.5,18.63,15.25,1.103
601601,中国太保,保险,上海,20071225,601601.SH,20140606,17.01,17.06,16.79,16.94,16.96,-0.02,-0.12,108536.64,183930.527,0.1726,0.346,0.82,16.576,14.981,1.4869,0.7948,0.7536,2.0661,2.0661,906200.0,628670.0,313650.9609,15351028.0,10649669.8,18.66,15.26,1.103
601601,中国太保,保险,上海,20071225,601601.SH,20140605,16.63,16.98,16.61,16.96,16.67,0.29,1.74,134934.06,227738.465,0.2146,0.4302,1.0,16.5956,14.9987,1.4886,0.7958,0.7545,2.0637,2.0637,906200.0,628670.0,313650.9609,15369152.0,10662243.2,18.34,15.0,1.103
601601,中国太保,保险,上海,20071225,601601.SH,20140604,16.73,16.74,16.56,16.67,16.75,-0.08,-0.48,97342.67,161982.602,0.1548,0.3104,0.75,16.3118,14.7422,1.4632,0.7822,0.7416,2.0996,2.0996,906200.0,628670.0,313650.9609,15106354.0,10479928.9,18.43,15.08,1.103
601601,中国太保,保险,上海,20071225,601601.SH,20140603,16.8,16.99,16.74,16.75,16.78,-0.03,-0.18,114069.05,192353.526,0.1814,0.3637,0.93,16.3901,14.813,1.4702,0.7859,0.7452,2.0896,2.0896,906200.0,628670.0,313650.9609,15178850.0,10530222.5,18.46,15.1,1.103
601601,中国太保,保险,上海,20071225,601601.SH,20140530,16.68,16.89,16.61,16.78,16.7,0.08,0.48,128840.2,216036.703,0.2049,0.4108,1.14,16.4194,14.8395,1.4728,0.7873,0.7465,2.0858,2.0858,906200.0,628670.0,313650.9609,15206036.0,10549082.6,18.37,15.03,1.103
601601,中国太保,保险,上海,20071225,601601.SH,20140529,16.62,16.83,16.59,16.7,16.62,0.08,0.48,184298.11,308607.801,0.2932,0.5876,1.87,16.3412,14.7688,1.4658,0.7836,0.743,2.0958,2.0958,906200.0,628670.0,313650.9609,15133540.0,10498789.0,18.28,14.96,1.103
601601,中国太保,保险,上海,20071225,601601.SH,20140528,16.49,16.66,16.39,16.62,16.41,0.21,1.28,147964.34,245024.785,0.2354,0.4717,1.77,16.2629,14.698,1.4588,0.7798,0.7394,2.1059,2.1059,906200.0,628670.0,313650.9609,15061044.0,10448495.4,18.05,14.77,1.103
601601,中国太保,保险,上海,20071225,601601.SH,20140527,16.42,16.52,16.36,16.41,16.4,0.01,0.06,70754.22,116481.207,0.1125,0.2256,0.86,16.0574,14.5123,1.4403,0.77,0.7301,2.1328,2.1328,906200.0,628670.0,313650.9609,14870742.0,10316474.7,18.04,14.76,1.103
601601,中国太保,保险,上海,20071225,601601.SH,20140526,16.56,16.6,16.35,16.4,16.4,0.0,0.0,82291.4,135539.5,0.1309,0.2624,0.9,16.0476,14.5034,1.4395,0.7695,0.7296,2.1341,2.1341,906200.0,628670.0,313650.9609,14861680.0,10310188.0,18.04,14.76,1.103
601601,中国太保,保险,上海,20071225,601601.SH,20140523,16.28,16.45,16.24,16.4,16.25,0.15,0.92,78659.58,128869.012,0.1251,0.2508,0.87,16.0476,14.5034,1.4395,0.7695,0.7296,2.1341,2.1341,906200.0,628670.0,313650.9609,14861680.0,10310188.0,17.88,14.63,1.103
601601,中国太保,保险,上海,20071225,601601.SH,20140522,16.17,16.45,16.1,16.25,16.16,0.09,0.56,112676.0,183957.509,0.1792,0.3592,1.24,15.9008,14.3708,1.4263,0.7625,0.7229,2.1538,2.1538,906200.0,628670.0,313650.9609,14725750.0,10215887.5,17.78,14.54,1.103
601601,中国太保,保险,上海,20071225,601601.SH,20140521,15.91,16.2,15.9,16.16,16.06,0.1,0.62,73114.52,117645.135,0.1163,0.2331,0.76,15.8128,14.2912,1.4184,0.7582,0.7189,2.1658,2.1658,906200.0,628670.0,313650.9609,14644192.0,10159307.2,17.67,14.45,1.103
601601,中国太保,保险,上海,20071225,601601.SH,20140520,16.09,16.15,16.0,16.06,15.96,0.1,0.63,66869.69,107430.899,0.1064,0.2132,0.67,15.7149,14.2028,1.4096,0.7535,0.7145,2.1793,2.1793,906200.0,628670.0,313650.9609,14553572.0,10096440.2,17.56,14.36,1.103
601601,中国太保,保险,上海,20071225,601601.SH,20140519,16.2,16.25,15.88,15.96,16.27,-0.31,-1.91,125509.0,201009.062,0.1996,0.4002,1.14,15.6171,14.1143,1.4008,0.7488,0.71,2.193,2.193,906200.0,628670.0,313650.9609,14462952.0,10033573.2,17.9,14.64,1.103
601601,中国太保,保险,上海,20071225,601601.SH,20140516,16.3,16.33,16.18,16.27,16.23,0.04,0.25,74974.08,121843.266,0.1193,0.239,0.67,15.9204,14.3885,1.428,0.7634,0.7238,2.1512,2.1512,906200.0,628670.0,313650.9609,14743874.0,10228460.9,17.85,14.61,1.103
601601,中国太保,保险,上海,20071225,601601.SH,20140515,16.46,16.49,16.19,16.23,16.49,-0.26,-1.58,113708.16,185316.874,0.1809,0.3625,0.97,15.8813,14.3531,1.4245,0.7615,0.7221,2.1565,2.1565,906200.0,628670.0,313650.9609,14707626.0,10203314.1,18.14,14.84,1.103
601601,中国太保,保险,上海,20071225,601601.SH,20140514,16.37,16.58,16.31,16.49,16.39,0.1,0.61,101411.92,167081.245,0.1613,0.3233,0.86,16.1357,14.583,1.4474,0.7737,0.7336,2.1225,2.1225,906200.0,628670.0,313650.9609,14943238.0,10366768.3,18.03,14.75,1.103
601601,中国太保,保险,上海,20071225,601601.SH,20140513,16.47,16.52,16.33,16.39,16.47,-0.08,-0.49,83938.11,138008.966,0.1335,0.2676,0.72,16.0378,14.4946,1.4386,0.769,0.7292,2.1354,2.1354,906200.0,628670.0,313650.9609,14852618.0,10303901.3,18.12,14.82,1.103
601601,中国太保,保险,上海,20071225,601601.SH,20140512,16.27,16.54,16.21,16.47,16.14,0.33,2.04,178114.17,292451.039,0.2833,0.5679,1.71,16.1161,14.5653,1.4456,0.7728,0.7327,2.1251,2.1251,906200.0,628670.0,313650.9609,14925114.0,10354194.9,17.75,14.53,1.103
601601,中国太保,保险,上海,20071225,601601.SH,20140509,16.15,16.19,16.04,16.14,16.08,0.06,0.37,84793.07,136685.053,0.1349,0.2703,0.83,15.7932,14.2735,1.4166,0.7573,0.718,2.1685,2.1685,906200.0,628670.0,313650.9609,14626068.0,10146733.8,17.69,14.47,1.103
601601,中国太保,保险,上海,20071225,601601.SH,20140508,16.19,16.47,16.06,16.08,16.17,-0.09,-0.56,140020.57,227629.762,0.2227,0.4464,1.4,15.7345,14.2205,1.4114,0.7545,0.7154,2.1766,2.1766,906200.0,628670.0,313650.9609,14571696.0,10109013.6,17.79,14.55,1.103
601601,中国太保,保险,上海,20071225,601601.SH,20140507,16.29,16.3,16.11,16.17,16.35,-0.18,-1.1,102299.3,165778.477,0.1627,0.3262,0.98,15.8225,14.3,1.4193,0.7587,0.7194,2.1645,2.1645,906200.0,628670.0,313650.9609,14653254.0,10165593.9,17.99,14.72,1.103
601601,中国太保,保险,上海,20071225,601601.SH,20140506,16.37,16.49,16.29,16.35,16.37,-0.02,-0.12,79128.31,129481.447,0.1259,0.2523,0.64,15.9987,14.4592,1.4351,0.7671,0.7274,2.1407,2.1407,906200.0,628670.0,313650.9609,14816370.0,10278754.5,18.01,14.73,1.103
601601,中国太保,保险,上海,20071225,601601.SH,20140505,16.21,16.54,16.21,16.37,16.31,0.06,0.37,115513.91,188683.898,0.1837,0.3683,0.94,16.0182,14.4769,1.4368,0.7681,0.7283,2.1381,2.1381,906200.0,628670.0,313650.9609,14834494.0,10291327.9,17.94,14.68,1.103
601601,中国太保,保险,上海,20071225,601601.SH,20140430,16.3,16.36,16.21,16.31,16.27,0.04,0.25,75422.32,122884.421,0.12,0.2405,0.6,15.9595,14.4239,1.4316,0.7653,0.7256,2.1459,2.1459,906200.0,628670.0,313650.9609,14780122.0,10253607.7,17.9,14.64,1.103
601601,中国太保,保险,上海,20071225,601601.SH,20140429,16.16,16.38,16.12,16.27,16.09,0.18,1.12,127472.74,206780.092,0.2028,0.4064,1.02,15.9204,14.3885,1.428,0.7634,0.7238,2.1512,2.1512,906200.0,628670.0,313650.9609,14743874.0,10228460.9,17.7,14.48,1.103
601601,中国太保,保险,上海,20071225,601601.SH,20140428,16.27,16.39,16.05,16.09,16.27,-0.18,-1.11,127047.46,205298.083,0.2021,0.4051,1.01,15.7443,14.2293,1.4122,0.7549,0.7158,2.1753,2.1753,906200.0,628670.0,313650.9609,14580758.0,10115300.3,17.9,14.64,1.103
601601,中国太保,保险,上海,20071225,601601.SH,20140425,16.53,16.6,16.23,16.27,16.37,-0.1,-0.61,169582.09,278564.775,0.2697,0.526,1.46,15.9204,14.3885,1.428,0.7634,0.7238,2.1512,2.1512,906200.0,628670.0,322381.2616,14743874.0,10228460.9,18.01,14.73,1.103
601601,中国太保,保险,上海,20071225,601601.SH,20140424,16.31,16.51,16.27,16.37,16.3,0.07,0.43,112532.42,184524.95,0.179,0.3491,0.91,16.0182,16.0182,1.4989,0.7681,0.7681,2.1381,2.1381,906200.0,628670.0,322381.2616,14834494.0,10291327.9,17.93,14.67,1.103
601601,中国太保,保险,上海,20071225,601601.SH,20140423,16.32,16.47,16.23,16.3,16.39,-0.09,-0.55,88809.97,144824.752,0.1413,0.2755,0.63,15.9497,15.9497,1.4925,0.7648,0.7648,2.1472,2.1472,906200.0,628670.0,322381.2616,14771060.0,10247321.0,18.03,14.75,1.103
601601,中国太保,保险,上海,20071225,601601.SH,20140422,16.18,16.44,16.16,16.39,16.22,0.17,1.05,126126.21,205583.305,0.2006,0.3912,0.76,16.0378,16.0378,1.5007,0.769,0.769,2.1354,2.1354,906200.0,628670.0,322381.2616,14852618.0,10303901.3,17.84,14.6,1.103
601601,中国太保,保险,上海,20071225,601601.SH,20140421,16.33,16.6,16.2,16.22,16.48,-0.26,-1.58,129102.55,211332.104,0.2054,0.4005,0.67,15.8715,15.8715,1.4852,0.761,0.761,2.1578,2.1578,906200.0,628670.0,322381.2616,14698564.0,10197027.4,18.13,14.83,1.103
601601,中国太保,保险,上海,20071225,601601.SH,20140418,16.41,16.62,16.25,16.48,16.49,-0.01,-0.06,122536.26,201446.225,0.1949,0.3801,0.45,16.1259,16.1259,1.509,0.7732,0.7732,2.1238,2.1238,906200.0,628670.0,322381.2616,14934176.0,10360481.6,18.14,14.84,1.103
601601,中国太保,保险,上海,20071225,601601.SH,20140417,16.67,16.73,16.45,16.49,16.63,-0.14,-0.84,151573.13,250814.21,0.2411,0.4702,0.38,16.1357,16.1357,1.5099,0.7737,0.7737,2.1225,2.1225,906200.0,628670.0,322381.2616,14943238.0,10366768.3,18.29,14.97,1.103
601601,中国太保,保险,上海,20071225,601601.SH,20140416,16.58,16.79,16.56,16.63,16.58,0.05,0.3,172747.38,287815.838,0.2748,0.5358,0.44,16.2727,16.2727,1.5227,0.7803,0.7803,2.1046,2.1046,906200.0,628670.0,322381.2616,15070106.0,10454782.1,18.24,14.92,1.103
601601,中国太保,保险,上海,20071225,601601.SH,20140415,16.99,16.99,16.53,16.58,17.06,-0.48,-2.81,254146.39,424441.271,0.4043,0.7883,0.63,16.2237,16.2237,1.5181,0.7779,0.7779,2.111,2.111,906200.0,628670.0,322381.2616,15024796.0,10423348.6,18.77,15.35,1.103
601601,中国太保,保险,上海,20071225,601601.SH,20140414,17.3,17.37,16.88,17.06,17.35,-0.29,-1.67,255492.65,435068.738,0.4064,0.7925,0.69,16.6934,16.6934,1.5621,0.8005,0.8005,2.0516,2.0516,906200.0,628670.0,322381.2616,15459772.0,10725110.2,19.09,15.62,1.103
601601,中国太保,保险,上海,20071225,601601.SH,20140411,17.52,17.88,17.15,17.35,17.5,-0.15,-0.86,526253.64,914888.681,0.8371,1.6324,1.79,16.9772,16.9772,1.5887,0.8141,0.8141,2.0173,2.0173,906200.0,628670.0,322381.2616,15722570.0,10907424.5,19.25,15.75,1.103
601601,中国太保,保险,上海,20071225,601601.SH,20140410,16.39,18.07,16.29,17.5,16.43,1.07,6.51,794936.56,1373601.104,1.2645,2.4658,4.72,17.124,17.124,1.6024,0.8211,0.8211,2.0,2.0,906200.0,628670.0,322381.2616,15858500.0,11001725.0,18.07,14.79,1.103
601601,中国太保,保险,上海,20071225,601601.SH,20140409,16.4,16.48,16.3,16.43,16.42,0.01,0.06,135089.74,221226.113,0.2149,0.419,0.82,16.077,16.077,1.5044,0.7709,0.7709,2.1302,2.1302,906200.0,628670.0,322381.2616,14888866.0,10329048.1,18.06,14.78,1.103
601601,中国太保,保险,上海,20071225,601601.SH,20140408,15.85,16.51,15.82,16.42,15.93,0.49,3.08,302300.92,492288.158,0.4809,0.9377,2.32,16.0672,16.0672,1.5035,0.7704,0.7704,2.1315,2.1315,906200.0,628670.0,322381.2616,14879804.0,10322761.4,17.52,14.34,1.103
601601,中国太保,保险,上海,20071225,601601.SH,20140404,15.85,16.0,15.76,15.93,15.92,0.01,0.06,104723.51,166168.795,0.1666,0.3248,0.76,15.5877,15.5877,1.4586,0.7474,0.7474,2.1971,2.1971,906200.0,628670.0,322381.2616,14435766.0,10014713.1,17.51,14.33,1.103
601601,中国太保,保险,上海,20071225,601601.SH,20140403,16.1,16.26,15.91,15.92,16.11,-0.19,-1.18,131430.64,211301.739,0.2091,0.4077,0.94,15.5779,15.5779,1.4577,0.747,0.747,2.1985,2.1985,906200.0,628670.0,322381.2616,14426704.0,10008426.4,17.72,14.5,1.103
601601,中国太保,保险,上海,20071225,601601.SH,20140402,15.88,16.12,15.78,16.11,15.87,0.24,1.51,169220.19,270240.068,0.2692,0.5249,1.34,15.7638,15.7638,1.4751,0.7559,0.7559,2.1726,2.1726,906200.0,628670.0,322381.2616,14598882.0,10127873.7,17.46,14.28,1.103
601601,中国太保,保险,上海,20071225,601601.SH,20140401,15.83,15.97,15.72,15.87,15.8,0.07,0.44,116607.25,185192.383,0.1855,0.3617,0.9,15.529,15.529,1.4531,0.7446,0.7446,2.2054,2.2054,906200.0,628670.0,322381.2616,14381394.0,9976992.9,17.38,14.22,1.103
601601,中国太保,保险,上海,20071225,601601.SH,20140331,15.89,15.93,15.6,15.8,15.75,0.05,0.32,130659.91,206235.868,0.2078,0.4053,0.89,15.4605,15.4605,1.4467,0.7413,0.7413,2.2152,2.2152,906200.0,628670.0,322381.2616,14317960.0,9932986.0,17.33,14.18,1.103
601601,中国太保,保险,上海,20071225,601601.SH,20140328,15.67,15.89,15.65,15.75,15.7,0.05,0.32,141848.51,224091.808,0.2256,0.44,0.81,28.1124,14.2399,1.4154,0.8325,0.7551,2.2222,2.2222,906200.0,628670.0,322381.2616,14272650.0,9901552.5,17.27,14.13,1.103
601601,中国太保,保险,上海,20071225,601601.SH,20140327,15.7,15.96,15.48,15.7,15.75,-0.05,-0.32,143839.75,225935.35,0.2288,0.4462,0.84,28.0231,14.1947,1.4109,0.8298,0.7527,2.2293,2.2293,906200.0,628670.0,322381.2616,14227340.0,9870119.0,17.33,14.18,1.103
601601,中国太保,保险,上海,20071225,601601.SH,20140326,15.75,15.85,15.67,15.75,15.7,0.05,0.32,99530.38,156787.562,0.1583,0.3087,0.57,28.1124,14.2399,1.4154,0.8325,0.7551,2.2222,2.2222,906200.0,628670.0,322381.2616,14272650.0,9901552.5,17.27,14.13,1.103
601601,中国太保,保险,上海,20071225,601601.SH,20140325,15.68,15.9,15.63,15.7,15.77,-0.07,-0.44,133131.65,209962.607,0.2118,0.413,0.73,28.0231,14.1947,1.4109,0.8298,0.7527,2.2293,2.2293,906200.0,628670.0,322381.2616,14227340.0,9870119.0,17.35,14.19,1.103
601601,中国太保,保险,上海,20071225,601601.SH,20140324,15.7,15.88,15.58,15.77,15.51,0.26,1.68,213753.24,335873.545,0.34,0.663,1.34,28.1481,14.258,1.4172,0.8335,0.7561,2.2194,2.2194,906200.0,628670.0,322381.2616,14290774.0,9914125.9,17.06,13.96,1.103
601601,中国太保,保险,上海,20071225,601601.SH,20140321,15.01,15.56,14.94,15.51,15.08,0.43,2.85,280010.16,429263.24,0.451,0.8902,2.03,27.684,14.0229,1.3938,0.8198,0.7436,2.2566,2.2566,906200.0,620828.7273,314539.9889,14055162.0,9629053.5604,16.59,13.57,1.103
601601,中国太保,保险,上海,20071225,601601.SH,20140320,15.11,15.32,15.04,15.08,15.11,-0.03,-0.2,126841.48,192484.079,0.2043,0.4033,0.87,26.9165,13.6341,1.3552,0.797,0.723,2.321,2.321,906200.0,620828.7273,314539.9889,13665496.0,9362097.2077,16.62,13.6,1.103
601601,中国太保,保险,上海,20071225,601601.SH,20140319,15.12,15.17,15.02,15.11,15.15,-0.04,-0.26,113479.58,171027.748,0.1828,0.3608,0.75,26.97,13.6613,1.3579,0.7986,0.7244,2.3163,2.3163,906200.0,620828.7273,314539.9889,13692682.0,9380722.0695,16.67,13.64,1.103
601601,中国太保,保险,上海,20071225,601601.SH,20140318,15.28,15.35,15.13,15.15,15.25,-0.1,-0.66,180220.69,273787.119,0.2903,0.573,1.27,27.0414,13.6974,1.3615,0.8007,0.7263,2.3102,2.3102,906200.0,620828.7273,314539.9889,13728930.0,9405555.2186,16.78,13.73,1.103
601601,中国太保,保险,上海,20071225,601601.SH,20140317,15.19,15.27,15.11,15.25,15.11,0.14,0.93,94817.05,144092.975,0.1527,0.3014,0.61,27.2199,13.7878,1.3705,0.806,0.7311,2.2951,2.2951,906200.0,620828.7273,314539.9889,13819550.0,9467638.0913,16.62,13.6,1.103
601601,中国太保,保险,上海,20071225,601601.SH,20140314,15.29,15.34,15.1,15.11,15.39,-0.28,-1.82,173586.99,263668.768,0.2796,0.5519,1.07,26.97,13.6613,1.3579,0.7986,0.7244,2.3163,2.3163,906200.0,620828.7273,314539.9889,13692682.0,9380722.0695,16.93,13.85,1.103
601601,中国太保,保险,上海,20071225,601601.SH,20140313,15.48,15.58,15.26,15.39,15.37,0.02,0.13,165014.58,254807.665,0.2658,0.5246,0.91,27.4698,13.9144,1.3831,0.8134,0.7378,2.2742,2.2742,906200.0,620828.7273,314539.9889,13946418.0,9554554.1131,16.91,13.83,1.103
601601,中国太保,保险,上海,20071225,601601.SH,20140312,15.28,15.49,15.2,15.37,15.34,0.03,0.2,139213.91,213592.022,0.2242,0.4426,0.73,27.4341,13.8963,1.3813,0.8124,0.7369,2.2772,2.2772,906200.0,620828.7273,314539.9889,13928294.0,9542137.5386,16.87,13.81,1.103
601601,中国太保,保险,上海,20071225,601601.SH,20140311,15.31,15.44,15.1,15.34,15.32,0.02,0.13,139617.99,213286.316,0.2249,0.4439,0.73,27.3806,13.8692,1.3786,0.8108,0.7354,2.2816,2.2816,906200.0,620828.7273,314539.9889,13901108.0,9523512.6768,16.85,13.79,1.103
601601,中国太保,保险,上海,20071225,601601.SH,20140310,15.57,15.63,15.3,15.32,15.73,-0.41,-2.61,163610.17,252336.835,0.2635,0.5202,0.87,27.3449,13.8511,1.3768,0.8097,0.7345,2.2846,2.2846,906200.0,620828.7273,314539.9889,13882984.0,9511096.1022,17.3,14.16,1.103
601601,中国太保,保险,上海,20071225,601601.SH,20140307,16.01,16.23,15.72,15.73,16.11,-0.38,-2.36,201962.36,322124.971,0.3253,0.6421,1.12,28.0767,14.2218,1.4136,0.8314,0.7541,2.225,2.225,906200.0,620828.7273,314539.9889,14254526.0,9765635.8804,17.72,14.5,1.103
601601,中国太保,保险,上海,20071225,601601.SH,20140306,15.72,16.25,15.55,16.11,15.72,0.39,2.48,260558.51,414989.347,0.4197,0.8284,1.55,28.7549,14.5654,1.4478,0.8515,0.7724,2.1726,2.1726,906200.0,620828.7273,314539.9889,14598882.0,10001550.7968,17.29,14.15,1.103
601601,中国太保,保险,上海,20071225,601601.SH,20140305,16.03,16.07,15.69,15.72,15.99,-0.27,-1.69,184100.55,291424.729,0.2965,0.5853,1.14,28.0588,14.2128,1.4127,0.8309,0.7537,2.2265,2.2265,906200.0,620828.7273,314539.9889,14245464.0,9759427.5932,17.59,14.39,1.103
601601,中国太保,保险,上海,20071225,601601.SH,20140304,15.9,16.04,15.8,15.99,15.98,0.01,0.06,145046.94,230828.465,0.2336,0.4611,0.86,28.5407,14.4569,1.437,0.8451,0.7666,2.1889,2.1889,906200.0,620828.7273,314539.9889,14490138.0,9927051.3495,17.58,14.38,1.103
601601,中国太保,保险,上海,20071225,601601.SH,20140303,16.06,16.06,15.85,15.98,16.09,-0.11,-0.68,151152.63,240886.076,0.2435,0.4806,0.9,28.5229,14.4478,1.4361,0.8446,0.7661,2.1902,2.1902,906200.0,620828.7273,314539.9889,14481076.0,9920843.0623,17.7,14.48,1.103
601601,中国太保,保险,上海,20071225,601601.SH,20140228,16.06,16.18,15.8,16.09,16.05,0.04,0.25,158356.99,253859.385,0.2551,0.5035,0.97,28.7192,14.5473,1.446,0.8504,0.7714,2.1753,2.1753,906200.0,620828.7273,314539.9889,14580758.0,9989134.2223,17.66,14.45,1.103
601601,中国太保,保险,上海,20071225,601601.SH,20140227,16.0,16.17,15.85,16.05,15.92,0.13,0.82,200262.63,320039.143,0.3226,0.6367,1.26,28.6478,14.5111,1.4424,0.8483,0.7695,2.1807,2.1807,906200.0,620828.7273,314539.9889,14544510.0,9964301.0732,17.51,14.33,1.103
601601,中国太保,保险,上海,20071225,601601.SH,20140226,15.78,16.03,15.72,15.92,15.83,0.09,0.57,152409.23,242397.477,0.2455,0.4845,0.91,28.4158,14.3936,1.4307,0.8414,0.7632,2.1985,2.1985,906200.0,620828.7273,314539.9889,14426704.0,9883593.3386,17.41,14.25,1.103
601601,中国太保,保险,上海,20071225,601601.SH,20140225,16.14,16.18,15.81,15.83,16.11,-0.28,-1.74,183512.21,293291.75,0.2956,0.5834,1.08,28.2552,14.3122,1.4226,0.8367,0.7589,2.211,2.211,906200.0,620828.7273,314539.9889,14345146.0,9827718.7532,17.72,14.5,1.103
601601,中国太保,保险,上海,20071225,601601.SH,20140224,16.38,16.38,16.06,16.11,16.4,-0.29,-1.77,147968.95,238734.146,0.2383,0.4704,0.79,28.7549,14.5654,1.4478,0.8515,0.7724,2.1726,2.1726,906200.0,620828.7273,314539.9889,14598882.0,10001550.7968,18.04,14.76,1.103
601601,中国太保,保险,上海,20071225,601601.SH,20140221,16.44,16.55,16.33,16.4,16.44,-0.04,-0.24,130793.75,214854.493,0.2107,0.4158,0.63,29.2726,14.8276,1.4738,0.8668,0.7863,2.1341,2.1341,906200.0,620828.7273,314539.9889,14861680.0,10181591.1277,18.08,14.8,1.103
601601,中国太保,保险,上海,20071225,601601.SH,20140220,16.77,16.84,16.43,16.44,16.67,-0.23,-1.38,177132.42,294499.559,0.2853,0.5631,0.87,29.344,14.8637,1.4774,0.8689,0.7882,2.129,2.129,906200.0,620828.7273,314539.9889,14897928.0,10206424.2768,18.34,15.0,1.103
601601,中国太保,保险,上海,20071225,601601.SH,20140219,16.44,16.83,16.37,16.67,16.44,0.23,1.4,195179.44,323837.897,0.3144,0.6205,1.0,29.7545,15.0717,1.4981,0.8811,0.7992,2.0996,2.0996,906200.0,620828.7273,314539.9889,15106354.0,10349214.8841,18.08,14.8,1.103
601601,中国太保,保险,上海,20071225,601601.SH,20140218,16.81,16.82,16.38,16.44,16.8,-0.36,-2.14,198229.3,327737.569,0.3193,0.6302,0.92,29.344,14.8637,1.4774,0.8689,0.7882,2.129,2.129,906200.0,620828.7273,314539.9889,14897928.0,10206424.2768,18.48,15.12,1.103
601601,中国太保,保险,上海,20071225,601601.SH,20140217,16.71,16.87,16.64,16.8,16.56,0.24,1.45,231498.39,387963.937,0.3729,0.736,1.12,29.9865,15.1892,1.5098,0.888,0.8054,2.0833,2.0833,906200.0,620828.7273,314539.9889,15224160.0,10429922.6186,18.22,14.9,1.103
601601,中国太保,保险,上海,20071225,601601.SH,20140214,16.56,16.68,16.5,16.56,16.57,-0.01,-0.06,229568.97,380230.839,0.3698,0.7299,1.06,29.5581,14.9722,1.4882,0.8753,0.7939,2.1135,2.1135,906200.0,620828.7273,314539.9889,15006672.0,10280923.7241,18.23,14.91,1.103
601601,中国太保,保险,上海,20071225,601601.SH,20140213,16.7,16.8,16.5,16.57,16.72,-0.15,-0.9,168247.74,279700.893,0.271,0.5349,0.81,29.576,14.9813,1.4891,0.8758,0.7944,2.1123,2.1123,906200.0,620828.7273,314539.9889,15015734.0,10287132.0114,18.39,15.05,1.103
601601,中国太保,保险,上海,20071225,601601.SH,20140212,16.77,16.87,16.61,16.72,16.76,-0.04,-0.24,149759.21,250419.377,0.2412,0.4761,0.74,29.8437,15.1169,1.5026,0.8837,0.8016,2.0933,2.0933,906200.0,620828.7273,314539.9889,15151664.0,10380256.3205,18.44,15.08,1.103
601601,中国太保,保险,上海,20071225,601601.SH,20140211,16.48,16.9,16.35,16.76,16.46,0.3,1.82,296687.36,495990.64,0.4779,0.9432,1.68,29.9151,15.1531,1.5062,0.8858,0.8035,2.0883,2.0883,906200.0,620828.7273,314539.9889,15187912.0,10405089.4695,18.11,14.81,1.103
601601,中国太保,保险,上海,20071225,601601.SH,20140210,16.2,16.49,16.16,16.46,16.12,0.34,2.11,192129.4,315215.562,0.3095,0.6108,0.93,29.3797,14.8818,1.4792,0.87,0.7891,2.1264,2.1264,906200.0,620828.7273,314539.9889,14916052.0,10218840.8514,17.73,14.51,1.103
601601,中国太保,保险,上海,20071225,601601.SH,20140207,16.27,16.27,15.86,16.12,16.37,-0.25,-1.53,271499.87,436017.478,0.4373,0.8632,1.38,28.7728,14.5744,1.4487,0.852,0.7728,2.1712,2.1712,906200.0,620828.7273,314539.9889,14607944.0,10007759.0841,18.01,14.73,1.103
601601,中国太保,保险,上海,20071225,601601.SH,20140130,16.65,16.65,16.35,16.37,16.69,-0.32,-1.92,129727.36,213369.953,0.209,0.4124,0.58,29.219,14.8005,1.4711,0.8652,0.7848,2.1381,2.1381,906200.0,620828.7273,314539.9889,14834494.0,10162966.2659,18.36,15.02,1.103
601601,中国太保,保险,上海,20071225,601601.SH,20140129,16.64,16.75,16.58,16.69,16.57,0.12,0.72,118748.98,197876.788,0.1913,0.3775,0.5,29.7902,15.0898,1.4999,0.8821,0.8002,2.0971,2.0971,906200.0,620828.7273,314539.9889,15124478.0,10361631.4586,18.23,14.91,1.103
601601,中国太保,保险,上海,20071225,601601.SH,20140128,16.5,16.66,16.45,16.57,16.45,0.12,0.73,171732.33,284698.213,0.2766,0.546,0.73,29.576,14.9813,1.4891,0.8758,0.7944,2.1123,2.1123,906200.0,620828.7273,314539.9889,15015734.0,10287132.0114,18.1,14.81,1.103
601601,中国太保,保险,上海,20071225,601601.SH,20140127,17.0,17.0,16.4,16.45,17.0,-0.55,-3.24,341196.29,566992.025,0.5496,1.0847,1.7,29.3618,14.8728,1.4783,0.8695,0.7887,2.1277,2.1277,906200.0,620828.7273,314539.9889,14906990.0,10212632.5641,18.7,15.3,1.103
601601,中国太保,保险,上海,20071225,601601.SH,20140124,17.0,17.22,16.99,17.0,17.1,-0.1,-0.58,224241.19,382997.498,0.3612,0.7129,1.2,30.3435,15.37,1.5278,0.8985,0.815,2.0588,2.0588,906200.0,620828.7273,314539.9889,15405400.0,10554088.3641,18.81,15.39,1.103
601601,中国太保,保险,上海,20071225,601601.SH,20140123,17.43,17.43,17.02,17.1,17.47,-0.37,-2.12,257968.09,443502.541,0.4155,0.8201,1.32,30.522,15.4605,1.5367,0.9038,0.8198,2.0468,2.0468,906200.0,620828.7273,314539.9889,15496020.0,10616171.2368,19.22,15.72,1.103
601601,中国太保,保险,上海,20071225,601601.SH,20140122,17.15,17.5,17.05,17.47,17.15,0.32,1.87,201769.35,349772.896,0.325,0.6415,1.2,31.1824,15.795,1.57,0.9234,0.8376,2.0034,2.0034,906200.0,620828.7273,314539.9889,15831314.0,10845877.8659,18.87,15.44,1.103
601601,中国太保,保险,上海,20071225,601601.SH,20140121,17.08,17.38,17.03,17.15,17.04,0.11,0.65,151794.34,260953.097,0.2445,0.4826,0.96,30.6112,15.5057,1.5412,0.9065,0.8222,2.0408,2.0408,906200.0,620828.7273,314539.9889,15541330.0,10647212.6732,18.74,15.34,1.103
601601,中国太保,保险,上海,20071225,601601.SH,20140120,17.0,17.21,16.92,17.04,17.02,0.02,0.12,167953.93,286388.227,0.2705,0.534,1.16,30.4149,15.4062,1.5313,0.9006,0.8169,2.054,2.054,906200.0,620828.7273,314539.9889,15441648.0,10578921.5132,18.72,15.32,1.103
601601,中国太保,保险,上海,20071225,601601.SH,20140117,17.1,17.28,17.0,17.02,17.29,-0.27,-1.56,157423.73,269236.411,0.2536,0.5005,1.19,30.3792,15.3881,1.5296,0.8996,0.816,2.0564,2.0564,906200.0,620828.7273,314539.9889,15423524.0,10566504.9386,19.02,15.56,1.103
601601,中国太保,保险,上海,20071225,601601.SH,20140116,17.2,17.51,17.1,17.29,17.11,0.18,1.05,298947.78,518639.676,0.4815,0.9504,3.16,30.8611,15.6322,1.5538,0.9139,0.8289,2.0243,2.0243,906200.0,620828.7273,314539.9889,15668198.0,10734128.695,18.82,15.4,1.103
601601,中国太保,保险,上海,20071225,601601.SH,20140115,17.16,17.25,17.01,17.11,17.22,-0.11,-0.64,67659.34,115794.401,0.109,0.2151,0.64,30.5399,15.4695,1.5376,0.9043,0.8203,2.0456,2.0456,906200.0,620828.7273,314539.9889,15505082.0,10622379.5241,18.94,15.5,1.103
601601,中国太保,保险,上海,20071225,601601.SH,20140114,16.99,17.3,16.98,17.22,17.01,0.21,1.23,98617.87,169039.992,0.1588,0.3135,0.91,30.7362,15.569,1.5475,0.9102,0.8256,2.0325,2.0325,906200.0,620828.7273,314539.9889,15604764.0,10690670.6841,18.71,15.31,1.103
601601,中国太保,保险,上海,20071225,601601.SH,20140113,17.15,17.28,16.98,17.01,17.05,-0.04,-0.23,101357.75,173051.727,0.1633,0.3222,0.68,30.3614,15.3791,1.5287,0.8991,0.8155,2.0576,2.0576,906200.0,620828.7273,314539.9889,15414462.0,10560296.6514,18.76,15.35,1.103
601601,中国太保,保险,上海,20071225,601601.SH,20140110,16.98,17.2,16.93,17.05,17.04,0.01,0.06,94984.27,162006.537,0.153,0.302,0.58,30.4328,15.4153,1.5322,0.9012,0.8174,2.0528,2.0528,906200.0,620828.7273,314539.9889,15450710.0,10585129.8005,18.74,15.34,1.103
601601,中国太保,保险,上海,20071225,601601.SH,20140109,17.14,17.32,16.98,17.04,17.21,-0.17,-0.99,110302.34,188921.336,0.1777,0.3507,0.67,30.4149,15.4062,1.5313,0.9006,0.8169,2.054,2.054,906200.0,620828.7273,314539.9889,15441648.0,10578921.5132,18.93,15.49,1.103
601601,中国太保,保险,上海,20071225,601601.SH,20140108,17.2,17.44,16.98,17.21,17.14,0.07,0.41,127486.31,219663.67,0.2053,0.4053,0.8,30.7183,15.5599,1.5466,0.9096,0.8251,2.0337,2.0337,906200.0,620828.7273,314539.9889,15595702.0,10684462.3968,18.85,15.43,1.103
601601,中国太保,保险,上海,20071225,601601.SH,20140107,17.0,17.24,16.95,17.14,17.24,-0.1,-0.58,105718.44,180837.833,0.1703,0.3361,0.65,30.5934,15.4966,1.5403,0.9059,0.8217,2.042,2.042,906200.0,620828.7273,314539.9889,15532268.0,10641004.3859,18.96,15.52,1.103
601601,中国太保,保险,上海,20071225,601601.SH,20140106,17.64,17.64,16.91,17.24,17.73,-0.49,-2.76,301755.2,516540.06,0.4861,0.9594,2.14,30.7719,15.587,1.5493,0.9112,0.8265,2.0302,2.0302,906200.0,620828.7273,314539.9889,15622888.0,10703087.2587,19.5,15.96,1.103
601601,中国太保,保险,上海,20071225,601601.SH,20140103,18.0,18.08,17.53,17.73,18.13,-0.4,-2.21,172252.92,305044.35,0.2775,0.5476,1.3,31.6465,16.0301,1.5934,0.9371,0.85,1.9741,1.9741,906200.0,620828.7273,314539.9889,16066926.0,11007293.335,19.94,16.32,1.103
601601,中国太保,保险,上海,20071225,601601.SH,20140102,18.53,18.53,18.03,18.13,18.53,-0.4,-2.16,120824.71,220039.158,0.1946,0.3841,0.89,32.3605,16.3917,1.6293,0.9583,0.8692,1.9305,1.9305,906200.0,620828.7273,314539.9889,16429406.0,11255624.8259,20.38,16.68,1.103
601601,中国太保,保险,上海,20071225,601601.SH,20131231,18.25,18.74,18.24,18.53,18.37,0.16,0.87,92163.67,170985.901,0.1485,0.293,0.63,33.0744,16.7534,1.6653,0.9794,0.8884,1.8888,1.8888,906200.0,620828.7273,314539.9889,16791886.0,11503956.3169,20.21,16.53,1.103
601601,中国太保,保险,上海,20071225,601601.SH,20131230,18.55,18.65,18.31,18.37,18.52,-0.15,-0.81,120599.14,222822.121,0.1943,0.3834,0.77,32.7888,16.6087,1.6509,0.9709,0.8807,1.9053,1.9053,906200.0,620828.7273,314539.9889,16646894.0,11404623.7205,20.37,16.67,1.103
601601,中国太保,保险,上海,20071225,601601.SH,20131227,18.08,18.68,17.98,18.52,17.98,0.54,3.0,198654.74,366490.615,0.32,0.6316,1.1,33.0566,16.7443,1.6644,0.9789,0.8879,1.8898,1.8898,906200.0,620828.7273,314539.9889,16782824.0,11497748.0296,19.78,16.18,1.103
601601,中国太保,保险,上海,20071225,601601.SH,20131226,18.1,18.21,17.89,17.98,18.18,-0.2,-1.1,130448.25,235172.639,0.2101,0.4147,0.66,32.0927,16.2561,1.6158,0.9503,0.862,1.9466,1.9466,906200.0,620828.7273,314539.9889,16293476.0,11162500.5169,20.0,16.36,1.103
601601,中国太保,保险,上海,20071225,601601.SH,20131225,17.98,18.22,17.79,18.18,17.92,0.26,1.45,133436.77,240825.614,0.2149,0.4242,0.65,32.4497,16.4369,1.6338,0.9609,0.8716,1.9252,1.9252,906200.0,620828.7273,314539.9889,16474716.0,11286666.2623,19.71,16.13,1.103
601601,中国太保,保险,上海,20071225,601601.SH,20131224,17.81,18.13,17.76,17.92,17.79,0.13,0.73,143714.93,258334.969,0.2315,0.4569,0.67,31.9856,16.2018,1.6104,0.9472,0.8591,1.9531,1.9531,906200.0,620828.7273,314539.9889,16239104.0,11125250.7932,19.57,16.01,1.103
601601,中国太保,保险,上海,20071225,601601.SH,20131223,17.55,17.93,17.43,17.79,17.47,0.32,1.83,181628.15,322475.03,0.2926,0.5774,0.86,31.7536,16.0843,1.5987,0.9403,0.8529,1.9674,1.9674,906200.0,620828.7273,314539.9889,16121298.0,11044543.0587,19.22,15.72,1.103
601601,中国太保,保险,上海,20071225,601601.SH,20131220,18.0,18.08,17.39,17.47,18.01,-0.54,-3.0,316958.68,562364.566,0.5105,1.0077,1.72,31.1824,15.795,1.57,0.9234,0.8376,2.0034,2.0034,906200.0,620828.7273,314539.9889,15831314.0,10845877.8659,19.81,16.21,1.103
601601,中国太保,保险,上海,20071225,601601.SH,20131219,18.19,18.26,17.96,18.01,18.0,0.01,0.06,206354.63,374058.427,0.3324,0.6561,1.09,32.1463,16.2832,1.6185,0.9519,0.8634,1.9434,1.9434,906200.0,620828.7273,314539.9889,16320662.0,11181125.3787,19.8,16.2,1.103
601601,中国太保,保险,上海,20071225,601601.SH,20131218,18.06,18.21,17.95,18.0,18.08,-0.08,-0.44,178007.61,321680.514,0.2867,0.5659,0.81,32.1284,16.2742,1.6176,0.9514,0.863,1.9444,1.9444,906200.0,620828.7273,314539.9889,16311600.0,11174917.0914,19.89,16.27,1.103
601601,中国太保,保险,上海,20071225,601601.SH,20131217,18.16,18.18,17.92,18.08,18.1,-0.02,-0.11,191486.9,345402.219,0.3084,0.6088,0.82,32.2712,16.3465,1.6248,0.9556,0.8668,1.9358,1.9358,906200.0,620828.7273,314539.9889,16384096.0,11224583.3896,19.91,16.29,1.103
601601,中国太保,保险,上海,20071225,601601.SH,20131216,18.47,18.51,18.06,18.1,18.46,-0.36,-1.95,165090.9,300967.29,0.2659,0.5249,0.63,32.3069,16.3646,1.6266,0.9567,0.8678,1.9337,1.9337,906200.0,620828.7273,314539.9889,16402220.0,11236999.9641,20.31,16.61,1.103
601601,中国太保,保险,上海,20071225,601601.SH,20131213,18.19,18.58,18.11,18.46,18.45,0.01,0.05,182158.42,335036.556,0.2934,0.5791,0.61,32.9495,16.6901,1.659,0.9757,0.885,1.896,1.896,906200.0,620828.7273,314539.9889,16728452.0,11460498.306,20.3,16.61,1.103
601601,中国太保,保险,上海,20071225,601601.SH,20131212,18.55,18.71,18.23,18.45,18.62,-0.17,-0.91,232413.81,428950.661,0.3744,0.7389,0.74,32.9316,16.681,1.6581,0.9752,0.8845,1.897,1.897,906200.0,620828.7273,314539.9889,16719390.0,11454290.0187,20.48,16.76,1.103
601601,中国太保,保险,上海,20071225,601601.SH,20131211,19.32,19.34,18.4,18.62,19.49,-0.87,-4.46,324398.98,609665.025,0.5225,1.0313,0.99,33.2351,16.8347,1.6733,0.9842,0.8927,1.8797,1.8797,906200.0,620828.7273,314539.9889,16873444.0,11559830.9023,21.44,17.54,1.103
601601,中国太保,保险,上海,20071225,601601.SH,20131210,19.82,19.87,19.34,19.49,19.76,-0.27,-1.37,264064.24,516090.086,0.4253,0.8395,0.72,34.7879,17.6213,1.7515,1.0301,0.9344,1.7958,1.7958,906200.0,620828.7273,314539.9889,17661838.0,12099951.8951,21.74,17.78,1.103
601601,中国太保,保险,上海,20071225,601601.SH,20131209,19.78,19.99,19.49,19.76,19.5,0.26,1.33,300441.29,593370.432,0.4839,0.9552,0.71,35.2699,17.8654,1.7758,1.0444,0.9473,1.7713,1.7713,906200.0,620828.7273,314539.9889,17906512.0,12267575.6514,21.45,17.55,1.103
601601,中国太保,保险,上海,20071225,601601.SH,20131206,19.81,20.13,19.27,19.5,19.88,-0.38,-1.91,373185.97,731107.246,0.6011,1.1865,0.95,34.8058,17.6304,1.7524,1.0307,0.9349,1.7949,1.7949,906200.0,620828.7273,314539.9889,17670900.0,12106160.1824,21.87,17.89,1.103
601601,中国太保,保险,上海,20071225,601601.SH,20131205,19.49,20.08,19.45,19.88,19.55,0.33,1.69,304210.73,604023.11,0.49,0.9672,0.71,35.4841,17.9739,1.7866,1.0508,0.9531,1.7606,1.7606,906200.0,620828.7273,314539.9889,18015256.0,12342075.0987,21.51,17.6,1.103
601601,中国太保,保险,上海,20071225,601601.SH,20131204,19.3,19.96,19.21,19.55,19.35,0.2,1.03,393759.07,774193.672,0.6342,1.2519,0.88,34.895,17.6756,1.7569,1.0333,0.9373,1.7903,1.7903,906200.0,620828.7273,314539.9889,17716210.0,12137201.6187,21.29,17.42,1.103
601601,中国太保,保险,上海,20071225,601601.SH,20131203,19.61,19.68,18.97,19.35,19.81,-0.46,-2.32,456459.35,879921.898,0.7352,1.4512,1.06,34.5381,17.4947,1.7389,1.0227,0.9277,1.8088,1.8088,906200.0,620828.7273,314539.9889,17534970.0,12013035.8733,21.79,17.83,1.103
601601,中国太保,保险,上海,20071225,601601.SH,20131202,19.51,20.24,19.48,19.81,19.57,0.24,1.23,600533.48,1190228.531,0.9673,1.9092,1.4,35.3591,17.9106,1.7803,1.0471,0.9497,1.7668,1.7668,906200.0,620828.7273,314539.9889,17951822.0,12298617.0878,21.53,17.61,1.103
601601,中国太保,保险,上海,20071225,601601.SH,20131129,19.6,19.66,19.4,19.57,19.59,-0.02,-0.1,214287.29,418279.973,0.3452,0.6813,0.43,34.9307,17.6936,1.7587,1.0344,0.9382,1.7885,1.7885,906200.0,620828.7273,314539.9889,17734334.0,12149618.1933,21.55,17.63,1.103
601601,中国太保,保险,上海,20071225,601601.SH,20131128,19.82,20.1,19.57,19.59,19.82,-0.23,-1.16,465603.54,925047.289,0.75,1.4803,0.87,34.9664,17.7117,1.7605,1.0354,0.9392,1.7866,1.7866,906200.0,620828.7273,314539.9889,17752458.0,12162034.7678,21.8,17.84,1.103
601601,中国太保,保险,上海,20071225,601601.SH,20131127,19.55,20.02,19.33,19.82,19.46,0.36,1.85,507755.56,1001748.953,0.8179,1.6143,0.87,35.377,17.9197,1.7812,1.0476,0.9502,1.7659,1.7659,906200.0,620828.7273,314539.9889,17960884.0,12304825.3751,21.41,17.51,1.103
601601,中国太保,保险,上海,20071225,601601.SH,20131126,19.54,19.85,19.21,19.46,19.54,-0.08,-0.41,367031.68,715758.102,0.5912,1.1669,0.5,34.7344,17.5942,1.7488,1.0286,0.933,1.7986,1.7986,906200.0,620828.7273,314539.9889,17634652.0,12081327.0333,21.49,17.59,1.103
601601,中国太保,保险,上海,20071225,601601.SH,20131125,19.51,20.36,19.41,19.54,19.68,-0.14,-0.71,592958.4,1181211.47,0.9551,1.8852,0.75,34.8772,17.6665,1.756,1.0328,0.9368,1.7912,1.7912,906200.0,620828.7273,314539.9889,17707148.0,12130993.3314,21.65,17.71,1.103
601601,中国太保,保险,上海,20071225,601601.SH,20131122,19.75,20.04,19.4,19.68,19.7,-0.02,-0.1,532005.74,1052050.432,0.8569,1.6914,0.71,35.1271,17.7931,1.7686,1.0402,0.9435,1.7785,1.7785,906200.0,620828.7273,314539.9889,17834016.0,12217909.3533,21.67,17.73,1.103
601601,中国太保,保险,上海,20071225,601601.SH,20131121,20.05,20.1,19.51,19.7,20.27,-0.57,-2.81,673325.16,1331787.33,1.0846,2.1407,1.07,35.1628,17.8112,1.7704,1.0412,0.9445,1.7766,1.7766,906200.0,620828.7273,314539.9889,17852140.0,12230325.9278,22.3,18.24,1.103
601601,中国太保,保险,上海,20071225,601601.SH,20131120,20.3,20.4,19.83,20.27,20.19,0.08,0.4,764815.39,1536429.347,1.2319,2.4315,1.5,36.1802,18.3265,1.8216,1.0714,0.9718,1.7267,1.7267,906200.0,620828.7273,314539.9889,18368674.0,12584198.3024,22.21,18.17,1.103
601601,中国太保,保险,上海,20071225,601601.SH,20131119,19.9,20.46,19.76,20.19,19.48,0.71,3.64,1128176.72,2268595.626,1.8172,3.5868,3.56,36.0374,18.2542,1.8144,1.0671,0.968,1.7335,1.7335,906200.0,620828.7273,314539.9889,18296178.0,12534532.0042,21.43,17.53,1.103
601601,中国太保,保险,上海,20071225,601601.SH,20131118,17.89,19.48,17.75,19.48,17.71,1.77,9.99,880790.49,1673377.061,1.4187,2.8002,5.6,34.7701,17.6123,1.7506,1.0296,0.9339,1.7967,1.7967,906200.0,620828.7273,314539.9889,17652776.0,12093743.6078,19.48,15.94,1.103
601601,中国太保,保险,上海,20071225,601601.SH,20131115,17.01,17.85,17.01,17.71,17.03,0.68,3.99,297772.9,525530.522,0.4796,0.9467,2.59,31.6108,16.012,1.5916,0.9361,0.8491,1.9763,1.9763,906200.0,620828.7273,314539.9889,16048802.0,10994876.7605,18.73,15.33,1.103
601601,中国太保,保险,上海,20071225,601601.SH,20131114,17.14,17.19,16.98,17.03,16.98,0.05,0.2945,87980.38,150241.733,0.1417,0.2797,0.76,30.3971,15.3972,1.5304,0.9001,0.8165,2.0552,2.0552,906200.0,620828.7273,314539.9889,15432586.0,10572713.2259,18.68,15.28,1.103
601601,中国太保,保险,上海,20071225,601601.SH,20131113,17.07,17.09,16.88,16.98,17.28,-0.3,-1.74,150721.25,256152.769,0.2428,0.4792,1.45,30.3078,15.352,1.526,0.8975,0.8141,2.0612,2.0612,906200.0,620828.7273,314539.9889,15387276.0,10541671.7896,19.01,15.55,1.103
601601,中国太保,保险,上海,20071225,601601.SH,20131112,16.75,17.3,16.75,17.28,16.63,0.65,3.91,165237.49,282096.081,0.2662,0.5253,1.68,30.8433,15.6232,1.5529,0.9133,0.8285,2.0255,2.0255,906200.0,620828.7273,314539.9889,15659136.0,10727920.4077,18.29,14.97,1.103
601601,中国太保,保险,上海,20071225,601601.SH,20131111,16.61,16.83,16.58,16.63,16.7,-0.07,-0.42,84444.22,141130.126,0.136,0.2685,0.84,29.6831,15.0355,1.4945,0.879,0.7973,2.1046,2.1046,906200.0,620828.7273,314539.9889,15070106.0,10324381.735,18.37,15.03,1.103
601601,中国太保,保险,上海,20071225,601601.SH,20131108,16.89,17.07,16.6,16.7,16.98,-0.28,-1.65,86998.31,146437.119,0.1401,0.2766,0.77,29.808,15.0988,1.5008,0.8827,0.8006,2.0958,2.0958,906200.0,620828.7273,314539.9889,15133540.0,10367839.7459,18.68,15.28,1.103
601601,中国太保,保险,上海,20071225,601601.SH,20131107,16.95,17.1,16.77,16.98,16.95,0.03,0.18,91086.99,154281.401,0.1467,0.2896,0.76,30.3078,15.352,1.526,0.8975,0.8141,2.0612,2.0612,906200.0,620828.7273,314539.9889,15387276.0,10541671.7896,18.65,15.26,1.103
601601,中国太保,保险,上海,20071225,601601.SH,20131106,16.99,17.13,16.93,16.95,17.16,-0.21,-1.22,91358.87,155554.2,0.1472,0.2905,0.7,30.2543,15.3248,1.5233,0.8959,0.8126,2.0649,2.0649,906200.0,620828.7273,314539.9889,15360090.0,10523046.9277,18.88,15.44,1.103
601601,中国太保,保险,上海,20071225,601601.SH,20131105,16.99,17.2,16.72,17.16,17.08,0.08,0.47,138355.23,234419.943,0.2229,0.4399,1.0,30.6291,15.5147,1.5421,0.907,0.8227,2.0396,2.0396,906200.0,620828.7273,314539.9889,15550392.0,10653420.9605,18.79,15.37,1.103
601601,中国太保,保险,上海,20071225,601601.SH,20131104,17.45,17.54,17.02,17.08,17.37,-0.29,-1.67,93799.8,161849.71,0.1511,0.2982,0.68,30.4863,15.4424,1.5349,0.9028,0.8189,2.0492,2.0492,906200.0,620828.7273,314539.9889,15477896.0,10603754.6623,19.11,15.63,1.103
601601,中国太保,保险,上海,20071225,601601.SH,20131101,17.25,17.42,17.13,17.37,17.14,0.23,1.34,149760.72,259264.065,0.2412,0.4761,1.12,31.0039,15.7046,1.561,0.9181,0.8328,2.015,2.015,906200.0,620828.7273,314539.9889,15740694.0,10783794.9932,18.85,15.43,1.103
601601,中国太保,保险,上海,20071225,601601.SH,20131031,17.15,17.26,17.04,17.14,17.13,0.01,0.06,122605.56,210287.338,0.1975,0.3898,0.84,30.5934,15.4966,1.5403,0.9059,0.8217,2.042,2.042,906200.0,620828.7273,314539.9889,15532268.0,10641004.3859,18.84,15.42,1.103
601601,中国太保,保险,上海,20071225,601601.SH,20131030,17.05,17.15,16.79,17.13,16.97,0.16,0.94,151707.4,258342.527,0.2444,0.4823,1.05,30.5755,19.6422,1.6119,0.9054,0.8472,2.0432,2.0432,906200.0,620828.7273,314539.9889,15523206.0,10634796.0986,18.67,15.27,1.103
601601,中国太保,保险,上海,20071225,601601.SH,20131029,16.78,17.17,16.6,16.97,16.71,0.26,1.56,176695.15,299100.445,0.2846,0.5618,1.33,30.29,19.4587,1.5968,0.8969,0.8393,2.0625,2.0625,906200.0,620828.7273,314539.9889,15378214.0,10535463.5023,18.38,15.04,1.103
601601,中国太保,保险,上海,20071225,601601.SH,20131028,16.7,16.79,16.53,16.71,16.56,0.15,0.91,87499.29,145842.928,0.1409,0.2782,0.6,29.8259,19.1606,1.5723,0.8832,0.8265,2.0946,2.0946,906200.0,620828.7273,314539.9889,15142602.0,10374048.0332,18.22,14.9,1.103
601601,中国太保,保险,上海,20071225,601601.SH,20131025,16.61,16.78,16.37,16.56,16.6,-0.04,-0.24,131569.37,218208.824,0.2119,0.4183,0.9,29.5581,18.9886,1.5582,0.8753,0.819,2.1135,2.1135,906200.0,620828.7273,314539.9889,15006672.0,10280923.7241,18.26,14.94,1.103
601601,中国太保,保险,上海,20071225,601601.SH,20131024,17.08,17.14,16.56,16.6,17.08,-0.48,-2.81,179657.59,301619.734,0.2894,0.5712,1.41,29.6295,19.0344,1.562,0.8774,0.821,2.1084,2.1084,906200.0,620828.7273,314539.9889,15042920.0,10305756.8732,18.79,15.37,1.103
601601,中国太保,保险,上海,20071225,601601.SH,20131023,17.4,17.58,17.05,17.08,17.31,-0.23,-1.33,147753.8,255981.221,0.238,0.4697,1.2,30.4863,19.5848,1.6072,0.9028,0.8448,2.0492,2.0492,906200.0,620828.7273,314539.9889,15477896.0,10603754.6623,19.04,15.58,1.103
601601,中国太保,保险,上海,20071225,601601.SH,20131022,17.5,17.51,17.18,17.31,17.55,-0.24,-1.37,117961.22,204375.891,0.19,0.375,0.94,30.8968,19.8486,1.6288,0.9149,0.8561,2.022,2.022,906200.0,620828.7273,314539.9889,15686322.0,10746545.2696,19.31,15.8,1.103
601601,中国太保,保险,上海,20071225,601601.SH,20131021,17.4,17.6,17.13,17.55,17.36,0.19,1.09,149323.7,259296.245,0.2405,0.4747,1.05,31.3252,20.1238,1.6514,0.9276,0.868,1.9943,1.9943,906200.0,620828.7273,314539.9889,15903810.0,10895544.1641,19.1,15.62,1.103
601601,中国太保,保险,上海,20071225,601601.SH,20131018,17.45,17.64,17.25,17.36,17.35,0.01,0.06,134880.76,234658.841,0.2173,0.4288,0.89,30.9861,19.9059,1.6335,0.9176,0.8586,2.0161,2.0161,906200.0,620828.7273,314539.9889,15731632.0,10777586.7059,19.09,15.62,1.103
601601,中国太保,保险,上海,20071225,601601.SH,20131017,17.51,17.61,17.33,17.35,17.49,-0.14,-0.8,88769.59,155071.051,0.143,0.2822,0.52,30.9682,19.8944,1.6326,0.917,0.8581,2.0173,2.0173,906200.0,620828.7273,314539.9889,15722570.0,10771378.4187,19.24,15.74,1.103
601601,中国太保,保险,上海,20071225,601601.SH,20131016,17.72,17.84,17.35,17.49,17.86,-0.37,-2.07,122168.48,213857.37,0.1968,0.3884,0.7,31.2181,20.055,1.6457,0.9244,0.865,2.0011,2.0011,906200.0,620828.7273,314539.9889,15849438.0,10858294.4405,19.65,16.07,1.103
601601,中国太保,保险,上海,20071225,601601.SH,20131015,17.86,18.05,17.72,17.86,17.96,-0.1,-0.56,131909.17,235707.849,0.2125,0.4194,0.71,31.8785,20.4792,1.6806,0.944,0.8833,1.9597,1.9597,906200.0,620828.7273,314539.9889,16184732.0,11088001.0696,19.76,16.16,1.103
601601,中国太保,保险,上海,20071225,601601.SH,20131014,17.89,18.24,17.6,17.96,17.89,0.07,0.39,234649.83,420922.592,0.378,0.746,1.43,32.057,20.5939,1.69,0.9493,0.8883,1.9488,1.9488,906200.0,620828.7273,314539.9889,16275352.0,11150083.9423,19.68,16.1,1.103
601601,中国太保,保险,上海,20071225,601601.SH,20131011,17.62,17.9,17.52,17.89,17.47,0.42,2.4,182777.59,324220.98,0.2944,0.5811,1.25,31.9321,20.5136,1.6834,0.9456,0.8848,1.9564,1.9564,906200.0,620828.7273,314539.9889,16211918.0,11106625.9314,19.22,15.72,1.103
601601,中国太保,保险,上海,20071225,601601.SH,20131010,17.8,17.85,17.39,17.47,17.78,-0.31,-1.74,188993.01,330906.178,0.3044,0.6009,1.23,31.1824,20.032,1.6439,0.9234,0.864,2.0034,2.0034,906200.0,620828.7273,314539.9889,15831314.0,10845877.8659,19.56,16.0,1.103
601601,中国太保,保险,上海,20071225,601601.SH,20131009,17.7,17.97,17.58,17.78,17.83,-0.05,-0.28,136037.73,241238.123,0.2191,0.4325,0.84,31.7357,20.3875,1.673,0.9398,0.8794,1.9685,1.9685,906200.0,620828.7273,314539.9889,16112236.0,11038334.7714,19.61,16.05,1.103
601601,中国太保,保险,上海,20071225,601601.SH,20131008,17.55,17.84,17.27,17.83,17.57,0.26,1.48,183164.04,321184.795,0.295,0.5823,1.03,31.825,20.4448,1.6777,0.9424,0.8818,1.963,1.963,906200.0,620828.7273,314539.9889,16157546.0,11069376.2078,19.33,15.81,1.103
601601,中国太保,保险,上海,20071225,601601.SH,20130930,17.85,17.95,17.45,17.57,17.56,0.01,0.06,128266.81,226130.874,0.2066,0.4078,0.68,31.3609,20.1467,1.6533,0.9287,0.869,1.992,1.992,906200.0,620828.7273,314539.9889,15921934.0,10907960.7387,19.32,15.8,1.103
601601,中国太保,保险,上海,20071225,601601.SH,20130927,17.4,17.62,17.35,17.56,17.45,0.11,0.63,94770.69,165774.655,0.1527,0.3013,0.47,31.3431,20.1352,1.6523,0.9281,0.8685,1.9932,1.9932,906200.0,620828.7273,314539.9889,15912872.0,10901752.4514,19.2,15.71,1.103
601601,中国太保,保险,上海,20071225,601601.SH,20130926,17.9,17.97,17.35,17.45,18.0,-0.55,-3.06,226380.02,397256.531,0.3646,0.7197,1.01,31.1467,20.0091,1.642,0.9223,0.8631,2.0057,2.0057,906200.0,620828.7273,314539.9889,15813190.0,10833461.2914,19.8,16.2,1.103
601601,中国太保,保险,上海,20071225,601601.SH,20130925,18.08,18.37,17.95,18.0,17.96,0.04,0.22,180260.66,327246.546,0.2904,0.5731,0.74,32.1284,20.6398,1.6937,0.9514,0.8903,1.9444,1.9444,906200.0,620828.7273,314539.9889,16311600.0,11174917.0914,19.76,16.16,1.103
601601,中国太保,保险,上海,20071225,601601.SH,20130924,18.46,18.53,17.91,17.96,18.6,-0.64,-3.44,255778.8,463969.514,0.412,0.8132,0.92,32.057,20.5939,1.69,0.9493,0.8883,1.9488,1.9488,906200.0,620828.7273,314539.9889,16275352.0,11150083.9423,20.46,16.74,1.103
601601,中国太保,保险,上海,20071225,601601.SH,20130923,18.69,18.89,18.44,18.6,18.63,-0.03,-0.16,180693.42,336686.24,0.2911,0.5745,0.48,33.1994,21.3277,1.7502,0.9831,0.9199,1.8817,1.8817,906200.0,620828.7273,314539.9889,16855320.0,11547414.3278,20.49,16.77,1.103
601601,中国太保,保险,上海,20071225,601601.SH,20130918,18.6,18.8,18.4,18.63,18.6,0.03,0.16,173878.5,324202.101,0.2801,0.5528,0.39,33.2529,21.3621,1.753,0.9847,0.9214,1.8787,1.8787,906200.0,620828.7273,314539.9889,16882506.0,11566039.1896,20.46,16.74,1.103
601601,中国太保,保险,上海,20071225,601601.SH,20130917,19.4,19.58,18.56,18.6,19.36,-0.76,-3.93,331626.48,628173.565,0.5342,1.0543,0.76,33.1994,21.3277,1.7502,0.9831,0.9199,1.8817,1.8817,906200.0,620828.7273,314539.9889,16855320.0,11547414.3278,21.3,17.42,1.103
601601,中国太保,保险,上海,20071225,601601.SH,20130916,19.78,19.96,19.14,19.36,19.5,-0.14,-0.72,282001.89,550542.35,0.4542,0.8966,0.56,34.5559,22.1992,1.8217,1.0233,0.9575,1.8079,1.8079,906200.0,620828.7273,314539.9889,17544032.0,12019244.1605,21.45,17.55,1.103
601601,中国太保,保险,上海,20071225,601601.SH,20130913,19.53,20.3,19.3,19.5,19.63,-0.13,-0.66,428727.27,846761.398,0.6906,1.363,0.94,34.8058,22.3597,1.8349,1.0307,0.9644,1.7949,1.7949,906200.0,620828.7273,314539.9889,17670900.0,12106160.1824,21.59,17.67,1.103
601601,中国太保,保险,上海,20071225,601601.SH,20130912,18.8,20.12,18.58,19.63,18.9,0.73,3.86,654969.1,1282179.702,1.055,2.0823,1.89,35.0378,22.5088,1.8471,1.0375,0.9709,1.783,1.783,906200.0,620828.7273,314539.9889,17788706.0,12186867.9169,20.79,17.01,1.103
601601,中国太保,保险,上海,20071225,601601.SH,20130911,18.95,19.65,18.8,18.9,18.8,0.1,0.53,503754.76,971184.167,0.8114,1.6016,1.85,33.7348,21.6717,1.7784,0.999,0.9348,1.8519,1.8519,906200.0,620828.7273,314539.9889,17127180.0,11733662.946,20.68,16.92,1.103
601601,中国太保,保险,上海,20071225,601601.SH,20130910,18.84,18.85,18.43,18.8,18.53,0.27,1.46,321739.77,598884.066,0.5182,1.0229,1.26,33.5564,21.5571,1.769,0.9937,0.9298,1.8617,1.8617,906200.0,620828.7273,314539.9889,17036560.0,11671580.0732,20.38,16.68,1.103
601601,中国太保,保险,上海,20071225,601601.SH,20130909,17.8,18.85,17.64,18.53,17.62,0.91,5.16,606606.73,1119798.393,0.9771,1.9286,3.13,33.0744,21.2475,1.7436,0.9794,0.9165,1.8888,1.8888,906200.0,620828.7273,314539.9889,16791886.0,11503956.3169,19.38,15.86,1.103
601601,中国太保,保险,上海,20071225,601601.SH,20130906,17.38,17.78,17.33,17.62,17.38,0.24,1.38,194444.92,342273.307,0.3132,0.6182,0.88,31.4502,20.204,1.658,0.9313,0.8715,1.9864,1.9864,906200.0,620828.7273,314539.9889,15967244.0,10939002.175,19.12,15.64,1.103
601601,中国太保,保险,上海,20071225,601601.SH,20130905,17.37,17.44,17.3,17.38,17.34,0.04,0.23,105304.48,183062.013,0.1696,0.3348,0.49,31.0218,19.9288,1.6354,0.9186,0.8596,2.0138,2.0138,906200.0,620828.7273,314539.9889,15749756.0,10790003.2805,19.07,15.61,1.103
601601,中国太保,保险,上海,20071225,601601.SH,20130904,17.32,17.44,17.29,17.34,17.44,-0.1,-0.57,133804.89,232122.952,0.2155,0.4254,0.56,30.9504,19.883,1.6316,0.9165,0.8576,2.0185,2.0185,906200.0,620828.7273,314539.9889,15713508.0,10765170.1314,19.18,15.7,1.103
601601,中国太保,保险,上海,20071225,601601.SH,20130903,17.33,17.54,17.21,17.44,17.18,0.26,1.51,232135.5,404145.668,0.3739,0.738,1.05,31.1289,19.9976,1.641,0.9218,0.8626,2.0069,2.0069,906200.0,620828.7273,314539.9889,15804128.0,10827253.0041,18.9,15.46,1.103
601601,中国太保,保险,上海,20071225,601601.SH,20130902,17.43,17.5,17.11,17.18,17.3,-0.12,-0.69,304302.35,525398.986,0.4902,0.9675,1.56,30.6648,19.6995,1.6166,0.908,0.8497,2.0373,2.0373,906200.0,620828.7273,314539.9889,15568516.0,10665837.535,19.03,15.57,1.103
601601,中国太保,保险,上海,20071225,601601.SH,20130830,16.87,17.37,16.82,17.3,16.85,0.45,2.67,328653.37,565377.5,0.5294,1.0449,2.12,30.879,19.8371,1.6279,0.9144,0.8556,2.0231,2.0231,906200.0,620828.7273,314539.9889,15677260.0,10740336.9823,18.54,15.17,1.103
601601,中国太保,保险,上海,20071225,601601.SH,20130829,17.2,17.22,16.78,16.85,16.97,-0.12,-0.71,85378.03,144456.462,0.1375,0.2714,0.54,30.0758,19.3211,1.5855,0.8906,0.8334,2.0772,2.0772,906200.0,620828.7273,314539.9889,15269470.0,10460964.055,18.67,15.27,1.103
601601,中国太保,保险,上海,20071225,601601.SH,20130828,16.95,17.28,16.71,16.97,17.08,-0.11,-0.64,253470.97,431667.202,0.4083,0.8058,1.98,30.29,19.4587,1.5968,0.8969,0.8393,2.0625,2.0625,906200.0,620828.7273,314539.9889,15378214.0,10535463.5023,18.79,15.37,1.103
601601,中国太保,保险,上海,20071225,601601.SH,20130827,17.08,17.3,16.95,17.08,17.12,-0.04,-0.23,128426.75,219895.57,0.2069,0.4083,0.92,30.4863,19.5848,1.6072,0.9028,0.8448,2.0492,2.0492,906200.0,620828.7273,314539.9889,15477896.0,10603754.6623,18.83,15.41,1.103
601601,中国太保,保险,上海,20071225,601601.SH,20130826,16.81,17.18,16.71,17.12,16.61,0.51,3.07,178971.62,303920.859,0.2883,0.5558,1.29,30.5577,19.6307,1.6109,0.9049,0.8467,2.0444,2.0444,906200.0,620828.7273,321988.9542,15514144.0,10628587.8114,18.27,14.95,1.103
601601,中国太保,保险,上海,20071225,601601.SH,20130823,16.84,16.85,16.29,16.61,16.71,-0.1,-0.6,129178.23,214076.332,0.2081,0.4012,0.69,29.6474,22.6346,1.5629,0.8779,0.8595,2.1072,2.1072,906200.0,620828.7273,321988.9542,15051982.0,10311965.1605,18.38,15.04,1.103
601601,中国太保,保险,上海,20071225,601601.SH,20130822,16.69,16.95,16.64,16.71,16.73,-0.02,-0.12,96010.2,161309.962,0.1546,0.2982,0.5,29.8259,22.7708,1.5723,0.8832,0.8647,2.0946,2.0946,906200.0,620828.7273,321988.9542,15142602.0,10374048.0332,18.4,15.06,1.103
601601,中国太保,保险,上海,20071225,601601.SH,20130821,16.65,16.93,16.52,16.73,16.69,0.04,0.24,105904.02,176964.527,0.1706,0.3289,0.49,29.8616,22.7981,1.5742,0.8843,0.8657,2.0921,2.0921,906200.0,620828.7273,321988.9542,15160726.0,10386464.6077,18.36,15.02,1.103
601601,中国太保,保险,上海,20071225,601601.SH,20130820,17.03,17.28,16.6,16.69,17.13,-0.44,-2.57,188240.8,316957.493,0.3032,0.5846,0.86,29.7902,22.7436,1.5704,0.8821,0.8636,2.0971,2.0971,906200.0,620828.7273,321988.9542,15124478.0,10361631.4586,18.84,15.42,1.103
601601,中国太保,保险,上海,20071225,601601.SH,20130819,16.75,17.25,16.65,17.13,16.97,0.16,0.94,175487.52,297694.402,0.2827,0.545,0.75,30.5755,23.3432,1.6118,0.9054,0.8864,2.0432,2.0432,906200.0,620828.7273,321988.9542,15523206.0,10634796.0986,18.67,15.27,1.103
601601,中国太保,保险,上海,20071225,601601.SH,20130816,17.0,18.73,16.67,16.97,17.06,-0.09,-0.53,371489.43,642608.673,0.5984,1.1537,2.1,30.29,23.1251,1.5967,0.8969,0.8781,2.0625,2.0625,906200.0,620828.7273,321988.9542,15378214.0,10535463.5023,18.77,15.35,1.103
601601,中国太保,保险,上海,20071225,601601.SH,20130815,17.05,17.33,17.05,17.06,17.17,-0.11,-0.64,110026.04,189118.706,0.1772,0.3417,0.61,30.4506,23.2478,1.6052,0.9017,0.8828,2.0516,2.0516,906200.0,620828.7273,321988.9542,15459772.0,10591338.0877,18.89,15.45,1.103
601601,中国太保,保险,上海,20071225,601601.SH,20130814,16.9,17.34,16.87,17.17,16.96,0.21,1.24,245239.67,421733.177,0.395,0.7616,1.41,30.6469,23.3977,1.6156,0.9075,0.8885,2.0384,2.0384,906200.0,620828.7273,321988.9542,15559454.0,10659629.2477,18.66,15.26,1.103
601601,中国太保,保险,上海,20071225,601601.SH,20130813,16.75,17.0,16.63,16.96,16.82,0.14,0.83,189978.81,319277.105,0.306,0.59,1.13,30.2721,23.1115,1.5958,0.8964,0.8776,2.0637,2.0637,906200.0,620828.7273,321988.9542,15369152.0,10529255.215,18.5,15.14,1.103
601601,中国太保,保险,上海,20071225,601601.SH,20130812,16.38,16.84,16.25,16.82,16.22,0.6,3.7,250529.34,415756.697,0.4035,0.7781,1.86,30.0222,22.9207,1.5826,0.889,0.8704,2.0809,2.0809,906200.0,620828.7273,321988.9542,15242284.0,10442339.1932,17.84,14.6,1.103
601601,中国太保,保险,上海,20071225,601601.SH,20130809,16.34,16.41,16.04,16.22,16.25,-0.03,-0.18,87725.52,142292.523,0.1413,0.2724,0.59,28.9513,22.1031,1.5262,0.8573,0.8393,2.1578,2.1578,906200.0,620828.7273,321988.9542,14698564.0,10069841.9568,17.88,14.63,1.103
601601,中国太保,保险,上海,20071225,601601.SH,20130808,16.3,16.42,16.15,16.25,16.29,-0.04,-0.25,127477.37,207096.065,0.2053,0.3959,0.85,29.0048,22.144,1.529,0.8589,0.8409,2.1538,2.1538,906200.0,620828.7273,321988.9542,14725750.0,10088466.8186,17.92,14.66,1.103
601601,中国太保,保险,上海,20071225,601601.SH,20130807,16.6,16.82,16.25,16.29,16.6,-0.31,-1.87,213358.51,350981.68,0.3437,0.6626,1.64,29.0762,22.1985,1.5328,0.861,0.8429,2.1486,2.1486,906200.0,620828.7273,321988.9542,14761998.0,10113299.9677,18.26,14.94,1.103
601601,中国太保,保险,上海,20071225,601601.SH,20130806,16.77,16.82,16.4,16.6,16.83,-0.23,-1.37,159229.89,264515.138,0.2565,0.4945,1.27,29.6295,22.6209,1.5619,0.8774,0.859,2.1084,2.1084,906200.0,620828.7273,321988.9542,15042920.0,10305756.8732,18.51,15.15,1.103
601601,中国太保,保险,上海,20071225,601601.SH,20130805,16.71,16.86,16.57,16.83,16.67,0.16,0.96,86993.24,145670.064,0.1401,0.2702,0.67,30.0401,22.9344,1.5836,0.8895,0.8709,2.0796,2.0796,906200.0,620828.7273,321988.9542,15251346.0,10448547.4805,18.34,15.0,1.103
601601,中国太保,保险,上海,20071225,601601.SH,20130802,16.74,16.92,16.61,16.67,16.63,0.04,0.24,154082.33,258299.477,0.2482,0.4785,1.29,29.7545,22.7163,1.5685,0.8811,0.8626,2.0996,2.0996,906200.0,620828.7273,321988.9542,15106354.0,10349214.8841,18.29,14.97,1.103
601601,中国太保,保险,上海,20071225,601601.SH,20130801,16.48,16.73,16.36,16.63,16.34,0.29,1.77,133276.32,220882.542,0.2147,0.4139,1.12,29.6831,22.6618,1.5647,0.879,0.8605,2.1046,2.1046,906200.0,620828.7273,321988.9542,15070106.0,10324381.735,17.97,14.71,1.103
601601,中国太保,保险,上海,20071225,601601.SH,20130731,16.58,16.75,16.17,16.34,16.45,-0.11,-0.67,118614.9,195792.938,0.1911,0.3684,0.91,29.1655,22.2666,1.5375,0.8636,0.8455,2.142,2.142,906200.0,620828.7273,321988.9542,14807308.0,10144341.4041,18.1,14.81,1.103
601601,中国太保,保险,上海,20071225,601601.SH,20130730,16.33,16.69,16.21,16.45,16.14,0.31,1.92,131638.72,216839.351,0.212,0.4088,0.96,29.3618,22.4165,1.5478,0.8695,0.8512,2.1277,2.1277,906200.0,620828.7273,321988.9542,14906990.0,10212632.5641,17.75,14.53,1.103
601601,中国太保,保险,上海,20071225,601601.SH,20130729,16.35,16.46,16.08,16.14,16.54,-0.4,-2.42,112029.94,182013.872,0.1805,0.3479,0.78,28.8085,21.9941,1.5186,0.8531,0.8352,2.1685,2.1685,906200.0,620828.7273,321988.9542,14626068.0,10020175.6586,18.19,14.89,1.103
601601,中国太保,保险,上海,20071225,601601.SH,20130726,16.36,16.56,16.25,16.54,16.48,0.06,0.36,102756.45,169097.975,0.1655,0.3191,0.67,29.5225,22.5392,1.5563,0.8742,0.8559,2.1161,2.1161,906200.0,620828.7273,321988.9542,14988548.0,10268507.1495,18.13,14.83,1.103
601601,中国太保,保险,上海,20071225,601601.SH,20130725,16.41,16.64,16.34,16.48,16.23,0.25,1.54,131061.17,216181.422,0.2111,0.407,0.84,29.4154,22.4574,1.5506,0.871,0.8528,2.1238,2.1238,906200.0,620828.7273,321988.9542,14934176.0,10231257.4259,17.85,14.61,1.103
601601,中国太保,保险,上海,20071225,601601.SH,20130724,16.54,16.69,16.12,16.23,16.73,-0.5,-2.99,177238.96,290381.913,0.2855,0.5505,1.09,28.9691,22.1167,1.5271,0.8578,0.8398,2.1565,2.1565,906200.0,620828.7273,321988.9542,14707626.0,10076050.2441,18.4,15.06,1.103
601601,中国太保,保险,上海,20071225,601601.SH,20130723,16.48,16.93,16.25,16.73,16.26,0.47,2.89,162084.71,270297.212,0.2611,0.5034,0.98,29.8616,22.7981,1.5742,0.8843,0.8657,2.0921,2.0921,906200.0,620828.7273,321988.9542,15160726.0,10386464.6077,17.89,14.63,1.103
601601,中国太保,保险,上海,20071225,601601.SH,20130722,16.04,16.31,16.0,16.26,16.01,0.25,1.56,142359.45,229698.493,0.2293,0.4421,0.76,29.0227,22.1576,1.5299,0.8594,0.8414,2.1525,2.1525,906200.0,620828.7273,321988.9542,14734812.0,10094675.1059,17.61,14.41,1.103
601601,中国太保,保险,上海,20071225,601601.SH,20130719,16.55,16.86,16.29,16.36,16.53,-0.17,-1.03,156847.65,259387.938,0.2526,0.4871,0.79,29.2012,22.2939,1.4903,0.8647,0.8466,2.1394,,906200.0,620828.7273,321988.9542,14825432.0,10156757.9786,18.18,14.88,1.079
601601,中国太保,保险,上海,20071225,601601.SH,20130718,16.6,16.78,16.45,16.53,16.69,-0.16,-0.96,143813.33,238456.019,0.2316,0.4466,0.59,29.5046,22.5255,1.5057,0.8737,0.8554,2.1174,,906200.0,620828.7273,321988.9542,14979486.0,10262298.8623,18.36,15.02,1.079
601601,中国太保,保险,上海,20071225,601601.SH,20130717,16.65,16.99,16.47,16.69,16.64,0.05,0.3,204981.44,343416.099,0.3302,0.6366,0.78,29.7902,22.7436,1.5203,0.8821,0.8636,2.0971,,906200.0,620828.7273,321988.9542,15124478.0,10361631.4586,18.3,14.98,1.079
601601,中国太保,保险,上海,20071225,601601.SH,20130716,16.38,16.92,16.13,16.64,16.42,0.22,1.34,177926.32,293761.624,0.2866,0.5526,0.68,29.7009,22.6754,1.5158,0.8795,0.861,2.1034,,906200.0,620828.7273,321988.9542,15079168.0,10330590.0223,18.06,14.78,1.079
601601,中国太保,保险,上海,20071225,601601.SH,20130715,16.58,17.03,16.35,16.42,16.43,-0.01,-0.06,259187.52,430918.717,0.4175,0.805,1.07,29.3083,22.3756,1.4957,0.8679,0.8497,2.1315,,906200.0,620828.7273,321988.9542,14879804.0,10194007.7023,18.07,14.79,1.079
601601,中国太保,保险,上海,20071225,601601.SH,20130712,16.8,16.96,16.29,16.43,16.89,-0.46,-2.72,208352.2,346162.803,0.3356,0.6471,0.84,29.3261,22.3893,1.4966,0.8684,0.8502,2.1302,,906200.0,620828.7273,321988.9542,14888866.0,10200215.9895,18.58,15.2,1.079
601601,中国太保,保险,上海,20071225,601601.SH,20130711,15.93,17.28,15.92,16.89,15.92,0.97,6.09,373477.05,623384.443,0.6016,1.1599,1.66,30.1472,23.0161,1.5385,0.8927,0.874,2.0722,,906200.0,620828.7273,321988.9542,15305718.0,10485797.2041,17.51,14.33,1.079
601601,中国太保,保险,上海,20071225,601601.SH,20130710,15.38,15.97,15.35,15.92,15.4,0.52,3.38,289629.27,455578.635,0.4665,0.8995,1.45,28.4158,21.6943,1.4502,0.8414,0.8238,2.1985,,906200.0,620828.7273,321988.9542,14426704.0,9883593.3386,16.94,13.86,1.079
601601,中国太保,保险,上海,20071225,601601.SH,20130709,15.4,15.56,15.36,15.4,15.43,-0.03,-0.19,174947.64,270015.706,0.2818,0.5433,0.81,27.4877,20.9857,1.4028,0.814,0.7969,2.2727,,906200.0,620828.7273,321988.9542,13955480.0,9560762.4004,16.97,13.89,1.079
601601,中国太保,保险,上海,20071225,601601.SH,20130708,15.56,15.68,15.25,15.43,15.81,-0.38,-2.4,165388.96,255011.996,0.2664,0.5136,0.73,27.5412,21.0266,1.4055,0.8155,0.7984,2.2683,,906200.0,620828.7273,321988.9542,13982666.0,9579387.2622,17.39,14.23,1.079
601601,中国太保,保险,上海,20071225,601601.SH,20130705,15.65,15.85,15.59,15.81,15.59,0.22,1.41,234110.21,367755.757,0.3771,0.7271,1.05,28.2195,21.5444,1.4402,0.8356,0.8181,2.2138,,906200.0,620828.7273,321988.9542,14327022.0,9815302.1786,17.15,14.03,1.079
601601,中国太保,保险,上海,20071225,601601.SH,20130704,15.45,15.85,15.4,15.59,15.49,0.1,0.65,260632.4,405790.035,0.4198,0.8094,1.14,27.8268,21.2446,1.4201,0.824,0.8067,2.245,,906200.0,620828.7273,321988.9542,14127658.0,9678719.8586,17.04,13.94,1.079
601601,中国太保,保险,上海,20071225,601601.SH,20130703,15.55,15.73,15.42,15.49,15.61,-0.12,-0.77,165671.96,257745.633,0.2669,0.5145,0.58,27.6483,21.1083,1.411,0.8187,0.8015,2.2595,,906200.0,620828.7273,321988.9542,14037038.0,9616636.9859,17.17,14.05,1.079
601601,中国太保,保险,上海,20071225,601601.SH,20130702,15.66,15.74,15.47,15.61,15.63,-0.02,-0.13,248257.95,387162.036,0.3999,0.771,0.76,27.8625,21.2719,1.4219,0.8251,0.8077,2.2422,,906200.0,620828.7273,321988.9542,14145782.0,9691136.4332,17.19,14.07,1.079
601601,中国太保,保险,上海,20071225,601601.SH,20130701,15.81,15.93,15.39,15.63,15.93,-0.3,-1.88,219406.98,341527.628,0.3534,0.6814,0.64,27.8982,21.2991,1.4238,0.8261,0.8088,2.2393,,906200.0,620828.7273,321988.9542,14163906.0,9703553.0077,17.52,14.34,1.079
601601,中国太保,保险,上海,20071225,601601.SH,20130628,15.45,16.08,15.3,15.93,15.5,0.43,2.77,221424.43,349101.405,0.3567,0.6877,0.64,28.4337,21.7079,1.4511,0.842,0.8243,2.1971,,906200.0,620828.7273,321988.9542,14435766.0,9889801.6259,17.05,13.95,1.079
601601,中国太保,保险,上海,20071225,601601.SH,20130627,15.52,15.85,15.36,15.5,15.47,0.03,0.19,288781.98,450431.923,0.4652,0.8969,0.91,27.6661,21.122,1.4119,0.8192,0.8021,2.2581,,906200.0,620828.7273,321988.9542,14046100.0,9622845.2732,17.02,13.92,1.079
601601,中国太保,保险,上海,20071225,601601.SH,20130626,15.9,15.9,15.13,15.47,15.91,-0.44,-2.77,461935.09,710440.512,0.7441,1.4346,1.84,27.6126,21.0811,1.4092,0.8177,0.8005,2.2624,,906200.0,620828.7273,321988.9542,14018914.0,9604220.4113,17.5,14.32,1.079
601601,中国太保,保险,上海,20071225,601601.SH,20130625,16.2,16.38,15.01,15.91,16.31,-0.4,-2.45,450106.21,705755.997,0.725,1.3979,2.44,28.398,21.6807,1.4493,0.8409,0.8233,2.1999,,906200.0,620828.7273,321988.9542,14417642.0,9877385.0513,17.94,14.68,1.079
601601,中国太保,保险,上海,20071225,601601.SH,20130624,17.13,17.15,16.21,16.31,17.33,-1.02,-5.89,293053.75,484132.157,0.472,0.9101,1.92,29.1119,22.2257,1.4857,0.8621,0.844,2.1459,2.1459,906200.0,620828.7273,321988.9542,14780122.0,10125716.5423,19.06,15.6,1.079
601601,中国太保,保险,上海,20071225,601601.SH,20130621,16.81,17.56,16.69,17.33,17.04,0.29,1.7,226360.89,391257.606,0.3646,0.703,1.63,30.9325,23.6157,1.5786,0.916,0.8968,2.0196,2.0196,906200.0,620828.7273,321988.9542,15704446.0,10758961.8441,18.74,15.34,1.079
601601,中国太保,保险,上海,20071225,601601.SH,20130620,17.25,17.39,17.0,17.04,17.36,-0.32,-1.84,155512.15,266880.556,0.2505,0.483,0.95,30.4149,23.2205,1.5522,0.9006,0.8817,2.054,2.054,906200.0,620828.7273,321988.9542,15441648.0,10578921.5132,19.1,15.62,1.079
601601,中国太保,保险,上海,20071225,601601.SH,20130619,17.47,17.47,17.08,17.36,17.49,-0.13,-0.74,130915.12,225667.129,0.2109,0.4066,0.75,30.9861,23.6566,1.5814,0.9176,0.8983,2.0161,2.0161,906200.0,620828.7273,321988.9542,15731632.0,10777586.7059,19.24,15.74,1.079
601601,中国太保,保险,上海,20071225,601601.SH,20130618,17.53,17.82,17.38,17.49,17.53,-0.04,-0.23,115786.3,203703.813,0.1865,0.3596,0.67,31.2181,23.8337,1.5932,0.9244,0.905,2.0011,2.0011,906200.0,620828.7273,321988.9542,15849438.0,10858294.4405,19.28,15.78,1.079
601601,中国太保,保险,上海,20071225,601601.SH,20130617,17.54,17.7,17.34,17.53,17.4,0.13,0.75,132809.4,233133.78,0.2139,0.4125,0.78,31.2895,23.8882,1.5968,0.9265,0.9071,1.9966,1.9966,906200.0,620828.7273,321988.9542,15885686.0,10883127.5896,19.14,15.66,1.079
601601,中国太保,保险,上海,20071225,601601.SH,20130614,17.35,17.44,17.2,17.4,17.25,0.15,0.87,160516.38,278005.701,0.2586,0.4985,0.97,31.0575,23.7111,1.585,0.9197,0.9004,2.0115,2.0115,906200.0,620828.7273,321988.9542,15767880.0,10802419.855,18.98,15.53,1.079
601601,中国太保,保险,上海,20071225,601601.SH,20130613,17.85,17.85,17.09,17.25,17.93,-0.68,-3.79,275787.13,477375.976,0.4442,0.8565,2.03,30.7897,23.5067,1.5713,0.9117,0.8926,2.029,2.029,906200.0,620828.7273,321988.9542,15631950.0,10709295.5459,19.72,16.14,1.079
601601,中国太保,保险,上海,20071225,601601.SH,20130607,18.36,18.42,17.88,17.93,18.32,-0.39,-2.13,186893.11,337702.605,0.301,0.5804,1.41,32.0035,24.4333,1.6333,0.9477,0.9278,1.952,1.952,906200.0,620828.7273,321988.9542,16248166.0,11131459.0805,20.15,16.49,1.079
601601,中国太保,保险,上海,20071225,601601.SH,20130606,18.42,18.54,18.27,18.32,18.43,-0.11,-0.6,104217.88,191483.582,0.1679,0.3237,0.73,32.6996,24.9648,1.6688,0.9683,0.948,1.9105,1.9105,906200.0,620828.7273,321988.9542,16601584.0,11373582.2841,20.27,16.59,1.079
601601,中国太保,保险,上海,20071225,601601.SH,20130605,18.49,18.58,18.38,18.43,18.49,-0.06,-0.32,120304.8,222167.156,0.1938,0.3736,0.78,32.8959,25.1147,1.6788,0.9741,0.9537,1.8991,1.8991,906200.0,620828.7273,321988.9542,16701266.0,11441873.4441,20.34,16.64,1.079
601601,中国太保,保险,上海,20071225,601601.SH,20130604,18.64,18.67,18.41,18.49,18.62,-0.13,-0.7,136490.19,252446.3,0.2199,0.4239,0.86,33.003,25.1964,1.6843,0.9773,0.9568,1.8929,1.8929,906200.0,620828.7273,321988.9542,16755638.0,11479123.1678,20.48,16.76,1.079
601601,中国太保,保险,上海,20071225,601601.SH,20130603,18.74,18.82,18.5,18.62,18.61,0.01,0.05,130708.97,243482.673,0.2105,0.4059,0.84,33.2351,25.3736,1.6961,0.9842,0.9635,1.8797,1.8797,906200.0,620828.7273,321988.9542,16873444.0,11559830.9023,20.47,16.75,1.079
601601,中国太保,保险,上海,20071225,601601.SH,20130531,18.95,19.04,18.51,18.61,18.87,-0.26,-1.38,173102.93,325909.155,0.2788,0.5376,1.16,33.2172,25.36,1.6952,0.9836,0.963,1.8807,1.8807,906200.0,620828.7273,321988.9542,16864382.0,11553622.6151,20.76,16.98,1.079
601601,中国太保,保险,上海,20071225,601601.SH,20130530,18.95,19.13,18.81,18.87,19.05,-0.18,-0.94,157068.15,297390.156,0.253,0.4878,1.04,33.6813,25.7143,1.7189,0.9974,0.9764,1.8548,1.8548,906200.0,620828.7273,321988.9542,17099994.0,11715038.0842,20.96,17.15,1.079
601601,中国太保,保险,上海,20071225,601601.SH,20130529,19.24,19.39,19.04,19.05,19.24,-0.19,-0.99,177554.86,340341.641,0.286,0.5514,1.26,34.0026,25.9596,1.7353,1.0069,0.9858,1.8373,1.8373,906200.0,620828.7273,321988.9542,17263110.0,11826787.2551,21.16,17.32,1.079
601601,中国太保,保险,上海,20071225,601601.SH,20130528,18.7,19.25,18.62,19.24,18.7,0.54,2.89,159518.92,302213.822,0.2569,0.4954,1.2,34.3417,26.2185,1.7526,1.0169,0.9956,1.8191,1.8191,906200.0,620828.7273,321988.9542,17435288.0,11944744.7133,20.57,16.83,1.079
601601,中国太保,保险,上海,20071225,601601.SH,20130527,18.65,18.9,18.64,18.7,18.78,-0.08,-0.43,110566.29,207232.586,0.1781,0.3434,0.76,33.3779,25.4826,1.7034,0.9884,0.9676,1.8717,1.8717,906200.0,620828.7273,321988.9542,16945940.0,11609497.2005,20.66,16.9,1.079
601601,中国太保,保险,上海,20071225,601601.SH,20130524,18.89,18.99,18.52,18.78,18.78,0.0,0.0,142304.08,266698.384,0.2292,0.442,0.84,33.5207,25.5916,1.7107,0.9926,0.9718,1.8637,1.8637,906200.0,620828.7273,321988.9542,17018436.0,11659163.4987,20.66,16.9,1.079
601601,中国太保,保险,上海,20071225,601601.SH,20130523,19.15,19.17,18.72,18.78,19.27,-0.49,-2.54,166210.96,314490.79,0.2677,0.5162,0.95,33.5207,25.5916,1.7107,0.9926,0.9718,1.8637,1.8637,906200.0,620828.7273,321988.9542,17018436.0,11659163.4987,21.2,17.34,1.079
601601,中国太保,保险,上海,20071225,601601.SH,20130522,19.3,19.43,19.17,19.27,19.27,0.0,0.0,127046.27,244980.031,0.2046,0.3946,0.73,34.3953,26.2594,1.7553,1.0185,0.9971,1.8163,1.8163,906200.0,620828.7273,321988.9542,17462474.0,11963369.5751,21.2,17.34,1.079
601601,中国太保,保险,上海,20071225,601601.SH,20130521,19.32,19.46,19.16,19.27,19.32,-0.05,-0.26,115801.15,223396.85,0.1865,0.3596,0.54,34.3953,26.2594,1.7553,1.0185,0.9971,1.8163,1.8163,906200.0,620828.7273,321988.9542,17462474.0,11963369.5751,21.25,17.39,1.079
601601,中国太保,保险,上海,20071225,601601.SH,20130520,19.24,19.59,19.16,19.32,19.21,0.11,0.57,179413.75,347657.47,0.289,0.5572,0.87,34.4845,26.3275,1.7599,1.0212,0.9997,1.8116,1.8116,906200.0,620828.7273,321988.9542,17507784.0,11994411.0114,21.13,17.29,1.079
601601,中国太保,保险,上海,20071225,601601.SH,20130517,18.8,19.35,18.64,19.21,18.87,0.34,1.8,256549.78,488168.052,0.4132,0.7968,1.42,34.2882,26.1776,1.7499,1.0153,0.994,1.822,1.822,906200.0,620828.7273,321988.9542,17408102.0,11926119.8514,20.76,16.98,1.079
601601,中国太保,保险,上海,20071225,601601.SH,20130516,18.54,18.92,18.21,18.87,18.54,0.33,1.78,194507.87,363046.149,0.3133,0.6041,1.14,33.6813,25.7143,1.7189,0.9974,0.9764,1.8548,1.8548,906200.0,620828.7273,321988.9542,17099994.0,11715038.0842,20.39,16.69,1.079
601601,中国太保,保险,上海,20071225,601601.SH,20130515,18.63,18.65,18.44,18.54,18.53,0.01,0.05,126465.69,234197.502,0.2037,0.3928,0.67,33.0923,25.2646,1.6888,0.9799,0.9594,1.8878,1.8878,906200.0,620828.7273,321988.9542,16800948.0,11510164.6041,20.38,16.68,1.079
601601,中国太保,保险,上海,20071225,601601.SH,20130514,19.1,19.2,18.37,18.53,19.18,-0.65,-3.39,320628.1,596518.638,0.5165,0.9958,2.03,33.0744,25.251,1.6879,0.9794,0.9588,1.8888,1.8888,906200.0,620828.7273,321988.9542,16791886.0,11503956.3169,21.1,17.26,1.079
601601,中国太保,保险,上海,20071225,601601.SH,20130513,19.36,19.55,19.11,19.18,19.34,-0.16,-0.83,136840.67,264483.309,0.2204,0.425,0.8,34.2346,26.1367,1.7471,1.0138,0.9925,1.8248,1.8248,906200.0,620828.7273,321988.9542,17380916.0,11907494.9896,21.27,17.41,1.079
601601,中国太保,保险,上海,20071225,601601.SH,20130510,19.14,19.38,19.01,19.34,19.14,0.2,1.04,125414.59,241699.206,0.202,0.3895,0.71,34.5202,26.3547,1.7617,1.0222,1.0008,1.8097,1.8097,906200.0,620828.7273,321988.9542,17525908.0,12006827.586,21.05,17.23,1.079
601601,中国太保,保险,上海,20071225,601601.SH,20130509,19.4,19.4,19.0,19.14,19.38,-0.24,-1.24,140649.13,269607.581,0.2266,0.4368,0.78,34.1632,26.0822,1.7435,1.0116,0.9904,1.8286,1.8286,906200.0,620828.7273,321988.9542,17344668.0,11882661.8405,21.32,17.44,1.079
601601,中国太保,保险,上海,20071225,601601.SH,20130508,19.0,19.43,19.0,19.38,18.85,0.53,2.81,226980.55,436587.177,0.3656,0.7049,1.3,34.5916,26.4093,1.7654,1.0243,1.0028,1.806,1.806,906200.0,620828.7273,321988.9542,17562156.0,12031660.7351,20.74,16.97,1.079
601601,中国太保,保险,上海,20071225,601601.SH,20130507,19.01,19.12,18.78,18.85,19.12,-0.27,-1.41,158525.42,299860.399,0.2553,0.4923,0.79,33.6456,25.687,1.7171,0.9963,0.9754,1.8568,1.8568,906200.0,620828.7273,321988.9542,17081870.0,11702621.5096,21.03,17.21,1.079
601601,中国太保,保险,上海,20071225,601601.SH,20130506,19.11,19.3,18.9,19.12,18.99,0.13,0.68,203353.18,388719.806,0.3276,0.6316,1.04,34.1275,26.055,1.7417,1.0106,0.9894,1.8305,1.8305,906200.0,620828.7273,321988.9542,17326544.0,11870245.266,20.89,17.09,1.079
601601,中国太保,保险,上海,20071225,601601.SH,20130503,18.9,19.46,18.82,18.99,18.77,0.22,1.17,153932.25,295393.053,0.2479,0.4781,0.73,33.8955,25.8778,1.7298,1.0037,0.9826,1.8431,1.8431,906200.0,620828.7273,321988.9542,17208738.0,11789537.5314,20.65,16.89,1.079
601601,中国太保,保险,上海,20071225,601601.SH,20130502,18.79,19.0,18.69,18.77,18.76,0.01,0.05,163337.53,307055.82,0.2631,0.5073,0.69,33.5028,25.578,1.7098,0.9921,0.9713,1.8647,1.8647,906200.0,620828.7273,321988.9542,17009374.0,11652955.2114,20.64,16.88,1.079
601601,中国太保,保险,上海,20071225,601601.SH,20130426,19.13,19.13,18.72,18.76,19.01,-0.25,-1.32,196685.26,371996.635,0.3168,0.6108,0.73,33.485,25.5644,1.7089,0.9916,0.9707,1.8657,1.8657,906200.0,620828.7273,321988.9542,17000312.0,11646746.9241,20.91,17.11,1.079
601601,中国太保,保险,上海,20071225,601601.SH,20130425,19.49,19.56,18.85,19.01,19.36,-0.35,-1.81,292269.54,561999.686,0.4708,0.9077,1.18,33.9312,25.9051,1.7317,1.0048,0.9837,1.8411,1.8411,906200.0,620828.7273,321988.9542,17226862.0,11801954.106,21.3,17.42,1.079
601601,中国太保,保险,上海,20071225,601601.SH,20130424,18.95,19.49,18.81,19.36,18.81,0.55,2.92,170151.79,326338.372,0.2741,0.5284,0.67,34.5559,34.5559,1.8241,1.0233,1.0233,1.8079,1.8079,906200.0,620828.7273,321988.9542,17544032.0,12019244.1605,20.69,16.93,1.079
601601,中国太保,保险,上海,20071225,601601.SH,20130423,19.69,19.69,18.78,18.81,19.71,-0.9,-4.57,226467.52,433395.975,0.3648,0.7033,0.84,33.5742,33.5742,1.7723,0.9942,0.9942,1.8607,1.8607,906200.0,620828.7273,321988.9542,17045622.0,11677788.3605,21.68,17.74,1.079
601601,中国太保,保险,上海,20071225,601601.SH,20130422,19.86,19.99,19.47,19.71,20.18,-0.47,-2.33,291667.9,575382.598,0.4698,0.9058,1.22,35.1806,35.1806,1.8571,1.0418,1.0418,1.7757,1.7757,906200.0,620828.7273,321988.9542,17861202.0,12236534.2151,22.2,18.16,1.079
601601,中国太保,保险,上海,20071225,601601.SH,20130419,20.06,20.38,19.79,20.18,20.02,0.16,0.8,368463.23,740904.14,0.5935,1.1443,1.9,36.0195,36.0195,1.9014,1.0666,1.0666,1.7344,1.7344,906200.0,620828.7273,321988.9542,18287116.0,12528323.7169,22.02,18.02,1.079
601601,中国太保,保险,上海,20071225,601601.SH,20130418,19.79,20.12,19.7,20.02,19.95,0.07,0.35,185966.4,371441.993,0.2995,0.5776,0.98,35.7339,35.7339,1.8863,1.0582,1.0582,1.7483,1.7483,906200.0,620828.7273,321988.9542,18142124.0,12428991.1205,21.95,17.96,1.079
601601,中国太保,保险,上海,20071225,601601.SH,20130417,19.82,20.06,19.69,19.95,19.94,0.01,0.05,206744.47,411048.343,0.333,0.6421,1.04,35.609,35.609,1.8797,1.0545,1.0545,1.7544,1.7544,906200.0,620828.7273,321988.9542,18078690.0,12385533.1096,21.93,17.95,1.079
601601,中国太保,保险,上海,20071225,601601.SH,20130416,18.98,19.96,18.9,19.94,19.12,0.82,4.29,303121.79,590644.162,0.4883,0.9414,1.45,35.5912,35.5912,1.8788,1.0539,1.0539,1.7553,1.7553,906200.0,620828.7273,321988.9542,18069628.0,12379324.8224,21.03,17.21,1.079
601601,中国太保,保险,上海,20071225,601601.SH,20130415,19.35,19.65,18.94,19.12,19.43,-0.31,-1.6,131814.22,253173.48,0.2123,0.4094,0.59,34.1275,34.1275,1.8015,1.0106,1.0106,1.8305,1.8305,906200.0,620828.7273,321988.9542,17326544.0,11870245.266,21.37,17.49,1.079
601601,中国太保,保险,上海,20071225,601601.SH,20130412,19.3,19.68,19.27,19.43,19.33,0.1,0.52,141430.76,275424.3,0.2278,0.4392,0.61,34.6808,34.6808,1.8307,1.027,1.027,1.8013,1.8013,906200.0,620828.7273,321988.9542,17607466.0,12062702.1714,21.26,17.4,1.079
601601,中国太保,保险,上海,20071225,601601.SH,20130411,19.78,19.88,19.33,19.33,19.6,-0.27,-1.38,167725.79,327774.331,0.2702,0.5209,0.74,34.5024,34.5024,1.8213,1.0217,1.0217,1.8107,1.8107,906200.0,620828.7273,321988.9542,17516846.0,12000619.2987,21.56,17.64,1.079
601601,中国太保,保险,上海,20071225,601601.SH,20130410,19.26,19.7,19.21,19.6,19.33,0.27,1.4,249124.38,485367.874,0.4013,0.7737,1.28,34.9843,34.9843,1.8468,1.036,1.036,1.7857,1.7857,906200.0,620828.7273,321988.9542,17761520.0,12168243.0551,21.26,17.4,1.079
601601,中国太保,保险,上海,20071225,601601.SH,20130409,18.7,19.45,18.7,19.33,18.53,0.8,4.32,351707.93,673444.912,0.5665,1.0923,2.59,34.5024,34.5024,1.8213,1.0217,1.0217,1.8107,1.8107,906200.0,620828.7273,321988.9542,17516846.0,12000619.2987,20.38,16.68,1.079
601601,中国太保,保险,上海,20071225,601601.SH,20130408,18.25,18.75,18.16,18.53,18.64,-0.11,-0.59,201727.27,372955.606,0.3249,0.6265,1.55,33.0744,33.0744,1.7459,0.9794,0.9794,1.8888,1.8888,906200.0,620828.7273,321988.9542,16791886.0,11503956.3169,20.5,16.78,1.079
601601,中国太保,保险,上海,20071225,601601.SH,20130403,18.39,18.88,18.34,18.64,18.27,0.37,2.03,185703.16,346013.193,0.2991,0.5767,1.57,33.2708,33.2708,1.7563,0.9852,0.9852,1.8777,1.8777,906200.0,620828.7273,321988.9542,16891568.0,11572247.4769,20.1,16.44,1.079
601601,中国太保,保险,上海,20071225,601601.SH,20130402,18.43,18.65,18.1,18.27,18.4,-0.13,-0.71,138906.9,254327.107,0.2237,0.4314,1.17,32.6103,32.6103,1.7214,0.9657,0.9657,1.9157,1.9157,906200.0,620828.7273,321988.9542,16556274.0,11342540.8478,20.24,16.56,1.079
601601,中国太保,保险,上海,20071225,601601.SH,20130401,18.15,18.5,18.15,18.4,18.29,0.11,0.6,93163.37,170830.133,0.1501,0.2893,0.78,32.8424,32.8424,1.7337,0.9725,0.9725,1.9022,1.9022,906200.0,620828.7273,321988.9542,16674080.0,11423248.5823,20.12,16.46,1.079
601601,中国太保,保险,上海,20071225,601601.SH,20130329,18.45,18.58,18.25,18.29,18.31,-0.02,-0.11,60705.76,111519.228,0.0978,0.1885,0.45,32.646,32.646,1.7233,0.9667,0.9667,1.9136,1.9136,906200.0,620828.7273,321988.9542,16574398.0,11354957.4223,20.14,16.48,1.079
601601,中国太保,保险,上海,20071225,601601.SH,20130328,18.33,18.7,18.09,18.31,18.69,-0.38,-2.03,172749.3,315296.933,0.2783,0.5365,1.21,32.6817,32.6817,1.7252,0.9678,0.9678,1.9115,1.9115,906200.0,620828.7273,321988.9542,16592522.0,11367373.9969,20.56,16.82,1.079
601601,中国太保,保险,上海,20071225,601601.SH,20130327,18.48,18.98,18.45,18.69,18.42,0.27,1.47,124724.72,233113.947,0.2009,0.3874,0.64,33.36,33.36,1.761,0.9879,0.9879,1.8727,1.8727,906200.0,620828.7273,321988.9542,16936878.0,11603288.9132,20.26,16.58,1.079
601601,中国太保,保险,上海,20071225,601601.SH,20130326,18.66,18.8,18.18,18.42,18.72,-0.3,-1.6,140501.38,258387.092,0.2263,0.4364,0.68,32.8781,32.8781,1.7356,0.9736,0.9736,1.9001,1.9001,906200.0,620828.7273,321988.9542,16692204.0,11435665.1569,20.59,16.85,1.079
601601,中国太保,保险,上海,20071225,601601.SH,20130325,19.06,19.08,18.71,18.72,18.86,-0.14,-0.74,101524.85,191472.559,0.1635,0.3153,0.43,33.4136,33.4136,1.7638,0.9894,0.9894,1.8697,1.8697,906200.0,620828.7273,321988.9542,16964064.0,11621913.7751,20.75,16.97,1.079
601601,中国太保,保险,上海,20071225,601601.SH,20130322,18.87,19.07,18.8,18.86,18.86,0.0,0.0,141644.77,268066.45,0.2282,0.4399,0.54,20.5593,38.58,1.9039,1.0822,1.0196,1.8558,1.8558,906200.0,620828.7273,321988.9542,17090932.0,11708829.7969,20.75,16.97,1.079
601601,中国太保,保险,上海,20071225,601601.SH,20130321,18.74,19.05,18.7,18.86,18.75,0.11,0.59,208277.38,394033.967,0.3355,0.6468,0.81,20.5593,38.58,1.9039,1.0822,1.0196,1.8558,1.8558,906200.0,620828.7273,321988.9542,17090932.0,11708829.7969,20.63,16.88,1.079
601601,中国太保,保险,上海,20071225,601601.SH,20130320,18.12,18.77,18.11,18.75,18.07,0.68,3.76,387222.65,717174.723,0.6237,1.2026,1.85,20.4394,38.355,1.8928,1.0758,1.0137,1.8667,1.8667,906200.0,620828.7273,321988.9542,16991250.0,11640538.6369,19.88,16.26,1.079
601601,中国太保,保险,上海,20071225,601601.SH,20130319,18.14,18.34,17.96,18.07,18.0,0.07,0.39,196791.04,356047.89,0.317,0.6112,0.93,19.6981,36.964,1.8242,1.0368,0.9769,1.9369,1.9369,906200.0,620828.7273,321988.9542,16375034.0,11218375.1023,19.8,16.2,1.079
601601,中国太保,保险,上海,20071225,601601.SH,20130318,18.68,18.69,17.93,18.0,18.85,-0.85,-4.51,252781.01,460983.49,0.4072,0.7851,1.33,19.6218,36.8208,1.8171,1.0328,0.9731,1.9444,1.9444,906200.0,620828.7273,321988.9542,16311600.0,11174917.0914,20.74,16.97,1.079
601601,中国太保,保险,上海,20071225,601601.SH,20130315,18.7,19.2,18.38,18.85,18.7,0.15,0.8,264586.17,496838.697,0.4262,0.8217,1.49,20.5484,38.5595,1.9029,1.0816,1.0191,1.8568,1.8568,906200.0,620828.7273,321988.9542,17081870.0,11702621.5096,20.57,16.83,1.079
601601,中国太保,保险,上海,20071225,601601.SH,20130314,18.59,18.86,18.5,18.7,18.74,-0.04,-0.21,182425.21,340448.865,0.2938,0.5666,0.94,20.3849,38.2527,1.8878,1.073,1.011,1.8717,1.8717,906200.0,620828.7273,321988.9542,16945940.0,11609497.2005,20.61,16.87,1.079
601601,中国太保,保险,上海,20071225,601601.SH,20130313,19.0,19.03,18.62,18.74,19.08,-0.34,-1.78,149670.48,281453.436,0.2411,0.4648,0.65,20.4285,38.3345,1.8918,1.0753,1.0131,1.8677,1.8677,906200.0,620828.7273,321988.9542,16982188.0,11634330.3496,20.99,17.17,1.079
601601,中国太保,保险,上海,20071225,601601.SH,20130312,19.21,19.35,18.8,19.08,19.2,-0.12,-0.63,213436.99,407767.542,0.3438,0.6629,0.81,20.7991,39.03,1.9262,1.0948,1.0315,1.8344,1.8344,906200.0,620828.7273,321988.9542,17290296.0,11845412.1169,21.12,17.28,1.079
601601,中国太保,保险,上海,20071225,601601.SH,20130311,19.16,19.56,19.03,19.2,19.34,-0.14,-0.72,138350.18,266769.016,0.2228,0.4297,0.41,20.9299,39.2755,1.9383,1.1017,1.038,1.8229,1.8229,906200.0,620828.7273,321988.9542,17399040.0,11919911.5642,21.27,17.41,1.079
601601,中国太保,保险,上海,20071225,601601.SH,20130308,19.1,19.6,19.05,19.34,19.05,0.29,1.52,206601.21,399505.569,0.3328,0.6416,0.59,21.0825,39.5619,1.9524,1.1097,1.0456,1.8097,1.8097,906200.0,620828.7273,321988.9542,17525908.0,12006827.586,20.96,17.15,1.079
601601,中国太保,保险,上海,20071225,601601.SH,20130307,19.28,19.37,18.8,19.05,19.45,-0.4,-2.06,257493.58,492006.109,0.4148,0.7997,0.73,20.7664,38.9686,1.9231,1.0931,1.0299,1.8373,1.8373,906200.0,620828.7273,321988.9542,17263110.0,11826787.2551,21.4,17.51,1.079
601601,中国太保,保险,上海,20071225,601601.SH,20130306,19.03,19.58,19.03,19.45,18.92,0.53,2.8,343349.94,662666.409,0.5531,1.0663,1.05,21.2024,39.7869,1.9635,1.116,1.0515,1.7995,1.7995,906200.0,620828.7273,321988.9542,17625590.0,12075118.746,20.81,17.03,1.079
601601,中国太保,保险,上海,20071225,601601.SH,20130305,18.69,18.96,18.48,18.92,18.59,0.33,1.78,375491.39,701441.565,0.6048,1.1662,1.24,20.6247,38.7027,1.91,1.0856,1.0229,1.8499,1.8499,906200.0,620828.7273,321988.9542,17145304.0,11746079.5205,20.45,16.73,1.079
601601,中国太保,保险,上海,20071225,601601.SH,20130304,19.45,19.45,18.28,18.59,19.69,-1.1,-5.59,506368.14,946128.031,0.8156,1.5726,2.12,20.265,38.0277,1.8767,1.0667,1.005,1.8827,1.8827,906200.0,620828.7273,321988.9542,16846258.0,11541206.0405,21.66,17.72,1.079
601601,中国太保,保险,上海,20071225,601601.SH,20130301,20.1,20.18,19.4,19.69,20.22,-0.53,-2.62,280545.27,553180.194,0.4519,0.8713,1.23,21.4641,40.2778,1.9877,1.1298,1.0645,1.7776,1.7776,906200.0,620828.7273,321988.9542,17843078.0,12224117.6405,22.24,18.2,1.079
601601,中国太保,保险,上海,20071225,601601.SH,20130228,19.8,20.28,19.59,20.22,19.6,0.62,3.16,265283.16,529766.795,0.4273,0.8239,1.09,22.0418,41.362,2.0412,1.1602,1.0931,1.731,1.731,906200.0,620828.7273,321988.9542,18323364.0,12553156.866,21.56,17.64,1.079
601601,中国太保,保险,上海,20071225,601601.SH,20130227,19.47,19.74,19.37,19.6,19.39,0.21,1.08,210613.53,411956.026,0.3392,0.6541,0.91,21.366,40.0937,1.9786,1.1246,1.0596,1.7857,1.7857,906200.0,620828.7273,321988.9542,17761520.0,12168243.0551,21.33,17.45,1.079
601601,中国太保,保险,上海,20071225,601601.SH,20130226,19.71,20.14,19.3,19.39,19.9,-0.51,-2.56,257150.28,507333.993,0.4142,0.7986,1.08,21.137,39.6641,1.9574,1.1126,1.0483,1.8051,1.8051,906200.0,620828.7273,321988.9542,17571218.0,12037869.0223,21.89,17.91,1.079
601601,中国太保,保险,上海,20071225,601601.SH,20130225,19.89,20.18,19.65,19.9,19.9,0.0,0.0,183095.97,363097.306,0.2949,0.5686,0.67,21.693,40.7074,2.0089,1.1418,1.0758,1.7588,1.7588,906200.0,620828.7273,321988.9542,18033380.0,12354491.6733,21.89,17.91,1.079
601601,中国太保,保险,上海,20071225,601601.SH,20130222,20.28,20.28,19.85,19.9,20.19,-0.29,-1.44,224439.04,448657.0,0.3615,0.697,0.81,21.693,40.7074,2.0089,1.1418,1.0758,1.7588,1.7588,906200.0,620828.7273,321988.9542,18033380.0,12354491.6733,22.21,18.17,1.079
601601,中国太保,保险,上海,20071225,601601.SH,20130221,20.7,20.85,19.98,20.19,20.99,-0.8,-3.81,341043.71,693765.216,0.5493,1.0592,1.33,22.0091,41.3006,2.0382,1.1585,1.0915,1.7335,1.7335,906200.0,620828.7273,321988.9542,18296178.0,12534532.0042,23.09,18.89,1.079
601601,中国太保,保险,上海,20071225,601601.SH,20130220,20.93,21.05,20.68,20.99,20.9,0.09,0.43,154610.8,322712.733,0.249,0.4802,0.53,22.8812,42.9371,2.119,1.2044,1.1348,1.6675,1.6675,906200.0,620828.7273,321988.9542,19021138.0,13031194.986,22.99,18.81,1.079
601601,中国太保,保险,上海,20071225,601601.SH,20130219,21.21,21.37,20.72,20.9,21.2,-0.3,-1.42,290936.86,608902.97,0.4686,0.9036,0.9,22.7831,42.753,2.1099,1.1992,1.1299,1.6746,1.6746,906200.0,620828.7273,321988.9542,18939580.0,12975320.4006,23.32,19.08,1.079
601601,中国太保,保险,上海,20071225,601601.SH,20130218,22.29,22.37,21.16,21.2,22.19,-0.99,-4.46,361196.47,778185.419,0.5818,1.1218,1.0,23.1101,43.3667,2.1402,1.2164,1.1461,1.6509,1.6509,906200.0,620828.7273,321988.9542,19211440.0,13161569.0188,24.41,19.97,1.079
601601,中国太保,保险,上海,20071225,601601.SH,20130208,22.32,22.64,22.01,22.19,22.35,-0.16,-0.72,241871.4,540163.088,0.3896,0.7512,0.53,24.1893,45.3918,2.2401,1.2732,1.1996,1.5773,1.5773,906200.0,620828.7273,321988.9542,20108578.0,13776189.4588,24.59,20.12,1.079
601601,中国太保,保险,上海,20071225,601601.SH,20130207,22.4,22.5,22.0,22.35,22.33,0.02,0.09,236434.06,525958.288,0.3808,0.7343,0.49,24.3637,45.7191,2.2563,1.2824,1.2083,1.566,1.566,906200.0,620828.7273,321988.9542,20253570.0,13875522.0552,24.56,20.1,1.079
601601,中国太保,保险,上海,20071225,601601.SH,20130206,22.16,22.99,22.1,22.33,22.14,0.19,0.86,327016.43,740070.629,0.5267,1.0156,0.62,24.3419,45.6782,2.2542,1.2813,1.2072,1.5674,1.5674,906200.0,620828.7273,321988.9542,20235446.0,13863105.4806,24.35,19.93,1.079
601601,中国太保,保险,上海,20071225,601601.SH,20130205,22.49,22.68,21.7,22.14,22.68,-0.54,-2.38,448415.39,989578.131,0.7223,1.3926,0.8,24.1348,45.2895,2.2351,1.2704,1.1969,1.5808,1.5808,906200.0,620828.7273,321988.9542,20063268.0,13745148.0224,24.95,20.41,1.079
601601,中国太保,保险,上海,20071225,601601.SH,20130204,23.16,23.88,22.61,22.68,22.98,-0.3,-1.31,545688.88,1264635.168,0.879,1.6947,0.93,24.7235,46.3942,2.2896,1.3013,1.2261,1.5432,1.5432,906200.0,620828.7273,321988.9542,20552616.0,14080395.5352,25.28,20.68,1.079
601601,中国太保,保险,上海,20071225,601601.SH,20130201,21.42,23.1,21.28,22.98,21.65,1.33,6.14,717483.84,1592018.507,1.1557,2.2283,1.41,25.0505,47.0078,2.3199,1.3186,1.2423,1.5231,1.5231,906200.0,620828.7273,321988.9542,20824476.0,14266644.1534,23.82,19.49,1.079
601601,中国太保,保险,上海,20071225,601601.SH,20130131,21.59,21.74,21.1,21.65,21.52,0.13,0.6,377883.46,810987.871,0.6087,1.1736,0.76,23.6007,44.2872,2.1856,1.2422,1.1704,1.6166,1.6166,906200.0,620828.7273,321988.9542,19619230.0,13440941.946,23.67,19.37,1.079
601601,中国太保,保险,上海,20071225,601601.SH,20130130,21.35,21.94,21.2,21.52,21.28,0.24,1.13,553552.88,1192930.926,0.8916,1.7192,1.31,23.4589,44.0213,2.1725,1.2348,1.1634,1.6264,1.6264,906200.0,620828.7273,321988.9542,19501424.0,13360234.2115,23.41,19.15,1.079
601601,中国太保,保险,上海,20071225,601601.SH,20130129,21.43,21.6,20.81,21.28,21.46,-0.18,-0.84,617216.27,1307436.316,0.9942,1.9169,1.68,23.1973,43.5303,2.1482,1.221,1.1504,1.6447,1.6447,906200.0,620828.7273,321988.9542,19283936.0,13211235.3169,23.61,19.31,1.079
601601,中国太保,保险,上海,20071225,601601.SH,20130128,21.25,21.5,20.85,21.46,21.3,0.16,0.75,682352.46,1437030.468,1.0991,2.1192,2.29,23.3935,43.8985,2.1664,1.2313,1.1602,1.6309,1.6309,906200.0,620828.7273,321988.9542,19447052.0,13322984.4879,23.43,19.17,1.079
601601,中国太保,保险,上海,20071225,601601.SH,20130125,21.89,22.0,20.88,21.3,21.84,-0.54,-2.47,307462.47,659537.282,0.4952,0.9549,1.07,23.2191,43.5712,2.1503,1.2222,1.1515,1.6432,1.6432,906200.0,620828.7273,321988.9542,19302060.0,13223651.8915,24.02,19.66,1.079
601601,中国太保,保险,上海,20071225,601601.SH,20130124,21.69,22.36,21.45,21.84,21.68,0.16,0.74,323556.09,708349.782,0.5212,1.0049,1.26,23.8078,44.6759,2.2048,1.2531,1.1807,1.6026,1.6026,906200.0,620828.7273,321988.9542,19791408.0,13558899.4042,23.85,19.51,1.079
601601,中国太保,保险,上海,20071225,601601.SH,20130123,21.43,21.72,21.33,21.68,21.61,0.07,0.32,184200.03,396219.905,0.2967,0.5721,0.68,23.6334,44.3486,2.1886,1.244,1.1721,1.6144,1.6144,906200.0,620828.7273,321988.9542,19646416.0,13459566.8079,23.77,19.45,1.079
601601,中国太保,保险,上海,20071225,601601.SH,20130122,21.46,22.0,21.3,21.61,21.52,0.09,0.42,334009.26,722418.292,0.538,1.0373,1.32,23.5571,44.2054,2.1816,1.2399,1.1683,1.6196,1.6196,906200.0,620828.7273,321988.9542,19582982.0,13416108.797,23.67,19.37,1.079
601601,中国太保,保险,上海,20071225,601601.SH,20130121,22.1,22.1,21.21,21.52,22.08,-0.56,-2.54,343268.07,739119.288,0.5529,1.0661,1.46,23.4589,44.0213,2.1725,1.2348,1.1634,1.6264,1.6264,906200.0,620828.7273,321988.9542,19501424.0,13360234.2115,24.29,19.87,1.079
601601,中国太保,保险,上海,20071225,601601.SH,20130118,22.04,22.25,21.41,22.08,21.79,0.29,1.33,254212.08,557058.078,0.4095,0.7895,1.18,24.0694,45.1668,2.229,1.2669,1.1937,1.5851,1.5851,906200.0,620828.7273,321988.9542,20008896.0,13707898.2988,23.97,19.61,1.079
601601,中国太保,保险,上海,20071225,601601.SH,20130117,22.33,22.46,21.57,21.79,22.47,-0.68,-3.03,169754.8,370616.674,0.2734,0.5272,0.78,23.7533,44.5736,2.1997,1.2503,1.178,1.6062,1.6062,906200.0,620828.7273,321988.9542,19746098.0,13527857.9679,24.72,20.22,1.079
601601,中国太保,保险,上海,20071225,601601.SH,20130116,22.95,23.12,21.45,22.47,23.0,-0.53,-2.3,258263.36,579210.64,0.416,0.8021,1.24,24.4945,45.9646,2.2684,1.2893,1.2148,1.5576,1.5576,906200.0,620828.7273,321988.9542,20362314.0,13950021.5024,25.3,20.7,1.079
601601,中国太保,保险,上海,20071225,601601.SH,20130115,22.6,23.15,22.5,23.0,22.61,0.39,1.72,237498.93,545589.475,0.3826,0.7376,1.14,25.0723,47.0488,2.3219,1.3197,1.2434,1.5217,1.5217,906200.0,620828.7273,321988.9542,20842600.0,14279060.7279,24.87,20.35,1.079
601601,中国太保,保险,上海,20071225,601601.SH,20130114,21.66,22.8,21.58,22.61,21.69,0.92,4.24,256398.79,570370.074,0.413,0.7963,1.38,24.6472,46.251,2.2825,1.2973,1.2223,1.548,1.548,906200.0,620828.7273,321988.9542,20489182.0,14036937.5243,23.86,19.52,1.079
601601,中国太保,保险,上海,20071225,601601.SH,20130111,21.72,22.04,21.4,21.69,21.73,-0.04,-0.18,154971.39,337139.988,0.2496,0.4813,0.62,23.6443,44.369,2.1896,1.2445,1.1726,1.6136,1.6136,906200.0,620828.7273,321988.9542,19655478.0,13465775.0951,23.9,19.56,1.079
601601,中国太保,保险,上海,20071225,601601.SH,20130110,21.95,22.17,21.46,21.73,21.89,-0.16,-0.73,185389.48,405311.552,0.2986,0.5758,0.64,23.6879,44.4508,2.1937,1.2468,1.1748,1.6107,1.6107,906200.0,620828.7273,321988.9542,19691726.0,13490608.2442,24.08,19.7,1.079
601601,中国太保,保险,上海,20071225,601601.SH,20130109,21.89,22.1,21.6,21.89,21.9,-0.01,-0.05,205719.15,448825.48,0.3314,0.6389,0.74,23.8623,44.7781,2.2098,1.256,1.1834,1.5989,1.5989,906200.0,620828.7273,321988.9542,19836718.0,13589940.8406,24.09,19.71,1.079
601601,中国太保,保险,上海,20071225,601601.SH,20130108,22.57,22.65,21.73,21.9,22.56,-0.66,-2.93,239880.57,527774.57,0.3864,0.745,0.93,23.8732,44.7986,2.2108,1.2566,1.184,1.5982,1.5982,906200.0,620828.7273,321988.9542,19845780.0,13596149.1279,24.82,20.3,1.079
601601,中国太保,保险,上海,20071225,601601.SH,20130107,22.8,23.0,22.37,22.56,22.96,-0.4,-1.74,144542.16,327524.034,0.2328,0.4489,0.57,24.5927,46.1487,2.2775,1.2945,1.2196,1.5514,1.5514,906200.0,620828.7273,321988.9542,20443872.0,14005896.0879,25.26,20.66,1.079
601601,中国太保,保险,上海,20071225,601601.SH,20130104,23.5,23.87,22.45,22.96,22.5,0.46,2.04,469969.6,1085414.482,0.757,1.4596,2.26,25.0287,46.9669,2.3178,1.3174,1.2413,1.5244,1.5244,906200.0,620828.7273,321988.9542,20806352.0,14254227.5788,24.75,20.25,1.079
601601,中国太保,保险,上海,20071225,601601.SH,20121231,21.39,22.75,21.39,22.5,21.27,1.23,5.78,393464.19,873438.386,0.6338,1.222,2.23,24.5272,46.026,2.2714,1.291,1.2164,1.5556,1.5556,906200.0,620828.7273,321988.9542,20389500.0,13968646.3643,23.4,19.14,1.079
601601,中国太保,保险,上海,20071225,601601.SH,20121228,21.06,21.6,21.0,21.27,21.18,0.09,0.42,143036.62,305447.159,0.2304,0.4442,0.79,23.1864,43.5099,2.1472,1.2204,1.1499,1.6455,1.6455,906200.0,620828.7273,321988.9542,19274874.0,13205027.0297,23.3,19.06,1.079
601601,中国太保,保险,上海,20071225,601601.SH,20121227,21.55,21.79,20.98,21.18,21.37,-0.19,-0.89,132322.27,280093.726,0.2131,0.411,0.69,23.0883,43.3258,2.1381,1.2153,1.145,1.6525,1.6525,906200.0,620828.7273,321988.9542,19193316.0,13149152.4442,23.51,19.23,1.079
601601,中国太保,保险,上海,20071225,601601.SH,20121226,21.3,21.6,21.16,21.37,21.39,-0.02,-0.09,122951.93,263205.547,0.198,0.3819,0.61,23.2954,43.7144,2.1573,1.2262,1.1553,1.6378,1.6378,906200.0,620828.7273,321988.9542,19365494.0,13267109.9024,23.53,19.25,1.079
601601,中国太保,保险,上海,20071225,601601.SH,20121225,20.83,21.75,20.6,21.39,20.94,0.45,2.15,249118.98,531899.583,0.4013,0.7737,1.24,23.3172,43.7553,2.1593,1.2273,1.1564,1.6363,1.6363,906200.0,620828.7273,321988.9542,19383618.0,13279526.4769,23.03,18.85,1.079
601601,中国太保,保险,上海,20071225,601601.SH,20121224,20.48,21.03,20.27,20.94,20.46,0.48,2.35,233011.52,483300.031,0.3753,0.7237,1.15,22.8267,42.8348,2.1139,1.2015,1.1321,1.6714,1.6714,906200.0,620828.7273,321988.9542,18975828.0,13000153.5497,22.51,18.41,1.079
601601,中国太保,保险,上海,20071225,601601.SH,20121221,20.33,20.84,20.23,20.46,20.41,0.05,0.25,166094.7,340302.285,0.2675,0.5158,0.66,22.3034,41.8529,2.0655,1.174,1.1061,1.7107,1.7107,906200.0,620828.7273,321988.9542,18540852.0,12702155.7606,22.45,18.37,1.079
601601,中国太保,保险,上海,20071225,601601.SH,20121220,20.19,20.5,20.02,20.41,20.24,0.17,0.84,182971.83,371431.285,0.2947,0.5683,0.76,22.2489,41.7507,2.0604,1.1711,1.1034,1.7148,1.7148,906200.0,620828.7273,321988.9542,18495542.0,12671114.3242,22.26,18.22,1.079
601601,中国太保,保险,上海,20071225,601601.SH,20121219,20.37,20.74,20.17,20.24,20.46,-0.22,-1.08,171754.05,350439.115,0.2767,0.5334,0.74,22.0636,41.4029,2.0433,1.1613,1.0942,1.7292,1.7292,906200.0,620828.7273,321988.9542,18341488.0,12565573.4406,22.51,18.41,1.079
601601,中国太保,保险,上海,20071225,601601.SH,20121218,20.29,20.95,19.95,20.46,20.27,0.19,0.94,251314.16,514463.101,0.4048,0.7805,1.2,22.3034,41.8529,2.0655,1.174,1.1061,1.7107,1.7107,906200.0,620828.7273,321988.9542,18540852.0,12702155.7606,22.3,18.24,1.079
601601,中国太保,保险,上海,20071225,601601.SH,20121217,20.25,20.5,20.05,20.27,20.29,-0.02,-0.1,238541.42,483781.846,0.3842,0.7408,1.09,22.0963,41.4643,2.0463,1.1631,1.0958,1.7267,1.7267,906200.0,620828.7273,321988.9542,18368674.0,12584198.3024,22.32,18.26,1.079
601601,中国太保,保险,上海,20071225,601601.SH,20121214,18.75,20.6,18.7,20.29,18.82,1.47,7.81,405232.88,801632.548,0.6527,1.2585,2.35,22.1181,41.5052,2.0483,1.1642,1.0969,1.725,1.725,906200.0,620828.7273,321988.9542,18386798.0,12596614.8769,20.7,16.94,1.079
601601,中国太保,保险,上海,20071225,601601.SH,20121213,18.79,18.85,18.53,18.82,18.9,-0.08,-0.42,144458.36,269243.468,0.2327,0.4486,0.84,20.5157,38.4982,1.8999,1.0799,1.0174,1.8597,1.8597,906200.0,620828.7273,321988.9542,17054684.0,11683996.6478,20.79,17.01,1.079
601601,中国太保,保险,上海,20071225,601601.SH,20121212,18.8,18.98,18.65,18.9,18.91,-0.01,-0.05,125552.31,236050.316,0.2022,0.3899,0.52,20.6029,38.6618,1.908,1.0845,1.0218,1.8519,1.8519,906200.0,620828.7273,321988.9542,17127180.0,11733662.946,20.8,17.02,1.079
601601,中国太保,保险,上海,20071225,601601.SH,20121211,19.15,19.18,18.74,18.91,19.26,-0.35,-1.82,135660.2,257059.153,0.2185,0.4213,0.54,20.6138,38.6823,1.909,1.085,1.0223,1.8509,1.8509,906200.0,620828.7273,321988.9542,17136242.0,11739871.2332,21.19,17.33,1.079
601601,中国太保,保险,上海,20071225,601601.SH,20121210,18.99,19.46,18.99,19.26,18.88,0.38,2.01,279776.17,541617.989,0.4506,0.8689,1.13,20.9953,39.3982,1.9443,1.1051,1.0412,1.8172,1.8172,906200.0,620828.7273,321988.9542,17453412.0,11957161.2878,20.77,16.99,1.079
601601,中国太保,保险,上海,20071225,601601.SH,20121207,18.6,18.97,18.54,18.88,18.6,0.28,1.51,175729.0,330018.051,0.2831,0.5458,0.73,20.5811,38.6209,1.906,1.0833,1.0207,1.8538,1.8538,906200.0,620828.7273,321988.9542,17109056.0,11721246.3714,20.46,16.74,1.079
601601,中国太保,保险,上海,20071225,601601.SH,20121206,18.6,18.8,18.5,18.6,18.6,0.0,0.0,143113.13,266677.567,0.2305,0.4445,0.61,20.2759,38.0481,1.8777,1.0672,1.0056,1.8817,1.8817,906200.0,620828.7273,321988.9542,16855320.0,11547414.3278,20.46,16.74,1.079
601601,中国太保,保险,上海,20071225,601601.SH,20121205,17.65,18.74,17.58,18.6,17.61,0.99,5.62,465803.11,860504.503,0.7503,1.4466,2.9,20.2759,38.0481,1.8777,1.0672,1.0056,1.8817,1.8817,906200.0,620828.7273,321988.9542,16855320.0,11547414.3278,19.37,15.85,1.079
601601,中国太保,保险,上海,20071225,601601.SH,20121204,17.39,17.67,17.32,17.61,17.29,0.32,1.85,202906.79,355664.501,0.3268,0.6302,1.46,19.1967,36.023,1.7778,1.0104,0.952,1.9875,1.9875,906200.0,620828.7273,321988.9542,15958182.0,10932793.8878,19.02,15.56,1.079
601601,中国太保,保险,上海,20071225,601601.SH,20121203,16.75,17.8,16.73,17.29,16.8,0.49,2.92,250666.52,437884.729,0.4038,0.7785,2.41,18.8478,35.3684,1.7454,0.9921,0.9347,2.0243,2.0243,906200.0,620828.7273,321988.9542,15668198.0,10734128.695,18.48,15.12,1.079
601601,中国太保,保险,上海,20071225,601601.SH,20121130,16.48,16.97,16.47,16.8,16.56,0.24,1.45,139926.37,234867.872,0.2254,0.4346,1.21,18.3137,34.366,1.696,0.964,0.9082,2.0833,2.0833,906200.0,620828.7273,321988.9542,15224160.0,10429922.6186,18.22,14.9,1.079
601601,中国太保,保险,上海,20071225,601601.SH,20121129,16.89,16.91,16.5,16.56,16.83,-0.27,-1.6,108655.6,181308.363,0.175,0.3375,0.99,18.0521,33.8751,1.6718,0.9502,0.8953,2.1135,2.1135,906200.0,620828.7273,321988.9542,15006672.0,10280923.7241,18.51,15.15,1.079
601601,中国太保,保险,上海,20071225,601601.SH,20121128,16.7,16.88,16.53,16.83,16.78,0.05,0.3,100985.58,168712.824,0.1627,0.3136,0.88,18.3464,34.4274,1.699,0.9657,0.9099,2.0796,2.0796,906200.0,620828.7273,321988.9542,15251346.0,10448547.4805,18.46,15.1,1.079
601601,中国太保,保险,上海,20071225,601601.SH,20121127,17.25,17.25,16.69,16.78,17.11,-0.33,-1.93,93999.41,159522.719,0.1514,0.2919,0.75,18.2919,34.3251,1.694,0.9628,0.9072,2.0858,2.0858,906200.0,620828.7273,321988.9542,15206036.0,10417506.0441,18.82,15.4,1.079
601601,中国太保,保险,上海,20071225,601601.SH,20121126,17.04,17.26,16.95,17.11,17.14,-0.03,-0.18,76514.12,130930.587,0.1232,0.2376,0.51,18.6516,35.0002,1.7273,0.9817,0.925,2.0456,2.0456,906200.0,620828.7273,321988.9542,15505082.0,10622379.5241,18.85,15.43,1.079
601601,中国太保,保险,上海,20071225,601601.SH,20121123,16.78,17.25,16.67,17.14,16.69,0.45,2.7,199415.25,339752.951,0.3212,0.6193,1.32,18.6843,35.0616,1.7303,0.9835,0.9266,2.042,2.042,906200.0,620828.7273,321988.9542,15532268.0,10641004.3859,18.36,15.02,1.079
601601,中国太保,保险,上海,20071225,601601.SH,20121122,16.66,16.76,16.54,16.69,16.79,-0.1,-0.6,79688.81,132487.938,0.1284,0.2475,0.51,18.1938,34.141,1.6849,0.9576,0.9023,2.0971,2.0971,906200.0,620828.7273,321988.9542,15124478.0,10361631.4586,18.47,15.11,1.079
601601,中国太保,保险,上海,20071225,601601.SH,20121121,16.49,16.82,16.35,16.79,16.48,0.31,1.88,121575.96,202111.484,0.1958,0.3776,0.78,18.3028,34.3456,1.695,0.9634,0.9077,2.0846,2.0846,906200.0,620828.7273,321988.9542,15215098.0,10423714.3314,18.13,14.83,1.079
601601,中国太保,保险,上海,20071225,601601.SH,20121120,16.74,16.76,16.28,16.48,16.66,-0.18,-1.08,149860.25,247581.547,0.2414,0.4654,0.95,17.9648,33.7115,1.6637,0.9456,0.8909,2.1238,2.1238,906200.0,620828.7273,321988.9542,14934176.0,10231257.4259,18.33,14.99,1.079
601601,中国太保,保险,上海,20071225,601601.SH,20121119,16.72,16.74,16.15,16.66,16.7,-0.04,-0.24,198998.89,328214.946,0.3205,0.618,1.43,18.1611,34.0797,1.6818,0.9559,0.9007,2.1008,2.1008,906200.0,620828.7273,321988.9542,15097292.0,10343006.5968,18.37,15.03,1.079
601601,中国太保,保险,上海,20071225,601601.SH,20121116,17.28,17.28,16.49,16.7,17.28,-0.58,-3.36,203640.58,341954.51,0.328,0.6324,1.81,18.2047,34.1615,1.6859,0.9582,0.9028,2.0958,2.0958,906200.0,620828.7273,321988.9542,15133540.0,10367839.7459,19.01,15.55,1.079
601601,中国太保,保险,上海,20071225,601601.SH,20121115,17.31,17.49,17.16,17.28,17.44,-0.16,-0.92,113997.03,197807.962,0.1836,0.354,1.06,18.8369,35.3479,1.7444,0.9915,0.9342,2.0255,2.0255,906200.0,620828.7273,321988.9542,15659136.0,10727920.4077,19.18,15.7,1.079
601601,中国太保,保险,上海,20071225,601601.SH,20121114,17.48,17.54,17.28,17.44,17.49,-0.05,-0.29,109946.6,191002.058,0.1771,0.3415,1.09,18.0421,33.8564,1.8424,0.9497,0.8948,2.0069,2.0069,860000.0,620828.7273,321988.9542,14998400.0,10827253.0041,19.24,15.74,1.079
601601,中国太保,保险,上海,20071225,601601.SH,20121113,18.02,18.02,17.35,17.49,18.01,-0.52,-2.89,165150.22,290063.476,0.266,0.5129,1.89,18.0938,33.9535,1.8477,0.9524,0.8973,2.0011,2.0011,860000.0,620828.7273,321988.9542,15041400.0,10858294.4405,19.81,16.21,1.079
601601,中国太保,保险,上海,20071225,601601.SH,20121112,17.9,18.1,17.78,18.01,17.92,0.09,0.5,104460.98,187266.37,0.1683,0.3244,1.18,18.6318,34.963,1.9026,0.9807,0.924,1.9434,1.9434,860000.0,620828.7273,321988.9542,15488600.0,11181125.3787,19.71,16.13,1.079
601601,中国太保,保险,上海,20071225,601601.SH,20121109,17.95,18.04,17.82,17.92,17.93,-0.01,-0.06,67926.18,121664.867,0.1094,0.211,0.68,18.5387,34.7883,1.8931,0.9758,0.9194,1.9531,1.9531,860000.0,620828.7273,321988.9542,15411200.0,11125250.7932,19.72,16.14,1.079
601601,中国太保,保险,上海,20071225,601601.SH,20121108,18.01,18.22,17.9,17.93,18.22,-0.29,-1.59,90208.13,162840.655,0.1453,0.2802,0.68,18.549,34.8077,1.8942,0.9763,0.9199,1.952,1.952,860000.0,620828.7273,321988.9542,15419800.0,11131459.0805,20.04,16.4,1.079
601601,中国太保,保险,上海,20071225,601601.SH,20121107,18.36,18.45,18.08,18.22,18.38,-0.16,-0.87,77980.77,142074.858,0.1256,0.2422,0.5,18.849,35.3707,1.9248,0.9921,0.9348,1.921,1.921,860000.0,620828.7273,321988.9542,15669200.0,11311499.4114,20.22,16.54,1.079
601601,中国太保,保险,上海,20071225,601601.SH,20121106,18.6,18.6,18.0,18.38,18.54,-0.16,-0.86,96635.72,176453.458,0.1557,0.3001,0.62,19.0146,35.6813,1.9417,1.0008,0.943,1.9042,1.9042,860000.0,620828.7273,321988.9542,15806800.0,11410832.0078,20.39,16.69,1.079
601601,中国太保,保险,上海,20071225,601601.SH,20121105,18.7,18.85,18.47,18.54,18.7,-0.16,-0.86,110729.48,205610.9,0.1784,0.3439,0.66,19.1801,35.9919,1.9586,1.0096,0.9512,1.8878,1.8878,860000.0,620828.7273,321988.9542,15944400.0,11510164.6041,20.57,16.83,1.079
601601,中国太保,保险,上海,20071225,601601.SH,20121102,18.72,18.83,18.42,18.7,18.63,0.07,0.38,125865.16,234906.913,0.2027,0.3909,0.72,19.3456,36.3025,1.9755,1.0183,0.9594,1.8717,1.8717,860000.0,620828.7273,321988.9542,16082000.0,11609497.2005,20.49,16.77,1.079
601601,中国太保,保险,上海,20071225,601601.SH,20121101,17.95,18.82,17.88,18.63,17.93,0.7,3.9,253511.72,467994.29,0.4083,0.7873,1.86,19.2732,36.1666,1.9681,1.0145,0.9558,1.8787,1.8787,860000.0,620828.7273,321988.9542,16021800.0,11566039.1896,19.72,16.14,1.079
601601,中国太保,保险,上海,20071225,601601.SH,20121031,18.21,18.33,17.77,17.93,18.21,-0.28,-1.54,189024.33,339206.445,0.3045,0.5871,1.62,18.549,34.8077,1.8942,0.9763,0.9199,1.952,1.952,860000.0,620828.7273,321988.9542,15419800.0,11131459.0805,20.03,16.39,1.079
601601,中国太保,保险,上海,20071225,601601.SH,20121030,18.25,18.45,18.16,18.21,18.25,-0.04,-0.22,95621.29,174478.8,0.154,0.297,0.74,18.8387,35.3512,1.9237,0.9916,0.9343,1.922,1.922,860000.0,620828.7273,321988.9542,15660600.0,11305291.1241,20.08,16.43,1.079
601601,中国太保,保险,上海,20071225,601601.SH,20121029,18.74,18.86,18.03,18.25,18.86,-0.61,-3.23,176721.78,325605.657,0.2847,0.5488,1.4,18.8801,35.4289,1.928,0.9938,0.9363,1.9178,1.9178,860000.0,620828.7273,321988.9542,15695000.0,11330124.2732,20.75,16.97,1.079
601601,中国太保,保险,上海,20071225,601601.SH,20121026,19.12,19.16,18.7,18.86,19.12,-0.26,-1.36,154758.65,291333.046,0.2493,0.4806,1.34,19.5111,31.5864,1.9841,1.027,0.9951,1.8558,1.8558,860000.0,620828.7273,321988.9542,16219600.0,11708829.7969,21.03,17.21,1.079
601601,中国太保,保险,上海,20071225,601601.SH,20121025,19.2,19.27,19.08,19.12,19.22,-0.1,-0.52,65571.96,125645.621,0.1056,0.2036,0.41,19.7801,32.0218,2.0114,1.0411,1.0088,1.8305,1.8305,860000.0,620828.7273,321988.9542,16443200.0,11870245.266,21.14,17.3,1.079
601601,中国太保,保险,上海,20071225,601601.SH,20121024,19.05,19.29,18.99,19.22,19.11,0.11,0.58,91391.16,174682.589,0.1472,0.2838,0.43,19.8836,32.1893,2.022,1.0466,1.0141,1.821,1.821,860000.0,620828.7273,321988.9542,16529200.0,11932328.1387,21.02,17.2,1.079
601601,中国太保,保险,上海,20071225,601601.SH,20121023,19.26,19.48,19.07,19.11,19.26,-0.15,-0.78,156164.34,300400.42,0.2515,0.485,0.73,19.7698,32.0051,2.0104,1.0406,1.0083,1.8315,1.8315,860000.0,620828.7273,321988.9542,16434600.0,11864036.9787,21.19,17.33,1.079
601601,中国太保,保险,上海,20071225,601601.SH,20121022,19.24,19.39,19.0,19.26,19.37,-0.11,-0.57,162297.8,311633.957,0.2614,0.504,0.83,19.9249,32.2563,2.0262,1.0488,1.0162,1.8172,1.8172,860000.0,620828.7273,321988.9542,16563600.0,11957161.2878,21.31,17.43,1.079
601601,中国太保,保险,上海,20071225,601601.SH,20121019,19.22,19.41,19.19,19.37,19.22,0.15,0.78,102342.63,197938.454,0.1648,0.3178,0.53,20.0387,32.4405,2.0378,1.0548,1.022,1.8069,1.8069,860000.0,620828.7273,321988.9542,16658200.0,12025452.4478,21.14,17.3,1.079
601601,中国太保,保险,上海,20071225,601601.SH,20121018,19.09,19.29,18.87,19.22,19.02,0.2,1.05,295544.47,564454.711,0.476,0.9179,1.97,19.8836,32.1893,2.022,1.0466,1.0141,1.821,1.821,860000.0,620828.7273,321988.9542,16529200.0,11932328.1387,20.92,17.12,1.079
601601,中国太保,保险,上海,20071225,601601.SH,20121017,19.55,19.6,18.85,19.02,19.41,-0.39,-2.01,344480.75,656612.265,0.5549,1.0699,3.64,19.6767,31.8543,2.0009,1.0357,1.0036,1.8402,1.8402,860000.0,620828.7273,321988.9542,16357200.0,11808162.3932,21.35,17.47,1.079
601601,中国太保,保险,上海,20071225,601601.SH,20121016,20.15,20.17,19.37,19.41,20.09,-0.68,-3.38,157883.55,311454.069,0.2543,0.4903,1.69,20.0801,32.5075,2.042,1.0569,1.0241,1.8032,1.8032,860000.0,620828.7273,321988.9542,16692600.0,12050285.5969,22.1,18.08,1.079
601601,中国太保,保险,上海,20071225,601601.SH,20121015,20.05,20.22,19.98,20.09,19.97,0.12,0.6,72612.06,145855.568,0.117,0.2255,0.74,20.7836,33.6463,2.1135,1.094,1.06,1.7422,1.7422,860000.0,620828.7273,321988.9542,17277400.0,12472449.1315,21.97,17.97,1.079
601601,中国太保,保险,上海,20071225,601601.SH,20121012,20.16,20.3,19.85,19.97,20.02,-0.05,-0.25,88704.11,177581.181,0.1429,0.2755,0.74,20.6594,33.4454,2.1009,1.0874,1.0537,1.7526,1.7526,860000.0,620828.7273,321988.9542,17174200.0,12397949.6842,22.02,18.02,1.079
601601,中国太保,保险,上海,20071225,601601.SH,20121011,20.12,20.25,19.9,20.02,20.24,-0.22,-1.09,86355.86,173302.281,0.1391,0.2682,0.57,20.7112,33.5291,2.1061,1.0902,1.0563,1.7483,1.7483,860000.0,620828.7273,321988.9542,17217200.0,12428991.1205,22.26,18.22,1.079
601601,中国太保,保险,上海,20071225,601601.SH,20121010,20.35,20.36,20.07,20.24,20.38,-0.14,-0.69,67597.25,136391.325,0.1089,0.2099,0.45,20.9388,33.8976,2.1293,1.1021,1.0679,1.7292,1.7292,860000.0,620828.7273,321988.9542,17406400.0,12565573.4406,22.42,18.34,1.079
601601,中国太保,保险,上海,20071225,601601.SH,20121009,20.3,20.6,20.2,20.38,20.0,0.38,1.9,153017.21,312838.899,0.2465,0.4752,1.14,21.0836,34.132,2.144,1.1098,1.0753,1.7174,1.7174,860000.0,620828.7273,321988.9542,17526800.0,12652489.4624,22.0,18.0,1.079
601601,中国太保,保险,上海,20071225,601601.SH,20121008,20.2,20.58,19.99,20.0,20.23,-0.23,-1.14,94669.34,192296.149,0.1525,0.294,0.67,20.6905,33.4956,2.104,1.0891,1.0553,1.75,1.75,860000.0,620828.7273,321988.9542,17200000.0,12416574.546,22.25,18.21,1.079
601601,中国太保,保险,上海,20071225,601601.SH,20120928,19.8,20.41,19.8,20.23,20.01,0.22,1.1,197080.2,398676.056,0.3174,0.6121,1.66,20.9284,33.8808,2.1282,1.1016,1.0674,1.7301,1.7301,860000.0,620828.7273,321988.9542,17397800.0,12559365.1533,22.01,18.01,1.079
601601,中国太保,保险,上海,20071225,601601.SH,20120927,19.13,20.2,19.09,20.01,19.06,0.95,4.98,244279.23,484121.948,0.3935,0.7587,2.38,20.7008,33.5124,2.1051,1.0896,1.0558,1.7491,1.7491,860000.0,620828.7273,321988.9542,17208600.0,12422782.8333,20.97,17.15,1.079
601601,中国太保,保险,上海,20071225,601601.SH,20120926,19.36,19.5,18.99,19.06,19.38,-0.32,-1.65,66405.28,127563.572,0.107,0.2062,0.6,19.718,31.9213,2.0051,1.0379,1.0057,1.8363,1.8363,860000.0,620828.7273,321988.9542,16391600.0,11832995.5423,21.32,17.44,1.079
601601,中国太保,保险,上海,20071225,601601.SH,20120925,19.16,19.51,19.16,19.38,19.29,0.09,0.47,69661.67,134991.82,0.1122,0.2163,0.62,20.0491,32.4573,2.0388,1.0553,1.0226,1.806,1.806,860000.0,620828.7273,321988.9542,16666800.0,12031660.7351,21.22,17.36,1.079
601601,中国太保,保险,上海,20071225,601601.SH,20120924,18.74,19.36,18.64,19.29,18.79,0.5,2.66,127346.68,243117.998,0.2051,0.3955,1.13,19.956,32.3065,2.0293,1.0504,1.0178,1.8144,1.8144,860000.0,620828.7273,321988.9542,16589400.0,11975786.1496,20.67,16.91,1.079
601601,中国太保,保险,上海,20071225,601601.SH,20120921,18.8,18.95,18.68,18.79,18.8,-0.01,-0.05,87367.55,164469.476,0.1407,0.2713,0.65,19.4387,31.4691,1.9767,1.0232,0.9914,1.8627,1.8627,860000.0,620828.7273,321988.9542,16159400.0,11665371.786,20.68,16.92,1.079
601601,中国太保,保险,上海,20071225,601601.SH,20120920,19.2,19.2,18.71,18.8,19.2,-0.4,-2.08,163371.95,307943.213,0.2632,0.5074,1.35,19.4491,31.4859,1.9778,1.0237,0.992,1.8617,1.8617,860000.0,620828.7273,321988.9542,16168000.0,11671580.0732,21.12,17.28,1.079
601601,中国太保,保险,上海,20071225,601601.SH,20120919,19.41,19.53,19.1,19.2,19.41,-0.21,-1.08,102245.71,197004.238,0.1647,0.3175,0.78,19.8629,32.1558,2.0199,1.0455,1.0131,1.8229,1.8229,860000.0,620828.7273,321988.9542,16512000.0,11919911.5642,21.35,17.47,1.079
601601,中国太保,保险,上海,20071225,601601.SH,20120918,19.45,19.68,19.11,19.41,19.47,-0.06,-0.31,84127.45,163177.112,0.1355,0.2613,0.57,20.0801,32.5075,2.042,1.0569,1.0241,1.8032,1.8032,860000.0,620828.7273,321988.9542,16692600.0,12050285.5969,21.42,17.52,1.079
601601,中国太保,保险,上海,20071225,601601.SH,20120917,20.15,20.18,19.4,19.47,20.15,-0.68,-3.37,127166.09,250011.159,0.2048,0.3949,0.83,20.1422,32.608,2.0483,1.0602,1.0273,1.7976,1.7976,860000.0,620828.7273,321988.9542,16744200.0,12087535.3205,22.17,18.14,1.079
601601,中国太保,保险,上海,20071225,601601.SH,20120914,20.19,20.5,19.82,20.15,20.01,0.14,0.7,192462.9,387707.887,0.31,0.5977,1.06,20.8457,33.7468,2.1198,1.0972,1.0632,1.737,1.737,860000.0,620828.7273,321988.9542,17329000.0,12509698.8551,22.01,18.01,1.079
601601,中国太保,保险,上海,20071225,601601.SH,20120913,19.9,20.2,19.88,20.01,20.0,0.01,0.05,98942.66,198684.623,0.1594,0.3073,0.55,20.7008,33.5124,2.1051,1.0896,1.0558,1.7491,1.7491,860000.0,620828.7273,321988.9542,17208600.0,12422782.8333,22.0,18.0,1.079
601601,中国太保,保险,上海,20071225,601601.SH,20120912,20.18,20.31,19.75,20.0,19.95,0.05,0.25,154578.27,309486.671,0.249,0.4801,0.88,20.6905,33.4956,2.104,1.0891,1.0553,1.75,1.75,860000.0,620828.7273,321988.9542,17200000.0,12416574.546,21.95,17.96,1.079
601601,中国太保,保险,上海,20071225,601601.SH,20120911,20.5,20.5,19.8,19.95,20.5,-0.55,-2.68,167587.36,334869.917,0.2699,0.5205,1.04,20.6388,33.4119,2.0988,1.0863,1.0526,1.7544,1.7544,860000.0,620828.7273,321988.9542,17157000.0,12385533.1096,22.55,18.45,1.079
601601,中国太保,保险,上海,20071225,601601.SH,20120910,20.7,21.0,20.4,20.5,20.8,-0.3,-1.44,155315.42,321734.004,0.2502,0.4824,0.95,21.2077,34.333,2.1566,1.1163,1.0817,1.7073,1.7073,860000.0,620828.7273,321988.9542,17630000.0,12726988.9097,22.88,18.72,1.079
601601,中国太保,保险,上海,20071225,601601.SH,20120907,20.0,21.08,20.0,20.8,19.8,1.0,5.05,332099.59,682257.145,0.5349,1.0314,2.69,21.5181,34.8354,2.1882,1.1326,1.0975,1.6827,1.6827,860000.0,620828.7273,321988.9542,17888000.0,12913237.5278,21.78,17.82,1.079
601601,中国太保,保险,上海,20071225,601601.SH,20120906,19.6,20.05,19.5,19.8,19.56,0.24,1.23,90662.65,179746.931,0.146,0.2816,0.65,20.4836,33.1607,2.083,1.0782,1.0447,1.7677,1.7677,860000.0,620828.7273,321988.9542,17028000.0,12292408.8005,21.52,17.6,1.079
601601,中国太保,保险,上海,20071225,601601.SH,20120905,19.6,19.75,19.28,19.56,19.62,-0.06,-0.31,130695.34,254934.278,0.2105,0.4059,1.02,20.2353,32.7587,2.0577,1.0651,1.0321,1.7894,1.7894,860000.0,620828.7273,321988.9542,16821600.0,12143409.906,21.58,17.66,1.079
601601,中国太保,保险,上海,20071225,601601.SH,20120904,19.81,19.99,19.47,19.62,19.92,-0.3,-1.51,94292.83,186091.465,0.1519,0.2928,0.76,20.2974,32.8592,2.0641,1.0684,1.0352,1.7839,1.7839,860000.0,620828.7273,321988.9542,16873200.0,12180659.6296,21.91,17.93,1.079
601601,中国太保,保险,上海,20071225,601601.SH,20120903,19.59,20.12,19.42,19.92,19.56,0.36,1.84,170682.36,339666.107,0.2749,0.5301,1.45,20.6077,33.3616,2.0956,1.0847,1.0511,1.757,1.757,860000.0,620828.7273,321988.9542,17131200.0,12366908.2478,21.52,17.6,1.079
601601,中国太保,保险,上海,20071225,601601.SH,20120831,19.43,19.85,19.38,19.56,19.52,0.04,0.2,130637.59,257020.674,0.2104,0.4057,1.14,20.2353,32.7587,2.0577,1.0651,1.0321,1.7894,1.7894,860000.0,620828.7273,321988.9542,16821600.0,12143409.906,21.47,17.57,1.079
601601,中国太保,保险,上海,20071225,601601.SH,20120830,18.61,19.6,18.6,19.52,19.02,0.5,2.63,167151.82,323624.011,0.2692,0.5191,1.63,20.1939,32.6917,2.0535,1.0629,1.0299,1.793,1.793,860000.0,620828.7273,321988.9542,16787200.0,12118576.7569,20.92,17.12,1.079
601601,中国太保,保险,上海,20071225,601601.SH,20120829,19.0,19.31,18.94,19.02,19.06,-0.04,-0.21,78021.8,149378.642,0.1257,0.2423,0.73,19.6767,31.8543,2.0009,1.0357,1.0036,1.8402,1.8402,860000.0,620828.7273,321988.9542,16357200.0,11808162.3932,20.97,17.15,1.079
601601,中国太保,保险,上海,20071225,601601.SH,20120828,18.98,19.26,18.69,19.06,18.98,0.08,0.42,76618.42,145457.916,0.1234,0.238,0.65,19.718,31.9213,2.0051,1.0379,1.0057,1.8363,1.8363,860000.0,620828.7273,321988.9542,16391600.0,11832995.5423,20.88,17.08,1.079
601601,中国太保,保险,上海,20071225,601601.SH,20120827,19.39,19.46,18.75,18.98,19.42,-0.44,-2.27,137732.08,261649.826,0.2219,0.4278,1.09,19.6353,31.7873,1.9967,1.0335,1.0015,1.844,1.844,860000.0,620828.7273,321988.9542,16322800.0,11783329.2442,21.36,17.48,1.079
601601,中国太保,保险,上海,20071225,601601.SH,20120824,19.42,19.68,19.37,19.42,19.5,-0.08,-0.41,112617.22,219224.6,0.1814,0.3498,0.87,20.0905,32.5242,2.043,1.0575,1.0247,1.8023,1.8023,860000.0,620828.7273,321988.9542,16701200.0,12056493.8842,21.45,17.55,1.079
601601,中国太保,保险,上海,20071225,601601.SH,20120823,19.53,19.59,19.3,19.5,19.44,0.06,0.31,107949.01,210192.289,0.1739,0.3353,0.89,20.1732,32.6582,2.0514,1.0618,1.0289,1.7949,1.7949,860000.0,620828.7273,321988.9542,16770000.0,12106160.1824,21.38,17.5,1.079
601601,中国太保,保险,上海,20071225,601601.SH,20120822,19.43,19.56,19.28,19.44,19.45,-0.01,-0.05,96339.99,187020.572,0.1552,0.2992,0.81,20.1112,32.5577,2.0451,1.0586,1.0257,1.8004,1.8004,860000.0,620828.7273,321988.9542,16718400.0,12068910.4587,21.4,17.51,1.079
601601,中国太保,保险,上海,20071225,601601.SH,20120821,19.39,19.72,19.25,19.45,19.33,0.12,0.62,137310.91,267724.927,0.2212,0.4264,0.98,20.1215,32.5745,2.0462,1.0591,1.0263,1.7995,1.7995,860000.0,620828.7273,321988.9542,16727000.0,12075118.746,21.26,17.4,1.079
601601,中国太保,保险,上海,20071225,601601.SH,20120820,19.8,19.8,19.1,19.33,20.04,-0.71,-3.54,177257.45,344142.532,0.2855,0.5505,1.04,19.9974,32.3735,2.0335,1.0526,1.0199,1.8107,1.8107,860000.0,620828.7273,321988.9542,16623800.0,12000619.2987,22.04,18.04,1.079
601601,中国太保,保险,上海,20071225,601601.SH,20120817,20.29,20.31,19.96,20.04,20.31,-0.27,-1.33,126239.09,253436.099,0.2033,0.3422,0.75,20.7319,31.2444,2.216,1.0912,1.0787,1.7465,1.7465,860000.0,620828.7273,368871.7646,17234400.0,12441407.6951,22.34,18.28,1.079
601601,中国太保,保险,上海,20071225,601601.SH,20120816,20.14,20.34,20.04,20.31,20.14,0.17,0.84,70063.11,141667.884,0.1129,0.1899,0.4,21.0112,31.6653,2.2458,1.1059,1.0933,1.7233,1.7233,860000.0,620828.7273,368871.7646,17466600.0,12609031.4515,22.15,18.13,1.079
601601,中国太保,保险,上海,20071225,601601.SH,20120815,20.2,20.4,20.09,20.14,20.35,-0.21,-1.03,87298.98,176431.102,0.1406,0.2367,0.46,20.8353,31.4003,2.227,1.0967,1.0841,1.7378,1.7378,860000.0,620828.7273,368871.7646,17320400.0,12503490.5678,22.39,18.32,1.079
601601,中国太保,保险,上海,20071225,601601.SH,20120814,20.5,20.55,19.88,20.35,20.45,-0.1,-0.49,241489.04,485539.03,0.389,0.6547,1.36,21.0526,31.7277,2.2502,1.1081,1.0954,1.7199,1.7199,860000.0,620828.7273,368871.7646,17501000.0,12633864.6006,22.5,18.41,1.079
601601,中国太保,保险,上海,20071225,601601.SH,20120813,21.5,21.59,20.19,20.45,21.63,-1.18,-5.46,330258.87,686542.612,0.532,0.8953,2.42,21.156,31.8836,2.2613,1.1136,1.1008,1.7115,1.7115,860000.0,620828.7273,368871.7646,17587000.0,12695947.4733,23.79,19.47,1.079
601601,中国太保,保险,上海,20071225,601601.SH,20120810,21.45,21.85,21.4,21.63,21.45,0.18,0.84,114628.98,248313.876,0.1846,0.3108,0.85,22.3768,33.7234,2.3918,1.1778,1.1643,1.6181,1.6181,860000.0,620828.7273,368871.7646,18601800.0,13428525.3715,23.6,19.31,1.079
601601,中国太保,保险,上海,20071225,601601.SH,20120809,21.37,21.54,21.1,21.45,21.48,-0.03,-0.14,106574.09,227407.883,0.1717,0.2889,0.81,22.1905,33.4427,2.3719,1.168,1.1546,1.6317,1.6317,860000.0,620828.7273,368871.7646,18447000.0,13316776.2006,23.63,19.33,1.079
601601,中国太保,保险,上海,20071225,601601.SH,20120808,21.4,21.57,21.13,21.48,21.47,0.01,0.05,162243.64,347158.084,0.2613,0.4398,1.34,22.2216,33.4895,2.3752,1.1697,1.1562,1.6294,1.6294,860000.0,620828.7273,368871.7646,18472800.0,13335401.0624,23.62,19.32,1.079
601601,中国太保,保险,上海,20071225,601601.SH,20120807,21.85,21.98,21.24,21.47,21.97,-0.5,-2.28,177033.74,380888.846,0.2852,0.4799,1.46,22.2112,33.4739,2.3741,1.1691,1.1557,1.6302,1.6302,860000.0,620828.7273,368871.7646,18464200.0,13329192.7751,24.17,19.77,1.079
601601,中国太保,保险,上海,20071225,601601.SH,20120806,21.48,21.98,21.4,21.97,21.51,0.46,2.14,121168.75,263507.422,0.1952,0.3285,0.9,22.7285,34.2534,2.4294,1.1963,1.1826,1.5931,1.5931,860000.0,620828.7273,368871.7646,18894200.0,13639607.1388,23.66,19.36,1.079
601601,中国太保,保险,上海,20071225,601601.SH,20120803,21.9,21.98,21.34,21.51,21.86,-0.35,-1.6,110597.35,237342.739,0.1781,0.2998,0.7,22.2526,33.5363,2.3785,1.1713,1.1578,1.6272,1.6272,860000.0,620828.7273,368871.7646,18498600.0,13354025.9242,24.05,19.67,1.079
601601,中国太保,保险,上海,20071225,601601.SH,20120802,22.03,22.05,21.5,21.86,22.01,-0.15,-0.68,85879.47,186805.124,0.1383,0.2328,0.49,22.6147,34.0819,2.4172,1.1903,1.1767,1.6011,1.6011,860000.0,620828.7273,368871.7646,18799600.0,13571315.9788,24.21,19.81,1.079
601601,中国太保,保险,上海,20071225,601601.SH,20120801,21.72,22.2,21.72,22.01,21.69,0.32,1.48,108530.77,238789.848,0.1748,0.2942,0.63,22.7699,34.3158,2.4338,1.1985,1.1848,1.5902,1.5902,860000.0,620828.7273,368871.7646,18928600.0,13664440.2879,23.86,19.52,1.079
601601,中国太保,保险,上海,20071225,601601.SH,20120731,21.42,22.03,21.42,21.69,21.34,0.35,1.64,179427.45,391018.699,0.289,0.4864,1.04,22.4388,33.8169,2.3984,1.1811,1.1675,1.6136,1.6136,860000.0,620828.7273,368871.7646,18653400.0,13465775.0951,23.47,19.21,1.079
601601,中国太保,保险,上海,20071225,601601.SH,20120730,22.03,22.34,21.26,21.34,22.12,-0.78,-3.53,189945.33,410156.699,0.306,0.5149,1.18,22.0767,33.2712,2.3597,1.162,1.1487,1.6401,1.6401,860000.0,620828.7273,368871.7646,18352400.0,13248485.0406,24.33,19.91,1.079
601601,中国太保,保险,上海,20071225,601601.SH,20120727,22.9,22.98,21.95,22.12,22.89,-0.77,-3.36,227329.27,506810.002,0.3662,0.6163,1.56,22.8837,34.4873,2.446,1.2045,1.1907,1.5823,1.5823,860000.0,620828.7273,368871.7646,19023200.0,13732731.4479,25.18,20.6,1.079
601601,中国太保,保险,上海,20071225,601601.SH,20120726,22.71,23.14,22.48,22.89,22.68,0.21,0.93,166802.21,380848.869,0.2687,0.4522,0.92,23.6803,35.6878,2.5311,1.2464,1.2321,1.5291,1.5291,860000.0,620828.7273,368871.7646,19685400.0,14210769.5679,24.95,20.41,1.079
601601,中国太保,保险,上海,20071225,601601.SH,20120725,22.86,22.99,22.66,22.68,22.97,-0.29,-1.26,92966.53,212125.825,0.1497,0.252,0.47,23.463,35.3604,2.5079,1.235,1.2208,1.5432,1.5432,860000.0,620828.7273,368871.7646,19504800.0,14080395.5352,25.27,20.67,1.079
601601,中国太保,保险,上海,20071225,601601.SH,20120724,22.76,23.14,22.71,22.97,22.81,0.16,0.7,185378.23,424721.554,0.2986,0.5026,1.0,23.763,35.8125,2.5399,1.2508,1.2364,1.5237,1.5237,860000.0,620828.7273,368871.7646,19754200.0,14260435.8661,25.09,20.53,1.079
601601,中国太保,保险,上海,20071225,601601.SH,20120723,23.1,23.14,22.79,22.81,23.31,-0.5,-2.15,129399.0,296791.091,0.2084,0.3508,0.67,23.5975,35.5631,2.5223,1.2421,1.2278,1.5344,1.5344,860000.0,620828.7273,368871.7646,19616600.0,14161103.2697,25.64,20.98,1.079
601601,中国太保,保险,上海,20071225,601601.SH,20120720,23.6,23.73,23.2,23.31,23.64,-0.33,-1.4,153049.55,359700.349,0.2465,0.4149,0.68,24.1148,36.3426,2.5775,1.2693,1.2547,1.5015,1.5015,860000.0,620828.7273,368871.7646,20046600.0,14471517.6334,26.0,21.28,1.079
601601,中国太保,保险,上海,20071225,601601.SH,20120719,22.38,23.8,22.38,23.64,22.63,1.01,4.46,348811.38,814753.902,0.5618,0.9456,1.49,24.4562,36.8571,2.614,1.2873,1.2725,1.4805,1.4805,860000.0,620828.7273,368871.7646,20330400.0,14676391.1134,24.89,20.37,1.079
601601,中国太保,保险,上海,20071225,601601.SH,20120718,22.74,23.05,21.95,22.63,22.72,-0.09,-0.4,170168.25,382396.85,0.2741,0.4613,0.75,23.4113,35.2825,2.5024,1.2323,1.2181,1.5466,1.5466,860000.0,620828.7273,368871.7646,19461800.0,14049354.0988,24.99,20.45,1.079
601601,中国太保,保险,上海,20071225,601601.SH,20120717,22.43,22.88,22.39,22.72,22.46,0.26,1.16,125790.14,283990.165,0.2026,0.341,0.54,23.5044,35.4228,2.5123,1.2372,1.223,1.5405,1.5405,860000.0,620828.7273,368871.7646,19539200.0,14105228.6843,24.71,20.21,1.079
601601,中国太保,保险,上海,20071225,601601.SH,20120716,23.02,23.05,22.39,22.46,22.99,-0.53,-2.31,171677.3,388025.343,0.2765,0.4654,0.73,23.2354,35.0174,2.4836,1.223,1.209,1.5583,1.5583,860000.0,620828.7273,368871.7646,19315600.0,13943813.2152,25.29,20.69,1.079
601601,中国太保,保险,上海,20071225,601601.SH,20120713,22.0,23.12,21.9,22.99,22.42,0.57,2.54,316450.79,721211.252,0.5097,0.8579,1.43,23.7837,35.8437,2.5422,1.2519,1.2375,1.5224,1.5224,860000.0,620828.7273,368871.7646,19771400.0,14272852.4406,24.66,20.18,1.079
601601,中国太保,保险,上海,20071225,601601.SH,20120712,22.28,22.74,21.5,22.42,22.27,0.15,0.67,387923.93,854884.552,0.6248,1.0516,2.15,23.194,34.955,2.4791,1.2208,1.2068,1.5611,1.5611,860000.0,620828.7273,368871.7646,19281200.0,13918980.0661,24.5,20.04,1.079
601601,中国太保,保险,上海,20071225,601601.SH,20120711,22.39,22.69,22.1,22.27,22.51,-0.24,-1.07,127598.09,285476.393,0.2055,0.3459,0.71,23.0389,34.7212,2.4625,1.2127,1.1988,1.5716,1.5716,860000.0,620828.7273,368871.7646,19152200.0,13825855.757,24.76,20.26,1.079
601601,中国太保,保险,上海,20071225,601601.SH,20120710,22.24,23.0,22.16,22.51,22.18,0.33,1.49,170585.6,384896.218,0.2748,0.4625,0.89,23.2871,35.0954,2.4891,1.2257,1.2117,1.5549,1.5549,860000.0,620828.7273,368871.7646,19358600.0,13974854.6515,24.4,19.96,1.079
601601,中国太保,保险,上海,20071225,601601.SH,20120709,22.6,23.04,22.17,22.18,22.8,-0.62,-2.72,166529.66,377420.611,0.2682,0.4515,0.85,22.9457,34.5809,2.4526,1.2078,1.1939,1.578,1.578,860000.0,620828.7273,368871.7646,19074800.0,13769981.1715,25.08,20.52,1.079
601601,中国太保,保险,上海,20071225,601601.SH,20120706,22.5,23.07,21.98,22.8,22.43,0.37,1.65,251058.42,569729.845,0.4044,0.6806,1.34,23.5872,35.5475,2.5212,1.2415,1.2273,1.5351,1.5351,860000.0,620828.7273,368871.7646,19608000.0,14154894.9824,24.67,20.19,1.079
601601,中国太保,保险,上海,20071225,601601.SH,20120705,21.8,22.65,21.79,22.43,22.1,0.33,1.49,188031.16,417075.237,0.3029,0.5097,1.06,23.2044,34.9706,2.4802,1.2214,1.2074,1.5604,1.5604,860000.0,620828.7273,368871.7646,19289800.0,13925188.3533,24.31,19.89,1.079
601601,中国太保,保险,上海,20071225,601601.SH,20120704,22.52,22.66,21.99,22.1,22.51,-0.41,-1.82,118343.89,262944.068,0.1906,0.3208,0.66,22.863,34.4561,2.4437,1.2034,1.1896,1.5837,1.5837,860000.0,620828.7273,368871.7646,19006000.0,13720314.8733,24.76,20.26,1.079
601601,中国太保,保险,上海,20071225,601601.SH,20120703,22.47,23.0,22.28,22.51,22.52,-0.01,-0.04,231764.97,526318.008,0.3733,0.6283,1.55,23.2871,35.0954,2.4891,1.2257,1.2117,1.5549,1.5549,860000.0,620828.7273,368871.7646,19358600.0,13974854.6515,24.77,20.27,1.079
601601,中国太保,保险,上海,20071225,601601.SH,20120702,22.2,22.55,21.99,22.52,22.18,0.34,1.53,184931.16,412416.331,0.2979,0.5013,1.29,23.2975,35.1109,2.4902,1.2263,1.2122,1.5542,1.5542,860000.0,620828.7273,368871.7646,19367200.0,13981062.9388,24.4,19.96,1.079
601601,中国太保,保险,上海,20071225,601601.SH,20120629,21.2,22.5,21.19,22.18,21.24,0.94,4.43,216654.4,476596.217,0.349,0.5873,1.66,22.9457,34.5809,2.4526,1.2078,1.1939,1.578,1.578,860000.0,620828.7273,368871.7646,19074800.0,13769981.1715,23.36,19.12,1.079
601601,中国太保,保险,上海,20071225,601601.SH,20120628,21.09,21.6,21.09,21.24,20.96,0.28,1.34,131301.37,280805.197,0.2115,0.356,1.05,21.9733,33.1153,2.3487,1.1566,1.1433,1.6478,1.6478,860000.0,620828.7273,368871.7646,18266400.0,13186402.1679,23.06,18.86,1.079
601601,中国太保,保险,上海,20071225,601601.SH,20120627,21.03,21.29,20.88,20.96,20.91,0.05,0.24,134511.73,283599.313,0.2167,0.3647,1.1,21.6836,32.6788,2.3177,1.1413,1.1282,1.6698,1.6698,860000.0,620828.7273,368871.7646,18025600.0,13012570.1242,23.0,18.82,1.079
601601,中国太保,保险,上海,20071225,601601.SH,20120626,20.62,21.16,20.58,20.91,20.79,0.12,0.58,82634.15,173323.214,0.1331,0.224,0.64,21.6319,32.6008,2.3122,1.1386,1.1256,1.6738,1.6738,860000.0,620828.7273,368871.7646,17982600.0,12981528.6878,22.87,18.71,1.079
601601,中国太保,保险,上海,20071225,601601.SH,20120625,21.48,21.48,20.68,20.79,21.29,-0.5,-2.35,149385.74,311826.302,0.2406,0.405,1.13,21.5078,32.4137,2.2989,1.1321,1.1191,1.6835,1.6835,860000.0,620828.7273,368871.7646,17879400.0,12907029.2406,23.42,19.16,1.079
601601,中国太保,保险,上海,20071225,601601.SH,20120621,22.08,22.1,21.38,21.64,22.13,-0.49,-2.21,155376.75,336289.293,0.2503,0.4212,0.91,22.3871,33.7389,2.3037,1.1784,1.1648,1.6174,1.6174,860000.0,620828.7273,368871.7646,18610400.0,13434733.6588,24.34,19.92,1.062
601601,中国太保,保险,上海,20071225,601601.SH,20120620,21.9,22.35,21.9,22.13,21.9,0.23,1.05,103269.02,228630.199,0.1663,0.28,0.46,22.894,34.5029,2.3559,1.205,1.1912,1.5816,1.5816,860000.0,620828.7273,368871.7646,19031800.0,13738939.7351,24.09,19.71,1.062
601601,中国太保,保险,上海,20071225,601601.SH,20120619,22.21,22.42,21.85,21.9,22.2,-0.3,-1.35,121216.9,268031.391,0.1953,0.3286,0.54,22.6561,34.1443,2.3314,1.1925,1.1788,1.5982,1.5982,860000.0,620828.7273,368871.7646,18834000.0,13596149.1279,24.42,19.98,1.062
601601,中国太保,保险,上海,20071225,601601.SH,20120618,22.3,22.51,22.0,22.2,22.15,0.05,0.23,112176.84,249630.944,0.1807,0.3041,0.49,22.9664,34.612,2.3633,1.2089,1.195,1.5766,1.5766,860000.0,620828.7273,368871.7646,19092000.0,13782397.7461,24.37,19.94,1.062
601601,中国太保,保险,上海,20071225,601601.SH,20120615,22.22,22.66,22.06,22.15,22.21,-0.06,-0.27,169483.5,379507.081,0.273,0.4595,0.69,22.9147,34.5341,2.358,1.2061,1.1923,1.5801,1.5801,860000.0,620828.7273,368871.7646,19049000.0,13751356.3097,24.43,19.99,1.062
601601,中国太保,保险,上海,20071225,601601.SH,20120614,22.25,22.56,22.15,22.21,22.2,0.01,0.05,343158.59,768634.011,0.5527,0.9303,1.67,22.9768,34.6276,2.3644,1.2094,1.1955,1.5759,1.5759,860000.0,620828.7273,368871.7646,19100600.0,13788606.0333,24.42,19.98,1.062
601601,中国太保,保险,上海,20071225,601601.SH,20120613,20.79,22.5,20.79,22.2,20.8,1.4,6.73,379959.32,827352.0,0.612,1.0301,2.56,22.9664,34.612,2.3633,1.2089,1.195,1.5766,1.5766,860000.0,620828.7273,368871.7646,19092000.0,13782397.7461,22.88,18.72,1.062
601601,中国太保,保险,上海,20071225,601601.SH,20120612,20.31,20.85,20.31,20.8,20.5,0.3,1.46,121698.61,251394.427,0.196,0.3299,0.8,21.5181,32.4293,2.2143,1.1326,1.1196,1.6827,1.6827,860000.0,620828.7273,368871.7646,17888000.0,12913237.5278,22.55,18.45,1.062
601601,中国太保,保险,上海,20071225,601601.SH,20120611,20.2,20.66,20.19,20.5,20.1,0.4,1.99,136811.32,280230.504,0.2204,0.3709,0.8,21.2077,31.9616,2.1824,1.1163,1.1035,1.7073,1.7073,860000.0,620828.7273,368871.7646,17630000.0,12726988.9097,22.11,18.09,1.062
601601,中国太保,保险,上海,20071225,601601.SH,20120608,20.07,20.38,20.0,20.1,19.88,0.22,1.11,238580.04,481502.948,0.3843,0.6468,1.7,20.7939,31.3379,2.1398,1.0945,1.082,1.7413,1.7413,860000.0,620828.7273,368871.7646,17286000.0,12478657.4187,21.87,17.89,1.062
601601,中国太保,保险,上海,20071225,601601.SH,20120607,20.3,20.5,19.81,19.88,20.09,-0.21,-1.05,147622.62,297866.965,0.2378,0.4002,1.14,20.5663,30.9949,2.1164,1.0825,1.0701,1.7606,1.7606,860000.0,620828.7273,368871.7646,17096800.0,12342075.0987,22.1,18.08,1.062
601601,中国太保,保险,上海,20071225,601601.SH,20120606,20.38,20.53,20.0,20.09,20.37,-0.28,-1.37,97042.04,196681.905,0.1563,0.2631,0.74,20.7836,31.3223,2.1387,1.094,1.0814,1.7422,1.7422,860000.0,620828.7273,368871.7646,17277400.0,12472449.1315,22.41,18.33,1.062
601601,中国太保,保险,上海,20071225,601601.SH,20120605,20.45,20.56,20.0,20.37,20.3,0.07,0.34,137133.61,277919.835,0.2209,0.3718,0.93,21.0733,31.7589,2.1685,1.1092,1.0965,1.7182,1.7182,860000.0,620828.7273,368871.7646,17518200.0,12646281.1751,22.33,18.27,1.062
601601,中国太保,保险,上海,20071225,601601.SH,20120604,21.1,21.18,20.25,20.3,21.43,-1.13,-5.27,229861.64,473594.55,0.3702,0.6231,1.98,21.0008,31.6497,2.1611,1.1054,1.0927,1.7241,1.7241,860000.0,620828.7273,368871.7646,17458000.0,12602823.1642,23.57,19.29,1.062
601601,中国太保,保险,上海,20071225,601601.SH,20120601,21.15,21.52,21.15,21.43,21.2,0.23,1.08,90254.33,193348.049,0.1454,0.2447,0.69,22.1699,33.4115,2.2814,1.1669,1.1535,1.6332,1.6332,860000.0,620828.7273,368871.7646,18429800.0,13304359.626,23.32,19.08,1.062
601601,中国太保,保险,上海,20071225,601601.SH,20120531,21.35,21.4,21.0,21.2,21.47,-0.27,-1.26,92755.14,196934.007,0.1494,0.2515,0.73,21.9319,33.0529,2.2569,1.1544,1.1412,1.6509,1.6509,860000.0,620828.7273,368871.7646,18232000.0,13161569.0188,23.62,19.32,1.062
601601,中国太保,保险,上海,20071225,601601.SH,20120530,21.43,21.58,21.23,21.47,21.46,0.01,0.05,104877.87,224363.218,0.1689,0.2843,0.83,22.2112,33.4739,2.2856,1.1691,1.1557,1.6302,1.6302,860000.0,620828.7273,368871.7646,18464200.0,13329192.7751,23.61,19.31,1.062
601601,中国太保,保险,上海,20071225,601601.SH,20120529,20.96,21.73,20.62,21.46,20.79,0.67,3.22,216890.18,461330.835,0.3494,0.588,2.07,22.2009,33.4583,2.2846,1.1686,1.1552,1.6309,1.6309,860000.0,620828.7273,368871.7646,18455600.0,13322984.4879,22.87,18.71,1.062
601601,中国太保,保险,上海,20071225,601601.SH,20120528,20.53,20.8,20.39,20.79,20.49,0.3,1.46,74293.48,153229.531,0.1197,0.2014,0.7,21.5078,32.4137,2.2132,1.1321,1.1191,1.6835,1.6835,860000.0,620828.7273,368871.7646,17879400.0,12907029.2406,22.54,18.44,1.062
601601,中国太保,保险,上海,20071225,601601.SH,20120525,21.15,21.18,20.38,20.49,21.05,-0.56,-2.66,167846.65,347190.376,0.2704,0.455,1.64,21.1974,31.946,2.1813,1.1157,1.1029,1.7082,1.7082,860000.0,620828.7273,368871.7646,17621400.0,12720780.6224,23.16,18.95,1.062
601601,中国太保,保险,上海,20071225,601601.SH,20120524,21.27,21.46,21.01,21.05,21.09,-0.04,-0.19,73436.1,155994.38,0.1183,0.1991,0.59,21.7767,32.8191,2.2409,1.1462,1.1331,1.6627,1.6627,860000.0,620828.7273,368871.7646,18103000.0,13068444.7097,23.2,18.98,1.062
601601,中国太保,保险,上海,20071225,601601.SH,20120523,21.31,21.55,21.04,21.09,21.4,-0.31,-1.45,98156.5,209084.85,0.1581,0.2661,0.74,21.8181,32.8814,2.2452,1.1484,1.1352,1.6596,1.6596,860000.0,620828.7273,368871.7646,18137400.0,13093277.8588,23.54,19.26,1.062
601601,中国太保,保险,上海,20071225,601601.SH,20120522,21.16,21.5,21.1,21.4,21.1,0.3,1.42,110294.94,235493.487,0.1777,0.299,0.71,22.1388,33.3648,2.2782,1.1653,1.1519,1.6355,1.6355,860000.0,620828.7273,368871.7646,18404000.0,13285734.7642,23.21,18.99,1.062
601601,中国太保,保险,上海,20071225,601601.SH,20120521,20.97,21.42,20.9,21.1,20.97,0.13,0.62,81439.9,172250.443,0.1312,0.2208,0.4,21.8285,32.897,2.2462,1.149,1.1358,1.6588,1.6588,860000.0,620828.7273,368871.7646,18146000.0,13099486.146,23.07,18.87,1.062
601601,中国太保,保险,上海,20071225,601601.SH,20120518,21.08,21.18,20.88,20.97,21.27,-0.3,-1.41,148746.07,312144.247,0.2396,0.4032,0.74,21.694,32.6943,2.2324,1.1419,1.1288,1.6691,1.6691,860000.0,620828.7273,368871.7646,18034200.0,13018778.4115,23.4,19.14,1.062
601601,中国太保,保险,上海,20071225,601601.SH,20120517,20.75,21.43,20.69,21.27,20.64,0.63,3.05,180115.72,379579.776,0.2901,0.4883,0.92,22.0043,33.1621,2.2643,1.1582,1.1449,1.6455,1.6455,860000.0,620828.7273,368871.7646,18292200.0,13205027.0297,22.7,18.58,1.062
601601,中国太保,保险,上海,20071225,601601.SH,20120516,20.81,20.94,20.6,20.64,21.03,-0.39,-1.85,141010.26,292959.199,0.2271,0.3823,0.63,21.3526,32.1798,2.1973,1.1239,1.111,1.6957,1.6957,860000.0,620828.7273,368871.7646,17750400.0,12813904.9315,23.13,18.93,1.062
601601,中国太保,保险,上海,20071225,601601.SH,20120515,20.68,21.14,20.57,21.03,20.77,0.26,1.25,227532.3,475447.237,0.3665,0.6168,0.96,21.756,32.7879,2.2388,1.1451,1.132,1.6643,1.6643,860000.0,620828.7273,368871.7646,18085800.0,13056028.1351,22.85,18.69,1.062
601601,中国太保,保险,上海,20071225,601601.SH,20120514,21.35,21.4,20.57,20.77,21.29,-0.52,-2.44,325947.51,678828.69,0.525,0.8836,1.57,21.4871,32.3825,2.2111,1.131,1.118,1.6851,1.6851,860000.0,620828.7273,368871.7646,17862200.0,12894612.666,23.42,19.16,1.062
601601,中国太保,保险,上海,20071225,601601.SH,20120510,21.5,21.51,21.2,21.29,21.34,-0.05,-0.23,136134.91,290632.285,0.2193,0.3691,0.62,22.025,33.1933,2.2665,1.1593,1.146,1.644,1.644,860000.0,620828.7273,368871.7646,18309400.0,13217443.6042,23.42,19.16,1.062
601601,中国太保,保险,上海,20071225,601601.SH,20120509,21.36,21.58,21.25,21.34,21.67,-0.33,-1.52,148423.76,317666.201,0.2391,0.4024,0.61,22.0767,33.2712,2.2718,1.162,1.1487,1.6401,1.6401,860000.0,620828.7273,368871.7646,18352400.0,13248485.0406,,,1.062
601601,中国太保,保险,上海,20071225,601601.SH,20120508,21.57,21.75,21.18,21.67,21.65,0.02,0.09,280101.08,599163.365,0.4512,0.7593,1.32,22.4181,33.7857,2.3069,1.18,1.1665,1.6151,1.6151,860000.0,620828.7273,368871.7646,18636200.0,13453358.5206,23.84,19.5,1.062
601601,中国太保,保险,上海,20071225,601601.SH,20120507,22.3,22.34,21.34,21.65,22.56,-0.91,-4.03,298226.19,648762.153,0.4804,0.8085,1.59,22.3974,33.7545,2.3048,1.1789,1.1654,1.6166,1.6166,860000.0,620828.7273,368871.7646,18619000.0,13440941.946,,,1.062
601601,中国太保,保险,上海,20071225,601601.SH,20120504,22.5,22.67,22.19,22.56,22.58,-0.02,-0.09,176611.91,396324.288,0.2845,0.4788,0.9,23.3389,35.1733,2.4017,1.2285,1.2144,1.5514,1.5514,860000.0,620828.7273,368871.7646,19401600.0,14005896.0879,24.82,20.3,1.062
601601,中国太保,保险,上海,20071225,601601.SH,20120503,22.14,22.68,22.1,22.58,22.26,0.32,1.44,191881.47,431662.234,0.3091,0.5202,0.86,23.3596,35.2045,2.4038,1.2296,1.2154,1.55,1.55,860000.0,620828.7273,368871.7646,19418800.0,14018312.6624,,,1.062
601601,中国太保,保险,上海,20071225,601601.SH,20120502,21.75,22.5,21.75,22.26,21.72,0.54,2.49,270999.94,601787.048,0.4365,0.7347,1.2,23.0285,34.7056,2.3697,1.2121,1.1982,1.5723,1.5723,860000.0,620828.7273,368871.7646,19143600.0,13819647.4697,,,1.062
601601,中国太保,保险,上海,20071225,601601.SH,20120427,21.8,22.07,21.63,21.72,21.81,-0.09,-0.41,121521.55,264531.393,0.1957,0.3294,0.4,22.4699,22.4699,2.4323,1.1827,1.1827,1.6114,1.6114,860000.0,620828.7273,368871.7646,18679200.0,13484399.957,,,1.062
601601,中国太保,保险,上海,20071225,601601.SH,20120426,22.0,22.37,21.61,21.81,21.92,-0.11,-0.5,174122.77,383188.829,0.2805,0.472,0.42,22.563,22.563,2.4424,1.1876,1.1876,1.6048,1.6048,860000.0,620828.7273,368871.7646,18756600.0,13540274.5424,,,1.062
601601,中国太保,保险,上海,20071225,601601.SH,20120425,21.7,22.12,21.56,21.92,21.86,0.06,0.27,221669.69,485967.535,0.3571,0.6009,0.52,22.6768,22.6768,2.4547,1.1936,1.1936,1.5967,1.5967,860000.0,620828.7273,368871.7646,18851200.0,13608565.7024,,,1.062
601601,中国太保,保险,上海,20071225,601601.SH,20120424,21.61,22.22,21.26,21.86,21.64,0.22,1.02,326043.5,709978.662,0.5252,0.8839,0.82,22.6147,22.6147,2.448,1.1903,1.1903,1.6011,1.6011,860000.0,620828.7273,368871.7646,18799600.0,13571315.9788,,,1.062
601601,中国太保,保险,上海,20071225,601601.SH,20120423,21.79,22.0,21.38,21.64,21.79,-0.15,-0.69,284014.26,616860.582,0.4575,0.77,0.79,22.3871,22.3871,2.4234,1.1784,1.1784,1.6174,1.6174,860000.0,620828.7273,368871.7646,18610400.0,13434733.6588,,,1.062
601601,中国太保,保险,上海,20071225,601601.SH,20120420,20.89,21.8,20.88,21.79,20.98,0.81,3.86,503162.98,1078235.106,0.8105,1.3641,1.69,22.5423,22.5423,2.4402,1.1865,1.1865,1.6062,1.6062,860000.0,620828.7273,368871.7646,18739400.0,13527857.9679,,,1.062
601601,中国太保,保险,上海,20071225,601601.SH,20120419,20.1,21.31,19.95,20.98,20.01,0.97,4.85,743484.56,1554836.776,1.1976,2.0156,3.9,21.7043,21.7043,2.3494,1.1424,1.1424,1.6683,1.6683,860000.0,620828.7273,368871.7646,18042800.0,13024986.6988,,,1.062
601601,中国太保,保险,上海,20071225,601601.SH,20120418,19.59,20.1,19.42,20.01,19.48,0.53,2.72,279651.65,553559.499,0.4504,0.7581,1.83,20.7008,20.7008,2.2408,1.0896,1.0896,1.7491,1.7491,860000.0,620828.7273,368871.7646,17208600.0,12422782.8333,,,1.062
601601,中国太保,保险,上海,20071225,601601.SH,20120417,20.12,20.18,19.36,19.48,20.21,-0.73,-3.61,186210.14,367697.027,0.2999,0.5048,1.35,20.1525,20.1525,2.1815,1.0607,1.0607,1.7967,1.7967,860000.0,620828.7273,368871.7646,16752800.0,12093743.6078,,,1.062
601601,中国太保,保险,上海,20071225,601601.SH,20120416,20.2,20.32,20.09,20.21,20.29,-0.08,-0.39,95851.09,193555.919,0.1544,0.2598,0.69,20.9077,20.9077,2.2632,1.1005,1.1005,1.7318,1.7318,860000.0,620828.7273,368871.7646,17380600.0,12546948.5787,,,1.062
601601,中国太保,保险,上海,20071225,601601.SH,20120413,20.19,20.56,20.14,20.29,20.21,0.08,0.4,179891.63,366525.294,0.2898,0.4877,1.43,20.9905,20.9905,2.2722,1.1049,1.1049,1.725,1.725,860000.0,620828.7273,368871.7646,17449400.0,12596614.8769,,,1.062
601601,中国太保,保险,上海,20071225,601601.SH,20120412,19.65,20.28,19.48,20.21,19.59,0.62,3.16,212690.2,424642.284,0.3426,0.5766,1.7,20.9077,20.9077,2.2632,1.1005,1.1005,1.7318,1.7318,860000.0,620828.7273,368871.7646,17380600.0,12546948.5787,,,1.062
601601,中国太保,保险,上海,20071225,601601.SH,20120411,19.45,19.82,19.42,19.59,19.68,-0.09,-0.46,90726.89,178195.419,0.1461,0.246,0.64,20.2663,20.2663,2.1938,1.0667,1.0667,1.7866,1.7866,860000.0,620828.7273,368871.7646,16847400.0,12162034.7678,,,1.062
601601,中国太保,保险,上海,20071225,601601.SH,20120410,19.61,19.85,19.15,19.68,19.64,0.04,0.2,111806.02,217761.351,0.1801,0.3031,0.79,20.3594,20.3594,2.2039,1.0716,1.0716,1.7785,1.7785,860000.0,620828.7273,368871.7646,16924800.0,12217909.3533,21.65,17.71,1.062
601601,中国太保,保险,上海,20071225,601601.SH,20120409,19.6,19.84,19.39,19.64,19.69,-0.05,-0.25,94734.57,185990.49,0.1526,0.2568,0.67,20.3181,20.3181,2.1994,1.0695,1.0695,1.7821,1.7821,860000.0,620828.7273,368871.7646,16890400.0,12193076.2042,,,1.062
601601,中国太保,保险,上海,20071225,601601.SH,20120406,19.64,19.88,19.57,19.69,19.64,0.05,0.25,118852.06,234359.526,0.1914,0.3222,0.85,20.3698,20.3698,2.205,1.0722,1.0722,1.7776,1.7776,860000.0,620828.7273,368871.7646,16933400.0,12224117.6405,,,1.062
601601,中国太保,保险,上海,20071225,601601.SH,20120405,19.06,19.91,19.01,19.64,19.29,0.35,1.81,210300.37,410841.394,0.3387,0.5701,1.79,20.3181,20.3181,2.1994,1.0695,1.0695,1.7821,1.7821,860000.0,620828.7273,368871.7646,16890400.0,12193076.2042,,,1.062
601601,中国太保,保险,上海,20071225,601601.SH,20120330,18.99,19.35,18.96,19.29,18.92,0.37,1.96,170029.61,325987.099,0.2739,0.4609,1.67,19.956,19.956,2.1602,1.0504,1.0504,1.8144,1.8144,860000.0,620828.7273,368871.7646,16589400.0,11975786.1496,,,1.062
601601,中国太保,保险,上海,20071225,601601.SH,20120329,19.18,19.2,18.76,18.92,19.21,-0.29,-1.51,111765.3,212550.319,0.18,0.303,1.07,19.5732,19.5732,2.1188,1.0303,1.0303,1.8499,1.8499,860000.0,620828.7273,368871.7646,16271200.0,11746079.5205,,,1.062
601601,中国太保,保险,上海,20071225,601601.SH,20120328,19.69,19.75,19.11,19.21,19.73,-0.52,-2.64,96828.69,188075.767,0.156,0.2625,0.81,19.8732,19.8732,2.1512,1.046,1.046,1.822,1.822,860000.0,620828.7273,368871.7646,16520600.0,11926119.8514,,,1.062
601601,中国太保,保险,上海,20071225,601601.SH,20120327,19.7,19.89,19.48,19.73,19.64,0.09,0.46,106173.49,209180.136,0.171,0.2878,0.9,20.4112,20.4112,2.2095,1.0744,1.0744,1.7739,1.7739,860000.0,620828.7273,368871.7646,16967800.0,12248950.7896,,,1.062
601601,中国太保,保险,上海,20071225,601601.SH,20120326,19.49,19.71,19.43,19.64,19.56,0.08,0.41,101049.15,198058.183,0.1628,0.2739,0.74,20.3181,20.3181,2.1994,1.0695,1.0695,1.7821,1.7821,860000.0,620828.7273,368871.7646,16890400.0,12193076.2042,,,1.062
601601,中国太保,保险,上海,20071225,601601.SH,20120323,19.66,19.67,19.4,19.56,19.68,-0.12,-0.61,92576.63,180489.506,0.1491,0.2503,0.65,19.6583,15.7653,2.2532,1.1874,1.0588,1.7894,1.7894,860000.0,620828.7273,369892.7489,16821600.0,12143409.906,,,1.062
601601,中国太保,保险,上海,20071225,601601.SH,20120322,19.75,19.82,19.55,19.68,19.71,-0.03,-0.15,127481.06,250994.603,0.2053,0.3446,0.81,19.7789,15.862,2.267,1.1947,1.0653,1.7785,1.7785,860000.0,620828.7273,369892.7489,16924800.0,12217909.3533,21.65,17.71,1.062
601601,中国太保,保险,上海,20071225,601601.SH,20120321,20.07,20.14,19.68,19.71,19.92,-0.21,-1.05,167488.82,332404.981,0.2698,0.4528,0.92,19.809,15.8862,2.2704,1.1966,1.0669,1.7757,1.7757,860000.0,620828.7273,369892.7489,16950600.0,12236534.2151,,,1.062
601601,中国太保,保险,上海,20071225,601601.SH,20120320,20.09,20.2,19.89,19.92,20.09,-0.17,-0.85,99375.48,199156.825,0.1601,0.2687,0.49,20.0201,16.0555,2.2946,1.2093,1.0783,1.757,1.757,860000.0,620828.7273,369892.7489,17131200.0,12366908.2478,,,1.062
601601,中国太保,保险,上海,20071225,601601.SH,20120319,20.4,20.49,19.88,20.09,20.37,-0.28,-1.37,195098.41,390998.917,0.3143,0.5274,0.87,20.191,16.1925,2.3142,1.2196,1.0875,1.7422,1.7422,860000.0,620828.7273,369892.7489,17277400.0,12472449.1315,,,1.062
601601,中国太保,保险,上海,20071225,601601.SH,20120316,20.23,20.45,20.04,20.37,20.14,0.23,1.14,121137.72,245603.824,0.1951,0.3275,0.52,20.4724,16.4182,2.3465,1.2366,1.1026,1.7182,1.7182,860000.0,620828.7273,369892.7489,17518200.0,12646281.1751,,,1.062
601601,中国太保,保险,上海,20071225,601601.SH,20120315,20.19,20.55,20.07,20.14,20.1,0.04,0.2,200534.05,407639.23,0.323,0.5421,0.87,20.2412,16.2328,2.32,1.2227,1.0902,1.7378,1.7378,860000.0,620828.7273,369892.7489,17320400.0,12503490.5678,22.15,18.13,1.062
601601,中国太保,保险,上海,20071225,601601.SH,20120314,20.6,20.66,20.09,20.1,20.49,-0.39,-1.9,294352.75,600737.846,0.4741,0.7958,1.45,20.201,16.2006,2.3154,1.2202,1.088,1.7413,1.7413,860000.0,620828.7273,369892.7489,17286000.0,12478657.4187,,,1.062
601601,中国太保,保险,上海,20071225,601601.SH,20120313,20.15,20.5,20.1,20.49,20.19,0.3,1.49,206018.14,420022.342,0.3318,0.557,0.85,20.593,16.5149,2.3603,1.2439,1.1091,1.7082,1.7082,860000.0,620828.7273,369892.7489,17621400.0,12720780.6224,,,1.062
601601,中国太保,保险,上海,20071225,601601.SH,20120312,20.48,20.53,19.88,20.19,20.52,-0.33,-1.61,293596.66,590185.207,0.4729,0.7937,1.3,20.2915,16.2731,2.3257,1.2257,1.0929,1.7335,1.7335,860000.0,620828.7273,369892.7489,17363400.0,12534532.0042,,,1.062
601601,中国太保,保险,上海,20071225,601601.SH,20120309,20.54,20.6,20.22,20.52,20.51,0.01,0.05,161624.48,330276.583,0.2603,0.4369,0.69,20.6231,16.5391,2.3637,1.2457,1.1107,1.7057,1.7057,860000.0,620828.7273,369892.7489,17647200.0,12739405.4842,22.57,18.47,1.062
601601,中国太保,保险,上海,20071225,601601.SH,20120308,20.38,20.58,20.28,20.51,20.26,0.25,1.23,190926.48,390879.875,0.3075,0.5162,0.82,20.6131,16.531,2.3626,1.2451,1.1102,1.7065,1.7065,860000.0,620828.7273,369892.7489,17638600.0,12733197.1969,,,1.062
601601,中国太保,保险,上海,20071225,601601.SH,20120307,20.05,20.38,20.0,20.26,20.24,0.02,0.1,162575.73,329146.428,0.2619,0.4395,0.68,20.3618,16.3295,2.3338,1.2299,1.0967,1.7275,1.7275,860000.0,620828.7273,369892.7489,17423600.0,12577990.0151,22.29,18.23,1.062
601601,中国太保,保险,上海,20071225,601601.SH,20120306,20.76,20.86,20.13,20.24,20.75,-0.51,-2.46,404222.52,820733.072,0.6511,1.0928,2.11,20.3417,16.3134,2.3315,1.2287,1.0956,1.7292,1.7292,860000.0,620828.7273,369892.7489,17406400.0,12565573.4406,,,1.062
601601,中国太保,保险,上海,20071225,601601.SH,20120305,21.28,21.41,20.7,20.75,21.24,-0.49,-2.31,212663.83,445489.546,0.3425,0.5749,1.1,20.8543,16.7245,2.3902,1.2597,1.1232,1.6867,1.6867,860000.0,620828.7273,369892.7489,17845000.0,12882196.0915,,,1.062
601601,中国太保,保险,上海,20071225,601601.SH,20120302,20.98,21.26,20.93,21.24,20.93,0.31,1.48,205373.87,433714.828,0.3308,0.5552,1.05,21.3467,17.1194,2.4467,1.2894,1.1497,1.6478,1.6478,860000.0,620828.7273,369892.7489,18266400.0,13186402.1679,,,1.062
601601,中国太保,保险,上海,20071225,601601.SH,20120301,20.88,21.3,20.79,20.93,21.01,-0.08,-0.38,186210.56,391136.734,0.2999,0.5034,1.04,21.0352,16.8695,2.411,1.2706,1.1329,1.6722,1.6722,860000.0,620828.7273,369892.7489,17999800.0,12993945.2624,,,1.062
601601,中国太保,保险,上海,20071225,601601.SH,20120229,21.55,21.55,20.91,21.01,21.59,-0.58,-2.69,191202.77,404500.019,0.308,0.5169,0.99,21.1156,16.934,2.4202,1.2755,1.1373,1.6659,1.6659,860000.0,620828.7273,369892.7489,18068600.0,13043611.5606,,,1.062
601601,中国太保,保险,上海,20071225,601601.SH,20120228,21.54,21.77,21.4,21.59,21.57,0.02,0.09,162815.62,351416.998,0.2623,0.4402,0.89,21.6985,17.4015,2.487,1.3107,1.1687,1.6211,1.6211,860000.0,620828.7273,369892.7489,18567400.0,13403692.2224,23.75,19.43,1.062
601601,中国太保,保险,上海,20071225,601601.SH,20120227,21.79,22.06,21.52,21.57,21.7,-0.13,-0.6,224306.16,490319.57,0.3613,0.6064,1.19,21.6784,17.3854,2.4847,1.3095,1.1676,1.6226,1.6226,860000.0,620828.7273,369892.7489,18550200.0,13391275.6479,,,1.062
601601,中国太保,保险,上海,20071225,601601.SH,20120224,21.6,21.75,21.28,21.7,21.51,0.19,0.88,213120.3,458944.179,0.3433,0.5762,1.23,21.809,17.4902,2.4997,1.3174,1.1746,1.6129,1.6129,860000.0,620828.7273,369892.7489,18662000.0,13471983.3824,,,1.062
601601,中国太保,保险,上海,20071225,601601.SH,20120223,21.48,21.63,21.41,21.51,21.51,0.0,0.0,105670.16,227388.222,0.1702,0.2857,0.54,21.6181,17.337,2.4778,1.3058,1.1643,1.6272,1.6272,860000.0,620828.7273,369892.7489,18498600.0,13354025.9242,23.66,19.36,1.062
601601,中国太保,保险,上海,20071225,601601.SH,20120222,21.38,21.65,21.05,21.51,21.33,0.18,0.84,256774.16,549940.501,0.4136,0.6942,1.36,21.6181,17.337,2.4778,1.3058,1.1643,1.6272,1.6272,860000.0,620828.7273,369892.7489,18498600.0,13354025.9242,,,1.062
601601,中国太保,保险,上海,20071225,601601.SH,20120221,21.05,21.37,20.87,21.33,21.01,0.32,1.52,112083.66,236626.305,0.1805,0.303,0.49,21.4372,17.1919,2.457,1.2949,1.1546,1.6409,1.6409,860000.0,620828.7273,369892.7489,18343800.0,13242276.7533,,,1.062
601601,中国太保,保险,上海,20071225,601601.SH,20120220,21.2,21.55,20.95,21.01,20.83,0.18,0.86,258247.38,548777.163,0.416,0.6982,1.19,21.1156,16.934,2.4202,1.2755,1.1373,1.6659,1.6659,860000.0,620828.7273,369892.7489,18068600.0,13043611.5606,,,1.062
601601,中国太保,保险,上海,20071225,601601.SH,20120217,20.99,21.1,20.74,20.83,20.78,0.05,0.24,136701.98,286170.454,0.2202,0.3696,0.6,20.9347,16.7889,2.3994,1.2645,1.1275,1.6803,1.6803,860000.0,620828.7273,369892.7489,17913800.0,12931862.3897,,,1.062
601601,中国太保,保险,上海,20071225,601601.SH,20120216,20.85,20.95,20.65,20.78,21.0,-0.22,-1.05,217195.09,451226.998,0.3498,0.5872,1.0,20.8844,16.7486,2.3937,1.2615,1.1248,1.6843,1.6843,860000.0,620828.7273,369892.7489,17870800.0,12900820.9533,,,1.062
601601,中国太保,保险,上海,20071225,601601.SH,20120215,20.69,21.25,20.6,21.0,20.83,0.17,0.82,217684.52,456974.488,0.3506,0.5885,1.0,21.1055,16.926,2.419,1.2749,1.1367,1.6667,1.6667,860000.0,620828.7273,369892.7489,18060000.0,13037403.2733,,,1.062
601601,中国太保,保险,上海,20071225,601601.SH,20120214,21.3,21.3,20.6,20.83,21.41,-0.58,-2.71,316957.95,659629.283,0.5105,0.8569,1.67,20.9347,16.7889,2.3994,1.2645,1.1275,1.6803,1.6803,860000.0,620828.7273,369892.7489,17913800.0,12931862.3897,,,1.062
601601,中国太保,保险,上海,20071225,601601.SH,20120213,21.16,21.8,20.91,21.41,21.61,-0.2,-0.93,199731.25,424964.612,0.3217,0.54,1.07,21.5176,17.2564,2.4663,1.2998,1.1589,1.6348,1.6348,860000.0,620828.7273,369892.7489,18412600.0,13291943.0515,,,1.062
601601,中国太保,保险,上海,20071225,601601.SH,20120210,21.2,21.84,21.08,21.61,21.26,0.35,1.65,183528.15,395183.287,0.2956,0.4962,0.88,21.7186,17.4176,2.4893,1.3119,1.1697,1.6196,1.6196,860000.0,620828.7273,369892.7489,18584600.0,13416108.797,,,1.062
601601,中国太保,保险,上海,20071225,601601.SH,20120209,21.68,21.74,21.2,21.26,21.75,-0.49,-2.25,171502.99,368419.729,0.2762,0.4637,0.8,21.3668,17.1355,2.449,1.2906,1.1508,1.6463,1.6463,860000.0,620828.7273,369892.7489,18283600.0,13198818.7424,,,1.062
601601,中国太保,保险,上海,20071225,601601.SH,20120208,20.64,21.9,20.64,21.75,20.79,0.96,4.62,211336.86,453044.725,0.3404,0.5713,1.09,21.8593,17.5305,2.5054,1.3204,1.1773,1.6092,1.6092,860000.0,620828.7273,369892.7489,18705000.0,13503024.8188,,,1.062
601601,中国太保,保险,上海,20071225,601601.SH,20120207,21.15,21.28,20.58,20.79,21.36,-0.57,-2.67,180322.37,375002.704,0.2905,0.4875,1.0,20.8945,16.7567,2.3948,1.2621,1.1253,1.6835,1.6835,860000.0,620828.7273,369892.7489,17879400.0,12907029.2406,,,1.062
601601,中国太保,保险,上海,20071225,601601.SH,20120206,21.89,21.97,21.05,21.36,21.86,-0.5,-2.29,184678.65,395124.056,0.2975,0.4993,0.97,21.4673,17.2161,2.4605,1.2967,1.1562,1.6386,1.6386,860000.0,620828.7273,369892.7489,18369600.0,13260901.6151,,,1.062
601601,中国太保,保险,上海,20071225,601601.SH,20120203,21.39,22.07,21.27,21.86,21.41,0.45,2.1,295340.49,642831.168,0.4757,0.7984,1.56,21.9698,17.6191,2.5181,1.3271,1.1833,1.6011,1.6011,860000.0,620828.7273,369892.7489,18799600.0,13571315.9788,,,1.062
601601,中国太保,保险,上海,20071225,601601.SH,20120202,20.8,21.49,20.51,21.41,20.65,0.76,3.68,197147.67,413897.158,0.3176,0.533,1.04,21.5176,17.2564,2.4663,1.2998,1.1589,1.6348,1.6348,860000.0,620828.7273,369892.7489,18412600.0,13291943.0515,,,1.062
601601,中国太保,保险,上海,20071225,601601.SH,20120201,21.0,21.13,20.55,20.65,21.01,-0.36,-1.71,110357.0,230467.797,0.1778,0.2983,0.53,20.7538,16.6439,2.3787,1.2536,1.1178,1.6949,1.6949,860000.0,620828.7273,369892.7489,17759000.0,12820113.2187,,,1.062
601601,中国太保,保险,上海,20071225,601601.SH,20120131,21.11,21.43,20.89,21.01,21.11,-0.1,-0.47,109774.87,232824.668,0.1768,0.2968,0.47,21.1156,16.934,2.4202,1.2755,1.1373,1.6659,1.6659,860000.0,620828.7273,369892.7489,18068600.0,13043611.5606,,,1.062
601601,中国太保,保险,上海,20071225,601601.SH,20120130,21.83,21.85,21.08,21.11,21.84,-0.73,-3.34,235360.28,505017.506,0.3791,0.6363,1.15,21.2161,17.0146,2.4317,1.2815,1.1427,1.658,1.658,860000.0,620828.7273,369892.7489,18154600.0,13105694.4333,,,1.062
601601,中国太保,保险,上海,20071225,601601.SH,20120120,21.11,21.93,21.11,21.84,21.22,0.62,2.92,295902.66,642297.083,0.4766,0.8,1.77,21.9497,17.603,2.5158,1.3259,1.1822,1.6026,1.6026,860000.0,620828.7273,369892.7489,18782400.0,13558899.4042,,,1.062
601601,中国太保,保险,上海,20071225,601601.SH,20120119,20.78,21.25,20.58,21.22,20.5,0.72,3.51,193202.44,406644.46,0.3112,0.5223,1.27,21.3266,17.1033,2.4444,1.2882,1.1486,1.6494,1.6494,860000.0,620828.7273,369892.7489,18249200.0,13173985.5933,,,1.062
601601,中国太保,保险,上海,20071225,601601.SH,20120118,20.55,21.15,20.49,20.5,20.68,-0.18,-0.87,213588.26,445515.89,0.344,0.5774,1.6,20.603,16.523,2.3614,1.2445,1.1096,1.7073,1.7073,860000.0,620828.7273,369892.7489,17630000.0,12726988.9097,,,1.062
601601,中国太保,保险,上海,20071225,601601.SH,20120117,19.8,20.81,19.3,20.68,19.85,0.83,4.18,236586.62,476449.543,0.3811,0.6396,1.79,20.7839,16.668,2.3822,1.2554,1.1194,1.6925,1.6925,860000.0,620828.7273,369892.7489,17784800.0,12838738.0806,,,1.062
601601,中国太保,保险,上海,20071225,601601.SH,20120116,19.81,20.21,19.68,19.85,19.95,-0.1,-0.5,82926.13,165674.793,0.1336,0.2242,0.54,19.9497,15.9991,2.2866,1.2051,1.0745,1.7632,1.7632,860000.0,620828.7273,369892.7489,17071000.0,12323450.2369,,,1.062
601601,中国太保,保险,上海,20071225,601601.SH,20120113,20.04,20.18,19.78,19.95,20.03,-0.08,-0.4,107660.46,214835.567,0.1734,0.2911,0.67,20.0503,16.0797,2.2981,1.2111,1.0799,1.7544,1.7544,860000.0,620828.7273,369892.7489,17157000.0,12385533.1096,,,1.062
601601,中国太保,保险,上海,20071225,601601.SH,20120112,20.2,20.6,19.91,20.03,20.2,-0.17,-0.84,121850.42,246366.998,0.1963,0.3294,0.72,20.1307,16.1441,2.3073,1.216,1.0842,1.7474,1.7474,860000.0,620828.7273,369892.7489,17225800.0,12435199.4078,,,1.062
601601,中国太保,保险,上海,20071225,601601.SH,20120111,20.45,20.57,20.02,20.2,20.4,-0.2,-0.98,119070.79,240940.941,0.1918,0.3219,0.66,20.3015,16.2812,2.3269,1.2263,1.0934,1.7327,1.7327,860000.0,620828.7273,369892.7489,17372000.0,12540740.2915,,,1.062
601601,中国太保,保险,上海,20071225,601601.SH,20120110,19.59,20.45,19.59,20.4,19.73,0.67,3.4,227955.86,459966.418,0.3672,0.6163,1.4,20.5025,16.4424,2.3499,1.2384,1.1042,1.7157,1.7157,860000.0,620828.7273,369892.7489,17544000.0,12664906.0369,,,1.062
601601,中国太保,保险,上海,20071225,601601.SH,20120109,19.32,19.78,18.83,19.73,19.23,0.5,2.6,197711.55,381814.735,0.3185,0.5345,1.37,19.8291,15.9023,2.2727,1.1978,1.068,1.7739,1.7739,860000.0,620828.7273,369892.7489,16967800.0,12248950.7896,,,1.062
601601,中国太保,保险,上海,20071225,601601.SH,20120106,19.14,19.26,19.04,19.23,19.12,0.11,0.58,131294.57,251620.051,0.2115,0.355,0.85,19.3266,15.4993,2.2151,1.1674,1.0409,1.8201,1.8201,860000.0,620828.7273,369892.7489,16537800.0,11938536.426,,,1.062
601601,中国太保,保险,上海,20071225,601601.SH,20120105,19.02,19.5,18.95,19.12,19.04,0.08,0.42,169549.8,326208.699,0.2731,0.4584,1.19,19.2161,15.4107,2.2025,1.1607,1.035,1.8305,1.8305,860000.0,620828.7273,369892.7489,16443200.0,11870245.266,,,1.062
601601,中国太保,保险,上海,20071225,601601.SH,20120104,19.27,19.5,19.02,19.04,19.21,-0.17,-0.89,177854.26,342808.357,0.2865,0.4808,1.46,19.1357,15.3462,2.1933,1.1559,1.0306,1.8382,1.8382,860000.0,620828.7273,369892.7489,16374400.0,11820578.9678,,,1.062
601601,中国太保,保险,上海,20071225,601601.SH,20111230,18.81,19.35,18.76,19.21,18.78,0.43,2.29,135945.89,259484.993,0.219,0.3675,1.14,19.3065,15.4832,2.2128,1.1662,1.0398,1.5646,1.822,860000.0,620828.7273,369892.7489,16520600.0,11926119.8514,,,1.062
601601,中国太保,保险,上海,20071225,601601.SH,20111229,18.81,19.15,18.7,18.78,18.9,-0.12,-0.63,107101.41,202425.0,0.1725,0.2895,0.82,18.8744,15.1366,2.1633,1.1401,1.0165,1.6004,1.8637,860000.0,620828.7273,369892.7489,16150800.0,11659163.4987,,,1.062
601601,中国太保,保险,上海,20071225,601601.SH,20111228,18.89,19.0,18.7,18.9,19.05,-0.15,-0.79,184712.06,347999.145,0.2975,0.4994,1.51,18.995,15.2334,2.1771,1.1474,1.023,1.5903,1.8519,860000.0,620828.7273,369892.7489,16254000.0,11733662.946,,,1.062
601601,中国太保,保险,上海,20071225,601601.SH,20111227,18.85,19.3,18.67,19.05,18.75,0.3,1.6,108505.6,206294.497,0.1748,0.2933,0.89,19.1457,15.3543,2.1944,1.1565,1.0312,1.5777,1.8373,860000.0,620828.7273,369892.7489,16383000.0,11826787.2551,,,1.062
601601,中国太保,保险,上海,20071225,601601.SH,20111226,18.79,19.09,18.55,18.75,18.95,-0.2,-1.06,73501.82,138366.617,0.1184,0.1987,0.56,18.8442,15.1125,2.1598,1.1383,1.0149,1.603,1.8667,860000.0,620828.7273,369892.7489,16125000.0,11640538.6369,,,1.062
601601,中国太保,保险,上海,20071225,601601.SH,20111223,18.7,19.18,18.53,18.95,18.7,0.25,1.34,120535.11,227768.084,0.1942,0.3259,0.89,19.0452,15.2737,2.1829,1.1504,1.0257,1.5861,1.847,860000.0,620828.7273,369892.7489,16297000.0,11764704.3823,,,1.062
601601,中国太保,保险,上海,20071225,601601.SH,20111222,18.68,18.88,18.5,18.7,18.7,0.0,0.0,165694.49,309680.333,0.2669,0.448,1.28,18.794,15.0722,2.1541,1.1352,1.0122,1.6073,1.8717,860000.0,620828.7273,369892.7489,16082000.0,11609497.2005,20.57,16.83,1.062
601601,中国太保,保险,上海,20071225,601601.SH,20111221,19.42,19.48,18.6,18.7,19.23,-0.53,-2.76,141733.37,271142.779,0.2283,0.3832,1.21,18.794,15.0722,2.1541,1.1352,1.0122,1.6073,1.8717,860000.0,620828.7273,369892.7489,16082000.0,11609497.2005,,,1.062
601601,中国太保,保险,上海,20071225,601601.SH,20111220,19.0,19.45,18.88,19.23,19.01,0.22,1.16,105559.5,203456.323,0.17,0.2854,0.85,19.3266,15.4993,2.2151,1.1674,1.0409,1.563,1.8201,860000.0,620828.7273,369892.7489,16537800.0,11938536.426,,,1.062
601601,中国太保,保险,上海,20071225,601601.SH,20111219,18.69,19.07,18.28,19.01,18.77,0.24,1.28,127127.51,236219.696,0.2048,0.3437,1.11,19.1055,15.322,2.1898,1.1541,1.029,1.5811,1.8411,860000.0,620828.7273,369892.7489,16348600.0,11801954.106,,,1.062
601601,中国太保,保险,上海,20071225,601601.SH,20111216,18.4,18.94,18.4,18.77,18.37,0.4,2.18,137256.1,256835.412,0.2211,0.3711,1.3,18.8643,15.1286,2.1622,1.1395,1.016,1.6013,1.8647,860000.0,620828.7273,369892.7489,16142200.0,11652955.2114,,,1.062
601601,中国太保,保险,上海,20071225,601601.SH,20111215,18.56,18.99,18.31,18.37,18.72,-0.35,-1.87,133584.1,249347.848,0.2152,0.3611,1.35,18.4623,14.8062,2.1161,1.1152,0.9944,1.6361,1.9053,860000.0,620828.7273,369892.7489,15798200.0,11404623.7205,,,1.062
601601,中国太保,保险,上海,20071225,601601.SH,20111214,18.66,18.99,18.6,18.72,18.65,0.07,0.38,83458.31,156769.557,0.1344,0.2256,0.71,18.8141,15.0883,2.1564,1.1365,1.0133,1.6055,1.8697,860000.0,620828.7273,369892.7489,16099200.0,11621913.7751,,,1.062
601601,中国太保,保险,上海,20071225,601601.SH,20111213,19.03,19.23,18.49,18.65,19.11,-0.46,-2.41,140182.09,264373.943,0.2258,0.379,1.17,18.7437,15.0319,2.1483,1.1322,1.0095,1.6116,1.8767,860000.0,620828.7273,369892.7489,16039000.0,11578455.7641,,,1.062
601601,中国太保,保险,上海,20071225,601601.SH,20111212,19.1,19.37,19.05,19.11,19.1,0.01,0.05,79093.77,151985.315,0.1274,0.2138,0.61,19.206,15.4026,2.2013,1.1601,1.0344,1.5728,1.8315,860000.0,620828.7273,369892.7489,16434600.0,11864036.9787,21.02,17.2,1.062
601601,中国太保,保险,上海,20071225,601601.SH,20111209,19.35,19.5,19.09,19.1,19.53,-0.43,-2.2,92483.94,177963.104,0.149,0.25,0.66,19.196,15.3946,2.2002,1.1595,1.0339,1.5736,1.8325,860000.0,620828.7273,369892.7489,16426000.0,11857828.6914,,,1.062
601601,中国太保,保险,上海,20071225,601601.SH,20111208,19.59,19.77,19.22,19.53,19.68,-0.15,-0.76,98811.14,192246.372,0.1592,0.2671,0.45,19.6281,15.7411,2.2497,1.1856,1.0571,1.539,1.7921,860000.0,620828.7273,369892.7489,16795800.0,12124785.0442,,,1.062
601601,中国太保,保险,上海,20071225,601601.SH,20111207,19.4,19.76,19.31,19.68,19.36,0.32,1.65,176302.37,345016.437,0.284,0.4766,0.8,19.7789,15.862,2.267,1.1947,1.0653,1.5272,1.7785,860000.0,620828.7273,369892.7489,16924800.0,12217909.3533,,,1.062
601601,中国太保,保险,上海,20071225,601601.SH,20111206,19.06,19.42,19.0,19.36,19.08,0.28,1.47,153791.96,296171.387,0.2477,0.4158,0.67,19.4573,15.6041,2.2301,1.1753,1.0479,1.5525,1.8079,860000.0,620828.7273,369892.7489,16649600.0,12019244.1605,,,1.062
601601,中国太保,保险,上海,20071225,601601.SH,20111205,19.32,19.65,18.91,19.08,19.27,-0.19,-0.99,129419.35,249697.67,0.2085,0.3499,0.57,19.1759,15.3784,2.1979,1.1583,1.0328,1.5753,1.8344,860000.0,620828.7273,369892.7489,16408800.0,11845412.1169,,,1.062
601601,中国太保,保险,上海,20071225,601601.SH,20111202,19.12,19.49,18.95,19.27,19.26,0.01,0.05,144865.71,278481.026,0.2333,0.3916,0.63,19.3668,15.5316,2.2197,1.1698,1.0431,1.5597,1.8163,860000.0,620828.7273,369892.7489,16572200.0,11963369.5751,21.2,17.34,1.062
601601,中国太保,保险,上海,20071225,601601.SH,20111201,19.15,19.94,18.94,19.26,18.13,1.13,6.23,503832.45,977286.612,0.8115,1.3621,3.39,19.3568,15.5235,2.2186,1.1692,1.0425,1.5605,1.8172,860000.0,620828.7273,369892.7489,16563600.0,11957161.2878,,,1.062
601601,中国太保,保险,上海,20071225,601601.SH,20111130,18.71,18.77,18.11,18.13,18.9,-0.77,-4.07,165747.8,306130.298,0.267,0.4481,1.12,18.2211,14.6127,2.0884,1.1006,0.9814,1.6578,1.9305,860000.0,620828.7273,369892.7489,15591800.0,11255624.8259,,,1.062
601601,中国太保,保险,上海,20071225,601601.SH,20111129,18.64,18.99,18.46,18.9,18.46,0.44,2.38,211278.91,394953.107,0.3403,0.5712,1.49,18.995,15.2334,2.1771,1.1474,1.023,1.5903,1.8519,860000.0,620828.7273,369892.7489,16254000.0,11733662.946,,,1.062
601601,中国太保,保险,上海,20071225,601601.SH,20111128,18.69,18.79,18.43,18.46,18.53,-0.07,-0.38,118751.73,220500.874,0.1913,0.321,0.84,18.5528,14.8787,2.1264,1.1207,0.9992,1.6282,1.896,860000.0,620828.7273,369892.7489,15875600.0,11460498.306,,,1.062
601601,中国太保,保险,上海,20071225,601601.SH,20111125,18.86,18.86,18.43,18.53,18.88,-0.35,-1.85,146932.12,273024.544,0.2367,0.3972,0.96,18.6231,14.9351,2.1345,1.1249,1.003,1.622,1.8888,860000.0,620828.7273,369892.7489,15935800.0,11503956.3169,,,1.062
601601,中国太保,保险,上海,20071225,601601.SH,20111124,18.6,19.11,18.56,18.88,18.7,0.18,0.96,100407.27,188888.974,0.1617,0.2714,0.55,18.9749,15.2172,2.1748,1.1462,1.022,1.5919,1.8538,860000.0,620828.7273,369892.7489,16236800.0,11721246.3714,,,1.062
601601,中国太保,保险,上海,20071225,601601.SH,20111123,19.22,19.27,18.6,18.7,19.13,-0.43,-2.25,160042.96,300678.695,0.2578,0.4327,0.8,18.794,15.0722,2.1541,1.1352,1.0122,1.6073,1.8717,860000.0,620828.7273,369892.7489,16082000.0,11609497.2005,,,1.062
601601,中国太保,保险,上海,20071225,601601.SH,20111122,19.02,19.5,18.94,19.13,19.13,0.0,0.0,185001.53,355462.448,0.298,0.5001,1.05,19.2261,15.4187,2.2036,1.1613,1.0355,1.5711,1.8296,860000.0,620828.7273,369892.7489,16451800.0,11876453.5532,21.04,17.22,1.062
601601,中国太保,保险,上海,20071225,601601.SH,20111121,18.98,19.14,18.84,19.13,18.97,0.16,0.84,111888.54,211935.962,0.1802,0.3025,0.64,19.2261,15.4187,2.2036,1.1613,1.0355,1.5711,1.8296,860000.0,620828.7273,369892.7489,16451800.0,11876453.5532,,,1.062
601601,中国太保,保险,上海,20071225,601601.SH,20111118,19.26,19.3,18.88,18.97,19.44,-0.47,-2.42,205534.78,392117.485,0.3311,0.5557,1.36,19.0653,15.2898,2.1852,1.1516,1.0268,1.5844,1.845,860000.0,620828.7273,369892.7489,16314200.0,11777120.9569,,,1.062
601601,中国太保,保险,上海,20071225,601601.SH,20111117,19.85,19.88,19.13,19.44,19.83,-0.39,-1.97,247027.63,478137.675,0.3979,0.6678,2.03,19.5377,15.6686,2.2393,1.1802,1.0523,1.5461,1.8004,860000.0,620828.7273,369892.7489,16718400.0,12068910.4587,,,1.062
601601,中国太保,保险,上海,20071225,601601.SH,20111116,20.97,20.99,19.6,19.83,20.92,-1.09,-5.21,253606.78,507908.442,0.4085,0.6856,2.4,19.9296,15.9829,2.2843,1.2038,1.0734,1.5157,1.765,860000.0,620828.7273,369892.7489,17053800.0,12311033.6624,,,1.062
601601,中国太保,保险,上海,20071225,601601.SH,20111115,21.01,21.2,20.69,20.92,21.09,-0.17,-0.81,64689.65,135405.847,0.1042,0.1749,0.56,21.0251,16.8615,2.4098,1.27,1.1324,1.4367,1.673,860000.0,620828.7273,369892.7489,17991200.0,12987736.9751,,,1.062
601601,中国太保,保险,上海,20071225,601601.SH,20111114,20.9,21.2,20.72,21.09,20.58,0.51,2.48,99511.34,209070.021,0.1603,0.269,0.73,21.196,16.9985,2.4294,1.2803,1.1416,1.4251,1.6596,860000.0,620828.7273,369892.7489,18137400.0,13093277.8588,,,1.062
601601,中国太保,保险,上海,20071225,601601.SH,20111111,20.66,20.92,20.54,20.58,20.74,-0.16,-0.77,89952.64,186651.215,0.1449,0.2432,0.61,20.6834,16.5874,2.3707,1.2494,1.114,1.4604,1.7007,860000.0,620828.7273,369892.7489,17698800.0,12776655.2078,,,1.062
601601,中国太保,保险,上海,20071225,601601.SH,20111110,21.0,21.16,20.69,20.74,21.29,-0.55,-2.58,101363.67,211330.606,0.1633,0.274,0.54,20.8442,16.7164,2.3891,1.2591,1.1226,1.4492,1.6876,860000.0,620828.7273,369892.7489,17836400.0,12875987.8042,,,1.062
601601,中国太保,保险,上海,20071225,601601.SH,20111109,20.96,21.55,20.88,21.29,20.83,0.46,2.21,172495.26,365858.332,0.2778,0.4663,0.84,21.397,17.1597,2.4524,1.2925,1.1524,1.4117,1.644,860000.0,620828.7273,369892.7489,18309400.0,13217443.6042,,,1.062
601601,中国太保,保险,上海,20071225,601601.SH,20111108,20.85,21.01,20.63,20.83,20.75,0.08,0.39,112077.59,233635.045,0.1805,0.303,0.46,20.9347,16.7889,2.3994,1.2645,1.1275,1.4429,1.6803,860000.0,620828.7273,369892.7489,17913800.0,12931862.3897,,,1.062
601601,中国太保,保险,上海,20071225,601601.SH,20111107,21.06,21.16,20.6,20.75,21.33,-0.58,-2.72,206029.96,428263.635,0.3319,0.557,0.9,20.8543,16.7245,2.3902,1.2597,1.1232,1.4485,1.6867,860000.0,620828.7273,369892.7489,17845000.0,12882196.0915,,,1.062
601601,中国太保,保险,上海,20071225,601601.SH,20111104,21.47,21.72,21.28,21.33,21.29,0.04,0.19,150346.59,323176.869,0.2422,0.4065,0.62,21.4372,17.1919,2.457,1.2949,1.1546,1.4091,1.6409,860000.0,620828.7273,369892.7489,18343800.0,13242276.7533,23.46,19.2,1.062
601601,中国太保,保险,上海,20071225,601601.SH,20111103,21.15,21.95,21.06,21.29,21.11,0.18,0.85,302308.76,653222.932,0.4869,0.8173,1.46,21.397,17.1597,2.4524,1.2925,1.1524,1.4117,1.644,860000.0,620828.7273,369892.7489,18309400.0,13217443.6042,,,1.062
601601,中国太保,保险,上海,20071225,601601.SH,20111102,19.83,21.29,19.83,21.11,20.35,0.76,3.73,252097.91,521707.871,0.4061,0.6815,1.27,21.2161,17.0146,2.4317,1.2815,1.1427,1.4238,1.658,860000.0,620828.7273,369892.7489,18154600.0,13105694.4333,,,1.062
601601,中国太保,保险,上海,20071225,601601.SH,20111101,19.65,21.03,19.6,20.35,19.79,0.56,2.83,311895.91,639654.3,0.5024,0.8432,1.83,20.4523,16.4021,2.3442,1.2354,1.1015,1.4769,1.7199,860000.0,620828.7273,369892.7489,17501000.0,12633864.6006,,,1.062
601601,中国太保,保险,上海,20071225,601601.SH,20111031,19.82,20.28,19.68,19.79,19.97,-0.18,-0.9,127642.56,255182.793,0.2056,0.3451,0.68,19.8894,15.9507,2.2796,1.2014,1.0712,1.5187,1.7686,860000.0,620828.7273,369892.7489,17019400.0,12286200.5133,,,1.062
601601,中国太保,保险,上海,20071225,601601.SH,20111028,19.9,20.5,19.83,19.97,19.62,0.35,1.78,214092.68,431392.086,0.3448,0.5788,1.25,20.0704,16.0958,2.3004,1.2123,1.081,1.505,1.7526,860000.0,620828.7273,369892.7489,17174200.0,12397949.6842,,,1.062
601601,中国太保,保险,上海,20071225,601601.SH,20111027,19.5,19.64,19.28,19.62,19.44,0.18,0.93,130975.36,254894.287,0.211,0.3541,0.69,19.7186,15.8137,2.2601,1.1911,1.062,1.5319,1.7839,860000.0,620828.7273,369892.7489,16873200.0,12180659.6296,,,1.062
601601,中国太保,保险,上海,20071225,601601.SH,20111026,18.92,19.59,18.88,19.44,18.88,0.56,2.97,204695.19,395546.982,0.3297,0.5534,0.98,19.5377,15.6686,2.2393,1.1802,1.0523,1.5461,1.8004,860000.0,620828.7273,369892.7489,16718400.0,12068910.4587,,,1.062
601601,中国太保,保险,上海,20071225,601601.SH,20111025,18.69,19.11,18.56,18.88,18.74,0.14,0.75,176743.69,333943.683,0.2847,0.4778,0.91,18.9749,15.2172,2.1748,1.1462,1.022,1.5919,1.8538,860000.0,620828.7273,369892.7489,16236800.0,11721246.3714,,,1.062
601601,中国太保,保险,上海,20071225,601601.SH,20111024,18.02,18.92,18.02,18.74,17.89,0.85,4.75,212051.47,391028.599,0.3416,0.5733,1.23,18.8342,15.1044,2.1587,1.1377,1.0144,1.6038,1.8677,860000.0,620828.7273,369892.7489,16116400.0,11634330.3496,,,1.062
601601,中国太保,保险,上海,20071225,601601.SH,20111021,18.02,18.35,17.82,17.89,18.06,-0.17,-0.94,132731.98,239859.499,0.2138,0.3588,0.83,17.9799,14.4193,2.0608,1.0861,0.9684,1.68,1.9564,860000.0,620828.7273,369892.7489,15385400.0,11106625.9314,,,1.062
601601,中国太保,保险,上海,20071225,601601.SH,20111020,18.49,18.49,17.7,18.06,18.6,-0.54,-2.9,218726.87,395695.891,0.3523,0.5913,1.65,18.1508,14.5563,2.0804,1.0964,0.9776,1.6642,1.938,860000.0,620828.7273,369892.7489,15531600.0,11212166.815,,,1.062
601601,中国太保,保险,上海,20071225,601601.SH,20111019,19.47,19.49,18.5,18.6,19.31,-0.71,-3.68,304650.25,572397.142,0.4907,0.8236,2.75,18.6935,14.9916,2.1426,1.1292,1.0068,1.6159,1.8817,860000.0,620828.7273,369892.7489,15996000.0,11547414.3278,,,1.062
601601,中国太保,保险,上海,20071225,601601.SH,20111018,19.68,19.85,19.21,19.31,19.86,-0.55,-2.77,102642.78,198829.355,0.1653,0.2775,0.83,19.407,16.0388,2.0808,1.1723,1.0627,1.5565,1.8125,860000.0,620828.7273,369892.7489,16606600.0,11988202.7242,,,1.062
601601,中国太保,保险,上海,20071225,601601.SH,20111017,19.81,20.27,19.73,19.86,19.73,0.13,0.66,100316.69,200827.892,0.1616,0.2712,0.83,19.9598,16.4957,2.1401,1.2057,1.093,1.5134,1.7623,860000.0,620828.7273,369892.7489,17079600.0,12329658.5242,,,1.062
601601,中国太保,保险,上海,20071225,601601.SH,20111014,19.74,19.84,19.59,19.73,19.73,0.0,0.0,76408.41,150659.578,0.1231,0.2066,0.6,19.8291,16.3877,2.1261,1.1978,1.0858,1.5234,1.7739,860000.0,620828.7273,369892.7489,16967800.0,12248950.7896,21.7,17.76,1.062
601601,中国太保,保险,上海,20071225,601601.SH,20111013,19.78,19.88,19.62,19.73,19.8,-0.07,-0.35,79213.84,156278.717,0.1276,0.2142,0.6,19.8291,16.3877,2.1261,1.1978,1.0858,1.5234,1.7739,860000.0,620828.7273,369892.7489,16967800.0,12248950.7896,,,1.062
601601,中国太保,保险,上海,20071225,601601.SH,20111012,18.82,19.99,18.74,19.8,18.95,0.85,4.49,195961.71,383723.86,0.3156,0.5298,1.62,19.8995,16.4458,2.1336,1.202,1.0897,1.518,1.7677,860000.0,620828.7273,369892.7489,17028000.0,12292408.8005,,,1.062
601601,中国太保,保险,上海,20071225,601601.SH,20111011,19.21,19.3,18.8,18.95,18.59,0.36,1.94,167185.11,318235.016,0.2693,0.452,1.35,19.0452,15.7398,2.042,1.1504,1.0429,1.5861,1.847,860000.0,620828.7273,369892.7489,16297000.0,11764704.3823,,,1.062
601601,中国太保,保险,上海,20071225,601601.SH,20111010,18.59,18.8,18.49,18.59,18.49,0.1,0.54,84945.53,158321.62,0.1368,0.2296,0.5,18.6834,15.4408,2.0032,1.1286,1.0231,1.6168,1.8827,860000.0,620828.7273,369892.7489,15987400.0,11541206.0405,,,1.062
601601,中国太保,保险,上海,20071225,601601.SH,20110930,18.55,18.72,18.38,18.49,18.42,0.07,0.38,108810.26,202107.701,0.1753,0.2942,0.6,18.5829,15.3577,1.9924,1.1225,1.0176,1.6255,1.8929,860000.0,620828.7273,369892.7489,15901400.0,11479123.1678,,,1.062
601601,中国太保,保险,上海,20071225,601601.SH,20110929,18.4,18.69,18.21,18.42,18.39,0.03,0.16,101619.22,187239.492,0.1637,0.2747,0.53,18.5126,15.2996,1.9849,1.1182,1.0137,1.6317,1.9001,860000.0,620828.7273,369892.7489,15841200.0,11435665.1569,20.26,16.58,1.062
601601,中国太保,保险,上海,20071225,601601.SH,20110928,19.01,19.16,18.21,18.39,18.85,-0.46,-2.44,143411.93,268410.321,0.231,0.3877,0.66,18.4824,15.2747,1.9817,1.1164,1.0121,1.6344,1.9032,860000.0,620828.7273,369892.7489,15815400.0,11417040.295,,,1.062
601601,中国太保,保险,上海,20071225,601601.SH,20110927,19.0,19.25,18.79,18.85,18.65,0.2,1.07,180633.18,343935.795,0.291,0.4883,0.92,18.9447,15.6568,2.0312,1.1443,1.0374,1.5945,1.8568,860000.0,620828.7273,369892.7489,16211000.0,11702621.5096,,,1.062
601601,中国太保,保险,上海,20071225,601601.SH,20110926,20.01,20.05,18.2,18.65,20.07,-1.42,-7.08,315409.01,601972.994,0.508,0.8527,2.03,18.7437,15.4906,2.0097,1.1322,1.0264,1.6116,1.8767,860000.0,620828.7273,369892.7489,16039000.0,11578455.7641,,,1.062
601601,中国太保,保险,上海,20071225,601601.SH,20110923,19.82,20.28,19.77,20.07,20.04,0.03,0.15,169564.52,338329.508,0.2731,0.4584,1.17,20.1709,16.6701,2.1627,1.2184,1.1045,1.4976,1.7439,860000.0,620828.7273,369892.7489,17260200.0,12460032.5569,22.08,18.06,1.062
601601,中国太保,保险,上海,20071225,601601.SH,20110922,20.78,20.89,20.0,20.04,20.91,-0.87,-4.16,146089.6,298855.465,0.2353,0.395,1.02,20.1407,16.6452,2.1595,1.2166,1.1029,1.4998,1.7465,860000.0,620828.7273,369892.7489,17234400.0,12441407.6951,,,1.062
601601,中国太保,保险,上海,20071225,601601.SH,20110921,20.38,21.35,20.21,20.91,20.41,0.5,2.45,267062.42,556613.624,0.4302,0.722,2.36,21.0151,17.3678,2.2532,1.2694,1.1507,1.4374,1.6738,860000.0,620828.7273,369892.7489,17982600.0,12981528.6878,,,1.062
601601,中国太保,保险,上海,20071225,601601.SH,20110920,20.15,20.43,20.05,20.41,20.09,0.32,1.59,81683.04,165504.735,0.1316,0.2208,0.7,20.5126,16.9525,2.1993,1.239,1.1232,1.4726,1.7148,860000.0,620828.7273,369892.7489,17552600.0,12671114.3242,,,1.062
601601,中国太保,保险,上海,20071225,601601.SH,20110919,20.28,20.28,20.02,20.09,20.52,-0.43,-2.1,114381.61,230342.248,0.1842,0.3092,0.98,20.191,16.6867,2.1648,1.2196,1.1056,1.4961,1.7422,860000.0,620828.7273,369892.7489,17277400.0,12472449.1315,,,1.062
601601,中国太保,保险,上海,20071225,601601.SH,20110916,20.48,20.78,20.33,20.52,20.31,0.21,1.03,117138.67,240776.794,0.1887,0.3167,1.08,20.6231,17.0438,2.2112,1.2457,1.1293,1.4647,1.7057,860000.0,620828.7273,369892.7489,17647200.0,12739405.4842,,,1.062
601601,中国太保,保险,上海,20071225,601601.SH,20110915,20.32,20.72,20.28,20.31,20.25,0.06,0.3,137335.34,281857.006,0.2212,0.3713,1.32,20.4121,16.8694,2.1886,1.233,1.1177,1.4799,1.7233,860000.0,620828.7273,369892.7489,17466600.0,12609031.4515,,,1.062
601601,中国太保,保险,上海,20071225,601601.SH,20110914,20.42,20.58,20.0,20.25,20.31,-0.06,-0.3,114163.45,230735.647,0.1839,0.3086,1.16,20.3518,16.8196,2.1821,1.2293,1.1144,1.4842,1.7284,860000.0,620828.7273,369892.7489,17415000.0,12571781.7278,,,1.062
601601,中国太保,保险,上海,20071225,601601.SH,20110913,20.29,20.5,20.13,20.31,20.6,-0.29,-1.41,96372.5,195985.892,0.1552,0.2605,0.82,20.4121,16.8694,2.1886,1.233,1.1177,1.4799,1.7233,860000.0,620828.7273,369892.7489,17466600.0,12609031.4515,,,1.062
601601,中国太保,保险,上海,20071225,601601.SH,20110909,20.4,20.83,20.25,20.6,20.26,0.34,1.68,120799.9,248092.42,0.1946,0.3266,0.99,20.7035,17.1103,2.2198,1.2506,1.1337,1.459,1.699,860000.0,620828.7273,369892.7489,17716000.0,12789071.7824,,,1.062
601601,中国太保,保险,上海,20071225,601601.SH,20110908,20.5,20.5,20.22,20.26,20.41,-0.15,-0.73,71965.1,146467.614,0.1159,0.1946,0.53,20.3618,16.8279,2.1832,1.2299,1.115,1.4835,1.7275,860000.0,620828.7273,369892.7489,17423600.0,12577990.0151,,,1.062
601601,中国太保,保险,上海,20071225,601601.SH,20110907,20.18,20.46,20.01,20.41,20.01,0.4,2.0,117322.84,238248.497,0.189,0.3172,0.89,20.5126,16.9525,2.1993,1.239,1.1232,1.4726,1.7148,860000.0,620828.7273,369892.7489,17552600.0,12671114.3242,,,1.062
601601,中国太保,保险,上海,20071225,601601.SH,20110906,19.89,20.07,19.82,20.01,19.94,0.07,0.35,86954.71,173451.469,0.1401,0.2351,0.53,20.1106,16.6202,2.1562,1.2148,1.1012,1.502,1.7491,860000.0,620828.7273,369892.7489,17208600.0,12422782.8333,,,1.062
601601,中国太保,保险,上海,20071225,601601.SH,20110905,20.14,20.17,19.9,19.94,20.41,-0.47,-2.3,191594.6,383498.647,0.3086,0.518,1.17,20.0402,16.5621,2.1487,1.2105,1.0974,1.5073,1.7553,860000.0,620828.7273,369892.7489,17148400.0,12379324.8224,,,1.062
601601,中国太保,保险,上海,20071225,601601.SH,20110902,20.81,20.9,20.21,20.41,20.91,-0.5,-2.39,142642.21,291685.493,0.2298,0.3856,0.86,20.5126,16.9525,2.1993,1.239,1.1232,1.4726,1.7148,860000.0,620828.7273,369892.7489,17552600.0,12671114.3242,,,1.062
601601,中国太保,保险,上海,20071225,601601.SH,20110901,20.87,21.11,20.6,20.91,20.72,0.19,0.92,139797.57,291095.816,0.2252,0.3779,0.69,21.0151,17.3678,2.2532,1.2694,1.1507,1.4374,1.6738,860000.0,620828.7273,369892.7489,17982600.0,12981528.6878,,,1.062
601601,中国太保,保险,上海,20071225,601601.SH,20110831,20.56,20.94,20.53,20.72,20.6,0.12,0.58,100921.06,209262.345,0.1626,0.2728,0.48,20.8241,17.21,2.2327,1.2579,1.1403,1.4506,1.6892,860000.0,620828.7273,369892.7489,17819200.0,12863571.2297,,,1.062
601601,中国太保,保险,上海,20071225,601601.SH,20110830,20.95,21.4,20.52,20.6,20.88,-0.28,-1.34,241755.02,508410.288,0.3894,0.6536,1.31,20.7035,17.1103,2.2198,1.2506,1.1337,1.459,1.699,860000.0,620828.7273,369892.7489,17716000.0,12789071.7824,,,1.062
601601,中国太保,保险,上海,20071225,601601.SH,20110829,20.71,21.01,20.5,20.88,21.01,-0.13,-0.62,194794.65,404276.195,0.3138,0.5266,1.08,20.9849,17.3429,2.25,1.2676,1.1491,1.4395,1.6762,860000.0,620828.7273,369892.7489,17956800.0,12962903.826,,,1.062
601601,中国太保,保险,上海,20071225,601601.SH,20110826,20.9,21.06,20.71,21.01,20.94,0.07,0.33,148700.9,310410.492,0.2395,0.402,0.77,21.1156,19.6547,2.264,1.2755,1.2133,1.4305,1.6659,860000.0,620828.7273,369892.7489,18068600.0,13043611.5606,,,1.062
601601,中国太保,保险,上海,20071225,601601.SH,20110825,20.2,21.08,20.1,20.94,20.1,0.84,4.18,324107.36,672174.113,0.5221,0.8762,2.01,21.0452,19.5893,2.2564,1.2712,1.2093,1.4353,1.6714,860000.0,620828.7273,369892.7489,18008400.0,13000153.5497,,,1.062
601601,中国太保,保险,上海,20071225,601601.SH,20110824,20.44,20.54,19.99,20.1,20.39,-0.29,-1.42,147715.41,298593.114,0.2379,0.3993,0.94,20.201,18.8034,2.1659,1.2202,1.1607,1.4953,1.7413,860000.0,620828.7273,369892.7489,17286000.0,12478657.4187,,,1.062
601601,中国太保,保险,上海,20071225,601601.SH,20110823,20.0,20.4,19.9,20.39,20.0,0.39,1.95,106462.58,215450.759,0.1715,0.2878,0.66,20.4925,19.0747,2.1972,1.2378,1.1775,1.474,1.7165,860000.0,620828.7273,369892.7489,17535400.0,12658697.7496,,,1.062
601601,中国太保,保险,上海,20071225,601601.SH,20110822,19.88,20.3,19.79,20.0,19.8,0.2,1.01,173326.19,346960.979,0.2792,0.4686,1.05,20.1005,18.7099,2.1551,1.2142,1.155,1.5028,1.75,860000.0,620828.7273,369892.7489,17200000.0,12416574.546,,,1.062
601601,中国太保,保险,上海,20071225,601601.SH,20110819,19.89,20.09,19.59,19.8,20.08,-0.28,-1.39,218202.71,432468.963,0.3515,0.5899,1.45,19.8995,18.5228,2.1336,1.202,1.1434,1.518,1.7677,860000.0,620828.7273,369892.7489,17028000.0,12292408.8005,,,1.062
601601,中国太保,保险,上海,20071225,601601.SH,20110818,20.7,20.76,20.01,20.08,20.64,-0.56,-2.71,161483.84,328050.289,0.2601,0.4366,1.02,20.1809,18.7847,2.1638,1.219,1.1596,1.4968,1.743,860000.0,620828.7273,369892.7489,17268800.0,12466240.8442,,,1.062
601601,中国太保,保险,上海,20071225,601601.SH,20110817,20.94,21.03,20.58,20.64,20.93,-0.29,-1.39,129698.74,268805.699,0.2089,0.3506,0.75,20.7437,19.3086,2.2241,1.253,1.1919,1.4562,1.6957,860000.0,620828.7273,369892.7489,17750400.0,12813904.9315,,,1.062
601601,中国太保,保险,上海,20071225,601601.SH,20110816,21.01,21.21,20.8,20.93,21.12,-0.19,-0.9,121049.94,254013.491,0.195,0.3273,0.56,21.0352,19.5799,2.2554,1.2706,1.2087,1.436,1.6722,860000.0,620828.7273,369892.7489,17999800.0,12993945.2624,,,1.062
601601,中国太保,保险,上海,20071225,601601.SH,20110815,20.6,21.18,20.4,21.12,20.47,0.65,3.18,195022.64,407486.619,0.3141,0.5272,0.85,21.2261,19.7576,2.2758,1.2822,1.2196,1.4231,1.6572,860000.0,620828.7273,369892.7489,18163200.0,13111902.7206,,,1.062
601601,中国太保,保险,上海,20071225,601601.SH,20110812,20.57,20.76,20.4,20.47,20.61,-0.14,-0.68,143912.55,295690.702,0.2318,0.3891,0.55,20.5729,19.1496,2.2058,1.2427,1.1821,1.4683,1.7098,860000.0,620828.7273,369892.7489,17604200.0,12708364.0478,,,1.062
601601,中国太保,保险,上海,20071225,601601.SH,20110811,19.8,20.68,19.74,20.61,20.04,0.57,2.84,205781.42,417626.756,0.3315,0.5563,0.8,20.7136,19.2805,2.2209,1.2512,1.1902,1.4583,1.6982,860000.0,620828.7273,369892.7489,17724600.0,12795280.0697,,,1.062
601601,中国太保,保险,上海,20071225,601601.SH,20110810,20.45,20.53,19.98,20.04,20.12,-0.08,-0.4,199291.0,401766.499,0.321,0.5388,0.8,20.1407,18.7473,2.1595,1.2166,1.1573,1.4998,1.7465,860000.0,620828.7273,369892.7489,17234400.0,12441407.6951,,,1.062
601601,中国太保,保险,上海,20071225,601601.SH,20110809,19.3,20.5,19.15,20.12,19.76,0.36,1.82,338471.33,674911.469,0.5452,0.9151,1.67,20.2211,18.8221,2.1681,1.2214,1.1619,1.4938,1.7396,860000.0,620828.7273,369892.7489,17303200.0,12491073.9933,,,1.062
601601,中国太保,保险,上海,20071225,601601.SH,20110808,19.9,20.35,19.41,19.76,20.05,-0.29,-1.45,262354.22,519098.946,0.4226,0.7093,1.47,19.8593,18.4854,2.1293,1.1996,1.1411,1.521,1.7713,860000.0,620828.7273,369892.7489,16993600.0,12267575.6514,,,1.062
601601,中国太保,保险,上海,20071225,601601.SH,20110805,20.1,20.49,20.0,20.05,20.73,-0.68,-3.28,310761.21,628156.825,0.5006,0.8401,1.95,20.1508,18.7567,2.1605,1.2172,1.1579,1.499,1.7456,860000.0,620828.7273,369892.7489,17243000.0,12447615.9824,,,1.062
601601,中国太保,保险,上海,20071225,601601.SH,20110804,20.88,21.15,20.68,20.73,20.8,-0.07,-0.34,171722.72,359052.736,0.2766,0.4643,1.09,20.8342,19.3928,2.2338,1.2585,1.1971,1.4499,1.6884,860000.0,620828.7273,369892.7489,17827800.0,12869779.5169,,,1.062
601601,中国太保,保险,上海,20071225,601601.SH,20110803,20.7,21.1,20.62,20.8,21.0,-0.2,-0.95,154859.96,322111.645,0.2494,0.4187,1.0,20.9045,19.4583,2.2414,1.2627,1.2012,1.445,1.6827,860000.0,620828.7273,369892.7489,17888000.0,12913237.5278,,,1.062
601601,中国太保,保险,上海,20071225,601601.SH,20110802,20.85,21.05,20.5,21.0,21.08,-0.08,-0.38,114448.11,237457.798,0.1843,0.3094,0.75,21.1055,19.6454,2.2629,1.2749,1.2127,1.4312,1.6667,860000.0,620828.7273,369892.7489,18060000.0,13037403.2733,,,1.062
601601,中国太保,保险,上海,20071225,601601.SH,20110801,20.88,21.27,20.65,21.08,20.91,0.17,0.81,142830.92,300808.677,0.2301,0.3861,0.86,21.1859,19.7202,2.2715,1.2797,1.2173,1.4258,1.6603,860000.0,620828.7273,369892.7489,18128800.0,13087069.5715,,,1.062
601601,中国太保,保险,上海,20071225,601601.SH,20110729,20.58,21.33,20.49,20.91,20.5,0.41,2.0,213572.85,445326.237,0.344,0.5774,1.42,21.0151,19.5612,2.2532,1.2694,1.2075,1.4374,1.6738,860000.0,620828.7273,369892.7489,17982600.0,12981528.6878,,,1.062
601601,中国太保,保险,上海,20071225,601601.SH,20110728,20.6,20.77,20.45,20.5,20.91,-0.41,-1.96,160468.09,329632.368,0.2585,0.4338,1.0,20.603,19.1776,2.209,1.2445,1.1838,1.4661,1.7073,860000.0,620828.7273,369892.7489,17630000.0,12726988.9097,,,1.062
601601,中国太保,保险,上海,20071225,601601.SH,20110727,20.8,21.0,20.58,20.91,21.06,-0.15,-0.71,139331.69,289380.947,0.2244,0.3767,0.85,21.0151,19.5612,2.2532,1.2694,1.2075,1.4374,1.6738,860000.0,620828.7273,369892.7489,17982600.0,12981528.6878,,,1.062
601601,中国太保,保险,上海,20071225,601601.SH,20110726,20.73,21.16,20.65,21.06,20.71,0.35,1.69,101919.19,213197.743,0.1642,0.2755,0.62,21.1658,19.7015,2.2694,1.2785,1.2162,1.4272,1.6619,860000.0,620828.7273,369892.7489,18111600.0,13074652.9969,,,1.062
601601,中国太保,保险,上海,20071225,601601.SH,20110725,21.36,21.46,20.66,20.71,21.54,-0.83,-3.85,215006.58,449998.654,0.3463,0.5813,1.37,20.8141,19.3741,2.2317,1.2573,1.196,1.4513,1.69,860000.0,620828.7273,369892.7489,17810600.0,12857362.9424,,,1.062
601601,中国太保,保险,上海,20071225,601601.SH,20110722,21.58,21.74,21.34,21.54,21.5,0.04,0.19,137398.06,295773.531,0.2213,0.3715,0.9,21.6482,20.1505,2.3211,1.3076,1.2439,1.3953,1.6249,860000.0,620828.7273,369892.7489,18524400.0,13372650.786,23.69,19.39,1.062
601601,中国太保,保险,上海,20071225,601601.SH,20110721,22.1,22.15,21.46,21.5,22.01,-0.51,-2.32,212495.37,459300.564,0.3423,0.5745,1.59,21.608,20.1131,2.3168,1.3052,1.2416,1.3979,1.6279,860000.0,620828.7273,369892.7489,18490000.0,13347817.637,,,1.062
601601,中国太保,保险,上海,20071225,601601.SH,20110720,21.88,22.22,21.83,22.01,21.69,0.32,1.48,151579.54,334135.555,0.2442,0.4098,1.07,22.1206,20.5902,2.3717,1.3362,1.271,1.3656,1.5902,860000.0,620828.7273,369892.7489,18928600.0,13664440.2879,,,1.062
601601,中国太保,保险,上海,20071225,601601.SH,20110719,21.84,21.92,21.63,21.69,21.9,-0.21,-0.96,110724.17,240815.283,0.1783,0.2993,0.74,21.799,20.2909,2.3373,1.3168,1.2526,1.3857,1.6136,860000.0,620828.7273,369892.7489,18653400.0,13465775.0951,,,1.062
601601,中国太保,保险,上海,20071225,601601.SH,20110718,22.32,22.4,21.78,21.9,22.23,-0.33,-1.48,172660.2,380954.95,0.2781,0.4668,1.22,22.0101,20.4873,2.3599,1.3295,1.2647,1.3724,1.5982,860000.0,620828.7273,369892.7489,18834000.0,13596149.1279,,,1.062
601601,中国太保,保险,上海,20071225,601601.SH,20110715,22.1,22.38,21.95,22.23,22.15,0.08,0.36,112422.71,249437.279,0.1811,0.3039,0.8,22.3417,20.796,2.3954,1.3495,1.2837,1.352,1.5744,860000.0,620828.7273,369892.7489,19117800.0,13801022.6079,,,1.062
601601,中国太保,保险,上海,20071225,601601.SH,20110714,22.2,22.22,22.0,22.15,22.14,0.01,0.05,122833.19,271718.751,0.1979,0.3321,0.66,22.2613,20.7212,2.3868,1.3447,1.2791,1.3569,1.5801,860000.0,620828.7273,369892.7489,19049000.0,13751356.3097,24.37,19.94,1.062
601601,中国太保,保险,上海,20071225,601601.SH,20110713,21.8,22.4,21.8,22.14,21.81,0.33,1.51,192769.42,425535.9,0.3105,0.5211,1.06,22.2513,20.7118,2.3857,1.3441,1.2785,1.3575,1.5808,860000.0,620828.7273,369892.7489,19040400.0,13745148.0224,,,1.062
601601,中国太保,保险,上海,20071225,601601.SH,20110712,22.17,22.28,21.78,21.81,22.35,-0.54,-2.42,146227.31,320501.219,0.2355,0.3953,0.81,21.9196,20.4031,2.3502,1.324,1.2595,1.3781,1.6048,860000.0,620828.7273,369892.7489,18756600.0,13540274.5424,,,1.062
601601,中国太保,保险,上海,20071225,601601.SH,20110711,22.3,22.45,22.11,22.35,22.45,-0.1,-0.45,133694.45,297701.581,0.2153,0.3614,0.67,22.4623,20.9083,2.4084,1.3568,1.2907,1.3448,1.566,860000.0,620828.7273,369892.7489,19221000.0,13875522.0552,,,1.062
601601,中国太保,保险,上海,20071225,601601.SH,20110708,22.59,22.88,22.4,22.45,22.58,-0.13,-0.58,104753.93,236725.78,0.1687,0.2832,0.48,22.5628,21.0018,2.4192,1.3629,1.2965,1.3388,1.559,860000.0,620828.7273,369892.7489,19307000.0,13937604.9279,,,1.062
601601,中国太保,保险,上海,20071225,601601.SH,20110707,23.01,23.24,22.43,22.58,22.67,-0.09,-0.4,358201.82,818254.649,0.577,0.9684,1.6,22.6935,21.1235,2.4332,1.3708,1.304,1.3311,1.55,860000.0,620828.7273,369892.7489,19418800.0,14018312.6624,,,1.062
601601,中国太保,保险,上海,20071225,601601.SH,20110706,22.56,22.95,22.29,22.67,22.66,0.01,0.04,170295.71,382832.123,0.2743,0.4604,0.77,22.7839,21.2077,2.4429,1.3762,1.3092,1.3258,1.5439,860000.0,620828.7273,369892.7489,19496200.0,14074187.2479,24.94,20.4,1.062
601601,中国太保,保险,上海,20071225,601601.SH,20110705,22.9,22.95,22.41,22.66,22.85,-0.19,-0.83,140382.24,317530.916,0.2261,0.3795,0.65,22.7739,21.1983,2.4418,1.3756,1.3086,1.3264,1.5446,860000.0,620828.7273,369892.7489,19487600.0,14067978.9606,,,1.062
601601,中国太保,保险,上海,20071225,601601.SH,20110704,22.45,23.07,22.45,22.85,22.4,0.45,2.01,219541.99,502469.838,0.3536,0.5935,1.03,22.9648,21.376,2.4623,1.3872,1.3195,1.3154,1.5317,860000.0,620828.7273,369892.7489,19651000.0,14185936.4188,,,1.062
601601,中国太保,保险,上海,20071225,601601.SH,20110701,22.39,22.54,22.17,22.4,22.39,0.01,0.04,193717.14,433093.591,0.312,0.5237,0.81,22.5126,20.9551,2.4138,1.3599,1.2936,1.3418,2.9043,860000.0,620828.7273,369892.7489,19264000.0,13906563.4915,24.64,20.16,1.062
601601,中国太保,保险,上海,20071225,601601.SH,20110630,21.53,22.55,21.45,22.39,21.4,0.99,4.63,392892.99,875094.707,0.6329,1.0622,2.03,22.5025,20.9457,2.4127,1.3592,1.293,1.3424,2.9056,860000.0,620828.7273,369892.7489,19255400.0,13900355.2042,,,1.062
601601,中国太保,保险,上海,20071225,601601.SH,20110629,21.59,21.85,21.3,21.4,21.58,-0.18,-0.83,155536.21,335957.896,0.2505,0.4205,0.81,21.5075,20.0196,2.306,1.2991,1.2358,1.4045,3.04,860000.0,620828.7273,369892.7489,18404000.0,13285734.7642,,,1.062
601601,中国太保,保险,上海,20071225,601601.SH,20110628,21.75,21.89,21.35,21.58,21.73,-0.15,-0.69,116389.58,250839.146,0.1875,0.3147,0.58,21.6884,20.188,2.3254,1.3101,1.2462,1.3928,3.0146,860000.0,620828.7273,369892.7489,18558800.0,13397483.9351,,,1.062
601601,中国太保,保险,上海,20071225,601601.SH,20110627,21.6,21.97,21.5,21.73,21.6,0.13,0.6,202246.12,440234.308,0.3258,0.5468,1.09,21.8392,20.3283,2.3416,1.3192,1.2549,1.3831,2.9938,860000.0,620828.7273,369892.7489,18687800.0,13490608.2442,,,1.062
601601,中国太保,保险,上海,20071225,601601.SH,20110624,20.72,21.76,20.66,21.6,20.71,0.89,4.3,336044.2,719357.425,0.5413,0.9085,2.39,21.7085,20.2067,2.3276,1.3113,1.2474,1.3915,3.0118,860000.0,620828.7273,369892.7489,18576000.0,13409900.5097,,,1.062
601601,中国太保,保险,上海,20071225,601601.SH,20110623,20.45,21.19,20.36,21.06,20.58,0.48,2.33,156749.32,325790.531,0.2525,0.4238,1.16,21.1658,19.7015,2.1869,1.2785,1.2162,1.4272,1.4272,860000.0,620828.7273,369892.7489,18111600.0,13074652.9969,,,1.062
601601,中国太保,保险,上海,20071225,601601.SH,20110622,20.38,20.7,20.35,20.58,20.31,0.27,1.33,144365.51,296260.224,0.2325,0.3903,1.07,20.6834,19.2525,2.137,1.2494,1.1885,1.4604,1.4604,860000.0,620828.7273,369892.7489,17698800.0,12776655.2078,,,1.044
601601,中国太保,保险,上海,20071225,601601.SH,20110621,20.06,20.45,19.9,20.31,20.0,0.31,1.55,160403.6,323866.972,0.2584,0.4336,1.11,20.4121,18.9999,2.109,1.233,1.1729,1.4799,1.4799,860000.0,620828.7273,369892.7489,17466600.0,12609031.4515,,,1.044
601601,中国太保,保险,上海,20071225,601601.SH,20110620,20.26,20.3,19.88,20.0,20.21,-0.21,-1.04,127807.49,256248.795,0.2059,0.3455,0.76,20.1005,18.7099,2.0768,1.2142,1.155,1.5028,1.5028,860000.0,620828.7273,369892.7489,17200000.0,12416574.546,,,1.044
601601,中国太保,保险,上海,20071225,601601.SH,20110617,20.45,20.5,20.16,20.21,20.38,-0.17,-0.83,114985.42,234031.966,0.1852,0.3109,0.66,20.3116,18.9063,2.0986,1.2269,1.1671,1.4872,1.4872,860000.0,620828.7273,369892.7489,17380600.0,12546948.5787,,,1.044
601601,中国太保,保险,上海,20071225,601601.SH,20110616,20.4,20.62,20.13,20.38,20.54,-0.16,-0.78,126692.44,258149.895,0.2041,0.3425,0.67,20.4824,19.0654,2.1163,1.2372,1.1769,1.4748,1.4748,860000.0,620828.7273,369892.7489,17526800.0,12652489.4624,,,1.044
601601,中国太保,保险,上海,20071225,601601.SH,20110615,20.9,21.02,20.43,20.54,20.99,-0.45,-2.14,145424.03,301013.616,0.2342,0.3932,0.78,20.6432,19.2151,2.1329,1.2469,1.1862,1.4633,1.4633,860000.0,620828.7273,369892.7489,17664400.0,12751822.0587,,,1.044
601601,中国太保,保险,上海,20071225,601601.SH,20110614,20.64,21.1,20.53,20.99,20.7,0.29,1.4,205762.59,430469.114,0.3314,0.5563,1.3,21.0955,19.636,2.1796,1.2743,1.2121,1.4319,1.4319,860000.0,620828.7273,369892.7489,18051400.0,13031194.986,,,1.044
601601,中国太保,保险,上海,20071225,601601.SH,20110613,20.88,20.97,20.34,20.7,21.16,-0.46,-2.17,243083.65,500458.421,0.3915,0.6572,1.66,20.804,19.3647,2.1495,1.2567,1.1954,1.452,1.452,860000.0,620828.7273,369892.7489,17802000.0,12851154.6551,,,1.044
601601,中国太保,保险,上海,20071225,601601.SH,20110610,21.28,21.32,20.81,21.16,21.15,0.01,0.05,143917.0,302973.665,0.2318,0.3891,0.84,21.2663,19.7951,2.1973,1.2846,1.222,1.4204,1.4204,860000.0,620828.7273,369892.7489,18197600.0,13136735.8697,23.28,19.04,1.044
601601,中国太保,保险,上海,20071225,601601.SH,20110609,21.55,21.6,20.95,21.15,21.61,-0.46,-2.13,200676.79,425479.508,0.3232,0.5425,1.28,21.2563,19.7857,2.1962,1.284,1.2214,1.4211,1.4211,860000.0,620828.7273,369892.7489,18189000.0,13130527.5824,,,1.044
601601,中国太保,保险,上海,20071225,601601.SH,20110608,21.75,21.75,21.15,21.61,21.65,-0.04,-0.18,134218.0,287627.832,0.2162,0.3629,0.8,21.7186,20.216,2.244,1.3119,1.2479,1.3908,1.3908,860000.0,620828.7273,369892.7489,18584600.0,13416108.797,,,1.044
601601,中国太保,保险,上海,20071225,601601.SH,20110607,21.35,21.76,21.32,21.65,21.53,0.12,0.56,72344.85,155994.543,0.1165,0.1956,0.4,21.7588,20.2535,2.2482,1.3143,1.2503,1.3883,1.3883,860000.0,620828.7273,369892.7489,18619000.0,13440941.946,,,1.044
601601,中国太保,保险,上海,20071225,601601.SH,20110603,21.21,21.65,21.15,21.53,21.26,0.27,1.27,178849.01,383482.94,0.2881,0.4835,1.01,21.6382,20.1412,2.2357,1.307,1.2433,1.396,1.396,860000.0,620828.7273,369892.7489,18515800.0,13366442.4988,,,1.044
601601,中国太保,保险,上海,20071225,601601.SH,20110602,21.6,21.81,20.85,21.26,21.86,-0.6,-2.74,267474.65,568772.735,0.4308,0.7231,1.83,21.3668,19.8886,2.2077,1.2906,1.2277,1.4137,1.4137,860000.0,620828.7273,369892.7489,18283600.0,13198818.7424,,,1.044
601601,中国太保,保险,上海,20071225,601601.SH,20110601,22.02,22.02,21.78,21.86,22.11,-0.25,-1.13,131506.26,287979.125,0.2118,0.3555,0.96,21.9698,20.4499,2.27,1.3271,1.2624,1.3749,1.3749,860000.0,620828.7273,369892.7489,18799600.0,13571315.9788,,,1.044
601601,中国太保,保险,上海,20071225,601601.SH,20110531,21.88,22.22,21.64,22.11,21.85,0.26,1.19,191998.99,420566.559,0.3093,0.5191,1.66,22.2211,20.6838,2.2959,1.3423,1.2768,1.3594,1.3594,860000.0,620828.7273,369892.7489,19014600.0,13726523.1606,,,1.044
601601,中国太保,保险,上海,20071225,601601.SH,20110530,21.8,22.04,21.7,21.85,21.88,-0.03,-0.14,126146.46,276204.321,0.2032,0.341,0.99,21.9598,20.4406,2.2689,1.3265,1.2618,1.3756,1.3756,860000.0,620828.7273,369892.7489,18791000.0,13565107.6915,24.04,19.67,1.044
601601,中国太保,保险,上海,20071225,601601.SH,20110527,21.71,21.97,21.6,21.88,21.68,0.2,0.92,164110.84,358592.64,0.2643,0.4437,1.42,21.9899,20.4686,2.272,1.3283,1.2635,1.3737,1.3737,860000.0,620828.7273,369892.7489,18816800.0,13583732.5533,,,1.044
601601,中国太保,保险,上海,20071225,601601.SH,20110526,21.75,21.88,21.54,21.68,21.6,0.08,0.37,116204.01,251872.808,0.1872,0.3142,0.87,21.7889,20.2815,2.2513,1.3161,1.252,1.3863,1.3863,860000.0,620828.7273,369892.7489,18644800.0,13459566.8079,,,1.044
601601,中国太保,保险,上海,20071225,601601.SH,20110525,21.76,21.93,21.55,21.6,21.84,-0.24,-1.1,84143.94,182677.38,0.1355,0.2275,0.53,21.7085,20.2067,2.243,1.3113,1.2474,1.3915,1.3915,860000.0,620828.7273,369892.7489,18576000.0,13409900.5097,,,1.044
601601,中国太保,保险,上海,20071225,601601.SH,20110524,21.73,21.94,21.7,21.84,21.74,0.1,0.46,88571.32,193440.543,0.1427,0.2395,0.51,21.9497,20.4312,2.2679,1.3259,1.2612,1.3762,1.3762,860000.0,620828.7273,369892.7489,18782400.0,13558899.4042,,,1.044
601601,中国太保,保险,上海,20071225,601601.SH,20110523,22.28,22.28,21.7,21.74,22.33,-0.59,-2.64,185684.5,407467.076,0.2991,0.502,1.12,21.8492,20.3376,2.2575,1.3198,1.2554,1.3825,1.3825,860000.0,620828.7273,369892.7489,18696400.0,13496816.5315,,,1.044
601601,中国太保,保险,上海,20071225,601601.SH,20110520,22.2,22.42,22.17,22.33,22.26,0.07,0.31,103912.3,231536.203,0.1674,0.2809,0.62,22.4422,20.8896,2.3188,1.3556,1.2895,1.346,1.346,860000.0,620828.7273,369892.7489,19203800.0,13863105.4806,,,1.044
601601,中国太保,保险,上海,20071225,601601.SH,20110519,22.51,22.7,22.18,22.26,22.39,-0.13,-0.58,204705.64,458439.238,0.3297,0.5534,1.34,22.3719,20.8241,2.3115,1.3514,1.2855,1.3502,1.3502,860000.0,620828.7273,369892.7489,19143600.0,13819647.4697,,,1.044
601601,中国太保,保险,上海,20071225,601601.SH,20110517,22.33,22.69,22.18,22.39,22.28,0.11,0.49,208503.55,467420.584,0.3358,0.5637,1.47,22.5025,20.9457,2.325,1.3592,1.293,1.3424,1.3424,860000.0,620828.7273,369892.7489,19255400.0,13900355.2042,,,1.044
601601,中国太保,保险,上海,20071225,601601.SH,20110516,22.76,22.85,22.26,22.28,22.79,-0.51,-2.24,160844.44,361496.744,0.2591,0.4348,0.99,22.392,20.8428,2.3136,1.3526,1.2866,1.349,1.349,860000.0,620828.7273,369892.7489,19160800.0,13832064.0442,,,1.044
601601,中国太保,保险,上海,20071225,601601.SH,20110513,22.63,22.85,22.35,22.79,22.41,0.38,1.7,152993.75,346038.085,0.2464,0.4136,0.83,22.9045,21.3199,2.3665,1.3835,1.3161,1.3188,1.3188,860000.0,620828.7273,369892.7489,19599400.0,14148686.6952,,,1.044
601601,中国太保,保险,上海,20071225,601601.SH,20110512,22.37,22.76,22.31,22.41,22.55,-0.14,-0.62,106129.07,239135.722,0.1709,0.2869,0.49,22.5226,20.9644,2.3271,1.3605,1.2941,1.3412,1.3412,860000.0,620828.7273,369892.7489,19272600.0,13912771.7788,,,1.044
601601,中国太保,保险,上海,20071225,601601.SH,20110511,22.6,22.85,22.4,22.55,22.7,-0.15,-0.66,135669.04,306662.317,0.2185,0.3668,0.56,22.6633,21.0954,2.3416,1.369,1.3022,1.3329,1.3329,860000.0,620828.7273,369892.7489,19393000.0,13999687.8006,,,1.044
601601,中国太保,保险,上海,20071225,601601.SH,20110510,22.3,22.72,22.1,22.7,22.24,0.46,2.07,151731.1,340353.116,0.2444,0.4102,0.6,22.8141,21.2357,2.3572,1.3781,1.3109,1.324,1.324,860000.0,620828.7273,369892.7489,19522000.0,14092812.1097,,,1.044
601601,中国太保,保险,上海,20071225,601601.SH,20110509,22.6,22.65,22.05,22.24,22.47,-0.23,-1.02,262359.7,585085.354,0.4226,0.7093,1.06,22.3518,20.8054,2.3094,1.3501,1.2843,1.3514,1.3514,860000.0,620828.7273,369892.7489,19126400.0,13807230.8952,,,1.044
601601,中国太保,保险,上海,20071225,601601.SH,20110506,22.4,22.6,22.22,22.47,22.58,-0.11,-0.49,260984.96,584846.32,0.4204,0.7056,0.97,22.5829,21.0206,2.3333,1.3641,1.2976,1.3376,1.3376,860000.0,620828.7273,369892.7489,19324200.0,13950021.5024,,,1.044
601601,中国太保,保险,上海,20071225,601601.SH,20110505,23.03,23.09,22.56,22.58,23.04,-0.46,-2.0,267220.48,609566.698,0.4304,0.7224,1.06,22.6935,21.1235,2.3447,1.3708,1.304,1.3311,1.3311,860000.0,620828.7273,369892.7489,19418800.0,14018312.6624,,,1.044
601601,中国太保,保险,上海,20071225,601601.SH,20110504,24.22,24.22,23.0,23.04,24.27,-1.23,-5.07,273451.71,643932.647,0.4405,0.7393,1.13,23.1558,21.5538,2.3925,1.3987,1.3305,1.3045,1.3045,860000.0,620828.7273,369892.7489,19814400.0,14303893.877,,,1.044
601601,中国太保,保险,上海,20071225,601601.SH,20110503,24.25,24.47,24.02,24.27,24.25,0.02,0.08,190153.78,462077.432,0.3063,0.5141,0.79,24.392,22.7044,2.5202,1.4734,1.4016,1.2384,1.2384,860000.0,620828.7273,369892.7489,20872200.0,15067513.2116,,,1.044
601601,中国太保,保险,上海,20071225,601601.SH,20110429,24.0,24.48,23.33,24.25,24.0,0.25,1.04,249688.12,596029.544,0.4022,0.675,1.06,24.3719,22.6857,2.5181,1.4722,1.4004,1.2394,1.2394,860000.0,620828.7273,369892.7489,20855000.0,15055096.637,,,1.044
601601,中国太保,保险,上海,20071225,601601.SH,20110428,23.77,24.42,23.61,24.0,23.53,0.47,2.0,362321.5,872841.668,0.5836,0.9795,1.78,24.1206,24.1206,2.5705,1.457,1.457,1.2523,1.2523,860000.0,620828.7273,369892.7489,20640000.0,14899889.4552,,,1.044
601601,中国太保,保险,上海,20071225,601601.SH,20110427,23.55,23.72,23.29,23.53,23.39,0.14,0.6,190663.61,449091.09,0.3071,0.5155,0.9,23.6482,23.6482,2.5201,1.4285,1.4285,1.2773,1.2773,860000.0,620828.7273,369892.7489,20235800.0,14608099.9534,,,1.044
601601,中国太保,保险,上海,20071225,601601.SH,20110426,23.65,23.9,23.12,23.39,23.68,-0.29,-1.22,222363.04,522213.798,0.3582,0.6012,0.95,23.5075,23.5075,2.5051,1.42,1.42,1.285,1.285,860000.0,620828.7273,369892.7489,20115400.0,14521183.9315,,,1.044
601601,中国太保,保险,上海,20071225,601601.SH,20110425,23.95,23.95,23.4,23.68,24.08,-0.4,-1.66,178215.47,421857.237,0.2871,0.4818,0.64,23.799,23.799,2.5362,1.4376,1.4376,1.2692,1.2692,860000.0,620828.7273,369892.7489,20364800.0,14701224.2625,,,1.044
601601,中国太保,保险,上海,20071225,601601.SH,20110422,24.42,24.68,23.97,24.08,24.42,-0.34,-1.39,225843.72,549869.111,0.3638,0.6106,0.74,24.201,24.201,2.579,1.4618,1.4618,1.2482,1.2482,860000.0,620828.7273,369892.7489,20708800.0,14949555.7534,,,1.044
601601,中国太保,保险,上海,20071225,601601.SH,20110421,24.41,24.8,24.25,24.42,24.22,0.2,0.83,199387.88,488490.669,0.3212,0.539,0.48,24.5427,24.5427,2.6154,1.4825,1.4825,1.2308,1.2308,860000.0,620828.7273,369892.7489,21001200.0,15160637.5207,,,1.044
601601,中国太保,保险,上海,20071225,601601.SH,20110420,24.51,24.6,24.0,24.22,24.38,-0.16,-0.66,238354.88,578902.456,0.3839,0.6444,0.54,24.3417,24.3417,2.594,1.4703,1.4703,1.241,1.241,860000.0,620828.7273,369892.7489,20829200.0,15036471.7752,26.86,21.98,1.044
601601,中国太保,保险,上海,20071225,601601.SH,20110419,24.8,24.96,24.13,24.38,25.08,-0.7,-2.79,332718.47,817452.783,0.5359,0.8995,0.79,24.5025,24.5025,2.6112,1.4801,1.4801,1.2328,1.2328,860000.0,620828.7273,369892.7489,20966800.0,15135804.3716,,,1.044
601601,中国太保,保险,上海,20071225,601601.SH,20110418,24.78,25.47,24.7,25.08,24.89,0.19,0.76,395702.77,997373.341,0.6374,1.0698,0.94,25.206,25.206,2.6861,1.5226,1.5226,1.1984,1.1984,860000.0,620828.7273,369892.7489,21568800.0,15570384.4807,,,1.044
601601,中国太保,保险,上海,20071225,601601.SH,20110415,24.48,24.99,24.35,24.89,24.51,0.38,1.55,369287.04,913272.99,0.5948,0.9984,0.94,25.0151,25.0151,2.6658,1.511,1.511,1.2075,1.2075,860000.0,620828.7273,369892.7489,21405400.0,15452427.0225,,,1.044
601601,中国太保,保险,上海,20071225,601601.SH,20110414,24.1,24.89,24.05,24.51,24.19,0.32,1.32,723094.17,1779461.866,1.1647,1.9549,2.35,24.6332,24.6332,2.6251,1.488,1.488,1.2263,1.2263,860000.0,620828.7273,369892.7489,21078600.0,15216512.1061,,,1.044
601601,中国太保,保险,上海,20071225,601601.SH,20110413,23.19,24.28,23.09,24.19,23.28,0.91,3.91,371834.41,882017.039,0.5989,1.0052,0.93,24.3116,24.3116,2.5908,1.4685,1.4685,1.2425,1.2425,860000.0,620828.7273,369892.7489,20803400.0,15017846.9134,,,1.044
601601,中国太保,保险,上海,20071225,601601.SH,20110412,23.4,23.5,23.0,23.28,23.48,-0.2,-0.85,237894.47,551850.963,0.3832,0.6431,0.6,23.397,23.397,2.4933,1.4133,1.4133,1.2911,1.2911,860000.0,620828.7273,369892.7489,20020800.0,14452892.7715,,,1.044
601601,中国太保,保险,上海,20071225,601601.SH,20110411,23.75,24.12,23.42,23.48,23.62,-0.14,-0.59,396215.87,943209.478,0.6382,1.0712,1.13,23.598,23.598,2.5148,1.4254,1.4254,1.2801,1.2801,860000.0,620828.7273,369892.7489,20192800.0,14577058.517,,,1.044
601601,中国太保,保险,上海,20071225,601601.SH,20110408,23.44,23.84,23.31,23.62,23.46,0.16,0.68,230844.97,544808.434,0.3718,0.6241,0.67,23.7387,23.7387,2.5298,1.4339,1.4339,1.2725,1.2725,860000.0,620828.7273,369892.7489,20313200.0,14663974.5388,25.83,21.13,1.044
601601,中国太保,保险,上海,20071225,601601.SH,20110407,23.6,23.68,23.36,23.46,23.55,-0.09,-0.38,299450.21,703915.217,0.4823,0.8096,0.84,23.5779,23.5779,2.5126,1.4242,1.4242,1.2812,1.2812,860000.0,620828.7273,369892.7489,20175600.0,14564641.9425,,,1.044
601601,中国太保,保险,上海,20071225,601601.SH,20110406,23.0,23.93,22.99,23.55,22.83,0.72,3.15,824851.63,1940462.35,1.3286,2.23,3.07,23.6683,23.6683,2.5223,1.4297,1.4297,1.2763,1.2763,860000.0,620828.7273,369892.7489,20253000.0,14620516.5279,,,1.044
601601,中国太保,保险,上海,20071225,601601.SH,20110401,22.18,22.85,22.1,22.83,22.12,0.71,3.21,219670.31,495417.989,0.3538,0.5939,0.76,22.9447,22.9447,2.4451,1.386,1.386,1.3165,1.3165,860000.0,620828.7273,369892.7489,19633800.0,14173519.8443,,,1.044
601601,中国太保,保险,上海,20071225,601601.SH,20110331,22.52,22.58,22.08,22.12,22.47,-0.35,-1.56,171980.16,383050.332,0.277,0.4649,0.59,22.2312,22.2312,2.3691,1.3429,1.3429,1.3588,1.3588,860000.0,620828.7273,369892.7489,19023200.0,13732731.4479,,,1.044
601601,中国太保,保险,上海,20071225,601601.SH,20110330,22.8,23.03,22.4,22.47,22.73,-0.26,-1.14,205956.63,467026.904,0.3317,0.5568,0.7,22.5829,22.5829,2.4066,1.3641,1.3641,1.3376,1.3376,860000.0,620828.7273,369892.7489,19324200.0,13950021.5024,,,1.044
601601,中国太保,保险,上海,20071225,601601.SH,20110329,22.46,23.05,22.42,22.73,22.49,0.24,1.07,354404.49,807955.498,0.5709,0.9581,1.38,22.8442,22.8442,2.4344,1.3799,1.3799,1.3223,1.3223,860000.0,620828.7273,369892.7489,19547800.0,14111436.9715,24.72,20.22,1.044
601601,中国太保,保险,上海,20071225,601601.SH,20110328,22.36,22.9,22.36,22.49,22.26,0.23,1.03,390062.41,884322.777,0.6283,1.0545,1.86,22.603,22.603,2.4087,1.3653,1.3653,1.3364,1.3364,860000.0,620828.7273,369892.7489,19341400.0,13962438.077,,,1.044
601601,中国太保,保险,上海,20071225,601601.SH,20110325,22.13,22.46,21.95,22.26,22.02,0.24,1.09,330331.65,734489.517,0.5321,0.893,1.85,26.0245,23.3459,2.4353,1.8352,1.4948,1.3477,1.3477,860000.0,620828.7273,369892.7489,19143600.0,13819647.4697,,,1.044
601601,中国太保,保险,上海,20071225,601601.SH,20110324,22.2,22.3,22.0,22.02,22.2,-0.18,-0.81,175706.0,389044.689,0.283,0.475,0.87,25.7439,23.0941,2.4091,1.8154,1.4786,1.3624,1.3624,860000.0,620828.7273,369892.7489,18937200.0,13670648.5751,,,1.044
601601,中国太保,保险,上海,20071225,601601.SH,20110323,22.18,22.31,21.91,22.2,22.17,0.03,0.14,215506.01,476909.863,0.3471,0.5826,1.09,25.9543,23.2829,2.4288,1.8303,1.4907,1.3514,1.3514,860000.0,620828.7273,369892.7489,19092000.0,13782397.7461,,,1.044
601601,中国太保,保险,上海,20071225,601601.SH,20110322,22.1,22.3,21.88,22.17,21.91,0.26,1.19,168949.16,373963.181,0.2721,0.4568,0.67,25.9192,23.2515,2.4255,1.8278,1.4887,1.3532,1.3532,860000.0,620828.7273,369892.7489,19066200.0,13763772.8842,,,1.044
601601,中国太保,保险,上海,20071225,601601.SH,20110321,21.91,22.09,21.86,21.91,21.78,0.13,0.6,155885.48,342688.479,0.2511,0.4214,0.6,25.6153,22.9788,2.397,1.8064,1.4713,1.3692,1.3692,860000.0,620828.7273,369892.7489,18842600.0,13602357.4151,,,1.044
601601,中国太保,保险,上海,20071225,601601.SH,20110318,21.93,22.04,21.7,21.78,21.69,0.09,0.41,175659.95,384735.928,0.2829,0.4749,0.68,25.4633,22.8424,2.3828,1.7956,1.4625,1.3774,1.3774,860000.0,620828.7273,369892.7489,18730800.0,13521649.6806,,,1.044
601601,中国太保,保险,上海,20071225,601601.SH,20110317,22.01,22.09,21.58,21.69,22.22,-0.53,-2.39,295877.25,645817.713,0.4766,0.7999,1.16,25.3581,22.748,2.373,1.7882,1.4565,1.3831,1.3831,860000.0,620828.7273,369892.7489,18653400.0,13465775.0951,,,1.044
601601,中国太保,保险,上海,20071225,601601.SH,20110316,22.1,22.28,22.01,22.22,21.92,0.3,1.37,190154.96,421103.698,0.3063,0.5141,0.7,25.9777,23.3039,2.4309,1.8319,1.4921,1.3501,1.3501,860000.0,620828.7273,369892.7489,19109200.0,13794814.3206,,,1.044
601601,中国太保,保险,上海,20071225,601601.SH,20110315,22.49,22.5,21.8,21.92,22.54,-0.62,-2.75,434753.82,957930.341,0.7003,1.1754,1.77,25.627,22.9893,2.3981,1.8072,1.4719,1.3686,1.3686,860000.0,620828.7273,369892.7489,18851200.0,13608565.7024,,,1.044
601601,中国太保,保险,上海,20071225,601601.SH,20110314,22.49,22.6,22.36,22.54,22.69,-0.15,-0.66,196424.3,441469.664,0.3164,0.531,0.6,26.3518,23.6395,2.466,1.8583,1.5136,1.331,1.331,860000.0,620828.7273,369892.7489,19384400.0,13993479.5133,,,1.044
601601,中国太保,保险,上海,20071225,601601.SH,20110311,22.85,23.08,22.6,22.69,22.93,-0.24,-1.05,174186.04,398947.685,0.2806,0.4709,0.48,26.5272,23.7968,2.4824,1.8707,1.5236,1.3222,1.3222,860000.0,620828.7273,369892.7489,19513400.0,14086603.8224,,,1.044
601601,中国太保,保险,上海,20071225,601601.SH,20110310,23.53,23.6,22.9,22.93,23.68,-0.75,-3.17,278251.03,644980.954,0.4482,0.7522,0.67,26.8078,24.0485,2.5086,1.8904,1.5397,1.3083,1.3083,860000.0,620828.7273,369892.7489,19719800.0,14235602.717,,,1.044
601601,中国太保,保险,上海,20071225,601601.SH,20110309,23.79,24.12,23.49,23.68,23.71,-0.03,-0.13,266693.36,634864.04,0.4296,0.721,0.64,27.6846,24.8351,2.5907,1.9523,1.5901,1.2669,1.2669,860000.0,620828.7273,369892.7489,20364800.0,14701224.2625,,,1.044
601601,中国太保,保险,上海,20071225,601601.SH,20110308,23.85,24.14,23.44,23.71,23.96,-0.25,-1.04,315215.03,749385.004,0.5077,0.8522,0.75,27.7197,24.8666,2.594,1.9548,1.5921,1.2653,1.2653,860000.0,620828.7273,369892.7489,20390600.0,14719849.1243,,,1.044
601601,中国太保,保险,上海,20071225,601601.SH,20110307,23.44,24.15,23.44,23.96,23.37,0.59,2.52,611615.13,1456420.297,0.9852,1.6535,1.87,28.012,25.1288,2.6213,1.9754,1.6089,1.2521,1.2521,860000.0,620828.7273,369892.7489,20605600.0,14875056.3061,,,1.044
601601,中国太保,保险,上海,20071225,601601.SH,20110304,23.1,23.45,22.85,23.37,23.11,0.26,1.13,324762.75,752130.161,0.5231,0.878,1.04,27.3222,24.51,2.5568,1.9267,1.5693,1.2837,1.2837,860000.0,620828.7273,369892.7489,20098200.0,14508767.357,,,1.044
601601,中国太保,保险,上海,20071225,601601.SH,20110303,22.86,23.63,22.74,23.11,22.83,0.28,1.23,568369.07,1318676.616,0.9155,1.5366,2.45,27.0182,24.2373,2.5283,1.9053,1.5518,1.2981,1.2981,860000.0,620828.7273,369892.7489,19874600.0,14347351.8879,,,1.044
601601,中国太保,保险,上海,20071225,601601.SH,20110302,22.5,22.95,22.44,22.83,22.73,0.1,0.44,248350.0,563645.402,0.4,0.6714,1.1,26.6909,23.9437,2.4977,1.8822,1.533,1.3141,1.3141,860000.0,620828.7273,369892.7489,19633800.0,14173519.8443,,,1.044
601601,中国太保,保险,上海,20071225,601601.SH,20110301,22.45,22.86,22.33,22.73,22.44,0.29,1.29,334637.99,757611.042,0.539,0.9047,1.55,26.574,23.8388,2.4867,1.874,1.5263,1.3198,1.3198,860000.0,620828.7273,369892.7489,19547800.0,14111436.9715,,,1.044
601601,中国太保,保险,上海,20071225,601601.SH,20110228,22.35,22.53,22.05,22.44,22.35,0.09,0.4,159867.96,357246.301,0.2575,0.4322,0.71,26.2349,23.5346,2.455,1.85,1.5068,1.3369,1.3369,860000.0,620828.7273,369892.7489,19298400.0,13931396.6406,,,1.044
601601,中国太保,保险,上海,20071225,601601.SH,20110225,22.19,22.65,21.97,22.35,22.18,0.17,0.77,246084.75,549077.052,0.3964,0.6653,0.95,26.1297,23.4402,2.4452,1.8426,1.5008,1.3423,1.3423,860000.0,620828.7273,369892.7489,19221000.0,13875522.0552,,,1.044
601601,中国太保,保险,上海,20071225,601601.SH,20110224,22.06,22.3,21.95,22.18,22.16,0.02,0.09,173270.13,382797.964,0.2791,0.4684,0.61,25.9309,23.262,2.4266,1.8286,1.4894,1.3526,1.3526,860000.0,620828.7273,369892.7489,19074800.0,13769981.1715,,,1.044
601601,中国太保,保险,上海,20071225,601601.SH,20110223,22.11,22.35,21.96,22.16,22.12,0.04,0.18,212325.7,468970.192,0.342,0.574,0.74,25.9076,23.241,2.4244,1.827,1.488,1.3538,1.3538,860000.0,620828.7273,369892.7489,19057600.0,13757564.597,,,1.044
601601,中国太保,保险,上海,20071225,601601.SH,20110222,22.97,23.01,22.07,22.12,22.86,-0.74,-3.24,288487.62,646775.6,0.4647,0.7799,1.02,25.8608,23.199,2.42,1.8237,1.4854,1.3562,1.3562,860000.0,620828.7273,369892.7489,19023200.0,13732731.4479,,,1.044
601601,中国太保,保险,上海,20071225,601601.SH,20110221,22.51,22.92,22.45,22.86,22.63,0.23,1.02,204915.12,466401.068,0.3301,0.554,0.6,26.7259,23.9751,2.501,1.8847,1.535,1.3123,1.3123,860000.0,620828.7273,369892.7489,19659600.0,14192144.7061,,,1.044
601601,中国太保,保险,上海,20071225,601601.SH,20110218,23.2,23.25,22.55,22.63,23.38,-0.75,-3.21,416360.87,951590.839,0.6707,1.1256,1.42,26.457,23.7339,2.4758,1.8657,1.5196,1.3257,1.3257,860000.0,620828.7273,369892.7489,19461800.0,14049354.0988,,,1.044
601601,中国太保,保险,上海,20071225,601601.SH,20110217,23.5,23.75,22.96,23.38,23.51,-0.13,-0.55,286664.6,667376.569,0.4617,0.775,1.04,27.3339,24.5205,2.5579,1.9275,1.57,1.2831,1.2831,860000.0,620828.7273,369892.7489,20106800.0,14514975.6443,,,1.044
601601,中国太保,保险,上海,20071225,601601.SH,20110216,23.51,23.73,23.2,23.51,23.49,0.02,0.09,231881.85,541613.416,0.3735,0.6269,0.87,27.4859,24.6568,2.5721,1.9383,1.5787,1.2761,1.2761,860000.0,620828.7273,369892.7489,20218600.0,14595683.3788,,,1.044
601601,中国太保,保险,上海,20071225,601601.SH,20110215,23.81,24.05,23.45,23.49,23.82,-0.33,-1.39,276517.72,656530.311,0.4454,0.7476,1.12,27.4625,24.6359,2.5699,1.9366,1.5773,1.2771,1.2771,860000.0,620828.7273,369892.7489,20201400.0,14583266.8043,,,1.044
601601,中国太保,保险,上海,20071225,601601.SH,20110214,22.7,23.85,22.7,23.82,22.62,1.2,5.31,483055.98,1129529.491,0.7781,1.3059,2.76,27.8483,24.982,2.606,1.9638,1.5995,1.2594,1.2594,860000.0,620828.7273,369892.7489,20485200.0,14788140.2843,,,1.044
601601,中国太保,保险,上海,20071225,601601.SH,20110211,22.35,22.8,22.28,22.62,22.52,0.1,0.44,191290.67,430801.825,0.3081,0.5172,1.17,26.4454,23.7234,2.4747,1.8649,1.5189,1.3263,1.3263,860000.0,620828.7273,369892.7489,19453200.0,14043145.8115,,,1.044
601601,中国太保,保险,上海,20071225,601601.SH,20110210,22.07,22.62,21.89,22.52,22.03,0.49,2.22,193281.71,429466.422,0.3113,0.5225,1.18,26.3284,23.6185,2.4638,1.8566,1.5122,1.3321,1.3321,860000.0,620828.7273,369892.7489,19367200.0,13981062.9388,,,1.044
601601,中国太保,保险,上海,20071225,601601.SH,20110209,22.18,22.52,21.95,22.03,22.26,-0.23,-1.03,193298.88,430805.209,0.3114,0.5226,1.26,25.7556,23.1046,2.4102,1.8162,1.4793,1.3618,1.3618,860000.0,620828.7273,369892.7489,18945800.0,13676856.8624,,,1.044
601601,中国太保,保险,上海,20071225,601601.SH,20110201,22.34,22.34,21.84,22.26,22.34,-0.08,-0.36,168290.16,371186.62,0.2711,0.455,1.16,26.0245,23.3459,2.4353,1.8352,1.4948,1.3477,1.3477,860000.0,620828.7273,369892.7489,19143600.0,13819647.4697,,,1.044
601601,中国太保,保险,上海,20071225,601601.SH,20110131,22.15,22.45,22.02,22.34,22.14,0.2,0.9,130122.76,289583.713,0.2096,0.3518,0.89,26.118,23.4298,2.4441,1.8418,1.5001,1.3429,1.3429,860000.0,620828.7273,369892.7489,19212400.0,13869313.7679,,,1.044
601601,中国太保,保险,上海,20071225,601601.SH,20110128,22.09,22.36,21.9,22.14,22.12,0.02,0.09,132043.31,291598.321,0.2127,0.357,0.77,25.8842,23.22,2.4222,1.8253,1.4867,1.355,1.355,860000.0,620828.7273,369892.7489,19040400.0,13745148.0224,,,1.044
601601,中国太保,保险,上海,20071225,601601.SH,20110127,21.58,22.4,21.38,22.12,21.8,0.32,1.47,193930.42,426894.202,0.3124,0.5243,1.05,25.8608,23.199,2.42,1.8237,1.4854,1.3562,1.3562,860000.0,620828.7273,369892.7489,19023200.0,13732731.4479,,,1.044
601601,中国太保,保险,上海,20071225,601601.SH,20110126,21.6,22.0,21.54,21.8,21.5,0.3,1.4,145472.88,317494.169,0.2343,0.3933,0.78,25.4867,22.8634,2.385,1.7973,1.4639,1.3761,1.3761,860000.0,620828.7273,369892.7489,18748000.0,13534066.2551,,,1.044
601601,中国太保,保险,上海,20071225,601601.SH,20110125,21.3,21.82,21.26,21.5,21.33,0.17,0.8,122899.41,264689.071,0.198,0.3323,0.64,25.1359,22.5488,2.3522,1.7725,1.4437,1.3953,1.3953,860000.0,620828.7273,369892.7489,18490000.0,13347817.637,,,1.044
601601,中国太保,保险,上海,20071225,601601.SH,20110124,21.8,21.8,21.3,21.33,21.77,-0.44,-2.02,138006.33,296462.629,0.2223,0.3731,0.61,24.9372,22.3705,2.3336,1.7585,1.4323,1.4065,1.4065,860000.0,620828.7273,369892.7489,18343800.0,13242276.7533,,,1.044
601601,中国太保,保险,上海,20071225,601601.SH,20110121,21.62,22.46,21.3,21.77,21.6,0.17,0.79,259853.45,568256.842,0.4186,0.7025,1.22,25.4516,22.832,2.3817,1.7948,1.4618,1.378,1.378,860000.0,620828.7273,369892.7489,18722200.0,13515441.3933,,,1.044
601601,中国太保,保险,上海,20071225,601601.SH,20110120,22.65,22.68,21.52,21.6,22.8,-1.2,-5.26,259373.44,572224.74,0.4178,0.7012,1.14,25.2529,22.6537,2.3631,1.7808,1.4504,1.3889,1.3889,860000.0,620828.7273,369892.7489,18576000.0,13409900.5097,23.95,19.59,1.044
601601,中国太保,保险,上海,20071225,601601.SH,20110119,22.4,22.84,22.16,22.8,22.41,0.39,1.74,156544.99,351897.351,0.2522,0.4232,0.56,26.6558,23.9122,2.4944,1.8797,1.531,1.3158,1.3158,860000.0,620828.7273,369892.7489,19608000.0,14154894.9824,,,1.044
601601,中国太保,保险,上海,20071225,601601.SH,20110118,22.3,22.44,21.9,22.41,22.22,0.19,0.86,148105.75,327673.759,0.2386,0.4004,0.5,26.1998,23.5032,2.4517,1.8476,1.5048,1.3387,1.3387,860000.0,620828.7273,369892.7489,19272600.0,13912771.7788,,,1.044
601601,中国太保,保险,上海,20071225,601601.SH,20110117,22.92,23.41,22.03,22.22,23.14,-0.92,-3.98,304956.71,690306.309,0.4912,0.8244,1.04,25.9777,23.3039,2.4309,1.8319,1.4921,1.3501,1.3501,860000.0,620828.7273,369892.7489,19109200.0,13794814.3206,,,1.044
601601,中国太保,保险,上海,20071225,601601.SH,20110114,23.18,23.33,22.95,23.14,23.3,-0.16,-0.69,193281.33,447090.74,0.3113,0.5225,0.57,27.0533,24.2688,2.5316,1.9078,1.5538,1.2965,1.2965,860000.0,620828.7273,369892.7489,19900400.0,14365976.7497,24.44,20.0,1.044
601601,中国太保,保险,上海,20071225,601601.SH,20110113,23.47,23.5,23.0,23.3,23.29,0.01,0.04,336333.77,784135.422,0.5417,0.9093,0.92,27.2403,24.4366,2.5491,1.9209,1.5646,1.2876,1.2876,860000.0,620828.7273,369892.7489,20038000.0,14465309.3461,,,1.044
601601,中国太保,保险,上海,20071225,601601.SH,20110112,22.6,23.33,22.42,23.29,22.5,0.79,3.51,408558.64,937792.181,0.6581,1.1045,1.19,27.2287,24.4261,2.548,1.9201,1.5639,1.2881,1.2881,860000.0,620828.7273,369892.7489,20029400.0,14459101.0588,,,1.044
601601,中国太保,保险,上海,20071225,601601.SH,20110111,22.08,22.63,22.03,22.5,22.23,0.27,1.21,228761.47,511911.205,0.3685,0.6185,0.65,26.3051,23.5976,2.4616,1.855,1.5109,1.3333,1.3333,860000.0,620828.7273,369892.7489,19350000.0,13968646.3643,,,1.044
601601,中国太保,保险,上海,20071225,601601.SH,20110110,22.7,23.06,22.1,22.23,22.77,-0.54,-2.37,305902.49,690667.175,0.4927,0.827,0.94,25.9894,23.3144,2.432,1.8327,1.4927,1.3495,1.3495,860000.0,620828.7273,369892.7489,19117800.0,13801022.6079,,,1.044
601601,中国太保,保险,上海,20071225,601601.SH,20110107,22.42,23.18,22.29,22.77,22.42,0.35,1.56,408085.42,927882.719,0.6573,1.1033,1.45,26.6207,23.8807,2.4911,1.8773,1.529,1.3175,1.3175,860000.0,620828.7273,369892.7489,19582200.0,14136270.1206,,,1.044
601601,中国太保,保险,上海,20071225,601601.SH,20110106,22.68,22.96,21.9,22.42,22.78,-0.36,-1.58,483378.42,1078628.154,0.7786,1.3068,2.29,26.2115,23.5137,2.4528,1.8484,1.5055,1.3381,1.3381,860000.0,620828.7273,369892.7489,19281200.0,13918980.0661,25.05,20.49,1.044
601601,中国太保,保险,上海,20071225,601601.SH,20110105,23.05,23.32,22.52,22.78,23.3,-0.52,-2.23,288174.95,660626.038,0.4642,0.7791,1.5,26.6324,23.8912,2.4922,1.8781,1.5297,1.3169,1.3169,860000.0,620828.7273,369892.7489,19590800.0,14142478.4079,,,1.044
601601,中国太保,保险,上海,20071225,601601.SH,20110104,23.04,23.39,22.7,23.3,22.9,0.4,1.75,272956.85,632297.349,0.4397,0.7379,1.22,27.2403,24.4366,2.5491,1.9209,1.5646,1.2876,1.2876,860000.0,620828.7273,369892.7489,20038000.0,14465309.3461,,,1.044
601601,中国太保,保险,上海,20071225,601601.SH,20101231,22.53,23.01,22.45,22.9,22.46,0.44,1.96,171764.46,391017.017,0.2767,0.4644,0.76,26.7727,24.0171,2.5053,1.888,1.5377,1.1729,1.31,860000.0,620828.7273,369892.7489,19694000.0,14216977.8552,,,1.044
601601,中国太保,保险,上海,20071225,601601.SH,20101230,22.61,22.83,22.09,22.46,22.61,-0.15,-0.66,187334.55,421960.347,0.3017,0.5065,0.86,26.2583,23.5556,2.4572,1.8517,1.5082,1.1959,1.3357,860000.0,620828.7273,369892.7489,19315600.0,13943813.2152,,,1.044
601601,中国太保,保险,上海,20071225,601601.SH,20101229,22.73,23.0,22.51,22.61,22.69,-0.08,-0.35,134532.68,304994.774,0.2167,0.3637,0.58,26.4337,23.7129,2.4736,1.8641,1.5183,1.188,1.3268,860000.0,620828.7273,369892.7489,19444600.0,14036937.5243,,,1.044
601601,中国太保,保险,上海,20071225,601601.SH,20101228,22.41,23.02,22.4,22.69,22.75,-0.06,-0.26,192407.74,437906.954,0.3099,0.5202,0.77,26.5272,23.7968,2.4824,1.8707,1.5236,1.1838,1.3222,860000.0,620828.7273,369892.7489,19513400.0,14086603.8224,,,1.044
601601,中国太保,保险,上海,20071225,601601.SH,20101227,23.7,23.88,22.61,22.75,22.99,-0.24,-1.04,431212.73,1007744.121,0.6946,1.1658,2.11,26.5973,23.8598,2.4889,1.8756,1.5277,1.1807,1.3187,860000.0,620828.7273,369892.7489,19565000.0,14123853.5461,,,1.044
601601,中国太保,保险,上海,20071225,601601.SH,20101224,22.7,23.33,22.6,22.99,22.94,0.05,0.22,178846.79,412156.916,0.667,0.667,0.92,26.8779,24.1115,2.5152,1.8954,1.5438,1.1684,1.3049,860000.0,268120.3543,268120.3543,19771400.0,6164086.9454,,,1.044
601601,中国太保,保险,上海,20071225,601601.SH,20101223,23.06,23.38,22.75,22.94,23.09,-0.15,-0.65,149616.41,343868.968,0.558,0.558,0.77,26.8195,24.059,2.5097,1.8913,1.5404,1.1709,1.3078,860000.0,268120.3543,268120.3543,19728400.0,6150680.9276,,,1.044
601601,中国太保,保险,上海,20071225,601601.SH,20101222,23.65,23.73,22.98,23.09,23.86,-0.77,-3.23,214363.14,499009.624,0.7995,0.7995,1.14,26.9948,24.2163,2.5261,1.9036,1.5505,1.1633,1.2993,860000.0,268120.3543,268120.3543,19857400.0,6190898.9808,,,1.044
601601,中国太保,保险,上海,20071225,601601.SH,20101221,23.1,24.0,22.87,23.86,23.02,0.84,3.65,268574.22,629932.165,1.0017,1.0017,1.53,27.8951,25.0239,2.6104,1.9671,1.6022,1.1258,1.2573,860000.0,268120.3543,268120.3543,20519600.0,6397351.6536,,,1.044
601601,中国太保,保险,上海,20071225,601601.SH,20101220,23.67,23.74,22.56,23.02,23.53,-0.51,-2.17,212702.37,491599.033,0.7933,0.7933,1.06,26.913,24.1429,2.5185,1.8979,1.5458,1.1668,1.3032,860000.0,268120.3543,268120.3543,19797200.0,6172130.556,,,1.044
601601,中国太保,保险,上海,20071225,601601.SH,20101217,23.67,23.67,23.27,23.53,23.55,-0.02,-0.08,130043.09,305170.215,0.485,0.485,0.59,27.5092,24.6778,2.5743,1.9399,1.58,1.1415,1.275,860000.0,268120.3543,268120.3543,20235800.0,6308871.9367,,,1.044
601601,中国太保,保险,上海,20071225,601601.SH,20101216,23.88,23.96,23.44,23.55,23.79,-0.24,-1.01,145008.27,342865.169,0.5408,0.5408,0.58,27.5326,24.6988,2.5765,1.9416,1.5814,1.1406,1.2739,860000.0,268120.3543,268120.3543,20253000.0,6314234.3438,,,1.044
601601,中国太保,保险,上海,20071225,601601.SH,20101215,24.15,24.5,23.7,23.79,24.21,-0.42,-1.73,185737.87,446888.373,0.6927,0.6927,0.72,27.8132,24.9505,2.6027,1.9613,1.5975,1.1291,1.261,860000.0,268120.3543,268120.3543,20459400.0,6378583.2288,,,1.044
601601,中国太保,保险,上海,20071225,601601.SH,20101214,24.6,24.75,24.1,24.21,24.56,-0.35,-1.43,204365.38,498850.363,0.7622,0.7622,0.77,28.3042,25.391,2.6487,1.996,1.6257,1.1095,1.2392,860000.0,268120.3543,268120.3543,20820600.0,6491193.7776,,,1.044
601601,中国太保,保险,上海,20071225,601601.SH,20101213,24.05,24.58,23.79,24.56,24.0,0.56,2.33,342569.0,829984.672,1.2777,1.2777,1.26,28.7134,25.758,2.687,2.0248,1.6492,1.0937,1.2215,860000.0,268120.3543,268120.3543,21121600.0,6585035.9016,,,1.044
601601,中国太保,保险,上海,20071225,601601.SH,20101210,23.06,24.07,23.01,24.0,23.21,0.79,3.4,227312.73,537706.16,0.8478,0.8478,0.85,28.0587,25.1707,2.6257,1.9787,1.6116,1.1192,1.25,860000.0,268120.3543,268120.3543,20640000.0,6434888.5032,,,1.044
601601,中国太保,保险,上海,20071225,601601.SH,20101209,23.56,24.15,23.2,23.21,23.93,-0.72,-3.01,296598.35,699131.129,1.1062,1.1062,1.21,27.1351,24.3422,2.5393,1.9135,1.5585,1.1573,1.2925,860000.0,268120.3543,268120.3543,19960600.0,6223073.4233,,,1.044
601601,中国太保,保险,上海,20071225,601601.SH,20101208,24.4,24.8,23.87,23.93,24.46,-0.53,-2.17,222933.88,540002.885,0.8315,0.8315,0.99,27.9769,25.0973,2.618,1.9729,1.6069,1.1225,1.2537,860000.0,268120.3543,268120.3543,20579800.0,6416120.0784,,,1.044
601601,中国太保,保险,上海,20071225,601601.SH,20101207,24.17,24.72,23.82,24.46,24.33,0.13,0.53,231553.73,564104.293,0.8636,0.8636,1.0,28.5965,25.6532,2.676,2.0166,1.6425,1.0981,1.2265,860000.0,268120.3543,268120.3543,21035600.0,6558223.8662,,,1.044
601601,中国太保,保险,上海,20071225,601601.SH,20101206,23.51,24.5,23.38,24.33,23.51,0.82,3.49,375994.58,908385.552,1.4023,1.4023,1.8,28.4445,25.5168,2.6618,2.0059,1.6338,1.104,1.233,860000.0,268120.3543,268120.3543,20923800.0,6523368.2201,,,1.044
601601,中国太保,保险,上海,20071225,601601.SH,20101203,23.21,23.98,23.01,23.51,23.1,0.41,1.77,208947.87,492117.069,0.7793,0.7793,0.99,27.4859,24.6568,2.5721,1.9383,1.5787,1.1425,1.2761,860000.0,268120.3543,268120.3543,20218600.0,6303509.5296,,,1.044
601601,中国太保,保险,上海,20071225,601601.SH,20101202,23.45,23.68,23.08,23.1,23.06,0.04,0.17,189364.37,443587.836,0.7063,0.7063,0.81,27.0065,24.2268,2.5272,1.9045,1.5512,1.1628,1.2987,860000.0,268120.3543,268120.3543,19866000.0,6193580.1843,,,1.044
601601,中国太保,保险,上海,20071225,601601.SH,20101201,23.05,23.36,22.87,23.06,23.18,-0.12,-0.52,120987.18,280003.837,0.4512,0.4512,0.48,26.9598,24.1849,2.5228,1.9012,1.5485,1.1648,1.301,860000.0,268120.3543,268120.3543,19831600.0,6182855.3702,,,1.044
601601,中国太保,保险,上海,20071225,601601.SH,20101130,23.55,23.66,22.49,23.18,23.53,-0.35,-1.49,261281.8,602864.782,0.9745,0.9745,0.99,27.1001,24.3107,2.536,1.9111,1.5565,1.1588,1.2942,860000.0,268120.3543,268120.3543,19934800.0,6215029.8127,,,1.044
601601,中国太保,保险,上海,20071225,601601.SH,20101129,23.0,23.74,22.95,23.53,23.11,0.42,1.82,265570.76,623323.392,0.9905,0.9905,1.01,27.5092,24.6778,2.5743,1.9399,1.58,1.1415,1.275,860000.0,268120.3543,268120.3543,20235800.0,6308871.9367,,,1.044
601601,中国太保,保险,上海,20071225,601601.SH,20101126,23.15,23.4,22.92,23.11,23.25,-0.14,-0.6,218749.78,505820.487,0.8159,0.8159,0.76,27.0182,24.2373,2.5283,1.9053,1.5518,1.1623,1.2981,860000.0,268120.3543,268120.3543,19874600.0,6196261.3879,,,1.044
601601,中国太保,保险,上海,20071225,601601.SH,20101125,23.01,23.31,22.55,23.25,22.89,0.36,1.57,305236.1,702585.918,1.1384,1.1384,1.08,27.1819,24.3841,2.5436,1.9168,1.5612,1.1553,1.2903,860000.0,268120.3543,268120.3543,19995000.0,6233798.2375,,,1.044
601601,中国太保,保险,上海,20071225,601601.SH,20101124,22.3,23.05,22.3,22.89,22.31,0.58,2.6,220156.47,501387.944,0.8211,0.8211,0.69,26.761,24.0066,2.5042,1.8871,1.5371,1.1735,1.3106,860000.0,268120.3543,268120.3543,19685400.0,6137274.9099,,,1.044
601601,中国太保,保险,上海,20071225,601601.SH,20101123,22.85,22.85,22.05,22.31,22.97,-0.66,-2.87,312104.3,698019.435,1.164,1.164,0.87,26.0829,23.3983,2.4408,1.8393,1.4981,1.204,1.3447,860000.0,268120.3543,268120.3543,19186600.0,5981765.1044,,,1.044
601601,中国太保,保险,上海,20071225,601601.SH,20101122,22.96,23.49,22.81,22.97,23.17,-0.2,-0.86,258776.07,598700.782,0.9651,0.9651,0.71,26.8545,24.0905,2.513,1.8937,1.5424,1.1694,1.3061,860000.0,268120.3543,268120.3543,19754200.0,6158724.5383,,,1.044
601601,中国太保,保险,上海,20071225,601601.SH,20101119,23.43,23.45,22.38,23.17,23.26,-0.09,-0.39,336386.05,770518.406,1.2546,1.2546,0.85,27.0884,24.3002,2.5349,1.9102,1.5559,1.1593,1.2948,860000.0,268120.3543,268120.3543,19926200.0,6212348.6091,,,1.044
601601,中国太保,保险,上海,20071225,601601.SH,20101118,23.36,23.5,22.97,23.26,23.05,0.21,0.91,280232.26,649651.996,1.0452,1.0452,0.63,27.1936,24.3946,2.5447,1.9177,1.5619,1.1548,1.2898,860000.0,268120.3543,268120.3543,20003600.0,6236479.441,,,1.044
601601,中国太保,保险,上海,20071225,601601.SH,20101117,22.96,23.78,22.6,23.05,23.21,-0.16,-0.69,417684.51,964337.908,1.5578,1.5578,0.95,26.9481,24.1744,2.5218,1.9003,1.5478,1.1653,1.3015,860000.0,268120.3543,268120.3543,19823000.0,6180174.1666,,,1.044
601601,中国太保,保险,上海,20071225,601601.SH,20101116,24.58,24.58,22.8,23.21,24.79,-1.58,-6.37,495085.23,1170274.812,1.8465,1.8465,1.12,27.1351,24.3422,2.5393,1.9135,1.5585,1.1573,1.2925,860000.0,268120.3543,268120.3543,19960600.0,6223073.4233,,,1.044
601601,中国太保,保险,上海,20071225,601601.SH,20101115,25.15,25.4,24.2,24.79,25.0,-0.21,-0.84,300386.27,739067.159,1.1203,1.1203,0.62,28.9823,25.9993,2.7121,2.0438,1.6646,1.0835,1.2102,860000.0,268120.3543,268120.3543,21319400.0,6646703.5831,,,1.044
601601,中国太保,保险,上海,20071225,601601.SH,20101112,26.2,26.94,24.98,25.0,26.47,-1.47,-5.55,482525.28,1252555.667,1.7997,1.7997,1.05,29.2278,26.2195,2.7351,2.0611,1.6787,1.0744,1.2,860000.0,268120.3543,268120.3543,21500000.0,6703008.8575,,,1.044
601601,中国太保,保险,上海,20071225,601601.SH,20101111,26.05,26.98,25.75,26.47,25.98,0.49,1.89,525308.71,1387274.703,1.9592,1.9592,1.2,30.9464,27.7612,2.8959,2.1823,1.7775,1.0148,1.1334,860000.0,268120.3543,268120.3543,22764200.0,7097145.7783,,,1.044
601601,中国太保,保险,上海,20071225,601601.SH,20101110,25.66,26.14,25.38,25.98,25.71,0.27,1.05,403455.71,1042575.792,1.5048,1.5048,0.92,30.3736,27.2473,2.8423,2.1419,1.7445,1.0339,1.1547,860000.0,268120.3543,268120.3543,22342800.0,6965766.8047,,,1.044
601601,中国太保,保险,上海,20071225,601601.SH,20101109,26.24,26.24,25.5,25.71,26.25,-0.54,-2.06,507951.01,1312026.175,1.8945,1.8945,1.21,30.0579,26.9641,2.8128,2.1196,1.7264,1.0447,1.1669,860000.0,268120.3543,268120.3543,22110600.0,6893374.3091,,,1.044
601601,中国太保,保险,上海,20071225,601601.SH,20101108,26.58,26.58,25.85,26.25,26.59,-0.34,-1.28,488394.04,1271305.34,1.8215,1.8215,1.24,30.6892,27.5305,2.8718,2.1642,1.7627,1.0233,1.1429,860000.0,268120.3543,268120.3543,22575000.0,7038159.3004,,,1.044
601601,中国太保,保险,上海,20071225,601601.SH,20101105,26.63,27.33,26.36,26.59,26.39,0.2,0.76,382741.38,1027804.195,1.4275,1.4275,1.04,31.0867,27.8871,2.909,2.1922,1.7855,1.0102,1.1282,860000.0,268120.3543,268120.3543,22867400.0,7129320.2208,,,1.044
601601,中国太保,保险,上海,20071225,601601.SH,20101104,26.15,26.85,26.05,26.39,26.0,0.39,1.5,402321.77,1066118.597,1.5005,1.5005,1.15,30.8529,27.6773,2.8872,2.1757,1.7721,1.0178,1.1368,860000.0,268120.3543,268120.3543,22695400.0,7075696.15,,,1.044
601601,中国太保,保险,上海,20071225,601601.SH,20101103,25.95,26.55,25.19,26.0,26.01,-0.01,-0.04,409105.63,1057667.628,1.5258,1.5258,1.19,30.397,27.2683,2.8445,2.1435,1.7459,1.0331,1.1538,860000.0,268120.3543,268120.3543,22360000.0,6971129.2118,,,1.044
601601,中国太保,保险,上海,20071225,601601.SH,20101102,26.7,26.88,25.74,26.01,26.79,-0.78,-2.91,415448.05,1089772.588,1.5495,1.5495,1.28,30.4086,27.2788,2.8456,2.1444,1.7466,1.0327,1.1534,860000.0,268120.3543,268120.3543,22368600.0,6973810.4153,,,1.044
601601,中国太保,保险,上海,20071225,601601.SH,20101101,25.83,26.89,25.78,26.79,25.85,0.94,3.64,365959.15,967287.848,1.3649,1.3649,1.1,31.3206,28.0968,2.9309,2.2087,1.7989,1.0026,1.1198,860000.0,268120.3543,268120.3543,23039400.0,7182944.2917,,,1.044
601601,中国太保,保险,上海,20071225,601601.SH,20101029,26.14,26.15,25.49,25.85,26.13,-0.28,-1.07,249017.66,643300.729,0.9288,0.9288,0.73,30.2216,24.671,3.1036,2.1312,1.8115,1.4214,1.1627,860000.0,268120.3543,268120.3543,22231000.0,6930911.1587,,,1.044
601601,中国太保,保险,上海,20071225,601601.SH,20101028,26.0,26.48,25.75,26.13,26.23,-0.1,-0.38,311119.41,810552.536,1.1604,1.1604,0.89,30.5489,24.9382,3.1372,2.1543,1.8312,1.4062,1.1502,860000.0,268120.3543,268120.3543,22471800.0,7005984.8579,,,1.044
601601,中国太保,保险,上海,20071225,601601.SH,20101027,26.93,27.5,25.96,26.23,27.03,-0.8,-2.96,375954.31,1000996.517,1.4022,1.4022,0.87,30.6659,25.0336,3.1492,2.1625,1.8382,1.4008,1.1459,860000.0,268120.3543,268120.3543,22557800.0,7032796.8933,,,1.044
601601,中国太保,保险,上海,20071225,601601.SH,20101026,27.6,27.75,26.6,27.03,27.63,-0.6,-2.17,326124.08,884085.295,1.2163,1.2163,0.77,31.6011,25.7971,3.2453,2.2285,1.8942,1.3594,1.1119,860000.0,268120.3543,268120.3543,23245800.0,7247293.1767,,,1.044
601601,中国太保,保险,上海,20071225,601601.SH,20101025,27.15,27.96,26.37,27.63,27.12,0.51,1.88,405879.92,1102213.771,1.5138,1.5138,0.88,32.3026,26.3698,3.3173,2.2779,1.9363,1.3299,1.0878,860000.0,268120.3543,268120.3543,23761800.0,7408165.3893,,,1.044
601601,中国太保,保险,上海,20071225,601601.SH,20101022,28.0,28.29,26.95,27.12,28.15,-1.03,-3.66,287176.77,794717.748,1.0711,1.0711,0.55,31.7064,25.883,3.2561,2.2359,1.9005,1.3549,1.1083,860000.0,268120.3543,268120.3543,23323200.0,7271424.0086,,,1.044
601601,中国太保,保险,上海,20071225,601601.SH,20101021,28.46,28.85,27.82,28.15,28.67,-0.52,-1.81,344533.26,977210.565,1.285,1.285,0.57,32.9105,26.8661,3.3797,2.3208,1.9727,1.3053,1.0677,860000.0,268120.3543,268120.3543,24209000.0,7547587.9735,,,1.044
601601,中国太保,保险,上海,20071225,601601.SH,20101020,26.88,28.99,26.85,28.67,26.98,1.69,6.26,803788.82,2267821.484,2.9979,2.9979,1.42,33.5185,27.3623,3.4422,2.3637,2.0092,1.2816,1.0483,860000.0,268120.3543,268120.3543,24656200.0,7687010.5578,,,1.044
601601,中国太保,保险,上海,20071225,601601.SH,20101019,26.33,27.19,26.11,26.98,26.43,0.55,2.08,279871.96,748691.648,1.0438,1.0438,0.48,31.5427,25.7494,3.2393,2.2243,1.8907,1.3619,1.114,860000.0,268120.3543,268120.3543,23202800.0,7233887.159,,,1.044
601601,中国太保,保险,上海,20071225,601601.SH,20101018,27.25,27.71,26.28,26.43,26.98,-0.55,-2.04,591632.84,1610588.079,2.2066,2.2066,0.96,30.8997,25.2245,3.1732,2.179,1.8522,1.3902,1.1372,860000.0,268120.3543,268120.3543,22729800.0,7086420.9641,29.68,24.28,1.044
601601,中国太保,保险,上海,20071225,601601.SH,20101015,25.6,27.2,25.53,26.98,25.75,1.23,4.78,599878.23,1606437.364,2.2373,2.2373,0.99,31.5427,25.7494,3.2393,2.2243,1.8907,1.3619,1.114,860000.0,268120.3543,268120.3543,23202800.0,7233887.159,,,1.044
601601,中国太保,保险,上海,20071225,601601.SH,20101014,26.01,27.4,25.53,25.75,25.59,0.16,0.63,731840.11,1955467.411,2.7295,2.7295,1.45,30.1047,24.5755,3.0916,2.1229,1.8045,1.427,1.1672,860000.0,268120.3543,268120.3543,22145000.0,6904099.1232,,,1.044
601601,中国太保,保险,上海,20071225,601601.SH,20101013,24.9,25.86,24.85,25.59,24.99,0.6,2.4,624008.63,1576764.536,2.3273,2.3273,1.5,29.9176,24.4228,3.0724,2.1097,1.7933,1.4359,1.1745,860000.0,268120.3543,268120.3543,22007400.0,6861199.8665,,,1.044
601601,中国太保,保险,上海,20071225,601601.SH,20101012,24.5,25.11,24.38,24.99,24.86,0.13,0.52,376456.01,937587.156,1.4041,1.4041,0.99,29.2162,23.8502,3.0003,2.0603,1.7513,1.4704,1.2027,860000.0,268120.3543,268120.3543,21491400.0,6700327.654,,,1.044
601601,中国太保,保险,上海,20071225,601601.SH,20101011,23.29,25.28,23.2,24.86,23.15,1.71,7.39,754349.71,1846439.752,2.8135,2.8135,2.85,29.0642,23.7261,2.9847,2.0496,1.7422,1.478,1.209,860000.0,268120.3543,268120.3543,21379600.0,6665472.0079,,,1.044
601601,中国太保,保险,上海,20071225,601601.SH,20101008,22.0,23.38,21.99,23.15,21.8,1.35,6.19,543975.39,1249910.675,2.0288,2.0288,2.87,27.065,22.0941,2.7794,1.9086,1.6223,1.5872,1.2983,860000.0,268120.3543,268120.3543,19909000.0,6206986.202,,,1.044
601601,中国太保,保险,上海,20071225,601601.SH,20100930,21.04,21.9,21.0,21.8,21.13,0.67,3.17,222409.53,482127.361,0.8295,0.8295,1.2,25.4867,20.8057,2.6173,1.7973,1.5277,1.6855,1.3787,860000.0,268120.3543,268120.3543,18748000.0,5845023.7237,,,1.044
601601,中国太保,保险,上海,20071225,601601.SH,20100929,21.33,21.73,21.09,21.13,21.34,-0.21,-0.98,183280.66,392032.361,0.6836,0.6836,1.06,24.7034,20.1662,2.5369,1.742,1.4808,1.739,1.4224,860000.0,268120.3543,268120.3543,18171800.0,5665383.0864,,,1.044
601601,中国太保,保险,上海,20071225,601601.SH,20100928,21.97,21.98,21.19,21.34,21.98,-0.64,-2.91,201518.84,432859.322,0.7516,0.7516,1.12,24.9489,20.3667,2.5621,1.7594,1.4955,1.7218,1.4084,860000.0,268120.3543,268120.3543,18352400.0,5721688.3608,,,1.044
601601,中国太保,保险,上海,20071225,601601.SH,20100927,22.0,22.16,21.7,21.98,22.04,-0.06,-0.27,171300.91,374820.127,0.6389,0.6389,0.83,25.6971,20.9775,2.639,1.8121,1.5403,1.6717,1.3674,860000.0,268120.3543,268120.3543,18902800.0,5893285.3875,,,1.044
601601,中国太保,保险,上海,20071225,601601.SH,20100921,21.84,22.22,21.71,22.04,21.71,0.33,1.52,167572.44,368957.961,0.625,0.625,0.72,25.7673,21.0347,2.6462,1.8171,1.5445,1.6672,1.3637,860000.0,268120.3543,268120.3543,18954400.0,5909372.6088,,,1.044
601601,中国太保,保险,上海,20071225,601601.SH,20100920,21.5,21.99,21.43,21.71,21.46,0.25,1.17,204430.85,444628.798,0.7625,0.7625,0.85,25.3815,20.7198,2.6065,1.7899,1.5214,1.6925,1.3844,860000.0,268120.3543,268120.3543,18670600.0,5820892.8919,,,1.044
601601,中国太保,保险,上海,20071225,601601.SH,20100917,21.78,21.82,21.38,21.46,21.61,-0.15,-0.69,116124.71,250307.048,0.4331,0.4331,0.46,25.0892,20.4812,2.5765,1.7693,1.5039,1.7122,1.4006,860000.0,268120.3543,268120.3543,18455600.0,5753862.8033,,,1.044
601601,中国太保,保险,上海,20071225,601601.SH,20100916,22.12,22.25,21.44,21.61,22.1,-0.49,-2.22,236450.38,514612.838,0.8819,0.8819,0.93,25.2645,20.6243,2.5945,1.7816,1.5144,1.7003,1.3908,860000.0,268120.3543,268120.3543,18584600.0,5794080.8564,,,1.044
601601,中国太保,保险,上海,20071225,601601.SH,20100915,23.03,23.36,21.8,22.1,22.98,-0.88,-3.83,307376.55,695297.196,1.1464,1.1464,1.24,25.8374,21.092,2.6534,1.822,1.5487,1.6626,1.36,860000.0,268120.3543,268120.3543,19006000.0,5925459.83,,,1.044
601601,中国太保,保险,上海,20071225,601601.SH,20100914,23.05,23.48,22.91,22.98,22.97,0.01,0.04,301540.59,697575.536,1.1246,1.1246,1.24,26.8662,21.9319,2.759,1.8946,1.6104,1.599,1.3079,860000.0,268120.3543,268120.3543,19762800.0,6161405.7418,,,1.044
601601,中国太保,保险,上海,20071225,601601.SH,20100913,22.85,23.29,22.76,22.97,22.84,0.13,0.57,244950.37,564274.372,0.9136,0.9136,0.84,26.8545,21.9223,2.7578,1.8937,1.6097,1.5997,1.3085,860000.0,268120.3543,268120.3543,19754200.0,6158724.5383,,,1.044
601601,中国太保,保险,上海,20071225,601601.SH,20100910,22.8,23.07,22.61,22.84,22.85,-0.01,-0.04,161677.39,368757.309,0.603,0.603,0.54,26.7026,21.7982,2.7422,1.883,1.6006,1.6088,1.3159,860000.0,268120.3543,268120.3543,19642400.0,6123868.8922,,,1.044
601601,中国太保,保险,上海,20071225,601601.SH,20100909,23.26,23.34,22.7,22.85,23.21,-0.36,-1.55,253528.78,581895.684,0.9456,0.9456,0.79,26.7142,21.8078,2.7434,1.8838,1.6013,1.6081,1.3154,860000.0,268120.3543,268120.3543,19651000.0,6126550.0958,,,1.044
601601,中国太保,保险,上海,20071225,601601.SH,20100908,23.56,23.62,23.1,23.21,23.72,-0.51,-2.15,279590.7,650747.294,1.0428,1.0428,0.87,27.1351,22.1514,2.7866,1.9135,1.6265,1.5831,1.295,860000.0,268120.3543,268120.3543,19960600.0,6223073.4233,,,1.044
601601,中国太保,保险,上海,20071225,601601.SH,20100907,24.0,24.05,23.46,23.72,23.96,-0.24,-1.0,275426.48,653034.02,1.0272,1.0272,0.82,27.7314,22.6381,2.8479,1.9556,1.6623,1.5491,1.2671,860000.0,268120.3543,268120.3543,20399200.0,6359814.804,,,1.044
601601,中国太保,保险,上海,20071225,601601.SH,20100906,23.46,24.06,23.26,23.96,23.18,0.78,3.37,488761.81,1164749.196,1.8229,1.8229,1.68,28.012,22.8672,2.8767,1.9754,1.6791,1.5336,1.2544,860000.0,268120.3543,268120.3543,20605600.0,6424163.689,,,1.044
601601,中国太保,保险,上海,20071225,601601.SH,20100903,23.42,23.47,23.0,23.18,23.4,-0.22,-0.94,202617.74,469860.458,0.7557,0.7557,0.75,27.1001,22.1227,2.783,1.9111,1.6244,1.5852,1.2966,860000.0,268120.3543,268120.3543,19934800.0,6215029.8127,,,1.044
601601,中国太保,保险,上海,20071225,601601.SH,20100902,24.1,24.1,23.15,23.4,23.68,-0.28,-1.18,363433.27,852886.144,1.3555,1.3555,1.58,27.3573,22.3327,2.8094,1.9292,1.6398,1.5703,1.2844,860000.0,268120.3543,268120.3543,20124000.0,6274016.2906,,,1.044
601601,中国太保,保险,上海,20071225,601601.SH,20100901,23.46,24.07,23.39,23.68,23.48,0.2,0.85,271908.97,643631.406,1.0141,1.0141,1.36,27.6846,22.5999,2.8431,1.9523,1.6595,1.5517,1.2692,860000.0,268120.3543,268120.3543,20364800.0,6349089.9898,,,1.044
601601,中国太保,保险,上海,20071225,601601.SH,20100831,24.1,24.1,23.35,23.48,24.17,-0.69,-2.85,360602.37,852640.108,1.3449,1.3449,2.18,27.4508,22.4091,2.819,1.9358,1.6455,1.5649,1.2801,860000.0,268120.3543,268120.3543,20192800.0,6295465.919,,,1.044
601601,中国太保,保险,上海,20071225,601601.SH,20100830,24.25,24.6,24.1,24.17,24.1,0.07,0.29,258498.54,627839.457,0.9641,0.9641,1.76,28.2575,23.0676,2.9019,1.9927,1.6938,1.5202,1.2435,860000.0,268120.3543,268120.3543,20786200.0,6480468.9634,,,1.044
601601,中国太保,保险,上海,20071225,601601.SH,20100827,23.9,24.2,23.81,24.1,23.99,0.11,0.46,95833.11,230052.681,0.3574,0.3574,0.46,28.1756,20.7905,2.8935,1.9869,1.7784,1.1145,1.2448,860000.0,268120.3543,268120.3543,20726000.0,6461700.5386,,,1.044
601601,中国太保,保险,上海,20071225,601601.SH,20100826,24.38,24.55,23.7,23.99,24.24,-0.25,-1.03,166586.55,400905.908,0.6213,0.6213,0.7,28.047,20.6956,2.8803,1.9778,1.7703,1.1197,1.2505,860000.0,268120.3543,268120.3543,20631400.0,6432207.2997,,,1.044
601601,中国太保,保险,上海,20071225,601601.SH,20100825,24.4,25.0,24.2,24.24,24.62,-0.38,-1.54,121311.06,298016.096,0.4525,0.4525,0.43,28.3393,20.9112,2.9103,1.9984,1.7887,1.1081,1.2376,860000.0,268120.3543,268120.3543,20846400.0,6499237.3882,,,1.044
601601,中国太保,保险,上海,20071225,601601.SH,20100824,24.83,24.91,24.27,24.62,24.9,-0.28,-1.12,185119.3,455416.836,0.6904,0.6904,0.61,28.7836,21.239,2.9559,2.0298,1.8168,1.091,1.2185,860000.0,268120.3543,268120.3543,21173200.0,6601123.1229,,,1.044
601601,中国太保,保险,上海,20071225,601601.SH,20100823,24.81,25.48,24.73,24.9,24.92,-0.02,-0.08,163779.96,410931.838,0.6108,0.6108,0.49,29.1109,21.4806,2.9895,2.0529,1.8374,1.0787,1.2048,860000.0,268120.3543,268120.3543,21414000.0,6676196.8221,,,1.044
601601,中国太保,保险,上海,20071225,601601.SH,20100820,24.7,25.6,24.64,24.92,24.81,0.11,0.44,395985.41,996714.926,1.4769,1.4769,1.34,29.1343,21.4978,2.9919,2.0545,1.8389,1.0779,1.2039,860000.0,268120.3543,268120.3543,21431200.0,6681559.2292,,,1.044
601601,中国太保,保险,上海,20071225,601601.SH,20100819,24.55,25.04,24.1,24.81,24.42,0.39,1.6,324107.76,802147.789,1.2088,1.2088,1.22,29.0057,21.4029,2.9787,2.0454,1.8308,1.0826,1.2092,860000.0,268120.3543,268120.3543,21336600.0,6652065.9902,,,1.044
601601,中国太保,保险,上海,20071225,601601.SH,20100818,24.21,24.86,24.21,24.42,24.19,0.23,0.95,341596.2,838848.938,1.274,1.274,1.43,28.5498,21.0665,2.9319,2.0133,1.802,1.0999,1.2285,860000.0,268120.3543,268120.3543,21001200.0,6547499.052,,,1.044
601601,中国太保,保险,上海,20071225,601601.SH,20100817,23.66,24.37,23.6,24.19,23.69,0.5,2.11,297371.49,717109.064,1.1091,1.1091,1.29,28.2809,20.8681,2.9043,1.9943,1.785,1.1104,1.2402,860000.0,268120.3543,268120.3543,20803400.0,6485831.3705,,,1.044
601601,中国太保,保险,上海,20071225,601601.SH,20100816,23.08,23.88,22.82,23.69,23.15,0.54,2.33,315946.96,735954.525,1.1784,1.1784,1.49,27.6963,20.4368,2.8443,1.9531,1.7481,1.1338,1.2664,860000.0,268120.3543,268120.3543,20373400.0,6351771.1934,,,1.044
601601,中国太保,保险,上海,20071225,601601.SH,20100813,23.32,23.4,22.77,23.15,23.26,-0.11,-0.47,199249.69,459049.259,0.7431,0.7431,0.91,27.065,19.9709,2.7794,1.9086,1.7083,1.1603,1.2959,860000.0,268120.3543,268120.3543,19909000.0,6206986.202,,,1.044
601601,中国太保,保险,上海,20071225,601601.SH,20100812,23.25,23.62,23.18,23.26,23.5,-0.24,-1.02,176784.24,414132.91,0.6593,0.6593,0.77,27.1936,20.0658,2.7926,1.9177,1.7164,1.1548,1.2898,860000.0,268120.3543,268120.3543,20003600.0,6236479.441,,,1.044
601601,中国太保,保险,上海,20071225,601601.SH,20100811,23.1,23.55,22.93,23.5,23.15,0.35,1.51,203978.49,473187.822,0.7608,0.7608,0.85,27.4742,20.2728,2.8214,1.9374,1.7341,1.143,1.2766,860000.0,268120.3543,268120.3543,20210000.0,6300828.3261,,,1.044
601601,中国太保,保险,上海,20071225,601601.SH,20100810,23.78,24.1,23.11,23.15,23.78,-0.63,-2.65,258705.91,613005.231,0.9649,0.9649,1.11,27.065,19.9709,2.7794,1.9086,1.7083,1.1603,1.2959,860000.0,268120.3543,268120.3543,19909000.0,6206986.202,,,1.044
601601,中国太保,保险,上海,20071225,601601.SH,20100809,23.4,23.9,23.3,23.78,23.6,0.18,0.76,222054.85,525443.207,0.8282,0.8282,0.93,27.8015,20.5144,2.8551,1.9605,1.7548,1.1295,1.2616,860000.0,268120.3543,268120.3543,20450800.0,6375902.0253,,,1.044
601601,中国太保,保险,上海,20071225,601601.SH,20100806,23.32,23.67,22.8,23.6,23.29,0.31,1.33,238053.6,555054.579,0.8879,0.8879,1.03,27.5911,20.3591,2.8334,1.9457,1.7415,1.1382,1.2712,860000.0,268120.3543,268120.3543,20296000.0,6327640.3615,,,1.044
601601,中国太保,保险,上海,20071225,601601.SH,20100805,23.75,23.81,23.05,23.29,23.8,-0.51,-2.14,230385.68,538365.412,0.8593,0.8593,1.01,27.2287,20.0917,2.7962,1.9201,1.7186,1.1533,1.2881,860000.0,268120.3543,268120.3543,20029400.0,6244523.0516,,,1.044
601601,中国太保,保险,上海,20071225,601601.SH,20100804,23.26,23.84,23.1,23.8,23.28,0.52,2.23,252273.17,594506.676,0.9409,0.9409,1.05,27.8249,20.5316,2.8575,1.9622,1.7562,1.1286,1.2605,860000.0,268120.3543,268120.3543,20468000.0,6381264.4323,25.62,20.96,1.044
601601,中国太保,保险,上海,20071225,601601.SH,20100803,23.8,24.05,23.25,23.28,23.74,-0.46,-1.94,227028.54,537352.865,0.8467,0.8467,0.93,27.217,20.0831,2.795,1.9193,1.7179,1.1538,1.2887,860000.0,268120.3543,268120.3543,20020800.0,6241841.8481,,,1.044
601601,中国太保,保险,上海,20071225,601601.SH,20100802,23.27,23.88,23.21,23.74,23.29,0.45,1.93,248825.03,587543.142,0.928,0.928,1.08,27.7548,20.4799,2.8503,1.9572,1.7518,1.1314,1.2637,860000.0,268120.3543,268120.3543,20416400.0,6365177.2111,25.61,20.95,1.044
601601,中国太保,保险,上海,20071225,601601.SH,20100730,23.5,23.63,23.08,23.29,23.49,-0.2,-0.85,199036.74,463253.264,0.7423,0.7423,0.84,27.2287,20.0917,2.7962,1.9201,1.7186,1.1533,1.2881,860000.0,268120.3543,268120.3543,20029400.0,6244523.0516,,,1.044
601601,中国太保,保险,上海,20071225,601601.SH,20100729,23.63,23.77,23.25,23.49,23.51,-0.02,-0.09,213460.04,500793.461,0.7961,0.7961,0.8,27.4625,20.2642,2.8202,1.9366,1.7334,1.1435,1.2771,860000.0,268120.3543,268120.3543,20201400.0,6298147.1225,,,1.044
601601,中国太保,保险,上海,20071225,601601.SH,20100728,23.25,23.63,22.9,23.51,23.1,0.41,1.77,315066.44,737103.864,1.1751,1.1751,1.19,27.4859,20.2815,2.8226,1.9383,1.7348,1.1425,1.2761,860000.0,268120.3543,268120.3543,20218600.0,6303509.5296,,,1.044
601601,中国太保,保险,上海,20071225,601601.SH,20100727,22.8,23.47,22.63,23.1,22.88,0.22,0.96,243814.8,564351.453,0.9093,0.9093,0.77,27.0065,19.9278,2.7734,1.9045,1.7046,1.1628,1.2987,860000.0,268120.3543,268120.3543,19866000.0,6193580.1843,,,1.044
601601,中国太保,保险,上海,20071225,601601.SH,20100726,22.85,23.09,22.61,22.88,22.83,0.05,0.22,181281.02,414821.759,0.6761,0.6761,0.49,26.7493,19.738,2.747,1.8863,1.6884,1.174,1.3112,860000.0,268120.3543,268120.3543,19676800.0,6134593.7064,,,1.044
601601,中国太保,保险,上海,20071225,601601.SH,20100723,22.86,23.11,22.55,22.83,22.87,-0.04,-0.17,233967.75,533972.356,0.8726,0.8726,0.61,26.6909,19.6949,2.741,1.8822,1.6847,1.1765,1.3141,860000.0,268120.3543,268120.3543,19633800.0,6121187.6887,25.17,20.59,1.044
601601,中国太保,保险,上海,20071225,601601.SH,20100722,22.24,23.06,22.15,22.87,22.3,0.57,2.56,356892.68,809076.274,1.3311,1.3311,0.91,26.7376,19.7294,2.7458,1.8855,1.6876,1.1745,1.3118,860000.0,268120.3543,268120.3543,19668200.0,6131912.5028,,,1.044
601601,中国太保,保险,上海,20071225,601601.SH,20100721,22.15,22.43,22.01,22.3,22.23,0.07,0.31,307712.98,684238.012,1.1477,1.1477,0.63,26.0712,19.2376,2.6774,1.8385,1.6456,1.2045,1.3453,860000.0,268120.3543,268120.3543,19178000.0,5979083.9009,,,1.044
601601,中国太保,保险,上海,20071225,601601.SH,20100720,21.6,22.35,21.6,22.23,21.64,0.59,2.73,500059.71,1105492.46,1.8651,1.8651,1.0,25.9894,19.1772,2.669,1.8327,1.6404,1.2083,1.3495,860000.0,268120.3543,268120.3543,19117800.0,5960315.4761,,,1.044
601601,中国太保,保险,上海,20071225,601601.SH,20100719,20.77,21.7,20.66,21.64,20.92,0.72,3.44,450679.82,964586.422,1.6809,1.6809,0.61,25.2996,18.6683,2.5981,1.7841,1.5969,1.2412,1.3863,860000.0,268120.3543,268120.3543,18610400.0,5802124.4671,,,1.044
601601,中国太保,保险,上海,20071225,601601.SH,20100716,20.87,21.03,20.6,20.92,20.94,-0.02,-0.1,317001.09,658762.565,1.1823,1.1823,0.4,24.4579,18.0471,2.5117,1.7247,1.5437,1.284,1.434,860000.0,268120.3543,268120.3543,17991200.0,5609077.812,,,1.044
601601,中国太保,保险,上海,20071225,601601.SH,20100715,21.1,21.6,20.91,20.94,21.29,-0.35,-1.64,385818.54,818633.163,1.439,1.439,0.52,24.4812,18.0644,2.5141,1.7264,1.5452,1.2827,1.4327,860000.0,268120.3543,268120.3543,18008400.0,5614440.219,,,1.044
601601,中国太保,保险,上海,20071225,601601.SH,20100714,21.7,21.97,21.05,21.29,21.67,-0.38,-1.75,798236.94,1711559.882,2.9772,2.9772,1.26,24.8904,18.3663,2.5561,1.7552,1.571,1.2616,1.4091,860000.0,268120.3543,268120.3543,18309400.0,5708282.343,,,1.044
601601,中国太保,保险,上海,20071225,601601.SH,20100713,21.3,21.78,21.2,21.67,21.65,0.02,0.09,559696.63,1206745.948,2.0875,2.0875,0.97,25.3347,18.6942,2.6017,1.7866,1.5991,1.2395,1.3844,860000.0,268120.3543,268120.3543,18636200.0,5810168.0777,,,1.044
601601,中国太保,保险,上海,20071225,601601.SH,20100712,22.51,22.51,20.95,21.65,22.99,-1.34,-5.83,1625477.56,3502200.337,6.0625,6.0625,5.42,25.3113,18.6769,2.5993,1.7849,1.5976,1.2407,1.3857,860000.0,268120.3543,268120.3543,18619000.0,5804805.6706,,,1.044
601601,中国太保,保险,上海,20071225,601601.SH,20100709,23.3,24.0,22.78,22.99,23.35,-0.36,-1.54,603800.45,1411667.353,2.252,2.252,2.55,26.8779,19.8329,2.7602,1.8954,1.6965,1.1684,1.3049,860000.0,268120.3543,268120.3543,19771400.0,6164086.9454,,,1.044
601601,中国太保,保险,上海,20071225,601601.SH,20100708,23.71,23.8,23.34,23.35,23.71,-0.36,-1.52,146104.19,344337.463,0.5449,0.5449,0.57,27.2988,20.1434,2.8034,1.9251,1.723,1.1503,1.2848,860000.0,268120.3543,268120.3543,20081000.0,6260610.2729,,,1.044
601601,中国太保,保险,上海,20071225,601601.SH,20100707,23.27,23.8,23.1,23.71,23.39,0.32,1.37,233483.2,549500.885,0.8708,0.8708,0.89,27.7197,20.454,2.8467,1.9548,1.7496,1.1329,1.2653,860000.0,268120.3543,268120.3543,20390600.0,6357133.6005,25.69,21.02,1.044
601601,中国太保,保险,上海,20071225,601601.SH,20100706,23.0,23.5,22.85,23.39,22.99,0.4,1.74,280672.9,651190.226,1.0468,1.0468,1.04,27.3456,20.178,2.8082,1.9284,1.726,1.1484,1.2826,860000.0,268120.3543,268120.3543,20115400.0,6271335.0871,,,1.044
601601,中国太保,保险,上海,20071225,601601.SH,20100705,22.51,23.3,22.25,22.99,22.93,0.06,0.26,236569.21,538237.762,0.8823,0.8823,0.91,26.8779,19.8329,2.7602,1.8954,1.6965,1.1684,1.3049,860000.0,268120.3543,268120.3543,19771400.0,6164086.9454,,,1.044
601601,中国太保,保险,上海,20071225,601601.SH,20100702,22.48,23.11,21.63,22.93,22.45,0.48,2.14,289316.41,646162.703,1.0791,1.0791,0.99,26.8078,19.7811,2.753,1.8904,1.692,1.1714,1.3083,860000.0,268120.3543,268120.3543,19719800.0,6147999.7241,,,1.044
601601,中国太保,保险,上海,20071225,601601.SH,20100701,22.8,22.93,22.19,22.75,22.77,-0.02,-0.09,234935.15,531036.423,0.8762,0.8762,0.75,26.5973,19.6258,2.4766,1.8756,1.6788,1.6151,,860000.0,268120.3543,268120.3543,19565000.0,6099738.0603,,,1.044
601601,中国太保,保险,上海,20071225,601601.SH,20100630,22.21,23.3,22.11,22.77,22.34,0.43,1.92,268573.34,612556.623,1.0017,1.0017,0.89,26.6207,19.6431,2.4788,1.8773,1.6802,1.6137,,860000.0,268120.3543,268120.3543,19582200.0,6105100.4674,,,1.044
601601,中国太保,保险,上海,20071225,601601.SH,20100629,23.3,23.53,22.23,22.34,23.31,-0.97,-4.16,323155.74,732714.273,1.2053,1.2053,1.1,26.118,19.2721,2.4319,1.8418,1.6485,1.6448,,860000.0,268120.3543,268120.3543,19212400.0,5989808.7151,,,1.03
601601,中国太保,保险,上海,20071225,601601.SH,20100628,23.66,23.94,23.3,23.31,23.66,-0.35,-1.48,189700.94,447031.617,0.7075,0.7075,0.5,27.252,20.1089,2.5375,1.9218,1.7201,1.5763,,860000.0,268120.3543,268120.3543,20046600.0,6249885.4587,,,1.03
601601,中国太保,保险,上海,20071225,601601.SH,20100625,22.9,23.91,22.56,23.66,23.0,0.66,2.87,446356.13,1046946.233,1.6648,1.6648,1.28,27.6612,20.4109,2.5756,1.9506,1.7459,1.1353,,860000.0,268120.3543,268120.3543,20347600.0,6343727.5827,,,1.03
601601,中国太保,保险,上海,20071225,601601.SH,20100624,22.72,23.5,22.62,23.0,22.64,0.36,1.59,330746.85,764038.42,1.2336,1.2336,1.03,26.8896,19.8415,2.5038,1.8962,1.6972,1.1678,,860000.0,268120.3543,268120.3543,19780000.0,6166768.1489,,,1.03
601601,中国太保,保险,上海,20071225,601601.SH,20100623,22.6,23.1,22.18,22.64,22.8,-0.16,-0.7,227222.86,514640.287,0.8475,0.8475,0.67,26.4687,19.5309,2.4646,1.8665,1.6706,1.1864,,860000.0,268120.3543,268120.3543,19470400.0,6070244.8214,,,1.03
601601,中国太保,保险,上海,20071225,601601.SH,20100622,22.6,23.02,22.54,22.8,22.79,0.01,0.04,273279.15,623078.731,1.0192,1.0192,0.81,26.6558,19.669,2.482,1.8797,1.6825,1.1781,,860000.0,268120.3543,268120.3543,19608000.0,6113144.078,,,1.03
601601,中国太保,保险,上海,20071225,601601.SH,20100621,21.49,23.2,21.45,22.79,21.23,1.56,7.35,632398.87,1422382.747,2.3586,2.3586,2.01,26.6441,19.6603,2.4809,1.8789,1.6817,1.1786,,860000.0,268120.3543,268120.3543,19599400.0,6110462.8745,,,1.03
601601,中国太保,保险,上海,20071225,601601.SH,20100618,21.1,21.7,21.03,21.23,21.08,0.15,0.71,286485.15,614382.567,1.0685,1.0685,0.91,24.8203,18.3146,2.3111,1.7503,1.5666,1.2652,,860000.0,268120.3543,268120.3543,18257800.0,5692195.1218,,,1.03
601601,中国太保,保险,上海,20071225,601601.SH,20100617,21.7,21.7,21.02,21.08,21.25,-0.17,-0.8,180900.89,386455.959,0.6747,0.6747,0.58,24.6449,18.1852,2.2948,1.7379,1.5555,1.2742,,860000.0,268120.3543,268120.3543,18128800.0,5651977.0686,23.35,19.11,1.03
601601,中国太保,保险,上海,20071225,601601.SH,20100611,21.05,21.47,20.95,21.25,20.85,0.4,1.92,310959.06,662856.533,1.1598,1.1598,1.02,24.8437,18.3318,2.3133,1.7519,1.5681,1.264,1.264,860000.0,268120.3543,268120.3543,18275000.0,5697557.5289,,,1.03
601601,中国太保,保险,上海,20071225,601601.SH,20100610,21.0,21.14,20.71,20.85,21.46,-0.61,-2.84,271610.13,567684.686,1.013,1.013,0.9,24.376,17.9868,2.2697,1.719,1.5386,1.2883,1.2883,860000.0,268120.3543,268120.3543,17931000.0,5590309.3872,,,1.03
601601,中国太保,保险,上海,20071225,601601.SH,20100609,20.78,21.68,20.14,21.46,20.58,0.88,4.28,523228.34,1098601.221,1.9515,1.9515,2.14,25.0892,18.513,2.3362,1.7693,1.5836,1.2517,1.2517,860000.0,268120.3543,268120.3543,18455600.0,5753862.8033,,,1.03
601601,中国太保,保险,上海,20071225,601601.SH,20100608,21.16,21.28,20.39,20.58,21.08,-0.5,-2.37,293107.67,610395.273,1.0932,1.0932,1.2,24.0604,17.7538,2.2404,1.6967,1.5186,1.3052,1.3052,860000.0,268120.3543,268120.3543,17698800.0,5517916.8915,,,1.03
601601,中国太保,保险,上海,20071225,601601.SH,20100607,21.2,21.7,21.03,21.08,21.68,-0.6,-2.77,171536.94,364626.388,0.6398,0.6398,0.63,24.6449,18.1852,2.2948,1.7379,1.5555,1.2742,1.2742,860000.0,268120.3543,268120.3543,18128800.0,5651977.0686,,,1.03
601601,中国太保,保险,上海,20071225,601601.SH,20100604,21.04,21.74,21.0,21.68,21.44,0.24,1.12,265002.64,567756.426,0.9884,0.9884,0.94,25.3464,18.7028,2.3601,1.7874,1.5998,1.239,1.239,860000.0,268120.3543,268120.3543,18644800.0,5812849.2812,,,1.03
601601,中国太保,保险,上海,20071225,601601.SH,20100602,21.31,21.47,20.84,21.44,21.4,0.04,0.19,250638.51,529808.533,0.9728,0.9728,0.86,25.0658,18.4957,2.334,1.7676,1.5821,1.2528,1.2528,860000.0,257654.3491,257654.3491,18438400.0,5524109.2447,,,1.03
601601,中国太保,保险,上海,20071225,601601.SH,20100601,21.43,21.87,21.26,21.4,21.68,-0.28,-1.29,243841.55,523946.845,0.9464,0.9464,0.66,25.019,18.4612,2.3296,1.7643,1.5791,1.2552,1.2552,860000.0,257654.3491,257654.3491,18404000.0,5513803.0707,,,1.03
601601,中国太保,保险,上海,20071225,601601.SH,20100531,22.0,22.13,21.58,21.68,22.26,-0.58,-2.61,291174.41,632730.824,1.1301,1.1301,0.72,25.3464,18.7028,2.3601,1.7874,1.5998,1.239,1.239,860000.0,257654.3491,257654.3491,18644800.0,5585946.2885,,,1.03
601601,中国太保,保险,上海,20071225,601601.SH,20100528,22.49,22.55,22.08,22.26,22.16,0.1,0.45,304844.04,681151.717,1.1832,1.1832,0.72,26.0245,19.2031,2.4232,1.8352,1.6426,1.2067,1.2067,860000.0,257654.3491,257654.3491,19143600.0,5735385.811,,,1.03
601601,中国太保,保险,上海,20071225,601601.SH,20100527,21.58,22.29,21.24,22.16,21.71,0.45,2.07,325273.74,710932.465,1.2624,1.2624,0.7,25.9076,19.1169,2.4124,1.827,1.6352,1.2121,1.2121,860000.0,257654.3491,257654.3491,19057600.0,5709620.3761,23.85,19.51,1.03
601601,中国太保,保险,上海,20071225,601601.SH,20100526,21.99,22.16,21.51,21.71,21.77,-0.06,-0.28,289603.1,631246.358,1.124,1.124,0.61,25.3815,18.7287,2.3634,1.7899,1.602,1.2372,1.2372,860000.0,257654.3491,257654.3491,18670600.0,5593675.919,,,1.03
601601,中国太保,保险,上海,20071225,601601.SH,20100525,22.59,22.59,21.58,21.77,22.93,-1.16,-5.06,623482.36,1368015.138,2.4198,2.4198,1.42,25.4516,18.7804,2.3699,1.7948,1.6064,1.2338,1.2338,860000.0,257654.3491,257654.3491,18722200.0,5609135.1799,,,1.03
601601,中国太保,保险,上海,20071225,601601.SH,20100524,22.48,23.3,22.25,22.93,22.25,0.68,3.06,480641.28,1095003.7,1.8654,1.8654,1.18,26.8078,19.7811,2.4962,1.8904,1.692,1.1714,1.1714,860000.0,257654.3491,257654.3491,19719800.0,5908014.2249,,,1.03
601601,中国太保,保险,上海,20071225,601601.SH,20100521,21.53,22.34,21.4,22.25,22.27,-0.02,-0.09,385514.71,845639.286,1.4962,1.4962,1.0,26.0128,19.1945,2.4222,1.8344,1.6419,1.2072,1.2072,860000.0,257654.3491,257654.3491,19135000.0,5732809.2675,,,1.03
601601,中国太保,保险,上海,20071225,601601.SH,20100520,23.19,23.43,22.08,22.27,23.47,-1.2,-5.11,547973.87,1240936.832,2.1268,2.1268,1.49,26.0362,19.2118,2.4243,1.836,1.6433,1.2061,1.2061,860000.0,257654.3491,257654.3491,19152200.0,5737962.3545,,,1.03
601601,中国太保,保险,上海,20071225,601601.SH,20100519,24.0,24.09,23.01,23.47,24.22,-0.75,-3.1,339749.02,802061.771,1.3186,1.3186,0.85,27.4391,20.247,2.555,1.935,1.7319,1.1445,1.1445,860000.0,257654.3491,257654.3491,20184200.0,6047147.5734,,,1.03
601601,中国太保,保险,上海,20071225,601601.SH,20100518,23.9,24.9,23.72,24.22,23.9,0.32,1.34,438870.53,1065244.567,1.7033,1.7033,1.18,28.3159,20.894,2.6366,1.9968,1.7872,1.109,1.109,860000.0,257654.3491,257654.3491,20829200.0,6240388.3352,,,1.03
601601,中国太保,保险,上海,20071225,601601.SH,20100517,24.89,24.89,23.44,23.9,25.18,-1.28,-5.08,325665.81,781128.509,1.264,1.264,0.91,27.9418,20.6179,2.6018,1.9704,1.7636,1.1239,1.1239,860000.0,257654.3491,257654.3491,20554000.0,6157938.9435,,,1.03
601601,中国太保,保险,上海,20071225,601601.SH,20100514,25.23,25.56,25.07,25.18,25.54,-0.36,-1.41,268572.42,679862.034,1.0424,1.0424,0.75,29.4383,21.7221,2.7411,2.0759,1.8581,1.0667,1.0667,860000.0,257654.3491,257654.3491,21654800.0,6487736.5103,,,1.03
601601,中国太保,保险,上海,20071225,601601.SH,20100513,24.8,25.93,24.8,25.54,24.97,0.57,2.28,465786.55,1180703.572,1.8078,1.8078,1.42,29.8592,22.0327,2.7803,2.1056,1.8846,1.0517,1.0517,860000.0,257654.3491,257654.3491,21964400.0,6580492.076,,,1.03
601601,中国太保,保险,上海,20071225,601601.SH,20100512,24.09,25.1,23.9,24.97,24.12,0.85,3.52,501824.4,1239689.533,1.9477,1.9477,1.69,29.1928,21.541,2.7183,2.0586,1.8426,1.0757,1.0757,860000.0,257654.3491,257654.3491,21474200.0,6433629.097,,,1.03
601601,中国太保,保险,上海,20071225,601601.SH,20100511,25.21,25.21,23.8,24.12,24.61,-0.49,-1.99,299438.42,735201.122,1.1622,1.1622,1.1,28.199,20.8077,2.6257,1.9886,1.7799,1.1136,1.1136,860000.0,257654.3491,257654.3491,20743200.0,6214622.9003,,,1.03
601601,中国太保,保险,上海,20071225,601601.SH,20100510,23.85,24.68,23.6,24.61,23.62,0.99,4.19,249139.3,602613.046,0.967,0.967,0.89,28.7719,21.2304,2.6791,2.029,1.816,1.0914,1.0914,860000.0,257654.3491,257654.3491,21164600.0,6340873.5314,,,1.03
601601,中国太保,保险,上海,20071225,601601.SH,20100507,23.78,24.68,23.52,23.62,24.17,-0.55,-2.28,266892.81,639347.532,1.0359,1.0359,1.02,27.6145,20.3764,2.5713,1.9473,1.743,1.1372,1.1372,860000.0,257654.3491,257654.3491,20313200.0,6085795.7257,,,1.03
601601,中国太保,保险,上海,20071225,601601.SH,20100506,25.39,25.8,23.9,24.17,25.64,-1.47,-5.73,318107.68,791196.392,1.2346,1.2346,1.34,28.2575,20.8508,2.6312,1.9927,1.7835,1.1113,1.1113,860000.0,257654.3491,257654.3491,20786200.0,6227505.6177,,,1.03
601601,中国太保,保险,上海,20071225,601601.SH,20100505,25.02,26.04,24.15,25.64,25.22,0.42,1.67,350764.81,881940.417,1.3614,1.3614,1.23,29.9761,22.119,2.7912,2.1139,1.892,1.0476,1.0476,860000.0,257654.3491,257654.3491,22050400.0,6606257.5109,,,1.03
601601,中国太保,保险,上海,20071225,601601.SH,20100504,24.94,25.8,24.8,25.22,25.33,-0.11,-0.43,170437.27,433504.947,0.6615,0.6615,0.54,29.485,21.7566,2.7455,2.0792,1.861,1.065,1.065,860000.0,257654.3491,257654.3491,21689200.0,6498042.6843,26.59,21.75,1.03
601601,中国太保,保险,上海,20071225,601601.SH,20100430,24.81,25.45,24.68,25.33,24.57,0.76,3.09,289419.74,727118.523,1.1233,1.1233,0.89,29.6136,21.8515,2.7574,2.0883,1.8691,1.0604,1.0604,860000.0,257654.3491,257654.3491,21783800.0,6526384.6627,,,1.03
601601,中国太保,保险,上海,20071225,601601.SH,20100429,24.7,25.14,24.52,24.57,24.44,0.13,0.53,184111.46,458039.358,0.7146,0.7146,0.55,28.7251,28.7251,3.9921,2.0257,2.0257,1.4955,1.4955,860000.0,257654.3491,257654.3491,21130200.0,6330567.3574,,,1.03
601601,中国太保,保险,上海,20071225,601601.SH,20100428,24.5,24.97,24.24,24.44,24.94,-0.5,-2.0,191939.55,471548.165,0.7449,0.7449,0.54,28.5731,28.5731,3.971,2.0149,2.0149,1.5034,1.5034,860000.0,257654.3491,257654.3491,21018400.0,6297072.292,,,1.03
601601,中国太保,保险,上海,20071225,601601.SH,20100427,25.85,25.85,24.0,24.94,25.84,-0.9,-3.48,585699.87,1441325.388,2.2732,2.2732,1.89,29.1577,29.1577,4.0523,2.0562,2.0562,1.4733,1.4733,860000.0,257654.3491,257654.3491,21448400.0,6425899.4666,,,1.03
601601,中国太保,保险,上海,20071225,601601.SH,20100426,27.05,27.19,25.7,25.84,26.97,-1.13,-4.19,320276.0,842355.919,1.243,1.243,0.92,30.2099,30.2099,4.1985,2.1304,2.1304,1.422,1.422,860000.0,257654.3491,257654.3491,22222400.0,6657788.3807,,,1.03
601601,中国太保,保险,上海,20071225,601601.SH,20100423,26.96,27.74,26.75,26.97,26.89,0.08,0.3,347479.41,945064.645,1.3486,1.3486,1.05,31.531,31.531,4.3821,2.2235,2.2235,1.3624,1.3624,860000.0,257654.3491,257654.3491,23194200.0,6948937.7952,,,1.03
601601,中国太保,保险,上海,20071225,601601.SH,20100422,27.05,27.48,26.66,26.89,27.3,-0.41,-1.5,222741.15,602783.744,0.8645,0.8645,0.62,31.4375,31.4375,4.3691,2.2169,2.2169,1.3665,1.3665,860000.0,257654.3491,257654.3491,23125400.0,6928325.4473,,,1.03
601601,中国太保,保险,上海,20071225,601601.SH,20100421,26.4,27.65,26.11,27.3,26.37,0.93,3.53,315642.15,852310.613,1.2251,1.2251,0.87,31.9168,31.9168,4.4357,2.2507,2.2507,1.3459,1.3459,860000.0,257654.3491,257654.3491,23478000.0,7033963.7304,,,1.03
601601,中国太保,保险,上海,20071225,601601.SH,20100420,26.0,26.51,25.56,26.37,25.8,0.57,2.21,343401.2,895138.932,1.3328,1.3328,0.8,30.8295,30.8295,4.2846,2.1741,2.1741,1.3934,1.3934,860000.0,257654.3491,257654.3491,22678200.0,6794345.1858,,,1.03
601601,中国太保,保险,上海,20071225,601601.SH,20100419,27.35,27.45,25.7,25.8,27.72,-1.92,-6.93,511785.51,1363197.878,1.9863,1.9863,1.41,30.1631,30.1631,4.192,2.1271,2.1271,1.4242,1.4242,860000.0,257654.3491,257654.3491,22188000.0,6647482.2068,,,1.03
601601,中国太保,保险,上海,20071225,601601.SH,20100416,28.14,28.41,27.55,27.72,28.17,-0.45,-1.6,262478.51,733682.117,1.0187,1.0187,0.75,178.0373,156.4252,4.504,2.4367,2.4602,0.969,0.969,860000.0,257654.3491,257654.3491,23839200.0,7142178.5571,,,1.03
601601,中国太保,保险,上海,20071225,601601.SH,20100415,28.16,28.63,27.68,28.17,28.12,0.05,0.18,358842.65,1013888.017,1.3927,1.3927,1.07,180.9276,158.9646,4.5771,2.4762,2.5002,0.9535,0.9535,860000.0,257654.3491,257654.3491,24226200.0,7258123.0141,,,1.03
601601,中国太保,保险,上海,20071225,601601.SH,20100414,28.01,28.24,27.6,28.12,28.22,-0.1,-0.35,337541.76,945092.677,1.3101,1.3101,1.1,180.6064,158.6824,4.569,2.4718,2.4957,0.9552,0.9552,860000.0,257654.3491,257654.3491,24183200.0,7245240.2967,,,1.03
601601,中国太保,保险,上海,20071225,601601.SH,20100413,26.25,28.34,26.25,28.22,26.33,1.89,7.18,675460.11,1873770.624,2.6216,2.6216,3.0,181.2487,159.2467,4.5852,2.4806,2.5046,0.9518,0.9518,860000.0,257654.3491,257654.3491,24269200.0,7271005.7316,,,1.03
601601,中国太保,保险,上海,20071225,601601.SH,20100412,26.75,26.78,26.1,26.33,26.72,-0.39,-1.46,186703.44,492224.636,0.7246,0.7246,0.83,169.1098,148.5814,4.2781,2.3145,2.3369,1.0201,1.0201,860000.0,257654.3491,257654.3491,22643800.0,6784039.0118,,,1.03
601601,中国太保,保险,上海,20071225,601601.SH,20100409,26.4,26.77,26.35,26.72,26.36,0.36,1.37,181089.94,480933.049,0.7028,0.7028,0.74,171.6146,150.7822,4.3415,2.3488,2.3715,1.0053,1.0053,860000.0,257654.3491,257654.3491,22979200.0,6884524.208,,,1.03
601601,中国太保,保险,上海,20071225,601601.SH,20100408,26.89,27.15,26.01,26.36,26.99,-0.63,-2.33,291447.07,774381.011,1.1312,1.1312,1.13,169.3025,148.7507,4.283,2.3171,2.3395,1.019,1.019,860000.0,257654.3491,257654.3491,22669600.0,6791768.6423,,,1.03
601601,中国太保,保险,上海,20071225,601601.SH,20100407,26.89,27.05,26.59,26.99,26.91,0.08,0.3,205290.3,551104.198,0.7968,0.7968,0.7,173.3488,152.3058,4.3854,2.3725,2.3954,0.9952,0.9952,860000.0,257654.3491,257654.3491,23211400.0,6954090.8822,,,1.03
601601,中国太保,保险,上海,20071225,601601.SH,20100406,27.6,27.7,26.6,26.91,27.42,-0.51,-1.86,262914.47,713794.237,1.0204,1.0204,0.75,172.835,151.8543,4.3724,2.3655,2.3883,0.9982,0.9982,860000.0,257654.3491,257654.3491,23142600.0,6933478.5343,,,1.03
601601,中国太保,保险,上海,20071225,601601.SH,20100402,27.45,27.75,27.18,27.42,27.45,-0.03,-0.11,180843.34,494804.109,0.7019,0.7019,0.5,176.1105,154.7323,4.4552,2.4103,2.4336,0.9796,0.9796,860000.0,257654.3491,257654.3491,23581200.0,7064882.2523,,,1.03
601601,中国太保,保险,上海,20071225,601601.SH,20100401,26.91,27.78,26.91,27.45,27.0,0.45,1.67,280760.44,770936.24,1.0897,1.0897,0.86,176.3032,154.9016,4.4601,2.4129,2.4363,0.9785,0.9785,860000.0,257654.3491,257654.3491,23607000.0,7072611.8828,,,1.03
601601,中国太保,保险,上海,20071225,601601.SH,20100331,26.9,27.25,26.71,27.0,27.0,0.0,0.0,357853.65,967257.548,1.3889,1.3889,1.28,173.413,152.3622,4.387,2.3734,2.3963,0.9948,0.9948,860000.0,257654.3491,257654.3491,23220000.0,6956667.4257,,,1.03
601601,中国太保,保险,上海,20071225,601601.SH,20100330,26.5,27.15,26.45,27.0,26.57,0.43,1.62,393319.49,1057462.086,1.5265,1.5265,1.73,173.413,152.3622,4.387,2.3734,2.3963,0.9948,0.9948,860000.0,257654.3491,257654.3491,23220000.0,6956667.4257,,,1.03
601601,中国太保,保险,上海,20071225,601601.SH,20100329,25.65,26.95,25.6,26.57,25.47,1.1,4.32,537103.72,1422126.568,2.0846,2.0846,3.48,170.6512,149.9357,4.3171,2.3356,2.3582,1.0109,1.0109,860000.0,257654.3491,257654.3491,22850200.0,6845876.0556,,,1.03
601601,中国太保,保险,上海,20071225,601601.SH,20100326,24.68,25.64,24.68,25.47,24.77,0.7,2.83,234679.6,596734.81,0.9108,0.9108,1.61,163.5863,143.7283,4.1384,2.2389,2.2605,1.0546,1.0546,860000.0,257654.3491,257654.3491,21904200.0,6562456.2716,29.7,24.3,1.03
601601,中国太保,保险,上海,20071225,601601.SH,20100325,25.05,25.1,24.6,24.77,25.04,-0.27,-1.08,107936.11,267616.193,0.4189,0.4189,0.71,159.0904,139.7782,4.0246,2.1774,2.1984,1.0844,1.0844,860000.0,257654.3491,257654.3491,21302200.0,6382098.2272,,,1.03
601601,中国太保,保险,上海,20071225,601601.SH,20100324,25.17,25.44,24.9,25.04,24.98,0.06,0.24,120440.39,303784.966,0.4674,0.4674,0.65,160.8245,141.3018,4.0685,2.2011,2.2224,1.0727,1.0727,860000.0,257654.3491,257654.3491,21534400.0,6451664.9015,,,1.03
601601,中国太保,保险,上海,20071225,601601.SH,20100323,25.39,25.49,24.95,24.98,25.38,-0.4,-1.58,133501.99,335983.691,0.5181,0.5181,0.72,160.4391,140.9633,4.0588,2.1958,2.2171,1.0753,1.0753,860000.0,257654.3491,257654.3491,21482800.0,6436205.6405,,,1.03
601601,中国太保,保险,上海,20071225,601601.SH,20100322,25.26,25.56,25.22,25.38,25.22,0.16,0.63,174493.3,443861.886,0.6772,0.6772,0.94,163.0082,143.2205,4.1238,2.231,2.2526,1.0583,1.0583,860000.0,257654.3491,257654.3491,21826800.0,6539267.3802,,,1.03
601601,中国太保,保险,上海,20071225,601601.SH,20100319,25.06,25.45,24.9,25.22,24.98,0.24,0.96,193154.83,487448.396,0.7497,0.7497,1.07,161.9806,142.3176,4.0978,2.2169,2.2384,1.065,1.065,860000.0,257654.3491,257654.3491,21689200.0,6498042.6843,27.48,22.48,1.03
601601,中国太保,保险,上海,20071225,601601.SH,20100318,25.05,25.15,24.86,24.98,25.09,-0.11,-0.44,135172.23,338105.456,0.5246,0.5246,0.72,160.4391,140.9633,4.0588,2.1958,2.2171,1.0753,1.0753,860000.0,257654.3491,257654.3491,21482800.0,6436205.6405,,,1.03
601601,中国太保,保险,上海,20071225,601601.SH,20100317,24.2,25.3,24.15,25.09,24.15,0.94,3.89,293528.79,728064.407,1.1392,1.1392,1.71,161.1456,141.584,4.0766,2.2055,2.2268,1.0706,1.0706,860000.0,257654.3491,257654.3491,21577400.0,6464547.6189,,,1.03
601601,中国太保,保险,上海,20071225,601601.SH,20100316,24.1,24.29,23.8,24.15,24.14,0.01,0.04,135057.67,324272.062,0.5242,0.5242,0.66,155.1083,136.2795,3.9239,2.1229,2.1434,1.1122,1.1122,860000.0,257654.3491,257654.3491,20769000.0,6222352.5308,,,1.03
601601,中国太保,保险,上海,20071225,601601.SH,20100315,24.78,24.85,23.9,24.14,24.72,-0.58,-2.35,166607.91,403899.986,0.6466,0.6466,0.8,155.0441,136.2231,3.9223,2.122,2.1425,1.1127,1.1127,860000.0,257654.3491,257654.3491,20760400.0,6219775.9873,,,1.03
601601,中国太保,保险,上海,20071225,601601.SH,20100312,24.85,25.06,24.53,24.72,24.85,-0.13,-0.52,168928.76,419497.842,0.6556,0.6556,0.86,158.7692,139.4961,4.0165,2.173,2.194,1.0866,1.0866,860000.0,257654.3491,257654.3491,21259200.0,6369215.5098,,,1.03
601601,中国太保,保险,上海,20071225,601601.SH,20100311,25.08,25.45,24.6,24.85,25.02,-0.17,-0.68,172970.39,432319.29,0.6713,0.6713,0.89,159.6042,140.2297,4.0376,2.1844,2.2055,1.0809,1.0809,860000.0,257654.3491,257654.3491,21371000.0,6402710.5751,,,1.03
601601,中国太保,保险,上海,20071225,601601.SH,20100310,25.2,25.6,24.9,25.02,25.27,-0.25,-0.99,216392.56,546091.733,0.8399,0.8399,1.16,160.696,141.189,4.0653,2.1993,2.2206,1.0736,1.0736,860000.0,257654.3491,257654.3491,21517200.0,6446511.8145,,,1.03
601601,中国太保,保险,上海,20071225,601601.SH,20100309,24.92,25.58,24.86,25.27,24.96,0.31,1.24,292083.46,738297.337,1.1336,1.1336,1.74,162.3017,142.5997,4.1059,2.2213,2.2428,1.0629,1.0629,860000.0,257654.3491,257654.3491,21732200.0,6510925.4018,,,1.03
601601,中国太保,保险,上海,20071225,601601.SH,20100308,24.55,25.1,24.32,24.96,24.47,0.49,2.0,187706.63,467428.486,0.7285,0.7285,1.01,160.3107,140.8504,4.0555,2.1941,2.2153,1.0761,1.0761,860000.0,257654.3491,257654.3491,21465600.0,6431052.5535,,,1.03
601601,中国太保,保险,上海,20071225,601601.SH,20100305,24.32,24.75,24.28,24.47,24.22,0.25,1.03,116612.38,285997.565,0.4526,0.4526,0.6,157.1636,138.0853,3.9759,2.151,2.1718,1.0977,1.0977,860000.0,257654.3491,257654.3491,21044200.0,6304801.9225,,,1.03
601601,中国太保,保险,上海,20071225,601601.SH,20100304,24.79,24.82,24.2,24.22,24.82,-0.6,-2.42,163348.84,399970.798,0.634,0.634,0.81,155.5579,136.6745,3.9353,2.129,2.1496,1.109,1.109,860000.0,257654.3491,257654.3491,20829200.0,6240388.3352,,,1.03
601601,中国太保,保险,上海,20071225,601601.SH,20100303,24.7,24.87,24.3,24.82,24.66,0.16,0.65,176621.59,435748.702,0.6855,0.6855,0.79,159.4115,140.0604,4.0328,2.1818,2.2029,1.0822,1.0822,860000.0,257654.3491,257654.3491,21345200.0,6394980.9447,,,1.03
601601,中国太保,保险,上海,20071225,601601.SH,20100302,24.63,24.81,24.41,24.66,24.64,0.02,0.08,196264.0,483526.909,0.7617,0.7617,0.63,158.3839,139.1575,4.0068,2.1677,2.1887,1.0892,1.0892,860000.0,257654.3491,257654.3491,21207600.0,6353756.2488,,,1.03
601601,中国太保,保险,上海,20071225,601601.SH,20100301,23.8,24.7,23.8,24.64,23.75,0.89,3.75,272981.64,665088.693,1.0595,1.0595,0.95,158.2554,139.0446,4.0035,2.1659,2.1869,1.0901,1.0901,860000.0,257654.3491,257654.3491,21190400.0,6348603.1618,,,1.03
601601,中国太保,保险,上海,20071225,601601.SH,20100226,23.87,24.22,23.69,23.75,23.96,-0.21,-0.88,155083.98,371285.142,0.6019,0.6019,0.55,152.5392,134.0223,3.8589,2.0877,2.1079,1.131,1.131,860000.0,257654.3491,257654.3491,20425000.0,6119290.7911,,,1.03
601601,中国太保,保险,上海,20071225,601601.SH,20100225,23.76,24.22,23.76,23.96,23.71,0.25,1.05,202651.97,486302.4,0.7865,0.7865,0.73,153.888,135.2073,3.893,2.1062,2.1265,1.1211,1.1211,860000.0,257654.3491,257654.3491,20605600.0,6173398.2044,,,1.03
601601,中国太保,保险,上海,20071225,601601.SH,20100224,23.7,23.94,23.45,23.71,23.91,-0.2,-0.84,290331.43,686461.401,1.1268,1.1268,0.99,152.2823,133.7966,3.8524,2.0842,2.1043,1.1329,1.1329,860000.0,257654.3491,257654.3491,20390600.0,6108984.6172,,,1.03
601601,中国太保,保险,上海,20071225,601601.SH,20100223,24.7,24.7,22.98,23.91,24.74,-0.83,-3.35,643112.24,1524570.111,2.496,2.496,3.3,153.5668,134.9252,3.8849,2.1018,2.1221,1.1234,1.1234,860000.0,257654.3491,257654.3491,20562600.0,6160515.487,,,1.03
601601,中国太保,保险,上海,20071225,601601.SH,20100222,24.86,25.1,24.6,24.74,24.86,-0.12,-0.48,148777.9,370697.11,0.5774,0.5774,0.74,158.8977,139.6089,4.0198,2.1747,2.1958,1.0857,1.0857,860000.0,257654.3491,257654.3491,21276400.0,6374368.5967,26.08,21.34,1.03
601601,中国太保,保险,上海,20071225,601601.SH,20100212,24.79,24.94,24.73,24.86,24.6,0.26,1.06,132823.38,330057.079,0.5155,0.5155,0.61,159.6684,140.2861,4.0393,2.1853,2.2064,1.0805,1.0805,860000.0,257654.3491,257654.3491,21379600.0,6405287.1186,,,1.03
601601,中国太保,保险,上海,20071225,601601.SH,20100211,24.67,25.02,24.53,24.6,24.7,-0.1,-0.4,174496.27,432739.869,0.6772,0.6772,0.73,157.9985,138.8189,3.997,2.1624,2.1833,1.0919,1.0919,860000.0,257654.3491,257654.3491,21156000.0,6338296.9879,27.21,22.27,1.03
601601,中国太保,保险,上海,20071225,601601.SH,20100210,24.15,24.85,24.1,24.7,23.97,0.73,3.05,370917.17,912914.633,1.4396,1.4396,1.45,158.6408,139.3832,4.0133,2.1712,2.1922,1.0875,1.0875,860000.0,257654.3491,257654.3491,21242000.0,6364062.4228,,,1.03
601601,中国太保,保险,上海,20071225,601601.SH,20100209,23.7,24.1,23.6,23.97,23.81,0.16,0.67,146020.01,348982.647,0.5667,0.5667,0.52,153.9522,135.2638,3.8947,2.107,2.1274,1.1206,1.1206,860000.0,257654.3491,257654.3491,20614200.0,6175974.7479,,,1.03
601601,中国太保,保险,上海,20071225,601601.SH,20100208,23.36,23.99,23.3,23.81,23.36,0.45,1.93,174974.47,414474.514,0.6791,0.6791,0.58,152.9246,134.3609,3.8687,2.093,2.1132,1.1281,1.1281,860000.0,257654.3491,257654.3491,20476600.0,6134750.0521,,,1.03
601601,中国太保,保险,上海,20071225,601601.SH,20100205,23.48,23.68,23.16,23.36,24.03,-0.67,-2.79,220467.63,515666.193,0.8557,0.8557,0.78,150.0344,131.8215,3.7955,2.0534,2.0733,1.1498,1.1498,860000.0,257654.3491,257654.3491,20089600.0,6018805.595,,,1.03
601601,中国太保,保险,上海,20071225,601601.SH,20100204,23.8,24.15,23.5,24.03,24.08,-0.05,-0.21,290928.7,694335.019,1.1291,1.1291,1.09,154.3376,135.6024,3.9044,2.1123,2.1327,1.1178,1.1178,860000.0,257654.3491,257654.3491,20665800.0,6191434.0089,,,1.03
601601,中国太保,保险,上海,20071225,601601.SH,20100203,22.86,24.15,22.68,24.08,22.66,1.42,6.27,450944.62,1062789.514,1.7502,1.7502,1.96,154.6587,135.8845,3.9125,2.1167,2.1372,1.1155,1.1155,860000.0,257654.3491,257654.3491,20708800.0,6204316.7263,,,1.03
601601,中国太保,保险,上海,20071225,601601.SH,20100202,22.65,23.34,22.6,22.66,22.55,0.11,0.49,277075.35,636565.732,1.0754,1.0754,1.19,145.5385,127.8714,3.6818,1.9919,2.0111,1.1854,1.1854,860000.0,257654.3491,257654.3491,19487600.0,5838447.5506,,,1.03
601601,中国太保,保险,上海,20071225,601601.SH,20100201,22.28,22.71,21.9,22.55,22.1,0.45,2.04,256488.07,572720.847,0.9955,0.9955,1.09,144.832,127.2507,3.6639,1.9822,2.0014,1.1912,1.1912,860000.0,257654.3491,257654.3491,19393000.0,5810105.5722,26.49,21.67,1.03
601601,中国太保,保险,上海,20071225,601601.SH,20100129,22.09,22.42,21.9,22.1,22.18,-0.08,-0.36,133773.86,297175.854,0.5192,0.5192,0.47,141.9417,124.7113,3.5908,1.9427,1.9614,1.2154,1.2154,860000.0,257654.3491,257654.3491,19006000.0,5694161.1151,,,1.03
601601,中国太保,保险,上海,20071225,601601.SH,20100128,22.59,22.79,22.0,22.18,22.61,-0.43,-1.9,220256.98,490625.121,0.8549,0.8549,0.75,142.4556,125.1627,3.6038,1.9497,1.9685,1.211,1.211,860000.0,257654.3491,257654.3491,19074800.0,5714773.463,,,1.03
601601,中国太保,保险,上海,20071225,601601.SH,20100127,23.42,23.53,22.51,22.61,23.39,-0.78,-3.33,263516.31,604570.734,1.0228,1.0228,0.9,145.2173,127.5892,3.6737,1.9875,2.0067,1.188,1.188,860000.0,257654.3491,257654.3491,19444600.0,5825564.8332,,,1.03
601601,中国太保,保险,上海,20071225,601601.SH,20100126,24.24,24.34,23.25,23.39,24.13,-0.74,-3.07,287110.5,683182.458,1.114,1.1124,0.96,148.1832,130.1951,3.9642,2.0281,2.0477,1.1642,1.1642,848300.0,257719.2769,,19841737.0,6028053.8867,,,1.03
601601,中国太保,保险,上海,20071225,601601.SH,20100125,23.68,24.42,23.51,24.13,23.87,0.26,1.09,276527.15,666095.434,1.073,1.0714,0.97,152.8714,134.3142,4.0896,2.0922,2.1125,1.1285,1.1285,848300.0,257719.2769,,20469479.0,6218766.1516,,,1.03
601601,中国太保,保险,上海,20071225,601601.SH,20100122,23.39,24.23,22.81,23.87,23.75,0.12,0.51,381944.8,900229.215,1.482,1.4798,1.48,151.2242,132.8669,4.0456,2.0697,2.0897,1.1408,1.1408,848300.0,257719.2769,,20248921.0,6151759.1396,,,1.03
601601,中国太保,保险,上海,20071225,601601.SH,20100121,23.4,24.07,23.2,23.75,23.37,0.38,1.63,251115.68,592668.772,0.9744,0.9729,0.94,150.464,132.199,4.0252,2.0593,2.0792,1.1466,1.1466,848300.0,257719.2769,,20147125.0,6120832.8264,,,1.03
601601,中国太保,保险,上海,20071225,601601.SH,20100120,24.34,24.4,23.32,23.37,24.34,-0.97,-3.99,269177.28,639864.283,1.0445,1.0429,0.89,148.0565,130.0838,3.9608,2.0263,2.0459,1.1652,1.1652,848300.0,257719.2769,,19824771.0,6022899.5012,,,1.03
601601,中国太保,保险,上海,20071225,601601.SH,20100119,24.19,24.7,24.01,24.34,24.14,0.2,0.83,320687.05,781243.001,1.2443,1.2425,1.12,154.2018,135.4831,4.1252,2.1105,2.1309,1.1188,1.1188,848300.0,257719.2769,,20647622.0,6272887.1997,,,1.03
601601,中国太保,保险,上海,20071225,601601.SH,20100118,24.18,24.35,23.93,24.14,24.42,-0.28,-1.15,202049.09,486512.548,0.784,0.7828,0.6,152.9347,134.3698,4.0913,2.0931,2.1134,1.128,1.128,848300.0,257719.2769,,20477962.0,6221343.3444,,,1.03
601601,中国太保,保险,上海,20071225,601601.SH,20100115,24.06,24.46,23.78,24.42,24.07,0.35,1.45,243470.62,589618.052,0.9447,0.9433,0.71,154.7086,135.9284,4.1388,2.1174,2.1379,1.1151,1.1151,848300.0,257719.2769,,20715486.0,6293504.7419,,,1.03
601601,中国太保,保险,上海,20071225,601601.SH,20100114,23.91,24.35,23.4,24.07,23.7,0.37,1.56,306323.05,730397.499,1.1886,1.1868,0.86,152.4913,133.9802,4.0795,2.087,2.1072,1.1313,1.1313,848300.0,257719.2769,,20418581.0,6203302.995,,,1.03
601601,中国太保,保险,上海,20071225,601601.SH,20100113,24.48,24.84,23.66,23.7,25.12,-1.42,-5.65,446367.73,1079669.235,1.732,1.7294,1.35,150.1472,131.9207,4.0168,2.055,2.0748,1.149,1.149,848300.0,257719.2769,,20104710.0,6107946.8625,,,1.03
601601,中国太保,保险,上海,20071225,601601.SH,20100112,24.69,25.28,24.16,25.12,24.88,0.24,0.96,231332.52,571942.021,0.8976,0.8963,0.62,159.1434,139.8248,4.2574,2.1781,2.1991,1.084,1.084,848300.0,257719.2769,,21309296.0,6473908.2357,,,1.03
601601,中国太保,保险,上海,20071225,601601.SH,20100111,27.08,27.08,24.58,24.88,24.63,0.25,1.02,448765.24,1143770.881,1.7413,1.7387,1.33,157.6229,138.4889,4.2168,2.1573,2.1781,1.0945,1.0945,848300.0,257719.2769,,21105704.0,6412055.6093,,,1.03
601601,中国太保,保险,上海,20071225,601601.SH,20100108,24.83,25.01,24.2,24.63,25.13,-0.5,-1.99,278291.91,682070.495,1.0798,1.0782,0.81,156.0391,137.0973,4.1744,2.1356,2.1562,1.1056,1.1056,848300.0,257719.2769,,20893629.0,6347625.79,27.63,22.61,1.03
601601,中国太保,保险,上海,20071225,601601.SH,20100107,25.7,25.81,24.48,25.13,25.7,-0.57,-2.22,373703.31,938758.442,1.45,1.4479,0.97,159.2067,139.8804,4.2591,2.179,2.2,1.0836,1.0836,848300.0,257719.2769,,21317779.0,6476485.4285,,,1.03
601601,中国太保,保险,上海,20071225,601601.SH,20100106,25.81,26.26,25.58,25.7,26.02,-0.32,-1.23,320401.29,831057.014,1.2432,1.2414,0.83,162.8178,143.0532,4.3557,2.2284,2.2499,1.0596,1.0596,848300.0,257719.2769,,21801310.0,6623385.4163,,,1.03
601601,中国太保,保险,上海,20071225,601601.SH,20100105,25.38,26.28,24.91,26.02,25.22,0.8,3.17,430317.59,1107865.324,1.6697,1.6673,1.2,164.8452,144.8344,4.41,2.2561,2.2779,1.0465,1.0465,848300.0,257719.2769,,22072766.0,6705855.5849,,,1.03
601601,中国太保,保险,上海,20071225,601601.SH,20100104,25.77,26.05,25.14,25.22,25.62,-0.4,-1.56,282897.04,727946.736,1.0977,1.0961,0.75,159.7769,140.3814,4.2744,2.1868,2.2079,1.0797,1.0797,848300.0,257719.2769,,21394126.0,6499680.1634,,,1.03
601601,中国太保,保险,上海,20071225,601601.SH,20091231,25.45,25.83,25.3,25.62,25.44,0.18,0.7075,317642.3,814640.032,1.2325,1.2307,0.84,162.311,142.6079,4.3422,2.2214,2.2429,1.0629,1.0629,848300.0,257719.2769,,21733446.0,6602767.8742,,,1.03
601601,中国太保,保险,上海,20071225,601601.SH,20091230,24.62,25.77,24.37,25.44,24.49,0.95,3.8791,580930.36,1459734.196,2.2541,2.2508,1.65,161.1707,141.606,4.3117,2.2058,2.2272,1.0704,1.0704,848300.0,257719.2769,,21580752.0,6556378.4043,,,1.03
601601,中国太保,保险,上海,20071225,601601.SH,20091229,24.22,24.8,24.22,24.49,24.17,0.32,1.324,318754.55,781621.011,1.2368,1.235,0.88,155.1521,136.318,4.1507,2.1235,2.144,1.1119,1.1119,848300.0,257719.2769,,20774867.0,6311545.0913,,,1.03
601601,中国太保,保险,上海,20071225,601601.SH,20091228,23.64,24.54,23.64,24.17,23.61,0.56,2.3719,291689.16,706523.161,1.1318,1.1301,0.75,153.1248,134.5368,4.0964,2.0957,2.116,1.1266,1.1266,848300.0,257719.2769,,20503411.0,6229074.9227,,,1.03
601601,中国太保,保险,上海,20071225,601601.SH,20091225,23.9,24.6,23.58,23.61,24.01,-0.4,-1.666,374805.92,896097.679,1.4543,1.4522,1.03,149.577,131.4197,4.0015,2.0472,2.067,1.1534,1.1534,848300.0,257719.2769,,20028363.0,6084752.1276,,,1.03
601601,中国太保,保险,上海,20071225,601601.SH,20091224,23.37,24.15,23.22,24.01,23.32,0.69,2.9588,324525.61,771859.605,1.2592,1.2574,0.88,152.1112,133.6462,4.0693,2.0818,2.102,1.1341,1.1341,848300.0,257719.2769,,20367683.0,6187839.8384,,,1.03
601601,中国太保,保险,上海,20071225,601601.SH,20091223,23.28,24.18,23.01,23.32,23.24,0.08,0.3442,454192.37,1067758.954,1.7624,1.7598,1.35,147.7398,129.8055,3.9524,2.022,2.0416,1.1677,1.1677,848300.0,257719.2769,,19782356.0,6010013.5373,,,1.03
601601,中国太保,保险,上海,20071225,601601.SH,20091222,23.3,23.46,23.0,23.24,23.2,0.04,0.1724,363213.13,846095.721,1.4073,1.4073,1.16,133.643,117.4199,3.5752,1.8291,1.8468,1.29,1.29,770000.0,258098.3,258098.3,17894800.0,5998204.492,,,1.03
601601,中国太保,保险,上海,20071225,601601.SH,20091221,23.71,23.93,22.82,23.2,23.68,-0.48,-2.027,425504.31,989960.963,1.6486,1.6486,1.37,133.413,117.2178,3.5691,1.8259,1.8436,1.29,1.29,770000.0,258098.3,258098.3,17864000.0,5987880.56,,,1.03
601601,中国太保,保险,上海,20071225,601601.SH,20091218,24.19,24.25,23.6,23.68,24.36,-0.68,-2.7915,253189.74,604970.119,0.981,0.981,0.83,136.1733,119.643,3.6429,1.8637,1.8817,1.27,1.27,770000.0,258098.3,258098.3,18233600.0,6111767.744,25.56,20.92,1.03
601601,中国太保,保险,上海,20071225,601601.SH,20091217,25.42,25.55,24.25,24.36,25.37,-1.01,-3.9811,356722.74,882096.418,1.3821,1.3821,1.18,140.0836,123.0787,3.7475,1.9172,1.9358,1.23,1.23,770000.0,258098.3,258098.3,18757200.0,6287274.588,,,1.03
601601,中国太保,保险,上海,20071225,601601.SH,20091216,25.71,26.2,25.2,25.37,26.03,-0.66,-2.5355,281587.72,723998.983,1.091,1.091,0.9,145.8917,128.1818,3.9029,1.9967,2.016,1.18,1.18,770000.0,258098.3,258098.3,19534900.0,6547953.871,,,1.03
601601,中国太保,保险,上海,20071225,601601.SH,20091215,26.0,26.2,25.62,26.03,26.33,-0.3,-1.1394,247270.31,639410.989,0.958,0.958,0.72,149.6871,131.5164,4.0045,2.0487,2.0685,1.15,1.15,770000.0,258098.3,258098.3,20043100.0,6718298.749,,,1.03
601601,中国太保,保险,上海,20071225,601601.SH,20091214,25.75,26.63,24.95,26.33,25.85,0.48,1.8569,410193.1,1056340.996,1.5893,1.5893,1.08,151.4122,133.0322,4.0506,2.0723,2.0923,1.14,1.14,770000.0,258098.3,258098.3,20274100.0,6795728.239,,,1.03
601601,中国太保,保险,上海,20071225,601601.SH,20091211,25.87,26.31,25.64,25.85,25.88,-0.03,-0.1159,229277.72,595210.247,0.8883,0.8883,0.41,148.652,130.607,3.9768,2.0345,2.0542,1.16,1.16,770000.0,258098.3,258098.3,19904500.0,6671841.055,,,1.03
601601,中国太保,保险,上海,20071225,601601.SH,20091210,26.08,26.32,25.68,25.88,25.61,0.27,1.0543,336846.07,874984.442,1.3051,1.3051,0.62,148.8245,130.7585,3.9814,2.0369,2.0566,1.16,1.16,770000.0,258098.3,258098.3,19927600.0,6679584.004,,,1.03
601601,中国太保,保险,上海,20071225,601601.SH,20091209,26.0,26.25,25.38,25.61,26.41,-0.8,-3.0292,348987.84,901038.855,1.3522,1.3522,0.68,147.2718,129.3944,3.9398,2.0156,2.0351,1.17,1.17,770000.0,258098.3,258098.3,19719700.0,6609897.463,,,1.03
601601,中国太保,保险,上海,20071225,601601.SH,20091208,27.09,27.17,26.19,26.41,27.1,-0.69,-2.5461,392604.47,1042018.469,1.5211,1.5211,0.79,151.8723,133.4364,4.0629,2.0786,2.0987,1.14,1.14,770000.0,258098.3,258098.3,20335700.0,6816376.103,28.47,23.29,1.03
601601,中国太保,保险,上海,20071225,601601.SH,20091207,26.9,27.22,26.51,27.1,27.12,-0.02,-0.0737,591610.27,1595793.803,2.2922,2.2922,1.38,155.8402,136.9226,4.1691,2.1329,2.1535,1.11,1.11,770000.0,258098.3,258098.3,20867000.0,6994463.93,,,1.03
601601,中国太保,保险,上海,20071225,601601.SH,20091204,24.61,27.12,24.56,27.12,24.65,2.47,10.0203,1130759.15,2976621.789,4.3811,4.3811,4.16,155.9552,137.0236,4.1721,2.1345,2.1551,1.11,1.11,770000.0,258098.3,258098.3,20882400.0,6999625.896,,,1.03
601601,中国太保,保险,上海,20071225,601601.SH,20091203,25.2,25.33,24.49,24.65,25.18,-0.53,-2.1048,252519.54,625976.357,0.9784,0.9784,0.92,141.7513,124.544,3.7922,1.9401,1.9588,1.22,1.22,770000.0,258098.3,258098.3,18980500.0,6362123.095,,,1.03
601601,中国太保,保险,上海,20071225,601601.SH,20091202,25.13,25.54,25.12,25.18,25.16,0.02,0.0795,207771.28,526859.172,0.805,0.805,0.71,144.7991,127.2218,3.8737,1.9818,2.0009,1.19,1.19,770000.0,258098.3,258098.3,19388600.0,6498915.194,,,1.03
601601,中国太保,保险,上海,20071225,601601.SH,20091201,24.6,25.3,24.2,25.16,24.57,0.59,2.4013,298213.65,735219.597,1.1554,1.1554,0.95,144.6841,127.1207,3.8706,1.9802,1.9993,1.19,1.19,770000.0,258098.3,258098.3,19373200.0,6493753.228,,,1.03
601601,中国太保,保险,上海,20071225,601601.SH,20091130,24.2,24.65,23.99,24.57,23.84,0.73,3.0621,256693.94,624475.679,0.9946,0.9946,0.79,141.2913,124.1398,3.7798,1.9338,1.9525,1.22,1.22,770000.0,258098.3,258098.3,18918900.0,6341475.231,,,1.03
601601,中国太保,保险,上海,20071225,601601.SH,20091127,24.86,24.86,23.78,23.84,24.9,-1.06,-4.257,343879.91,828145.896,1.3324,1.3324,1.09,137.0934,120.4514,3.6675,1.8763,1.8944,1.26,1.26,770000.0,258098.3,258098.3,18356800.0,6153063.472,,,1.03
601601,中国太保,保险,上海,20071225,601601.SH,20091126,25.9,26.19,24.8,24.9,25.9,-1.0,-3.861,265683.22,675242.595,1.0294,1.0294,0.87,143.1889,125.8071,3.8306,1.9597,1.9787,1.2,1.2,770000.0,258098.3,258098.3,19173000.0,6426647.67,,,1.03
601601,中国太保,保险,上海,20071225,601601.SH,20091125,25.47,26.0,24.97,25.9,25.36,0.54,2.1293,305263.22,780050.193,1.1827,1.1827,1.08,148.9395,130.8596,3.9845,2.0384,2.0581,1.16,1.16,770000.0,258098.3,258098.3,19943000.0,6684745.97,,,1.03
601601,中国太保,保险,上海,20071225,601601.SH,20091124,26.33,26.7,24.96,25.36,26.3,-0.94,-3.5741,405486.04,1061938.699,1.5711,1.5711,1.58,145.8342,128.1312,3.9014,1.9959,2.0152,1.18,1.18,770000.0,258098.3,258098.3,19527200.0,6545372.888,,,1.03
601601,中国太保,保险,上海,20071225,601601.SH,20091123,26.5,26.57,25.81,26.3,26.31,-0.01,-0.038,295486.75,769725.235,1.1449,1.1449,1.13,151.2397,132.8806,4.046,2.0699,2.0899,1.14,1.14,770000.0,258098.3,258098.3,20251000.0,6787985.29,,,1.03
601601,中国太保,保险,上海,20071225,601601.SH,20091120,26.12,26.64,25.9,26.31,26.57,-0.26,-0.9785,305235.43,798566.797,1.1826,1.1826,1.2,151.2972,132.9311,4.0475,2.0707,2.0907,1.14,1.14,770000.0,258098.3,258098.3,20258700.0,6790566.273,27.9,22.82,1.03
601601,中国太保,保险,上海,20071225,601601.SH,20091119,26.59,27.1,26.43,26.57,26.49,0.08,0.302,211810.94,565309.198,0.8207,0.8207,0.83,152.7924,134.2448,4.0875,2.0912,2.1114,1.13,1.13,770000.0,258098.3,258098.3,20458900.0,6857671.831,,,1.03
601601,中国太保,保险,上海,20071225,601601.SH,20091118,26.9,26.97,26.29,26.49,26.98,-0.49,-1.8162,200240.15,533879.094,0.7758,0.7758,0.79,152.3323,133.8406,4.0752,2.0849,2.105,1.13,1.13,770000.0,258098.3,258098.3,20397300.0,6837023.967,,,1.03
601601,中国太保,保险,上海,20071225,601601.SH,20091117,26.95,27.23,26.81,26.98,26.88,0.1,0.372,266886.91,721108.132,1.0341,1.0341,1.04,155.1501,136.3163,4.1506,2.1234,2.144,1.11,1.11,770000.0,258098.3,258098.3,20774600.0,6963492.134,,,1.03
601601,中国太保,保险,上海,20071225,601601.SH,20091116,25.94,26.95,25.93,26.88,25.87,1.01,3.9041,320074.75,847901.637,1.2401,1.2401,1.3,154.5751,135.811,4.1352,2.1156,2.136,1.12,1.12,770000.0,258098.3,258098.3,20697600.0,6937682.304,,,1.03
601601,中国太保,保险,上海,20071225,601601.SH,20091113,26.2,26.21,25.5,25.87,26.37,-0.5,-1.8961,269122.79,695116.686,1.0427,1.0427,1.08,148.767,130.708,3.9798,2.0361,2.0558,1.16,1.16,770000.0,258098.3,258098.3,19919900.0,6677003.021,,,1.03
601601,中国太保,保险,上海,20071225,601601.SH,20091112,26.54,26.95,26.23,26.37,26.56,-0.19,-0.7154,220414.06,585604.081,0.854,0.854,0.9,151.6423,133.2343,4.0568,2.0754,2.0955,1.14,1.14,770000.0,258098.3,258098.3,20304900.0,6806052.171,,,1.03
601601,中国太保,保险,上海,20071225,601601.SH,20091111,26.3,26.85,26.14,26.56,26.39,0.17,0.6442,194151.18,514166.476,0.7522,0.7522,0.77,152.7349,134.1942,4.086,2.0904,2.1106,1.13,1.13,770000.0,258098.3,258098.3,20451200.0,6855090.848,,,1.03
601601,中国太保,保险,上海,20071225,601601.SH,20091110,26.67,27.02,26.38,26.39,26.66,-0.27,-1.0128,279482.28,745486.168,1.0829,1.0829,0.94,151.7573,133.3353,4.0598,2.077,2.0971,1.14,1.14,770000.0,258098.3,258098.3,20320300.0,6811214.137,,,1.03
601601,中国太保,保险,上海,20071225,601601.SH,20091109,26.3,26.69,25.77,26.66,26.29,0.37,1.4074,270257.32,705592.969,1.0471,1.0471,0.87,153.3099,134.6995,4.1014,2.0982,2.1185,1.13,1.13,770000.0,258098.3,258098.3,20528200.0,6880900.678,,,1.03
601601,中国太保,保险,上海,20071225,601601.SH,20091106,26.88,26.99,26.23,26.29,26.59,-0.3,-1.1282,278825.73,740189.74,1.0803,1.0803,0.93,151.1822,132.8301,4.0445,2.0691,2.0891,1.14,1.14,770000.0,258098.3,258098.3,20243300.0,6785404.307,,,1.03
601601,中国太保,保险,上海,20071225,601601.SH,20091105,26.59,26.68,26.25,26.59,26.5,0.09,0.3396,195158.05,517276.976,0.7561,0.7561,0.63,152.9074,134.3458,4.0906,2.0927,2.113,1.13,1.13,770000.0,258098.3,258098.3,20474300.0,6862833.797,,,1.03
601601,中国太保,保险,上海,20071225,601601.SH,20091104,26.63,26.88,26.22,26.5,26.59,-0.09,-0.3385,233780.9,620301.588,0.9058,0.9058,0.72,152.3898,133.8911,4.0768,2.0857,2.1058,1.13,1.13,770000.0,258098.3,258098.3,20405000.0,6839604.95,,,1.03
601601,中国太保,保险,上海,20071225,601601.SH,20091103,25.8,27.0,25.68,26.59,25.8,0.79,3.062,505494.7,1340280.939,1.9585,1.9585,1.83,152.9074,134.3458,4.0906,2.0927,2.113,1.13,1.13,770000.0,258098.3,258098.3,20474300.0,6862833.797,,,1.03
601601,中国太保,保险,上海,20071225,601601.SH,20091102,23.8,26.07,23.68,25.8,24.47,1.33,5.4352,347327.2,869363.582,1.3457,1.3457,1.38,148.3645,130.3543,3.9691,2.0306,2.0502,1.16,1.16,770000.0,258098.3,258098.3,19866000.0,6658936.14,,,1.03
601601,中国太保,保险,上海,20071225,601601.SH,20091030,24.5,24.79,24.23,24.47,24.0,0.47,1.9583,213277.1,522497.886,0.8263,0.8263,0.82,140.7162,,3.6405,1.9259,2.1265,1.23,1.23,770000.0,258098.3,258098.3,18841900.0,6315665.401,,,1.03
601601,中国太保,保险,上海,20071225,601601.SH,20091029,24.0,24.45,23.85,24.0,24.72,-0.72,-2.9126,236965.74,571545.313,0.9181,0.9181,0.92,138.0134,,3.5706,1.8889,2.0857,1.25,1.25,770000.0,258098.3,258098.3,18480000.0,6194359.2,,,1.03
601601,中国太保,保险,上海,20071225,601601.SH,20091028,25.31,25.71,24.0,24.72,25.36,-0.64,-2.5237,318163.57,786167.518,1.2327,1.2327,1.3,142.1538,,3.6777,1.9456,2.1483,1.21,1.21,770000.0,258098.3,258098.3,19034400.0,6380189.976,,,1.03
601601,中国太保,保险,上海,20071225,601601.SH,20091027,25.79,26.06,25.31,25.36,26.0,-0.64,-2.4615,264026.56,678615.651,1.023,1.023,0.99,145.8342,,3.7729,1.9959,2.2039,1.18,1.18,770000.0,258098.3,258098.3,19527200.0,6545372.888,,,1.03
601601,中国太保,保险,上海,20071225,601601.SH,20091026,25.8,26.33,25.71,26.0,25.71,0.29,1.128,222541.44,579776.756,0.8622,0.8622,0.74,149.5146,,3.8682,2.0463,2.2595,1.15,1.15,770000.0,258098.3,258098.3,20020000.0,6710555.8,,,1.03
601601,中国太保,保险,上海,20071225,601601.SH,20091023,25.35,26.04,25.34,25.71,25.24,0.47,1.8621,257042.97,662598.703,0.9959,0.9959,0.85,147.8469,,3.825,2.0235,2.2343,1.17,1.17,770000.0,258098.3,258098.3,19796700.0,6635707.293,,,1.03
601601,中国太保,保险,上海,20071225,601601.SH,20091022,25.15,25.55,24.91,25.24,25.22,0.02,0.0793,230002.21,580387.384,0.8911,0.8911,0.73,145.1441,,3.7551,1.9865,2.1934,1.19,1.19,770000.0,258098.3,258098.3,19434800.0,6514401.092,,,1.03
601601,中国太保,保险,上海,20071225,601601.SH,20091021,25.68,26.0,25.18,25.22,25.62,-0.4,-1.5613,252034.95,646038.029,0.9765,0.9765,0.74,145.0291,,3.7521,1.9849,2.1917,1.19,1.19,770000.0,258098.3,258098.3,19419400.0,6509239.126,,,1.03
601601,中国太保,保险,上海,20071225,601601.SH,20091020,25.44,26.1,25.36,25.62,25.31,0.31,1.2248,375931.93,969430.788,1.4565,1.4565,1.14,147.3294,,3.8116,2.0164,2.2265,1.17,1.17,770000.0,258098.3,258098.3,19727400.0,6612478.446,,,1.03
601601,中国太保,保险,上海,20071225,601601.SH,20091019,24.3,25.36,24.0,25.31,24.38,0.93,3.8146,393690.66,985872.037,1.5254,1.5254,1.15,145.5467,,3.7655,1.992,2.1995,1.19,1.19,770000.0,258098.3,258098.3,19488700.0,6532467.973,,,1.03
601601,中国太保,保险,上海,20071225,601601.SH,20091016,24.51,24.87,23.9,24.38,24.63,-0.25,-1.015,262276.29,636656.504,1.0162,1.0162,0.71,140.1987,,3.6271,1.9188,2.1187,1.23,1.23,770000.0,258098.3,258098.3,18772600.0,6292436.554,,,1.03
601601,中国太保,保险,上海,20071225,601601.SH,20091015,24.43,25.1,24.24,24.63,24.3,0.33,1.358,297632.86,734139.177,1.1532,1.1532,0.77,141.6363,,3.6643,1.9385,2.1404,1.22,1.22,770000.0,258098.3,258098.3,18965100.0,6356961.129,,,1.03
601601,中国太保,保险,上海,20071225,601601.SH,20091014,24.22,24.96,24.1,24.3,24.16,0.14,0.5795,375970.93,922683.915,1.4567,1.4567,0.9,139.7386,,3.6152,1.9125,2.1118,1.23,1.23,770000.0,258098.3,258098.3,18711000.0,6271788.69,,,1.03
601601,中国太保,保险,上海,20071225,601601.SH,20091013,23.85,24.18,23.31,24.16,23.73,0.43,1.8121,312873.31,746725.536,1.2122,1.2122,0.73,138.9335,,3.5944,1.9015,2.0996,1.24,1.24,770000.0,258098.3,258098.3,18603200.0,6235654.928,,,1.03
601601,中国太保,保险,上海,20071225,601601.SH,20091012,23.64,24.4,23.52,23.73,23.6,0.13,0.5508,457441.2,1101629.119,1.7724,1.7724,0.98,136.4608,,3.5304,1.8676,2.0622,1.26,1.26,770000.0,258098.3,258098.3,18272100.0,6124672.659,,,1.03
601601,中国太保,保险,上海,20071225,601601.SH,20091009,22.7,23.66,22.7,23.6,22.27,1.33,5.9722,402515.39,936002.59,1.5595,1.5595,0.83,135.7132,,3.5111,1.8574,2.0509,1.27,1.27,770000.0,258098.3,258098.3,18172000.0,6091119.88,,,1.03
601601,中国太保,保险,上海,20071225,601601.SH,20090930,22.34,22.68,22.0,22.27,22.27,0.0,0.0,393617.21,879110.797,1.5251,1.5251,0.82,128.065,,3.3132,1.7527,1.9353,1.35,1.35,770000.0,258098.3,258098.3,17147900.0,5747849.141,,,1.03
601601,中国太保,保险,上海,20071225,601601.SH,20090929,21.35,22.28,20.9,22.27,21.39,0.88,4.1141,526890.22,1149469.55,2.0414,2.0414,1.25,128.065,,3.3132,1.7527,1.9353,1.35,1.35,770000.0,258098.3,258098.3,17147900.0,5747849.141,,,1.03
601601,中国太保,保险,上海,20071225,601601.SH,20090928,22.24,22.28,21.1,21.39,22.12,-0.73,-3.3002,369125.8,801717.243,1.4302,1.4302,0.93,123.0045,,3.1823,1.6835,1.8589,1.4,1.4,770000.0,258098.3,258098.3,16470300.0,5520722.637,,,1.03
601601,中国太保,保险,上海,20071225,601601.SH,20090925,21.1,22.34,20.9,22.12,21.11,1.01,4.7845,643933.46,1403939.61,2.4949,2.4949,1.83,127.2024,,3.2909,1.7409,1.9223,1.36,1.36,770000.0,258098.3,258098.3,17032400.0,5709134.396,,,1.03
601601,中国太保,保险,上海,20071225,601601.SH,20090924,20.38,21.45,20.0,21.11,20.56,0.55,2.6751,476919.66,994551.794,1.8478,1.8478,1.47,121.3943,,3.1406,1.6614,1.8345,1.42,1.42,770000.0,258098.3,258098.3,16254700.0,5448455.113,,,1.03
601601,中国太保,保险,上海,20071225,601601.SH,20090923,20.59,21.15,20.4,20.56,20.51,0.05,0.2438,375857.74,778159.367,1.4563,1.4563,1.12,118.2315,,3.0588,1.6182,1.7867,1.46,1.46,770000.0,258098.3,258098.3,15831200.0,5306501.048,,,1.03
601601,中国太保,保险,上海,20071225,601601.SH,20090922,21.2,21.62,20.48,20.51,21.37,-0.86,-4.0243,248951.62,523260.843,0.9646,0.9646,0.7,117.944,,3.0514,1.6142,1.7824,1.46,1.46,770000.0,258098.3,258098.3,15792700.0,5293596.133,,,1.03
601601,中国太保,保险,上海,20071225,601601.SH,20090921,21.0,21.46,20.5,21.37,21.26,0.11,0.5174,228522.36,480526.509,0.8854,0.8854,0.65,122.8895,,3.1793,1.6819,1.8571,1.4,1.4,770000.0,258098.3,258098.3,16454900.0,5515560.671,,,1.03
601601,中国太保,保险,上海,20071225,601601.SH,20090918,22.39,22.4,21.0,21.26,22.3,-1.04,-4.6637,433106.62,942597.707,1.6781,1.6781,1.31,122.2569,,3.163,1.6732,1.8476,1.41,1.41,770000.0,258098.3,258098.3,16370200.0,5487169.858,,,1.03
601601,中国太保,保险,上海,20071225,601601.SH,20090917,21.77,22.49,21.77,22.3,21.69,0.61,2.8124,337100.33,748772.668,1.3061,1.3061,1.06,128.2375,,3.3177,1.7551,1.9379,1.35,1.35,770000.0,258098.3,258098.3,17171000.0,5755592.09,,,1.03
601601,中国太保,保险,上海,20071225,601601.SH,20090916,22.11,22.18,21.38,21.69,22.32,-0.63,-2.8226,434179.25,942920.942,1.6822,1.6822,1.48,124.7296,,3.2269,1.7071,1.8849,1.38,1.38,770000.0,258098.3,258098.3,16701300.0,5598152.127,23.39,19.13,1.03
601601,中国太保,保险,上海,20071225,601601.SH,20090915,22.57,22.71,21.92,22.32,22.56,-0.24,-1.0638,336212.19,748162.702,1.3027,1.3027,1.09,128.3525,,3.3207,1.7567,1.9397,1.34,1.34,770000.0,258098.3,258098.3,17186400.0,5760754.056,,,1.03
601601,中国太保,保险,上海,20071225,601601.SH,20090914,22.59,22.7,22.23,22.56,22.36,0.2,0.8945,227415.8,510545.995,0.8811,0.8811,0.61,129.7326,,3.3564,1.7756,1.9605,1.33,1.33,770000.0,258098.3,258098.3,17371200.0,5822697.648,,,1.03
601601,中国太保,保险,上海,20071225,601601.SH,20090911,21.79,22.6,21.71,22.36,21.84,0.52,2.381,318720.82,709273.593,1.2349,1.2349,0.8,128.5825,,3.3266,1.7598,1.9432,1.34,1.34,770000.0,258098.3,258098.3,17217200.0,5771077.988,,,1.03
601601,中国太保,保险,上海,20071225,601601.SH,20090910,21.67,22.25,21.58,21.84,21.79,0.05,0.2295,274482.61,602933.539,1.0635,1.0635,0.57,125.5922,,3.2492,1.7189,1.898,1.37,1.37,770000.0,258098.3,258098.3,16816800.0,5636866.872,,,1.03
601601,中国太保,保险,上海,20071225,601601.SH,20090909,21.81,22.09,21.49,21.79,21.89,-0.1,-0.4568,312127.41,680012.027,1.2093,1.2093,0.61,125.3047,,3.2418,1.715,1.8936,1.38,1.38,770000.0,258098.3,258098.3,16778300.0,5623961.957,,,1.03
601601,中国太保,保险,上海,20071225,601601.SH,20090908,21.18,21.99,20.82,21.89,21.37,0.52,2.4333,415826.78,893236.999,1.6111,1.6111,0.74,125.8798,,3.2567,1.7228,1.9023,1.37,1.37,770000.0,258098.3,258098.3,16855300.0,5649771.787,,,1.03
601601,中国太保,保险,上海,20071225,601601.SH,20090907,21.25,22.11,21.13,21.37,20.99,0.38,1.8104,529355.82,1147638.525,2.051,2.051,0.91,122.8895,,3.1793,1.6819,1.8571,1.4,1.4,770000.0,258098.3,258098.3,16454900.0,5515560.671,,,1.03
601601,中国太保,保险,上海,20071225,601601.SH,20090904,20.9,21.3,20.55,20.99,21.01,-0.02,-0.0952,461489.94,970632.306,1.788,1.788,0.78,120.7043,,3.1228,1.652,1.8241,1.43,1.43,770000.0,258098.3,258098.3,16162300.0,5417483.317,,,1.03
601601,中国太保,保险,上海,20071225,601601.SH,20090903,19.45,21.21,19.25,21.01,19.41,1.6,8.2432,688615.02,1404251.588,2.668,2.668,1.16,120.8193,,3.1258,1.6536,1.8258,1.43,1.43,770000.0,258098.3,258098.3,16177700.0,5422645.283,,,1.03
601601,中国太保,保险,上海,20071225,601601.SH,20090902,18.8,19.65,18.6,19.41,19.01,0.4,2.1042,445285.43,860090.806,1.7253,1.7253,0.7,111.6184,,2.8877,1.5276,1.6868,1.55,1.55,770000.0,258098.3,258098.3,14945700.0,5009688.003,,,1.03
601601,中国太保,保险,上海,20071225,601601.SH,20090901,18.58,19.55,18.5,19.01,19.61,-0.6,-3.0597,696786.43,1318880.261,2.6997,2.6997,1.22,109.3181,,2.8282,1.4962,1.652,1.58,1.58,770000.0,258098.3,258098.3,14637700.0,4906448.683,,,1.03
601601,中国太保,保险,上海,20071225,601601.SH,20090828,20.75,20.96,19.48,19.61,20.72,-1.11,-5.3571,611033.41,1218035.225,2.3674,2.3674,1.13,112.7685,,3.1214,1.5434,1.6329,1.53,1.53,770000.0,258098.3,258098.3,15099700.0,5061307.663,,,1.03
601601,中国太保,保险,上海,20071225,601601.SH,20090827,21.07,21.3,20.5,20.72,21.27,-0.55,-2.5858,510709.7,1065140.162,1.9787,1.9787,0.95,119.1516,,3.2981,1.6307,1.7254,1.45,1.45,770000.0,258098.3,258098.3,15954400.0,5347796.776,,,1.03
601601,中国太保,保险,上海,20071225,601601.SH,20090826,20.7,21.44,20.55,21.27,20.98,0.29,1.3823,716849.94,1510995.797,2.7774,2.7774,1.51,122.3144,,3.3857,1.674,1.7712,1.41,1.41,770000.0,258098.3,258098.3,16377900.0,5489750.841,,,1.03
601601,中国太保,保险,上海,20071225,601601.SH,20090825,22.14,22.14,19.99,20.98,22.21,-1.23,-5.538,654857.55,1370043.082,2.5372,2.5372,1.45,120.6468,,3.3395,1.6512,1.747,1.43,1.43,770000.0,258098.3,258098.3,16154600.0,5414902.334,,,1.03
601601,中国太保,保险,上海,20071225,601601.SH,20090824,22.38,22.41,21.85,22.21,22.21,0.0,0.0,361112.78,798590.54,1.3991,1.3991,0.76,127.7199,,3.5353,1.748,1.8495,1.35,1.35,770000.0,258098.3,258098.3,17101700.0,5732363.243,,,1.03
601601,中国太保,保险,上海,20071225,601601.SH,20090821,21.9,22.5,21.75,22.21,22.12,0.09,0.4069,453432.22,1002205.694,1.7568,1.7568,1.03,127.7199,,3.5353,1.748,1.8495,1.35,1.35,770000.0,258098.3,258098.3,17101700.0,5732363.243,,,1.03
601601,中国太保,保险,上海,20071225,601601.SH,20090820,20.75,22.21,20.75,22.12,20.72,1.4,6.7568,505601.86,1092482.386,1.959,1.959,1.23,127.2024,,3.521,1.7409,1.842,1.36,1.36,770000.0,258098.3,258098.3,17032400.0,5709134.396,,,1.03
601601,中国太保,保险,上海,20071225,601601.SH,20090819,22.15,22.28,20.65,20.72,22.15,-1.43,-6.456,401201.19,860896.134,1.5545,1.5545,0.97,119.1516,,3.2981,1.6307,1.7254,1.45,1.45,770000.0,258098.3,258098.3,15954400.0,5347796.776,,,1.03
601601,中国太保,保险,上海,20071225,601601.SH,20090818,22.85,23.2,21.2,22.15,22.98,-0.83,-3.6118,535145.87,1184058.238,2.0734,2.0734,1.42,127.3749,,3.5258,1.7433,1.8445,1.35,1.35,770000.0,258098.3,258098.3,17055500.0,5716877.345,,,1.03
601601,中国太保,保险,上海,20071225,601601.SH,20090817,23.4,24.39,22.75,22.98,23.76,-0.78,-3.2828,479165.24,1136744.941,1.8565,1.8565,1.4,132.1479,,3.6579,1.8086,1.9136,1.31,1.31,770000.0,258098.3,258098.3,17694600.0,5931098.934,,,1.03
601601,中国太保,保险,上海,20071225,601601.SH,20090814,24.25,24.57,23.68,23.76,24.27,-0.51,-2.1014,280346.75,674472.229,1.0862,1.0862,0.77,136.6333,,3.782,1.87,1.9785,1.26,1.26,770000.0,258098.3,258098.3,18295200.0,6132415.608,,,1.03
601601,中国太保,保险,上海,20071225,601601.SH,20090813,23.85,24.55,23.6,24.27,23.85,0.42,1.761,362941.37,877603.79,1.4062,1.4062,0.88,139.5661,,3.8632,1.9101,2.021,1.24,1.24,770000.0,258098.3,258098.3,18687900.0,6264045.741,,,1.03
601601,中国太保,保险,上海,20071225,601601.SH,20090812,24.8,24.95,23.83,23.85,24.89,-1.04,-4.1784,403869.63,977318.296,1.5648,1.5648,0.85,137.1509,,3.7964,1.8771,1.986,1.26,1.26,770000.0,258098.3,258098.3,18364500.0,6155644.455,,,1.03
601601,中国太保,保险,上海,20071225,601601.SH,20090811,24.4,25.07,24.37,24.89,24.32,0.57,2.3438,361077.44,892988.636,1.399,1.399,0.67,143.1314,,3.9619,1.9589,2.0726,1.21,1.21,770000.0,258098.3,258098.3,19165300.0,6424066.687,,,1.03
601601,中国太保,保险,上海,20071225,601601.SH,20090810,24.89,25.08,24.06,24.32,24.6,-0.28,-1.1382,302431.61,740651.295,1.1718,1.1718,0.56,139.8536,,3.8712,1.9141,2.0252,1.23,1.23,770000.0,258098.3,258098.3,18726400.0,6276950.656,,,1.03
601601,中国太保,保险,上海,20071225,601601.SH,20090807,25.16,25.39,24.5,24.6,25.34,-0.74,-2.9203,388353.59,965308.958,1.5047,1.5047,0.74,141.4638,,3.9157,1.9361,2.0485,1.22,1.22,770000.0,258098.3,258098.3,18942000.0,6349218.18,,,1.03
601601,中国太保,保险,上海,20071225,601601.SH,20090806,25.15,25.94,24.25,25.34,25.25,0.09,0.3564,608385.06,1518614.139,2.3572,2.3572,1.32,145.7192,,4.0335,1.9944,2.1101,1.18,1.18,770000.0,258098.3,258098.3,19511800.0,6540210.922,,,1.03
601601,中国太保,保险,上海,20071225,601601.SH,20090805,26.43,26.45,25.18,25.25,26.45,-1.2,-4.5369,726177.23,1862013.289,2.8136,2.8136,1.82,145.2016,,4.0192,1.9873,2.1026,1.19,1.19,770000.0,258098.3,258098.3,19442500.0,6516982.075,,,1.03
601601,中国太保,保险,上海,20071225,601601.SH,20090804,27.71,27.71,25.79,26.45,27.58,-1.13,-4.0972,665667.76,1760332.968,2.5791,2.5791,1.97,152.1023,,4.2102,2.0817,2.2025,1.13,1.13,770000.0,258098.3,258098.3,20366500.0,6826700.035,,,1.03
601601,中国太保,保险,上海,20071225,601601.SH,20090803,27.77,27.95,27.3,27.58,27.77,-0.19,-0.6842,319844.64,881451.601,1.2392,1.2392,0.94,158.6004,,4.3901,2.1707,2.2966,1.09,1.09,770000.0,258098.3,258098.3,21236600.0,7118351.114,,,1.03
601601,中国太保,保险,上海,20071225,601601.SH,20090731,27.21,27.8,26.95,27.77,27.01,0.76,2.8138,290354.42,794924.783,1.125,1.125,0.86,159.6931,,4.4203,2.1856,2.3124,1.08,1.08,770000.0,258098.3,258098.3,21382900.0,7167389.791,,,1.03
601601,中国太保,保险,上海,20071225,601601.SH,20090730,26.91,27.5,26.08,27.01,26.61,0.4,1.5032,303565.8,813988.753,1.1762,1.1762,0.88,155.3226,,4.2994,2.1258,2.2492,1.11,1.11,770000.0,258098.3,258098.3,20797700.0,6971235.083,,,1.03
601601,中国太保,保险,上海,20071225,601601.SH,20090729,27.7,27.88,26.0,26.61,27.9,-1.29,-4.6237,414889.9,1132855.15,1.6075,1.6075,1.21,153.0224,,4.2357,2.0943,2.2158,1.13,1.13,770000.0,258098.3,258098.3,20489700.0,6867995.763,,,1.03
601601,中国太保,保险,上海,20071225,601601.SH,20090728,28.28,28.28,27.5,27.9,28.43,-0.53,-1.8642,363800.28,1009462.493,1.4095,1.4095,1.05,160.4406,,4.441,2.1958,2.3233,1.08,1.08,770000.0,258098.3,258098.3,21483000.0,7200942.57,,,1.03
601601,中国太保,保险,上海,20071225,601601.SH,20090727,28.36,28.62,27.8,28.43,28.32,0.11,0.3884,322283.92,907175.962,1.2487,1.2487,0.92,163.4884,,4.5254,2.2376,2.3674,1.06,1.06,770000.0,258098.3,258098.3,21891100.0,7337734.669,29.71,24.31,1.03
601601,中国太保,保险,上海,20071225,601601.SH,20090724,28.26,28.86,27.94,28.32,28.12,0.2,0.7112,282724.13,801868.065,1.0954,1.0954,0.78,162.8559,,4.5079,2.2289,2.3582,1.06,1.06,770000.0,258098.3,258098.3,21806400.0,7309343.856,,,1.03
601601,中国太保,保险,上海,20071225,601601.SH,20090723,28.3,28.38,27.4,28.12,28.3,-0.18,-0.636,350854.45,977081.336,1.3594,1.3594,1.01,161.7058,,4.476,2.2132,2.3416,1.07,1.07,770000.0,258098.3,258098.3,21652400.0,7257724.196,,,1.03
601601,中国太保,保险,上海,20071225,601601.SH,20090722,28.49,28.85,27.6,28.3,28.48,-0.18,-0.632,393860.82,1109642.541,1.526,1.526,1.15,162.7409,,4.5047,2.2273,2.3566,1.06,1.06,770000.0,258098.3,258098.3,21791000.0,7304181.89,,,1.03
601601,中国太保,保险,上海,20071225,601601.SH,20090721,29.12,29.73,28.46,28.48,29.06,-0.58,-1.9959,384110.86,1114412.66,1.4882,1.4882,1.1,163.776,,4.5333,2.2415,2.3716,1.05,1.05,770000.0,258098.3,258098.3,21929600.0,7350639.584,,,1.03
601601,中国太保,保险,上海,20071225,601601.SH,20090720,28.82,29.67,28.19,29.06,28.81,0.25,0.8678,345073.21,998958.062,1.337,1.337,0.99,167.1113,,4.6257,2.2871,2.4199,1.03,1.03,770000.0,258098.3,258098.3,22376200.0,7500336.598,,,1.03
601601,中国太保,保险,上海,20071225,601601.SH,20090717,27.9,28.99,27.89,28.81,27.88,0.93,3.3357,334587.29,954173.04,1.2964,1.2964,1.0,165.6736,,4.5859,2.2675,2.399,1.04,1.04,770000.0,258098.3,258098.3,22183700.0,7435812.023,,,1.03
601601,中国太保,保险,上海,20071225,601601.SH,20090716,28.0,28.33,27.25,27.88,27.64,0.24,0.8683,286956.42,800012.102,1.1118,1.1118,0.7,160.3256,,4.4378,2.1943,2.3216,1.08,1.08,770000.0,258098.3,258098.3,21467600.0,7195780.604,,,1.03
601601,中国太保,保险,上海,20071225,601601.SH,20090715,27.23,28.46,27.2,27.64,27.18,0.46,1.6924,365233.0,1023288.96,1.4151,1.4151,0.86,158.9455,,4.3996,2.1754,2.3016,1.09,1.09,770000.0,258098.3,258098.3,21282800.0,7133837.012,,,1.03
601601,中国太保,保险,上海,20071225,601601.SH,20090714,25.71,27.58,25.71,27.18,25.62,1.56,6.089,411866.35,1111553.857,1.5958,1.5958,0.98,156.3002,,4.3264,2.1392,2.2633,1.1,1.1,770000.0,258098.3,258098.3,20928600.0,7015111.794,,,1.03
601601,中国太保,保险,上海,20071225,601601.SH,20090713,26.0,26.49,25.49,25.62,26.43,-0.81,-3.0647,349809.46,908836.851,1.3553,1.3553,0.78,147.3294,,4.0781,2.0164,2.1334,1.17,1.17,770000.0,258098.3,258098.3,19727400.0,6612478.446,,,1.03
601601,中国太保,保险,上海,20071225,601601.SH,20090710,26.75,26.81,26.15,26.43,26.8,-0.37,-1.3806,257584.28,682990.111,0.998,0.998,0.53,151.9873,,4.207,2.0801,2.2009,1.14,1.14,770000.0,258098.3,258098.3,20351100.0,6821538.069,,,1.03
601601,中国太保,保险,上海,20071225,601601.SH,20090709,24.0,26.8,23.4,26.8,24.38,2.42,9.9262,657755.67,1680333.225,2.5485,2.5485,1.45,154.115,,4.2659,2.1093,2.2317,1.12,1.12,770000.0,258098.3,258098.3,20636000.0,6917034.44,,,1.03
601601,中国太保,保险,上海,20071225,601601.SH,20090708,23.81,24.45,22.9,24.38,24.04,0.34,1.4143,455091.04,1074041.376,1.7632,1.7632,1.04,140.1987,,3.8807,1.9188,2.0302,1.23,1.23,770000.0,258098.3,258098.3,18772600.0,6292436.554,,,1.03
601601,中国太保,保险,上海,20071225,601601.SH,20090707,24.65,24.77,23.9,24.04,24.62,-0.58,-2.3558,373231.24,902878.232,1.4461,1.4461,0.84,138.2435,,3.8266,1.892,2.0018,1.25,1.25,770000.0,258098.3,258098.3,18510800.0,6204683.132,,,1.03
601601,中国太保,保险,上海,20071225,601601.SH,20090706,24.91,25.89,24.33,24.62,24.89,-0.27,-1.0848,498462.57,1249526.185,1.9313,1.9313,1.15,141.5788,,3.9189,1.9377,2.0501,1.22,1.22,770000.0,258098.3,258098.3,18957400.0,6354380.146,,,1.03
601601,中国太保,保险,上海,20071225,601601.SH,20090703,24.76,25.47,24.31,24.89,24.95,-0.06,-0.2405,437978.9,1090915.717,1.6969,1.6969,1.0,143.1314,,3.9619,1.9589,2.0726,1.21,1.21,770000.0,258098.3,258098.3,19165300.0,6424066.687,,,1.03
601601,中国太保,保险,上海,20071225,601601.SH,20090702,23.55,24.97,23.55,24.95,23.51,1.44,6.1251,499889.48,1226040.446,1.9368,1.9368,1.01,143.4765,,3.9715,1.9637,2.0776,1.2,1.2,770000.0,258098.3,258098.3,19211500.0,6439552.585,,,1.03
601601,中国太保,保险,上海,20071225,601601.SH,20090701,22.28,23.77,22.2,23.51,22.38,1.13,5.0492,378726.63,881666.224,1.4674,1.4674,0.78,135.1957,,3.7422,1.8503,1.9577,1.28,1.28,770000.0,258098.3,258098.3,18102700.0,6067891.033,,,1.03
601601,中国太保,保险,上海,20071225,601601.SH,20090630,22.5,23.5,22.2,22.38,22.48,-0.1,-0.4448,408482.62,931224.292,1.5827,1.5827,0.83,128.6975,,3.5624,1.7614,1.8636,1.34,1.34,770000.0,258098.3,258098.3,17232600.0,5776239.954,,,1.03
601601,中国太保,保险,上海,20071225,601601.SH,20090629,21.39,22.66,21.3,22.48,21.49,0.99,4.6068,450988.37,1005092.922,1.7474,1.7474,0.92,129.2726,,3.5783,1.7693,1.8719,1.33,1.33,770000.0,258098.3,258098.3,17309600.0,5802049.784,,,1.03
601601,中国太保,保险,上海,20071225,601601.SH,20090626,21.24,21.77,20.92,21.49,21.38,0.11,0.5145,452981.88,964741.443,1.7551,1.7551,0.96,123.5795,,3.4207,1.6913,1.7895,1.4,1.4,770000.0,258098.3,258098.3,16547300.0,5546532.467,,,1.03
601601,中国太保,保险,上海,20071225,601601.SH,20090625,20.34,21.69,20.3,21.38,20.1,1.28,6.3682,778314.23,1637001.48,3.0156,3.0156,2.08,122.947,,3.4032,1.6827,1.7803,1.4,1.4,770000.0,258098.3,258098.3,16462600.0,5518141.654,,,1.03
601601,中国太保,保险,上海,20071225,601601.SH,20090624,20.23,20.4,19.84,20.1,20.23,-0.13,-0.6426,346738.26,698350.086,1.3434,1.3434,0.97,115.5863,,3.1994,1.5819,1.6738,1.49,1.49,770000.0,258098.3,258098.3,15477000.0,5187775.83,,,1.03
601601,中国太保,保险,上海,20071225,601601.SH,20090623,19.6,20.3,19.5,20.23,19.85,0.38,1.9144,445913.06,891436.816,1.7277,1.7277,1.28,116.3338,,3.2201,1.5922,1.6846,1.48,1.48,770000.0,258098.3,258098.3,15577100.0,5221328.609,,,1.03
601601,中国太保,保险,上海,20071225,601601.SH,20090622,20.12,20.6,19.76,19.85,19.7,0.15,0.7614,426691.65,861477.31,1.6532,1.6532,1.31,114.1486,,3.1597,1.5623,1.6529,1.51,1.51,770000.0,258098.3,258098.3,15284500.0,5123251.255,,,1.03
601601,中国太保,保险,上海,20071225,601601.SH,20090619,19.38,20.06,19.19,19.7,19.41,0.29,1.4941,370559.45,725982.766,1.4357,1.4357,1.19,113.286,,3.1358,1.5505,1.6404,1.52,1.52,770000.0,258098.3,258098.3,15169000.0,5084536.51,,,1.03
601601,中国太保,保险,上海,20071225,601601.SH,20090618,19.3,19.65,19.16,19.41,19.21,0.2,1.0411,277067.7,537963.293,1.0735,1.0735,0.86,111.6184,,3.0896,1.5276,1.6163,1.55,1.55,770000.0,258098.3,258098.3,14945700.0,5009688.003,,,1.03
601601,中国太保,保险,上海,20071225,601601.SH,20090617,18.88,19.26,18.71,19.21,18.88,0.33,1.7479,265170.28,502613.521,1.0274,1.0274,0.66,110.4683,,3.0578,1.5119,1.5996,1.56,1.56,770000.0,258098.3,258098.3,14791700.0,4958068.343,,,1.03
601601,中国太保,保险,上海,20071225,601601.SH,20090616,19.3,19.58,18.64,18.88,19.59,-0.71,-3.6243,408120.37,774940.31,1.5813,1.5813,0.94,108.5706,,3.0053,1.4859,1.5722,1.59,3.18,770000.0,258098.3,258098.3,14537600.0,4872895.904,,,1.03
601601,中国太保,保险,上海,20071225,601601.SH,20090615,20.0,20.05,19.0,19.59,19.97,-0.38,-1.9029,313442.72,606814.285,1.2144,1.2144,0.68,112.6535,,3.1183,1.5418,1.6313,1.53,3.06,770000.0,258098.3,258098.3,15084300.0,5056145.697,,,1.03
601601,中国太保,保险,上海,20071225,601601.SH,20090612,20.0,20.19,19.6,19.97,19.92,0.05,0.251,291719.25,580805.678,1.1303,1.1303,0.66,114.8387,,3.1788,1.5717,1.6629,1.5,3.0,770000.0,258098.3,258098.3,15376900.0,5154223.051,,,1.03
601601,中国太保,保险,上海,20071225,601601.SH,20090611,20.49,20.68,19.85,20.22,20.64,-0.42,-2.0349,330160.43,668852.085,1.2792,1.2792,0.73,116.2763,,3.0719,1.5914,1.6837,1.48,1.48,770000.0,258098.3,258098.3,15569400.0,5218747.626,,,1.03
601601,中国太保,保险,上海,20071225,601601.SH,20090610,19.7,20.85,19.66,20.64,19.86,0.78,3.9275,666094.31,1353710.828,2.5808,2.5808,1.54,118.6916,,3.1357,1.6244,1.7187,1.45,1.45,770000.0,258098.3,258098.3,15892800.0,5327148.912,,,1.03
601601,中国太保,保险,上海,20071225,601601.SH,20090609,18.9,19.92,18.51,19.86,18.96,0.9,4.7468,567734.24,1098393.929,2.1997,2.1997,1.42,114.2061,,3.0172,1.5631,1.6538,1.51,1.51,770000.0,258098.3,258098.3,15292200.0,5125832.238,,,1.03
601601,中国太保,保险,上海,20071225,601601.SH,20090608,18.42,19.33,18.12,18.96,18.43,0.53,2.8757,449350.11,846247.553,1.741,1.741,1.01,109.0306,,2.8804,1.4922,1.5788,1.58,1.58,770000.0,258098.3,258098.3,14599200.0,4893543.768,,,1.03
601601,中国太保,保险,上海,20071225,601601.SH,20090605,18.65,18.8,18.42,18.43,18.69,-0.26,-1.3911,190337.11,353397.575,0.7375,0.7375,0.42,105.9828,,2.7999,1.4505,1.5347,1.63,1.63,770000.0,258098.3,258098.3,14191100.0,4756751.669,,,1.015
601601,中国太保,保险,上海,20071225,601601.SH,20090604,18.6,19.09,18.3,18.69,18.69,0.0,0.0,398845.57,749288.244,1.5453,1.5453,0.92,107.478,,2.8394,1.471,1.5563,1.61,1.61,770000.0,258098.3,258098.3,14391300.0,4823857.227,,,1.015
601601,中国太保,保险,上海,20071225,601601.SH,20090603,18.07,18.96,17.9,18.69,18.07,0.62,3.4311,550689.69,1023347.508,2.1336,2.1336,1.54,107.478,,2.8394,1.471,1.5563,1.61,1.61,770000.0,258098.3,258098.3,14391300.0,4823857.227,,,1.015
601601,中国太保,保险,上海,20071225,601601.SH,20090602,18.25,18.47,18.02,18.07,18.16,-0.09,-0.4956,411758.02,751629.47,1.5954,1.5954,1.24,103.9126,,2.7452,1.4222,1.5047,1.66,1.66,770000.0,258098.3,258098.3,13913900.0,4663836.281,,,1.015
601601,中国太保,保险,上海,20071225,601601.SH,20090601,17.35,18.6,17.25,18.16,17.15,1.01,5.8892,676077.5,1213197.211,2.6195,2.6195,2.67,104.4302,,2.7589,1.4293,1.5122,1.65,1.65,770000.0,258098.3,258098.3,13983200.0,4687065.128,20.56,16.82,1.015
601601,中国太保,保险,上海,20071225,601601.SH,20090527,16.82,17.25,16.71,17.15,16.96,0.19,1.1203,254835.83,433363.275,0.9874,0.9874,0.97,98.6221,,2.6055,1.3498,1.4281,1.75,1.75,770000.0,258098.3,258098.3,13205500.0,4426385.845,,,1.015
601601,中国太保,保险,上海,20071225,601601.SH,20090525,16.72,17.09,16.41,16.96,16.97,-0.01,-0.0589,270885.98,452499.208,1.0495,1.0495,1.12,97.5295,,2.5766,1.3348,1.4123,1.77,1.77,770000.0,258098.3,258098.3,13059200.0,4377347.168,,,1.015
601601,中国太保,保险,上海,20071225,601601.SH,20090522,16.84,17.15,16.78,16.97,16.9,0.07,0.4142,172915.11,292977.947,0.67,0.67,0.71,97.587,,2.5781,1.3356,1.4131,1.77,1.77,770000.0,258098.3,258098.3,13066900.0,4379928.151,,,1.015
601601,中国太保,保险,上海,20071225,601601.SH,20090521,17.13,17.15,16.8,16.9,17.27,-0.37,-2.1424,285825.52,485741.326,1.1074,1.1074,1.17,97.1845,,2.5675,1.3301,1.4073,1.78,1.78,770000.0,258098.3,258098.3,13013000.0,4361861.27,,,1.015
601601,中国太保,保险,上海,20071225,601601.SH,20090520,17.6,17.67,17.22,17.27,17.6,-0.33,-1.875,279304.99,485687.546,1.0822,1.0822,0.91,99.3122,,2.6237,1.3592,1.4381,1.74,1.74,770000.0,258098.3,258098.3,13297900.0,4457357.641,,,1.015
601601,中国太保,保险,上海,20071225,601601.SH,20090519,17.68,17.84,17.39,17.6,17.52,0.08,0.4566,302293.43,532273.061,1.1712,1.1712,1.11,101.2099,,2.6738,1.3852,1.4656,1.7,1.7,770000.0,258098.3,258098.3,13552000.0,4542530.08,,,1.015
601601,中国太保,保险,上海,20071225,601601.SH,20090518,17.6,17.65,17.2,17.52,17.66,-0.14,-0.7928,166068.89,288317.2,0.6434,0.6434,0.57,100.7498,,2.6617,1.3789,1.4589,1.71,1.71,770000.0,258098.3,258098.3,13490400.0,4521882.216,,,1.015
601601,中国太保,保险,上海,20071225,601601.SH,20090515,17.62,17.82,17.47,17.66,17.65,0.01,0.0567,179227.64,315957.69,0.6944,0.6944,0.59,101.5549,,2.6829,1.3899,1.4706,1.7,1.7,770000.0,258098.3,258098.3,13598200.0,4558015.978,,,1.015
601601,中国太保,保险,上海,20071225,601601.SH,20090514,17.63,17.74,17.38,17.65,17.99,-0.34,-1.8899,298991.09,524019.805,1.1584,1.1584,1.0,101.4974,,2.6814,1.3891,1.4697,1.7,1.7,770000.0,258098.3,258098.3,13590500.0,4555434.995,,,1.015
601601,中国太保,保险,上海,20071225,601601.SH,20090513,18.17,18.17,17.35,17.99,18.15,-0.16,-0.8815,589367.8,1041089.087,2.2835,2.2835,2.59,103.4526,,2.7331,1.4159,1.498,1.67,1.67,770000.0,258098.3,258098.3,13852300.0,4643188.417,,,1.015
601601,中国太保,保险,上海,20071225,601601.SH,20090512,17.72,18.16,17.65,18.15,17.88,0.27,1.5101,130125.26,232538.586,0.5042,0.5042,0.53,104.3727,,2.7574,1.4285,1.5114,1.65,1.65,770000.0,258098.3,258098.3,13975500.0,4684484.145,,,1.015
601601,中国太保,保险,上海,20071225,601601.SH,20090511,18.77,19.2,17.81,17.88,18.67,-0.79,-4.2314,257756.15,483203.776,0.9987,0.9987,1.02,102.82,,2.7164,1.4072,1.4889,1.68,1.68,770000.0,258098.3,258098.3,13767600.0,4614797.604,,,1.015
601601,中国太保,保险,上海,20071225,601601.SH,20090508,18.5,18.78,18.25,18.67,18.65,0.02,0.1072,239628.11,444977.331,0.9284,0.9284,0.93,107.363,,2.8364,1.4694,1.5547,1.61,1.61,770000.0,258098.3,258098.3,14375900.0,4818695.261,,,1.015
601601,中国太保,保险,上海,20071225,601601.SH,20090507,18.52,18.99,18.3,18.65,18.44,0.21,1.1388,280320.49,522913.006,1.0861,1.0861,1.0,107.2479,,2.8333,1.4678,1.553,1.61,1.61,770000.0,258098.3,258098.3,14360500.0,4813533.295,,,1.015
601601,中国太保,保险,上海,20071225,601601.SH,20090506,18.51,18.6,18.0,18.44,18.41,0.03,0.163,229479.87,421134.343,0.8891,0.8891,0.76,106.0403,,2.8014,1.4513,1.5355,1.63,1.63,770000.0,258098.3,258098.3,14198800.0,4759332.652,,,1.015
601601,中国太保,保险,上海,20071225,601601.SH,20090505,18.4,18.69,18.31,18.41,18.26,0.15,0.8215,228785.52,423988.285,0.8864,0.8864,0.65,105.8678,,2.7969,1.4489,1.533,1.63,1.63,770000.0,258098.3,258098.3,14175700.0,4751589.703,,,1.015
601601,中国太保,保险,上海,20071225,601601.SH,20090504,17.83,18.35,17.53,18.26,17.55,0.71,4.0456,289273.07,520485.789,1.1208,1.1208,0.84,105.0052,,2.7741,1.4371,1.5205,1.64,1.64,770000.0,258098.3,258098.3,14060200.0,4712874.958,,,1.015
601601,中国太保,保险,上海,20071225,601601.SH,20090430,17.6,17.78,17.2,17.55,17.43,0.12,0.6885,258010.77,452595.741,0.9997,0.9997,0.77,100.9223,,2.6662,1.3813,1.4614,1.71,1.71,770000.0,258098.3,258098.3,13513500.0,4529625.165,,,1.015
601601,中国太保,保险,上海,20071225,601601.SH,20090429,16.48,17.7,16.4,17.43,16.39,1.04,6.3453,396722.81,680910.23,1.5371,1.5371,1.28,100.2323,,2.648,1.3718,1.4514,1.72,1.72,770000.0,258098.3,258098.3,13421100.0,4498653.369,,,1.015
601601,中国太保,保险,上海,20071225,601601.SH,20090428,16.6,16.72,16.12,16.39,16.73,-0.34,-2.0323,331586.57,545708.889,1.2847,1.2847,1.17,94.2517,,2.49,1.29,1.3648,1.83,1.83,770000.0,258098.3,258098.3,12620300.0,4230231.137,,,1.015
601601,中国太保,保险,上海,20071225,601601.SH,20090427,17.55,17.55,16.54,16.73,17.99,-1.26,-7.0039,486240.53,823466.675,1.8839,1.8839,2.1,96.2069,,2.5417,1.3167,1.3931,1.79,1.79,770000.0,258098.3,258098.3,12882100.0,4317984.559,,,1.015
601601,中国太保,保险,上海,20071225,601601.SH,20090424,18.19,18.29,17.83,17.99,18.06,-0.07,-0.3876,253566.91,459463.52,0.9824,0.9824,1.11,103.4526,103.4526,2.842,1.4159,1.4159,1.6676,1.6676,770000.0,258098.3,258098.3,13852300.0,4643188.417,,,1.015
601601,中国太保,保险,上海,20071225,601601.SH,20090423,17.71,18.15,17.6,18.06,17.81,0.25,1.4037,201357.74,359959.485,0.7802,0.7802,0.85,103.8551,103.8551,2.8531,1.4214,1.4214,1.6611,1.6611,770000.0,258098.3,258098.3,13906200.0,4661255.298,,,1.015
601601,中国太保,保险,上海,20071225,601601.SH,20090422,18.52,19.1,17.67,17.81,18.31,-0.5,-2.7307,278709.16,514904.005,1.0799,1.0799,1.1,102.4175,102.4175,2.8136,1.4017,1.4017,1.6844,1.6844,770000.0,258098.3,258098.3,13713700.0,4596730.723,,,1.015
601601,中国太保,保险,上海,20071225,601601.SH,20090421,18.37,18.6,18.05,18.31,18.62,-0.31,-1.6649,200262.48,365968.497,0.7759,0.7759,0.73,105.2928,105.2928,2.8926,1.4411,1.4411,1.6384,1.6384,770000.0,258098.3,258098.3,14098700.0,4725779.873,,,1.015
601601,中国太保,保险,上海,20071225,601601.SH,20090420,18.28,18.73,18.0,18.62,18.37,0.25,1.3609,222442.04,409426.512,0.8619,0.8619,0.62,107.0754,107.0754,2.9415,1.4655,1.4655,1.6112,1.6112,770000.0,258098.3,258098.3,14337400.0,4805790.346,,,1.015
601601,中国太保,保险,上海,20071225,601601.SH,20090417,18.53,18.74,18.2,18.37,18.59,-0.22,-1.1834,242150.86,445781.862,0.9382,0.9382,0.6,105.6378,105.6378,2.9021,1.4458,1.4458,1.6331,1.6331,770000.0,258098.3,258098.3,14144900.0,4741265.771,,,1.015
601601,中国太保,保险,上海,20071225,601601.SH,20090416,18.9,19.14,18.42,18.59,18.95,-0.36,-1.8997,247737.84,464570.153,0.9599,0.9599,0.57,106.9029,106.9029,2.9368,1.4631,1.4631,1.6138,1.6138,770000.0,258098.3,258098.3,14314300.0,4798047.397,,,1.015
601601,中国太保,保险,上海,20071225,601601.SH,20090415,18.98,19.0,18.39,18.95,19.11,-0.16,-0.8373,355070.14,663848.111,1.3757,1.3757,0.79,108.9731,108.9731,2.9937,1.4914,1.4914,1.5831,1.5831,770000.0,258098.3,258098.3,14591500.0,4890962.785,,,1.015
601601,中国太保,保险,上海,20071225,601601.SH,20090414,18.9,19.33,18.7,19.11,18.87,0.24,1.2719,311798.38,594920.205,1.2081,1.2081,0.73,109.8932,109.8932,3.019,1.504,1.504,1.5699,1.5699,770000.0,258098.3,258098.3,14714700.0,4932258.513,,,1.015
601601,中国太保,保险,上海,20071225,601601.SH,20090413,19.5,19.5,18.7,18.87,18.17,0.7,3.8525,636392.53,1214905.46,2.4657,2.4657,1.7,108.5131,108.5131,2.981,1.4851,1.4851,1.5898,1.5898,770000.0,258098.3,258098.3,14529900.0,4870314.921,,,1.015
601601,中国太保,保险,上海,20071225,601601.SH,20090410,17.62,18.46,17.55,18.17,17.49,0.68,3.8879,461576.54,836923.232,1.7884,4.6158,1.07,20.2973,27.8703,2.8498,1.5043,1.3058,1.65,1.65,770000.0,258098.3,100000.0,13990900.0,4689646.111,,,1.015
601601,中国太保,保险,上海,20071225,601601.SH,20090409,16.81,17.5,16.6,17.49,16.61,0.88,5.298,399458.31,684669.068,1.5477,3.9946,0.77,19.5376,26.8273,2.7431,1.448,1.2569,1.72,1.72,770000.0,258098.3,100000.0,13467300.0,4514139.267,,,1.015
601601,中国太保,保险,上海,20071225,601601.SH,20090408,17.28,17.76,16.58,16.61,17.34,-0.73,-4.2099,450676.51,776139.787,1.7461,4.5068,0.69,18.5546,25.4775,2.6051,1.3751,1.1937,1.81,1.81,770000.0,258098.3,100000.0,12789700.0,4287012.763,,,1.015
601601,中国太保,保险,上海,20071225,601601.SH,20090407,17.11,17.67,17.05,17.34,17.09,0.25,1.4628,197776.99,342758.108,0.7663,1.9778,0.29,19.3701,26.5972,2.7196,1.4356,1.2462,1.73,1.73,770000.0,258098.3,100000.0,13351800.0,4475424.522,,,1.015
601601,中国太保,保险,上海,20071225,601601.SH,20090403,17.37,17.45,17.0,17.09,17.17,-0.08,-0.4659,367274.73,632315.773,1.423,3.6727,0.54,19.0908,26.2137,2.6804,1.4149,1.2282,1.76,1.76,770000.0,258098.3,100000.0,13159300.0,4410899.947,,,1.015
601601,中国太保,保险,上海,20071225,601601.SH,20090402,16.7,17.55,16.65,17.17,16.53,0.64,3.8717,743176.21,1277171.292,2.8794,7.4318,1.24,19.1802,26.3365,2.6929,1.4215,1.2339,1.75,1.75,770000.0,258098.3,100000.0,13220900.0,4431547.811,,,1.015
601601,中国太保,保险,上海,20071225,601601.SH,20090401,16.87,17.04,16.41,16.53,16.78,-0.25,-1.4899,823016.87,1379609.933,3.1888,8.2302,1.6,18.4653,25.3548,2.5925,1.3685,1.188,1.81,1.81,770000.0,258098.3,100000.0,12728100.0,4266364.899,,,1.015
601601,中国太保,保险,上海,20071225,601601.SH,20090331,14.99,16.78,14.96,16.78,15.25,1.53,10.0328,1137837.32,1856485.176,4.4085,11.3784,3.02,18.7445,25.7382,2.6318,1.3892,1.2059,1.79,1.79,770000.0,258098.3,100000.0,12920600.0,4330889.474,,,1.015
601601,中国太保,保险,上海,20071225,601601.SH,20090330,15.68,15.78,15.16,15.25,15.7,-0.45,-2.8662,332459.16,510486.313,1.2881,3.3246,0.81,17.0354,23.3914,2.3918,1.2625,1.096,1.97,1.97,770000.0,258098.3,100000.0,11742500.0,3935999.075,18.8,15.38,1.015
601601,中国太保,保险,上海,20071225,601601.SH,20090327,16.1,16.35,15.6,15.7,15.97,-0.27,-1.6907,342158.06,545163.083,1.3257,3.4216,0.87,17.5381,24.0817,2.4624,1.2998,1.1283,1.91,1.91,770000.0,258098.3,100000.0,12089000.0,4052143.31,,,1.015
601601,中国太保,保险,上海,20071225,601601.SH,20090326,15.85,16.01,15.51,15.97,15.68,0.29,1.8495,370664.26,587941.208,1.4361,3.7066,0.97,17.8397,24.4958,2.5047,1.3221,1.1477,1.88,1.88,770000.0,258098.3,100000.0,12296900.0,4121829.851,,,1.015
601601,中国太保,保险,上海,20071225,601601.SH,20090325,15.5,16.0,15.4,15.68,15.64,0.04,0.2558,382881.28,603855.194,1.4835,3.8288,1.01,17.5157,24.051,2.4592,1.2981,1.1269,1.91,1.91,770000.0,258098.3,100000.0,12073600.0,4046981.344,,,1.015
601601,中国太保,保险,上海,20071225,601601.SH,20090324,15.82,16.1,15.58,15.64,15.56,0.08,0.5141,458178.94,725872.825,1.7752,4.5818,1.1,17.4711,23.9896,2.453,1.2948,1.124,1.92,1.92,770000.0,258098.3,100000.0,12042800.0,4036657.412,,,1.015
601601,中国太保,保险,上海,20071225,601601.SH,20090323,14.92,15.61,14.81,15.56,14.91,0.65,4.3595,509030.75,781860.871,1.9722,5.0903,1.25,17.3817,23.8669,2.4404,1.2882,1.1182,1.93,1.93,770000.0,258098.3,100000.0,11981200.0,4016009.548,,,1.015
601601,中国太保,保险,上海,20071225,601601.SH,20090320,15.23,15.23,14.76,14.91,15.29,-0.38,-2.4853,237002.5,354269.205,0.9183,2.37,0.49,16.6556,22.8699,2.3385,1.2344,1.0715,2.01,2.01,770000.0,258098.3,100000.0,11480700.0,3848245.653,,,1.015
601601,中国太保,保险,上海,20071225,601601.SH,20090319,15.0,15.35,14.9,15.29,15.0,0.29,1.9333,322031.13,486744.388,1.2477,3.2203,0.69,17.0801,23.4528,2.3981,1.2658,1.0988,1.96,1.96,770000.0,258098.3,100000.0,11773300.0,3946323.007,,,1.015
601601,中国太保,保险,上海,20071225,601601.SH,20090318,15.31,15.45,14.97,15.0,15.2,-0.2,-1.3158,375416.17,568659.956,1.4545,3.7542,0.8,16.7561,23.008,2.3526,1.2418,1.078,2.0,2.0,770000.0,258098.3,100000.0,11550000.0,3871474.5,,,1.015
601601,中国太保,保险,上海,20071225,601601.SH,20090317,14.88,15.45,14.81,15.2,14.83,0.37,2.4949,640018.85,972983.783,2.4797,6.4002,1.64,16.9795,23.3147,2.3839,1.2584,1.0924,1.97,1.97,770000.0,258098.3,100000.0,11704000.0,3923094.16,,,1.015
601601,中国太保,保险,上海,20071225,601601.SH,20090316,14.32,14.88,14.26,14.83,14.41,0.42,2.9146,456804.48,669128.814,1.7699,4.568,1.28,16.5662,22.7472,2.3259,1.2278,1.0658,2.02,2.02,770000.0,258098.3,100000.0,11419100.0,3827597.789,,,1.015
601601,中国太保,保险,上海,20071225,601601.SH,20090313,14.2,14.89,14.09,14.41,14.1,0.31,2.1986,608318.94,884352.568,2.3569,6.0832,2.02,16.0971,22.103,2.26,1.193,1.0356,2.08,2.08,770000.0,258098.3,100000.0,11095700.0,3719196.503,,,1.015
601601,中国太保,保险,上海,20071225,601601.SH,20090312,13.8,14.27,13.48,14.1,13.9,0.2,1.4388,249270.87,342427.397,0.9658,2.4927,0.65,15.7508,21.6275,2.2114,1.1673,1.0133,2.13,2.13,770000.0,258098.3,100000.0,10857000.0,3639186.03,,,1.015
601601,中国太保,保险,上海,20071225,601601.SH,20090311,14.46,14.46,13.87,13.9,14.1,-0.2,-1.4184,392000.85,557515.172,1.5188,3.92,0.9,15.5273,21.3207,2.1801,1.1508,0.9989,2.16,2.16,770000.0,258098.3,100000.0,10703000.0,3587566.37,,,1.015
601601,中国太保,保险,上海,20071225,601601.SH,20090310,13.51,14.15,13.33,14.1,13.61,0.49,3.6003,248249.87,340973.941,0.9618,2.4825,0.54,15.7508,21.6275,2.2114,1.1673,1.0133,2.13,2.13,770000.0,258098.3,100000.0,10857000.0,3639186.03,16.31,13.35,1.015
601601,中国太保,保险,上海,20071225,601601.SH,20090309,14.2,14.54,13.6,13.61,14.15,-0.54,-3.8163,280523.96,395117.35,1.0869,2.8052,0.62,15.2034,20.8759,2.1346,1.1268,0.9781,2.2,2.2,770000.0,258098.3,100000.0,10479700.0,3512717.863,,,1.015
601601,中国太保,保险,上海,20071225,601601.SH,20090306,14.2,14.46,14.0,14.15,14.54,-0.39,-2.6823,336946.34,479543.212,1.3055,3.3695,0.72,15.8066,21.7042,2.2193,1.1715,1.0169,2.12,2.12,770000.0,258098.3,100000.0,10895500.0,3652090.945,,,1.015
601601,中国太保,保险,上海,20071225,601601.SH,20090305,14.59,14.89,14.14,14.54,14.39,0.15,1.0424,671126.72,976512.637,2.6003,6.7113,1.67,16.2423,22.3024,2.2804,1.2037,1.0449,2.06,2.06,770000.0,258098.3,100000.0,11195800.0,3752749.282,,,1.015
601601,中国太保,保险,上海,20071225,601601.SH,20090304,13.19,14.39,13.19,14.39,13.08,1.31,10.0153,644038.78,896440.756,2.4953,6.4404,1.68,16.0747,22.0723,2.2569,1.1913,1.0342,2.08,2.08,770000.0,258098.3,100000.0,11080300.0,3714034.537,,,1.015
601601,中国太保,保险,上海,20071225,601601.SH,20090303,13.2,13.41,13.0,13.08,13.6,-0.52,-3.8235,353108.4,466429.158,1.3681,3.5311,0.93,14.6113,20.0629,2.0515,1.0829,0.94,2.29,2.29,770000.0,258098.3,100000.0,10071600.0,3375925.764,14.97,12.25,1.015
601601,中国太保,保险,上海,20071225,601601.SH,20090302,13.63,13.88,13.3,13.6,13.58,0.02,0.1473,245813.9,330941.375,0.9524,2.4581,0.63,15.1922,20.8606,2.133,1.1259,0.9774,2.21,2.21,770000.0,258098.3,100000.0,10472000.0,3510136.88,,,1.015
601601,中国太保,保险,上海,20071225,601601.SH,20090227,13.35,14.0,13.28,13.58,13.4,0.18,1.3433,414916.0,567788.269,1.6076,4.1492,1.18,15.1699,20.8299,2.1299,1.1243,0.9759,2.21,2.21,770000.0,258098.3,100000.0,10456600.0,3504974.914,,,1.015
601601,中国太保,保险,上海,20071225,601601.SH,20090226,14.0,14.33,13.38,13.4,14.02,-0.62,-4.4223,350523.12,487446.976,1.3581,3.5052,1.06,14.9688,20.5538,2.1016,1.1094,0.963,2.24,2.24,770000.0,258098.3,100000.0,10318000.0,3458517.22,,,1.015
601601,中国太保,保险,上海,20071225,601601.SH,20090225,14.52,14.67,13.72,14.02,14.44,-0.42,-2.9086,552405.11,777534.152,2.1403,5.5241,1.97,15.6614,21.5048,2.1989,1.1607,1.0076,2.14,2.14,770000.0,258098.3,100000.0,10795400.0,3618538.166,,,1.015
601601,中国太保,保险,上海,20071225,601601.SH,20090224,15.09,15.18,14.0,14.44,15.36,-0.92,-5.9896,344682.02,504896.34,1.3355,3.4468,1.25,16.1306,22.149,2.2648,1.1955,1.0378,2.08,2.08,770000.0,258098.3,100000.0,11118800.0,3726939.452,,,1.015
601601,中国太保,保险,上海,20071225,601601.SH,20090223,14.75,15.51,14.5,15.36,14.86,0.5,3.3647,278860.01,420703.013,1.0804,2.7886,0.91,17.1583,23.5602,2.409,1.2716,1.1039,1.95,1.95,770000.0,258098.3,100000.0,11827200.0,3964389.888,,,1.015
601601,中国太保,保险,上海,20071225,601601.SH,20090220,14.82,14.96,14.45,14.86,14.82,0.04,0.2699,231052.22,339641.743,0.8952,2.3105,0.7,16.5997,22.7932,2.3306,1.2302,1.0679,2.02,2.02,770000.0,258098.3,100000.0,11442200.0,3835340.738,,,1.015
601601,中国太保,保险,上海,20071225,601601.SH,20090219,14.98,15.08,14.58,14.82,14.8,0.02,0.1351,251892.52,373001.602,0.976,2.5189,0.76,16.5551,22.7319,2.3244,1.2269,1.0651,2.02,2.02,770000.0,258098.3,100000.0,11411400.0,3825016.806,,,1.015
601601,中国太保,保险,上海,20071225,601601.SH,20090218,15.24,15.45,14.78,14.8,15.6,-0.8,-5.1282,295000.91,443735.156,1.143,2.95,0.83,16.5327,22.7012,2.3212,1.2253,1.0636,2.03,2.03,770000.0,258098.3,100000.0,11396000.0,3819854.84,,,1.015
601601,中国太保,保险,上海,20071225,601601.SH,20090217,16.31,16.45,15.58,15.6,16.44,-0.84,-5.1095,323206.23,516395.767,1.2523,3.2321,0.94,17.4264,23.9283,2.4467,1.2915,1.1211,1.92,1.92,770000.0,258098.3,100000.0,12012000.0,4026333.48,,,1.015
601601,中国太保,保险,上海,20071225,601601.SH,20090216,15.99,16.56,15.98,16.44,15.84,0.6,3.7879,423726.82,689625.42,1.6417,4.2373,1.29,18.3647,25.2167,2.5784,1.361,1.1815,1.82,1.82,770000.0,258098.3,100000.0,12658800.0,4243136.052,,,1.015
601601,中国太保,保险,上海,20071225,601601.SH,20090213,15.29,15.93,15.1,15.84,15.29,0.55,3.5971,355431.85,556398.904,1.3771,3.5543,1.08,17.6945,24.2964,2.4843,1.3114,1.1384,1.89,1.89,770000.0,258098.3,100000.0,12196800.0,4088277.072,,,1.015
601601,中国太保,保险,上海,20071225,601601.SH,20090212,15.37,15.72,14.86,15.29,15.27,0.02,0.131,256288.65,392479.329,0.993,2.5629,0.62,17.0801,23.4528,2.3981,1.2658,1.0988,1.96,1.96,770000.0,258098.3,100000.0,11773300.0,3946323.007,,,1.015
601601,中国太保,保险,上海,20071225,601601.SH,20090211,15.38,15.92,14.98,15.27,15.72,-0.45,-2.8626,427123.75,656661.791,1.6549,4.2712,1.0,17.0577,23.4221,2.3949,1.2642,1.0974,1.96,1.96,770000.0,258098.3,100000.0,11757900.0,3941161.041,,,1.015
601601,中国太保,保险,上海,20071225,601601.SH,20090210,15.34,15.94,14.7,15.72,15.39,0.33,2.1442,264879.41,412509.355,1.0263,2.6488,0.6,17.5604,24.1124,2.4655,1.3014,1.1297,1.91,1.91,770000.0,258098.3,100000.0,12104400.0,4057305.276,,,1.015
601601,中国太保,保险,上海,20071225,601601.SH,20090209,15.46,15.68,15.28,15.39,15.38,0.01,0.065,340768.13,527628.77,1.3203,3.4077,0.84,17.1918,23.6062,2.4137,1.2741,1.106,1.95,1.95,770000.0,258098.3,100000.0,11850300.0,3972132.837,,,1.015
601601,中国太保,保险,上海,20071225,601601.SH,20090206,14.82,15.55,14.82,15.38,14.89,0.49,3.2908,354252.23,542845.426,1.3725,3.5425,0.81,17.1806,23.5908,2.4122,1.2733,1.1053,1.95,1.95,770000.0,258098.3,100000.0,11842600.0,3969551.854,,,1.015
601601,中国太保,保险,上海,20071225,601601.SH,20090205,14.58,15.55,14.5,14.89,14.6,0.29,1.9863,690122.35,1036136.46,2.6739,6.9012,1.83,16.6333,22.8392,2.3353,1.2327,1.0701,2.01,2.01,770000.0,258098.3,100000.0,11465300.0,3843083.687,,,1.015
601601,中国太保,保险,上海,20071225,601601.SH,20090204,14.19,14.9,14.15,14.6,14.13,0.47,3.3263,481115.56,703853.056,1.8641,4.8112,1.32,16.3093,22.3944,2.2898,1.2087,1.0493,2.05,2.05,770000.0,258098.3,100000.0,11242000.0,3768235.18,,,1.015
601601,中国太保,保险,上海,20071225,601601.SH,20090203,13.76,14.25,13.62,14.13,13.72,0.41,2.9883,344250.85,482401.798,1.3338,3.4425,0.92,15.7843,21.6735,2.2161,1.1698,1.0155,2.12,2.12,770000.0,258098.3,100000.0,10880100.0,3646928.979,,,1.015
601601,中国太保,保险,上海,20071225,601601.SH,20090202,13.82,14.02,13.65,13.72,13.7,0.02,0.146,170556.08,235267.172,0.6608,1.7056,0.42,15.3263,21.0446,2.1518,1.1359,0.986,2.19,2.19,770000.0,258098.3,100000.0,10564400.0,3541108.676,,,1.015
601601,中国太保,保险,上海,20071225,601601.SH,20090123,13.65,13.9,13.4,13.7,13.74,-0.04,-0.2911,505869.13,688288.562,1.96,5.0587,1.02,15.3039,21.0139,2.1487,1.1342,0.9846,2.19,2.19,770000.0,258098.3,100000.0,10549000.0,3535946.71,,,1.015
601601,中国太保,保险,上海,20071225,601601.SH,20090122,14.03,14.17,13.46,13.74,13.88,-0.14,-1.0086,379914.75,522531.404,1.472,3.7991,0.66,15.3486,21.0753,2.155,1.1375,0.9874,2.18,2.18,770000.0,258098.3,100000.0,10579800.0,3546270.642,,,1.015
601601,中国太保,保险,上海,20071225,601601.SH,20090121,14.15,14.43,13.72,13.88,14.41,-0.53,-3.678,427563.0,602470.464,1.6566,4.2756,0.76,15.505,21.29,2.1769,1.1491,0.9975,2.16,2.16,770000.0,258098.3,100000.0,10687600.0,3582404.404,,,1.015
601601,中国太保,保险,上海,20071225,601601.SH,20090120,13.8,14.47,13.8,14.41,13.91,0.5,3.5945,380468.5,536163.028,1.4741,3.8047,0.69,16.0971,22.103,2.26,1.193,1.0356,2.08,2.08,770000.0,258098.3,100000.0,11095700.0,3719196.503,,,1.015
601601,中国太保,保险,上海,20071225,601601.SH,20090119,13.97,14.41,13.68,13.91,13.8,0.11,0.7971,347250.28,488701.474,1.3454,3.4725,0.6,15.5385,21.3361,2.1816,1.1516,0.9997,2.16,2.16,770000.0,258098.3,100000.0,10710700.0,3590147.353,,,1.015
601601,中国太保,保险,上海,20071225,601601.SH,20090116,13.77,14.4,13.74,13.8,13.74,0.06,0.4367,949724.4,1342691.332,3.6797,9.4972,1.93,15.4156,21.1673,2.1644,1.1425,0.9918,2.17,2.17,770000.0,258098.3,100000.0,10626000.0,3561756.54,15.11,12.37,1.015
601601,中国太保,保险,上海,20071225,601601.SH,20090114,12.51,13.74,12.51,13.74,12.49,1.25,10.008,780288.13,1036842.023,3.0232,7.8029,1.72,15.3486,21.0753,2.155,1.1375,0.9874,2.18,2.18,770000.0,258098.3,100000.0,10579800.0,3546270.642,,,1.015
601601,中国太保,保险,上海,20071225,601601.SH,20090113,12.3,12.7,12.28,12.49,12.5,-0.01,-0.08,358337.32,448656.743,1.3884,3.5834,0.65,13.9523,19.158,1.9589,1.034,0.8976,2.4,2.4,770000.0,258098.3,100000.0,9617300.0,3223647.767,,,1.015
601601,中国太保,保险,上海,20071225,601601.SH,20090112,12.6,12.75,12.4,12.5,12.64,-0.14,-1.1076,318499.24,400235.419,1.234,3.185,0.51,13.9634,19.1733,1.9605,1.0349,0.8983,2.4,2.4,770000.0,258098.3,100000.0,9625000.0,3226228.75,,,1.015
601601,中国太保,保险,上海,20071225,601601.SH,20090109,12.0,12.68,12.0,12.64,12.01,0.63,5.2456,471926.7,586716.75,1.8285,4.7193,0.76,14.1198,19.388,1.9824,1.0464,0.9084,2.37,2.37,770000.0,258098.3,100000.0,9732800.0,3262362.512,,,1.015
601601,中国太保,保险,上海,20071225,601601.SH,20090108,12.2,12.45,11.93,12.01,12.51,-0.5,-3.9968,536664.27,655256.014,2.0793,5.3666,0.87,13.4161,18.4217,1.8836,0.9943,0.8631,2.5,2.5,770000.0,258098.3,100000.0,9247700.0,3099760.583,,,1.015
601601,中国太保,保险,上海,20071225,601601.SH,20090107,12.2,12.66,12.16,12.51,12.21,0.3,2.457,585856.61,728938.147,2.2699,5.8586,0.99,13.9746,19.1886,1.9621,1.0357,0.8991,2.4,2.4,770000.0,258098.3,100000.0,9632700.0,3228809.733,,,1.015
601601,中国太保,保险,上海,20071225,601601.SH,20090106,11.7,12.45,11.66,12.21,11.86,0.35,2.9511,842463.59,1030882.097,3.2641,8.4246,1.44,13.6395,18.7285,1.915,1.0108,0.8775,2.46,2.46,770000.0,258098.3,100000.0,9401700.0,3151380.243,,,1.015
601601,中国太保,保险,上海,20071225,601601.SH,20090105,11.38,11.88,11.23,11.86,11.12,0.74,6.6547,710451.72,825708.263,2.7526,7.1045,1.05,13.2485,18.1916,1.8601,0.9819,0.8523,2.53,2.53,770000.0,258098.3,100000.0,9132200.0,3061045.838,,,1.015
601601,中国太保,保险,上海,20071225,601601.SH,20081231,11.12,11.37,11.06,11.12,11.13,-0.01,-0.09,410784.94,461165.35,1.5916,4.1078,0.63,12.4219,17.0566,1.744,0.9206,0.7992,,2.7,770000.0,258098.3,100000.0,8562400.0,2870053.096,,,1.015
601601,中国太保,保险,上海,20071225,601601.SH,20081230,10.88,11.44,10.86,11.13,10.9,0.23,2.11,534759.2,595882.178,2.0719,5.3476,0.87,12.433,17.0719,1.7456,0.9214,0.7999,,2.7,770000.0,258098.3,100000.0,8570100.0,2872634.079,,,1.015
601601,中国太保,保险,上海,20071225,601601.SH,20081229,11.13,11.28,10.77,10.9,11.13,-0.23,-2.07,454318.18,497347.611,1.7603,4.5432,0.77,12.1761,16.7191,1.7095,0.9024,0.7833,,2.75,770000.0,258098.3,100000.0,8393000.0,2813271.47,,,1.015
601601,中国太保,保险,上海,20071225,601601.SH,20081226,10.27,11.27,10.26,11.13,10.48,0.65,6.2,824506.0,891301.217,3.1945,8.2451,1.5,12.433,17.0719,1.7456,0.9214,0.7999,,2.7,770000.0,258098.3,100000.0,8570100.0,2872634.079,,,1.015
601601,中国太保,保险,上海,20071225,601601.SH,20081225,10.02,11.0,10.02,10.48,10.68,-0.2,-1.87,1154229.66,1210851.127,4.4721,11.5423,3.07,11.7069,16.0749,1.6437,0.8676,0.7532,,2.86,770000.0,258098.3,100000.0,8069600.0,2704870.184,,,1.015
601601,中国太保,保险,上海,20071225,601601.SH,20081224,10.7,11.06,10.58,10.68,10.87,-0.19,-1.75,281520.18,304783.632,2.8152,2.8152,0.78,11.9304,16.3817,1.675,0.8842,0.7675,,2.81,770000.0,100000.0,100000.0,8223600.0,1068000.0,,,1.015
601601,中国太保,保险,上海,20071225,601601.SH,20081223,11.59,11.6,10.85,10.87,11.74,-0.87,-7.41,351519.2,393578.984,3.5152,3.5152,1.07,12.1426,16.6731,1.7048,0.8999,0.7812,,2.76,770000.0,100000.0,100000.0,8369900.0,1087000.0,,,1.015
601601,中国太保,保险,上海,20071225,601601.SH,20081222,12.11,12.23,11.7,11.74,12.37,-0.63,-5.09,349015.46,416482.9,3.4902,3.4902,1.14,13.1145,18.0076,1.8413,0.9719,0.8437,,2.56,770000.0,100000.0,100000.0,9039800.0,1174000.0,,,1.015
601601,中国太保,保险,上海,20071225,601601.SH,20081219,11.88,12.6,11.82,12.37,11.94,0.43,3.6,606773.25,747998.111,6.0677,6.0677,2.5,13.8182,18.9739,1.9401,1.0241,0.889,,2.43,770000.0,100000.0,100000.0,9524900.0,1237000.0,,,1.015
601601,中国太保,保险,上海,20071225,601601.SH,20081218,11.5,11.95,11.31,11.94,11.53,0.41,3.56,289444.24,339589.229,2.8944,2.8944,1.15,13.3379,18.3143,1.8727,0.9885,0.8581,,2.51,770000.0,100000.0,100000.0,9193800.0,1194000.0,,,1.015
601601,中国太保,保险,上海,20071225,601601.SH,20081217,11.62,11.82,11.52,11.53,11.52,0.01,0.09,198332.95,231880.691,1.9833,1.9833,0.71,12.8799,17.6855,1.8084,0.9546,0.8286,,2.6,770000.0,100000.0,100000.0,8878100.0,1153000.0,,,1.015
601601,中国太保,保险,上海,20071225,601601.SH,20081216,11.39,11.55,11.09,11.52,11.49,0.03,0.26,197683.7,224218.431,1.9768,1.9768,0.63,12.8687,17.6701,1.8068,0.9537,0.8279,,2.6,770000.0,100000.0,100000.0,8870400.0,1152000.0,,,1.015
601601,中国太保,保险,上海,20071225,601601.SH,20081215,11.55,11.83,11.34,11.49,11.34,0.15,1.32,235242.38,272230.04,2.3524,2.3524,0.65,12.8352,17.6241,1.8021,0.9512,0.8257,,2.61,770000.0,100000.0,100000.0,8847300.0,1149000.0,,,1.015
601601,中国太保,保险,上海,20071225,601601.SH,20081212,12.06,12.15,11.27,11.34,12.21,-0.87,-7.13,294505.43,343827.555,2.9451,2.9451,0.81,12.6676,17.394,1.7786,0.9388,0.815,,2.65,770000.0,100000.0,100000.0,8731800.0,1134000.0,,,1.015
601601,中国太保,保险,上海,20071225,601601.SH,20081211,12.39,12.64,12.19,12.21,12.51,-0.3,-2.4,334834.12,416260.684,3.3483,3.3483,0.8,13.6395,18.7285,1.915,1.0108,0.8775,,2.46,770000.0,100000.0,100000.0,9401700.0,1221000.0,13.13,10.75,1.015
601601,中国太保,保险,上海,20071225,601601.SH,20081210,12.02,12.55,11.96,12.51,12.16,0.35,2.88,340697.29,418468.633,3.407,3.407,0.83,13.9746,19.1886,1.9621,1.0357,0.8991,,2.4,770000.0,100000.0,100000.0,9632700.0,1251000.0,,,1.015
601601,中国太保,保险,上海,20071225,601601.SH,20081209,12.81,12.81,12.12,12.16,12.61,-0.45,-3.57,371265.44,464320.118,3.7127,3.7127,0.99,13.5836,18.6518,1.9072,1.0067,0.8739,,2.47,770000.0,100000.0,100000.0,9363200.0,1216000.0,,,1.015
601601,中国太保,保险,上海,20071225,601601.SH,20081208,12.18,12.65,12.1,12.61,12.09,0.52,4.3,460367.37,572036.372,4.6037,4.6037,1.45,14.0863,19.342,1.9777,1.044,0.9062,,2.38,770000.0,100000.0,100000.0,9709700.0,1261000.0,,,1.015
601601,中国太保,保险,上海,20071225,601601.SH,20081205,12.0,12.16,11.81,12.09,12.17,-0.08,-0.66,318714.31,382854.927,3.1871,3.1871,1.09,13.5054,18.5444,1.8962,1.0009,0.8689,,2.48,770000.0,100000.0,100000.0,9309300.0,1209000.0,,,1.015
601601,中国太保,保险,上海,20071225,601601.SH,20081204,11.82,12.68,11.69,12.17,11.64,0.53,4.55,600038.26,731900.874,6.0004,6.0004,2.56,13.5948,18.6671,1.9087,1.0075,0.8746,,2.47,770000.0,100000.0,100000.0,9370900.0,1217000.0,,,1.015
601601,中国太保,保险,上海,20071225,601601.SH,20081203,11.15,11.66,11.14,11.64,11.06,0.58,5.24,311257.38,355889.167,3.1126,3.1126,1.61,13.0028,17.8542,1.8256,0.9637,0.8365,,2.58,770000.0,100000.0,100000.0,8962800.0,1164000.0,,,1.015
601601,中国太保,保险,上海,20071225,601601.SH,20081202,10.77,11.17,10.75,11.06,11.12,-0.06,-0.54,183420.93,200741.107,1.8342,1.8342,0.95,12.3549,16.9645,1.7346,0.9156,0.7948,,2.71,770000.0,100000.0,100000.0,8516200.0,1106000.0,13.38,10.94,1.015
601601,中国太保,保险,上海,20071225,601601.SH,20081201,10.99,11.14,10.77,11.12,11.12,0.0,0.0,178903.62,196428.033,1.789,1.789,0.82,12.4219,17.0566,1.744,0.9206,0.7992,,2.7,770000.0,100000.0,100000.0,8562400.0,1112000.0,,,1.015
601601,中国太保,保险,上海,20071225,601601.SH,20081128,11.55,11.68,11.0,11.12,11.72,-0.6,-5.12,191707.0,216449.205,1.9171,1.9171,0.81,12.4219,17.0566,1.744,0.9206,0.7992,,2.7,770000.0,100000.0,100000.0,8562400.0,1112000.0,,,1.015
601601,中国太保,保险,上海,20071225,601601.SH,20081127,12.42,12.44,11.72,11.72,11.71,0.01,0.09,307393.52,371911.021,3.0739,3.0739,1.41,13.0921,17.9769,1.8382,0.9703,0.8423,,2.56,770000.0,100000.0,100000.0,9024400.0,1172000.0,,,1.015
601601,中国太保,保险,上海,20071225,601601.SH,20081126,11.67,11.88,11.48,11.71,11.66,0.05,0.43,104992.71,122942.523,1.0499,1.0499,0.42,13.081,17.9616,1.8366,0.9695,0.8416,,2.56,770000.0,100000.0,100000.0,9016700.0,1171000.0,12.8,10.48,1.015
601601,中国太保,保险,上海,20071225,601601.SH,20081125,12.08,12.17,11.5,11.66,11.88,-0.22,-1.85,185571.72,219468.091,1.8557,1.8557,0.66,13.0251,17.8849,1.8287,0.9653,0.838,,2.57,770000.0,100000.0,100000.0,8978200.0,1166000.0,,,1.015
601601,中国太保,保险,上海,20071225,601601.SH,20081124,12.69,12.78,11.76,11.88,12.88,-1.0,-7.76,301877.19,369902.219,3.0188,3.0188,1.1,13.2709,18.2223,1.8632,0.9835,0.8538,,2.53,770000.0,100000.0,100000.0,9147600.0,1188000.0,,,1.015
601601,中国太保,保险,上海,20071225,601601.SH,20081121,12.62,13.3,12.35,12.88,13.05,-0.17,-1.3,283457.31,364330.388,2.8346,2.8346,1.02,14.3879,19.7562,2.0201,1.0663,0.9256,,2.33,770000.0,100000.0,100000.0,9917600.0,1288000.0,,,1.015
601601,中国太保,保险,上海,20071225,601601.SH,20081120,13.1,13.38,12.9,13.05,13.51,-0.46,-3.4,214436.63,280763.414,2.1444,2.1444,0.72,14.5778,20.0169,2.0467,1.0804,0.9379,,2.3,770000.0,100000.0,100000.0,10048500.0,1305000.0,,,1.015
601601,中国太保,保险,上海,20071225,601601.SH,20081119,12.85,13.6,12.64,13.51,12.78,0.73,5.71,258706.4,340207.739,2.5871,2.5871,0.97,15.0917,20.7225,2.1189,1.1185,0.9709,,2.22,770000.0,100000.0,100000.0,10402700.0,1351000.0,,,1.015
601601,中国太保,保险,上海,20071225,601601.SH,20081118,13.8,14.11,12.76,12.78,13.91,-1.13,-8.12,341322.53,460212.547,3.4132,3.4132,1.47,14.2762,19.6028,2.0044,1.058,0.9185,,2.35,770000.0,100000.0,100000.0,9840600.0,1278000.0,,,1.015
601601,中国太保,保险,上海,20071225,601601.SH,20081117,13.39,13.98,13.16,13.91,13.36,0.55,4.12,274323.62,370873.701,2.7432,2.7432,1.19,15.5385,21.3361,2.1816,1.1516,0.9997,,2.16,770000.0,100000.0,100000.0,10710700.0,1391000.0,,,1.015
601601,中国太保,保险,上海,20071225,601601.SH,20081114,12.98,13.48,12.94,13.36,12.83,0.53,4.13,304320.56,401822.355,3.0432,3.0432,1.54,14.9241,20.4924,2.0954,1.1061,0.9601,,2.25,770000.0,100000.0,100000.0,10287200.0,1336000.0,,,1.015
601601,中国太保,保险,上海,20071225,601601.SH,20081113,12.25,13.0,12.02,12.83,12.48,0.35,2.8,302850.17,380105.769,3.0285,3.0285,1.96,14.3321,19.6795,2.0122,1.0622,0.922,,2.34,770000.0,100000.0,100000.0,9879100.0,1283000.0,,,1.015
601601,中国太保,保险,上海,20071225,601601.SH,20081112,12.3,12.6,12.25,12.48,12.42,0.06,0.48,115108.64,143053.765,1.1511,1.1511,0.67,13.9411,19.1426,1.9573,1.0332,0.8969,,2.4,770000.0,100000.0,100000.0,9609600.0,1248000.0,14.86,12.16,1.015
601601,中国太保,保险,上海,20071225,601601.SH,20081111,12.52,12.78,12.4,12.42,12.75,-0.33,-2.59,165933.06,208472.455,1.6593,1.6593,1.05,13.8741,19.0506,1.9479,1.0282,0.8926,,2.42,770000.0,100000.0,100000.0,9563400.0,1242000.0,14.06,11.5,1.015
601601,中国太保,保险,上海,20071225,601601.SH,20081110,12.2,12.82,12.2,12.75,11.98,0.77,6.43,262014.3,328809.186,2.6201,2.6201,1.93,14.2427,19.5568,1.9997,1.0556,0.9163,,2.35,770000.0,100000.0,100000.0,9817500.0,1275000.0,,,1.015
601601,中国太保,保险,上海,20071225,601601.SH,20081107,11.51,12.17,11.41,11.98,11.76,0.22,1.87,140226.3,166707.933,1.4023,1.4023,1.05,13.3826,18.3757,1.8789,0.9918,0.861,,2.5,770000.0,100000.0,100000.0,9224600.0,1198000.0,,,1.015
601601,中国太保,保险,上海,20071225,601601.SH,20081106,11.82,11.97,11.71,11.76,12.23,-0.47,-3.84,90492.39,106944.026,0.9049,0.9049,0.56,13.1368,18.0382,1.8444,0.9736,0.8452,,2.55,770000.0,100000.0,100000.0,9055200.0,1176000.0,,,1.015
601601,中国太保,保险,上海,20071225,601601.SH,20081105,11.8,12.59,11.8,12.23,11.76,0.47,4.0,205400.67,252394.208,2.054,2.054,1.33,13.6618,18.7592,1.9181,1.0125,0.8789,,2.45,770000.0,100000.0,100000.0,9417100.0,1223000.0,,,1.015
601601,中国太保,保险,上海,20071225,601601.SH,20081104,11.63,11.79,11.46,11.76,11.72,0.04,0.34,93499.8,108779.895,0.935,0.935,0.54,13.1368,18.0382,1.8444,0.9736,0.8452,,2.55,770000.0,100000.0,100000.0,9055200.0,1176000.0,,,1.015
601601,中国太保,保险,上海,20071225,601601.SH,20081103,11.51,12.18,11.5,11.72,11.62,0.1,0.86,148601.45,177391.838,1.486,1.486,0.85,13.0921,17.9769,1.8382,0.9703,0.8423,,2.56,770000.0,100000.0,100000.0,9024400.0,1172000.0,,,1.015
601601,中国太保,保险,上海,20071225,601601.SH,20081031,11.7,11.95,11.6,11.62,11.94,-0.32,-2.68,126648.81,148808.631,1.2665,1.2665,0.76,12.9804,17.8235,1.8225,0.962,0.8351,,2.58,770000.0,100000.0,100000.0,8947400.0,1162000.0,13.18,10.78,1.015
601601,中国太保,保险,上海,20071225,601601.SH,20081030,11.38,12.4,10.98,11.94,11.37,0.57,5.01,229098.64,272563.09,2.291,2.291,1.58,13.3379,18.3143,1.8727,0.9885,0.8581,,2.51,770000.0,100000.0,100000.0,9193800.0,1194000.0,,,1.015
601601,中国太保,保险,上海,20071225,601601.SH,20081029,11.82,12.2,11.3,11.37,11.77,-0.4,-3.4,172487.6,202307.94,1.7249,1.7249,1.38,12.7011,17.44,1.7833,0.9413,0.8171,,2.64,770000.0,100000.0,100000.0,8754900.0,1137000.0,,,1.015
601601,中国太保,保险,上海,20071225,601601.SH,20081028,11.03,11.86,10.91,11.77,11.35,0.42,3.7,194625.92,221962.947,1.9463,1.9463,1.87,13.148,18.0536,1.846,0.9744,0.8459,,2.55,770000.0,100000.0,100000.0,9062900.0,1177000.0,,,1.015
601601,中国太保,保险,上海,20071225,601601.SH,20081027,11.9,12.04,11.2,11.35,12.34,-0.99,-8.02,153248.28,179231.561,1.5325,1.5325,1.65,12.6788,17.4094,1.7801,0.9397,0.8157,,2.64,770000.0,100000.0,100000.0,8739500.0,1135000.0,,,1.015
601601,中国太保,保险,上海,20071225,601601.SH,20081024,12.75,12.83,12.25,12.34,12.8,-0.46,-3.59,84098.86,105033.302,0.841,0.841,0.87,13.7847,11.0718,1.8914,1.0216,0.854,,2.43,770000.0,100000.0,100000.0,9501800.0,1234000.0,,,1.015
601601,中国太保,保险,上海,20071225,601601.SH,20081023,12.0,12.87,11.96,12.8,12.35,0.45,3.64,118547.46,147852.336,1.1855,1.1855,1.29,14.2986,11.4845,1.9619,1.0597,0.8859,,2.34,770000.0,100000.0,100000.0,9856000.0,1280000.0,,,1.015
601601,中国太保,保险,上海,20071225,601601.SH,20081022,12.6,12.8,12.29,12.35,12.75,-0.4,-3.14,72347.97,90318.851,0.7235,0.7235,0.71,13.7959,11.0808,1.8929,1.0224,0.8547,,2.43,770000.0,100000.0,100000.0,9509500.0,1235000.0,,,1.015
601601,中国太保,保险,上海,20071225,601601.SH,20081021,13.0,13.23,12.74,12.75,13.02,-0.27,-2.07,91223.63,118362.911,0.9122,0.9122,0.77,14.2427,11.4396,1.9542,1.0556,0.8824,,2.35,770000.0,100000.0,100000.0,9817500.0,1275000.0,,,1.015
601601,中国太保,保险,上海,20071225,601601.SH,20081020,12.35,13.1,12.13,13.02,12.38,0.64,5.17,97310.59,123471.913,0.9731,0.9731,0.74,14.5443,11.6819,1.9956,1.0779,0.9011,,2.3,770000.0,100000.0,100000.0,10025400.0,1302000.0,,,1.015
601601,中国太保,保险,上海,20071225,601601.SH,20081017,12.58,12.68,12.26,12.38,12.33,0.05,0.41,103455.19,128649.79,1.0346,1.0346,0.81,13.8294,11.1077,1.8975,1.0249,0.8568,,2.42,770000.0,100000.0,100000.0,9532600.0,1238000.0,13.57,11.11,1.015
601601,中国太保,保险,上海,20071225,601601.SH,20081016,12.6,12.7,12.31,12.33,13.07,-0.74,-5.66,94242.73,117794.08,0.9424,0.9424,0.74,13.7735,11.0628,1.8899,1.0208,0.8533,,2.43,770000.0,100000.0,100000.0,9494100.0,1233000.0,,,1.015
601601,中国太保,保险,上海,20071225,601601.SH,20081015,13.05,13.3,12.9,13.07,13.54,-0.47,-3.47,120231.2,156758.068,1.2023,1.2023,0.93,14.6002,11.7268,2.0033,1.082,0.9045,,2.3,770000.0,100000.0,100000.0,10063900.0,1307000.0,,,1.015
601601,中国太保,保险,上海,20071225,601601.SH,20081014,14.87,14.98,13.5,13.54,14.4,-0.86,-5.97,175988.12,254166.823,1.7599,1.7599,1.56,15.1252,12.1485,2.0753,1.121,0.9371,,2.22,770000.0,100000.0,100000.0,10425800.0,1354000.0,,,1.015
601601,中国太保,保险,上海,20071225,601601.SH,20081013,13.31,14.44,12.95,14.4,13.38,1.02,7.62,159581.46,218459.418,1.5958,1.5958,1.54,16.0859,12.9201,2.2071,1.1922,0.9966,,2.08,770000.0,100000.0,100000.0,11088000.0,1440000.0,,,1.015
601601,中国太保,保险,上海,20071225,601601.SH,20081010,13.4,13.66,13.17,13.38,14.02,-0.64,-4.56,89238.41,119268.395,0.8924,0.8924,0.66,14.9465,12.0049,2.0508,1.1077,0.926,,2.24,770000.0,100000.0,100000.0,10302600.0,1338000.0,,,1.015
601601,中国太保,保险,上海,20071225,601601.SH,20081009,14.51,14.59,13.9,14.02,14.22,-0.2,-1.41,91946.49,130548.639,0.9195,0.9195,0.5,15.6614,12.5791,2.1489,1.1607,0.9703,,2.14,770000.0,100000.0,100000.0,10795400.0,1402000.0,,,1.015
601601,中国太保,保险,上海,20071225,601601.SH,20081008,14.75,14.8,13.95,14.22,15.13,-0.91,-6.01,128320.1,185148.633,1.2832,1.2832,0.71,15.8848,12.7586,2.1795,1.1773,0.9841,,2.11,770000.0,100000.0,100000.0,10949400.0,1422000.0,,,1.015
601601,中国太保,保险,上海,20071225,601601.SH,20081007,15.0,15.61,14.7,15.13,15.61,-0.48,-3.08,95573.77,144593.086,0.9557,0.9557,0.45,16.9013,13.575,2.319,1.2526,1.0471,,1.98,770000.0,100000.0,100000.0,11650100.0,1513000.0,,,1.015
601601,中国太保,保险,上海,20071225,601601.SH,20081006,16.17,16.25,15.6,15.61,16.54,-0.93,-5.62,114485.11,182723.183,1.1449,1.1449,0.4,17.4375,14.0057,2.3926,1.2923,1.0803,,1.92,770000.0,100000.0,100000.0,12019700.0,1561000.0,,,1.015
601601,中国太保,保险,上海,20071225,601601.SH,20080926,16.8,16.8,15.9,16.54,16.69,-0.15,-0.9,241250.81,394554.7,2.4125,2.4125,0.92,18.4764,14.8401,2.5351,1.3693,1.1447,,1.81,770000.0,100000.0,100000.0,12735800.0,1654000.0,,,1.015
601601,中国太保,保险,上海,20071225,601601.SH,20080925,15.82,17.38,15.75,16.69,15.8,0.89,5.63,337032.47,565595.448,3.3703,3.3703,1.45,18.644,14.9747,2.5581,1.3817,1.1551,,1.8,770000.0,100000.0,100000.0,12851300.0,1669000.0,,,1.015
601601,中国太保,保险,上海,20071225,601601.SH,20080924,15.12,15.85,15.1,15.8,15.61,0.19,1.22,111031.22,170993.278,1.1103,1.1103,0.46,17.6498,14.1762,2.4217,1.3081,1.0935,,1.9,770000.0,100000.0,100000.0,12166000.0,1580000.0,,,1.015
601601,中国太保,保险,上海,20071225,601601.SH,20080923,15.51,16.17,15.29,15.61,16.3,-0.69,-4.23,256058.04,403759.141,2.5606,2.5606,1.17,17.4375,14.0057,2.3926,1.2923,1.0803,,1.92,770000.0,100000.0,100000.0,12019700.0,1561000.0,,,1.015
601601,中国太保,保险,上海,20071225,601601.SH,20080922,16.3,16.3,15.3,16.3,14.82,1.48,9.99,479026.89,769902.727,4.7903,4.7903,3.66,18.2083,14.6248,2.4984,1.3495,1.1281,,1.84,770000.0,100000.0,100000.0,12551000.0,1630000.0,,,1.015
601601,中国太保,保险,上海,20071225,601601.SH,20080919,14.82,14.82,14.56,14.82,13.47,1.35,10.02,121408.58,179817.552,1.2141,1.2141,0.98,16.5551,13.2969,2.2715,1.2269,1.0257,,2.02,770000.0,100000.0,100000.0,11411400.0,1482000.0,,,1.015
601601,中国太保,保险,上海,20071225,601601.SH,20080918,13.05,13.97,12.66,13.47,13.82,-0.35,-2.53,195315.59,256756.08,1.9532,1.9532,1.96,15.047,12.0856,2.0646,1.1152,0.9322,,2.23,770000.0,100000.0,100000.0,10371900.0,1347000.0,,,1.015
601601,中国太保,保险,上海,20071225,601601.SH,20080917,14.8,15.02,13.79,13.82,14.9,-1.08,-7.25,145362.91,206083.986,1.4536,1.4536,1.81,15.438,12.3997,2.1182,1.1441,0.9564,,2.17,770000.0,100000.0,100000.0,10641400.0,1382000.0,,,1.015
601601,中国太保,保险,上海,20071225,601601.SH,20080916,15.9,15.9,14.67,14.9,16.29,-1.39,-8.53,150760.07,228499.643,1.5076,1.5076,2.17,16.6444,13.3687,2.2838,1.2335,1.0312,,2.01,770000.0,100000.0,100000.0,11473000.0,1490000.0,,,1.015
601601,中国太保,保险,上海,20071225,601601.SH,20080912,16.18,16.43,16.09,16.29,16.12,0.17,1.05,41771.93,68002.399,0.4177,0.4177,0.55,18.1972,14.6158,2.4968,1.3486,1.1274,,1.84,770000.0,100000.0,100000.0,12543300.0,1629000.0,,,1.015
601601,中国太保,保险,上海,20071225,601601.SH,20080911,16.75,16.9,15.95,16.12,16.85,-0.73,-4.33,84141.46,137117.863,0.8414,0.8414,1.21,18.0073,14.4633,2.4708,1.3346,1.1156,,1.86,770000.0,100000.0,100000.0,12412400.0,1612000.0,,,1.015
601601,中国太保,保险,上海,20071225,601601.SH,20080910,16.68,17.37,16.4,16.85,16.92,-0.07,-0.41,75923.71,128305.411,0.7592,0.7592,1.05,18.8227,15.1183,2.5827,1.395,1.1661,,1.78,770000.0,100000.0,100000.0,12974500.0,1685000.0,,,1.015
601601,中国太保,保险,上海,20071225,601601.SH,20080909,16.98,17.08,16.65,16.92,16.8,0.12,0.71,48142.12,81421.988,0.4814,0.4814,0.59,18.9009,15.1811,2.5934,1.4008,1.171,,1.77,770000.0,100000.0,100000.0,13028400.0,1692000.0,,,1.015
601601,中国太保,保险,上海,20071225,601601.SH,20080908,16.87,17.14,16.57,16.8,16.72,0.08,0.48,97710.15,164110.377,0.9771,0.9771,1.1,18.7669,15.0734,2.575,1.3908,1.1627,,1.79,770000.0,100000.0,100000.0,12936000.0,1680000.0,,,1.015
601601,中国太保,保险,上海,20071225,601601.SH,20080905,16.75,16.95,16.55,16.72,17.23,-0.51,-2.96,73308.54,122526.976,0.7331,0.7331,0.68,18.6775,15.0016,2.5627,1.3842,1.1571,,1.79,770000.0,100000.0,100000.0,12874400.0,1672000.0,,,1.015
601601,中国太保,保险,上海,20071225,601601.SH,20080904,16.99,17.42,16.85,17.23,16.99,0.24,1.41,52322.59,89632.355,0.5232,0.5232,0.36,19.2472,15.4592,2.6409,1.4264,1.1924,,1.74,770000.0,100000.0,100000.0,13267100.0,1723000.0,,,1.015
601601,中国太保,保险,上海,20071225,601601.SH,20080903,17.55,17.76,16.8,16.99,17.55,-0.56,-3.19,89893.81,154530.683,0.8989,0.8989,0.57,18.9791,15.2439,2.6041,1.4066,1.1758,,1.77,770000.0,100000.0,100000.0,13082300.0,1699000.0,,,1.015
601601,中国太保,保险,上海,20071225,601601.SH,20080902,17.52,17.95,17.38,17.55,17.75,-0.2,-1.13,94031.95,165401.911,0.9403,0.9403,0.59,19.6047,15.7463,2.6899,1.4529,1.2146,,1.71,770000.0,100000.0,100000.0,13513500.0,1755000.0,18.61,15.23,1.015
601601,中国太保,保险,上海,20071225,601601.SH,20080901,18.6,18.75,17.7,17.75,18.84,-1.09,-5.79,135988.5,245844.979,1.3599,1.3599,0.86,19.8281,15.9258,2.7206,1.4695,1.2284,,1.69,770000.0,100000.0,100000.0,13667500.0,1775000.0,,,1.015
601601,中国太保,保险,上海,20071225,601601.SH,20080829,19.01,19.21,18.65,18.84,18.81,0.03,0.16,169611.25,321485.137,1.6961,1.6961,1.23,21.0457,16.9038,2.8877,1.5597,1.3039,,1.59,770000.0,100000.0,100000.0,14506800.0,1884000.0,,,1.015
601601,中国太保,保险,上海,20071225,601601.SH,20080828,18.39,19.2,18.26,18.81,18.31,0.5,2.73,233536.59,441679.971,2.3354,2.3354,1.88,21.0122,16.8768,2.8831,1.5573,1.3018,,1.59,770000.0,100000.0,100000.0,14483700.0,1881000.0,,,1.015
601601,中国太保,保险,上海,20071225,601601.SH,20080827,18.02,18.79,17.97,18.31,18.03,0.28,1.55,151708.88,279258.367,1.5171,1.5171,1.2,20.4536,16.4282,2.8064,1.5159,1.2672,,1.64,770000.0,100000.0,100000.0,14098700.0,1831000.0,,,1.015
601601,中国太保,保险,上海,20071225,601601.SH,20080826,17.71,18.45,17.63,18.03,18.06,-0.03,-0.17,105588.02,190395.512,1.0559,1.0559,0.92,20.1409,16.177,2.7635,1.4927,1.2478,,1.66,770000.0,100000.0,100000.0,13883100.0,1803000.0,,,1.015
601601,中国太保,保险,上海,20071225,601601.SH,20080825,18.0,18.57,17.81,18.06,17.69,0.37,2.09,131353.14,239593.867,1.3135,1.3135,1.34,20.1744,16.2039,2.7681,1.4952,1.2499,,1.66,770000.0,100000.0,100000.0,13906200.0,1806000.0,,,1.015
601601,中国太保,保险,上海,20071225,601601.SH,20080822,17.69,18.03,17.41,17.69,17.95,-0.26,-1.45,69854.84,124010.312,0.6985,0.6985,0.74,19.7611,18.5425,2.5835,1.4645,1.2918,,1.7,770000.0,100000.0,100000.0,13621300.0,1769000.0,,,1.015
601601,中国太保,保险,上海,20071225,601601.SH,20080821,17.68,18.56,17.67,17.95,18.04,-0.09,-0.5,161706.96,293539.114,1.6171,1.6171,2.31,20.0515,18.815,2.6215,1.4861,1.3108,,1.67,770000.0,100000.0,100000.0,13821500.0,1795000.0,,,1.015
601601,中国太保,保险,上海,20071225,601601.SH,20080820,16.24,18.04,16.15,18.04,16.4,1.64,10.0,163361.87,288545.581,1.6336,1.6336,3.21,20.152,18.9093,2.6346,1.4935,1.3174,,1.66,770000.0,100000.0,100000.0,13890800.0,1804000.0,,,1.015
601601,中国太保,保险,上海,20071225,601601.SH,20080819,16.11,16.5,15.95,16.4,16.12,0.28,1.74,47721.01,77663.139,0.4772,0.4772,0.89,18.32,17.1903,2.3951,1.3577,1.1976,,1.83,770000.0,100000.0,100000.0,12628000.0,1640000.0,,,1.015
601601,中国太保,保险,上海,20071225,601601.SH,20080818,17.2,17.24,16.06,16.12,17.11,-0.99,-5.79,48425.14,80319.168,0.4843,0.4843,0.74,18.0073,16.8968,2.3542,1.3346,1.1772,,1.86,770000.0,100000.0,100000.0,12412400.0,1612000.0,,,1.015
601601,中国太保,保险,上海,20071225,601601.SH,20080815,17.0,17.37,16.79,17.11,16.92,0.19,1.12,52245.89,89724.82,0.5225,0.5225,0.65,19.1132,17.9345,2.4988,1.4165,1.2495,,1.75,770000.0,100000.0,100000.0,13174700.0,1711000.0,,,1.015
601601,中国太保,保险,上海,20071225,601601.SH,20080814,16.85,17.1,16.7,16.92,16.9,0.02,0.12,38774.53,65702.247,0.3877,0.3877,0.45,18.9009,17.7354,2.4711,1.4008,1.2356,,1.77,770000.0,100000.0,100000.0,13028400.0,1692000.0,,,1.015
601601,中国太保,保险,上海,20071225,601601.SH,20080813,17.0,17.08,16.42,16.9,17.14,-0.24,-1.4,67385.75,112553.953,0.6739,0.6739,0.78,18.8786,17.7144,2.4681,1.3991,1.2341,,1.78,770000.0,100000.0,100000.0,13013000.0,1690000.0,,,1.015
601601,中国太保,保险,上海,20071225,601601.SH,20080812,16.99,17.4,16.94,17.14,17.2,-0.06,-0.35,61264.72,105171.357,0.6126,0.6126,0.73,19.1467,17.966,2.5032,1.419,1.2517,,1.75,770000.0,100000.0,100000.0,13197800.0,1714000.0,18.04,14.76,1.015
601601,中国太保,保险,上海,20071225,601601.SH,20080811,17.99,18.16,17.03,17.2,18.03,-0.83,-4.6,106041.7,187128.331,1.0604,1.0604,1.47,19.2137,18.0289,2.5119,1.424,1.256,,1.74,770000.0,100000.0,100000.0,13244000.0,1720000.0,,,1.015
601601,中国太保,保险,上海,20071225,601601.SH,20080808,18.82,18.97,17.8,18.03,18.97,-0.94,-4.96,127767.17,234392.481,1.2777,1.2777,1.92,20.1409,18.8989,2.6332,1.4927,1.3167,,1.66,770000.0,100000.0,100000.0,13883100.0,1803000.0,,,1.015
601601,中国太保,保险,上海,20071225,601601.SH,20080807,19.12,19.3,18.76,18.97,19.16,-0.19,-0.99,67789.89,128605.286,0.6779,0.6779,0.99,21.1909,19.8842,2.7704,1.5705,1.3853,,1.58,770000.0,100000.0,100000.0,14606900.0,1897000.0,,,1.015
601601,中国太保,保险,上海,20071225,601601.SH,20080806,19.1,19.44,18.9,19.16,18.82,0.34,1.81,71084.15,136218.004,0.7108,0.7108,1.01,21.4032,20.0833,2.7982,1.5862,1.3992,,1.57,770000.0,100000.0,100000.0,14753200.0,1916000.0,,,1.015
601601,中国太保,保险,上海,20071225,601601.SH,20080805,19.11,19.19,18.71,18.82,18.98,-0.16,-0.84,49304.61,93478.042,0.493,0.493,0.61,21.0234,19.7269,2.7485,1.5581,1.3743,,1.59,770000.0,100000.0,100000.0,14491400.0,1882000.0,,,1.015
601601,中国太保,保险,上海,20071225,601601.SH,20080804,19.1,19.37,18.91,18.98,19.49,-0.51,-2.62,44538.27,85192.779,0.4454,0.4454,0.49,21.2021,19.8946,2.7719,1.5713,1.386,,1.58,770000.0,100000.0,100000.0,14614600.0,1898000.0,,,1.015
601601,中国太保,保险,上海,20071225,601601.SH,20080801,18.8,19.84,18.65,19.49,18.95,0.54,2.85,99893.49,190832.258,0.9989,0.9989,1.07,21.7718,20.4292,2.8464,1.6135,1.4233,,1.54,770000.0,100000.0,100000.0,15007300.0,1949000.0,,,1.015
601601,中国太保,保险,上海,20071225,601601.SH,20080731,19.7,19.71,18.92,18.95,19.48,-0.53,-2.72,75974.46,145527.58,0.7597,0.7597,0.64,21.1686,19.8632,2.7675,1.5688,1.3838,,1.58,770000.0,100000.0,100000.0,14591500.0,1895000.0,,,1.015
601601,中国太保,保险,上海,20071225,601601.SH,20080730,19.9,19.99,19.35,19.48,19.53,-0.05,-0.26,83117.27,163514.888,0.8312,0.8312,0.65,21.7606,20.4187,2.8449,1.6127,1.4225,,1.54,770000.0,100000.0,100000.0,14999600.0,1948000.0,,,1.015
601601,中国太保,保险,上海,20071225,601601.SH,20080729,19.85,19.93,19.36,19.53,20.12,-0.59,-2.93,99079.88,193728.84,0.9908,0.9908,0.79,21.8165,20.4711,2.8522,1.6169,1.4262,,1.54,770000.0,100000.0,100000.0,15038100.0,1953000.0,,,1.015
601601,中国太保,保险,上海,20071225,601601.SH,20080728,20.37,20.65,20.0,20.12,20.22,-0.1,-0.49,100838.92,204765.676,1.0084,1.0084,0.78,22.4756,21.0896,2.9384,1.6657,1.4693,,1.49,770000.0,100000.0,100000.0,15492400.0,2012000.0,,,1.015
601601,中国太保,保险,上海,20071225,601601.SH,20080725,20.37,20.46,20.11,20.22,20.71,-0.49,-2.37,105880.01,214834.22,1.0588,1.0588,0.82,22.5873,21.1944,2.953,1.674,1.4766,,1.48,770000.0,100000.0,100000.0,15569400.0,2022000.0,,,1.015
601601,中国太保,保险,上海,20071225,601601.SH,20080724,20.09,20.93,19.9,20.71,19.87,0.84,4.23,208078.95,427559.142,2.0808,2.0808,2.01,23.1346,21.708,3.0246,1.7146,1.5124,,1.45,770000.0,100000.0,100000.0,15946700.0,2071000.0,20.85,17.06,1.015
601601,中国太保,保险,上海,20071225,601601.SH,20080723,20.1,20.45,19.83,19.87,19.91,-0.04,-0.2,122337.81,246314.445,1.2234,1.2234,1.22,22.1963,20.8275,2.9019,1.645,1.451,,1.51,770000.0,100000.0,100000.0,15299900.0,1987000.0,,,1.015
601601,中国太保,保险,上海,20071225,601601.SH,20080722,20.02,20.17,19.8,19.91,20.11,-0.2,-0.99,90458.54,180719.723,0.9046,0.9046,0.84,22.241,20.8695,2.9077,1.6483,1.4539,,1.51,770000.0,100000.0,100000.0,15330700.0,1991000.0,,,1.015
601601,中国太保,保险,上海,20071225,601601.SH,20080721,19.4,20.2,19.2,20.11,19.57,0.54,2.76,117482.41,233745.633,1.1748,1.1748,1.13,22.4644,21.0791,2.9369,1.6649,1.4686,,1.49,770000.0,100000.0,100000.0,15484700.0,2011000.0,,,1.015
601601,中国太保,保险,上海,20071225,601601.SH,20080718,19.1,19.65,18.58,19.57,18.57,1.0,5.39,105102.4,201814.812,1.051,1.051,0.98,21.8612,20.5131,2.8581,1.6202,1.4291,,1.53,770000.0,100000.0,100000.0,15068900.0,1957000.0,22.24,18.2,1.015
601601,中国太保,保险,上海,20071225,601601.SH,20080717,18.95,19.19,18.4,18.57,18.56,0.01,0.05,83308.08,156682.962,0.8331,0.8331,0.63,20.7441,19.4649,2.712,1.5374,1.3561,,1.62,770000.0,100000.0,100000.0,14298900.0,1857000.0,,,1.015
601601,中国太保,保险,上海,20071225,601601.SH,20080716,19.2,19.29,18.31,18.56,19.39,-0.83,-4.28,106152.09,199015.801,1.0615,1.0615,0.55,20.7329,19.4544,2.7106,1.5366,1.3554,,1.62,770000.0,100000.0,100000.0,14291200.0,1856000.0,,,1.015
601601,中国太保,保险,上海,20071225,601601.SH,20080715,20.45,20.61,19.38,19.39,20.44,-1.05,-5.14,129173.31,257056.804,1.2917,1.2917,0.64,21.6601,20.3244,2.8318,1.6053,1.416,,1.55,770000.0,100000.0,100000.0,14930300.0,1939000.0,,,1.015
601601,中国太保,保险,上海,20071225,601601.SH,20080714,19.98,20.73,19.81,20.44,20.21,0.23,1.14,94478.49,192803.908,0.9448,0.9448,0.42,22.833,21.425,2.9851,1.6922,1.4926,,1.47,770000.0,100000.0,100000.0,15738800.0,2044000.0,,,1.015
601601,中国太保,保险,上海,20071225,601601.SH,20080711,20.58,20.8,19.88,20.21,20.6,-0.39,-1.89,124744.65,252240.248,1.2474,1.2474,0.57,22.5761,21.1839,2.9515,1.6732,1.4759,,1.48,770000.0,100000.0,100000.0,15561700.0,2021000.0,,,1.015
601601,中国太保,保险,上海,20071225,601601.SH,20080710,20.79,21.35,20.58,20.6,21.24,-0.64,-3.01,203757.88,425486.915,2.0376,2.0376,0.99,23.0118,21.5927,3.0085,1.7054,1.5043,,1.46,770000.0,100000.0,100000.0,15862000.0,2060000.0,,,1.015
601601,中国太保,保险,上海,20071225,601601.SH,20080709,20.2,21.58,20.2,21.24,19.89,1.35,6.79,418816.18,880050.733,4.1882,4.1882,2.74,23.7267,22.2635,3.102,1.7584,1.5511,,1.41,770000.0,100000.0,100000.0,16354800.0,2124000.0,,,1.015
601601,中国太保,保险,上海,20071225,601601.SH,20080708,20.1,20.39,19.58,19.89,20.15,-0.26,-1.29,170663.66,340037.458,1.7066,1.7066,1.22,22.2186,20.8485,2.9048,1.6467,1.4525,,1.51,770000.0,100000.0,100000.0,15315300.0,1989000.0,,,1.015
601601,中国太保,保险,上海,20071225,601601.SH,20080707,19.1,20.27,19.1,20.15,19.2,0.95,4.95,212343.69,422547.036,2.1234,2.1234,1.81,22.5091,21.121,2.9428,1.6682,1.4715,,1.49,770000.0,100000.0,100000.0,15515500.0,2015000.0,,,1.015
601601,中国太保,保险,上海,20071225,601601.SH,20080704,18.7,19.25,18.6,19.2,18.88,0.32,1.69,82954.04,157595.95,0.8295,0.8295,0.64,21.4478,20.1252,2.804,1.5895,1.4021,,1.56,770000.0,100000.0,100000.0,14784000.0,1920000.0,,,1.015
601601,中国太保,保险,上海,20071225,601601.SH,20080703,18.29,19.2,17.69,18.88,18.48,0.4,2.16,145954.89,268456.489,1.4595,1.4595,1.19,21.0904,19.7898,2.7573,1.563,1.3787,,1.59,770000.0,100000.0,100000.0,14537600.0,1888000.0,,,1.015
601601,中国太保,保险,上海,20071225,601601.SH,20080702,19.0,19.76,18.42,18.48,19.04,-0.56,-2.94,152817.92,291299.567,1.5282,1.5282,1.29,20.6436,19.3705,2.6989,1.5299,1.3495,,1.62,770000.0,100000.0,100000.0,14229600.0,1848000.0,,,1.015
601601,中国太保,保险,上海,20071225,601601.SH,20080701,19.28,19.59,19.03,19.04,19.25,-0.21,-1.09,104009.18,201323.238,1.0401,1.0401,0.83,21.2691,19.9575,2.7807,1.5763,1.3904,,1.58,770000.0,100000.0,100000.0,14660800.0,1904000.0,,,1.015
601601,中国太保,保险,上海,20071225,601601.SH,20080630,18.75,19.4,18.61,19.25,18.86,0.39,2.07,99306.79,189471.187,0.9931,0.9931,0.86,21.5037,20.1776,2.8113,1.5937,1.4057,,1.56,770000.0,100000.0,100000.0,14822500.0,1925000.0,,,1.015
601601,中国太保,保险,上海,20071225,601601.SH,20080627,19.28,19.6,18.71,18.86,20.09,-1.23,-6.12,142065.18,272973.907,1.4207,1.4207,1.18,21.068,19.7689,2.7544,1.5614,1.3773,,1.59,770000.0,100000.0,100000.0,14522200.0,1886000.0,21.12,17.28,1.015
601601,中国太保,保险,上海,20071225,601601.SH,20080626,20.1,20.4,19.61,20.09,20.11,-0.02,-0.1,116042.56,232568.81,1.1604,1.1604,0.94,22.442,21.0581,2.934,1.6632,1.4671,,1.49,770000.0,100000.0,100000.0,15469300.0,2009000.0,,,1.015
601601,中国太保,保险,上海,20071225,601601.SH,20080625,19.45,20.15,19.28,20.11,19.45,0.66,3.39,132317.36,262323.821,1.3232,1.3232,1.05,22.4644,21.0791,2.9369,1.6649,1.4686,,1.49,770000.0,100000.0,100000.0,15484700.0,2011000.0,,,1.015
601601,中国太保,保险,上海,20071225,601601.SH,20080624,18.65,19.68,18.58,19.45,18.59,0.86,4.63,135084.4,260008.552,1.3508,1.3508,1.12,21.7271,20.3873,2.8405,1.6102,1.4204,,1.54,770000.0,100000.0,100000.0,14976500.0,1945000.0,,,1.015
601601,中国太保,保险,上海,20071225,601601.SH,20080623,18.51,18.92,18.38,18.59,19.08,-0.49,-2.57,53900.75,100449.578,0.539,0.539,0.43,20.7664,19.4858,2.7149,1.539,1.3576,,1.61,770000.0,100000.0,100000.0,14314300.0,1859000.0,,,1.015
601601,中国太保,保险,上海,20071225,601601.SH,20080620,18.39,19.66,17.66,19.08,18.2,0.88,4.84,163637.72,309361.685,1.6364,1.6364,1.5,21.3138,19.9995,2.7865,1.5796,1.3933,,1.57,770000.0,100000.0,100000.0,14691600.0,1908000.0,,,1.015
601601,中国太保,保险,上海,20071225,601601.SH,20080619,19.4,19.4,17.81,18.2,19.61,-1.41,-7.19,132490.15,245085.456,1.3249,1.3249,1.24,20.3308,19.077,2.658,1.5068,1.3291,,1.65,770000.0,100000.0,100000.0,14014000.0,1820000.0,,,1.015
601601,中国太保,保险,上海,20071225,601601.SH,20080618,18.8,19.73,18.25,19.61,18.82,0.79,4.2,146392.99,279401.412,1.4639,1.4639,1.52,21.9058,20.555,2.8639,1.6235,1.432,,1.53,770000.0,100000.0,100000.0,15099700.0,1961000.0,,,1.015
601601,中国太保,保险,上海,20071225,601601.SH,20080617,19.9,20.0,18.68,18.82,19.81,-0.99,-5.0,106578.91,205358.029,1.0658,1.0658,1.02,21.0234,19.7269,2.7485,1.5581,1.3743,,1.59,770000.0,100000.0,100000.0,14491400.0,1882000.0,,,1.015
601601,中国太保,保险,上海,20071225,601601.SH,20080616,20.01,20.47,19.71,20.11,20.0,0.11,0.55,75298.27,151144.014,0.753,0.753,0.76,22.4644,21.0791,2.8137,1.6649,1.4686,,,770000.0,100000.0,100000.0,15484700.0,2011000.0,,,1.015
601601,中国太保,保险,上海,20071225,601601.SH,20080613,20.58,20.78,19.97,20.0,20.45,-0.45,-2.2,84716.52,171697.518,0.8472,0.8472,0.95,22.3415,20.9638,2.7983,1.6558,1.4605,,,770000.0,100000.0,100000.0,15400000.0,2000000.0,,,1.015
601601,中国太保,保险,上海,20071225,601601.SH,20080612,21.05,21.39,20.06,20.45,21.18,-0.73,-3.45,119905.7,246615.638,1.1991,1.1991,1.56,22.8442,21.4355,2.8612,1.693,1.4934,,,770000.0,100000.0,100000.0,15746500.0,2045000.0,,,1.015
601601,中国太保,保险,上海,20071225,601601.SH,20080611,21.28,21.6,20.99,21.18,21.5,-0.32,-1.49,96548.22,205505.892,0.9655,0.9655,1.37,23.6597,22.2007,2.9634,1.7535,1.5467,,,770000.0,100000.0,100000.0,16308600.0,2118000.0,,,1.015
601601,中国太保,保险,上海,20071225,601601.SH,20080610,22.81,23.0,21.41,21.5,23.78,-2.28,-9.59,148156.72,328946.217,1.4816,1.4816,2.55,24.0171,22.5361,3.0081,1.78,1.5701,,,770000.0,100000.0,100000.0,16555000.0,2150000.0,,,1.015
601601,中国太保,保险,上海,20071225,601601.SH,20080606,23.79,24.07,23.65,23.78,23.68,0.1,0.42,44059.27,105149.735,0.4406,0.4406,0.66,26.5641,24.9259,3.3271,1.9687,1.7366,,,770000.0,100000.0,100000.0,18310600.0,2378000.0,,,1.015
601601,中国太保,保险,上海,20071225,601601.SH,20080605,23.5,23.95,23.4,23.68,23.69,-0.01,-0.04,37451.79,88812.818,0.3745,0.3745,0.49,26.4523,24.8211,3.3132,1.9604,1.7293,,,770000.0,100000.0,100000.0,18233600.0,2368000.0,,,1.0
601601,中国太保,保险,上海,20071225,601601.SH,20080604,24.01,24.12,23.52,23.69,24.01,-0.32,-1.33,56882.57,134964.152,0.5688,0.5688,0.69,26.4635,24.8316,3.3146,1.9613,1.73,,,770000.0,100000.0,100000.0,18241300.0,2369000.0,,,1.0
601601,中国太保,保险,上海,20071225,601601.SH,20080603,24.4,24.55,23.91,24.01,24.5,-0.49,-2.0,66226.51,160082.302,0.6623,0.6623,0.71,26.821,25.167,3.3593,1.9878,1.7534,,,770000.0,100000.0,100000.0,18487700.0,2401000.0,,,1.0
601601,中国太保,保险,上海,20071225,601601.SH,20080602,24.03,24.8,24.02,24.5,24.27,0.23,0.95,85458.59,209284.591,0.8546,0.8546,0.89,27.3683,25.6806,3.4279,2.0283,1.7891,,,770000.0,100000.0,100000.0,18865000.0,2450000.0,,,1.0
601601,中国太保,保险,上海,20071225,601601.SH,20080530,23.85,24.48,23.83,24.27,23.7,0.57,2.41,86494.79,209066.179,0.8649,0.8649,0.87,27.1114,25.4396,3.3957,2.0093,1.7723,,,770000.0,100000.0,100000.0,18687900.0,2427000.0,,,1.0
601601,中国太保,保险,上海,20071225,601601.SH,20080529,24.48,24.5,23.63,23.7,23.98,-0.28,-1.17,89425.54,216128.539,0.8943,0.8943,0.8,26.4747,24.8421,3.316,1.9621,1.7307,,,770000.0,100000.0,100000.0,18249000.0,2370000.0,,,1.0
601601,中国太保,保险,上海,20071225,601601.SH,20080527,23.48,24.04,23.22,23.98,23.48,0.5,2.13,81796.19,193234.587,0.818,0.818,0.64,26.7875,25.1356,3.3551,1.9853,1.7512,,,770000.0,100000.0,100000.0,18464600.0,2398000.0,,,1.0
601601,中国太保,保险,上海,20071225,601601.SH,20080526,24.5,24.5,23.45,23.48,24.74,-1.26,-5.09,123294.22,292938.605,1.2329,1.2329,1.01,26.2289,24.6115,3.2852,1.9439,1.7146,,,770000.0,100000.0,100000.0,18079600.0,2348000.0,,,1.0
601601,中国太保,保险,上海,20071225,601601.SH,20080523,24.45,25.1,24.35,24.74,24.42,0.32,1.31,99580.71,246241.588,0.9958,0.9958,0.79,27.6364,25.9322,3.4615,2.0482,1.8067,,,770000.0,100000.0,100000.0,19049800.0,2474000.0,,,1.0
601601,中国太保,保险,上海,20071225,601601.SH,20080522,24.38,25.0,24.1,24.42,24.71,-0.29,-1.17,104332.4,255548.705,1.0433,1.0433,0.74,27.279,25.5968,3.4167,2.0217,1.7833,,,770000.0,100000.0,100000.0,18803400.0,2442000.0,,,1.0
601601,中国太保,保险,上海,20071225,601601.SH,20080521,23.8,24.92,23.68,24.71,23.93,0.78,3.26,151672.11,366106.406,1.5167,1.5167,1.01,27.6029,25.9008,3.4573,2.0457,1.8045,,,770000.0,100000.0,100000.0,19026700.0,2471000.0,,,1.0
601601,中国太保,保险,上海,20071225,601601.SH,20080520,24.6,25.18,23.86,23.93,24.62,-0.69,-2.8,164979.78,405684.888,1.6498,1.6498,0.76,26.7316,25.0832,3.3481,1.9811,1.7475,,,770000.0,100000.0,100000.0,18426100.0,2393000.0,,,1.0
601601,中国太保,保险,上海,20071225,601601.SH,20080519,25.08,25.1,24.3,24.62,25.03,-0.41,-1.64,88731.49,218316.127,0.8873,0.8873,0.38,27.5024,25.8064,3.4447,2.0383,1.7979,,,770000.0,100000.0,100000.0,18957400.0,2462000.0,,,1.0
601601,中国太保,保险,上海,20071225,601601.SH,20080516,25.3,25.71,24.77,25.03,25.29,-0.26,-1.03,118179.95,297422.348,1.1818,1.1818,0.45,27.9604,26.2362,3.502,2.0722,1.8278,,,770000.0,100000.0,100000.0,19273100.0,2503000.0,,,1.0
601601,中国太保,保险,上海,20071225,601601.SH,20080515,25.79,26.06,25.22,25.29,25.58,-0.29,-1.13,181156.5,465943.905,1.8116,1.8116,0.69,28.2508,26.5087,3.5384,2.0937,1.8468,,,770000.0,100000.0,100000.0,19473300.0,2529000.0,,,1.0
601601,中国太保,保险,上海,20071225,601601.SH,20080514,24.71,25.66,24.71,25.58,24.69,0.89,3.6,196765.53,497863.474,1.9677,1.9677,0.68,28.5748,26.8127,3.579,2.1177,1.868,,,770000.0,100000.0,100000.0,19696600.0,2558000.0,,,1.0
601601,中国太保,保险,上海,20071225,601601.SH,20080513,25.0,25.7,24.6,24.69,26.6,-1.91,-7.18,506298.06,1269631.915,5.063,5.063,2.07,27.5806,25.8798,3.4545,2.044,1.803,,,770000.0,100000.0,100000.0,19011300.0,2469000.0,,,1.0
601601,中国太保,保险,上海,20071225,601601.SH,20080512,26.02,27.27,26.0,26.6,26.87,-0.27,-1.0,176953.94,468341.791,1.7695,1.7695,0.64,29.7142,27.8818,3.7217,2.2022,1.9425,,,770000.0,100000.0,100000.0,20482000.0,2660000.0,,,1.0
601601,中国太保,保险,上海,20071225,601601.SH,20080509,28.0,28.47,26.38,26.87,27.23,-0.36,-1.32,259694.05,710553.253,2.5969,2.5969,0.84,30.0158,28.1649,3.7595,2.2245,1.9622,,,770000.0,100000.0,100000.0,20689900.0,2687000.0,,,1.0
601601,中国太保,保险,上海,20071225,601601.SH,20080508,26.45,27.25,26.0,27.23,26.68,0.55,2.06,166818.35,444741.536,1.6682,1.6682,0.53,30.418,28.5422,3.8098,2.2543,1.9885,,,770000.0,100000.0,100000.0,20967100.0,2723000.0,,,1.0
601601,中国太保,保险,上海,20071225,601601.SH,20080507,28.04,28.59,26.65,26.68,28.34,-1.66,-5.86,335706.98,921317.904,3.3571,3.3571,1.11,29.8036,27.9657,3.7329,2.2088,1.9483,,,770000.0,100000.0,100000.0,20543600.0,2668000.0,,,1.0
601601,中国太保,保险,上海,20071225,601601.SH,20080506,28.8,28.96,27.88,28.34,29.11,-0.77,-2.65,282824.14,803057.922,2.8282,2.8282,0.72,31.6579,29.7057,3.9651,2.3462,2.0696,,,770000.0,100000.0,100000.0,21821800.0,2834000.0,,,1.0
601601,中国太保,保险,上海,20071225,601601.SH,20080505,29.68,29.7,28.61,29.11,29.27,-0.16,-0.55,338414.76,982387.283,3.3841,3.3841,0.73,32.5181,30.5128,4.0729,2.41,2.1258,,,770000.0,100000.0,100000.0,22414700.0,2911000.0,,,1.0
601601,中国太保,保险,上海,20071225,601601.SH,20080430,28.0,29.47,27.91,29.27,27.69,1.58,5.71,423189.97,1226801.506,4.2319,4.2319,0.95,32.6968,30.6805,4.0953,2.4232,2.1375,,,770000.0,100000.0,100000.0,22537900.0,2927000.0,,,1.0
601601,中国太保,保险,上海,20071225,601601.SH,20080429,27.02,27.74,27.0,27.69,27.07,0.62,2.29,186987.86,514683.58,1.8699,1.8699,0.42,30.9318,29.0244,3.8742,2.2924,2.0221,,,770000.0,100000.0,100000.0,21321300.0,2769000.0,,,1.0
601601,中国太保,保险,上海,20071225,601601.SH,20080428,27.3,27.96,26.83,27.07,28.28,-1.21,-4.28,286318.12,783557.55,2.8632,2.8632,0.64,30.2392,28.3745,3.7875,2.2411,1.9768,,,770000.0,100000.0,100000.0,20843900.0,2707000.0,,,1.0
601601,中国太保,保险,上海,20071225,601601.SH,20080425,27.8,29.52,27.48,28.28,27.35,0.93,3.4,732937.34,2094712.066,7.3294,7.3294,2.12,31.5909,29.6428,3.9568,2.3413,2.0652,,,770000.0,100000.0,100000.0,21775600.0,2828000.0,,,1.0
601601,中国太保,保险,上海,20071225,601601.SH,20080424,27.35,27.35,26.9,27.35,24.86,2.49,10.02,688987.17,1881721.441,6.8899,6.8899,2.88,30.552,28.668,3.8266,2.2643,1.9973,,,770000.0,100000.0,100000.0,21059500.0,2735000.0,,,1.0
601601,中国太保,保险,上海,20071225,601601.SH,20080423,23.19,25.2,23.0,24.86,23.73,1.13,4.76,332502.42,816480.087,3.325,3.325,1.72,27.7705,26.058,3.4782,2.0581,1.8154,,,770000.0,100000.0,100000.0,19142200.0,2486000.0,,,1.0
601601,中国太保,保险,上海,20071225,601601.SH,20080422,23.42,23.85,22.35,23.73,23.71,0.02,0.08,193530.7,445495.093,1.9353,1.9353,1.0,26.5082,24.8735,3.3201,1.9646,1.7329,,,770000.0,100000.0,100000.0,18272100.0,2373000.0,,,1.0
601601,中国太保,保险,上海,20071225,601601.SH,20080421,25.2,25.3,23.41,23.71,23.58,0.13,0.55,272622.5,667866.979,2.7262,3.8946,1.49,26.4859,26.4859,2.9068,1.9629,1.9629,,,770000.0,100000.0,70000.0,18256700.0,2371000.0,,,1.0
601601,中国太保,保险,上海,20071225,601601.SH,20080418,24.68,24.68,23.5,23.58,24.96,-1.38,-5.53,238109.05,569658.54,2.3811,3.4016,1.48,26.3406,26.3406,2.8909,1.9522,1.9522,,,770000.0,100000.0,70000.0,18156600.0,2358000.0,,,1.0
601601,中国太保,保险,上海,20071225,601601.SH,20080417,25.5,25.99,24.75,24.96,25.3,-0.34,-1.34,160485.4,405446.55,1.6049,2.2926,0.99,27.8822,27.8822,3.06,2.0664,2.0664,,,770000.0,100000.0,70000.0,19219200.0,2496000.0,,,1.0
601601,中国太保,保险,上海,20071225,601601.SH,20080416,26.0,26.16,25.28,25.3,25.88,-0.58,-2.24,102202.68,262269.771,1.022,1.46,0.54,28.262,28.262,3.1017,2.0946,2.0946,,,770000.0,100000.0,70000.0,19481000.0,2530000.0,,,1.0
601601,中国太保,保险,上海,20071225,601601.SH,20080415,25.59,25.92,24.98,25.88,25.61,0.27,1.05,194378.57,492970.82,1.9438,2.7768,0.94,28.9099,28.9099,3.1728,2.1426,2.1426,,,770000.0,100000.0,70000.0,19927600.0,2588000.0,,,1.0
601601,中国太保,保险,上海,20071225,601601.SH,20080414,26.49,26.8,25.5,25.61,27.15,-1.54,-5.67,220646.49,573344.97,2.2065,3.1521,0.9,28.6083,28.6083,3.1397,2.1202,2.1202,,,770000.0,100000.0,70000.0,19719700.0,2561000.0,,,1.0
601601,中国太保,保险,上海,20071225,601601.SH,20080411,26.88,27.3,26.7,27.15,26.64,0.51,1.91,127808.04,345029.889,1.2781,1.8258,0.45,30.3286,207.3958,3.7987,2.2477,3.6341,,,770000.0,100000.0,70000.0,20905500.0,2715000.0,,,1.0
601601,中国太保,保险,上海,20071225,601601.SH,20080410,26.0,26.77,25.5,26.64,26.34,0.3,1.14,162280.37,424116.749,1.6228,2.3183,0.45,29.7589,203.5,3.7273,2.2055,3.5658,,,770000.0,100000.0,70000.0,20512800.0,2664000.0,,,1.0
601601,中国太保,保险,上海,20071225,601601.SH,20080409,27.87,28.18,26.3,26.34,28.19,-1.85,-6.56,245935.15,671173.225,2.4594,3.5134,0.67,29.4238,201.2083,3.6853,2.1807,3.5257,,,770000.0,100000.0,70000.0,20281800.0,2634000.0,,,1.0
601601,中国太保,保险,上海,20071225,601601.SH,20080408,27.99,28.58,27.52,28.19,28.13,0.06,0.21,276540.1,775446.292,2.7654,3.9506,0.76,31.4904,215.3403,3.9442,2.3338,3.7733,,,770000.0,100000.0,70000.0,21706300.0,2819000.0,,,1.0
601601,中国太保,保险,上海,20071225,601601.SH,20080407,27.0,28.48,26.55,28.13,27.15,0.98,3.61,408848.72,1138091.609,4.0885,5.8407,1.05,31.4233,214.8819,3.9358,2.3288,3.7653,,,770000.0,100000.0,70000.0,21660100.0,2813000.0,28.47,23.29,1.0
601601,中国太保,保险,上海,20071225,601601.SH,20080403,25.8,27.4,25.41,27.15,26.4,0.75,2.84,316513.07,840799.873,3.1651,4.5216,0.72,30.3286,207.3958,3.7987,2.2477,3.6341,,,770000.0,100000.0,70000.0,20905500.0,2715000.0,,,1.0
601601,中国太保,保险,上海,20071225,601601.SH,20080402,25.86,27.46,25.28,26.4,25.27,1.13,4.47,565238.65,1502513.825,5.6524,8.0748,0.99,29.4908,201.6667,3.6937,2.1856,3.5337,,,770000.0,100000.0,70000.0,20328000.0,2640000.0,,,1.0
601601,中国太保,保险,上海,20071225,601601.SH,20080401,25.88,26.44,25.01,25.27,26.07,-0.8,-3.07,270104.77,689253.237,2.701,3.8586,0.49,28.2285,193.0347,3.5356,2.0921,3.3825,,,770000.0,100000.0,70000.0,19457900.0,2527000.0,,,1.0
601601,中国太保,保险,上海,20071225,601601.SH,20080331,26.27,27.1,26.0,26.07,27.57,-1.5,-5.44,267339.14,707088.425,2.6734,3.8191,0.5,29.1222,199.1458,3.6475,2.1583,3.4895,,,770000.0,100000.0,70000.0,20073900.0,2607000.0,28.97,23.71,1.0
601601,中国太保,保险,上海,20071225,601601.SH,20080328,25.7,27.81,25.51,27.57,25.89,1.68,6.49,528618.27,1416275.736,5.2862,7.5517,1.11,30.7978,210.6042,3.38,2.2825,3.6903,,,770000.0,100000.0,70000.0,21228900.0,2757000.0,,,1.0
601601,中国太保,保险,上海,20071225,601601.SH,20080327,26.6,26.98,25.74,25.89,27.98,-2.09,-7.47,563335.67,1482130.338,5.6334,8.0477,1.46,28.9211,197.7708,3.1741,2.1434,3.4654,,,770000.0,100000.0,70000.0,19935300.0,2589000.0,,,1.0
601601,中国太保,保险,上海,20071225,601601.SH,20080326,28.5,29.8,27.6,27.98,30.45,-2.47,-8.11,1220263.02,3492471.533,12.2026,17.4323,7.05,31.2558,213.7361,3.4303,2.3164,3.7452,,,770000.0,100000.0,70000.0,21544600.0,2798000.0,,,1.0
601601,中国太保,保险,上海,20071225,601601.SH,20080325,30.3,31.39,30.01,30.45,30.66,-0.21,-0.68,149241.48,455509.139,2.132,2.132,0.94,34.0149,232.6042,3.7331,2.5209,4.0758,,,770000.0,70000.0,70000.0,23446500.0,2131500.0,,,1.0
601601,中国太保,保险,上海,20071225,601601.SH,20080324,32.7,32.73,30.55,30.66,32.82,-2.16,-6.58,221864.09,694926.818,3.1695,3.1695,1.68,34.2495,234.2083,3.7588,2.5383,4.1039,,,770000.0,70000.0,70000.0,23608200.0,2146200.0,,,1.0
601601,中国太保,保险,上海,20071225,601601.SH,20080320,32.95,33.61,31.0,32.82,33.33,-0.51,-1.53,230907.45,742053.39,3.2987,3.2987,2.22,36.6624,250.7083,4.0237,2.7171,4.393,,,770000.0,70000.0,70000.0,25271400.0,2297400.0,,,1.0
601601,中国太保,保险,上海,20071225,601601.SH,20080319,33.85,34.18,33.06,33.33,33.09,0.24,0.73,101315.55,341232.885,1.4474,1.4474,1.03,37.2321,254.6042,4.0862,2.7593,4.4613,,,770000.0,70000.0,70000.0,25664100.0,2333100.0,,,1.0
601601,中国太保,保险,上海,20071225,601601.SH,20080318,34.1,34.99,32.52,33.09,34.23,-1.14,-3.33,162232.69,544721.714,2.3176,2.3176,2.05,36.964,252.7708,4.0568,2.7395,4.4292,,,770000.0,70000.0,70000.0,25479300.0,2316300.0,,,1.0
601601,中国太保,保险,上海,20071225,601601.SH,20080317,34.6,35.16,33.88,34.23,35.02,-0.79,-2.26,79204.62,272988.931,1.1315,1.1315,0.96,38.2375,261.4792,4.1965,2.8339,4.5818,,,770000.0,70000.0,70000.0,26357100.0,2396100.0,,,1.0
601601,中国太保,保险,上海,20071225,601601.SH,20080314,34.35,35.4,33.5,35.02,34.47,0.55,1.6,85342.76,295392.08,1.2192,1.2192,1.04,39.12,267.5139,4.2934,2.8993,4.6875,,,770000.0,70000.0,70000.0,26965400.0,2451400.0,,,1.0
601601,中国太保,保险,上海,20071225,601601.SH,20080313,34.0,34.94,33.68,34.47,34.21,0.26,0.76,92287.48,314597.296,1.3184,1.3184,0.88,38.5056,263.3125,4.2259,2.8537,4.6139,,,770000.0,70000.0,70000.0,26541900.0,2412900.0,,,1.0
601601,中国太保,保险,上海,20071225,601601.SH,20080312,35.78,36.0,34.2,34.21,34.92,-0.71,-2.03,75004.56,262905.25,1.0715,1.0715,0.73,38.2151,261.3264,4.1941,2.8322,4.5791,,,770000.0,70000.0,70000.0,26341700.0,2394700.0,,,1.0
601601,中国太保,保险,上海,20071225,601601.SH,20080311,34.1,35.1,33.91,34.92,34.36,0.56,1.63,63294.49,218310.386,0.9042,0.9042,0.55,39.0083,266.75,4.2811,2.891,4.6741,,,770000.0,70000.0,70000.0,26888400.0,2444400.0,36.1,29.54,1.0
601601,中国太保,保险,上海,20071225,601601.SH,20080310,35.2,35.2,34.13,34.36,35.43,-1.07,-3.02,94985.26,327143.16,1.3569,1.3569,0.76,38.3827,262.4722,4.2125,2.8446,4.5992,,,770000.0,70000.0,70000.0,26457200.0,2405200.0,,,1.0
601601,中国太保,保险,上海,20071225,601601.SH,20080307,36.0,36.0,35.12,35.43,36.51,-1.08,-2.96,86046.78,305832.141,1.2292,1.2292,0.69,39.578,270.6458,4.3436,2.9332,4.7424,,,770000.0,70000.0,70000.0,27281100.0,2480100.0,,,1.0
601601,中国太保,保险,上海,20071225,601601.SH,20080306,36.0,38.59,35.3,36.51,35.17,1.34,3.81,203848.04,753867.252,2.9121,2.9121,1.98,40.7844,278.8958,4.476,3.0226,4.887,,,770000.0,70000.0,70000.0,28112700.0,2555700.0,,,1.0
601601,中国太保,保险,上海,20071225,601601.SH,20080305,35.22,35.75,34.51,35.17,35.54,-0.37,-1.04,62679.09,219133.884,0.8954,0.8954,0.52,39.2875,268.6597,4.3118,2.9117,4.7076,,,770000.0,70000.0,70000.0,27080900.0,2461900.0,,,1.0
601601,中国太保,保险,上海,20071225,601601.SH,20080304,36.05,36.46,35.24,35.54,36.19,-0.65,-1.8,131148.13,471082.003,1.8735,1.8735,1.09,39.7009,271.4861,4.3571,2.9423,4.7571,,,770000.0,70000.0,70000.0,27365800.0,2487800.0,,,1.0
601601,中国太保,保险,上海,20071225,601601.SH,20080303,34.8,36.65,34.6,36.19,35.21,0.98,2.78,144923.28,521668.595,2.0703,2.0703,1.24,40.427,276.4514,4.4368,2.9961,4.8441,,,770000.0,70000.0,70000.0,27866300.0,2533300.0,,,1.0
601601,中国太保,保险,上海,20071225,601601.SH,20080229,34.7,35.81,34.62,35.21,34.91,0.3,0.86,80436.07,283848.531,1.1491,1.1491,0.55,39.3322,268.9653,4.3167,2.915,4.7129,,,770000.0,70000.0,70000.0,27111700.0,2464700.0,38.41,31.43,1.0
601601,中国太保,保险,上海,20071225,601601.SH,20080228,35.5,35.6,34.7,34.91,35.52,-0.61,-1.72,94602.33,332841.051,1.3515,1.3515,0.61,38.9971,266.6736,4.2799,2.8901,4.6728,,,770000.0,70000.0,70000.0,26880700.0,2443700.0,,,1.0
601601,中国太保,保险,上海,20071225,601601.SH,20080227,34.99,35.84,34.44,35.52,34.1,1.42,4.16,147549.06,522288.157,2.1078,2.1078,0.97,39.6785,271.3333,4.3547,2.9407,4.7544,,,770000.0,70000.0,70000.0,27350400.0,2486400.0,,,1.0
601601,中国太保,保险,上海,20071225,601601.SH,20080226,34.35,34.69,33.1,34.1,32.93,1.17,3.55,135758.98,460516.6,1.9394,1.9394,0.91,38.0923,260.4861,4.1806,2.8231,4.5644,,,770000.0,70000.0,70000.0,26257000.0,2387000.0,,,1.0
601601,中国太保,保险,上海,20071225,601601.SH,20080225,34.35,34.5,32.88,32.93,34.24,-1.31,-3.83,127737.7,424319.571,1.8248,1.8248,0.91,36.7853,251.5486,4.0371,2.7262,4.4078,,,770000.0,70000.0,70000.0,25356100.0,2305100.0,,,1.0
601601,中国太保,保险,上海,20071225,601601.SH,20080222,36.0,36.05,33.99,34.24,36.2,-1.96,-5.41,232127.22,807610.291,3.3161,3.3161,2.13,38.2487,261.5556,4.1977,2.8347,4.5831,,,770000.0,70000.0,70000.0,26364800.0,2396800.0,,,1.0
601601,中国太保,保险,上海,20071225,601601.SH,20080221,36.7,36.7,36.0,36.2,36.72,-0.52,-1.42,132828.38,481573.025,1.8975,1.8975,1.42,40.4381,276.5278,4.438,2.9969,4.8455,,,770000.0,70000.0,70000.0,27874000.0,2534000.0,,,1.0
601601,中国太保,保险,上海,20071225,601601.SH,20080220,37.93,37.95,36.68,36.72,37.77,-1.05,-2.78,135217.81,502714.193,1.9317,1.9317,1.58,41.019,280.5,4.5018,3.04,4.9151,,,770000.0,70000.0,70000.0,28274400.0,2570400.0,,,1.0
601601,中国太保,保险,上海,20071225,601601.SH,20080219,37.3,37.83,36.68,37.77,37.3,0.47,1.26,115963.46,430938.305,1.6566,1.6566,1.31,42.1919,288.5208,4.6305,3.1269,5.0556,,,770000.0,70000.0,70000.0,29082900.0,2643900.0,,,1.0
601601,中国太保,保险,上海,20071225,601601.SH,20080218,37.51,37.85,37.24,37.3,36.93,0.37,1.0,86906.73,325791.126,1.2415,1.2415,0.72,41.6669,284.9306,4.5729,3.088,4.9927,,,770000.0,70000.0,70000.0,28721000.0,2611000.0,,,1.0
601601,中国太保,保险,上海,20071225,601601.SH,20080215,36.78,37.04,36.3,36.93,37.18,-0.25,-0.67,74112.76,271437.767,1.0588,1.0588,0.54,41.2536,282.1042,4.5275,3.0574,4.9432,,,770000.0,70000.0,70000.0,28436100.0,2585100.0,,,1.0
601601,中国太保,保险,上海,20071225,601601.SH,20080214,37.01,37.62,36.97,37.18,36.84,0.34,0.92,56315.68,209636.542,0.8045,0.8045,0.37,41.5329,284.0139,4.5582,3.0781,4.9766,,,770000.0,70000.0,70000.0,28628600.0,2602600.0,,,1.0
601601,中国太保,保险,上海,20071225,601601.SH,20080213,37.45,37.45,36.68,36.84,38.39,-1.55,-4.04,93497.37,346246.979,1.3357,1.3357,0.57,41.1531,281.4167,4.5165,3.0499,4.9311,,,770000.0,70000.0,70000.0,28366800.0,2578800.0,,,1.0
601601,中国太保,保险,上海,20071225,601601.SH,20080205,39.2,39.39,38.26,38.39,39.82,-1.43,-3.59,132251.05,511845.042,1.8893,1.8893,0.79,42.8845,293.2569,4.7065,3.1783,5.1386,,,770000.0,70000.0,70000.0,29560300.0,2687300.0,,,1.0
601601,中国太保,保险,上海,20071225,601601.SH,20080204,38.0,40.05,37.66,39.82,37.27,2.55,6.84,246880.27,963757.214,3.5269,3.5269,1.48,44.4819,304.1806,4.8818,3.2966,5.33,,,770000.0,70000.0,70000.0,30661400.0,2787400.0,,,1.0
601601,中国太保,保险,上海,20071225,601601.SH,20080201,37.11,37.87,35.86,37.27,36.89,0.38,1.03,161502.06,598975.707,2.3072,2.3072,0.74,41.6334,284.7014,4.5692,3.0855,4.9887,,,770000.0,70000.0,70000.0,28697900.0,2608900.0,,,1.0
601601,中国太保,保险,上海,20071225,601601.SH,20080131,37.09,37.8,36.58,36.89,36.89,0.0,0.0,119603.97,446752.929,1.7086,1.7086,0.51,41.2089,281.7986,4.5226,3.0541,4.9378,,,770000.0,70000.0,70000.0,28405300.0,2582300.0,,,1.0
601601,中国太保,保险,上海,20071225,601601.SH,20080130,37.65,37.9,35.9,36.89,37.02,-0.13,-0.35,163646.18,605164.721,2.3378,2.3378,0.6,41.2089,281.7986,4.5226,3.0541,4.9378,,,770000.0,70000.0,70000.0,28405300.0,2582300.0,,,1.0
601601,中国太保,保险,上海,20071225,601601.SH,20080129,36.58,37.67,36.11,37.02,35.83,1.19,3.32,147756.67,544445.883,2.1108,2.1108,0.45,41.3541,282.7917,4.5386,3.0648,4.9552,,,770000.0,70000.0,70000.0,28505400.0,2591400.0,,,1.0
601601,中国太保,保险,上海,20071225,601601.SH,20080128,39.0,39.15,35.83,35.83,39.81,-3.98,-10.0,239379.23,887547.626,3.4197,3.4197,0.68,40.0248,273.7014,4.3927,2.9663,4.7959,,,770000.0,70000.0,70000.0,27589100.0,2508100.0,,,1.0
601601,中国太保,保险,上海,20071225,601601.SH,20080125,40.0,41.0,39.09,39.81,38.76,1.05,2.71,420842.9,1689696.779,6.012,6.012,1.4,44.4708,304.1042,4.8806,3.2958,5.3287,,,770000.0,70000.0,70000.0,30653700.0,2786700.0,,,1.0
601601,中国太保,保险,上海,20071225,601601.SH,20080124,39.9,39.9,38.0,38.76,39.19,-0.43,-1.1,208614.09,808218.177,2.9802,2.9802,0.67,43.2978,296.0833,4.7519,3.2089,5.1881,,,770000.0,70000.0,70000.0,29845200.0,2713200.0,,,1.0
601601,中国太保,保险,上海,20071225,601601.SH,20080123,37.8,40.05,36.56,39.19,36.88,2.31,6.26,351629.24,1350526.205,5.0233,5.0233,1.14,43.7782,299.3681,4.8046,3.2445,5.2457,,,770000.0,70000.0,70000.0,30176300.0,2743300.0,,,1.0
601601,中国太保,保险,上海,20071225,601601.SH,20080122,40.35,40.35,36.86,36.88,40.96,-4.08,-9.96,415057.84,1586811.285,5.9294,5.9294,1.38,41.1977,281.7222,4.5214,3.0532,4.9365,,,770000.0,70000.0,70000.0,28397600.0,2581600.0,,,1.0
601601,中国太保,保险,上海,20071225,601601.SH,20080121,44.92,44.92,40.43,40.96,44.92,-3.96,-8.82,365709.43,1543335.608,5.2244,5.2244,1.3,45.7554,312.8889,5.0216,3.391,5.4826,,,770000.0,70000.0,70000.0,31539200.0,2867200.0,,,1.0
601601,中国太保,保险,上海,20071225,601601.SH,20080118,45.05,45.35,44.31,44.92,45.04,-0.12,-0.27,160136.48,715342.414,2.2877,2.2877,0.53,50.179,343.1389,5.5071,3.7189,6.0127,,,770000.0,70000.0,70000.0,34588400.0,3144400.0,,,1.0
601601,中国太保,保险,上海,20071225,601601.SH,20080117,45.9,46.58,44.2,45.04,46.33,-1.29,-2.78,260407.39,1181164.861,3.7201,3.7201,0.87,50.3131,344.0556,5.5218,3.7288,6.0287,,,770000.0,70000.0,70000.0,34680800.0,3152800.0,,,1.0
601601,中国太保,保险,上海,20071225,601601.SH,20080116,47.29,47.5,46.28,46.33,47.75,-1.42,-2.97,344236.54,1614504.423,4.9177,4.9177,1.23,51.7541,353.9097,5.68,3.8356,6.2014,,,770000.0,70000.0,70000.0,35674100.0,3243100.0,,,1.0
601601,中国太保,保险,上海,20071225,601601.SH,20080115,48.52,48.54,47.6,47.75,48.61,-0.86,-1.77,368382.58,1765303.682,5.2626,5.2626,1.24,53.3403,364.7569,5.854,3.9532,6.3915,,,770000.0,70000.0,70000.0,36767500.0,3342500.0,,,1.0
601601,中国太保,保险,上海,20071225,601601.SH,20080114,49.19,49.58,48.58,48.61,49.15,-0.54,-1.1,270076.72,1318221.038,3.8582,3.8582,0.92,54.301,371.3264,5.9595,4.0244,6.5066,,,770000.0,70000.0,70000.0,37429700.0,3402700.0,,,1.0
601601,中国太保,保险,上海,20071225,601601.SH,20080111,49.35,50.25,48.88,49.15,49.19,-0.04,-0.08,268502.1,1330258.496,3.8357,3.8357,0.89,54.9043,375.4514,6.0257,4.0691,6.5789,,,770000.0,70000.0,70000.0,37845500.0,3440500.0,,,1.0
601601,中国太保,保险,上海,20071225,601601.SH,20080110,49.23,49.5,48.58,49.19,49.11,0.08,0.16,252251.59,1235337.164,3.6036,3.6036,0.74,54.9489,375.7569,6.0306,4.0724,6.5842,,,770000.0,70000.0,70000.0,37876300.0,3443300.0,,,1.0
601601,中国太保,保险,上海,20071225,601601.SH,20080109,48.8,49.45,48.45,49.11,49.19,-0.08,-0.16,236002.84,1153652.897,3.3715,3.3715,0.63,54.8596,375.1458,6.0208,4.0657,6.5735,,,770000.0,70000.0,70000.0,37814700.0,3437700.0,,,1.0
601601,中国太保,保险,上海,20071225,601601.SH,20080108,48.66,50.28,48.66,49.19,48.54,0.65,1.34,463583.53,2296892.036,6.6226,6.6226,1.26,54.9489,375.7569,6.0306,4.0724,6.5842,,,770000.0,70000.0,70000.0,37876300.0,3443300.0,,,1.0
601601,中国太保,保险,上海,20071225,601601.SH,20080107,48.6,49.18,48.02,48.54,48.99,-0.45,-0.92,254548.71,1234515.118,3.6364,3.6364,0.54,54.2228,370.7917,5.9509,4.0186,6.4972,,,770000.0,70000.0,70000.0,37375800.0,3397800.0,,,1.0
601601,中国太保,保险,上海,20071225,601601.SH,20080104,48.91,49.38,48.55,48.99,48.81,0.18,0.37,299430.94,1466377.414,4.2776,4.2776,0.48,54.7255,374.2292,6.0061,4.0558,6.5574,,,770000.0,70000.0,70000.0,37722300.0,3429300.0,,,1.0
601601,中国太保,保险,上海,20071225,601601.SH,20080103,48.61,48.87,47.1,48.81,48.61,0.2,0.41,454952.33,2171882.841,6.4993,6.4993,0.38,54.5244,372.8542,5.984,4.0409,6.5333,,,770000.0,70000.0,70000.0,37583700.0,3416700.0,53.47,43.75,1.0
601601,中国太保,保险,上海,20071225,601601.SH,20080102,49.0,49.25,48.05,48.61,49.45,-0.84,-1.7,415461.93,2010900.703,5.9352,5.9352,,54.301,371.3264,5.9595,4.0244,6.5066,,,770000.0,70000.0,70000.0,37429700.0,3402700.0,,,1.0
601601,中国太保,保险,上海,20071225,601601.SH,20071228,50.2,50.29,49.01,49.45,50.31,-0.86,-1.71,419885.36,2081515.841,5.9984,5.9984,,377.7431,377.7431,7.01,6.619,6.619,,,770000.0,70000.0,70000.0,38076500.0,3461500.0,,,1.0
601601,中国太保,保险,上海,20071225,601601.SH,20071227,50.0,51.36,49.65,50.31,49.93,0.38,0.76,781069.37,3953647.612,11.1581,11.1581,,384.3125,384.3125,7.1319,6.7341,6.7341,,,770000.0,70000.0,70000.0,38738700.0,3521700.0,,,1.0
601601,中国太保,保险,上海,20071225,601601.SH,20071226,48.5,50.23,48.01,49.93,48.17,1.76,3.65,1032531.61,5066422.23,14.7505,14.7505,,381.4097,381.4097,7.078,6.6833,6.6833,,,770000.0,70000.0,70000.0,38446100.0,3495100.0,,,1.0
601601,中国太保,保险,上海,20071225,601601.SH,20071225,51.0,51.97,47.88,48.17,30.0,18.17,60.57,3404207.11,16991184.831,48.6315,48.6315,,367.9653,367.9653,6.8285,6.4477,6.4477,,,770000.0,70000.0,70000.0,37090900.0,3371900.0,,,1.0
