code,name,industry,region,list_date,ts_code,trade_date,open,high,low,close,pre_close,change,pct_change,volume,amount,turnover_rate,turnover_rate_free,volume_ratio,pe,pe_ttm,pb,ps,ps_ttm,dividend_yield,dividend_yield_ttm,total_share,float_share,free_share,total_mv,circ_mv,limit_up,limit_down,adj_factor
601995,中金公司,证券,北京,20201102,601995.SH,20250908,37.05,37.23,36.8,37.0,37.29,-0.29,-0.7777,230102.63,850744.657,0.7871,2.3304,0.64,31.366,22.9087,1.8628,8.3722,7.0733,0.7297,0.4865,482725.6868,292354.244,98738.676,17860850.4116,10817107.028,41.02,33.56,1.0267
601995,中金公司,证券,北京,20201102,601995.SH,20250905,37.18,37.31,36.75,37.29,37.04,0.25,0.6749,242699.92,899190.006,0.8302,2.458,0.64,31.6118,23.0883,1.8774,8.4379,7.1288,0.7241,0.4827,482725.6868,292354.244,98738.676,18000840.8608,10901889.7588,40.74,33.34,1.0267
601995,中金公司,证券,北京,20201102,601995.SH,20250904,37.35,37.59,36.5,37.04,37.42,-0.38,-1.0155,322607.5,1196033.088,1.1035,3.2673,0.86,31.3999,22.9335,1.8648,8.3813,7.081,0.7289,0.486,482725.6868,292354.244,98738.676,17880159.4391,10828801.1978,41.16,33.68,1.0267
601995,中金公司,证券,北京,20201102,601995.SH,20250903,38.53,38.76,37.0,37.42,38.51,-1.09,-2.8304,362837.35,1371133.032,1.2411,3.6747,0.96,31.722,23.1688,1.8839,8.4673,7.1536,0.7215,0.481,482725.6868,292354.244,98738.676,18063595.2001,10939895.8105,42.36,34.66,1.0267
601995,中金公司,证券,北京,20201102,601995.SH,20250902,38.88,39.24,38.23,38.51,38.94,-0.43,-1.1043,386083.23,1490292.711,1.3206,3.9102,1.06,32.646,23.8437,1.9388,8.7139,7.362,0.7011,0.4674,482725.6868,292354.244,98738.676,18589766.1987,11258561.9364,42.83,35.05,1.0267
601995,中金公司,证券,北京,20201102,601995.SH,20250901,39.28,39.78,38.67,38.94,38.55,0.39,1.0117,475354.0,1860642.45,1.626,4.8143,1.26,33.0105,24.1099,2.0036,8.8112,7.4442,0.6934,0.4622,482725.6868,292354.244,98738.676,18797338.244,11384274.2614,42.41,34.7,1.0267
601995,中金公司,证券,北京,20201102,601995.SH,20250829,38.58,39.09,38.31,38.55,38.48,0.07,0.1819,341709.59,1320170.667,1.1688,3.4607,0.86,32.6799,28.6397,1.9835,8.723,8.0278,0.7004,0.4669,482725.6868,292354.244,98738.676,18609075.2261,11270256.1062,42.33,34.63,1.0267
601995,中金公司,证券,北京,20201102,601995.SH,20250828,37.58,38.5,37.51,38.48,37.8,0.68,1.7989,305182.81,1158662.348,1.0439,3.0908,0.8,32.6206,28.5877,1.9799,8.7071,8.0133,0.7017,0.4678,482725.6868,292354.244,98738.676,18575284.4281,11249791.3091,41.58,34.02,1.0267
601995,中金公司,证券,北京,20201102,601995.SH,20250827,38.74,38.97,37.8,37.8,38.66,-0.86,-2.2245,374549.56,1442876.778,1.2811,3.7933,1.04,32.0441,28.0825,1.9449,8.5533,7.8717,0.7143,0.4762,482725.6868,292354.244,98738.676,18247030.961,11050990.4232,42.53,34.79,1.0267
601995,中金公司,证券,北京,20201102,601995.SH,20250826,39.1,39.26,38.59,38.66,39.29,-0.63,-1.6035,325816.56,1267866.722,1.1145,3.2998,0.92,32.7732,28.7214,1.9892,8.7479,8.0508,0.6984,0.4656,482725.6868,292354.244,98738.676,18662175.0517,11302415.073,43.22,35.36,1.0267
601995,中金公司,证券,北京,20201102,601995.SH,20250825,39.03,39.81,38.71,39.29,38.86,0.43,1.1065,538870.16,2111273.017,1.8432,5.4575,1.54,33.3073,29.1894,2.0216,8.8904,8.1819,0.6872,0.4581,482725.6868,292354.244,98738.676,18966292.2344,11486598.2468,42.75,34.97,1.0267
601995,中金公司,证券,北京,20201102,601995.SH,20250822,37.85,39.1,37.73,38.86,37.87,0.99,2.6142,431719.84,1663422.471,1.4767,4.3723,1.12,32.9427,28.87,1.9995,8.7931,8.0924,0.6948,0.4632,482725.6868,292354.244,98738.676,18758720.189,11360885.9218,41.66,34.08,1.0264
601995,中金公司,证券,北京,20201102,601995.SH,20250821,38.4,38.65,37.75,37.96,38.2,-0.24,-0.6283,242037.47,925613.375,0.8279,2.4513,0.58,32.1798,28.2013,1.9442,8.5895,7.905,0.7113,0.7113,482725.6868,292354.244,98738.676,18324267.0709,11097767.1022,42.02,34.38,1.024
601995,中金公司,证券,北京,20201102,601995.SH,20250820,37.79,38.24,37.42,38.2,37.86,0.34,0.898,254574.6,963567.17,0.8708,2.5783,0.58,32.3832,28.3796,1.9565,8.6438,7.955,0.7068,0.7068,482725.6868,292354.244,98738.676,18440121.2358,11167932.1208,41.65,34.07,1.024
601995,中金公司,证券,北京,20201102,601995.SH,20250819,38.35,38.77,37.75,37.86,38.56,-0.7,-1.8154,294052.27,1122693.991,1.0058,2.9781,0.72,32.095,28.127,1.939,8.5668,7.8842,0.7132,0.7132,482725.6868,292354.244,98738.676,18275994.5022,11068531.6778,42.42,34.7,1.024
601995,中金公司,证券,北京,20201102,601995.SH,20250818,38.3,39.06,37.8,38.56,38.02,0.54,1.4203,523651.28,2014639.752,1.7912,5.3034,1.53,32.6884,28.6471,1.9749,8.7252,8.0299,0.7002,0.7002,482725.6868,292354.244,98738.676,18613902.483,11273179.6486,41.82,34.22,1.024
601995,中金公司,证券,北京,20201102,601995.SH,20250815,36.43,38.35,36.43,38.02,36.86,1.16,3.147,621155.8,2339289.418,2.1247,6.2909,2.55,32.2306,28.2459,1.9472,8.603,7.9175,0.7102,0.7102,482725.6868,292354.244,98738.676,18353230.6121,11115308.3569,40.55,33.17,1.024
601995,中金公司,证券,北京,20201102,601995.SH,20250814,36.93,37.5,36.73,36.86,36.87,-0.01,-0.0271,377709.48,1402687.649,1.292,3.8253,1.83,31.2473,27.3841,1.8878,8.3406,7.6759,0.7325,0.7325,482725.6868,292354.244,98738.676,17793268.8154,10776177.4338,40.56,33.18,1.0243
601995,中金公司,证券,北京,20201102,601995.SH,20250813,36.59,37.3,36.4,36.87,36.47,0.4,1.0968,375775.69,1385689.338,1.2853,3.8058,2.27,31.2557,27.3915,1.8883,8.3428,7.678,0.7323,0.7323,482725.6868,292354.244,98738.676,17798096.0723,10779100.9763,40.12,32.82,1.0243
601995,中金公司,证券,北京,20201102,601995.SH,20250812,36.43,36.55,36.26,36.47,36.4,0.07,0.1923,153256.33,558435.277,0.5242,1.5521,0.84,30.9167,27.0944,1.8678,8.2523,7.5947,0.7403,0.7403,482725.6868,292354.244,98738.676,17605005.7976,10662159.2787,40.04,32.76,1.0243
601995,中金公司,证券,北京,20201102,601995.SH,20250811,36.0,36.6,36.0,36.4,36.0,0.4,1.1111,186062.0,677116.733,0.6364,1.8844,1.05,30.8573,27.0424,1.8643,8.2365,7.5801,0.7418,0.7418,482725.6868,292354.244,98738.676,17571214.9995,10641694.4816,39.6,32.4,1.0243
601995,中金公司,证券,北京,20201102,601995.SH,20250808,36.41,36.42,35.99,36.0,36.43,-0.43,-1.1803,124561.12,449953.562,0.4261,1.2615,0.65,30.5182,26.7452,1.8438,8.146,7.4968,0.75,0.75,482725.6868,292354.244,98738.676,17378124.7248,10524752.784,40.07,32.79,1.0243
601995,中金公司,证券,北京,20201102,601995.SH,20250807,36.66,36.89,36.3,36.43,36.53,-0.1,-0.2737,192349.43,703653.922,0.6579,1.9481,0.9,30.8827,27.0647,1.8658,8.2433,7.5864,0.7411,0.7411,482725.6868,292354.244,98738.676,17585696.7701,10650465.1089,40.18,32.88,1.0243
601995,中金公司,证券,北京,20201102,601995.SH,20250806,36.35,36.72,36.27,36.53,36.4,0.13,0.3571,169860.27,620459.814,0.581,1.7203,0.75,30.9675,27.139,1.8709,8.2659,7.6072,0.7391,0.7391,482725.6868,292354.244,98738.676,17633969.3388,10679700.5333,40.04,32.76,1.0243
601995,中金公司,证券,北京,20201102,601995.SH,20250805,36.1,36.52,35.94,36.4,35.92,0.48,1.3363,236087.0,856586.905,0.8075,2.391,1.02,30.8573,27.0424,1.8643,8.2365,7.5801,0.7418,0.7418,482725.6868,292354.244,98738.676,17571214.9995,10641694.4816,39.51,32.33,1.0243
601995,中金公司,证券,北京,20201102,601995.SH,20250804,35.67,35.98,35.62,35.92,35.89,0.03,0.0836,165386.26,592341.124,0.5657,1.675,0.66,30.4504,26.6858,1.8397,8.1279,7.4802,0.7517,0.7517,482725.6868,292354.244,98738.676,17339506.6699,10501364.4445,39.48,32.3,1.0243
601995,中金公司,证券,北京,20201102,601995.SH,20250801,36.09,36.37,35.66,35.89,36.21,-0.32,-0.8837,194589.85,700253.874,0.6656,1.9708,0.74,30.425,26.6635,1.8381,8.1211,7.4739,0.7523,0.7523,482725.6868,292354.244,98738.676,17325024.8993,10492593.8172,39.83,32.59,1.0243
601995,中金公司,证券,北京,20201102,601995.SH,20250731,36.94,37.21,35.97,36.21,37.08,-0.87,-2.3463,298208.81,1089516.825,1.02,3.0202,1.02,30.6962,26.9012,1.8545,8.1935,7.5406,0.7457,0.7457,482725.6868,292354.244,98738.676,17479497.119,10586147.1752,40.79,33.37,1.0243
601995,中金公司,证券,北京,20201102,601995.SH,20250730,37.45,37.7,36.71,37.08,37.46,-0.38,-1.0144,233178.67,869427.8,0.7976,2.3616,0.71,31.4338,27.5476,1.8991,8.3903,7.7217,0.7282,0.7282,482725.6868,292354.244,98738.676,17899468.4665,10840495.3675,41.21,33.71,1.0243
601995,中金公司,证券,北京,20201102,601995.SH,20250729,37.09,37.47,36.8,37.46,37.25,0.21,0.5638,262930.78,977593.061,0.8994,2.6629,0.81,31.7559,27.8299,1.9186,8.4763,7.8009,0.7208,0.7208,482725.6868,292354.244,98738.676,18082904.2275,10951589.9802,40.98,33.53,1.0243
601995,中金公司,证券,北京,20201102,601995.SH,20250728,37.19,37.72,37.05,37.25,37.19,0.06,0.1613,267464.98,998988.185,0.9149,2.7088,0.84,31.5779,27.6739,1.9078,8.4288,7.7571,0.7248,0.7248,482725.6868,292354.244,98738.676,17981531.8333,10890195.589,40.91,33.47,1.0243
601995,中金公司,证券,北京,20201102,601995.SH,20250725,37.48,37.55,37.1,37.19,37.48,-0.29,-0.7737,259902.18,970085.011,0.889,2.6322,0.87,31.527,27.6293,1.9047,8.4152,7.7446,0.726,0.726,482725.6868,292354.244,98738.676,17952568.2921,10872654.3344,41.23,33.73,1.0243
601995,中金公司,证券,北京,20201102,601995.SH,20250724,36.6,37.67,36.57,37.48,36.79,0.69,1.8755,436015.49,1626911.215,1.4914,4.4159,1.76,31.7729,27.8447,1.9196,8.4808,7.805,0.7204,0.7204,482725.6868,292354.244,98738.676,18092558.7413,10957437.0651,40.47,33.11,1.0243
601995,中金公司,证券,北京,20201102,601995.SH,20250723,36.89,37.36,36.6,36.79,36.79,0.0,0.0,415177.11,1534681.344,1.4201,4.2048,2.17,31.1879,27.3321,1.8842,8.3247,7.6613,0.7339,0.7339,482725.6868,292354.244,98738.676,17759478.0174,10755712.6368,40.47,33.11,1.0243
601995,中金公司,证券,北京,20201102,601995.SH,20250722,36.6,36.9,36.32,36.79,36.61,0.18,0.4917,250919.08,918993.783,0.8583,2.5412,1.34,31.1879,27.3321,1.8842,8.3247,7.6613,0.7339,0.7339,482725.6868,292354.244,98738.676,17759478.0174,10755712.6368,40.27,32.95,1.0243
601995,中金公司,证券,北京,20201102,601995.SH,20250721,36.25,36.77,36.15,36.61,36.22,0.39,1.0768,226354.75,826668.776,0.7742,2.2925,1.22,31.0353,27.1984,1.875,8.284,7.6239,0.7375,0.7375,482725.6868,292354.244,98738.676,17672587.3937,10703088.8728,39.84,32.6,1.0243
601995,中金公司,证券,北京,20201102,601995.SH,20250718,36.2,36.46,36.08,36.22,36.14,0.08,0.2214,166293.55,602915.496,0.5688,1.6842,0.64,30.7047,26.9086,1.855,8.1957,7.5426,0.7454,0.7454,482725.6868,292354.244,98738.676,17484324.3759,10589070.7177,39.75,32.53,1.0243
601995,中金公司,证券,北京,20201102,601995.SH,20250717,35.8,36.35,35.66,36.14,35.68,0.46,1.2892,176755.79,635304.351,0.6046,1.7901,0.67,30.6369,26.8492,1.8509,8.1776,7.526,0.7471,0.7471,482725.6868,292354.244,98738.676,17445706.321,10565682.3782,39.25,32.11,1.0243
601995,中金公司,证券,北京,20201102,601995.SH,20250716,35.7,36.02,35.5,35.68,35.75,-0.07,-0.1958,137287.0,490679.749,0.4696,1.3904,0.51,30.247,26.5075,1.8274,8.0735,7.4302,0.7567,0.7567,482725.6868,292354.244,98738.676,17223652.505,10431199.4259,39.33,32.18,1.0243
601995,中金公司,证券,北京,20201102,601995.SH,20250715,36.09,36.22,35.5,35.75,35.96,-0.21,-0.584,229205.3,820076.039,0.784,2.3213,0.88,30.3063,26.5595,1.831,8.0894,7.4448,0.7552,0.7552,482725.6868,292354.244,98738.676,17257443.3031,10451664.223,39.56,32.36,1.0243
601995,中金公司,证券,北京,20201102,601995.SH,20250714,36.45,36.53,35.9,35.96,36.4,-0.44,-1.2088,221684.0,800941.164,0.7583,2.2452,0.94,30.4843,26.7155,1.8417,8.1369,7.4885,0.7508,0.7508,482725.6868,292354.244,98738.676,17358815.6973,10513058.6142,40.04,32.76,1.0243
601995,中金公司,证券,北京,20201102,601995.SH,20250711,35.85,37.07,35.74,36.4,35.82,0.58,1.6192,527554.17,1925265.19,1.8045,5.3429,3.04,30.8573,27.0424,1.8643,8.2365,7.5801,0.7418,0.7418,482725.6868,292354.244,98738.676,17571214.9995,10641694.4816,39.4,32.24,1.0243
601995,中金公司,证券,北京,20201102,601995.SH,20250710,35.55,35.97,35.45,35.82,35.52,0.3,0.8446,205227.0,733199.539,0.702,2.0785,1.29,30.3656,26.6115,1.8346,8.1052,7.4593,0.7538,0.7538,482725.6868,292354.244,98738.676,17291234.1012,10472129.0201,39.07,31.97,1.0243
601995,中金公司,证券,北京,20201102,601995.SH,20250709,35.88,36.06,35.5,35.52,35.8,-0.28,-0.7821,172249.98,616745.795,0.5892,1.7445,1.1,30.1113,26.3886,1.8192,8.0373,7.3969,0.7601,0.7601,482725.6868,292354.244,98738.676,17146416.3951,10384422.7469,39.38,32.22,1.0243
601995,中金公司,证券,北京,20201102,601995.SH,20250708,35.53,36.04,35.47,35.8,35.49,0.31,0.8735,175755.0,628808.047,0.6012,1.78,1.22,30.3487,26.5966,1.8335,8.1007,7.4552,0.7542,0.7542,482725.6868,292354.244,98738.676,17281579.5874,10466281.9352,39.04,31.94,1.0243
601995,中金公司,证券,北京,20201102,601995.SH,20250707,35.33,35.69,35.3,35.49,35.49,0.0,0.0,99227.0,352468.695,0.3394,1.0049,0.63,30.0859,26.3663,1.8177,8.0306,7.3906,0.7608,0.7608,482725.6868,292354.244,98738.676,17131934.6245,10375652.1196,39.04,31.94,1.0243
601995,中金公司,证券,北京,20201102,601995.SH,20250704,35.51,36.12,35.29,35.49,35.47,0.02,0.0564,214207.51,764201.595,0.7327,2.1694,1.21,30.0859,26.3663,1.8177,8.0306,7.3906,0.7608,0.7608,482725.6868,292354.244,98738.676,17131934.6245,10375652.1196,39.02,31.92,1.0243
601995,中金公司,证券,北京,20201102,601995.SH,20250703,35.3,35.6,35.18,35.47,35.24,0.23,0.6527,136159.01,482324.013,0.4657,1.379,0.66,30.0689,26.3515,1.8166,8.026,7.3865,0.7612,0.7612,482725.6868,292354.244,98738.676,17122280.1108,10369805.0347,38.76,31.72,1.0243
601995,中金公司,证券,北京,20201102,601995.SH,20250702,35.2,35.68,35.13,35.24,35.2,0.04,0.1136,158533.94,560554.782,0.5423,1.6056,0.59,29.874,26.1806,1.8049,7.974,7.3386,0.7662,0.7662,482725.6868,292354.244,98738.676,17011253.2028,10302563.5586,38.72,31.68,1.0243
601995,中金公司,证券,北京,20201102,601995.SH,20250701,35.37,35.4,35.02,35.2,35.36,-0.16,-0.4525,112830.0,397064.474,0.3859,1.1427,0.37,29.84,26.1509,1.8028,7.9649,7.3302,0.767,0.767,482725.6868,292354.244,98738.676,16991944.1754,10290869.3888,38.9,31.82,1.0243
601995,中金公司,证券,北京,20201102,601995.SH,20250630,35.4,35.44,35.01,35.36,35.5,-0.14,-0.3944,164995.01,582271.588,0.5644,1.671,0.54,29.9757,26.2697,1.811,8.0011,7.3635,0.7636,0.7636,482725.6868,292354.244,98738.676,17069180.2852,10337646.0678,39.05,31.95,1.0243
601995,中金公司,证券,北京,20201102,601995.SH,20250627,35.59,36.22,35.25,35.5,35.47,0.03,0.0846,312307.27,1114396.475,1.0682,3.163,1.17,30.0944,26.3737,1.8182,8.0328,7.3927,0.7606,0.7606,482725.6868,292354.244,98738.676,17136761.8814,10378575.662,39.02,31.92,1.0243
601995,中金公司,证券,北京,20201102,601995.SH,20250626,36.0,36.0,35.38,35.47,36.02,-0.55,-1.5269,290091.71,1033335.838,0.9923,2.938,1.23,30.0689,26.3515,1.8166,8.026,7.3865,0.7612,0.7612,482725.6868,292354.244,98738.676,17122280.1108,10369805.0347,39.62,32.42,1.0243
601995,中金公司,证券,北京,20201102,601995.SH,20250625,35.15,36.26,35.05,36.02,35.1,0.92,2.6211,472015.28,1683323.426,1.6145,4.7804,2.81,30.5352,26.7601,1.8448,8.1505,7.501,0.7496,0.7496,482725.6868,292354.244,98738.676,17387779.2385,10530599.8689,38.61,31.59,1.0243
601995,中金公司,证券,北京,20201102,601995.SH,20250624,34.33,35.47,34.33,35.1,34.25,0.85,2.4818,303462.39,1063620.141,1.038,3.0734,2.17,29.7553,26.0766,1.7977,7.9423,7.3094,0.7692,0.7692,482725.6868,292354.244,98738.676,16943671.6067,10261633.9644,37.68,30.83,1.0243
601995,中金公司,证券,北京,20201102,601995.SH,20250623,33.28,34.35,33.18,34.25,33.48,0.77,2.2999,142855.01,484924.066,0.4886,1.4468,1.0,29.0347,25.4451,1.7541,7.75,7.1324,0.7883,0.7883,482725.6868,292354.244,98738.676,16533354.7729,10013132.857,36.83,30.13,1.0243
601995,中金公司,证券,北京,20201102,601995.SH,20250620,33.78,34.05,33.48,33.48,33.79,-0.31,-0.9174,125644.36,422958.767,0.4298,1.2725,0.88,28.3819,24.873,1.7147,7.5757,6.972,0.8065,0.8065,482725.6868,292354.244,98738.676,16161655.9941,9788020.0891,37.17,30.41,1.0243
601995,中金公司,证券,北京,20201102,601995.SH,20250619,34.4,34.48,33.68,33.79,34.48,-0.69,-2.0012,139837.18,474534.361,0.4783,1.4162,1.0,28.6447,25.1033,1.7306,7.6459,7.0366,0.7991,0.7991,482725.6868,292354.244,98738.676,16311300.957,9878649.9048,37.93,31.03,1.0243
601995,中金公司,证券,北京,20201102,601995.SH,20250618,34.69,34.78,34.13,34.48,34.85,-0.37,-1.0617,129306.0,445224.604,0.4423,1.3096,0.82,29.2297,25.616,1.7659,7.802,7.1803,0.7831,0.7831,482725.6868,292354.244,98738.676,16644381.6809,10080374.3331,38.34,31.37,1.0243
601995,中金公司,证券,北京,20201102,601995.SH,20250617,34.6,34.88,34.4,34.85,34.55,0.3,0.8683,160404.88,556917.357,0.5487,1.6245,1.03,29.5433,25.8908,1.7849,7.8857,7.2573,0.7747,0.7747,482725.6868,292354.244,98738.676,16822990.185,10188545.4034,38.01,31.1,1.0243
601995,中金公司,证券,北京,20201102,601995.SH,20250616,33.76,34.58,33.66,34.55,33.87,0.68,2.0077,156166.53,535313.37,0.5342,1.5816,0.94,29.289,25.668,1.7695,7.8179,7.1949,0.7815,0.7815,482725.6868,292354.244,98738.676,16678172.4789,10100839.1302,37.26,30.48,1.0243
601995,中金公司,证券,北京,20201102,601995.SH,20250613,34.2,34.34,33.75,33.87,34.3,-0.43,-1.2536,131901.2,447986.341,0.4512,1.3359,0.82,28.7126,25.1628,1.7347,7.664,7.0533,0.7972,0.7972,482725.6868,292354.244,98738.676,16349919.0119,9902038.2443,37.73,30.87,1.0243
601995,中金公司,证券,北京,20201102,601995.SH,20250612,34.26,34.68,34.24,34.3,34.44,-0.14,-0.4065,122146.4,420250.519,0.4178,1.2371,0.72,29.0771,25.4822,1.7567,7.7613,7.1428,0.7872,0.7872,482725.6868,292354.244,98738.676,16557491.0572,10027750.5692,37.88,31.0,1.0243
601995,中金公司,证券,北京,20201102,601995.SH,20250611,33.99,34.93,33.92,34.44,33.87,0.57,1.6829,216348.3,747514.64,0.74,2.1911,1.37,29.1958,25.5862,1.7639,7.793,7.172,0.784,0.784,482725.6868,292354.244,98738.676,16625072.6534,10068680.1634,37.26,30.48,1.0243
601995,中金公司,证券,北京,20201102,601995.SH,20250610,34.43,34.48,33.75,33.87,34.43,-0.56,-1.6265,154512.3,527096.977,0.5285,1.5649,1.05,28.7126,25.1628,1.7347,7.664,7.0533,0.7972,0.7972,482725.6868,292354.244,98738.676,16349919.0119,9902038.2443,37.87,30.99,1.0243
601995,中金公司,证券,北京,20201102,601995.SH,20250609,34.58,34.85,34.23,34.43,33.96,0.47,1.384,205899.15,711312.674,0.7043,2.0853,1.65,29.1873,25.5788,1.7634,7.7907,7.1699,0.7842,0.7842,482725.6868,292354.244,98738.676,16620245.3965,10065756.6209,37.36,30.56,1.0243
601995,中金公司,证券,北京,20201102,601995.SH,20250606,34.32,34.43,33.86,33.96,34.26,-0.3,-0.8757,101598.19,345936.622,0.3475,1.029,0.81,28.7889,25.2296,1.7393,7.6844,7.072,0.7951,0.7951,482725.6868,292354.244,98738.676,16393364.3237,9928350.1262,37.69,30.83,1.0243
601995,中金公司,证券,北京,20201102,601995.SH,20250605,33.94,34.44,33.79,34.26,33.88,0.38,1.1216,168946.28,576076.949,0.5779,1.711,1.59,29.0432,25.4525,1.7547,7.7522,7.1345,0.7881,0.7881,482725.6868,292354.244,98738.676,16538182.0298,10016056.3994,37.27,30.49,1.0243
601995,中金公司,证券,北京,20201102,601995.SH,20250604,33.34,34.09,33.24,33.88,33.35,0.53,1.5892,155886.75,526629.73,0.5332,1.5788,1.77,28.721,25.1702,1.7352,7.6663,7.0553,0.7969,0.7969,482725.6868,292354.244,98738.676,16354746.2688,9904961.7867,36.69,30.02,1.0243
601995,中金公司,证券,北京,20201102,601995.SH,20250603,32.78,33.47,32.78,33.35,33.09,0.26,0.7857,100005.44,332449.928,0.3421,1.0128,1.21,28.2717,24.7765,1.7081,7.5463,6.945,0.8096,0.8096,482725.6868,292354.244,98738.676,16098901.6548,9750014.0374,36.4,29.78,1.0243
601995,中金公司,证券,北京,20201102,601995.SH,20250530,33.01,33.2,32.81,33.09,33.19,-0.1,-0.3013,96519.76,318600.659,0.3301,0.9775,1.12,28.0513,24.5833,1.6947,7.4875,6.8908,0.816,0.816,482725.6868,292354.244,98738.676,15973392.9762,9674001.934,36.51,29.87,1.0243
601995,中金公司,证券,北京,20201102,601995.SH,20250529,32.74,33.19,32.71,33.19,32.75,0.44,1.3435,105023.75,347021.966,0.3592,1.0637,1.16,28.1361,24.6576,1.6999,7.5101,6.9117,0.8135,0.8135,482725.6868,292354.244,98738.676,16021665.5449,9703237.3584,36.03,29.48,1.0243
601995,中金公司,证券,北京,20201102,601995.SH,20250528,32.95,32.98,32.66,32.75,32.95,-0.2,-0.607,73065.54,239386.178,0.2499,0.74,0.8,27.7631,24.3307,1.6773,7.4106,6.82,0.8244,0.8244,482725.6868,292354.244,98738.676,15809266.2427,9574601.491,36.25,29.66,1.0243
601995,中金公司,证券,北京,20201102,601995.SH,20250527,32.96,33.1,32.75,32.95,33.02,-0.07,-0.212,66149.26,217923.711,0.2263,0.6699,0.69,27.9327,24.4793,1.6876,7.4558,6.8617,0.8194,0.8194,482725.6868,292354.244,98738.676,15905811.3801,9633072.3398,36.32,29.72,1.0243
601995,中金公司,证券,北京,20201102,601995.SH,20250526,32.97,33.05,32.79,33.02,32.96,0.06,0.182,73127.46,240825.457,0.2501,0.7406,0.74,27.992,24.5313,1.6912,7.4717,6.8763,0.8177,0.8177,482725.6868,292354.244,98738.676,15939602.1781,9653537.1369,36.26,29.66,1.0243
601995,中金公司,证券,北京,20201102,601995.SH,20250523,33.2,33.47,32.91,32.96,33.28,-0.32,-0.9615,114769.3,381035.997,0.3926,1.1624,1.16,27.9411,24.4867,1.6881,7.4581,6.8638,0.8192,0.8192,482725.6868,292354.244,98738.676,15910638.6369,9635995.8822,36.61,29.95,1.0243
601995,中金公司,证券,北京,20201102,601995.SH,20250522,33.68,33.74,33.25,33.28,33.8,-0.52,-1.5385,126375.0,422858.157,0.4323,1.2799,1.19,28.2124,24.7245,1.7045,7.5305,6.9304,0.8113,0.8113,482725.6868,292354.244,98738.676,16065110.8567,9729549.2403,37.18,30.42,1.0243
601995,中金公司,证券,北京,20201102,601995.SH,20250521,33.78,33.95,33.78,33.8,33.89,-0.09,-0.2656,75889.0,256932.846,0.2596,0.7686,0.47,28.6532,25.1108,1.7311,7.6481,7.0387,0.7988,0.7988,482725.6868,292354.244,98738.676,16316128.2138,9881573.4472,37.28,30.5,1.0243
601995,中金公司,证券,北京,20201102,601995.SH,20250520,33.76,34.04,33.67,33.89,33.79,0.1,0.2959,91676.0,310360.028,0.3136,0.9285,0.54,28.7295,25.1776,1.7357,7.6685,7.0574,0.7967,0.7967,482725.6868,292354.244,98738.676,16359573.5257,9907885.3292,37.17,30.41,1.0243
601995,中金公司,证券,北京,20201102,601995.SH,20250519,33.78,33.96,33.65,33.79,33.76,0.03,0.0889,84374.0,285180.543,0.2886,0.8545,0.44,28.6447,25.1033,1.7306,7.6459,7.0366,0.7991,0.7991,482725.6868,292354.244,98738.676,16311300.957,9878649.9048,37.14,30.38,1.0243
601995,中金公司,证券,北京,20201102,601995.SH,20250516,34.09,34.14,33.69,33.76,34.15,-0.39,-1.142,114472.12,387416.121,0.3916,1.1593,0.59,28.6193,25.0811,1.7291,7.6391,7.0304,0.7998,0.7998,482725.6868,292354.244,98738.676,16296819.1864,9869879.2774,37.57,30.74,1.0243
601995,中金公司,证券,北京,20201102,601995.SH,20250515,34.6,34.77,34.1,34.15,34.83,-0.68,-1.9523,166581.93,572475.579,0.5698,1.6871,0.86,28.9499,25.3708,1.749,7.7273,7.1116,0.7906,0.7906,482725.6868,292354.244,98738.676,16485082.2042,9983897.4326,38.31,31.35,1.0243
601995,中金公司,证券,北京,20201102,601995.SH,20250514,33.88,35.37,33.65,34.83,33.87,0.96,2.8344,349812.61,1209289.374,1.1965,3.5428,1.98,29.5264,25.876,1.7839,7.8812,7.2532,0.7752,0.7752,482725.6868,292354.244,98738.676,16813335.6712,10182698.3185,37.26,30.48,1.0243
601995,中金公司,证券,北京,20201102,601995.SH,20250513,34.38,34.39,33.83,33.87,34.08,-0.21,-0.6162,135414.85,460825.213,0.4632,1.3714,0.77,28.7126,25.1628,1.7347,7.664,7.0533,0.7972,0.7972,482725.6868,292354.244,98738.676,16349919.0119,9902038.2443,37.49,30.67,1.0243
601995,中金公司,证券,北京,20201102,601995.SH,20250512,33.55,34.17,33.38,34.08,33.32,0.76,2.2809,202622.88,685692.237,0.6931,2.0521,1.3,28.8906,25.3188,1.7454,7.7115,7.097,0.7923,0.7923,482725.6868,292354.244,98738.676,16451291.4061,9963432.6355,36.65,29.99,1.0243
601995,中金公司,证券,北京,20201102,601995.SH,20250509,33.96,33.96,33.31,33.32,33.9,-0.58,-1.7109,121613.0,407287.089,0.416,1.2317,0.81,28.2463,24.7542,1.7065,7.5395,6.9387,0.8103,0.8103,482725.6868,292354.244,98738.676,16084419.8842,9741243.4101,37.29,30.51,1.0243
601995,中金公司,证券,北京,20201102,601995.SH,20250508,33.48,34.04,33.43,33.9,33.67,0.23,0.6831,154356.0,522071.16,0.528,1.5633,1.11,28.738,25.1851,1.7362,7.6708,7.0595,0.7965,0.7965,482725.6868,292354.244,98738.676,16364400.7825,9910808.8716,37.04,30.3,1.0243
601995,中金公司,证券,北京,20201102,601995.SH,20250507,34.3,34.48,33.43,33.67,33.36,0.31,0.9293,268384.78,910101.027,0.918,2.7181,2.47,28.543,25.0142,1.7244,7.6187,7.0116,0.8019,0.8019,482725.6868,292354.244,98738.676,16253373.8746,9843567.3955,36.7,30.02,1.0243
601995,中金公司,证券,北京,20201102,601995.SH,20250506,32.98,33.36,32.95,33.36,32.85,0.51,1.5525,135592.5,450075.497,0.4638,1.3732,1.33,28.2802,24.7839,1.7086,7.5486,6.9471,0.8094,0.8094,482725.6868,292354.244,98738.676,16103728.9116,9752937.5798,36.14,29.57,1.0243
601995,中金公司,证券,北京,20201102,601995.SH,20250430,32.9,33.24,32.85,32.85,32.9,-0.05,-0.152,100651.0,332103.719,0.3443,1.0194,1.0,27.8479,24.405,1.6824,7.4332,6.8409,0.8219,0.8219,482725.6868,292354.244,98738.676,15857538.8114,9603836.9154,36.19,29.61,1.0243
601995,中金公司,证券,北京,20201102,601995.SH,20250429,32.98,33.02,32.77,32.9,32.86,0.04,0.1217,87818.0,288821.793,0.3004,0.8894,0.86,27.8903,24.4421,1.685,7.4445,6.8513,0.8207,0.8207,482725.6868,292354.244,98738.676,15881675.0957,9618454.6276,36.15,29.57,1.0243
601995,中金公司,证券,北京,20201102,601995.SH,20250428,33.3,33.3,32.84,32.86,33.35,-0.49,-1.4693,104459.95,344468.357,0.3573,1.0579,1.03,27.8564,27.8564,1.7158,7.4354,7.4354,0.8217,0.8217,482725.6868,292354.244,98738.676,15862366.0682,9606760.4578,36.69,30.02,1.0243
601995,中金公司,证券,北京,20201102,601995.SH,20250425,33.11,33.67,33.11,33.35,33.1,0.25,0.7553,115851.12,386606.005,0.3963,1.1733,1.14,28.2717,28.2717,1.7414,7.5463,7.5463,0.8096,0.8096,482725.6868,292354.244,98738.676,16098901.6548,9750014.0374,36.41,29.79,1.0243
601995,中金公司,证券,北京,20201102,601995.SH,20250424,33.43,33.53,33.06,33.1,33.47,-0.37,-1.1055,100554.52,334398.65,0.3439,1.0184,0.98,28.0598,28.0598,1.7284,7.4898,7.4898,0.8157,0.8157,482725.6868,292354.244,98738.676,15978220.2331,9676925.4764,36.82,30.12,1.0243
601995,中金公司,证券,北京,20201102,601995.SH,20250423,33.71,33.75,33.41,33.47,33.53,-0.06,-0.1789,95937.45,321670.951,0.3282,0.9716,0.85,28.3735,28.3735,1.7477,7.5735,7.5735,0.8067,0.8067,482725.6868,292354.244,98738.676,16156828.7372,9785096.5467,36.88,30.18,1.0243
601995,中金公司,证券,北京,20201102,601995.SH,20250422,33.65,33.75,33.51,33.53,33.64,-0.11,-0.327,95166.39,319810.562,0.3255,0.9638,0.75,28.4243,28.4243,1.7508,7.5871,7.5871,0.8052,0.8052,482725.6868,292354.244,98738.676,16185792.2784,9802637.8013,37.0,30.28,1.0243
601995,中金公司,证券,北京,20201102,601995.SH,20250421,33.25,33.69,33.25,33.64,33.5,0.14,0.4179,98401.72,330268.894,0.3366,0.9966,0.71,28.5176,28.5176,1.7566,7.6119,7.6119,0.8026,0.8026,482725.6868,292354.244,98738.676,16238892.104,9834796.7682,36.85,30.15,1.0243
601995,中金公司,证券,北京,20201102,601995.SH,20250418,33.36,33.68,33.27,33.5,33.41,0.09,0.2694,119179.35,399085.122,0.4077,1.207,0.74,28.3989,28.3989,1.7492,7.5803,7.5803,0.806,0.806,482725.6868,292354.244,98738.676,16171310.5078,9793867.174,36.75,30.07,1.0243
601995,中金公司,证券,北京,20201102,601995.SH,20250417,33.26,33.64,33.12,33.41,33.53,-0.12,-0.3579,103286.82,344990.897,0.3533,1.0461,0.53,28.3226,28.3226,1.7445,7.5599,7.5599,0.8081,0.8081,482725.6868,292354.244,98738.676,16127865.196,9767555.292,36.88,30.18,1.0243
601995,中金公司,证券,北京,20201102,601995.SH,20250416,33.45,33.55,32.97,33.53,33.55,-0.02,-0.0596,148707.49,494001.222,0.5087,1.5061,0.67,28.4243,28.4243,1.7508,7.5871,7.5871,0.8052,0.8052,482725.6868,292354.244,98738.676,16185792.2784,9802637.8013,36.91,30.2,1.0243
601995,中金公司,证券,北京,20201102,601995.SH,20250415,33.65,34.13,33.4,33.55,33.49,0.06,0.1792,160865.28,541533.198,0.5502,1.6292,0.68,28.4413,28.4413,1.7519,7.5916,7.5916,0.8048,0.8048,482725.6868,292354.244,98738.676,16195446.7921,9808484.8862,36.84,30.14,1.0243
601995,中金公司,证券,北京,20201102,601995.SH,20250414,33.78,33.83,33.42,33.49,33.73,-0.24,-0.7115,162097.6,544269.718,0.5545,1.6417,0.57,28.3904,28.3904,1.7487,7.578,7.578,0.8062,0.8062,482725.6868,292354.244,98738.676,16166483.2509,9790943.6316,37.1,30.36,1.0243
601995,中金公司,证券,北京,20201102,601995.SH,20250411,33.5,34.27,33.25,33.73,33.33,0.4,1.2001,228670.85,768321.488,0.7822,2.3159,0.88,28.5939,28.5939,1.7613,7.6323,7.6323,0.8005,0.8005,482725.6868,292354.244,98738.676,16282337.4158,9861108.6501,36.66,30.0,1.0243
601995,中金公司,证券,北京,20201102,601995.SH,20250410,33.31,33.6,32.7,33.33,32.68,0.65,1.989,276511.29,920221.126,0.9458,2.8004,1.23,28.2548,28.2548,1.7404,7.5418,7.5418,0.8101,0.8101,482725.6868,292354.244,98738.676,16089247.141,9744166.9525,35.95,29.41,1.0243
601995,中金公司,证券,北京,20201102,601995.SH,20250409,31.7,32.77,31.46,32.68,32.03,0.65,2.0293,275019.28,886670.221,0.9407,2.7853,1.38,27.7038,27.7038,1.7064,7.3947,7.3947,0.8262,0.8262,482725.6868,292354.244,98738.676,15775475.4446,9554136.6939,35.23,28.83,1.0243
601995,中金公司,证券,北京,20201102,601995.SH,20250408,32.0,32.11,31.31,32.03,31.61,0.42,1.3287,247764.48,788356.039,0.8475,2.5093,1.33,27.1527,27.1527,1.6725,7.2476,7.2476,0.843,0.843,482725.6868,292354.244,98738.676,15461703.7482,9364106.4353,34.77,28.45,1.0243
601995,中金公司,证券,北京,20201102,601995.SH,20250407,32.96,33.44,31.11,31.61,34.57,-2.96,-8.5623,384123.66,1225787.371,1.3139,3.8903,2.86,26.7967,26.7967,1.6506,7.1526,7.1526,0.8542,0.8542,482725.6868,292354.244,98738.676,15258958.9597,9241317.6528,38.03,31.11,1.0243
601995,中金公司,证券,北京,20201102,601995.SH,20250403,34.54,34.91,34.4,34.57,34.77,-0.2,-0.5752,115288.3,399350.461,0.3943,1.1676,0.79,29.306,29.306,1.8051,7.8224,7.8224,0.781,0.781,482725.6868,292354.244,98738.676,16687826.9927,10106686.2151,38.25,31.29,1.0243
601995,中金公司,证券,北京,20201102,601995.SH,20250402,34.57,35.04,34.56,34.77,34.7,0.07,0.2017,106299.78,370342.638,0.3636,1.0766,0.72,29.4755,29.4755,1.8156,7.8676,7.8676,0.7765,0.7765,482725.6868,292354.244,98738.676,16784372.13,10165157.0639,38.17,31.23,1.0243
601995,中金公司,证券,北京,20201102,601995.SH,20250401,34.55,34.96,34.38,34.7,34.53,0.17,0.4923,139838.43,485364.216,0.4783,1.4162,0.94,29.4162,29.4162,1.8119,7.8518,7.8518,0.7781,0.7781,482725.6868,292354.244,98738.676,16750581.332,10144692.2668,37.98,31.08,1.0243
601995,中金公司,证券,北京,20201102,601995.SH,20250331,34.85,35.4,34.46,34.53,34.84,-0.31,-0.8898,183782.17,640080.783,0.6286,1.8613,1.25,29.2721,29.2721,1.803,7.8133,7.8133,0.7819,0.7819,482725.6868,292354.244,98738.676,16668517.9652,10094992.0453,38.32,31.36,1.0243
601995,中金公司,证券,北京,20201102,601995.SH,20250328,34.71,35.08,34.7,34.84,34.77,0.07,0.2013,126930.05,442557.354,0.4342,1.2855,0.73,27.3194,38.1659,1.8903,7.3154,8.8639,0.775,0.775,482725.6868,292354.244,98738.676,16818162.9281,10185621.861,38.25,31.29,1.0243
601995,中金公司,证券,北京,20201102,601995.SH,20250327,34.5,35.15,34.36,34.77,34.54,0.23,0.6659,173685.26,604996.225,0.5941,1.759,1.01,27.2645,38.0892,1.8865,7.3007,8.846,0.7765,0.7765,482725.6868,292354.244,98738.676,16784372.13,10165157.0639,37.99,31.09,1.0243
601995,中金公司,证券,北京,20201102,601995.SH,20250326,34.49,34.95,34.47,34.54,34.49,0.05,0.145,116921.2,405075.23,0.3999,1.1841,0.61,27.0841,37.8372,1.874,7.2524,8.7875,0.7817,0.7817,482725.6868,292354.244,98738.676,16673345.2221,10097915.5878,37.94,31.04,1.0243
601995,中金公司,证券,北京,20201102,601995.SH,20250325,35.04,35.09,34.42,34.49,35.01,-0.52,-1.4853,143613.43,497620.697,0.4912,1.4545,0.69,27.0449,37.7825,1.8713,7.2419,8.7748,0.7828,0.7828,482725.6868,292354.244,98738.676,16649208.9377,10083297.8756,38.51,31.51,1.0243
601995,中金公司,证券,北京,20201102,601995.SH,20250324,34.96,35.17,34.49,35.01,34.96,0.05,0.143,174347.0,607857.07,0.5964,1.7657,0.72,27.4527,38.3521,1.8995,7.3511,8.9071,0.7712,0.7712,482725.6868,292354.244,98738.676,16900226.2949,10235322.0824,38.46,31.46,1.0243
601995,中金公司,证券,北京,20201102,601995.SH,20250321,35.66,35.98,34.95,34.96,35.77,-0.81,-2.2645,260267.58,921635.307,0.8902,2.6359,0.75,27.4135,38.2973,1.8968,7.3406,8.8944,0.7723,0.7723,482725.6868,292354.244,98738.676,16876090.0105,10220704.3702,39.35,32.19,1.0243
601995,中金公司,证券,北京,20201102,601995.SH,20250320,35.9,36.15,35.7,35.77,35.93,-0.16,-0.4453,166180.7,596876.492,0.5684,1.683,0.42,28.0486,39.1846,1.9407,7.5106,9.1005,0.7548,0.7548,482725.6868,292354.244,98738.676,17267097.8168,10457511.3079,39.52,32.34,1.0243
601995,中金公司,证券,北京,20201102,601995.SH,20250319,36.18,36.49,35.88,35.93,36.21,-0.28,-0.7733,212326.69,768557.655,0.7263,2.1504,0.43,28.1741,39.3599,1.9494,7.5442,9.1412,0.7515,0.7515,482725.6868,292354.244,98738.676,17344333.9267,10504287.9869,39.83,32.59,1.0243
601995,中金公司,证券,北京,20201102,601995.SH,20250318,36.7,36.8,36.08,36.21,36.43,-0.22,-0.6039,225097.0,816232.025,0.7699,2.2797,0.47,28.3936,39.6666,1.9646,7.603,9.2124,0.7457,0.7457,482725.6868,292354.244,98738.676,17479497.119,10586147.1752,40.07,32.79,1.0243
601995,中金公司,证券,北京,20201102,601995.SH,20250317,36.84,36.87,36.29,36.43,37.16,-0.73,-1.9645,349408.33,1274747.439,1.1952,3.5387,0.75,28.5662,39.9076,1.9765,7.6492,9.2684,0.7411,0.7411,482725.6868,292354.244,98738.676,17585696.7701,10650465.1089,40.88,33.44,1.0243
601995,中金公司,证券,北京,20201102,601995.SH,20250314,36.2,38.48,36.05,37.16,36.08,1.08,2.9933,781700.2,2914832.089,2.6738,7.9169,2.17,29.1386,40.7073,2.0161,7.8025,9.4541,0.7266,0.7266,482725.6868,292354.244,98738.676,17938086.5215,10863883.707,39.69,32.47,1.0243
601995,中金公司,证券,北京,20201102,601995.SH,20250313,36.12,37.22,35.88,36.08,36.42,-0.34,-0.9336,430487.23,1571812.744,1.4725,4.3599,1.18,28.2917,39.5242,1.9575,7.5757,9.1793,0.7483,0.7483,482725.6868,292354.244,98738.676,17416742.7797,10548141.1235,40.06,32.78,1.0243
601995,中金公司,证券,北京,20201102,601995.SH,20250312,35.44,38.12,35.23,36.42,35.37,1.05,2.9686,664550.26,2428135.858,2.2731,6.7304,1.98,28.5583,39.8967,1.976,7.6471,9.2658,0.7414,0.7414,482725.6868,292354.244,98738.676,17580869.5133,10647541.5665,38.91,31.83,1.0243
601995,中金公司,证券,北京,20201102,601995.SH,20250311,34.98,35.44,34.92,35.37,35.46,-0.09,-0.2538,185908.64,654207.666,0.6359,1.8828,0.53,27.735,38.7465,1.919,7.4266,8.9987,0.7634,0.7634,482725.6868,292354.244,98738.676,17074007.5421,10340569.6103,39.01,31.91,1.0243
601995,中金公司,证券,北京,20201102,601995.SH,20250310,35.07,35.89,34.91,35.46,35.24,0.22,0.6243,259855.98,920422.258,0.8888,2.6318,0.68,27.8055,38.845,1.9239,7.4455,9.0216,0.7614,0.7614,482725.6868,292354.244,98738.676,17117452.8539,10366881.4922,38.76,31.72,1.0243
601995,中金公司,证券,北京,20201102,601995.SH,20250307,35.5,35.65,35.07,35.24,35.81,-0.57,-1.5917,261027.02,921266.87,0.8928,2.6436,0.54,27.633,38.604,1.912,7.3993,8.9656,0.7662,0.7662,482725.6868,292354.244,98738.676,17011253.2028,10302563.5586,39.39,32.23,1.0243
601995,中金公司,证券,北京,20201102,601995.SH,20250306,35.21,36.2,35.11,35.81,35.25,0.56,1.5887,451276.46,1610296.601,1.5436,4.5704,0.65,28.08,39.2285,1.9429,7.519,9.1106,0.754,0.754,482725.6868,292354.244,98738.676,17286406.8443,10469205.4776,38.78,31.73,1.0243
601995,中金公司,证券,北京,20201102,601995.SH,20250305,34.34,36.24,34.0,35.25,34.35,0.9,2.6201,518289.67,1824156.736,1.7728,5.2491,0.72,27.6409,38.615,1.9125,7.4014,8.9682,0.766,0.766,482725.6868,292354.244,98738.676,17016080.4597,10305487.101,37.79,30.92,1.0243
601995,中金公司,证券,北京,20201102,601995.SH,20250304,34.32,34.8,34.22,34.35,34.57,-0.22,-0.6364,272489.43,937957.451,0.9321,2.7597,0.39,26.9351,37.6291,1.8637,7.2125,8.7392,0.786,0.786,482725.6868,292354.244,98738.676,16581627.3416,10042368.2814,38.03,31.11,1.0243
601995,中金公司,证券,北京,20201102,601995.SH,20250303,35.01,35.63,34.45,34.57,35.27,-0.7,-1.9847,403471.98,1407778.653,1.3801,4.0863,0.62,27.1077,37.8701,1.8756,7.2587,8.7952,0.781,0.781,482725.6868,292354.244,98738.676,16687826.9927,10106686.2151,38.8,31.74,1.0243
601995,中金公司,证券,北京,20201102,601995.SH,20250228,37.18,37.68,34.98,35.27,38.87,-3.6,-9.2616,764456.18,2775241.671,2.6148,7.7422,1.37,27.6566,38.6369,1.9136,7.4056,8.9733,0.7655,0.7655,482725.6868,292354.244,98738.676,17025734.9734,10311334.1859,42.76,34.98,1.0243
601995,中金公司,证券,北京,20201102,601995.SH,20250227,35.3,40.0,35.0,38.87,36.43,2.44,6.6978,1496595.36,5581344.512,5.1191,15.1571,4.84,30.4794,42.5806,2.1089,8.1615,9.8891,0.6946,0.6946,482725.6868,292354.244,98738.676,18763547.4459,11363809.4643,40.07,32.79,1.0243
601995,中金公司,证券,北京,20201102,601995.SH,20250226,33.17,36.43,33.0,36.43,33.12,3.31,9.994,644423.32,2266928.695,2.2043,6.5266,2.78,28.5662,39.9076,1.9765,7.6492,9.2684,0.7411,0.7411,482725.6868,292354.244,98738.676,17585696.7701,10650465.1089,36.43,29.81,1.0243
601995,中金公司,证券,北京,20201102,601995.SH,20250225,33.38,33.48,33.0,33.12,33.68,-0.56,-1.6627,150340.0,499755.055,0.5142,1.5226,0.63,25.9707,36.2817,1.7969,6.9542,8.4263,0.8152,0.8152,482725.6868,292354.244,98738.676,15987874.7468,9682772.5613,37.05,30.31,1.0243
601995,中金公司,证券,北京,20201102,601995.SH,20250224,34.2,34.2,33.53,33.68,34.18,-0.5,-1.4628,184610.43,624537.799,0.6315,1.8697,0.7,26.4098,36.8951,1.8273,7.0718,8.5687,0.8017,0.8017,482725.6868,292354.244,98738.676,16258201.1314,9846490.9379,37.6,30.76,1.0243
601995,中金公司,证券,北京,20201102,601995.SH,20250221,33.78,34.23,33.3,34.18,33.97,0.21,0.6182,306569.81,1038306.062,1.0486,3.1049,1.3,26.8018,37.4429,1.8545,7.1768,8.6959,0.7899,0.7899,482725.6868,292354.244,98738.676,16499563.9748,9992668.0599,37.37,30.57,1.0243
601995,中金公司,证券,北京,20201102,601995.SH,20250220,33.48,34.33,33.33,33.97,33.69,0.28,0.8311,259590.67,881833.707,0.8879,2.6291,1.05,26.6372,37.2128,1.8431,7.1327,8.6425,0.7948,0.7948,482725.6868,292354.244,98738.676,16398191.5806,9931273.6687,37.06,30.32,1.0243
601995,中金公司,证券,北京,20201102,601995.SH,20250219,32.28,33.97,32.28,33.69,32.57,1.12,3.4387,256473.52,855514.404,0.8773,2.5975,1.14,26.4176,36.9061,1.8279,7.0739,8.5713,0.8014,0.8014,482725.6868,292354.244,98738.676,16263028.3883,9849414.4804,35.83,29.31,1.0243
601995,中金公司,证券,北京,20201102,601995.SH,20250218,33.18,33.51,32.42,32.57,33.46,-0.89,-2.6599,180863.89,597086.865,0.6186,1.8317,0.86,25.5394,35.6792,1.7671,6.8387,8.2863,0.829,0.829,482725.6868,292354.244,98738.676,15722375.6191,9521977.7271,36.81,30.11,1.0243
601995,中金公司,证券,北京,20201102,601995.SH,20250217,34.3,34.3,33.23,33.46,33.1,0.36,1.0876,317823.55,1074928.453,1.0871,3.2188,1.85,26.2373,36.6541,1.8154,7.0256,8.5128,0.8069,0.8069,482725.6868,292354.244,98738.676,16152001.4803,9782173.0042,36.41,29.79,1.0243
601995,中金公司,证券,北京,20201102,601995.SH,20250214,32.86,33.24,32.71,33.1,33.09,0.01,0.0302,162257.0,535006.281,0.555,1.6433,0.9,25.955,36.2598,1.7959,6.95,8.4212,0.8157,0.8157,482725.6868,292354.244,98738.676,15978220.2331,9676925.4764,36.4,29.78,1.0243
601995,中金公司,证券,北京,20201102,601995.SH,20250213,32.6,33.71,32.44,33.09,32.7,0.39,1.1927,323559.45,1074491.102,1.1067,3.2769,2.26,25.9471,36.2488,1.7953,6.9479,8.4186,0.816,0.816,482725.6868,292354.244,98738.676,15973392.9762,9674001.934,35.97,29.43,1.0243
601995,中金公司,证券,北京,20201102,601995.SH,20250212,32.11,32.71,32.01,32.7,32.15,0.55,1.7107,140975.17,455319.18,0.4822,1.4278,1.06,25.6413,35.8216,1.7742,6.866,8.3194,0.8257,0.8257,482725.6868,292354.244,98738.676,15785129.9584,9559983.7788,35.37,28.94,1.0243
601995,中金公司,证券,北京,20201102,601995.SH,20250211,32.33,32.42,31.92,32.15,32.42,-0.27,-0.8328,110039.37,353392.8,0.3764,1.1145,0.82,25.21,35.2191,1.7443,6.7505,8.1795,0.8398,0.8398,482725.6868,292354.244,98738.676,15519630.8306,9399188.9446,35.66,29.18,1.0243
601995,中金公司,证券,北京,20201102,601995.SH,20250210,32.37,32.56,32.28,32.42,32.36,0.06,0.1854,122523.79,397143.112,0.4191,1.2409,0.94,25.4218,35.5148,1.759,6.8072,8.2482,0.8328,0.8328,482725.6868,292354.244,98738.676,15649966.7661,9478124.5905,35.6,29.12,1.0243
601995,中金公司,证券,北京,20201102,601995.SH,20250207,31.8,32.85,31.7,32.36,31.83,0.53,1.6651,208732.24,674321.749,0.714,2.114,1.73,25.3747,35.4491,1.7557,6.7946,8.2329,0.8344,0.8344,482725.6868,292354.244,98738.676,15621003.2248,9460583.3358,35.01,28.65,1.0243
601995,中金公司,证券,北京,20201102,601995.SH,20250206,31.32,31.85,31.18,31.83,31.43,0.4,1.2727,133868.45,422760.584,0.4579,1.3558,1.24,24.9591,34.8685,1.727,6.6834,8.0981,0.8483,0.8483,482725.6868,292354.244,98738.676,15365158.6108,9305635.5865,34.57,28.29,1.0243
601995,中金公司,证券,北京,20201102,601995.SH,20250205,31.41,31.66,31.25,31.43,31.18,0.25,0.8018,87573.75,275252.277,0.2995,0.8869,0.83,24.6455,34.4303,1.7052,6.5994,7.9963,0.8591,0.8591,482725.6868,292354.244,98738.676,15172068.3361,9188693.8889,34.3,28.06,1.0243
601995,中金公司,证券,北京,20201102,601995.SH,20250127,31.8,31.91,31.15,31.18,31.81,-0.63,-1.9805,114374.6,360741.392,0.3912,1.1584,1.09,24.4494,34.1565,1.6917,6.5469,7.9327,0.8659,0.8659,482725.6868,292354.244,98738.676,15051386.9144,9115605.3279,34.99,28.63,1.0243
601995,中金公司,证券,北京,20201102,601995.SH,20250124,31.51,31.88,31.45,31.81,31.6,0.21,0.6646,104435.6,331437.745,0.3572,1.0577,1.06,24.9434,34.8466,1.7259,6.6792,8.093,0.8488,0.8488,482725.6868,292354.244,98738.676,15355504.0971,9299788.5016,34.76,28.44,1.0243
601995,中金公司,证券,北京,20201102,601995.SH,20250123,31.99,32.54,31.6,31.6,31.5,0.1,0.3175,162937.35,522494.321,0.5573,1.6502,1.86,24.7788,34.6166,1.7145,6.6351,8.0395,0.8544,0.8544,482725.6868,292354.244,98738.676,15254131.7029,9238394.1104,34.65,28.35,1.0243
601995,中金公司,证券,北京,20201102,601995.SH,20250122,31.67,31.78,31.33,31.5,31.72,-0.22,-0.6936,72121.13,227154.934,0.2467,0.7304,0.76,24.7004,34.507,1.709,6.6141,8.0141,0.8571,0.8571,482725.6868,292354.244,98738.676,15205859.1342,9209158.686,34.89,28.55,1.0243
601995,中金公司,证券,北京,20201102,601995.SH,20250121,31.8,31.94,31.54,31.72,31.66,0.06,0.1895,73623.69,233634.693,0.2518,0.7456,0.62,24.8729,34.748,1.721,6.6603,8.0701,0.8512,0.8512,482725.6868,292354.244,98738.676,15312058.7853,9273476.6197,34.83,28.49,1.0243
601995,中金公司,证券,北京,20201102,601995.SH,20250120,31.84,31.86,31.54,31.66,31.47,0.19,0.6037,111165.43,352703.613,0.3802,1.1259,0.96,24.8258,34.6823,1.7177,6.6477,8.0548,0.8528,0.8528,482725.6868,292354.244,98738.676,15283095.2441,9255935.365,34.62,28.32,1.0243
601995,中金公司,证券,北京,20201102,601995.SH,20250117,31.2,31.65,31.17,31.47,31.35,0.12,0.3828,74708.69,235097.555,0.2555,0.7566,0.64,24.6768,34.4742,1.7074,6.6078,8.0065,0.858,0.858,482725.6868,292354.244,98738.676,15191377.3636,9200388.0587,34.49,28.22,1.0243
601995,中金公司,证券,北京,20201102,601995.SH,20250116,31.49,31.93,31.17,31.35,31.39,-0.04,-0.1274,105604.37,332817.829,0.3612,1.0695,0.93,24.5827,34.3427,1.7009,6.5826,7.9759,0.8612,0.8612,482725.6868,292354.244,98738.676,15133450.2812,9165305.5494,34.53,28.25,1.0243
601995,中金公司,证券,北京,20201102,601995.SH,20250115,31.53,31.7,31.3,31.39,31.8,-0.41,-1.2893,111833.99,352370.203,0.3825,1.1326,0.96,24.6141,34.3865,1.7031,6.591,7.9861,0.8601,0.8601,482725.6868,292354.244,98738.676,15152759.3087,9176999.7192,34.98,28.62,1.0243
601995,中金公司,证券,北京,20201102,601995.SH,20250114,30.7,31.86,30.48,31.8,30.65,1.15,3.752,191787.84,600810.899,0.656,1.9424,1.96,24.9356,34.8357,1.7253,6.6771,8.0904,0.8491,0.8491,482725.6868,292354.244,98738.676,15350676.8402,9296864.9592,33.72,27.59,1.0243
601995,中金公司,证券,北京,20201102,601995.SH,20250113,30.35,30.78,30.31,30.65,30.64,0.01,0.0326,94354.34,288662.71,0.3227,0.9556,0.91,24.0338,33.5759,1.6629,6.4356,7.7978,0.8809,0.8809,482725.6868,292354.244,98738.676,14795542.3004,8960657.5786,33.7,27.58,1.0243
601995,中金公司,证券,北京,20201102,601995.SH,20250110,31.04,31.24,30.64,30.64,31.04,-0.4,-1.2887,84077.61,260277.819,0.2876,0.8515,0.69,24.026,33.5649,1.6624,6.4335,7.7953,0.8812,0.8812,482725.6868,292354.244,98738.676,14790715.0436,8957734.0362,34.14,27.94,1.0243
601995,中金公司,证券,北京,20201102,601995.SH,20250109,31.22,31.36,31.04,31.04,31.22,-0.18,-0.5766,86174.86,268861.544,0.2948,0.8728,0.58,24.3396,34.0031,1.6841,6.5175,7.8971,0.8698,0.8698,482725.6868,292354.244,98738.676,14983805.3183,9074675.7338,34.34,28.1,1.0243
601995,中金公司,证券,北京,20201102,601995.SH,20250108,31.58,31.58,30.72,31.22,31.55,-0.33,-1.046,123666.88,384734.613,0.423,1.2525,0.75,24.4808,34.2003,1.6939,6.5553,7.9429,0.8648,0.8648,482725.6868,292354.244,98738.676,15070695.9419,9127299.4977,34.71,28.4,1.0243
601995,中金公司,证券,北京,20201102,601995.SH,20250107,31.4,31.6,31.18,31.55,31.41,0.14,0.4457,100196.97,314748.193,0.3427,1.0148,0.6,24.7396,34.5618,1.7118,6.6246,8.0268,0.8558,0.8558,482725.6868,292354.244,98738.676,15229995.4185,9223776.3982,34.55,28.27,1.0243
601995,中金公司,证券,北京,20201102,601995.SH,20250106,31.3,31.57,30.95,31.41,31.43,-0.02,-0.0636,126276.68,395082.542,0.4319,1.2789,0.72,24.6298,34.4084,1.7042,6.5952,7.9912,0.8596,0.8596,482725.6868,292354.244,98738.676,15162413.8224,9182846.804,34.57,28.29,1.0243
601995,中金公司,证券,北京,20201102,601995.SH,20250103,32.45,32.59,31.35,31.43,32.47,-1.04,-3.203,173097.45,551754.965,0.5921,1.7531,1.06,24.6455,34.4303,1.7052,6.5994,7.9963,0.8591,0.8591,482725.6868,292354.244,98738.676,15172068.3361,9188693.8889,35.72,29.22,1.0243
601995,中金公司,证券,北京,20201102,601995.SH,20250102,33.53,33.59,32.08,32.47,33.69,-1.22,-3.6213,216450.42,709753.151,0.7404,2.1922,1.49,25.461,35.5696,1.7617,6.8177,8.2609,0.8315,0.8315,482725.6868,292354.244,98738.676,15674103.0504,9492742.3027,37.06,30.32,1.0243
601995,中金公司,证券,北京,20201102,601995.SH,20241231,35.27,35.3,33.69,33.69,35.26,-1.57,-4.4526,204179.0,703440.988,0.6984,2.0679,1.56,26.4176,36.9061,1.8279,7.0739,8.5713,0.5343,0.8014,482725.6868,292354.244,98738.676,16263028.3883,9849414.4804,38.79,31.73,1.0243
601995,中金公司,证券,北京,20201102,601995.SH,20241230,35.11,35.36,35.02,35.26,35.17,0.09,0.2559,118851.38,418246.97,0.4065,1.2037,0.9,27.6487,38.626,1.913,7.4035,8.9707,0.5105,0.7657,482725.6868,292354.244,98738.676,17020907.7166,10308410.6434,38.69,31.65,1.0243
601995,中金公司,证券,北京,20201102,601995.SH,20241227,35.25,35.76,35.11,35.17,35.18,-0.01,-0.0284,164959.0,583124.991,0.5642,1.6707,1.34,27.5781,38.5274,1.9082,7.3847,8.9478,0.5118,0.7677,482725.6868,292354.244,98738.676,16977462.4048,10282098.7615,38.7,31.66,1.0243
601995,中金公司,证券,北京,20201102,601995.SH,20241226,35.2,35.42,34.97,35.27,35.3,-0.03,-0.085,111293.0,391718.439,0.3807,1.1271,0.87,27.6566,38.6369,1.9043,7.4056,8.9733,0.5103,0.5103,482725.6868,292354.244,98738.676,17025734.9734,10311334.1859,38.83,31.77,1.0217
601995,中金公司,证券,北京,20201102,601995.SH,20241225,35.35,35.7,35.03,35.3,35.36,-0.06,-0.1697,126565.26,447335.802,0.4329,1.2818,1.02,27.6801,38.6698,1.9059,7.4119,8.9809,0.5099,0.5099,482725.6868,292354.244,98738.676,17040216.744,10320104.8132,38.9,31.82,1.0217
601995,中金公司,证券,北京,20201102,601995.SH,20241224,34.98,35.55,34.89,35.36,34.91,0.45,1.289,130857.35,461014.169,0.4476,1.3253,1.06,27.7271,38.7355,1.9092,7.4245,8.9961,0.509,0.509,482725.6868,292354.244,98738.676,17069180.2852,10337646.0678,38.4,31.42,1.0217
601995,中金公司,证券,北京,20201102,601995.SH,20241223,35.25,35.74,34.82,34.91,35.48,-0.57,-1.6065,123880.15,436495.353,0.4237,1.2546,0.95,27.3743,38.2425,1.8849,7.3301,8.8817,0.5156,0.5156,482725.6868,292354.244,98738.676,16851953.7262,10206086.658,39.03,31.93,1.0217
601995,中金公司,证券,北京,20201102,601995.SH,20241220,35.11,35.66,35.11,35.48,35.13,0.35,0.9963,124242.49,440277.162,0.425,1.2583,0.7,27.8212,38.867,1.9156,7.4497,9.0267,0.5073,0.5073,482725.6868,292354.244,98738.676,17127107.3677,10372728.5771,38.64,31.62,1.0217
601995,中金公司,证券,北京,20201102,601995.SH,20241219,35.18,35.3,34.88,35.13,35.41,-0.28,-0.7907,133244.51,467853.445,0.4558,1.3495,0.66,27.5468,38.4835,1.8967,7.3763,8.9376,0.5124,0.5124,482725.6868,292354.244,98738.676,16958153.3773,10270404.5917,38.95,31.87,1.0217
601995,中金公司,证券,北京,20201102,601995.SH,20241218,35.68,35.75,35.36,35.41,35.53,-0.12,-0.3377,108670.03,386005.314,0.3717,1.1006,0.5,27.7663,38.7903,1.9119,7.435,9.0089,0.5083,0.5083,482725.6868,292354.244,98738.676,17093316.5696,10352263.78,39.08,31.98,1.0217
601995,中金公司,证券,北京,20201102,601995.SH,20241217,35.57,35.96,35.45,35.53,35.66,-0.13,-0.3646,129667.64,462772.625,0.4435,1.3132,0.49,27.8604,38.9217,1.9183,7.4602,9.0394,0.5066,0.5066,482725.6868,292354.244,98738.676,17151243.652,10387346.2893,39.23,32.09,1.0217
601995,中金公司,证券,北京,20201102,601995.SH,20241216,36.1,36.3,35.55,35.66,36.01,-0.35,-0.972,154211.25,552431.843,0.5275,1.5618,0.56,27.9624,39.0641,1.9253,7.4875,9.0725,0.5048,0.5048,482725.6868,292354.244,98738.676,17213997.9913,10425352.341,39.61,32.41,1.0217
601995,中金公司,证券,北京,20201102,601995.SH,20241213,36.61,36.68,36.01,36.01,36.92,-0.91,-2.4648,367995.36,1337412.776,1.2587,3.727,1.41,28.2368,39.4476,1.9442,7.561,9.1615,0.4999,0.4999,482725.6868,292354.244,98738.676,17382951.9817,10527676.3264,40.61,33.23,1.0217
601995,中金公司,证券,北京,20201102,601995.SH,20241212,36.76,37.37,36.32,36.92,36.69,0.23,0.6269,246280.37,905576.842,0.8424,2.4943,1.03,28.9504,40.4444,1.9934,7.7521,9.393,0.4875,0.4875,482725.6868,292354.244,98738.676,17822232.3567,10793718.6885,40.36,33.02,1.0217
601995,中金公司,证券,北京,20201102,601995.SH,20241211,37.1,37.3,36.61,36.69,37.01,-0.32,-0.8646,182042.07,670878.958,0.6227,1.8437,0.77,28.77,40.1925,1.981,7.7038,9.3345,0.4906,0.4906,482725.6868,292354.244,98738.676,17711205.4487,10726477.2124,40.71,33.31,1.0217
601995,中金公司,证券,北京,20201102,601995.SH,20241210,38.79,38.8,36.98,37.01,37.0,0.01,0.027,367711.81,1386776.184,1.2578,3.7241,1.88,29.021,40.543,1.9982,7.771,9.4159,0.4864,0.4864,482725.6868,292354.244,98738.676,17865677.6685,10820030.5704,40.7,33.3,1.0217
601995,中金公司,证券,北京,20201102,601995.SH,20241209,36.9,37.39,36.66,37.0,37.19,-0.19,-0.5109,204119.48,755520.559,0.6982,2.0673,0.96,29.0131,40.5321,1.9977,7.7689,9.4134,0.4865,0.4865,482725.6868,292354.244,98738.676,17860850.4116,10817107.028,40.91,33.47,1.0217
601995,中金公司,证券,北京,20201102,601995.SH,20241206,36.29,37.45,36.2,37.19,36.22,0.97,2.6781,309279.25,1143065.431,1.0579,3.1323,1.48,29.1621,40.7402,2.008,7.8088,9.4617,0.484,0.484,482725.6868,292354.244,98738.676,17952568.2921,10872654.3344,39.84,32.6,1.0217
601995,中金公司,证券,北京,20201102,601995.SH,20241205,35.8,36.54,35.71,36.22,35.98,0.24,0.667,138150.72,500375.818,0.4725,1.3992,0.64,28.4015,39.6776,1.9556,7.6051,9.2149,0.497,0.497,482725.6868,292354.244,98738.676,17484324.3759,10589070.7177,39.58,32.38,1.0217
601995,中金公司,证券,北京,20201102,601995.SH,20241204,36.32,36.48,35.74,35.98,36.3,-0.32,-0.8815,157927.41,571358.673,0.5402,1.5994,0.71,28.2133,39.4147,1.9426,7.5547,9.1539,0.5003,0.5003,482725.6868,292354.244,98738.676,17368470.2111,10518905.6991,39.93,32.67,1.0217
601995,中金公司,证券,北京,20201102,601995.SH,20241203,36.55,36.57,36.0,36.3,36.5,-0.2,-0.5479,170535.18,618117.508,0.5833,1.7271,0.77,28.4642,39.7652,1.9599,7.6219,9.2353,0.4959,0.4959,482725.6868,292354.244,98738.676,17522942.4308,10612459.0572,40.15,32.85,1.0217
601995,中金公司,证券,北京,20201102,601995.SH,20241202,35.44,36.65,35.35,36.5,35.56,0.94,2.6434,291162.66,1055326.146,0.9959,2.9488,1.4,28.621,39.9843,1.9707,7.6639,9.2862,0.4932,0.4932,482725.6868,292354.244,98738.676,17619487.5682,10670929.906,39.12,32.0,1.0217
601995,中金公司,证券,北京,20201102,601995.SH,20241129,34.82,36.4,34.67,35.56,34.95,0.61,1.7454,286508.97,1017760.986,0.98,2.9017,1.36,27.884,38.9546,1.9199,7.4665,9.047,0.5062,0.5062,482725.6868,292354.244,98738.676,17165725.4226,10396116.9166,38.45,31.46,1.0217
601995,中金公司,证券,北京,20201102,601995.SH,20241128,35.12,35.3,34.82,34.95,35.02,-0.07,-0.1999,175879.0,616000.83,0.6016,1.7813,0.79,27.4056,38.2864,1.887,7.3385,8.8918,0.515,0.515,482725.6868,292354.244,98738.676,16871262.7537,10217780.8278,38.52,31.52,1.0217
601995,中金公司,证券,北京,20201102,601995.SH,20241127,34.5,35.03,34.14,35.02,34.49,0.53,1.5367,186622.65,646685.963,0.6383,1.8901,0.78,27.4605,38.363,1.8908,7.3532,8.9096,0.514,0.514,482725.6868,292354.244,98738.676,16905053.5517,10238245.6249,37.94,31.04,1.0217
601995,中金公司,证券,北京,20201102,601995.SH,20241126,34.45,35.2,34.4,34.49,34.64,-0.15,-0.433,166804.04,579351.092,0.5706,1.6893,0.63,27.0449,37.7825,1.8622,7.2419,8.7748,0.5219,0.5219,482725.6868,292354.244,98738.676,16649208.9377,10083297.8756,38.1,31.18,1.0217
601995,中金公司,证券,北京,20201102,601995.SH,20241125,34.88,34.92,34.0,34.64,34.68,-0.04,-0.1153,225413.97,777768.707,0.771,2.2829,0.77,27.1625,37.9468,1.8703,7.2734,8.813,0.5196,0.5196,482725.6868,292354.244,98738.676,16721617.7908,10127151.0122,38.15,31.21,1.0217
601995,中金公司,证券,北京,20201102,601995.SH,20241122,36.2,36.61,34.6,34.68,36.41,-1.73,-4.7514,298989.67,1063150.05,1.0227,3.0281,0.86,27.1939,37.9906,1.8724,7.2818,8.8231,0.519,0.519,482725.6868,292354.244,98738.676,16740926.8182,10138845.1819,40.05,32.77,1.0217
601995,中金公司,证券,北京,20201102,601995.SH,20241121,36.09,36.72,35.92,36.41,36.13,0.28,0.775,237531.56,862057.278,0.8125,2.4057,0.51,28.5505,39.8857,1.9658,7.645,9.2633,0.4944,0.4944,482725.6868,292354.244,98738.676,17576042.2564,10644618.024,39.74,32.52,1.0217
601995,中金公司,证券,北京,20201102,601995.SH,20241120,35.91,36.5,35.85,36.13,36.18,-0.05,-0.1382,263255.13,951946.159,0.9005,2.6662,0.46,28.3309,39.579,1.9507,7.5862,9.192,0.4982,0.4982,482725.6868,292354.244,98738.676,17440879.0641,10562758.8357,39.8,32.56,1.0217
601995,中金公司,证券,北京,20201102,601995.SH,20241119,36.09,36.63,35.47,36.18,36.05,0.13,0.3606,292400.19,1052938.244,1.0002,2.9614,0.49,28.3701,39.6338,1.9534,7.5967,9.2048,0.4975,0.4975,482725.6868,292354.244,98738.676,17465015.3484,10577376.5479,39.66,32.45,1.0217
601995,中金公司,证券,北京,20201102,601995.SH,20241118,37.18,37.39,35.85,36.05,37.33,-1.28,-3.4289,373480.58,1360080.883,1.2775,3.7825,0.62,28.2682,39.4914,1.9464,7.5694,9.1717,0.4993,0.4993,482725.6868,292354.244,98738.676,17402261.0091,10539370.4962,41.06,33.6,1.0217
601995,中金公司,证券,北京,20201102,601995.SH,20241115,39.01,40.17,37.2,37.33,39.09,-1.76,-4.5024,562181.59,2156039.836,1.9229,5.6936,0.93,29.2719,40.8936,2.0155,7.8382,9.4973,0.4822,0.4822,482725.6868,292354.244,98738.676,18020149.8882,10913583.9285,43.0,35.18,1.0217
601995,中金公司,证券,北京,20201102,601995.SH,20241114,38.88,41.15,38.7,39.09,39.46,-0.37,-0.9377,843007.79,3373815.014,2.8835,8.5378,1.43,30.652,42.8216,2.1105,8.2077,9.9451,0.4605,0.4605,482725.6868,292354.244,98738.676,18869747.097,11428127.398,43.41,35.51,1.0217
601995,中金公司,证券,北京,20201102,601995.SH,20241113,37.33,40.86,37.09,39.46,37.48,1.98,5.2828,806342.27,3145414.988,2.7581,8.1664,1.45,30.9421,43.2269,2.1305,8.2854,10.0393,0.4562,0.4562,482725.6868,292354.244,98738.676,19048355.6011,11536298.4682,41.23,33.73,1.0217
601995,中金公司,证券,北京,20201102,601995.SH,20241112,38.31,38.82,37.09,37.48,38.3,-0.82,-2.141,415171.12,1575959.164,1.4201,4.2047,0.71,29.3895,41.0579,2.0236,7.8697,9.5355,0.4803,0.4803,482725.6868,292354.244,98738.676,18092558.7413,10957437.0651,42.13,34.47,1.0217
601995,中金公司,证券,北京,20201102,601995.SH,20241111,37.6,38.42,37.5,38.3,38.11,0.19,0.4986,361215.21,1374146.959,1.2355,3.6583,0.64,30.0325,41.9562,2.0679,8.0419,9.7441,0.47,0.47,482725.6868,292354.244,98738.676,18488393.8044,11197167.5452,41.92,34.3,1.0217
601995,中金公司,证券,北京,20201102,601995.SH,20241108,40.0,40.0,38.01,38.11,39.29,-1.18,-3.0033,608111.65,2352408.717,2.0801,6.1588,1.2,29.8835,41.748,2.0576,8.002,9.6958,0.4723,0.4723,482725.6868,292354.244,98738.676,18396675.9239,11141620.2388,43.22,35.36,1.0217
601995,中金公司,证券,北京,20201102,601995.SH,20241107,36.79,39.88,36.68,39.29,37.18,2.11,5.6751,763394.52,2925440.826,2.6112,7.7315,1.75,30.8088,43.0407,2.1213,8.2497,9.996,0.4581,0.4581,482725.6868,292354.244,98738.676,18966292.2344,11486598.2468,40.9,33.46,1.0217
601995,中金公司,证券,北京,20201102,601995.SH,20241106,37.02,38.66,36.7,37.18,36.97,0.21,0.568,635456.33,2388281.049,2.1736,6.4357,1.77,29.1543,40.7292,2.0074,7.8067,9.4592,0.4841,0.4841,482725.6868,292354.244,98738.676,17947741.0352,10869730.7919,40.67,33.27,1.0217
601995,中金公司,证券,北京,20201102,601995.SH,20241105,35.75,37.25,35.36,36.97,35.77,1.2,3.3548,542076.56,1987926.468,1.8542,5.49,1.72,28.9896,40.4992,1.9961,7.7626,9.4058,0.4869,0.4869,482725.6868,292354.244,98738.676,17846368.641,10808336.4007,39.35,32.19,1.0217
601995,中金公司,证券,北京,20201102,601995.SH,20241104,35.17,35.78,35.02,35.77,34.89,0.88,2.5222,289453.06,1024814.363,0.9901,2.9315,0.89,28.0486,39.1846,1.9313,7.5106,9.1005,0.5032,0.5032,482725.6868,292354.244,98738.676,17267097.8168,10457511.3079,38.38,31.4,1.0217
601995,中金公司,证券,北京,20201102,601995.SH,20241101,35.28,35.77,34.85,34.89,35.42,-0.53,-1.4963,304242.87,1071874.942,1.0407,3.0813,0.96,27.3586,38.2206,1.8838,7.3259,8.8766,0.5159,0.5159,482725.6868,292354.244,98738.676,16842299.2125,10200239.5732,38.96,31.88,1.0217
601995,中金公司,证券,北京,20201102,601995.SH,20241031,34.97,36.27,34.83,35.42,35.38,0.04,0.1131,411138.82,1464584.705,1.4063,4.1639,1.46,27.7742,38.8012,1.9124,7.4371,9.0114,0.5082,0.5082,482725.6868,292354.244,98738.676,17098143.8265,10355187.3225,38.92,31.84,1.0217
601995,中金公司,证券,北京,20201102,601995.SH,20241030,35.75,36.01,35.06,35.38,35.8,-0.42,-1.1732,250495.71,889491.022,0.8568,2.537,0.78,27.7428,35.4072,1.9328,7.4287,8.7674,0.5088,0.5088,482725.6868,292354.244,98738.676,17078834.799,10343493.1527,39.38,32.22,1.0217
601995,中金公司,证券,北京,20201102,601995.SH,20241029,36.6,37.03,35.78,35.8,36.59,-0.79,-2.1591,324025.47,1179244.912,1.1083,3.2816,0.91,28.0721,35.8276,1.9558,7.5169,8.8715,0.5028,0.5028,482725.6868,292354.244,98738.676,17281579.5874,10466281.9352,40.25,32.93,1.0217
601995,中金公司,证券,北京,20201102,601995.SH,20241028,36.25,37.23,36.1,36.59,36.25,0.34,0.9379,334600.67,1226490.004,1.1445,3.3887,0.85,28.6916,36.6182,1.9989,7.6828,9.0673,0.4919,0.4919,482725.6868,292354.244,98738.676,17662932.88,10697241.788,39.88,32.63,1.0217
601995,中金公司,证券,北京,20201102,601995.SH,20241025,36.05,36.67,35.88,36.25,36.0,0.25,0.6944,262070.77,949315.683,0.8964,2.6542,0.53,28.425,36.2779,1.9803,7.6114,8.983,0.4966,0.4966,482725.6868,292354.244,98738.676,17498806.1465,10597841.345,39.6,32.4,1.0217
601995,中金公司,证券,北京,20201102,601995.SH,20241024,35.91,36.25,35.69,36.0,36.28,-0.28,-0.7718,234710.7,843723.66,0.8028,2.3771,0.45,28.229,36.0277,1.9667,7.5589,8.9211,0.5,0.5,482725.6868,292354.244,98738.676,17378124.7248,10524752.784,39.91,32.65,1.0217
601995,中金公司,证券,北京,20201102,601995.SH,20241023,36.8,37.17,36.14,36.28,36.72,-0.44,-1.1983,447934.06,1638295.175,1.5322,4.5366,0.88,28.4485,36.3079,1.982,7.6177,8.9905,0.4961,0.4961,482725.6868,292354.244,98738.676,17513287.9171,10606611.9723,40.39,33.05,1.0217
601995,中金公司,证券,北京,20201102,601995.SH,20241022,36.4,37.11,36.13,36.72,35.86,0.86,2.3982,505325.32,1847714.403,1.7285,5.1178,0.95,28.7936,36.7483,2.006,7.7101,9.0995,0.4902,0.4902,482725.6868,292354.244,98738.676,17725687.2193,10735247.8397,39.45,32.27,1.0217
601995,中金公司,证券,北京,20201102,601995.SH,20241021,35.93,36.3,35.52,35.86,36.11,-0.25,-0.6923,516709.77,1855388.633,1.7674,5.2331,0.76,28.1192,35.8876,1.959,7.5295,8.8864,0.502,0.502,482725.6868,292354.244,98738.676,17310543.1286,10483823.1898,39.72,32.5,1.0217
601995,中金公司,证券,北京,20201102,601995.SH,20241018,34.27,37.45,33.98,36.11,34.3,1.81,5.277,752684.46,2685937.358,2.5746,7.623,0.94,28.3152,36.1378,1.9727,7.582,8.9483,0.4985,0.4985,482725.6868,292354.244,98738.676,17431224.5503,10556911.7508,37.73,30.87,1.0217
601995,中金公司,证券,北京,20201102,601995.SH,20241017,34.6,35.46,34.27,34.3,34.48,-0.18,-0.522,360244.26,1253811.782,1.2322,3.6485,0.42,26.8959,34.3264,1.8738,7.202,8.4998,0.5248,0.5248,482725.6868,292354.244,98738.676,16557491.0572,10027750.5692,37.93,31.03,1.0217
601995,中金公司,证券,北京,20201102,601995.SH,20241016,34.2,35.57,34.07,34.48,35.13,-0.65,-1.8503,415391.37,1441308.205,1.4208,4.207,0.43,27.0371,34.5066,1.8836,7.2398,8.5444,0.522,0.522,482725.6868,292354.244,98738.676,16644381.6809,10080374.3331,38.64,31.62,1.0217
601995,中金公司,证券,北京,20201102,601995.SH,20241015,35.9,36.35,35.13,35.13,36.81,-1.68,-4.564,615582.8,2204304.75,2.1056,6.2345,0.6,27.5468,35.1571,1.9192,7.3763,8.7055,0.5124,0.5124,482725.6868,292354.244,98738.676,16958153.3773,10270404.5917,40.49,33.13,1.0217
601995,中金公司,证券,北京,20201102,601995.SH,20241014,38.66,38.68,35.99,36.81,39.99,-3.18,-7.952,1274617.58,4673345.378,4.3598,12.909,1.36,28.8641,36.8383,2.0109,7.729,9.1218,0.489,0.489,482725.6868,292354.244,98738.676,17769132.5311,10761559.7216,43.99,35.99,1.0217
601995,中金公司,证券,北京,20201102,601995.SH,20241011,36.0,39.99,35.54,39.99,36.35,3.64,10.0138,1357060.02,5313338.942,4.6418,13.744,1.87,31.3577,40.0208,2.1847,8.3967,9.9098,0.4501,0.4501,482725.6868,292354.244,98738.676,19304200.2151,11691246.2176,39.99,32.72,1.0217
601995,中金公司,证券,北京,20201102,601995.SH,20241010,38.52,39.29,35.24,36.35,38.22,-1.87,-4.8927,610849.46,2229755.898,2.0894,6.1865,0.9,28.5034,36.378,1.9858,7.6324,9.0078,0.4952,0.4952,482725.6868,292354.244,98738.676,17547078.7152,10627076.7694,42.04,34.4,1.0217
601995,中金公司,证券,北京,20201102,601995.SH,20241009,40.0,41.91,38.22,38.22,42.47,-4.25,-10.0071,1013398.17,4034333.061,3.4663,10.2634,1.83,29.9698,38.2494,2.088,8.0251,9.4712,0.471,0.471,482725.6868,292354.244,98738.676,18449775.7495,11173779.2057,46.72,38.22,1.0217
601995,中金公司,证券,北京,20201102,601995.SH,20241008,42.47,42.47,40.6,42.47,38.61,3.86,9.9974,916077.85,3868149.78,3.1335,9.2778,2.09,33.3023,42.5027,2.3201,8.9174,10.5244,0.4238,0.4238,482725.6868,292354.244,98738.676,20501359.9184,12416284.7427,42.47,34.75,1.0217
601995,中金公司,证券,北京,20201102,601995.SH,20240930,38.45,38.61,36.31,38.61,35.1,3.51,10.0,792158.54,3011685.414,2.7096,8.0228,2.7,30.2756,38.6397,2.1093,8.1069,9.5679,0.4662,0.4662,482725.6868,292354.244,98738.676,18638038.7673,11287797.3608,38.61,31.59,1.0217
601995,中金公司,证券,北京,20201102,601995.SH,20240927,33.43,35.1,32.99,35.1,32.5,2.6,8.0,295401.28,997806.863,1.0104,2.9917,1.17,27.5232,35.127,1.9175,7.37,8.698,0.5128,0.5128,482725.6868,292354.244,98738.676,16943671.6067,10261633.9644,35.75,29.25,1.0217
601995,中金公司,证券,北京,20201102,601995.SH,20240926,30.78,32.51,30.69,32.5,30.97,1.53,4.9403,375728.47,1189110.323,1.2852,3.8053,1.87,25.4845,32.525,1.7755,6.824,8.0537,0.5538,0.5538,482725.6868,292354.244,98738.676,15688584.821,9501512.93,34.07,27.87,1.0217
601995,中金公司,证券,北京,20201102,601995.SH,20240925,31.49,31.8,30.88,30.97,30.5,0.47,1.541,385854.14,1210967.079,1.3198,3.9078,2.84,24.2848,30.9938,1.6919,6.5028,7.6746,0.5812,0.5812,482725.6868,292354.244,98738.676,14950014.5202,9054210.9367,33.55,27.45,1.0217
601995,中金公司,证券,北京,20201102,601995.SH,20240924,29.07,30.55,28.7,30.5,28.68,1.82,6.3459,342488.3,1023995.22,1.1715,3.4686,4.26,23.9162,30.5235,1.6662,6.4041,7.5581,0.5902,0.5902,482725.6868,292354.244,98738.676,14723133.4474,8916804.442,31.55,25.81,1.0217
601995,中金公司,证券,北京,20201102,601995.SH,20240923,28.76,28.91,28.5,28.68,28.73,-0.05,-0.174,65770.5,188871.908,0.225,0.6661,0.83,22.4891,28.7021,1.5668,6.0219,7.1071,0.6276,0.6276,482725.6868,292354.244,98738.676,13844572.6974,8384719.7179,31.6,25.86,1.0217
601995,中金公司,证券,北京,20201102,601995.SH,20240920,28.56,28.76,28.37,28.73,28.7,0.03,0.1045,95773.0,273858.827,0.3276,0.97,1.31,22.5283,28.7521,1.5695,6.0324,7.1195,0.6265,0.6265,482725.6868,292354.244,98738.676,13868708.9818,8399337.4301,31.57,25.83,1.0217
601995,中金公司,证券,北京,20201102,601995.SH,20240919,28.7,29.07,28.25,28.7,28.5,0.2,0.7018,115943.8,333169.514,0.3966,1.1742,1.64,22.5048,28.7221,1.5679,6.0261,7.1121,0.6272,0.6272,482725.6868,292354.244,98738.676,13854227.2112,8390566.8028,31.35,25.65,1.0217
601995,中金公司,证券,北京,20201102,601995.SH,20240918,28.45,28.67,28.13,28.5,28.56,-0.06,-0.2101,58835.01,167321.346,0.2012,0.5959,0.6,22.3479,28.5219,1.557,5.9842,7.0625,0.6316,0.6316,482725.6868,292354.244,98738.676,13757682.0738,8332095.954,31.42,25.7,1.0217
601995,中金公司,证券,北京,20201102,601995.SH,20240913,28.3,28.75,28.3,28.56,28.43,0.13,0.4573,66035.01,188772.456,0.2259,0.6688,0.44,22.395,28.582,1.5602,5.9967,7.0774,0.6303,0.6303,482725.6868,292354.244,98738.676,13786645.615,8349637.2086,31.27,25.59,1.0217
601995,中金公司,证券,北京,20201102,601995.SH,20240912,28.6,28.75,28.38,28.43,28.62,-0.19,-0.6639,58670.07,167505.152,0.2007,0.5942,0.4,22.293,28.4519,1.5531,5.9695,7.0452,0.6331,0.6331,482725.6868,292354.244,98738.676,13723891.2757,8311631.1569,31.48,25.76,1.0217
601995,中金公司,证券,北京,20201102,601995.SH,20240911,28.48,28.69,28.31,28.62,28.53,0.09,0.3155,67346.68,191991.519,0.2304,0.6821,0.46,22.442,28.642,1.5635,6.0093,7.0923,0.6289,0.6289,482725.6868,292354.244,98738.676,13815609.1562,8367178.4633,31.38,25.68,1.0217
601995,中金公司,证券,北京,20201102,601995.SH,20240910,28.75,28.8,27.97,28.53,28.62,-0.09,-0.3145,102372.01,290039.56,0.3502,1.0368,0.74,22.3715,28.552,1.5586,5.9904,7.07,0.6309,0.6309,482725.6868,292354.244,98738.676,13772163.8444,8340866.5813,31.48,25.76,1.0217
601995,中金公司,证券,北京,20201102,601995.SH,20240909,27.8,29.39,27.8,28.62,28.5,0.12,0.4211,193178.55,556316.832,0.6608,1.9565,1.57,22.442,28.642,1.5635,6.0093,7.0923,0.6289,0.6289,482725.6868,292354.244,98738.676,13815609.1562,8367178.4633,31.35,25.65,1.0217
601995,中金公司,证券,北京,20201102,601995.SH,20240906,29.28,30.11,28.5,28.5,27.89,0.61,2.1872,322807.83,942127.637,1.1042,3.2693,3.45,22.3479,28.5219,1.557,5.9842,7.0625,0.6316,0.6316,482725.6868,292354.244,98738.676,13757682.0738,8332095.954,30.68,25.1,1.0217
601995,中金公司,证券,北京,20201102,601995.SH,20240905,27.67,27.94,27.67,27.89,27.67,0.22,0.7951,49789.0,138455.88,0.1703,0.5043,0.52,21.8696,27.9115,1.5236,5.8561,6.9114,0.6454,0.6454,482725.6868,292354.244,98738.676,13463219.4049,8153759.8652,30.44,24.9,1.0217
601995,中金公司,证券,北京,20201102,601995.SH,20240904,27.48,28.04,27.48,27.67,27.67,0.0,0.0,61987.78,172113.872,0.212,0.6278,0.68,21.6971,27.6913,1.5116,5.8099,6.8568,0.6505,0.6505,482725.6868,292354.244,98738.676,13357019.7538,8089441.9315,30.44,24.9,1.0217
601995,中金公司,证券,北京,20201102,601995.SH,20240903,27.25,27.74,27.22,27.67,27.36,0.31,1.133,63875.4,175709.803,0.2185,0.6469,0.73,21.6971,27.6913,1.5116,5.8099,6.8568,0.6505,0.6505,482725.6868,292354.244,98738.676,13357019.7538,8089441.9315,30.1,24.62,1.0217
601995,中金公司,证券,北京,20201102,601995.SH,20240902,28.12,28.22,27.34,27.36,28.59,-1.23,-4.3022,117656.08,325936.073,0.4024,1.1916,1.57,21.454,27.3811,1.4947,5.7448,6.78,0.6579,0.6579,482725.6868,292354.244,98738.676,13207374.7908,7998812.1158,31.45,25.73,1.0217
601995,中金公司,证券,北京,20201102,601995.SH,20240830,27.35,28.93,27.31,28.59,27.38,1.21,4.4193,175043.24,499090.245,0.5987,1.7728,3.56,22.4185,26.8636,1.5565,6.003,6.6817,0.6296,0.6296,482725.6868,292354.244,98738.676,13801127.3856,8358407.836,30.12,24.64,1.0217
601995,中金公司,证券,北京,20201102,601995.SH,20240829,27.17,27.58,27.08,27.38,27.16,0.22,0.81,61140.82,167548.334,0.2091,0.6192,1.23,21.4697,25.7266,1.4906,5.749,6.3989,0.6574,0.6574,482725.6868,292354.244,98738.676,13217029.3046,8004659.2007,29.88,24.44,1.0217
601995,中金公司,证券,北京,20201102,601995.SH,20240828,27.14,27.25,26.87,27.16,27.08,0.08,0.2954,40201.0,108865.39,0.1375,0.4071,0.82,21.2972,25.5199,1.4787,5.7028,6.3475,0.6627,0.6627,482725.6868,292354.244,98738.676,13110829.6535,7940341.267,29.79,24.37,1.0217
601995,中金公司,证券,北京,20201102,601995.SH,20240827,27.3,27.39,26.8,27.08,27.35,-0.27,-0.9872,43933.48,118691.947,0.1503,0.4449,0.89,21.2345,25.4447,1.4743,5.686,6.3288,0.6647,0.6647,482725.6868,292354.244,98738.676,13072211.5985,7916952.9275,30.09,24.62,1.0217
601995,中金公司,证券,北京,20201102,601995.SH,20240826,27.45,27.84,27.18,27.35,27.45,-0.1,-0.3643,55206.8,151760.628,0.1888,0.5591,1.16,21.4462,25.6984,1.489,5.7427,6.3919,0.6581,0.6581,482725.6868,292354.244,98738.676,13202547.534,7995888.5734,30.2,24.71,1.0217
601995,中金公司,证券,北京,20201102,601995.SH,20240823,27.35,27.68,27.13,27.45,27.24,0.21,0.7709,45517.0,124641.606,0.1557,0.461,0.89,21.5246,25.7924,1.4945,5.7637,6.4153,0.6557,0.6557,482725.6868,292354.244,98738.676,13250820.1027,8025123.9978,29.96,24.52,1.0217
601995,中金公司,证券,北京,20201102,601995.SH,20240822,28.09,28.15,27.36,27.42,28.04,-0.62,-2.2111,62925.0,173883.78,0.2152,0.6373,1.13,21.5011,25.7642,1.4783,5.7574,6.4083,0.6565,,482725.6868,292354.244,98738.676,13236338.3321,8016353.3705,30.84,25.24,1.015
601995,中金公司,证券,北京,20201102,601995.SH,20240821,27.94,28.16,27.88,28.04,27.97,0.07,0.2503,38450.31,107648.752,0.1315,0.3894,0.65,21.9872,26.3468,1.5118,5.8876,6.5532,0.6419,,482725.6868,292354.244,98738.676,13535628.2579,8197613.0018,30.77,25.17,1.015
601995,中金公司,证券,北京,20201102,601995.SH,20240820,28.4,28.43,27.96,27.97,28.31,-0.34,-1.201,45915.1,129099.548,0.1571,0.465,0.69,21.9323,26.281,1.508,5.8729,6.5368,0.6435,,482725.6868,292354.244,98738.676,13501837.4598,8177148.2047,31.14,25.48,1.015
601995,中金公司,证券,北京,20201102,601995.SH,20240819,28.27,28.55,28.11,28.31,28.3,0.01,0.0353,45554.43,129052.522,0.1558,0.4614,0.56,22.199,26.6005,1.5263,5.9443,6.6163,0.6358,,482725.6868,292354.244,98738.676,13665964.1933,8276548.6476,31.13,25.47,1.015
601995,中金公司,证券,北京,20201102,601995.SH,20240816,28.6,28.73,28.26,28.3,28.71,-0.41,-1.4281,62621.14,178067.422,0.2142,0.6342,0.75,22.1911,26.5911,1.5258,5.9422,6.614,0.636,0.636,482725.6868,292354.244,98738.676,13661136.9364,8273625.1052,31.58,25.84,1.015
601995,中金公司,证券,北京,20201102,601995.SH,20240815,28.41,29.05,28.37,28.71,28.53,0.18,0.6309,86347.71,248127.076,0.2954,0.8745,1.04,22.5126,26.9763,1.5479,6.0282,6.7098,0.627,0.627,482725.6868,292354.244,98738.676,13859054.468,8393490.3452,31.38,25.68,1.015
601995,中金公司,证券,北京,20201102,601995.SH,20240814,28.62,28.9,28.52,28.53,28.68,-0.15,-0.523,53833.88,154340.255,0.1841,0.5452,0.63,22.3715,26.8072,1.5382,5.9904,6.6677,0.6309,0.6309,482725.6868,292354.244,98738.676,13772163.8444,8340866.5813,31.55,25.81,1.015
601995,中金公司,证券,北京,20201102,601995.SH,20240813,28.28,28.71,28.19,28.68,28.2,0.48,1.7021,83271.17,236782.421,0.2848,0.8433,0.94,22.4891,26.9481,1.5463,6.0219,6.7028,0.6276,0.6276,482725.6868,292354.244,98738.676,13844572.6974,8384719.7179,31.02,25.38,1.015
601995,中金公司,证券,北京,20201102,601995.SH,20240812,27.9,28.48,27.68,28.2,29.05,-0.85,-2.926,117928.92,331560.846,0.4034,1.1944,1.3,22.1127,26.4971,1.5204,5.9212,6.5906,0.6383,0.6383,482725.6868,292354.244,98738.676,13612864.3678,8244389.6808,31.96,26.15,1.015
601995,中金公司,证券,北京,20201102,601995.SH,20240809,29.52,29.73,29.05,29.05,29.22,-0.17,-0.5818,76256.7,224203.088,0.2608,0.7723,0.73,22.7792,27.2958,1.5662,6.0996,6.7892,0.6196,0.6196,482725.6868,292354.244,98738.676,14023181.2015,8492890.7882,32.14,26.3,1.015
601995,中金公司,证券,北京,20201102,601995.SH,20240808,29.15,29.71,29.03,29.22,29.25,-0.03,-0.1026,84412.38,247804.852,0.2887,0.8549,0.63,22.9125,27.4555,1.5754,6.1353,6.829,0.616,0.616,482725.6868,292354.244,98738.676,14105244.5683,8542591.0097,32.18,26.33,1.015
601995,中金公司,证券,北京,20201102,601995.SH,20240807,29.4,29.56,29.12,29.25,29.4,-0.15,-0.5102,64902.61,190000.945,0.222,0.6573,0.37,22.936,27.4837,1.577,6.1416,6.836,0.6154,0.6154,482725.6868,292354.244,98738.676,14119726.3389,8551361.637,32.34,26.46,1.015
601995,中金公司,证券,北京,20201102,601995.SH,20240806,29.67,29.89,29.01,29.4,29.37,0.03,0.1021,100498.54,294401.007,0.3438,1.0178,0.61,23.0537,27.6246,1.5851,6.1731,6.871,0.6122,0.6122,482725.6868,292354.244,98738.676,14192135.1919,8595214.7736,32.31,26.43,1.015
601995,中金公司,证券,北京,20201102,601995.SH,20240805,29.4,30.02,29.3,29.37,29.67,-0.3,-1.0111,127649.99,378136.437,0.4366,1.2928,0.85,23.0301,27.5965,1.5835,6.1668,6.864,0.6129,0.6129,482725.6868,292354.244,98738.676,14177653.4213,8586444.1463,32.64,26.7,1.015
601995,中金公司,证券,北京,20201102,601995.SH,20240802,30.15,30.57,29.58,29.67,30.47,-0.8,-2.6255,148134.5,444385.928,0.5067,1.5003,1.09,23.2654,27.8783,1.5996,6.2298,6.9341,0.6067,0.6067,482725.6868,292354.244,98738.676,14322471.1274,8674150.4195,33.52,27.42,1.015
601995,中金公司,证券,北京,20201102,601995.SH,20240801,30.0,30.93,29.86,30.47,30.25,0.22,0.7273,223748.49,682878.974,0.7653,2.2661,2.07,23.8927,28.63,1.6428,6.3978,7.1211,0.5907,0.5907,482725.6868,292354.244,98738.676,14708651.6768,8908033.8147,33.28,27.23,1.015
601995,中金公司,证券,北京,20201102,601995.SH,20240731,28.4,30.88,28.36,30.25,28.41,1.84,6.4766,274288.62,819336.607,0.9382,2.7779,3.99,23.7202,28.4233,1.6309,6.3516,7.0697,0.595,0.595,482725.6868,292354.244,98738.676,14602452.0257,8843715.881,31.25,25.57,1.015
601995,中金公司,证券,北京,20201102,601995.SH,20240730,28.34,28.5,28.11,28.41,28.37,0.04,0.141,51247.88,145233.905,0.1753,0.519,0.67,22.2774,26.6944,1.5317,5.9653,6.6397,0.6336,0.6336,482725.6868,292354.244,98738.676,13714236.762,8305784.072,31.21,25.53,1.015
601995,中金公司,证券,北京,20201102,601995.SH,20240729,28.48,28.75,28.34,28.37,28.65,-0.28,-0.9773,52861.96,150686.9,0.1808,0.5354,0.59,22.246,26.6568,1.5296,5.9569,6.6303,0.6345,0.6345,482725.6868,292354.244,98738.676,13694927.7345,8294089.9023,31.52,25.79,1.015
601995,中金公司,证券,北京,20201102,601995.SH,20240726,28.2,28.93,28.2,28.65,28.24,0.41,1.4518,79633.06,227757.571,0.2724,0.8065,0.83,22.4656,26.9199,1.5447,6.0156,6.6958,0.6283,0.6283,482725.6868,292354.244,98738.676,13830090.9268,8375949.0906,31.06,25.42,1.015
601995,中金公司,证券,北京,20201102,601995.SH,20240725,27.82,28.38,27.71,28.24,27.82,0.42,1.5097,81677.11,230053.788,0.2794,0.8272,0.84,22.1441,26.5347,1.5225,5.9296,6.5999,0.6374,0.6374,482725.6868,292354.244,98738.676,13632173.3952,8256083.8506,30.6,25.04,1.015
601995,中金公司,证券,北京,20201102,601995.SH,20240724,28.07,28.24,27.73,27.82,28.2,-0.38,-1.3475,78349.0,219303.27,0.268,0.7935,0.78,21.8147,26.1401,1.4999,5.8414,6.5018,0.647,0.647,482725.6868,292354.244,98738.676,13429428.6068,8133295.0681,31.02,25.38,1.015
601995,中金公司,证券,北京,20201102,601995.SH,20240723,28.8,29.05,28.19,28.2,29.03,-0.83,-2.8591,88722.04,253959.408,0.3035,0.8986,0.86,22.1127,26.4971,1.5204,5.9212,6.5906,0.6383,0.6383,482725.6868,292354.244,98738.676,13612864.3678,8244389.6808,31.93,26.13,1.015
601995,中金公司,证券,北京,20201102,601995.SH,20240722,29.2,29.33,28.6,29.03,28.82,0.21,0.7287,122859.41,355485.748,0.4202,1.2443,1.4,22.7635,27.277,1.5651,6.0954,6.7846,0.62,0.62,482725.6868,292354.244,98738.676,14013526.6878,8487043.7033,31.7,25.94,1.015
601995,中金公司,证券,北京,20201102,601995.SH,20240719,28.21,28.87,28.18,28.82,28.3,0.52,1.8375,109185.6,312021.85,0.3735,1.1058,1.39,22.5989,27.0797,1.5538,6.0513,6.7355,0.6246,0.6246,482725.6868,292354.244,98738.676,13912154.2936,8425649.3121,31.13,25.47,1.015
601995,中金公司,证券,北京,20201102,601995.SH,20240718,28.18,28.43,27.82,28.3,28.34,-0.04,-0.1411,86413.24,243556.514,0.2956,0.8752,1.06,22.1911,26.5911,1.5258,5.9422,6.614,0.636,0.636,482725.6868,292354.244,98738.676,13661136.9364,8273625.1052,31.17,25.51,1.015
601995,中金公司,证券,北京,20201102,601995.SH,20240717,28.04,28.48,27.99,28.34,28.09,0.25,0.89,96543.99,272888.933,0.3302,0.9778,1.2,22.2225,26.6287,1.5279,5.9506,6.6233,0.6351,0.6351,482725.6868,292354.244,98738.676,13680445.9639,8285319.275,30.9,25.28,1.015
601995,中金公司,证券,北京,20201102,601995.SH,20240716,27.6,28.09,27.37,28.09,27.47,0.62,2.257,99560.79,277070.228,0.3405,1.0083,1.12,22.0264,26.3938,1.5145,5.8981,6.5649,0.6408,0.6408,482725.6868,292354.244,98738.676,13559764.5422,8212230.714,30.22,24.72,1.015
601995,中金公司,证券,北京,20201102,601995.SH,20240715,27.51,27.7,27.28,27.47,27.54,-0.07,-0.2542,48232.52,132289.815,0.165,0.4885,0.41,21.5403,25.8112,1.481,5.7679,6.42,0.6553,0.6553,482725.6868,292354.244,98738.676,13260474.6164,8030971.0827,30.29,24.79,1.015
601995,中金公司,证券,北京,20201102,601995.SH,20240712,27.71,27.76,27.43,27.54,27.7,-0.16,-0.5776,62138.02,171389.973,0.2125,0.6293,0.5,21.5952,25.877,1.4848,5.7826,6.4363,0.6536,0.6536,482725.6868,292354.244,98738.676,13294265.4145,8051435.8798,30.47,24.93,1.015
601995,中金公司,证券,北京,20201102,601995.SH,20240711,27.69,27.87,27.36,27.7,27.16,0.54,1.9882,99555.28,275153.184,0.3405,1.0083,0.76,21.7206,26.0273,1.4934,5.8162,6.4737,0.6498,0.6498,482725.6868,292354.244,98738.676,13371501.5244,8098212.5588,29.88,24.44,1.015
601995,中金公司,证券,北京,20201102,601995.SH,20240710,27.0,27.68,26.89,27.16,27.28,-0.12,-0.4399,91818.76,250452.777,0.3141,0.9299,0.72,21.2972,25.5199,1.4643,5.7028,6.3475,0.6627,0.6627,482725.6868,292354.244,98738.676,13110829.6535,7940341.267,30.01,24.55,1.015
601995,中金公司,证券,北京,20201102,601995.SH,20240709,26.7,27.3,26.33,27.28,26.7,0.58,2.1723,143524.5,385187.897,0.4909,1.4536,1.27,21.3913,25.6327,1.4708,5.728,6.3756,0.6598,0.6598,482725.6868,292354.244,98738.676,13168756.7359,7975423.7763,29.37,24.03,1.015
601995,中金公司,证券,北京,20201102,601995.SH,20240708,27.55,27.75,26.63,26.7,27.97,-1.27,-4.5406,185278.79,499774.616,0.6337,1.8765,1.83,20.9365,25.0877,1.4395,5.6062,6.24,0.6742,0.6742,482725.6868,292354.244,98738.676,12888775.8376,7805858.3148,30.77,25.17,1.015
601995,中金公司,证券,北京,20201102,601995.SH,20240705,28.18,28.3,27.79,27.97,28.18,-0.21,-0.7452,102049.97,285653.123,0.3491,1.0335,0.9,21.9323,26.281,1.508,5.8729,6.5368,0.6435,0.6435,482725.6868,292354.244,98738.676,13501837.4598,8177148.2047,31.0,25.36,1.015
601995,中金公司,证券,北京,20201102,601995.SH,20240704,29.2,29.32,28.16,28.18,29.34,-1.16,-3.9536,136481.04,390420.301,0.4668,1.3822,1.38,22.097,26.4783,1.5193,5.917,6.5859,0.6388,0.6388,482725.6868,292354.244,98738.676,13603209.854,8238542.5959,32.27,26.41,1.015
601995,中金公司,证券,北京,20201102,601995.SH,20240703,29.26,29.45,28.99,29.34,29.28,0.06,0.2049,70983.71,207423.491,0.2428,0.7189,0.7,23.0066,27.5683,1.5819,6.1605,6.857,0.6135,0.6135,482725.6868,292354.244,98738.676,14163171.6507,8577673.519,32.21,26.35,1.015
601995,中金公司,证券,北京,20201102,601995.SH,20240702,29.27,29.59,29.11,29.28,29.29,-0.01,-0.0341,71705.71,210447.387,0.2453,0.7262,0.67,22.9596,27.5119,1.5786,6.1479,6.843,0.6148,0.6148,482725.6868,292354.244,98738.676,14134208.1095,8560132.2643,32.22,26.36,1.015
601995,中金公司,证券,北京,20201102,601995.SH,20240701,29.61,29.7,28.65,29.29,29.61,-0.32,-1.0807,125727.0,366032.018,0.4301,1.2733,1.3,22.9674,27.5213,1.5792,6.15,6.8453,0.6145,0.6145,482725.6868,292354.244,98738.676,14139035.3664,8563055.8068,32.57,26.65,1.015
601995,中金公司,证券,北京,20201102,601995.SH,20240628,30.5,30.72,29.57,29.61,30.45,-0.84,-2.7586,161029.14,484879.997,0.5508,1.6309,2.05,23.2183,27.822,1.5964,6.2172,6.9201,0.6079,0.6079,482725.6868,292354.244,98738.676,14293507.5861,8656609.1648,33.5,27.41,1.015
601995,中金公司,证券,北京,20201102,601995.SH,20240627,30.83,30.83,30.45,30.45,30.94,-0.49,-1.5837,65642.0,201075.029,0.2245,0.6648,0.81,23.877,28.6112,1.6417,6.3936,7.1164,0.5911,0.5911,482725.6868,292354.244,98738.676,14698997.1631,8902186.7298,34.03,27.85,1.015
601995,中金公司,证券,北京,20201102,601995.SH,20240626,30.6,31.02,30.46,30.94,30.66,0.28,0.9132,83181.57,255725.726,0.2845,0.8424,1.04,24.2612,29.0716,1.6681,6.4965,7.2309,0.5818,0.5818,482725.6868,292354.244,98738.676,14935532.7496,9045440.3094,33.73,27.59,1.015
601995,中金公司,证券,北京,20201102,601995.SH,20240625,31.35,31.61,30.53,30.66,31.4,-0.74,-2.3567,101052.5,312379.813,0.3457,1.0234,1.24,24.0417,28.8086,1.653,6.4377,7.1655,0.5871,0.5871,482725.6868,292354.244,98738.676,14800369.5573,8963581.121,34.54,28.26,1.0147
601995,中金公司,证券,北京,20201102,601995.SH,20240624,31.8,31.91,31.4,31.4,31.94,-0.54,-1.6907,74042.0,234340.223,0.2533,0.7499,0.83,24.6219,29.5039,1.6929,6.5931,7.3385,0.5732,0.5732,482725.6868,292354.244,98738.676,15157586.5655,9179923.2616,35.13,28.75,1.015
601995,中金公司,证券,北京,20201102,601995.SH,20240621,31.8,32.13,31.61,31.94,31.83,0.11,0.3456,68757.0,218964.504,0.2352,0.6964,0.62,25.0454,30.0113,1.722,6.7064,7.4647,0.5636,0.5636,482725.6868,292354.244,98738.676,15418258.4364,9337794.5534,35.01,28.65,1.015
601995,中金公司,证券,北京,20201102,601995.SH,20240620,31.87,32.18,31.75,31.83,31.96,-0.13,-0.4068,77955.1,249176.127,0.2666,0.7895,0.72,24.9591,29.9079,1.7161,6.6834,7.4389,0.5655,0.5655,482725.6868,292354.244,98738.676,15365158.6108,9305635.5865,35.16,28.76,1.015
601995,中金公司,证券,北京,20201102,601995.SH,20240619,32.59,32.61,31.95,31.96,32.49,-0.53,-1.6313,79711.74,256584.829,0.2727,0.8073,0.75,25.0611,30.0301,1.7231,6.7106,7.4693,0.5632,0.5632,482725.6868,292354.244,98738.676,15427912.9501,9343641.6382,35.74,29.24,1.015
601995,中金公司,证券,北京,20201102,601995.SH,20240618,32.19,32.75,32.17,32.49,32.32,0.17,0.526,105844.27,344060.674,0.362,1.072,1.02,25.4766,30.5281,1.7517,6.8219,7.5932,0.554,0.554,482725.6868,292354.244,98738.676,15683757.5641,9498589.3876,35.55,29.09,1.015
601995,中金公司,证券,北京,20201102,601995.SH,20240617,31.69,32.37,31.64,32.32,32.08,0.24,0.7481,113175.37,363239.871,0.3871,1.1462,1.11,25.3433,30.3683,1.7425,6.7862,7.5535,0.5569,0.5569,482725.6868,292354.244,98738.676,15601694.1974,9448889.1661,35.29,28.87,1.015
601995,中金公司,证券,北京,20201102,601995.SH,20240614,31.35,32.28,31.17,32.08,31.34,0.74,2.3612,180690.36,574454.983,0.6181,1.83,2.09,25.1552,30.1428,1.7296,6.7358,7.4974,0.5611,0.5611,482725.6868,292354.244,98738.676,15485840.0325,9378724.1475,34.47,28.21,1.015
601995,中金公司,证券,北京,20201102,601995.SH,20240613,31.18,31.45,31.09,31.34,31.17,0.17,0.5454,64000.77,200097.369,0.2189,0.6482,0.73,24.5749,29.4475,1.6897,6.5805,7.3244,0.5743,0.5743,482725.6868,292354.244,98738.676,15128623.0243,9162382.007,34.29,28.05,1.015
601995,中金公司,证券,北京,20201102,601995.SH,20240612,31.17,31.35,31.05,31.17,31.25,-0.08,-0.256,66213.79,206365.693,0.2265,0.6706,0.73,24.4416,29.2878,1.6805,6.5448,7.2847,0.5775,0.5775,482725.6868,292354.244,98738.676,15046559.6576,9112681.7855,34.38,28.13,1.015
601995,中金公司,证券,北京,20201102,601995.SH,20240611,30.89,31.47,30.8,31.25,30.96,0.29,0.9367,96451.15,301146.112,0.3299,0.9768,1.11,24.5043,29.3629,1.6848,6.5616,7.3034,0.576,0.576,482725.6868,292354.244,98738.676,15085177.7125,9136070.125,34.06,27.86,1.015
601995,中金公司,证券,北京,20201102,601995.SH,20240607,31.15,31.38,30.52,30.96,31.14,-0.18,-0.578,103996.99,321762.025,0.3557,1.0533,1.31,24.2769,29.0904,1.6692,6.5007,7.2356,0.5814,0.5814,482725.6868,292354.244,98738.676,14945187.2633,9051287.3942,34.25,28.03,1.015
601995,中金公司,证券,北京,20201102,601995.SH,20240606,31.65,31.73,31.14,31.14,31.54,-0.4,-1.2682,100792.13,316283.693,0.3448,1.0208,1.31,24.4181,29.2596,1.6789,6.5385,7.2777,0.578,0.578,482725.6868,292354.244,98738.676,15032077.887,9103911.1582,34.69,28.39,1.015
601995,中金公司,证券,北京,20201102,601995.SH,20240605,31.69,31.85,31.53,31.54,31.75,-0.21,-0.6614,68385.14,216585.572,0.2339,0.6926,0.9,24.7317,29.6354,1.7005,6.6225,7.3712,0.5707,0.5707,482725.6868,292354.244,98738.676,15225168.1617,9220852.8558,34.93,28.58,1.015
601995,中金公司,证券,北京,20201102,601995.SH,20240604,31.42,31.88,31.42,31.75,31.55,0.2,0.6339,86321.0,273335.634,0.2953,0.8742,1.14,24.8964,29.8327,1.7118,6.6666,7.4203,0.5669,0.5669,482725.6868,292354.244,98738.676,15326540.5559,9282247.247,34.71,28.4,1.015
601995,中金公司,证券,北京,20201102,601995.SH,20240603,31.48,31.66,31.29,31.55,31.52,0.03,0.0952,73441.31,231063.967,0.2512,0.7438,0.91,24.7396,29.6448,1.701,6.6246,7.3735,0.5705,0.5705,482725.6868,292354.244,98738.676,15229995.4185,9223776.3982,34.67,28.37,1.015
601995,中金公司,证券,北京,20201102,601995.SH,20240531,31.68,32.04,31.52,31.52,31.69,-0.17,-0.5364,69169.92,219726.025,0.2366,0.7005,0.8,24.716,29.6166,1.6994,6.6183,7.3665,0.5711,0.5711,482725.6868,292354.244,98738.676,15215513.6479,9215005.7709,34.86,28.52,1.015
601995,中金公司,证券,北京,20201102,601995.SH,20240530,31.49,31.72,31.22,31.69,31.76,-0.07,-0.2204,87977.59,277175.04,0.3009,0.891,0.89,24.8493,29.7764,1.7086,6.654,7.4062,0.568,0.568,482725.6868,292354.244,98738.676,15297577.0147,9264705.9924,34.94,28.58,1.015
601995,中金公司,证券,北京,20201102,601995.SH,20240529,31.61,32.13,31.61,31.76,31.76,0.0,0.0,61400.39,195707.421,0.21,0.6218,0.59,24.9042,29.8421,1.7123,6.6687,7.4226,0.5668,0.5668,482725.6868,292354.244,98738.676,15331367.8128,9285170.7894,34.94,28.58,1.015
601995,中金公司,证券,北京,20201102,601995.SH,20240528,32.15,32.32,31.71,31.76,32.2,-0.44,-1.3665,86511.7,276386.052,0.2959,0.8762,0.82,24.9042,29.8421,1.7123,6.6687,7.4226,0.5668,0.5668,482725.6868,292354.244,98738.676,15331367.8128,9285170.7894,35.42,28.98,1.015
601995,中金公司,证券,北京,20201102,601995.SH,20240527,31.8,32.24,31.55,32.2,31.8,0.4,1.2579,97466.17,310737.649,0.3334,0.9871,0.83,25.2492,30.2556,1.736,6.761,7.5254,0.559,0.559,482725.6868,292354.244,98738.676,15543767.115,9413806.6568,34.98,28.62,1.015
601995,中金公司,证券,北京,20201102,601995.SH,20240524,32.22,32.35,31.75,31.8,32.32,-0.52,-1.6089,96406.96,309273.82,0.3298,0.9764,0.8,24.9356,29.8797,1.7145,6.6771,7.4319,0.566,0.566,482725.6868,292354.244,98738.676,15350676.8402,9296864.9592,35.55,29.09,1.015
601995,中金公司,证券,北京,20201102,601995.SH,20240523,33.22,33.33,32.26,32.32,33.43,-1.11,-3.3204,154367.98,503882.47,0.528,1.5634,1.3,25.3433,30.3683,1.7425,6.7862,7.5535,0.5569,0.5569,482725.6868,292354.244,98738.676,15601694.1974,9448889.1661,36.77,30.09,1.015
601995,中金公司,证券,北京,20201102,601995.SH,20240522,33.19,33.58,33.12,33.43,33.28,0.15,0.4507,86422.89,288365.208,0.2956,0.8753,0.6,26.2137,31.4113,1.8024,7.0193,7.8129,0.5384,0.5384,482725.6868,292354.244,98738.676,16137519.7097,9773402.3769,36.61,29.95,1.015
601995,中金公司,证券,北京,20201102,601995.SH,20240521,33.45,33.66,33.13,33.28,33.59,-0.31,-0.9229,90393.29,301704.335,0.3092,0.9155,0.59,26.0961,31.2703,1.7943,6.9878,7.7778,0.5409,0.5409,482725.6868,292354.244,98738.676,16065110.8567,9729549.2403,36.95,30.23,1.015
601995,中金公司,证券,北京,20201102,601995.SH,20240520,33.44,34.1,33.28,33.59,33.53,0.06,0.1789,157166.09,530947.04,0.5376,1.5917,0.94,26.3392,31.5616,1.811,7.0529,7.8503,0.5359,0.5359,482725.6868,292354.244,98738.676,16214755.8196,9820179.056,36.88,30.18,1.015
601995,中金公司,证券,北京,20201102,601995.SH,20240517,33.11,33.55,32.86,33.53,33.08,0.45,1.3603,116489.14,386761.239,0.3985,1.1798,0.61,26.2922,31.5052,1.8078,7.0403,7.8363,0.5368,0.5368,482725.6868,292354.244,98738.676,16185792.2784,9802637.8013,36.39,29.77,1.015
601995,中金公司,证券,北京,20201102,601995.SH,20240516,33.09,33.54,32.91,33.08,32.98,0.1,0.3032,141932.7,471236.84,0.4855,1.4375,0.74,25.9393,31.0824,1.7835,6.9458,7.7311,0.5441,0.5441,482725.6868,292354.244,98738.676,15968565.7193,9671078.3915,36.28,29.68,1.015
601995,中金公司,证券,北京,20201102,601995.SH,20240515,34.33,34.41,32.81,32.98,34.3,-1.32,-3.8484,214100.82,715996.323,0.7323,2.1684,1.26,25.8609,30.9885,1.7781,6.9248,7.7077,0.5458,0.5458,482725.6868,292354.244,98738.676,15920293.1507,9641842.9671,37.73,30.87,1.015
601995,中金公司,证券,北京,20201102,601995.SH,20240514,34.33,34.33,33.73,34.3,34.16,0.14,0.4098,141591.62,481825.059,0.4843,1.434,0.83,26.8959,32.2288,1.8493,7.202,8.0162,0.5248,0.5248,482725.6868,292354.244,98738.676,16557491.0572,10027750.5692,37.58,30.74,1.015
601995,中金公司,证券,北京,20201102,601995.SH,20240513,33.79,35.0,33.41,34.16,34.21,-0.05,-0.1462,221608.94,755036.67,0.758,2.2444,1.31,26.7862,32.0972,1.8417,7.1726,7.9835,0.5269,0.5269,482725.6868,292354.244,98738.676,16489909.4611,9986820.975,37.63,30.79,1.015
601995,中金公司,证券,北京,20201102,601995.SH,20240510,33.64,34.3,33.57,34.21,33.64,0.57,1.6944,235888.81,800911.272,0.8069,2.389,1.3,26.8254,32.1442,1.8444,7.1831,7.9952,0.5262,0.5262,482725.6868,292354.244,98738.676,16514045.7454,10001438.6872,37.0,30.28,1.015
601995,中金公司,证券,北京,20201102,601995.SH,20240509,33.3,33.88,33.18,33.64,33.13,0.51,1.5394,142717.41,478975.268,0.4882,1.4454,0.55,26.3784,31.6086,1.8137,7.0634,7.862,0.5351,0.5351,482725.6868,292354.244,98738.676,16238892.104,9834796.7682,36.44,29.82,1.015
601995,中金公司,证券,北京,20201102,601995.SH,20240508,33.6,33.6,33.09,33.13,33.73,-0.6,-1.7788,106755.54,355156.865,0.3652,1.0812,0.31,25.9785,31.1294,1.7862,6.9563,7.7428,0.5433,0.5433,482725.6868,292354.244,98738.676,15992702.0037,9685696.1037,37.1,30.36,1.015
601995,中金公司,证券,北京,20201102,601995.SH,20240507,33.61,33.88,33.38,33.73,33.74,-0.01,-0.0296,144583.29,486120.21,0.4945,1.4643,0.45,26.449,31.6932,1.8185,7.0823,7.883,0.5336,0.5336,482725.6868,292354.244,98738.676,16282337.4158,9861108.6501,37.11,30.37,1.015
601995,中金公司,证券,北京,20201102,601995.SH,20240506,34.0,34.38,33.58,33.74,33.34,0.4,1.1998,215814.33,732774.648,0.7382,2.1857,0.73,26.4568,31.7026,1.8191,7.0844,7.8853,0.5335,0.5335,482725.6868,292354.244,98738.676,16287164.6726,9864032.1926,36.67,30.01,1.015
601995,中金公司,证券,北京,20201102,601995.SH,20240430,34.15,34.26,33.27,33.34,34.48,-1.14,-3.3063,295378.93,995631.133,1.0103,2.9915,1.19,26.1432,31.3267,1.7975,7.0004,7.7918,0.5399,0.5399,482725.6868,292354.244,98738.676,16094074.3979,9747090.495,37.93,31.03,1.015
601995,中金公司,证券,北京,20201102,601995.SH,20240429,34.59,35.02,34.03,34.48,33.91,0.57,1.6809,533393.02,1842129.507,1.8245,5.4021,3.42,27.0371,27.0371,1.887,7.2398,7.2398,0.522,0.522,482725.6868,292354.244,98738.676,16644381.6809,10080374.3331,37.3,30.52,1.015
601995,中金公司,证券,北京,20201102,601995.SH,20240426,32.01,33.91,31.49,33.91,30.83,3.08,9.9903,512565.43,1687808.507,1.7532,5.1911,7.33,26.5901,26.5901,1.8559,7.1201,7.1201,0.5308,0.5308,482725.6868,292354.244,98738.676,16369228.0394,9913732.414,33.91,27.75,1.015
601995,中金公司,证券,北京,20201102,601995.SH,20240425,30.88,31.12,30.71,30.83,30.99,-0.16,-0.5163,64543.74,199248.548,0.2208,0.6537,0.75,24.175,24.175,1.6873,6.4734,6.4734,0.5838,0.5838,482725.6868,292354.244,98738.676,14882432.924,9013281.3425,34.09,27.89,1.015
601995,中金公司,证券,北京,20201102,601995.SH,20240424,31.01,31.19,30.8,30.99,31.0,-0.01,-0.0323,69240.12,214530.224,0.2368,0.7012,0.73,24.3004,24.3004,1.696,6.507,6.507,0.5808,0.5808,482725.6868,292354.244,98738.676,14959669.0339,9060058.0216,34.1,27.9,1.015
601995,中金公司,证券,北京,20201102,601995.SH,20240423,31.15,31.27,30.9,31.0,31.09,-0.09,-0.2895,61627.64,191382.311,0.2108,0.6241,0.56,24.3083,24.3083,1.6966,6.5091,6.5091,0.5806,0.5806,482725.6868,292354.244,98738.676,14964496.2908,9062981.564,34.2,27.98,1.015
601995,中金公司,证券,北京,20201102,601995.SH,20240422,30.9,31.45,30.77,31.09,31.02,0.07,0.2257,70816.73,220408.017,0.2422,0.7172,0.56,24.3789,24.3789,1.7015,6.528,6.528,0.579,0.579,482725.6868,292354.244,98738.676,15007941.6026,9089293.446,34.12,27.92,1.015
601995,中金公司,证券,北京,20201102,601995.SH,20240419,31.12,31.45,30.97,31.02,31.34,-0.32,-1.0211,83564.92,260269.412,0.2858,0.8463,0.66,24.324,24.324,1.6977,6.5133,6.5133,0.5803,0.5803,482725.6868,292354.244,98738.676,14974150.8045,9068828.6489,34.47,28.21,1.015
601995,中金公司,证券,北京,20201102,601995.SH,20240418,30.89,31.79,30.85,31.34,31.1,0.24,0.7717,146074.21,458613.868,0.4996,1.4794,1.31,24.5749,24.5749,1.7152,6.5805,6.5805,0.5743,0.5743,482725.6868,292354.244,98738.676,15128623.0243,9162382.007,34.21,27.99,1.015
601995,中金公司,证券,北京,20201102,601995.SH,20240417,30.5,31.1,30.38,31.1,30.52,0.58,1.9004,114786.13,353727.064,0.3926,1.1625,1.09,24.3867,24.3867,1.7021,6.5301,6.5301,0.5788,0.5788,482725.6868,292354.244,98738.676,15012768.8595,9092216.9884,33.57,27.47,1.015
601995,中金公司,证券,北京,20201102,601995.SH,20240416,30.8,31.26,30.5,30.52,30.97,-0.45,-1.453,130184.25,401218.052,0.4453,1.3185,1.43,23.9319,23.9319,1.6703,6.4083,6.4083,0.5898,0.5898,482725.6868,292354.244,98738.676,14732787.9611,8922651.5269,34.07,27.87,1.015
601995,中金公司,证券,北京,20201102,601995.SH,20240415,30.22,31.2,29.93,30.97,30.22,0.75,2.4818,155249.47,477419.174,0.531,1.5723,1.89,24.2848,24.2848,1.6949,6.5028,6.5028,0.5812,0.5812,482725.6868,292354.244,98738.676,14950014.5202,9054210.9367,33.24,27.2,1.015
601995,中金公司,证券,北京,20201102,601995.SH,20240412,30.7,30.8,30.12,30.22,30.72,-0.5,-1.6276,87419.0,265500.57,0.299,0.8854,1.1,23.6967,23.6967,1.6539,6.3453,6.3453,0.5956,0.5956,482725.6868,292354.244,98738.676,14587970.2551,8834945.2537,33.79,27.65,1.015
601995,中金公司,证券,北京,20201102,601995.SH,20240411,30.82,31.09,30.71,30.72,30.82,-0.1,-0.3245,69682.89,215089.936,0.2384,0.7057,0.85,24.0887,24.0887,1.6813,6.4503,6.4503,0.5859,0.5859,482725.6868,292354.244,98738.676,14829333.0985,8981122.3757,33.9,27.74,1.015
601995,中金公司,证券,北京,20201102,601995.SH,20240410,31.3,31.3,30.68,30.82,31.32,-0.5,-1.5964,83656.09,258978.039,0.2861,1.0659,0.99,24.1671,24.1671,1.6867,6.4713,6.4713,0.584,0.584,482725.6868,292354.244,78484.346,14877605.6672,9010357.8001,34.45,28.19,1.015
601995,中金公司,证券,北京,20201102,601995.SH,20240409,31.15,31.37,31.08,31.32,31.13,0.19,0.6103,57802.88,180669.585,0.1977,0.7365,0.64,24.5592,24.5592,1.7141,6.5763,6.5763,0.5747,0.5747,482725.6868,292354.244,78484.346,15118968.5106,9156534.9221,34.24,28.02,1.015
601995,中金公司,证券,北京,20201102,601995.SH,20240408,31.79,31.79,31.11,31.13,31.98,-0.85,-2.6579,112063.4,351149.71,0.3833,1.4278,1.21,24.4102,24.4102,1.7037,6.5364,6.5364,0.5782,0.5782,482725.6868,292354.244,78484.346,15027250.6301,9100987.6157,35.18,28.78,1.015
601995,中金公司,证券,北京,20201102,601995.SH,20240403,32.31,32.35,31.94,31.98,32.29,-0.31,-0.96,73530.1,235962.368,0.2515,0.9369,0.74,25.0767,25.0767,1.7502,6.7148,6.7148,0.5629,0.5629,482725.6868,292354.244,78484.346,15437567.4639,9349488.7231,35.52,29.06,1.015
601995,中金公司,证券,北京,20201102,601995.SH,20240402,32.56,32.68,32.2,32.29,32.61,-0.32,-0.9813,82582.45,267466.718,0.2825,1.0522,0.8,25.3198,25.3198,1.7672,6.7799,6.7799,0.5574,0.5574,482725.6868,292354.244,78484.346,15587212.4268,9440118.5388,35.87,29.35,1.015
601995,中金公司,证券,北京,20201102,601995.SH,20240401,32.45,32.74,32.42,32.61,32.21,0.4,1.2419,97768.43,318380.776,0.3344,1.2457,0.86,25.5707,25.5707,1.7847,6.8471,6.8471,0.552,0.552,482725.6868,292354.244,78484.346,15741684.6465,9533671.8968,35.43,28.99,1.015
601995,中金公司,证券,北京,20201102,601995.SH,20240329,31.92,32.28,31.83,32.21,32.04,0.17,0.5306,85651.46,274670.342,0.293,1.0913,0.67,25.2571,25.2571,1.7628,6.7631,6.7631,0.5588,0.5588,482725.6868,292354.244,78484.346,15548594.3718,9416730.1992,35.24,28.84,1.015
601995,中金公司,证券,北京,20201102,601995.SH,20240328,31.88,32.47,31.81,32.04,31.93,0.11,0.3445,123576.32,396963.782,0.4227,1.5715,0.91,20.3574,24.9742,1.7818,5.9287,6.4018,0.5618,0.5618,482725.6868,292354.244,78634.346,15466531.0051,9367029.9778,35.12,28.74,1.015
601995,中金公司,证券,北京,20201102,601995.SH,20240327,32.58,32.6,31.91,31.93,32.72,-0.79,-2.4144,108633.33,350343.754,0.3716,1.3815,0.77,20.2875,24.8884,1.7757,5.9084,6.3798,0.5637,0.5637,482725.6868,292354.244,78634.346,15413431.1795,9334871.0109,35.99,29.45,1.015
601995,中金公司,证券,北京,20201102,601995.SH,20240326,32.8,32.99,32.4,32.72,32.79,-0.07,-0.2135,102805.97,335740.324,0.3516,1.3074,0.66,20.7894,25.5042,1.8196,6.0546,6.5377,0.5501,0.5501,482725.6868,292354.244,78634.346,15794784.4721,9565830.8637,36.07,29.51,1.015
601995,中金公司,证券,北京,20201102,601995.SH,20240325,33.59,33.59,32.71,32.79,33.97,-1.18,-3.4737,145985.48,484813.791,0.4993,1.8565,0.71,20.8339,25.5588,1.8235,6.0675,6.5517,0.5489,0.5489,482725.6868,292354.244,78634.346,15828575.2702,9586295.6608,37.37,30.57,1.015
601995,中金公司,证券,北京,20201102,601995.SH,20240322,34.48,34.65,33.77,33.97,34.65,-0.68,-1.9625,160249.8,546651.67,0.5481,2.0379,0.8,21.5837,26.4785,1.8891,6.2859,6.7875,0.5299,0.5299,482725.6868,292354.244,78634.346,16398191.5806,9931273.6687,38.12,31.19,1.015
601995,中金公司,证券,北京,20201102,601995.SH,20240321,34.61,35.14,34.55,34.65,34.6,0.05,0.1445,164349.24,571720.533,0.5622,2.09,0.85,22.0157,27.0086,1.9269,6.4117,6.9233,0.5195,0.5195,482725.6868,292354.244,78634.346,16726445.0476,10130074.5546,38.06,31.14,1.015
601995,中金公司,证券,北京,20201102,601995.SH,20240320,34.37,34.73,34.27,34.6,34.41,0.19,0.5522,135642.24,468064.377,0.464,1.725,0.72,21.9839,26.9696,1.9242,6.4025,6.9133,0.5202,0.5202,482725.6868,292354.244,78634.346,16702308.7633,10115456.8424,37.85,30.97,1.015
601995,中金公司,证券,北京,20201102,601995.SH,20240319,34.91,34.97,34.4,34.41,35.03,-0.62,-1.7699,172773.31,599549.966,0.591,2.1972,0.9,21.8632,26.8215,1.9136,6.3673,6.8754,0.5231,0.5231,482725.6868,292354.244,78634.346,16610590.8828,10059909.536,38.53,31.53,1.015
601995,中金公司,证券,北京,20201102,601995.SH,20240318,34.11,35.5,34.1,35.03,33.72,1.31,3.8849,388558.97,1357900.848,1.3291,4.9413,2.74,22.2572,27.3048,1.9481,6.482,6.9992,0.5138,0.5138,482725.6868,292354.244,78634.346,16909880.8086,10241169.1673,37.09,30.35,1.015
601995,中金公司,证券,北京,20201102,601995.SH,20240315,33.59,33.72,33.18,33.72,33.69,0.03,0.089,140578.73,469931.184,0.4809,1.7878,1.05,21.4248,26.2837,1.8752,6.2396,6.7375,0.5338,0.5338,482725.6868,292354.244,78634.346,16277510.1589,9858185.1077,37.06,30.32,1.015
601995,中金公司,证券,北京,20201102,601995.SH,20240314,34.05,34.25,33.57,33.69,34.11,-0.42,-1.2313,129017.2,437424.784,0.4413,1.6407,0.91,21.4058,26.2603,1.8735,6.2341,6.7315,0.5343,0.5343,482725.6868,292354.244,78634.346,16263028.3883,9849414.4804,37.52,30.7,1.015
601995,中金公司,证券,北京,20201102,601995.SH,20240313,34.58,34.58,34.04,34.11,34.43,-0.32,-0.9294,114724.69,392625.593,0.3924,1.459,0.79,21.6726,26.5877,1.8969,6.3118,6.8154,0.5277,0.5277,482725.6868,292354.244,78634.346,16465773.1767,9972203.2628,37.87,30.99,1.015
601995,中金公司,证券,北京,20201102,601995.SH,20240312,34.37,34.65,34.08,34.43,34.19,0.24,0.702,185440.64,636858.649,0.6343,2.3583,1.39,21.8759,26.8371,1.9147,6.371,6.8794,0.5228,0.5228,482725.6868,292354.244,78634.346,16620245.3965,10065756.6209,37.61,30.77,1.015
601995,中金公司,证券,北京,20201102,601995.SH,20240311,33.77,34.2,33.63,34.19,33.78,0.41,1.2137,139061.64,472352.222,0.4757,1.7685,1.01,21.7234,26.65,1.9014,6.3266,6.8314,0.5265,0.5265,482725.6868,292354.244,78634.346,16504391.2317,9995591.6024,37.16,30.4,1.015
601995,中金公司,证券,北京,20201102,601995.SH,20240308,33.68,33.89,33.42,33.78,33.72,0.06,0.1779,98435.01,331537.625,0.3367,1.2518,0.63,21.4629,26.3304,1.8786,6.2507,6.7495,0.5329,0.5329,482725.6868,292354.244,78634.346,16306473.7001,9875726.3623,37.09,30.35,1.015
601995,中金公司,证券,北京,20201102,601995.SH,20240307,34.3,34.51,33.66,33.72,34.36,-0.64,-1.8626,170283.08,579490.986,0.5825,2.1655,1.01,21.4248,26.2837,1.8752,6.2396,6.7375,0.5338,0.5338,482725.6868,292354.244,78634.346,16277510.1589,9858185.1077,37.8,30.92,1.015
601995,中金公司,证券,北京,20201102,601995.SH,20240306,34.1,34.82,33.93,34.36,34.19,0.17,0.4972,134407.89,461430.755,0.4597,1.7093,0.65,21.8315,26.7825,1.9108,6.358,6.8654,0.5239,0.5239,482725.6868,292354.244,78634.346,16586454.5984,10045291.8238,37.61,30.77,1.015
601995,中金公司,证券,北京,20201102,601995.SH,20240305,34.3,34.47,34.05,34.19,34.5,-0.31,-0.8986,127253.88,435753.717,0.4353,1.6183,0.59,21.7234,26.65,1.9014,6.3266,6.8314,0.5265,0.5265,482725.6868,292354.244,78634.346,16504391.2317,9995591.6024,37.95,31.05,1.015
601995,中金公司,证券,北京,20201102,601995.SH,20240304,35.0,35.1,34.39,34.5,35.0,-0.5,-1.4286,155676.15,538595.477,0.5325,1.9797,0.71,21.9204,26.8917,1.9186,6.3839,6.8934,0.5217,0.5217,482725.6868,292354.244,78634.346,16654036.1946,10086221.418,38.5,31.5,1.015
601995,中金公司,证券,北京,20201102,601995.SH,20240301,34.91,35.15,34.53,35.0,34.9,0.1,0.2865,196383.77,683947.575,0.6717,2.4974,0.89,22.2381,27.2814,1.9464,6.4765,6.9933,0.5143,0.5143,482725.6868,292354.244,78634.346,16895399.038,10232398.54,38.39,31.41,1.015
601995,中金公司,证券,北京,20201102,601995.SH,20240229,33.6,34.94,33.5,34.9,33.79,1.11,3.285,232480.86,798940.107,0.7952,2.9565,1.06,22.1746,27.2034,1.9408,6.458,6.9733,0.5158,0.5158,482725.6868,292354.244,78634.346,16847126.4693,10203163.1156,37.17,30.41,1.015
601995,中金公司,证券,北京,20201102,601995.SH,20240228,34.78,35.58,33.79,33.79,34.66,-0.87,-2.5101,324748.42,1134551.179,1.1108,4.1299,1.52,21.4693,26.3382,1.8791,6.2526,6.7515,0.5327,0.5327,482725.6868,292354.244,78634.346,16311300.957,9878649.9048,38.13,31.19,1.015
601995,中金公司,证券,北京,20201102,601995.SH,20240227,34.13,34.66,34.0,34.66,34.19,0.47,1.3747,171178.15,588180.251,0.5855,2.1769,0.74,22.0221,27.0164,1.9275,6.4136,6.9253,0.5193,0.5193,482725.6868,292354.244,78634.346,16731272.3045,10132998.097,37.61,30.77,1.015
601995,中金公司,证券,北京,20201102,601995.SH,20240226,34.7,34.8,34.19,34.19,34.6,-0.41,-1.185,167997.33,578073.188,0.5746,2.1364,0.65,21.7234,26.65,1.9014,6.3266,6.8314,0.5265,0.5265,482725.6868,292354.244,78634.346,16504391.2317,9995591.6024,38.06,31.14,1.015
601995,中金公司,证券,北京,20201102,601995.SH,20240223,34.65,34.95,34.3,34.6,34.57,0.03,0.0868,206788.27,715211.624,0.7073,2.6297,0.7,21.9839,26.9696,1.9242,6.4025,6.9133,0.5202,0.5202,482725.6868,292354.244,78634.346,16702308.7633,10115456.8424,38.03,31.11,1.015
601995,中金公司,证券,北京,20201102,601995.SH,20240222,33.85,34.75,33.8,34.57,34.13,0.44,1.2892,228774.69,785543.041,0.7825,2.9093,0.77,21.9649,26.9462,1.9225,6.3969,6.9073,0.5207,0.5207,482725.6868,292354.244,78634.346,16687826.9927,10106686.2151,37.54,30.72,1.015
601995,中金公司,证券,北京,20201102,601995.SH,20240221,33.8,34.96,33.47,34.13,34.09,0.04,0.1173,294134.33,1008796.981,1.0061,3.7405,1.01,21.6853,26.6033,1.898,6.3155,6.8194,0.5274,0.5274,482725.6868,292354.244,78634.346,16475427.6905,9978050.3477,37.5,30.68,1.015
601995,中金公司,证券,北京,20201102,601995.SH,20240220,33.37,34.47,33.23,34.09,33.63,0.46,1.3678,258158.53,874101.397,0.883,3.283,0.9,21.6599,26.5721,1.8958,6.3081,6.8114,0.528,0.528,482725.6868,292354.244,78634.346,16456118.663,9966356.178,36.99,30.27,1.015
601995,中金公司,证券,北京,20201102,601995.SH,20240219,33.3,33.64,32.71,33.63,34.54,-0.91,-2.6346,301439.14,1002123.287,1.0311,3.8334,1.11,21.3676,26.2135,1.8702,6.223,6.7195,0.5352,0.5352,482725.6868,292354.244,78634.346,16234064.8471,9831873.2257,37.99,31.09,1.015
601995,中金公司,证券,北京,20201102,601995.SH,20240208,33.83,35.73,33.7,34.54,32.55,1.99,6.1137,390841.25,1355496.398,1.3369,4.9704,1.77,21.9458,26.9228,1.9208,6.3913,6.9013,0.5211,0.5211,482725.6868,292354.244,78634.346,16673345.2221,10097915.5878,35.81,29.3,1.015
601995,中金公司,证券,北京,20201102,601995.SH,20240207,32.5,33.1,32.05,32.55,32.48,0.07,0.2155,236036.56,768422.157,0.8074,3.0017,1.16,20.6814,25.3717,1.8102,6.0231,6.5037,0.553,0.553,482725.6868,292354.244,78634.346,15712721.1053,9516130.6422,35.73,29.23,1.015
601995,中金公司,证券,北京,20201102,601995.SH,20240206,29.99,32.93,29.51,32.48,30.78,1.7,5.5231,262659.34,828394.062,0.8984,3.3403,1.43,20.637,25.3171,1.8063,6.0102,6.4897,0.5542,0.5542,482725.6868,292354.244,78634.346,15678930.3073,9495665.8451,33.86,27.7,1.015
601995,中金公司,证券,北京,20201102,601995.SH,20240205,31.02,31.93,30.31,30.78,31.12,-0.34,-1.0925,238542.96,744545.433,0.8159,3.0336,1.41,19.5568,23.992,1.7117,5.6956,6.1501,0.5848,0.5848,482725.6868,292354.244,78634.346,14858296.6397,8998663.6303,34.23,28.01,1.015
601995,中金公司,证券,北京,20201102,601995.SH,20240202,32.05,32.47,30.2,31.12,32.21,-1.09,-3.384,227270.31,711970.326,0.7774,2.8902,1.35,19.7728,24.2571,1.7306,5.7585,6.218,0.5784,0.5784,482725.6868,292354.244,78634.346,15022423.3732,9098064.0733,35.43,28.99,1.015
601995,中金公司,证券,北京,20201102,601995.SH,20240201,32.01,32.8,31.8,32.21,32.32,-0.11,-0.3403,139600.36,451189.306,0.4775,1.7753,0.67,20.4654,25.1067,1.7912,5.9602,6.4358,0.5588,0.5588,482725.6868,292354.244,78634.346,15548594.3718,9416730.1992,35.55,29.09,1.015
601995,中金公司,证券,北京,20201102,601995.SH,20240131,32.55,33.2,32.17,32.32,32.95,-0.63,-1.912,151819.59,495736.121,0.5193,1.9307,0.65,20.5353,25.1924,1.7974,5.9806,6.4578,0.5569,0.5569,482725.6868,292354.244,78634.346,15601694.1974,9448889.1661,36.25,29.66,1.015
601995,中金公司,证券,北京,20201102,601995.SH,20240130,33.42,33.66,32.87,32.95,33.76,-0.81,-2.3993,163008.46,541852.991,0.5576,2.073,0.69,20.9356,25.6835,1.8324,6.0971,6.5836,0.5463,0.5463,482725.6868,292354.244,78634.346,15905811.3801,9633072.3398,37.14,30.38,1.015
601995,中金公司,证券,北京,20201102,601995.SH,20240129,34.32,34.59,33.75,33.76,34.28,-0.52,-1.5169,166041.11,567533.897,0.5679,2.1116,0.71,21.4502,26.3149,1.8774,6.247,6.7455,0.5332,0.5332,482725.6868,292354.244,78634.346,16296819.1864,9869879.2774,37.71,30.85,1.015
601995,中金公司,证券,北京,20201102,601995.SH,20240126,34.01,34.84,33.8,34.28,34.34,-0.06,-0.1747,222986.87,763420.373,0.7627,2.8357,1.06,21.7806,26.7202,1.9064,6.3432,6.8494,0.5251,0.5251,482725.6868,292354.244,78634.346,16547836.5435,10021903.4843,37.77,30.91,1.015
601995,中金公司,证券,北京,20201102,601995.SH,20240125,33.1,34.96,32.92,34.34,33.44,0.9,2.6914,339837.04,1150345.028,1.1624,4.3217,1.86,21.8188,26.7669,1.9097,6.3543,6.8614,0.5242,0.5242,482725.6868,292354.244,78634.346,16576800.0847,10039444.739,36.78,30.1,1.015
601995,中金公司,证券,北京,20201102,601995.SH,20240124,32.69,33.78,31.96,33.44,32.22,1.22,3.7865,283111.49,932504.845,0.9684,3.6004,1.94,21.2469,26.0654,1.8596,6.1878,6.6816,0.5383,0.5383,482725.6868,292354.244,78634.346,16142346.9666,9776325.9194,35.44,29.0,1.015
601995,中金公司,证券,北京,20201102,601995.SH,20240123,31.5,32.54,31.28,32.22,31.62,0.6,1.8975,165649.7,529558.595,0.5666,2.1066,1.19,20.4718,25.1145,1.7918,5.9621,6.4378,0.5587,0.5587,482725.6868,292354.244,78634.346,15553421.6287,9419653.7417,34.78,28.46,1.015
601995,中金公司,证券,北京,20201102,601995.SH,20240122,32.38,32.66,31.13,31.62,32.61,-0.99,-3.0359,155688.33,499156.171,0.5325,1.9799,1.23,20.0905,24.6468,1.7584,5.851,6.3179,0.5693,0.5693,482725.6868,292354.244,78634.346,15263786.2166,9244241.1953,35.87,29.35,1.015
601995,中金公司,证券,北京,20201102,601995.SH,20240119,33.02,33.1,32.61,32.61,33.17,-0.56,-1.6883,109539.5,359330.971,0.3747,1.393,0.84,20.7196,25.4185,1.8135,6.0342,6.5157,0.552,0.552,482725.6868,292354.244,78634.346,15741684.6465,9533671.8968,36.49,29.85,1.015
601995,中金公司,证券,北京,20201102,601995.SH,20240118,32.5,33.31,31.99,33.17,32.79,0.38,1.1589,201961.9,655540.873,0.6908,2.5684,1.61,21.0754,25.855,1.8446,6.1378,6.6276,0.5427,0.5427,482725.6868,292354.244,78634.346,16012011.0312,9697390.2735,36.07,29.51,1.015
601995,中金公司,证券,北京,20201102,601995.SH,20240117,33.2,33.25,32.79,32.79,33.4,-0.61,-1.8263,98016.62,324229.913,0.3353,1.2465,0.76,20.8339,25.5588,1.8235,6.0675,6.5517,0.5489,0.5489,482725.6868,292354.244,78634.346,15828575.2702,9586295.6608,36.74,30.06,1.015
601995,中金公司,证券,北京,20201102,601995.SH,20240116,33.0,33.47,32.82,33.4,33.05,0.35,1.059,131196.96,434978.415,0.4488,1.6684,0.94,21.2215,26.0342,1.8574,6.1804,6.6736,0.5389,0.5389,482725.6868,292354.244,78634.346,16123037.9391,9764631.7496,36.36,29.75,1.015
601995,中金公司,证券,北京,20201102,601995.SH,20240115,33.0,33.42,32.78,33.05,33.2,-0.15,-0.4518,90015.67,297660.414,0.3079,1.1447,0.5,20.9991,25.7614,1.838,6.1156,6.6036,0.5446,0.5446,482725.6868,292354.244,78634.346,15954083.9487,9662307.7642,36.52,29.88,1.015
601995,中金公司,证券,北京,20201102,601995.SH,20240112,33.51,33.63,33.2,33.2,33.7,-0.5,-1.4837,132992.9,443793.804,0.4549,1.6913,0.75,21.0944,25.8784,1.8463,6.1434,6.6336,0.5422,0.5422,482725.6868,292354.244,78634.346,16026492.8018,9706160.9008,37.07,30.33,1.015
601995,中金公司,证券,北京,20201102,601995.SH,20240111,33.89,33.93,33.4,33.7,33.9,-0.2,-0.59,173536.23,583989.883,0.5936,2.2069,1.04,21.4121,26.2681,1.8741,6.2359,6.7335,0.5341,0.5341,482725.6868,292354.244,78634.346,16267855.6452,9852338.0228,37.29,30.51,1.015
601995,中金公司,证券,北京,20201102,601995.SH,20240110,33.9,34.36,33.67,33.9,33.96,-0.06,-0.1767,114184.55,388150.564,0.3906,1.4521,0.69,21.5392,26.424,1.8852,6.2729,6.7735,0.531,0.531,482725.6868,292354.244,78634.346,16364400.7825,9910808.8716,37.36,30.56,1.015
601995,中金公司,证券,北京,20201102,601995.SH,20240109,34.17,34.43,33.66,33.96,34.3,-0.34,-0.9913,184729.51,627803.624,0.6319,2.3492,1.23,21.5773,26.4707,1.8886,6.284,6.7855,0.53,0.53,482725.6868,292354.244,78634.346,16393364.3237,9928350.1262,37.73,30.87,1.015
601995,中金公司,证券,北京,20201102,601995.SH,20240108,35.7,36.07,33.97,34.3,36.44,-2.14,-5.8727,294334.77,1016700.935,1.0068,3.7431,2.44,21.7933,26.7358,1.9075,6.3469,6.8534,0.5248,0.5248,482725.6868,292354.244,78634.346,16557491.0572,10027750.5692,40.08,32.8,1.015
601995,中金公司,证券,北京,20201102,601995.SH,20240105,36.8,37.14,36.28,36.44,36.85,-0.41,-1.1126,122636.38,450578.837,0.4195,1.5596,0.91,23.153,28.4038,2.0265,6.7429,7.281,0.494,0.494,482725.6868,292354.244,78634.346,17590524.027,10653388.6514,40.54,33.17,1.015
601995,中金公司,证券,北京,20201102,601995.SH,20240104,37.16,37.16,36.42,36.85,37.28,-0.43,-1.1534,114458.51,420287.823,0.3915,1.4556,0.83,23.4135,28.7234,2.0493,6.8188,7.3629,0.4885,0.4885,482725.6868,292354.244,78634.346,17788441.5586,10773253.8914,41.01,33.55,1.015
601995,中金公司,证券,北京,20201102,601995.SH,20240103,37.28,37.65,36.92,37.28,37.31,-0.03,-0.0804,105639.29,393460.654,0.3613,1.3434,0.75,23.6868,29.0586,2.0732,6.8984,7.4488,0.4828,0.4828,482725.6868,292354.244,78634.346,17996013.6039,10898966.2163,41.04,33.58,1.015
601995,中金公司,证券,北京,20201102,601995.SH,20240102,37.98,37.98,37.28,37.31,38.05,-0.74,-1.9448,115056.25,431213.502,0.3936,1.4632,0.83,23.7058,29.082,2.0749,6.9039,7.4548,0.4824,0.4824,482725.6868,292354.244,78634.346,18010495.3745,10907736.8436,41.86,34.25,1.015
601995,中金公司,证券,北京,20201102,601995.SH,20231229,37.73,38.28,37.52,38.05,37.81,0.24,0.6348,145169.28,550482.254,0.4966,1.8461,1.1,24.176,29.6588,2.116,7.0408,7.6027,0.7884,0.4731,482725.6868,292354.244,78634.346,18367712.3827,11124078.9842,41.59,34.03,1.015
601995,中金公司,证券,北京,20201102,601995.SH,20231228,36.7,37.96,36.63,37.81,36.86,0.95,2.5773,194244.89,727411.886,0.6644,2.4702,1.64,24.0235,29.4717,2.1027,6.9964,7.5547,0.7934,0.4761,482725.6868,292354.244,78634.346,18251858.2179,11053913.9656,40.55,33.17,1.015
601995,中金公司,证券,北京,20201102,601995.SH,20231227,36.39,37.2,36.15,36.86,36.38,0.48,1.3194,127583.53,468522.573,0.4364,1.6225,0.98,23.4199,28.7312,2.0498,6.8206,7.3649,0.8139,0.4883,482725.6868,292354.244,78634.346,17793268.8154,10776177.4338,40.02,32.74,1.015
601995,中金公司,证券,北京,20201102,601995.SH,20231226,36.94,37.05,36.11,36.38,36.94,-0.56,-1.516,124464.5,454641.232,0.4257,1.5828,0.95,23.1149,28.3571,2.0231,6.7318,7.269,0.8246,0.4948,482725.6868,292354.244,78634.346,17561560.4858,10635847.3967,40.63,33.25,1.015
601995,中金公司,证券,北京,20201102,601995.SH,20231225,37.11,37.35,36.85,36.94,37.43,-0.49,-1.3091,98128.29,363270.343,0.3356,1.2479,0.72,23.4707,28.7936,2.0543,6.8354,7.3809,0.8121,0.4873,482725.6868,292354.244,78634.346,17831886.8704,10799565.7734,41.17,33.69,1.015
601995,中金公司,证券,北京,20201102,601995.SH,20231222,37.16,37.56,36.92,37.43,37.2,0.23,0.6183,115490.65,430719.437,0.395,1.4687,0.84,23.7821,29.1755,2.0815,6.9261,7.4788,0.8015,0.4809,482725.6868,292354.244,78634.346,18068422.4569,10942819.3529,40.92,33.48,1.015
601995,中金公司,证券,北京,20201102,601995.SH,20231221,37.3,37.52,37.05,37.2,37.35,-0.15,-0.4016,127857.04,476039.534,0.4373,1.626,0.96,23.6359,28.9962,2.0687,6.8836,7.4328,0.8065,0.4839,482725.6868,292354.244,78634.346,17957395.549,10875577.8768,41.09,33.62,1.015
601995,中金公司,证券,北京,20201102,601995.SH,20231220,38.47,38.62,37.31,37.35,38.63,-1.28,-3.3135,182889.92,689790.954,0.6256,2.3258,1.5,23.7312,29.1131,2.0771,6.9113,7.4628,0.8032,0.4819,482725.6868,292354.244,78634.346,18029804.402,10919431.0134,42.49,34.77,1.015
601995,中金公司,证券,北京,20201102,601995.SH,20231219,38.71,39.08,38.2,38.63,38.87,-0.24,-0.6174,129016.91,498552.283,0.4413,1.6407,1.04,24.5445,30.1109,2.1483,7.1482,7.7186,0.7766,0.466,482725.6868,292354.244,78634.346,18647693.2811,11293644.4457,42.76,34.98,1.015
601995,中金公司,证券,北京,20201102,601995.SH,20231218,39.15,39.5,38.62,38.87,39.17,-0.3,-0.7659,122038.19,476279.186,0.4174,1.552,0.83,24.697,30.2979,2.1616,7.1926,7.7665,0.7718,0.4631,482725.6868,292354.244,78634.346,18763547.4459,11363809.4643,43.09,35.25,1.015
601995,中金公司,证券,北京,20201102,601995.SH,20231215,39.07,39.58,38.9,39.17,39.01,0.16,0.4102,126291.95,495325.647,0.432,1.6061,0.83,24.8876,30.5318,2.1783,7.2481,7.8265,0.7659,0.4595,482725.6868,292354.244,78634.346,18908365.152,11451515.7375,42.91,35.11,1.015
601995,中金公司,证券,北京,20201102,601995.SH,20231214,39.5,39.65,38.93,39.01,39.37,-0.36,-0.9144,105884.53,415955.659,0.3622,1.3465,0.67,24.7859,30.4071,2.1694,7.2185,7.7945,0.769,0.4614,482725.6868,292354.244,78634.346,18831129.0421,11404739.0584,43.31,35.43,1.015
601995,中金公司,证券,北京,20201102,601995.SH,20231213,39.91,39.97,39.33,39.37,40.17,-0.8,-1.9915,128032.55,505689.084,0.4379,1.6282,0.79,25.0147,30.6877,2.1894,7.2851,7.8664,0.762,0.4572,482725.6868,292354.244,78634.346,19004910.2893,11509986.5863,44.19,36.15,1.015
601995,中金公司,证券,北京,20201102,601995.SH,20231212,40.25,40.47,39.9,40.17,40.49,-0.32,-0.7903,139393.52,559745.204,0.4768,1.7727,0.81,25.523,31.3112,2.2339,7.4331,8.0263,0.7468,0.4481,482725.6868,292354.244,78634.346,19391090.8388,11743869.9815,44.54,36.44,1.015
601995,中金公司,证券,北京,20201102,601995.SH,20231211,39.69,40.88,39.15,40.49,39.63,0.86,2.1701,237122.95,949741.517,0.8111,3.0155,1.45,25.7263,31.5607,2.2517,7.4923,8.0902,0.7409,0.4446,482725.6868,292354.244,78634.346,19545563.0585,11837423.3396,43.59,35.67,1.015
601995,中金公司,证券,北京,20201102,601995.SH,20231208,40.05,40.22,39.51,39.63,40.03,-0.4,-0.9993,151164.45,601393.253,0.5171,1.9224,0.89,25.1799,30.8903,2.2039,7.3332,7.9184,0.757,0.4542,482725.6868,292354.244,78634.346,19130418.9679,11585998.6897,44.03,36.03,1.015
601995,中金公司,证券,北京,20201102,601995.SH,20231207,39.8,40.38,39.71,40.03,39.93,0.1,0.2504,135694.94,544227.191,0.4641,1.7256,0.7,25.434,31.2021,2.2261,7.4072,7.9983,0.7494,0.4497,482725.6868,292354.244,78634.346,19323509.2426,11702940.3873,43.92,35.94,1.015
601995,中金公司,证券,北京,20201102,601995.SH,20231206,40.01,40.52,39.81,39.93,40.24,-0.31,-0.7704,145391.85,582308.217,0.4973,1.849,0.68,25.3705,31.1242,2.2206,7.3887,7.9783,0.7513,0.4508,482725.6868,292354.244,78634.346,19275236.6739,11673704.9629,44.26,36.22,1.015
601995,中金公司,证券,北京,20201102,601995.SH,20231205,40.54,41.18,40.2,40.24,40.7,-0.46,-1.1302,195121.26,793482.419,0.6674,2.4814,0.89,25.5675,31.3658,2.2378,7.4461,8.0402,0.7455,0.4473,482725.6868,292354.244,78634.346,19424881.6368,11764334.7786,44.77,36.63,1.015
601995,中金公司,证券,北京,20201102,601995.SH,20231204,40.3,41.28,40.21,40.7,40.5,0.2,0.4938,191531.44,780174.715,0.6551,2.4059,0.82,25.8597,31.7244,2.2634,7.5312,8.1322,0.7371,0.4423,482725.6868,292354.244,79610.346,19646935.4528,11898817.7308,44.55,36.45,1.015
601995,中金公司,证券,北京,20201102,601995.SH,20231201,40.31,40.87,40.07,40.5,40.6,-0.1,-0.2463,183135.83,740423.14,0.6264,2.3004,0.78,25.7327,31.5685,2.2523,7.4942,8.0922,0.7407,0.4444,482725.6868,292354.244,79610.346,19550390.3154,11840346.882,44.66,36.54,1.015
601995,中金公司,证券,北京,20201102,601995.SH,20231130,39.99,41.24,39.88,40.6,39.88,0.72,1.8054,250336.93,1017503.648,0.8563,3.1445,1.06,25.7962,31.6464,2.2578,7.5127,8.1122,0.7389,0.4433,482725.6868,292354.244,79610.346,19598662.8841,11869582.3064,43.87,35.89,1.015
601995,中金公司,证券,北京,20201102,601995.SH,20231129,39.58,40.35,39.2,39.88,39.49,0.39,0.9876,242483.92,968101.012,2.6084,3.2842,1.05,25.3387,31.0852,2.2178,7.3795,7.9683,0.7523,0.4514,482725.6868,92962.1281,73833.7981,19251100.3896,3707329.6686,43.44,35.54,1.015
601995,中金公司,证券,北京,20201102,601995.SH,20231128,39.95,40.29,39.05,39.49,40.18,-0.69,-1.7173,223501.47,884257.694,2.4042,3.0271,0.85,25.0909,30.7812,2.1961,7.3073,7.8904,0.7597,0.4558,482725.6868,92962.1281,73833.7981,19062837.3717,3671074.4387,44.2,36.16,1.015
601995,中金公司,证券,北京,20201102,601995.SH,20231127,39.87,40.45,39.5,40.18,41.06,-0.88,-2.1432,263645.59,1054402.786,2.8361,3.5708,0.93,25.5293,31.319,2.2345,7.435,8.0283,0.7466,0.448,482725.6868,92962.1281,73833.7981,19395918.0956,3735218.3071,45.17,36.95,1.015
601995,中金公司,证券,北京,20201102,601995.SH,20231124,41.18,41.9,40.93,41.06,41.41,-0.35,-0.8452,190794.48,786309.058,2.0524,2.5841,0.56,26.0885,32.005,2.2834,7.5978,8.2041,0.7306,0.4384,482725.6868,92962.1281,73833.7981,19820716.7,3817024.9798,45.55,37.27,1.015
601995,中金公司,证券,北京,20201102,601995.SH,20231123,41.77,41.93,40.83,41.41,41.8,-0.39,-0.933,261775.46,1079467.177,2.8159,3.5455,0.65,26.3108,32.2778,2.3029,7.6626,8.274,0.7245,0.4347,482725.6868,92962.1281,73833.7981,19989670.6904,3849561.7246,45.98,37.62,1.015
601995,中金公司,证券,北京,20201102,601995.SH,20231122,41.7,42.34,41.58,41.8,41.8,0.0,0.0,218501.68,916162.576,2.3504,2.9594,0.41,26.5586,32.5818,2.3246,7.7348,8.3519,0.7177,0.4306,482725.6868,92962.1281,73833.7981,20177933.7082,3885816.9546,45.98,37.62,1.015
601995,中金公司,证券,北京,20201102,601995.SH,20231121,42.98,43.13,41.79,41.8,42.75,-0.95,-2.2222,384873.37,1627622.242,4.1401,5.2127,0.57,26.5586,32.5818,2.3246,7.7348,8.3519,0.7177,0.4306,482725.6868,92962.1281,73833.7981,20177933.7082,3885816.9546,47.03,38.48,1.015
601995,中金公司,证券,北京,20201102,601995.SH,20231120,43.4,43.5,42.35,42.75,43.95,-1.2,-2.7304,362550.94,1551005.692,3.9,4.9104,0.57,27.1622,33.3223,2.3774,7.9105,8.5418,0.7018,0.4211,482725.6868,92962.1281,73833.7981,20636523.1107,3974130.9763,48.35,39.56,1.015
601995,中金公司,证券,北京,20201102,601995.SH,20231117,42.88,44.25,42.81,43.95,43.34,0.61,1.4075,482072.51,2106947.96,5.1857,6.5292,0.85,27.9247,34.2576,2.4441,8.1326,8.7815,0.6826,0.4096,482725.6868,92962.1281,73833.7981,21215793.9349,4085685.53,47.67,39.01,1.015
601995,中金公司,证券,北京,20201102,601995.SH,20231116,42.28,44.1,42.0,43.34,42.71,0.63,1.4751,566461.84,2445155.988,6.0935,7.6721,1.16,27.5371,33.7822,2.4102,8.0197,8.6596,0.6922,0.4153,482725.6868,92962.1281,73833.7981,20921331.2659,4028978.6319,46.98,38.44,1.015
601995,中金公司,证券,北京,20201102,601995.SH,20231115,42.43,45.3,41.99,42.71,42.41,0.3,0.7074,891656.33,3876091.95,9.5916,12.0765,2.6,27.1368,33.2911,2.3752,7.9031,8.5338,0.7024,0.4214,482725.6868,92962.1281,73833.7981,20617214.0832,3970412.4912,46.65,38.17,1.015
601995,中金公司,证券,北京,20201102,601995.SH,20231114,39.16,43.13,38.85,42.41,39.21,3.2,8.1612,1051580.74,4446100.973,11.3119,14.2425,5.97,26.9462,33.0573,2.3585,7.8476,8.4738,0.7074,0.4244,482725.6868,92962.1281,73833.7981,20472396.3772,3942523.8527,43.13,35.29,1.015
601995,中金公司,证券,北京,20201102,601995.SH,20231113,39.06,39.54,38.61,39.21,38.9,0.31,0.7969,187771.57,734417.274,2.0199,2.5432,0.84,24.913,30.563,2.1805,7.2555,7.8344,0.7651,0.4591,482725.6868,92962.1281,73833.7981,18927674.1794,3645045.0428,42.79,35.01,1.015
601995,中金公司,证券,北京,20201102,601995.SH,20231110,38.66,39.1,38.55,38.9,38.83,0.07,0.1803,127339.15,494782.543,1.3698,1.7247,0.59,24.7161,30.3213,2.1633,7.1981,7.7725,0.7712,0.4627,482725.6868,92962.1281,73833.7981,18778029.2165,3616226.7831,42.71,34.95,1.015
601995,中金公司,证券,北京,20201102,601995.SH,20231109,38.6,38.9,38.25,38.83,38.64,0.19,0.4917,188629.19,728621.046,2.0291,2.5548,1.0,24.6716,30.2668,2.1594,7.1852,7.7585,0.7726,0.4636,482725.6868,92962.1281,73833.7981,18744238.4184,3609719.4341,42.5,34.78,1.015
601995,中金公司,证券,北京,20201102,601995.SH,20231108,39.15,39.27,38.43,38.64,39.22,-0.58,-1.4788,161880.67,627998.399,1.7414,2.1925,0.93,24.5509,30.1187,2.1488,7.15,7.7206,0.7764,0.4658,482725.6868,92962.1281,73833.7981,18652520.538,3592056.6298,43.14,35.3,1.015
601995,中金公司,证券,北京,20201102,601995.SH,20231107,38.6,39.42,38.53,39.22,38.98,0.24,0.6157,215518.94,843775.541,2.3184,2.919,1.39,24.9194,30.5708,2.1811,7.2573,7.8364,0.7649,0.4589,482725.6868,92962.1281,73833.7981,18932501.4363,3645974.6641,42.88,35.08,1.015
601995,中金公司,证券,北京,20201102,601995.SH,20231106,38.19,39.58,37.78,38.98,36.66,2.32,6.3284,422763.66,1626322.662,4.5477,5.7259,4.1,24.7669,30.3837,2.1677,7.2129,7.7885,0.7696,0.4618,482725.6868,92962.1281,73833.7981,18816647.2715,3623663.7533,40.33,32.99,1.015
601995,中金公司,证券,北京,20201102,601995.SH,20231103,36.5,36.8,36.45,36.66,36.49,0.17,0.4659,87149.52,319037.142,0.9375,0.9375,0.78,23.2928,28.5753,2.0387,6.7836,7.3249,0.8183,0.491,482725.6868,92962.1281,92962.1281,17696723.6781,3407991.6161,40.14,32.84,1.015
601995,中金公司,证券,北京,20201102,601995.SH,20231102,36.52,36.95,36.46,36.49,36.6,-0.11,-0.3005,60341.17,221256.674,0.6491,0.6491,0.5,23.1848,28.4428,2.0293,6.7522,7.291,0.8221,0.4933,482725.6868,92962.1281,92962.1281,17614660.3113,3392188.0544,40.26,32.94,1.015
601995,中金公司,证券,北京,20201102,601995.SH,20231101,37.1,37.16,36.45,36.6,36.84,-0.24,-0.6515,84831.63,311554.37,0.9125,0.9125,0.65,23.2547,28.5285,2.0354,6.7725,7.3129,0.8197,0.4918,482725.6868,92962.1281,92962.1281,17667760.1369,3402413.8885,40.52,33.16,1.015
601995,中金公司,证券,北京,20201102,601995.SH,20231031,37.08,37.4,36.73,36.84,37.34,-0.5,-1.339,121314.3,447867.963,1.305,1.305,0.87,23.4072,28.7156,2.0487,6.8169,7.3609,0.8143,0.4886,482725.6868,92962.1281,92962.1281,17783614.3017,3424724.7992,41.07,33.61,1.015
601995,中金公司,证券,北京,20201102,601995.SH,20231030,36.92,37.61,36.6,37.34,37.23,0.11,0.2955,162045.97,600417.815,1.7431,1.7431,1.3,23.7249,24.636,2.0969,6.9095,6.8337,0.8034,0.4821,482725.6868,92962.1281,92962.1281,18024977.1451,3471205.8633,40.95,33.51,1.015
601995,中金公司,证券,北京,20201102,601995.SH,20231027,36.85,37.37,36.75,37.23,37.04,0.19,0.513,129664.85,481503.754,1.3948,1.3948,1.06,23.655,24.5635,2.0907,6.8891,6.8136,0.8058,0.4835,482725.6868,92962.1281,92962.1281,17971877.3196,3460980.0292,40.74,33.34,1.015
601995,中金公司,证券,北京,20201102,601995.SH,20231026,37.06,37.24,36.75,37.04,37.43,-0.39,-1.0419,103976.52,384448.83,1.1185,1.1185,0.86,23.5343,24.4381,2.08,6.854,6.7788,0.8099,0.486,482725.6868,92962.1281,92962.1281,17880159.4391,3443317.2248,41.17,33.69,1.015
601995,中金公司,证券,北京,20201102,601995.SH,20231025,38.2,38.2,37.29,37.43,37.87,-0.44,-1.1619,137905.0,517753.235,1.4835,1.4835,1.29,23.7821,24.6954,2.1019,6.9261,6.8502,0.8015,0.4809,482725.6868,92962.1281,92962.1281,18068422.4569,3479572.4548,41.66,34.08,1.015
601995,中金公司,证券,北京,20201102,601995.SH,20231024,36.91,38.14,36.91,37.87,36.83,1.04,2.8238,161459.97,607462.465,1.7368,1.7368,1.7,24.0616,24.9857,2.1267,7.0075,6.9307,0.7922,0.4753,482725.6868,92962.1281,92962.1281,18280821.7591,3520475.7911,40.51,33.15,1.015
601995,中金公司,证券,北京,20201102,601995.SH,20231023,37.15,37.22,36.18,36.83,37.23,-0.4,-1.0744,92585.56,339495.254,0.9959,0.9959,1.02,23.4008,24.2996,2.0682,6.8151,6.7404,0.8146,0.4887,482725.6868,92962.1281,92962.1281,17778787.0448,3423795.1779,40.95,33.51,1.015
601995,中金公司,证券,北京,20201102,601995.SH,20231020,36.56,37.45,36.51,37.23,36.79,0.44,1.196,112921.11,419016.448,1.2147,1.2147,1.43,23.655,24.5635,2.0907,6.8891,6.8136,0.8058,0.4835,482725.6868,92962.1281,92962.1281,17971877.3196,3460980.0292,40.47,33.11,1.015
601995,中金公司,证券,北京,20201102,601995.SH,20231019,36.7,37.33,36.58,36.79,36.9,-0.11,-0.2981,98300.16,363837.808,1.0574,1.0574,1.2,23.3754,24.2732,2.066,6.8077,6.733,0.8154,0.4893,482725.6868,92962.1281,92962.1281,17759478.0174,3420076.6928,40.59,33.21,1.015
601995,中金公司,证券,北京,20201102,601995.SH,20231018,37.02,37.29,36.9,36.9,37.18,-0.28,-0.7531,70534.65,261626.448,0.7587,0.7587,0.89,23.4453,24.3457,2.0722,6.828,6.7532,0.813,0.4878,482725.6868,92962.1281,92962.1281,17812577.8429,3430302.5269,40.9,33.46,1.015
601995,中金公司,证券,北京,20201102,601995.SH,20231017,36.92,37.57,36.8,37.18,36.8,0.38,1.0326,100010.74,372516.858,1.0758,1.0758,1.43,23.6232,24.5305,2.0879,6.8799,6.8044,0.8069,0.4841,482725.6868,92962.1281,92962.1281,17947741.0352,3456331.9228,40.48,33.12,1.015
601995,中金公司,证券,北京,20201102,601995.SH,20231016,36.79,37.18,36.55,36.8,36.79,0.01,0.0272,70114.59,258277.508,0.7542,0.7542,0.91,23.3818,24.2798,2.0666,6.8095,6.7349,0.8152,0.4891,482725.6868,92962.1281,92962.1281,17764305.2742,3421006.3141,40.47,33.11,1.015
601995,中金公司,证券,北京,20201102,601995.SH,20231013,36.94,37.13,36.76,36.79,37.37,-0.58,-1.552,56432.04,208151.818,0.607,0.607,0.69,23.3754,24.2732,2.066,6.8077,6.733,0.8154,0.4893,482725.6868,92962.1281,92962.1281,17759478.0174,3420076.6928,41.11,33.63,1.015
601995,中金公司,证券,北京,20201102,601995.SH,20231012,37.5,37.67,36.88,37.37,36.66,0.71,1.9367,112590.71,419107.903,1.2111,1.2111,1.59,23.7439,24.6558,2.0986,6.915,6.8392,0.8028,0.4817,482725.6868,92962.1281,92962.1281,18039458.9157,3473994.7271,40.33,32.99,1.015
601995,中金公司,证券,北京,20201102,601995.SH,20231011,36.87,36.95,36.51,36.66,36.68,-0.02,-0.0545,58493.36,215069.371,0.6292,0.6292,0.83,23.2928,24.1874,2.0587,6.7836,6.7092,0.8183,0.491,482725.6868,92962.1281,92962.1281,17696723.6781,3407991.6161,40.35,33.01,1.015
601995,中金公司,证券,北京,20201102,601995.SH,20231010,36.8,37.04,36.65,36.68,36.69,-0.01,-0.0273,51707.46,190400.946,0.5562,0.5562,0.64,23.3055,24.2006,2.0598,6.7873,6.7129,0.8179,0.4907,482725.6868,92962.1281,92962.1281,17706378.1918,3409850.8587,40.36,33.02,1.015
601995,中金公司,证券,北京,20201102,601995.SH,20231009,37.22,37.3,36.27,36.69,37.46,-0.77,-2.0555,107627.74,393766.807,1.1578,1.1578,1.26,23.3119,24.2072,2.0604,6.7892,6.7147,0.8177,0.4906,482725.6868,92962.1281,92962.1281,17711205.4487,3410780.48,41.21,33.71,1.015
601995,中金公司,证券,北京,20201102,601995.SH,20230928,37.3,37.52,37.03,37.46,37.23,0.23,0.6178,79718.49,297369.586,0.8575,0.8575,0.88,23.8011,24.7152,2.1036,6.9317,6.8556,0.8009,0.4805,482725.6868,92962.1281,92962.1281,18082904.2275,3482361.3186,40.95,33.51,1.015
601995,中金公司,证券,北京,20201102,601995.SH,20230927,37.02,37.55,37.01,37.23,37.25,-0.02,-0.0537,56723.82,211680.919,0.6102,0.6102,0.62,23.655,24.5635,2.0907,6.8891,6.8136,0.8058,0.4835,482725.6868,92962.1281,92962.1281,17971877.3196,3460980.0292,40.98,33.53,1.015
601995,中金公司,证券,北京,20201102,601995.SH,20230926,37.12,37.32,37.06,37.25,37.1,0.15,0.4043,56751.27,211072.772,0.6105,0.6105,0.6,23.6677,24.5767,2.0918,6.8928,6.8172,0.8054,0.4832,482725.6868,92962.1281,92962.1281,17981531.8333,3462839.2717,40.81,33.39,1.015
601995,中金公司,证券,北京,20201102,601995.SH,20230925,37.85,37.88,37.05,37.1,38.15,-1.05,-2.7523,102624.54,383118.967,1.1039,1.1039,1.15,23.5724,24.4777,2.0834,6.8651,6.7898,0.8086,0.4852,482725.6868,92962.1281,92962.1281,17909122.9803,3448894.9525,41.97,34.34,1.015
601995,中金公司,证券,北京,20201102,601995.SH,20230922,37.03,38.25,36.93,38.15,36.95,1.2,3.2476,130204.05,491173.379,1.4006,1.4006,1.65,24.2395,25.1705,2.1424,7.0593,6.9819,0.7864,0.4718,482725.6868,92962.1281,92962.1281,18415984.9514,3546505.187,40.65,33.26,1.015
601995,中金公司,证券,北京,20201102,601995.SH,20230921,37.66,37.88,36.95,36.95,37.7,-0.75,-1.9894,107719.99,401717.708,1.1588,1.1588,1.5,23.4771,24.3787,2.075,6.8373,6.7623,0.8119,0.4871,482725.6868,92962.1281,92962.1281,17836714.1273,3434950.6333,41.47,33.93,1.015
601995,中金公司,证券,北京,20201102,601995.SH,20230920,38.11,38.24,37.7,37.7,38.11,-0.41,-1.0758,63555.17,241660.523,0.6837,0.6837,0.83,23.9536,24.8736,2.1171,6.9761,6.8996,0.7958,0.4775,482725.6868,92962.1281,92962.1281,18198758.3924,3504672.2294,41.92,34.3,1.015
601995,中金公司,证券,北京,20201102,601995.SH,20230919,37.99,38.2,37.82,38.11,37.93,0.18,0.4746,66716.64,253948.59,0.7177,0.7177,0.85,24.2141,25.1441,2.1401,7.0519,6.9746,0.7872,0.4723,482725.6868,92962.1281,92962.1281,18396675.9239,3542786.7019,41.72,34.14,1.015
601995,中金公司,证券,北京,20201102,601995.SH,20230918,37.7,38.3,37.55,37.93,37.94,-0.01,-0.0264,78126.28,296861.679,0.8404,0.8404,0.79,24.0997,25.0253,2.13,7.0186,6.9417,0.7909,0.4746,482725.6868,92962.1281,92962.1281,18309785.3003,3526053.5188,41.73,34.15,1.015
601995,中金公司,证券,北京,20201102,601995.SH,20230915,38.26,38.34,37.78,37.94,38.1,-0.16,-0.4199,79504.22,302365.939,0.8552,0.8552,0.7,24.1061,25.0319,2.1306,7.0205,6.9435,0.7907,0.4744,482725.6868,92962.1281,92962.1281,18314612.5572,3526983.1401,41.91,34.29,1.015
601995,中金公司,证券,北京,20201102,601995.SH,20230914,38.2,38.42,38.01,38.1,38.35,-0.25,-0.6519,72143.0,275443.523,0.776,0.776,0.59,24.2078,25.1375,2.1396,7.0501,6.9728,0.7874,0.4724,482725.6868,92962.1281,92962.1281,18391848.6671,3541857.0806,42.19,34.52,1.015
601995,中金公司,证券,北京,20201102,601995.SH,20230913,38.41,38.47,37.89,38.35,38.49,-0.14,-0.3637,86325.51,329840.505,0.9286,0.9286,0.64,24.3666,25.3024,2.1536,7.0964,7.0185,0.7823,0.4694,482725.6868,92962.1281,92962.1281,18512530.0888,3565097.6126,42.34,34.64,1.015
601995,中金公司,证券,北京,20201102,601995.SH,20230912,38.79,38.79,38.35,38.49,38.9,-0.41,-1.054,78231.11,301256.994,0.8415,0.8415,0.52,24.4556,25.3948,2.1615,7.1223,7.0442,0.7794,0.4677,482725.6868,92962.1281,92962.1281,18580111.6849,3578112.3106,42.79,35.01,1.015
601995,中金公司,证券,北京,20201102,601995.SH,20230911,38.58,39.18,38.17,38.9,38.57,0.33,0.8556,177467.72,686691.01,1.909,2.4607,1.22,24.7161,25.6653,2.1845,7.1981,7.1192,0.7712,0.4627,482725.6868,92962.1281,72121.5481,18778029.2165,3616226.7831,42.43,34.71,1.015
601995,中金公司,证券,北京,20201102,601995.SH,20230908,37.64,38.92,37.5,38.57,37.7,0.87,2.3077,154037.95,589291.749,1.657,2.1358,1.04,24.5064,25.4476,2.166,7.1371,7.0588,0.7778,0.4667,482725.6868,92962.1281,72121.5481,18618729.7399,3585549.2808,41.47,33.93,1.015
601995,中金公司,证券,北京,20201102,601995.SH,20230907,38.0,38.29,37.68,37.7,37.99,-0.29,-0.7634,113779.07,432125.866,1.2239,1.5776,0.63,23.9536,24.8736,2.1171,6.9761,6.8996,0.7958,0.4775,482725.6868,92962.1281,72121.5481,18198758.3924,3504672.2294,41.79,34.19,1.015
601995,中金公司,证券,北京,20201102,601995.SH,20230906,38.26,38.26,37.6,37.99,38.4,-0.41,-1.0677,149765.8,568256.433,1.611,2.0766,0.72,24.1379,25.0649,2.1334,7.0297,6.9526,0.7897,0.4738,482725.6868,92962.1281,72121.5481,18338748.8415,3531631.2465,42.24,34.56,1.015
601995,中金公司,证券,北京,20201102,601995.SH,20230905,39.09,39.1,38.28,38.4,39.37,-0.97,-2.4638,163890.27,633994.973,1.763,2.2724,0.61,24.3984,25.3354,2.1564,7.1056,7.0277,0.7813,0.4688,482725.6868,92962.1281,72121.5481,18536666.3731,3569745.719,43.31,35.43,1.015
601995,中金公司,证券,北京,20201102,601995.SH,20230904,39.24,39.46,38.75,39.37,39.23,0.14,0.3569,144440.61,566131.752,1.5538,2.0027,0.37,25.0147,25.9754,2.2109,7.2851,7.2052,0.762,0.4572,482725.6868,92962.1281,72121.5481,19004910.2893,3659918.9833,43.15,35.31,1.015
601995,中金公司,证券,北京,20201102,601995.SH,20230901,39.02,39.48,38.8,39.23,39.0,0.23,0.5897,170707.92,667585.452,1.8363,2.3669,0.39,24.9257,25.883,2.203,7.2592,7.1796,0.7647,0.4588,482725.6868,92962.1281,72121.5481,18937328.6932,3646904.2854,42.9,35.1,1.015
601995,中金公司,证券,北京,20201102,601995.SH,20230831,40.04,40.37,39.0,39.0,40.53,-1.53,-3.775,268355.69,1060238.336,2.8867,3.7209,0.57,24.7796,25.7313,2.1901,7.2166,7.1375,0.7692,0.4615,482725.6868,92962.1281,72121.5481,18826301.7852,3625522.9959,44.58,36.48,1.015
601995,中金公司,证券,北京,20201102,601995.SH,20230830,41.28,41.29,40.33,40.53,41.61,-1.08,-2.5955,286079.07,1165889.532,3.0774,3.9666,0.59,25.7517,23.8758,2.3287,7.4997,7.1863,0.7402,0.4441,482725.6868,92962.1281,72121.5481,19564872.086,3767755.0519,45.77,37.45,1.015
601995,中金公司,证券,北京,20201102,601995.SH,20230829,42.5,42.59,40.71,41.61,42.86,-1.25,-2.9165,474209.31,1969177.42,5.1011,6.5751,0.97,26.4379,24.512,2.3907,7.6996,7.3778,0.721,0.4326,482725.6868,92962.1281,72121.5481,20086215.8277,3868154.1502,47.15,38.57,1.015
601995,中金公司,证券,北京,20201102,601995.SH,20230828,47.47,47.47,42.82,42.86,43.15,-0.29,-0.6721,750650.6,3399944.901,8.0748,10.4081,1.89,27.2321,25.2483,2.4625,7.9309,7.5994,0.7,0.42,482725.6868,92962.1281,72121.5481,20689622.9362,3984356.8104,47.47,38.84,1.015
601995,中金公司,证券,北京,20201102,601995.SH,20230825,42.28,43.4,42.05,43.15,42.53,0.62,1.4578,409004.16,1751381.876,4.3997,5.671,1.09,27.4164,25.4192,2.4792,7.9846,7.6509,0.6952,0.4171,482725.6868,92962.1281,72121.5481,20829613.3854,4011315.8275,46.78,38.28,1.015
601995,中金公司,证券,北京,20201102,601995.SH,20230824,41.3,43.36,41.28,42.53,41.39,1.14,2.7543,425604.87,1812113.386,4.5783,5.9012,1.28,27.0225,25.0539,2.4436,7.8698,7.5409,0.7054,0.4232,482725.6868,92962.1281,72121.5481,20530323.4596,3953679.3081,45.53,37.25,1.015
601995,中金公司,证券,北京,20201102,601995.SH,20230823,41.23,42.42,40.53,41.39,41.8,-0.41,-0.9809,364359.24,1513866.485,3.9194,5.052,1.14,26.2981,24.3824,2.3781,7.6589,7.3388,0.7248,0.4349,482725.6868,92962.1281,72121.5481,19980016.1767,3847702.4821,45.98,37.62,1.015
601995,中金公司,证券,北京,20201102,601995.SH,20230822,40.05,42.68,40.05,41.8,40.19,1.61,4.006,495795.87,2063829.262,5.3333,6.8744,1.84,26.5586,24.6239,2.4016,7.7348,7.4115,0.7177,0.4306,482725.6868,92962.1281,72121.5481,20177933.7082,3885816.9546,44.21,36.17,1.015
601995,中金公司,证券,北京,20201102,601995.SH,20230821,40.84,42.33,39.72,40.19,40.83,-0.64,-1.5675,294227.53,1198285.286,3.165,4.0796,0.99,25.5357,23.6755,2.3091,7.4368,7.126,0.7465,0.4479,482725.6868,92962.1281,72121.5481,19400745.3525,3736147.9283,44.91,36.75,1.015
601995,中金公司,证券,北京,20201102,601995.SH,20230818,40.42,42.4,40.42,40.83,40.33,0.5,1.2398,300089.5,1245490.481,3.2281,4.1609,0.9,25.9423,24.0525,2.3459,7.5553,7.2395,0.7348,1.1756,482725.6868,92962.1281,72121.5481,19709689.792,3795643.6903,44.36,36.3,1.015
601995,中金公司,证券,北京,20201102,601995.SH,20230817,40.5,41.1,39.9,40.51,40.79,-0.28,-0.6864,202443.33,818463.834,2.1777,2.807,0.52,25.739,23.864,2.3037,7.496,7.1828,0.7406,0.7406,482725.6868,92962.1281,72121.5481,19555217.5723,3765895.8093,44.87,36.71,1.01
601995,中金公司,证券,北京,20201102,601995.SH,20230816,39.8,41.77,39.39,40.79,40.1,0.69,1.7207,301130.26,1230370.059,3.2393,4.1753,0.67,25.9169,24.0289,2.3196,7.5479,7.2324,0.7355,0.7355,482725.6868,92962.1281,72121.5481,19690380.7646,3791925.2052,44.11,36.09,1.01
601995,中金公司,证券,北京,20201102,601995.SH,20230815,39.58,40.36,39.38,40.1,39.57,0.53,1.3394,250190.11,997761.555,2.6913,3.469,0.41,25.4785,23.6224,2.2804,7.4202,7.1101,0.7481,0.7481,482725.6868,92962.1281,72121.5481,19357300.0407,3727781.3368,43.53,35.61,1.01
601995,中金公司,证券,北京,20201102,601995.SH,20230814,38.4,40.43,38.38,39.57,41.18,-1.61,-3.9097,426300.28,1685967.868,4.5857,5.9109,0.74,25.1418,23.3102,2.2502,7.3221,7.0161,0.7582,0.7582,482725.6868,92962.1281,72121.5481,19101455.4267,3678511.4089,45.3,37.06,1.01
601995,中金公司,证券,北京,20201102,601995.SH,20230811,43.0,43.1,40.97,41.18,43.77,-2.59,-5.9173,490997.29,2055556.919,5.2817,7.2526,0.82,26.1647,24.2587,2.3418,7.62,7.3016,0.7285,0.7285,482725.6868,92962.1281,67699.8481,19878643.7824,3828180.4352,48.15,39.39,1.01
601995,中金公司,证券,北京,20201102,601995.SH,20230810,42.9,43.86,42.64,43.77,43.4,0.37,0.8525,472186.02,2040841.141,5.0793,6.9747,0.82,27.8103,25.7844,2.4891,8.0993,7.7608,0.6854,0.6854,482725.6868,92962.1281,67699.8481,21128903.3112,4068952.3469,47.74,39.06,1.01
601995,中金公司,证券,北京,20201102,601995.SH,20230809,43.1,43.52,42.4,43.4,44.2,-0.8,-1.81,602269.13,2587442.065,6.4787,8.8962,1.21,27.5752,25.5664,2.468,8.0308,7.6952,0.6912,0.6912,482725.6868,92962.1281,67699.8481,20950294.8071,4034556.3595,48.62,39.78,1.01
601995,中金公司,证券,北京,20201102,601995.SH,20230808,41.0,45.54,40.3,44.2,41.4,2.8,6.7633,1058483.43,4693804.092,11.3862,15.6349,3.03,28.0835,26.0377,2.5135,8.1789,7.837,0.6787,0.6787,482725.6868,92962.1281,67699.8481,21336475.3566,4108926.062,45.54,37.26,1.01
601995,中金公司,证券,北京,20201102,601995.SH,20230807,40.65,41.41,40.14,41.4,41.43,-0.03,-0.0724,273714.64,1117924.095,2.9444,4.0431,0.73,26.3045,24.3883,2.3543,7.6607,7.3406,0.7246,0.7246,482725.6868,92962.1281,67699.8481,19984843.4335,3848632.1033,45.57,37.29,1.01
601995,中金公司,证券,北京,20201102,601995.SH,20230804,42.0,43.38,41.28,41.43,41.39,0.04,0.0966,570423.75,2409848.536,6.1361,8.4258,1.5,26.3236,24.4059,2.356,7.6663,7.3459,0.7241,0.7241,482725.6868,92962.1281,67699.8481,19999325.2041,3851420.9672,45.53,37.25,1.01
601995,中金公司,证券,北京,20201102,601995.SH,20230803,40.16,41.63,39.5,41.39,40.08,1.31,3.2685,360582.25,1471112.447,3.8788,5.3262,1.1,26.2981,24.3824,2.3537,7.6589,7.3388,0.7248,0.7248,482725.6868,92962.1281,67699.8481,19980016.1767,3847702.4821,44.09,36.07,1.01
601995,中金公司,证券,北京,20201102,601995.SH,20230802,39.42,40.84,39.2,40.08,39.42,0.66,1.6743,230651.04,924140.545,2.4811,3.407,0.74,25.4658,23.6107,2.2792,7.4165,7.1065,0.7485,0.7485,482725.6868,92962.1281,67699.8481,19347645.5269,3725922.0942,43.36,35.48,1.01
601995,中金公司,证券,北京,20201102,601995.SH,20230801,39.89,40.6,39.11,39.42,39.91,-0.49,-1.2278,310006.44,1231658.654,3.3348,4.5791,0.97,25.0465,23.2219,2.2417,7.2944,6.9895,0.761,0.761,482725.6868,92962.1281,67699.8481,19029046.5737,3664567.0897,43.9,35.92,1.01
601995,中金公司,证券,北京,20201102,601995.SH,20230731,40.0,41.3,39.89,39.91,39.95,-0.04,-0.1001,408312.57,1651566.139,4.3922,6.0312,1.64,25.3578,23.5105,2.2696,7.385,7.0764,0.7517,0.7517,482725.6868,92962.1281,67699.8481,19265582.1602,3710118.5325,43.95,35.96,1.01
601995,中金公司,证券,北京,20201102,601995.SH,20230728,37.0,40.38,36.9,39.95,37.15,2.8,7.537,589489.86,2303303.108,6.3412,8.7074,4.17,25.3832,23.5341,2.2718,7.3924,7.0835,0.7509,0.7509,482725.6868,92962.1281,67699.8481,19284891.1877,3713837.0176,40.87,33.44,1.01
601995,中金公司,证券,北京,20201102,601995.SH,20230727,37.51,37.69,37.08,37.15,37.5,-0.35,-0.9333,105051.72,392952.757,1.13,1.5517,0.78,23.6042,21.8846,2.1126,6.8743,6.587,0.8075,0.8075,482725.6868,92962.1281,67699.8481,17933259.2646,3453543.0589,41.25,33.75,1.01
601995,中金公司,证券,北京,20201102,601995.SH,20230726,37.68,37.8,37.12,37.5,37.85,-0.35,-0.9247,145056.99,543673.62,1.5604,2.1426,1.2,23.8265,22.0908,2.1325,6.9391,6.6491,0.8,0.8,482725.6868,92962.1281,67699.8481,18102213.255,3486079.8038,41.64,34.07,1.01
601995,中金公司,证券,北京,20201102,601995.SH,20230725,37.38,38.18,36.56,37.85,35.96,1.89,5.2558,342792.42,1281700.483,3.6874,5.0634,5.5,24.0489,22.297,2.1524,7.0038,6.7111,0.7926,0.7926,482725.6868,92962.1281,67699.8481,18271167.2454,3518616.5486,39.56,32.36,1.01
601995,中金公司,证券,北京,20201102,601995.SH,20230724,36.2,36.45,35.88,35.96,36.43,-0.47,-1.2901,64180.24,231577.224,0.6904,0.948,0.93,22.8481,21.1836,2.0449,6.6541,6.376,0.8343,0.8343,482725.6868,92962.1281,67699.8481,17358815.6973,3342918.1265,40.07,32.79,1.01
601995,中金公司,证券,北京,20201102,601995.SH,20230721,36.36,36.65,36.23,36.43,36.38,0.05,0.1374,50378.5,183568.022,0.5419,0.7441,0.65,23.1467,21.4605,2.0717,6.7411,6.4594,0.8235,0.8235,482725.6868,92962.1281,67699.8481,17585696.7701,3386610.3267,40.02,32.74,1.01
601995,中金公司,证券,北京,20201102,601995.SH,20230720,36.74,36.8,36.36,36.38,36.63,-0.25,-0.6825,73640.32,269417.775,0.7922,1.0877,0.84,23.1149,21.431,2.0688,6.7318,6.4505,0.8246,0.8246,482725.6868,92962.1281,67699.8481,17561560.4858,3381962.2203,40.29,32.97,1.01
601995,中金公司,证券,北京,20201102,601995.SH,20230719,36.2,36.67,36.2,36.63,36.33,0.3,0.8258,74770.99,272542.178,0.8043,1.1044,0.83,23.2738,21.5783,2.083,6.7781,6.4948,0.819,0.819,482725.6868,92962.1281,67699.8481,17682241.9075,3405202.7523,39.96,32.7,1.01
601995,中金公司,证券,北京,20201102,601995.SH,20230718,36.29,36.48,36.15,36.33,36.23,0.1,0.276,48565.54,176321.215,0.5224,0.7174,0.5,23.0831,21.4016,2.066,6.7226,6.4416,0.8258,0.8258,482725.6868,92962.1281,67699.8481,17537424.2014,3377314.1139,39.85,32.61,1.01
601995,中金公司,证券,北京,20201102,601995.SH,20230717,36.69,36.69,35.95,36.23,36.71,-0.48,-1.3075,96358.45,349086.547,1.0365,1.4233,0.96,23.0196,21.3427,2.0603,6.7041,6.4239,0.828,0.828,482725.6868,92962.1281,67699.8481,17489151.6328,3368017.9011,40.38,33.04,1.01
601995,中金公司,证券,北京,20201102,601995.SH,20230714,36.65,36.98,36.41,36.71,36.62,0.09,0.2458,96847.26,355823.079,1.0418,1.4305,0.92,23.3246,21.6254,2.0876,6.7929,6.509,0.8172,0.8172,482725.6868,92962.1281,67699.8481,17720859.9624,3412639.7226,40.28,32.96,1.01
601995,中金公司,证券,北京,20201102,601995.SH,20230713,36.29,36.83,36.25,36.62,36.05,0.57,1.5811,120386.21,440710.211,1.295,1.7782,1.24,23.2674,21.5724,2.0825,6.7762,6.493,0.8192,0.8192,482725.6868,92962.1281,67699.8481,17677414.6506,3404273.131,39.66,32.45,1.01
601995,中金公司,证券,北京,20201102,601995.SH,20230712,36.44,36.68,35.97,36.05,36.54,-0.49,-1.341,89648.93,325847.516,0.9644,1.3242,0.96,22.9052,21.2366,2.0501,6.6708,6.392,0.8322,0.8322,482725.6868,92962.1281,67699.8481,17402261.0091,3351284.718,40.19,32.89,1.01
601995,中金公司,证券,北京,20201102,601995.SH,20230711,36.17,36.55,36.13,36.54,36.22,0.32,0.8835,83545.5,303748.333,0.8987,1.2341,0.88,23.2166,21.5253,2.0779,6.7614,6.4789,0.821,0.821,482725.6868,92962.1281,67699.8481,17638796.5957,3396836.1608,39.84,32.6,1.01
601995,中金公司,证券,北京,20201102,601995.SH,20230710,36.26,36.43,36.02,36.22,35.86,0.36,1.0039,112100.59,406054.587,1.2059,1.6558,1.12,23.0133,21.3368,2.0597,6.7022,6.4221,0.8283,0.8283,482725.6868,92962.1281,67699.8481,17484324.3759,3367088.2798,39.45,32.27,1.01
601995,中金公司,证券,北京,20201102,601995.SH,20230707,35.78,36.23,35.57,35.86,35.8,0.06,0.1676,123081.96,441903.034,1.324,1.8181,1.19,22.7845,21.1247,2.0392,6.6356,6.3583,0.8366,0.8366,482725.6868,92962.1281,67699.8481,17310543.1286,3333621.9137,39.38,32.22,1.01
601995,中金公司,证券,北京,20201102,601995.SH,20230706,35.8,36.17,35.69,35.8,35.78,0.02,0.0559,77210.43,277100.076,0.8306,1.1405,0.74,22.7464,21.0894,2.0358,6.6245,6.3476,0.838,0.838,482725.6868,92962.1281,67699.8481,17281579.5874,3328044.186,39.36,32.2,1.01
601995,中金公司,证券,北京,20201102,601995.SH,20230705,36.16,36.25,35.64,35.78,36.12,-0.34,-0.9413,73275.43,263117.928,0.7882,1.0824,0.6,22.7337,21.0776,2.0347,6.6208,6.3441,0.8385,0.8385,482725.6868,92962.1281,67699.8481,17271925.0737,3326184.9434,39.73,32.51,1.01
601995,中金公司,证券,北京,20201102,601995.SH,20230704,36.08,36.31,35.88,36.12,36.18,-0.06,-0.1658,88315.45,318594.117,0.95,1.3045,0.67,22.9497,21.2779,2.054,6.6837,6.4044,0.8306,0.8306,482725.6868,92962.1281,67699.8481,17436051.8072,3357792.067,39.8,32.56,1.01
601995,中金公司,证券,北京,20201102,601995.SH,20230703,35.52,36.28,35.52,36.18,35.52,0.66,1.8581,139427.54,501787.362,1.4998,2.0595,1.03,22.9878,21.3132,2.0574,6.6948,6.415,0.8292,0.8292,482725.6868,92962.1281,67699.8481,17465015.3484,3363369.7947,39.07,31.97,1.01
601995,中金公司,证券,北京,20201102,601995.SH,20230630,35.12,35.85,35.11,35.52,35.17,0.35,0.9952,137301.03,487807.274,1.477,2.0281,0.86,22.5685,20.9244,2.0199,6.5727,6.298,0.8446,0.8446,482725.6868,92962.1281,67699.8481,17146416.3951,3302014.7901,38.69,31.65,1.01
601995,中金公司,证券,北京,20201102,601995.SH,20230629,35.17,35.4,34.87,35.17,35.15,0.02,0.0569,82705.99,291135.892,0.8897,1.2217,0.5,22.3461,20.7182,2.0,6.5079,6.2359,0.853,0.853,482725.6868,92962.1281,67699.8481,16977462.4048,3269478.0453,38.67,31.64,1.01
601995,中金公司,证券,北京,20201102,601995.SH,20230628,35.79,35.79,35.08,35.15,35.88,-0.73,-2.0346,167340.7,591418.458,1.8001,2.4718,1.09,22.3334,20.7065,1.9989,6.5042,6.2324,0.8535,0.8535,482725.6868,92962.1281,67699.8481,16967807.891,3267618.8027,39.47,32.29,1.01
601995,中金公司,证券,北京,20201102,601995.SH,20230627,35.86,36.14,35.72,35.88,35.81,0.07,0.1955,130062.97,466502.357,1.3991,1.9212,0.84,22.7972,21.1365,2.0404,6.6393,6.3618,0.8361,0.8361,482725.6868,92962.1281,67699.8481,17320197.6424,3335481.1562,39.39,32.23,1.01
601995,中金公司,证券,北京,20201102,601995.SH,20230626,36.5,36.5,35.61,35.81,36.89,-1.08,-2.9276,157807.45,567629.463,1.6975,2.331,0.98,22.7528,21.0953,2.0364,6.6264,6.3494,0.8378,0.8378,482725.6868,92962.1281,67699.8481,17286406.8443,3328973.8073,40.58,33.2,1.01
601995,中金公司,证券,北京,20201102,601995.SH,20230621,38.88,38.99,36.7,36.89,38.96,-2.07,-5.3131,262657.18,987383.679,2.8254,3.8797,2.03,23.439,21.7315,2.0978,6.8262,6.5409,0.8132,0.8132,482725.6868,92962.1281,67699.8481,17807750.5861,3429372.9056,42.86,35.06,1.01
601995,中金公司,证券,北京,20201102,601995.SH,20230620,39.5,39.69,38.88,38.96,39.55,-0.59,-1.4918,117319.16,459986.208,1.262,1.7329,0.95,24.7542,22.9509,2.2155,7.2092,6.9079,0.77,0.77,482725.6868,92962.1281,67699.8481,18806992.7577,3621804.5108,43.51,35.6,1.01
601995,中金公司,证券,北京,20201102,601995.SH,20230619,39.82,39.82,39.4,39.55,39.9,-0.35,-0.8772,96438.12,381332.81,1.0374,1.5067,0.76,25.1291,23.2984,2.2491,7.3184,7.0126,0.7585,0.7585,482725.6868,92962.1281,64004.1081,19091800.9129,3676652.1664,43.89,35.91,1.01
601995,中金公司,证券,北京,20201102,601995.SH,20230616,39.7,40.01,39.54,39.9,39.69,0.21,0.5291,140786.88,559767.408,1.5145,2.1997,1.12,25.3514,23.5046,2.269,7.3832,7.0746,0.7519,0.7519,482725.6868,92962.1281,64004.1081,19260754.9033,3709188.9112,43.66,35.72,1.01
601995,中金公司,证券,北京,20201102,601995.SH,20230615,39.2,39.89,38.9,39.69,39.11,0.58,1.483,187440.3,738899.492,2.0163,2.9286,1.64,25.218,23.3809,2.257,7.3443,7.0374,0.7559,0.7559,482725.6868,92962.1281,64004.1081,19159382.5091,3689666.8643,43.02,35.2,1.01
601995,中金公司,证券,北京,20201102,601995.SH,20230614,39.31,39.67,39.1,39.11,39.25,-0.14,-0.3567,104882.22,412833.572,1.1282,1.6387,0.96,24.8495,23.0392,2.2241,7.237,6.9345,0.7671,0.7671,482725.6868,92962.1281,64004.1081,18879401.6107,3635748.83,43.18,35.33,1.01
601995,中金公司,证券,北京,20201102,601995.SH,20230613,39.19,39.29,38.72,39.25,38.96,0.29,0.7444,91163.53,355913.585,0.9807,1.4243,0.8,24.9384,23.1217,2.232,7.2629,6.9594,0.7643,0.7643,482725.6868,92962.1281,64004.1081,18946983.2069,3648763.5279,42.86,35.06,1.01
601995,中金公司,证券,北京,20201102,601995.SH,20230612,39.29,39.39,38.8,38.96,39.16,-0.2,-0.5107,107671.47,421153.311,1.1582,1.6823,0.93,24.7542,22.9509,2.2155,7.2092,6.9079,0.77,0.77,482725.6868,92962.1281,64004.1081,18806992.7577,3621804.5108,43.08,35.24,1.01
601995,中金公司,证券,北京,20201102,601995.SH,20230609,39.7,39.73,39.16,39.16,39.6,-0.44,-1.1111,138162.72,543846.031,1.4862,2.1587,1.23,24.8813,23.0687,2.2269,7.2462,6.9434,0.7661,0.7661,482725.6868,92962.1281,64004.1081,18903537.8951,3640396.9364,43.56,35.64,1.01
601995,中金公司,证券,北京,20201102,601995.SH,20230608,39.34,40.38,39.1,39.6,39.33,0.27,0.6865,128237.52,508678.643,1.3795,2.0036,1.11,25.1608,23.3279,2.2519,7.3277,7.0214,0.7576,0.7576,482725.6868,92962.1281,64004.1081,19115937.1973,3681300.2728,43.26,35.4,1.01
601995,中金公司,证券,北京,20201102,601995.SH,20230607,39.35,39.79,39.0,39.33,39.46,-0.13,-0.3294,82920.11,326523.318,0.892,1.2955,0.65,24.9893,23.1688,2.2366,7.2777,6.9735,0.7628,0.7628,482725.6868,92962.1281,64004.1081,18985601.2618,3656200.4982,43.41,35.51,1.01
601995,中金公司,证券,北京,20201102,601995.SH,20230606,40.2,40.33,39.46,39.46,40.21,-0.75,-1.8652,114928.4,457363.254,1.2363,1.7956,0.89,25.0719,23.2454,2.244,7.3018,6.9966,0.7603,0.7603,482725.6868,92962.1281,64004.1081,19048355.6011,3668285.5748,44.23,36.19,1.01
601995,中金公司,证券,北京,20201102,601995.SH,20230605,40.65,40.88,40.18,40.21,40.75,-0.54,-1.3252,114310.74,462449.192,1.2296,1.786,0.84,25.5484,23.6872,2.2866,7.4405,7.1296,0.7461,0.7461,482725.6868,92962.1281,64004.1081,19410399.8662,3738007.1709,44.83,36.68,1.01
601995,中金公司,证券,北京,20201102,601995.SH,20230602,40.7,40.99,40.41,40.75,40.85,-0.1,-0.2448,121174.84,492757.647,1.3035,1.8932,0.9,25.8915,24.0054,2.3173,7.5405,7.2253,0.7362,0.7362,482725.6868,92962.1281,64004.1081,19671071.7371,3788206.7201,44.94,36.77,1.01
601995,中金公司,证券,北京,20201102,601995.SH,20230601,41.4,41.41,40.5,40.85,41.65,-0.8,-1.9208,144140.08,591408.699,1.5505,2.3075,1.12,25.955,24.0643,2.323,7.559,7.2431,0.7344,0.7344,482725.6868,92962.1281,62467.1281,19719344.3058,3797502.9329,45.82,37.49,1.01
601995,中金公司,证券,北京,20201102,601995.SH,20230531,40.34,41.65,40.11,41.65,40.41,1.24,3.0685,142037.84,580046.998,1.5279,2.2738,1.15,26.4633,24.5355,2.3685,7.707,7.3849,0.7203,0.7203,482725.6868,92962.1281,62467.1281,20105524.8552,3871872.6354,44.45,36.37,1.01
601995,中金公司,证券,北京,20201102,601995.SH,20230530,40.51,40.96,40.12,40.41,40.61,-0.2,-0.4925,124624.56,503963.139,1.3406,1.995,1.02,25.6755,23.8051,2.298,7.4775,7.165,0.7424,0.7424,482725.6868,92962.1281,62467.1281,19506945.0036,3756599.5965,44.67,36.55,1.01
601995,中金公司,证券,北京,20201102,601995.SH,20230529,41.47,41.68,40.41,40.61,41.8,-1.19,-2.8469,144690.16,590622.132,1.5564,2.3163,1.19,25.8025,23.9229,2.3094,7.5146,7.2005,0.7387,0.7387,482725.6868,92962.1281,62467.1281,19603490.1409,3775192.0221,45.98,37.62,1.01
601995,中金公司,证券,北京,20201102,601995.SH,20230526,41.84,41.94,41.2,41.8,41.84,-0.04,-0.0956,115240.48,478663.498,1.2396,1.8448,0.82,26.5586,24.6239,2.377,7.7348,7.4115,0.7177,0.7177,482725.6868,92962.1281,62467.1281,20177933.7082,3885816.9546,46.02,37.66,1.01
601995,中金公司,证券,北京,20201102,601995.SH,20230525,41.48,41.9,41.08,41.84,41.83,0.01,0.0239,118671.27,492137.09,1.2766,1.8997,0.73,26.5841,24.6475,2.3793,7.7422,7.4186,0.717,0.717,482725.6868,92962.1281,62467.1281,20197242.7357,3889535.4397,46.01,37.65,1.01
601995,中金公司,证券,北京,20201102,601995.SH,20230524,41.57,42.15,41.48,41.83,41.7,0.13,0.3118,116501.35,486990.014,1.2532,1.865,0.67,26.5777,24.6416,2.3787,7.7403,7.4168,0.7172,0.7172,482725.6868,92962.1281,62467.1281,20192415.4788,3888605.8184,45.87,37.53,1.01
601995,中金公司,证券,北京,20201102,601995.SH,20230523,42.56,42.59,41.7,41.7,42.24,-0.54,-1.2784,116200.28,488997.356,1.25,1.8602,0.55,26.4951,24.565,2.3714,7.7162,7.3938,0.7194,0.7194,482725.6868,92962.1281,62467.1281,20129661.1396,3876520.7418,46.46,38.02,1.01
601995,中金公司,证券,北京,20201102,601995.SH,20230522,43.42,43.42,42.19,42.24,43.4,-1.16,-2.6728,142222.53,604193.762,1.5299,2.2768,0.55,26.8382,24.8831,2.4021,7.8162,7.4895,0.7102,0.7102,482725.6868,92962.1281,62467.1281,20390333.0104,3926720.2909,47.74,39.06,1.01
601995,中金公司,证券,北京,20201102,601995.SH,20230519,44.74,44.74,43.16,43.4,44.74,-1.34,-2.9951,205564.58,895434.467,2.2113,3.2908,0.74,27.5752,25.5664,2.468,8.0308,7.6952,0.6912,0.6912,482725.6868,92962.1281,62467.1281,20950294.8071,4034556.3595,49.21,40.27,1.01
601995,中金公司,证券,北京,20201102,601995.SH,20230518,43.67,45.19,43.57,44.74,43.71,1.03,2.3564,236204.15,1053896.339,2.5409,3.7813,0.71,28.4266,26.3558,2.5442,8.2788,7.9328,0.6705,0.6705,482725.6868,92962.1281,62467.1281,21597147.2274,4159125.6112,48.08,39.34,1.01
601995,中金公司,证券,北京,20201102,601995.SH,20230517,43.42,44.25,43.12,43.71,44.13,-0.42,-0.9517,170420.14,744263.903,1.8332,2.7282,0.38,27.7722,25.7491,2.4857,8.0882,7.7502,0.6863,0.6863,482725.6868,92962.1281,62467.1281,21099939.77,4063374.6193,48.54,39.72,1.01
601995,中金公司,证券,北京,20201102,601995.SH,20230516,43.95,44.99,43.68,44.13,43.92,0.21,0.4781,300561.29,1330443.909,3.2332,4.8115,0.55,28.0391,25.9965,2.5095,8.1659,7.8246,0.6798,0.6798,482725.6868,92962.1281,62467.1281,21302684.5585,4102418.7131,48.31,39.53,1.01
601995,中金公司,证券,北京,20201102,601995.SH,20230515,44.26,44.41,42.68,43.92,44.25,-0.33,-0.7458,385189.0,1681088.948,4.1435,6.1663,0.74,27.9056,25.8728,2.4976,8.127,7.7874,0.6831,0.6831,482725.6868,92962.1281,62467.1281,21201312.1643,4082896.6662,48.68,39.83,1.01
601995,中金公司,证券,北京,20201102,601995.SH,20230512,45.0,45.29,43.85,44.25,44.95,-0.7,-1.5573,300768.84,1339253.648,3.2354,4.8148,0.59,28.1153,26.0672,2.5164,8.1881,7.8459,0.678,0.678,482725.6868,92962.1281,62467.1281,21360611.6409,4113574.1684,49.45,40.46,1.01
601995,中金公司,证券,北京,20201102,601995.SH,20230511,45.5,45.86,44.33,44.95,45.62,-0.67,-1.4687,507864.73,2284415.507,5.4631,8.1301,1.17,28.5601,26.4795,2.5562,8.3176,7.97,0.6674,0.6674,482725.6868,92962.1281,62467.1281,21698519.6217,4178647.6581,50.18,41.06,1.01
601995,中金公司,证券,北京,20201102,601995.SH,20230510,47.0,47.73,44.2,45.62,46.6,-0.98,-2.103,759716.55,3500254.317,8.1723,12.1619,2.43,28.9858,26.8742,2.5943,8.4416,8.0888,0.6576,0.6576,482725.6868,92962.1281,62467.1281,22021945.8318,4240932.2839,51.26,41.94,1.01
601995,中金公司,证券,北京,20201102,601995.SH,20230509,42.5,46.6,42.4,46.6,42.36,4.24,10.0094,786202.47,3634190.717,8.4572,12.5859,4.32,29.6084,27.4515,2.65,8.623,8.2626,0.6438,0.6438,482725.6868,92962.1281,62467.1281,22495017.0049,4332035.1695,46.6,38.12,1.01
601995,中金公司,证券,北京,20201102,601995.SH,20230508,41.0,43.25,40.43,42.36,42.73,-0.37,-0.8659,258936.88,1084510.122,2.7854,4.1452,1.75,26.9145,24.9538,2.4089,7.8384,7.5108,0.7082,0.7082,482725.6868,92962.1281,62467.1281,20448260.0928,3937875.7463,47.0,38.46,1.01
601995,中金公司,证券,北京,20201102,601995.SH,20230505,42.41,44.05,42.22,42.73,42.41,0.32,0.7545,220013.31,948667.262,2.3667,3.5221,1.81,27.1495,25.1717,2.4299,7.9068,7.5764,0.7021,0.7021,482725.6868,92962.1281,62467.1281,20626868.597,3972271.7337,46.65,38.17,1.01
601995,中金公司,证券,北京,20201102,601995.SH,20230504,41.54,42.48,41.48,42.41,42.08,0.33,0.7842,141047.61,593122.997,1.5173,2.2579,1.2,26.9462,24.9832,2.4117,7.8476,7.5197,0.7074,0.7074,482725.6868,92962.1281,62467.1281,20472396.3772,3942523.8527,46.29,37.87,1.01
601995,中金公司,证券,北京,20201102,601995.SH,20230428,41.4,42.6,41.2,42.08,41.5,0.58,1.3976,156538.01,656916.903,1.6839,2.5059,1.27,26.7365,26.7365,2.4536,7.7866,7.7866,0.7129,0.7129,482725.6868,92962.1281,62467.1281,20313096.9005,3911846.3504,45.65,37.35,1.01
601995,中金公司,证券,北京,20201102,601995.SH,20230427,40.3,41.78,40.2,41.5,40.45,1.05,2.5958,132569.65,544570.16,1.4261,2.1222,1.05,26.368,26.368,2.4198,7.6792,7.6792,0.7229,0.7229,482725.6868,92962.1281,62467.1281,20033116.0022,3857928.3162,44.5,36.41,1.01
601995,中金公司,证券,北京,20201102,601995.SH,20230426,39.8,40.7,39.44,40.45,39.98,0.47,1.1756,88674.51,355397.408,0.9539,1.4195,0.68,25.7009,25.7009,2.3586,7.4849,7.4849,0.7417,0.7417,482725.6868,92962.1281,62467.1281,19526254.0311,3760318.0816,43.98,35.98,1.01
601995,中金公司,证券,北京,20201102,601995.SH,20230425,39.85,40.12,39.39,39.98,39.8,0.18,0.4523,88158.22,350526.583,0.9483,1.4113,0.6,25.4023,25.4023,2.3312,7.398,7.398,0.7504,0.7504,482725.6868,92962.1281,62467.1281,19299372.9583,3716625.8814,43.78,35.82,1.01
601995,中金公司,证券,北京,20201102,601995.SH,20230424,40.01,40.49,39.44,39.8,40.36,-0.56,-1.3875,120956.92,481294.842,1.3011,1.9363,0.69,25.2879,25.2879,2.3207,7.3647,7.3647,0.7538,0.7538,482725.6868,92962.1281,62467.1281,19212482.3346,3699892.6984,44.4,36.32,1.01
601995,中金公司,证券,北京,20201102,601995.SH,20230421,42.0,42.09,40.33,40.36,42.18,-1.82,-4.3148,183539.63,751224.844,1.9743,2.9382,1.16,25.6437,25.6437,2.3533,7.4683,7.4683,0.7433,0.7433,482725.6868,92962.1281,62467.1281,19482808.7192,3751951.4901,46.4,37.96,1.01
601995,中金公司,证券,北京,20201102,601995.SH,20230420,41.19,42.36,41.15,42.18,41.37,0.81,1.9579,147698.95,617412.758,1.5888,2.3644,0.99,26.8001,26.8001,2.4595,7.8051,7.8051,0.7112,0.7112,482725.6868,92962.1281,62467.1281,20361369.4692,3921142.5633,45.51,37.23,1.01
601995,中金公司,证券,北京,20201102,601995.SH,20230419,41.65,41.86,41.3,41.37,41.86,-0.49,-1.1706,114649.34,476447.656,1.2333,1.8354,0.77,26.2854,26.2854,2.4122,7.6552,7.6552,0.7252,0.7252,482725.6868,92962.1281,62467.1281,19970361.6629,3845843.2395,46.05,37.67,1.01
601995,中金公司,证券,北京,20201102,601995.SH,20230418,42.08,42.5,41.53,41.86,42.15,-0.29,-0.688,172227.65,722819.837,1.8527,2.7571,1.17,26.5968,26.5968,2.4408,7.7459,7.7459,0.7167,0.7167,482725.6868,92962.1281,62467.1281,20206897.2494,3891394.6823,46.37,37.94,1.01
601995,中金公司,证券,北京,20201102,601995.SH,20230417,40.4,42.15,40.26,42.15,40.35,1.8,4.461,261558.14,1085963.608,2.8136,4.1871,2.14,26.781,26.781,2.4577,7.7995,7.7995,0.7117,0.7117,482725.6868,92962.1281,62467.1281,20346887.6986,3918353.6994,44.39,36.32,1.01
601995,中金公司,证券,北京,20201102,601995.SH,20230414,40.13,40.69,39.95,40.35,40.01,0.34,0.8498,96077.04,387203.569,1.0335,1.538,0.64,25.6373,25.6373,2.3528,7.4664,7.4664,0.7435,0.7435,482725.6868,92962.1281,62467.1281,19477981.4624,3751021.8688,44.01,36.01,1.01
601995,中金公司,证券,北京,20201102,601995.SH,20230413,40.59,40.74,39.95,40.01,40.92,-0.91,-2.2239,101553.21,408137.066,1.0924,1.6257,0.66,25.4213,25.4213,2.3329,7.4035,7.4035,0.7498,0.7498,482725.6868,92962.1281,62467.1281,19313854.7289,3719414.7453,45.01,36.83,1.01
601995,中金公司,证券,北京,20201102,601995.SH,20230412,41.02,41.3,40.58,40.92,40.88,0.04,0.0978,117667.32,481297.199,1.2658,1.8837,0.75,25.9995,25.9995,2.386,7.5719,7.5719,0.7331,0.7331,482725.6868,92962.1281,62467.1281,19753135.1039,3804010.2819,44.97,36.79,1.01
601995,中金公司,证券,北京,20201102,601995.SH,20230411,41.28,41.66,40.47,40.88,40.71,0.17,0.4176,156073.7,641664.939,1.6789,2.4985,0.94,25.9741,25.9741,2.3837,7.5645,7.5645,0.7339,0.7339,482725.6868,92962.1281,62467.1281,19733826.0764,3800291.7967,44.78,36.64,1.01
601995,中金公司,证券,北京,20201102,601995.SH,20230410,41.06,41.4,40.5,40.71,41.15,-0.44,-1.0693,140684.25,575829.169,1.5134,2.2521,0.91,25.8661,25.8661,2.3737,7.5331,7.5331,0.7369,0.7369,482725.6868,92962.1281,62467.1281,19651762.7096,3784488.235,45.27,37.04,1.01
601995,中金公司,证券,北京,20201102,601995.SH,20230407,39.0,41.43,38.94,41.15,38.92,2.23,5.7297,240205.73,969838.238,2.5839,3.8453,1.97,26.1456,26.1456,2.3994,7.6145,7.6145,0.729,0.729,482725.6868,92962.1281,62467.1281,19864162.0118,3825391.5713,42.81,35.03,1.01
601995,中金公司,证券,北京,20201102,601995.SH,20230406,39.48,39.48,38.79,38.92,39.68,-0.76,-1.9153,118079.97,461290.876,1.2702,1.8903,1.03,24.7288,24.7288,2.2694,7.2018,7.2018,0.7708,0.7708,482725.6868,92962.1281,62467.1281,18787683.7303,3618086.0257,43.65,35.71,1.01
601995,中金公司,证券,北京,20201102,601995.SH,20230404,39.88,40.24,39.45,39.68,39.94,-0.26,-0.651,134142.86,533212.659,1.443,2.1474,1.36,25.2116,25.2116,2.3137,7.3425,7.3425,0.756,0.756,482725.6868,92962.1281,62467.1281,19154555.2522,3688737.243,43.93,35.95,1.01
601995,中金公司,证券,北京,20201102,601995.SH,20230403,38.87,40.0,38.68,39.94,38.88,1.06,2.7263,197995.84,783793.591,2.1299,3.1696,2.66,25.3768,25.3768,2.3288,7.3906,7.3906,0.7511,0.7511,482725.6868,92962.1281,62467.1281,19280063.9308,3712907.3963,42.77,34.99,1.01
601995,中金公司,证券,北京,20201102,601995.SH,20230331,39.24,39.38,38.59,38.88,39.25,-0.37,-0.9427,83700.12,326231.03,0.9004,1.3399,1.09,17.4141,20.1031,2.2993,6.2289,6.7419,0.7716,0.7716,482725.6868,92962.1281,62467.1281,18768374.7028,3614367.5405,43.18,35.33,1.01
601995,中金公司,证券,北京,20201102,601995.SH,20230330,39.11,39.48,38.55,39.25,39.06,0.19,0.4864,74987.35,292511.854,0.8066,1.2004,0.9,17.5798,20.2944,2.3211,6.2882,6.8061,0.7643,0.7643,482725.6868,92962.1281,62467.1281,18946983.2069,3648763.5279,42.97,35.15,1.01
601995,中金公司,证券,北京,20201102,601995.SH,20230329,39.4,39.5,38.6,39.06,39.36,-0.3,-0.7622,83973.16,326969.719,0.9033,1.3443,1.03,17.4947,20.1962,2.3099,6.2578,6.7731,0.768,0.768,482725.6868,92962.1281,62467.1281,18855265.3264,3631100.7236,43.3,35.42,1.01
601995,中金公司,证券,北京,20201102,601995.SH,20230328,39.56,39.72,39.22,39.36,39.71,-0.35,-0.8814,53803.02,212088.162,0.5788,0.8613,0.62,17.629,20.3513,2.3277,6.3058,6.8251,0.7622,0.7622,482725.6868,92962.1281,62467.1281,19000083.0324,3658989.362,43.68,35.74,1.01
601995,中金公司,证券,北京,20201102,601995.SH,20230327,39.51,39.97,39.21,39.71,39.63,0.08,0.2019,75907.38,300405.187,0.8165,1.2152,0.85,17.7858,20.5323,2.3484,6.3619,6.8858,0.7555,0.7555,482725.6868,92962.1281,62467.1281,19169037.0228,3691526.1069,43.59,35.67,1.01
601995,中金公司,证券,北京,20201102,601995.SH,20230324,40.14,40.46,39.55,39.63,40.26,-0.63,-1.5648,96770.37,385684.861,1.041,1.5491,0.99,17.75,20.4909,2.3436,6.3491,6.8719,0.757,0.757,482725.6868,92962.1281,62467.1281,19130418.9679,3684089.1366,44.29,36.23,1.01
601995,中金公司,证券,北京,20201102,601995.SH,20230323,39.27,40.26,39.2,40.26,39.48,0.78,1.9757,104530.75,415503.462,1.1244,1.6734,1.18,18.0322,20.8167,2.3809,6.45,6.9812,0.7452,0.7452,482725.6868,92962.1281,62467.1281,19434536.1506,3742655.2773,43.43,35.53,1.01
601995,中金公司,证券,北京,20201102,601995.SH,20230322,39.6,39.75,39.15,39.48,39.59,-0.11,-0.2778,77427.79,305526.65,0.8329,1.2395,0.85,17.6828,20.4134,2.3347,6.325,6.8459,0.7599,0.7599,482725.6868,92962.1281,62467.1281,19058010.1149,3670144.8174,43.55,35.63,1.01
601995,中金公司,证券,北京,20201102,601995.SH,20230321,39.74,39.97,39.4,39.59,39.52,0.07,0.1771,78130.77,309589.002,0.8405,1.2508,0.86,17.7321,20.4702,2.3413,6.3427,6.865,0.7578,0.7578,482725.6868,92962.1281,62467.1281,19111109.9404,3680370.6515,43.47,35.57,1.01
601995,中金公司,证券,北京,20201102,601995.SH,20230320,40.01,40.6,39.37,39.52,40.36,-0.84,-2.0813,88896.03,355167.645,0.9563,1.4231,1.0,17.7007,20.434,2.3371,6.3314,6.8529,0.7591,0.7591,482725.6868,92962.1281,62467.1281,19077319.1423,3673863.3025,44.4,36.32,1.01
601995,中金公司,证券,北京,20201102,601995.SH,20230317,39.43,40.76,39.29,40.36,38.92,1.44,3.6999,137310.12,549917.303,1.4771,2.1981,1.77,18.0769,20.8684,2.3868,6.466,6.9985,0.7433,0.7433,482725.6868,92962.1281,62467.1281,19482808.7192,3751951.4901,42.81,35.03,1.01
601995,中金公司,证券,北京,20201102,601995.SH,20230316,39.3,39.42,38.84,38.92,39.5,-0.58,-1.4684,60992.01,238468.973,0.6561,0.9764,0.73,17.432,20.1238,2.3016,6.2353,6.7488,0.7708,0.7708,482725.6868,92962.1281,62467.1281,18787683.7303,3618086.0257,43.45,35.55,1.01
601995,中金公司,证券,北京,20201102,601995.SH,20230315,39.89,40.36,39.43,39.5,39.65,-0.15,-0.3783,88484.28,352670.074,0.9518,1.4165,1.08,17.6918,20.4237,2.3359,6.3282,6.8494,0.7595,0.7595,482725.6868,92962.1281,62467.1281,19067664.6286,3672004.06,43.62,35.69,1.01
601995,中金公司,证券,北京,20201102,601995.SH,20230314,40.27,40.29,39.35,39.65,40.54,-0.89,-2.1954,78858.11,313353.625,0.8483,1.2624,0.76,17.7589,20.5013,2.3448,6.3523,6.8754,0.7566,0.7566,482725.6868,92962.1281,62467.1281,19140073.4816,3685948.3792,44.59,36.49,1.01
601995,中金公司,证券,北京,20201102,601995.SH,20230313,40.0,40.54,39.78,40.54,40.08,0.46,1.1477,78288.03,314814.731,0.8421,1.2533,0.74,18.1576,20.9614,2.3974,6.4949,7.0297,0.74,0.74,482725.6868,92962.1281,62467.1281,19569699.3429,3768684.6732,44.09,36.07,1.01
601995,中金公司,证券,北京,20201102,601995.SH,20230310,39.81,40.5,39.75,40.08,40.16,-0.08,-0.1992,81541.88,327208.461,0.8772,1.3054,0.75,17.9515,20.7236,2.3702,6.4212,6.95,0.7485,0.7485,482725.6868,92962.1281,62467.1281,19347645.5269,3725922.0942,44.18,36.14,1.01
601995,中金公司,证券,北京,20201102,601995.SH,20230309,41.05,41.15,40.15,40.16,41.05,-0.89,-2.1681,92564.57,374323.294,0.9957,1.4818,0.86,17.9874,20.7649,2.375,6.434,6.9638,0.747,0.747,482725.6868,92962.1281,62467.1281,19386263.5819,3733359.0645,45.16,36.95,1.01
601995,中金公司,证券,北京,20201102,601995.SH,20230308,41.02,41.16,40.57,41.05,41.54,-0.49,-1.1796,76607.29,313374.346,0.8241,1.2264,0.64,18.386,21.2251,2.4276,6.5766,7.1182,0.7308,0.7308,482725.6868,92962.1281,62467.1281,19815889.4431,3816095.3585,45.69,37.39,1.01
601995,中金公司,证券,北京,20201102,601995.SH,20230307,41.5,42.66,41.22,41.54,41.55,-0.01,-0.0241,186652.57,784462.069,2.0078,2.988,1.75,18.6055,21.4785,2.4566,6.6551,7.2031,0.7222,0.7222,482725.6868,92962.1281,62467.1281,20052425.0297,3861646.8013,45.71,37.4,1.01
601995,中金公司,证券,北京,20201102,601995.SH,20230306,41.9,42.29,41.42,41.55,41.88,-0.33,-0.788,88092.12,367381.012,0.9476,1.4102,0.77,18.6099,21.4837,2.4572,6.6567,7.2049,0.722,0.722,482725.6868,92962.1281,62467.1281,20057252.2865,3862576.4226,46.07,37.69,1.01
601995,中金公司,证券,北京,20201102,601995.SH,20230303,41.89,42.19,41.5,41.88,41.69,0.19,0.4557,102201.9,428179.426,1.0994,1.6361,0.81,18.7577,21.6543,2.4767,6.7095,7.2621,0.7163,0.7163,482725.6868,92962.1281,62467.1281,20216551.7632,3893253.9248,45.86,37.52,1.01
601995,中金公司,证券,北京,20201102,601995.SH,20230302,41.8,42.29,41.63,41.69,42.08,-0.39,-0.9268,85789.31,359108.755,0.9228,1.3734,0.54,18.6726,21.556,2.4654,6.6791,7.2292,0.7196,0.7196,482725.6868,92962.1281,62467.1281,20124833.8827,3875591.1205,46.29,37.87,1.01
601995,中金公司,证券,北京,20201102,601995.SH,20230301,41.81,42.75,41.6,42.08,41.91,0.17,0.4056,137520.29,580521.263,1.4793,2.2015,0.73,18.8473,21.7577,2.4885,6.7416,7.2968,0.7129,0.7129,482725.6868,92962.1281,62467.1281,20313096.9005,3911846.3504,46.1,37.72,1.01
601995,中金公司,证券,北京,20201102,601995.SH,20230228,42.18,42.43,41.63,41.91,41.95,-0.04,-0.0954,120002.73,503524.369,1.2909,1.9211,0.58,18.7712,21.6698,2.4785,6.7143,7.2673,0.7158,0.7158,482725.6868,92962.1281,62467.1281,20231033.5338,3896042.7887,46.15,37.76,1.01
601995,中金公司,证券,北京,20201102,601995.SH,20230227,42.48,42.67,41.74,41.95,43.0,-1.05,-2.4419,122903.86,517551.004,1.3221,1.9675,0.55,18.7891,21.6905,2.4808,6.7208,7.2742,0.7151,0.7151,482725.6868,92962.1281,62467.1281,20250342.5613,3899761.2738,47.3,38.7,1.01
601995,中金公司,证券,北京,20201102,601995.SH,20230224,43.37,43.9,42.8,43.0,43.37,-0.37,-0.8531,162703.44,703400.024,1.7502,2.6046,0.81,19.2594,22.2334,2.5429,6.889,7.4563,0.6977,0.6977,482725.6868,92962.1281,62467.1281,20757204.5324,3997371.5083,47.71,39.03,1.01
601995,中金公司,证券,北京,20201102,601995.SH,20230223,43.17,45.38,43.15,43.37,43.34,0.03,0.0692,248349.41,1098535.793,2.6715,3.9757,1.47,19.4251,22.4247,2.5648,6.9483,7.5205,0.6917,0.6917,482725.6868,92962.1281,62467.1281,20935813.0365,4031767.4957,47.67,39.01,1.01
601995,中金公司,证券,北京,20201102,601995.SH,20230222,42.64,45.15,42.55,43.34,43.12,0.22,0.5102,287643.38,1271911.477,3.0942,4.6047,2.45,19.4117,22.4092,2.563,6.9434,7.5153,0.6922,0.6922,482725.6868,92962.1281,62467.1281,20921331.2659,4028978.6319,47.43,38.81,1.01
601995,中金公司,证券,北京,20201102,601995.SH,20230221,41.55,43.3,41.38,43.12,41.86,1.26,3.01,209477.61,886618.1,2.2534,3.3534,2.61,19.3131,22.2954,2.55,6.9082,7.4771,0.6957,0.6957,482725.6868,92962.1281,62467.1281,20815131.6148,4008526.9637,46.05,37.67,1.01
601995,中金公司,证券,北京,20201102,601995.SH,20230220,39.43,42.25,39.43,41.86,38.78,3.08,7.9422,201217.22,826334.782,2.1645,3.2212,4.29,18.7488,21.6439,2.4755,6.7063,7.2586,0.7167,0.7167,482725.6868,92962.1281,62467.1281,20206897.2494,3891394.6823,42.66,34.9,1.01
601995,中金公司,证券,北京,20201102,601995.SH,20230217,39.9,39.98,38.7,38.78,39.99,-1.21,-3.0258,53797.56,211527.037,0.5787,0.8612,1.26,17.3693,20.0514,2.2934,6.2129,6.7246,0.7736,0.7736,482725.6868,92962.1281,62467.1281,18720102.1341,3605071.3277,43.99,35.99,1.01
601995,中金公司,证券,北京,20201102,601995.SH,20230216,39.95,40.95,39.4,39.99,39.8,0.19,0.4774,95071.9,384040.6,1.0227,1.522,2.99,17.9112,20.6771,2.3649,6.4067,6.9344,0.7502,0.7502,482725.6868,92962.1281,62467.1281,19304200.2151,3717555.5027,43.78,35.82,1.01
601995,中金公司,证券,北京,20201102,601995.SH,20230215,40.24,40.24,39.72,39.8,40.21,-0.41,-1.0196,26808.27,107044.561,0.2884,0.4292,0.82,17.8261,20.5788,2.3537,6.3763,6.9014,0.7538,0.7538,482725.6868,92962.1281,62467.1281,19212482.3346,3699892.6984,44.23,36.19,1.01
601995,中金公司,证券,北京,20201102,601995.SH,20230214,40.2,40.27,39.85,40.21,40.08,0.13,0.3244,24688.46,98950.504,0.2656,0.3952,0.67,18.0098,20.7908,2.3779,6.442,6.9725,0.7461,0.7461,482725.6868,92962.1281,62467.1281,19410399.8662,3738007.1709,44.09,36.07,1.01
601995,中金公司,证券,北京,20201102,601995.SH,20230213,39.88,40.18,39.65,40.08,39.96,0.12,0.3003,33919.6,135648.858,0.3649,0.543,0.78,17.9515,20.7236,2.3702,6.4212,6.95,0.7485,0.7485,482725.6868,92962.1281,62467.1281,19347645.5269,3725922.0942,43.96,35.96,1.01
601995,中金公司,证券,北京,20201102,601995.SH,20230210,40.14,40.19,39.87,39.96,40.12,-0.16,-0.3988,33297.43,133283.718,0.3582,0.533,0.64,17.8978,20.6615,2.3631,6.4019,6.9292,0.7508,0.7508,482725.6868,92962.1281,62467.1281,19289718.4445,3714766.6389,44.13,36.11,1.01
601995,中金公司,证券,北京,20201102,601995.SH,20230209,39.79,40.27,39.73,40.12,39.83,0.29,0.7281,40512.51,162258.605,0.4358,0.6485,0.54,17.9694,20.7443,2.3726,6.4276,6.9569,0.7478,0.7478,482725.6868,92962.1281,62467.1281,19366954.5544,3729640.5794,43.81,35.85,1.01
601995,中金公司,证券,北京,20201102,601995.SH,20230208,40.12,40.36,39.74,39.83,40.24,-0.41,-1.0189,31081.31,124104.048,0.3343,0.4976,0.34,17.8396,20.5943,2.3554,6.3811,6.9066,0.7532,0.7532,482725.6868,92962.1281,62467.1281,19226964.1052,3702681.5622,44.26,36.22,1.01
601995,中金公司,证券,北京,20201102,601995.SH,20230207,40.03,40.38,39.67,40.24,39.77,0.47,1.1818,45571.57,182378.132,0.4902,0.7295,0.45,18.0232,20.8063,2.3797,6.4468,6.9777,0.7455,0.7455,482725.6868,92962.1281,62467.1281,19424881.6368,3740796.0347,43.75,35.79,1.01
601995,中金公司,证券,北京,20201102,601995.SH,20230206,40.31,40.75,39.7,39.77,40.9,-1.13,-2.7628,65661.17,262274.812,0.7063,1.0511,0.63,17.8127,20.5633,2.3519,6.3715,6.8962,0.7543,0.7543,482725.6868,92962.1281,62467.1281,19198000.564,3697103.8345,44.99,36.81,1.01
601995,中金公司,证券,北京,20201102,601995.SH,20230203,40.7,41.33,40.53,40.9,41.0,-0.1,-0.2439,76513.89,312734.548,0.8231,1.2249,0.74,18.3188,21.1476,2.4187,6.5525,7.0922,0.7335,0.7335,482725.6868,92962.1281,62467.1281,19743480.5901,3802151.0393,45.1,36.9,1.01
601995,中金公司,证券,北京,20201102,601995.SH,20230202,42.1,42.1,40.77,41.0,40.99,0.01,0.0244,154261.34,637327.381,1.6594,2.4695,1.73,18.3636,21.1993,2.4246,6.5686,7.1095,0.7317,0.7317,482725.6868,92962.1281,62467.1281,19791753.1588,3811447.2521,45.09,36.89,1.01
601995,中金公司,证券,北京,20201102,601995.SH,20230201,40.14,41.12,39.76,40.99,39.93,1.06,2.6546,120376.48,487016.375,1.2949,1.927,1.58,18.3591,21.1941,2.424,6.567,7.1078,0.7319,0.7319,482725.6868,92962.1281,62467.1281,19786925.9019,3810517.6308,43.92,35.94,1.01
601995,中金公司,证券,北京,20201102,601995.SH,20230131,39.64,40.36,39.57,39.93,39.51,0.42,1.063,88544.33,354424.729,0.9525,1.4175,1.09,17.8843,20.646,2.3614,6.3971,6.924,0.7513,0.7513,482725.6868,92962.1281,62467.1281,19275236.6739,3711977.775,43.46,35.56,1.01
601995,中金公司,证券,北京,20201102,601995.SH,20230130,40.47,40.5,39.5,39.51,40.03,-0.52,-1.299,79081.62,315734.624,0.8507,1.266,0.71,17.6962,20.4289,2.3365,6.3298,6.8511,0.7593,0.7593,482725.6868,92962.1281,62467.1281,19072491.8855,3672933.6812,44.03,36.03,1.01
601995,中金公司,证券,北京,20201102,601995.SH,20230120,40.36,40.36,39.6,40.03,40.25,-0.22,-0.5466,72601.6,289950.196,0.781,1.1622,0.66,17.9291,20.6977,2.3673,6.4132,6.9413,0.7494,0.7494,482725.6868,92962.1281,62467.1281,19323509.2426,3721273.9878,44.28,36.23,1.01
601995,中金公司,证券,北京,20201102,601995.SH,20230119,39.52,40.25,39.5,40.25,39.76,0.49,1.2324,85700.72,342763.967,0.9219,1.3719,0.75,18.0277,20.8115,2.3803,6.4484,6.9795,0.7453,0.7453,482725.6868,92962.1281,62467.1281,19429708.8937,3741725.656,43.74,35.78,1.01
601995,中金公司,证券,北京,20201102,601995.SH,20230118,39.83,39.98,39.47,39.76,40.1,-0.34,-0.8479,56175.42,223262.212,0.6043,0.8993,0.5,17.8082,20.5581,2.3513,6.3699,6.8945,0.7545,0.7545,482725.6868,92962.1281,62467.1281,19193173.3072,3696174.2133,44.11,36.09,1.01
601995,中金公司,证券,北京,20201102,601995.SH,20230117,39.9,40.1,39.39,40.1,40.11,-0.01,-0.0249,111750.09,443751.353,1.2021,1.7889,1.13,17.9605,20.7339,2.3714,6.4244,6.9534,0.7481,0.7481,482725.6868,92962.1281,62467.1281,19357300.0407,3727781.3368,44.12,36.1,1.01
601995,中金公司,证券,北京,20201102,601995.SH,20230116,39.6,41.13,39.37,40.11,39.69,0.42,1.0582,229655.2,927534.085,2.4704,3.6764,3.5,17.965,20.7391,2.372,6.426,6.9552,0.7479,0.7479,482725.6868,92962.1281,62467.1281,19362127.2975,3728710.9581,43.66,35.72,1.01
601995,中金公司,证券,北京,20201102,601995.SH,20230113,39.57,39.77,39.05,39.69,39.55,0.14,0.354,69219.04,272631.422,0.7446,1.1081,1.03,17.7769,20.5219,2.3472,6.3587,6.8823,0.7559,0.7559,482725.6868,92962.1281,62467.1281,19159382.5091,3689666.8643,43.51,35.6,1.01
601995,中金公司,证券,北京,20201102,601995.SH,20230112,38.38,39.99,38.25,39.55,38.2,1.35,3.534,106331.77,416216.139,1.1438,1.7022,1.8,17.7141,20.4495,2.3389,6.3363,6.8581,0.7585,0.7585,482725.6868,92962.1281,62467.1281,19091800.9129,3676652.1664,42.02,34.38,1.01
601995,中金公司,证券,北京,20201102,601995.SH,20230111,38.72,38.72,38.16,38.2,38.52,-0.32,-0.8307,43152.82,165757.505,0.4642,0.6908,0.76,17.1095,19.7515,2.2591,6.12,6.624,0.7853,0.7853,482725.6868,92962.1281,62467.1281,18440121.2358,3551153.2934,42.37,34.67,1.01
601995,中金公司,证券,北京,20201102,601995.SH,20230110,38.97,39.24,38.52,38.52,38.97,-0.45,-1.1547,47286.24,183374.602,0.5087,0.757,0.84,17.2528,19.917,2.278,6.1712,6.6795,0.7788,0.7788,482725.6868,92962.1281,62467.1281,18594593.4555,3580901.1744,42.87,35.07,1.01
601995,中金公司,证券,北京,20201102,601995.SH,20230109,38.86,39.55,38.78,38.97,38.84,0.13,0.3347,61983.07,242541.403,0.6668,0.9923,1.26,17.4544,20.1497,2.3046,6.2433,6.7575,0.7698,0.7698,482725.6868,92962.1281,62467.1281,18811820.0146,3622734.1321,42.72,34.96,1.01
601995,中金公司,证券,北京,20201102,601995.SH,20230106,38.59,39.3,38.35,38.84,38.58,0.26,0.6739,78434.09,304866.019,0.8437,1.2556,2.03,17.3961,20.0824,2.2969,6.2225,6.735,0.7724,0.7724,482725.6868,92962.1281,62467.1281,18749065.6753,3610649.0554,42.44,34.72,1.01
601995,中金公司,证券,北京,20201102,601995.SH,20230105,38.4,38.8,38.28,38.58,38.22,0.36,0.9419,64140.58,247282.676,0.69,1.0268,1.96,17.2797,19.948,2.2815,6.1809,6.6899,0.7776,0.7776,482725.6868,92962.1281,62467.1281,18623556.9967,3586478.9021,42.04,34.4,1.01
601995,中金公司,证券,北京,20201102,601995.SH,20230104,38.31,38.68,38.05,38.22,38.4,-0.18,-0.4688,32425.07,124361.188,0.3488,0.5191,0.96,17.1185,19.7619,2.2602,6.1232,6.6274,0.7849,0.7849,482725.6868,92962.1281,62467.1281,18449775.7495,3553012.536,42.24,34.56,1.01
601995,中金公司,证券,北京,20201102,601995.SH,20230103,37.88,38.5,37.12,38.4,38.13,0.27,0.7081,44478.3,168752.484,0.4785,0.712,1.48,17.1991,19.8549,2.2709,6.152,6.6587,0.7813,0.7813,482725.6868,92962.1281,62467.1281,18536666.3731,3569745.719,41.94,34.32,1.01
601995,中金公司,证券,北京,20201102,601995.SH,20221230,38.38,38.6,38.12,38.13,38.38,-0.25,-0.6514,26151.93,100266.521,0.2813,0.4187,0.84,17.0781,19.7153,2.2549,6.1088,6.6118,0.4721,0.7868,482725.6868,92962.1281,62467.1281,18406330.4377,3544645.9445,42.22,34.54,1.01
601995,中金公司,证券,北京,20201102,601995.SH,20221229,38.3,38.55,38.0,38.38,38.67,-0.29,-0.7499,25817.7,98834.851,0.2777,0.4133,0.79,17.1901,19.8446,2.2697,6.1488,6.6552,0.469,0.7817,482725.6868,92962.1281,62467.1281,18527011.8594,3567886.4765,42.54,34.8,1.01
601995,中金公司,证券,北京,20201102,601995.SH,20221228,38.38,38.8,38.26,38.67,38.4,0.27,0.7031,35045.95,135085.974,0.377,0.561,1.19,17.32,19.9945,2.2868,6.1953,6.7055,0.4655,0.7758,482725.6868,92962.1281,62467.1281,18667002.3086,3594845.4936,42.24,34.56,1.01
601995,中金公司,证券,北京,20201102,601995.SH,20221227,38.03,38.74,37.94,38.4,37.76,0.64,1.6949,37097.6,142649.637,0.3991,0.5939,1.32,17.1991,19.8549,2.2709,6.152,6.6587,0.4688,0.7813,482725.6868,92962.1281,62467.1281,18536666.3731,3569745.719,41.54,33.98,1.01
601995,中金公司,证券,北京,20201102,601995.SH,20221226,38.0,38.31,37.36,37.76,37.98,-0.22,-0.5793,25910.21,98106.36,0.2787,0.4148,0.84,16.9124,19.524,2.233,6.0495,6.5477,0.4767,0.7945,482725.6868,92962.1281,62467.1281,18227721.9336,3510249.9571,41.78,34.18,1.01
601995,中金公司,证券,北京,20201102,601995.SH,20221223,37.42,38.25,37.36,37.98,37.66,0.32,0.8497,31209.77,118540.097,0.3357,0.4996,1.0,17.011,19.6378,2.246,6.0847,6.5858,0.4739,0.7899,482725.6868,92962.1281,62467.1281,18333921.5847,3530701.6252,41.43,33.89,1.01
601995,中金公司,证券,北京,20201102,601995.SH,20221222,37.7,38.07,37.35,37.66,37.27,0.39,1.0464,34739.73,131048.429,0.3737,0.5561,1.15,16.8676,19.4723,2.2271,6.0335,6.5303,0.478,0.7966,482725.6868,92962.1281,62467.1281,18179449.3649,3500953.7442,41.0,33.54,1.01
601995,中金公司,证券,北京,20201102,601995.SH,20221221,37.5,37.63,37.21,37.27,37.46,-0.19,-0.5072,18404.91,68835.088,0.198,0.2946,0.53,16.693,19.2707,2.2041,5.971,6.4627,0.483,0.8049,482725.6868,92962.1281,62467.1281,17991186.347,3464698.5143,41.21,33.71,1.01
601995,中金公司,证券,北京,20201102,601995.SH,20221220,37.6,37.85,37.18,37.46,37.57,-0.11,-0.2928,30271.6,113481.993,0.3256,0.4846,0.84,16.7781,19.3689,2.2153,6.0014,6.4957,0.4805,0.8009,482725.6868,92962.1281,62467.1281,18082904.2275,3482361.3186,41.33,33.81,1.01
601995,中金公司,证券,北京,20201102,601995.SH,20221219,38.84,38.99,37.5,37.57,38.73,-1.16,-2.9951,39026.46,148270.098,0.4198,0.6248,0.75,16.8273,19.4258,2.2218,6.019,6.5147,0.4791,0.7985,482725.6868,92962.1281,62467.1281,18136004.0531,3492587.1527,42.6,34.86,1.01
601995,中金公司,证券,北京,20201102,601995.SH,20221216,38.59,38.99,38.28,38.73,38.75,-0.02,-0.0516,33494.4,129291.88,0.3603,0.5362,0.38,17.3469,20.0256,2.2904,6.2049,6.7159,0.4648,0.7746,482725.6868,92962.1281,62467.1281,18695965.8498,3600423.2213,42.63,34.88,1.01
601995,中金公司,证券,北京,20201102,601995.SH,20221215,38.83,39.17,38.65,38.75,39.01,-0.26,-0.6665,29497.78,114334.366,0.3173,0.4722,0.29,17.3558,20.0359,2.2916,6.2081,6.7194,0.4645,0.7742,482725.6868,92962.1281,62467.1281,18705620.3635,3602282.4639,42.91,35.11,1.01
601995,中金公司,证券,北京,20201102,601995.SH,20221214,38.51,39.33,38.4,39.01,38.69,0.32,0.8271,40007.33,155535.713,0.4304,0.6405,0.36,17.4723,20.1703,2.307,6.2497,6.7644,0.4614,0.769,482725.6868,92962.1281,62467.1281,18831129.0421,3626452.6172,42.56,34.82,1.01
601995,中金公司,证券,北京,20201102,601995.SH,20221213,38.96,38.99,38.62,38.69,38.75,-0.06,-0.1548,38225.74,148228.872,0.4112,0.6119,0.33,17.329,20.0049,2.288,6.1985,6.7089,0.4652,0.7754,482725.6868,92962.1281,62467.1281,18676656.8223,3596704.7362,42.63,34.88,1.01
601995,中金公司,证券,北京,20201102,601995.SH,20221212,39.99,40.38,38.71,38.75,40.43,-1.68,-4.1553,117698.49,462651.144,1.2661,1.8842,1.0,17.3558,20.0359,2.2916,6.2081,6.7194,0.4645,0.7742,482725.6868,92962.1281,62467.1281,18705620.3635,3602282.4639,44.47,36.39,1.01
601995,中金公司,证券,北京,20201102,601995.SH,20221209,39.95,40.59,39.8,40.43,40.2,0.23,0.5721,211821.61,850775.017,2.2786,3.3909,2.49,18.1083,20.9046,2.3909,6.4772,7.0107,0.4452,0.742,482725.6868,92962.1281,62467.1281,19516599.5173,3758458.8391,44.22,36.18,1.01
601995,中金公司,证券,北京,20201102,601995.SH,20221208,39.47,40.33,39.38,40.2,39.65,0.55,1.3871,100823.6,402251.426,1.0846,1.614,1.2,18.0053,20.7856,2.3773,6.4404,6.9708,0.4478,0.7463,482725.6868,92962.1281,62467.1281,19405572.6094,3737077.5496,43.62,35.69,1.01
601995,中金公司,证券,北京,20201102,601995.SH,20221207,39.17,39.9,38.95,39.65,39.46,0.19,0.4815,79992.87,315261.529,0.8605,1.2806,0.94,17.7589,20.5013,2.3448,6.3523,6.8754,0.454,0.7566,482725.6868,92962.1281,62467.1281,19140073.4816,3685948.3792,43.41,35.51,1.01
601995,中金公司,证券,北京,20201102,601995.SH,20221206,39.31,39.86,39.26,39.46,39.7,-0.24,-0.6045,68269.71,269736.85,0.7344,1.0929,0.71,17.6738,20.403,2.3336,6.3218,6.8425,0.4562,0.7603,482725.6868,92962.1281,62467.1281,19048355.6011,3668285.5748,43.67,35.73,1.01
601995,中金公司,证券,北京,20201102,601995.SH,20221205,38.97,39.93,38.58,39.7,38.22,1.48,3.8723,130320.56,512779.847,1.4019,2.0862,1.59,17.7813,20.5271,2.3478,6.3603,6.8841,0.4534,0.7557,482725.6868,92962.1281,62467.1281,19164209.766,3690596.4856,42.04,34.4,1.01
601995,中金公司,证券,北京,20201102,601995.SH,20221202,38.25,38.58,38.1,38.22,38.42,-0.2,-0.5206,45936.92,175957.792,0.4941,0.7354,0.51,17.1185,19.7619,2.2602,6.1232,6.6274,0.471,0.7849,482725.6868,92962.1281,62467.1281,18449775.7495,3553012.536,42.26,34.58,1.01
601995,中金公司,证券,北京,20201102,601995.SH,20221201,38.66,39.88,38.42,38.42,38.39,0.03,0.0781,97253.03,379343.337,1.0462,1.5569,1.23,17.208,19.8653,2.2721,6.1552,6.6621,0.4685,0.7808,482725.6868,92962.1281,62467.1281,18546320.8869,3571604.9616,42.23,34.55,1.01
601995,中金公司,证券,北京,20201102,601995.SH,20221130,38.82,39.13,38.02,38.39,39.13,-0.74,-1.8911,84835.8,326220.515,0.9126,1.3581,1.18,17.1946,19.8498,2.2703,6.1504,6.6569,0.4689,0.7815,482725.6868,92962.1281,62467.1281,18531839.1163,3568816.0978,43.04,35.22,1.01
601995,中金公司,证券,北京,20201102,601995.SH,20221129,38.23,39.45,38.1,39.13,38.12,1.01,2.6495,119099.39,462671.127,1.2812,1.9066,2.1,17.526,20.2324,2.3141,6.269,6.7852,0.46,0.7667,482725.6868,92962.1281,62467.1281,18889056.1245,3637608.0726,41.93,34.31,1.01
601995,中金公司,证券,北京,20201102,601995.SH,20221128,37.2,38.22,37.01,38.12,38.33,-0.21,-0.5479,61643.23,231669.964,0.6631,0.9868,1.2,17.0737,19.7102,2.2543,6.1072,6.6101,0.4722,0.787,482725.6868,92962.1281,62467.1281,18401503.1808,3543716.3232,42.16,34.5,1.01
601995,中金公司,证券,北京,20201102,601995.SH,20221125,37.44,39.09,37.33,38.33,37.55,0.78,2.0772,91436.42,349633.631,0.9836,1.4638,2.16,17.1677,19.8187,2.2667,6.1408,6.6465,0.4696,0.7827,482725.6868,92962.1281,62467.1281,18502875.575,3563238.3701,41.31,33.8,1.01
601995,中金公司,证券,北京,20201102,601995.SH,20221124,38.28,38.38,37.51,37.55,38.0,-0.45,-1.1842,36798.63,139384.31,0.3958,0.5891,0.72,16.8184,19.4154,2.2206,6.0158,6.5113,0.4794,0.7989,482725.6868,92962.1281,62467.1281,18126349.5393,3490727.9102,41.8,34.2,1.01
601995,中金公司,证券,北京,20201102,601995.SH,20221123,37.78,38.19,37.45,38.0,37.76,0.24,0.6356,50751.71,192320.747,0.5459,0.8125,0.88,17.0199,19.6481,2.2472,6.0879,6.5893,0.4737,0.7895,482725.6868,92962.1281,62467.1281,18343576.0984,3532560.8678,41.54,33.98,1.01
601995,中金公司,证券,北京,20201102,601995.SH,20221122,37.45,38.2,37.4,37.76,37.38,0.38,1.0166,43411.42,163796.13,0.467,0.6949,0.56,16.9124,19.524,2.233,6.0495,6.5477,0.4767,0.7945,482725.6868,92962.1281,62467.1281,18227721.9336,3510249.9571,41.12,33.64,1.01
601995,中金公司,证券,北京,20201102,601995.SH,20221121,37.6,37.67,37.15,37.38,37.7,-0.32,-0.8488,34149.14,127723.294,0.3673,0.5467,0.37,16.7422,19.3275,2.2106,5.9886,6.4818,0.4815,0.8026,482725.6868,92962.1281,62467.1281,18044286.1726,3474924.3484,41.47,33.93,1.01
601995,中金公司,证券,北京,20201102,601995.SH,20221118,38.32,38.36,37.7,37.7,38.37,-0.67,-1.7462,46518.96,176742.904,0.5004,0.7447,0.42,16.8855,19.493,2.2295,6.0399,6.5373,0.4775,0.7958,482725.6868,92962.1281,62467.1281,18198758.3924,3504672.2294,42.21,34.53,1.01
601995,中金公司,证券,北京,20201102,601995.SH,20221117,38.11,38.53,37.75,38.37,38.34,0.03,0.0782,81323.09,310274.8,0.8748,1.3019,0.76,17.1856,19.8394,2.2691,6.1472,6.6535,0.4691,0.7819,482725.6868,92962.1281,62467.1281,18522184.6025,3566956.8552,42.17,34.51,1.01
601995,中金公司,证券,北京,20201102,601995.SH,20221116,38.72,38.8,37.98,38.34,38.98,-0.64,-1.6419,81806.25,314099.378,0.88,1.3096,0.84,17.1722,19.8239,2.2673,6.1424,6.6483,0.4695,0.7825,482725.6868,92962.1281,62467.1281,18507702.8319,3564167.9914,42.88,35.08,1.01
601995,中金公司,证券,北京,20201102,601995.SH,20221115,37.83,39.8,37.5,38.98,37.88,1.1,2.9039,140803.61,546620.339,1.5146,2.254,1.82,17.4588,20.1548,2.3052,6.2449,6.7592,0.4618,0.7696,482725.6868,92962.1281,62467.1281,18816647.2715,3623663.7533,41.67,34.09,1.01
601995,中金公司,证券,北京,20201102,601995.SH,20221114,37.81,38.8,37.61,37.88,37.65,0.23,0.6109,116587.6,444308.878,1.2541,1.8664,1.73,16.9662,19.5861,2.2401,6.0687,6.5685,0.4752,0.792,482725.6868,92962.1281,62467.1281,18285649.016,3521405.4124,41.42,33.89,1.01
601995,中金公司,证券,北京,20201102,601995.SH,20221111,37.28,38.25,36.62,37.65,36.37,1.28,3.5194,138864.68,519019.617,1.4938,2.223,2.27,16.8632,19.4671,2.2265,6.0319,6.5286,0.4781,0.7968,482725.6868,92962.1281,62467.1281,18174622.108,3500024.123,40.01,32.73,1.01
601995,中金公司,证券,北京,20201102,601995.SH,20221110,36.0,36.68,35.93,36.37,36.3,0.07,0.1928,57030.4,207380.083,0.6135,0.913,0.86,16.2899,18.8053,2.1508,5.8268,6.3067,0.4949,0.8249,482725.6868,92962.1281,62467.1281,17556733.2289,3381032.599,39.93,32.67,1.01
601995,中金公司,证券,北京,20201102,601995.SH,20221109,36.21,36.36,35.99,36.3,36.34,-0.04,-0.1101,35636.16,128853.557,0.3833,0.5705,0.47,16.2585,18.7691,2.1467,5.8156,6.2945,0.4959,0.8264,482725.6868,92962.1281,62467.1281,17522942.4308,3374525.25,39.97,32.71,1.01
601995,中金公司,证券,北京,20201102,601995.SH,20221108,36.2,36.43,36.1,36.34,36.18,0.16,0.4422,37713.14,136792.057,0.4057,0.6037,0.45,16.2764,18.7898,2.1491,5.822,6.3014,0.4953,0.8255,482725.6868,92962.1281,62467.1281,17542251.4583,3378243.7352,39.8,32.56,1.01
601995,中金公司,证券,北京,20201102,601995.SH,20221107,36.32,36.53,36.0,36.18,36.55,-0.37,-1.0123,67217.09,243419.103,0.7231,1.076,0.83,16.2048,18.7071,2.1396,5.7964,6.2737,0.4975,0.8292,482725.6868,92962.1281,62467.1281,17465015.3484,3363369.7947,40.21,32.9,1.01
601995,中金公司,证券,北京,20201102,601995.SH,20221104,36.02,37.04,36.01,36.55,36.2,0.35,0.9669,107886.02,393861.884,1.1605,1.7271,1.51,16.3705,18.8984,2.1615,5.8556,6.3379,0.4925,0.8208,482725.6868,92962.1281,62467.1281,17643623.8525,3397765.7821,39.82,32.58,1.01
601995,中金公司,证券,北京,20201102,601995.SH,20221103,35.52,36.23,35.28,36.2,35.63,0.57,1.5998,83470.57,299301.507,0.8979,1.3362,1.26,16.2137,18.7174,2.1408,5.7996,6.2772,0.4972,0.8287,482725.6868,92962.1281,62467.1281,17474669.8622,3365229.0372,39.19,32.07,1.01
601995,中金公司,证券,北京,20201102,601995.SH,20221102,35.14,36.05,34.98,35.63,35.3,0.33,0.9348,84263.96,299839.36,0.9064,1.3489,1.39,15.9584,18.4227,2.1071,5.7082,6.1783,0.5052,0.842,482725.6868,92962.1281,62467.1281,17199516.2207,3312240.6242,38.83,31.77,1.01
601995,中金公司,证券,北京,20201102,601995.SH,20221101,34.22,35.3,34.21,35.3,34.64,0.66,1.9053,74128.2,259450.248,0.7974,1.1867,1.28,15.8106,18.2521,2.0876,5.6554,6.1211,0.5099,0.8499,482725.6868,92962.1281,62467.1281,17040216.744,3281563.1219,38.1,31.18,1.01
601995,中金公司,证券,北京,20201102,601995.SH,20221031,33.21,34.64,33.21,34.64,33.67,0.97,2.8809,56064.48,190991.116,0.6031,0.8975,0.91,15.515,17.9108,2.0485,5.5496,6.0067,0.5196,0.8661,482725.6868,92962.1281,62467.1281,16721617.7908,3220208.1174,37.04,30.3,1.01
601995,中金公司,证券,北京,20201102,601995.SH,20221028,34.52,34.74,33.46,33.67,34.73,-1.06,-3.0521,59524.25,203197.159,0.6403,0.9529,0.94,15.0805,16.9089,2.0738,5.3942,5.8462,0.5346,0.891,482725.6868,92962.1281,62467.1281,16253373.8746,3130034.8531,38.2,31.26,1.01
601995,中金公司,证券,北京,20201102,601995.SH,20221027,34.67,35.04,34.35,34.73,34.44,0.29,0.842,58120.38,201909.45,0.6252,0.9304,0.92,15.5553,17.4412,2.1391,5.564,6.0303,0.5183,0.8638,482725.6868,92962.1281,62467.1281,16765063.1026,3228574.7089,37.88,31.0,1.01
601995,中金公司,证券,北京,20201102,601995.SH,20221026,34.12,34.88,34.0,34.44,34.12,0.32,0.9379,54696.27,188509.846,0.5884,0.8756,0.9,15.4254,17.2956,2.1213,5.5176,5.9799,0.5226,0.8711,482725.6868,92962.1281,62467.1281,16625072.6534,3201615.6918,37.53,30.71,1.01
601995,中金公司,证券,北京,20201102,601995.SH,20221025,34.27,34.68,33.44,34.12,33.93,0.19,0.56,60806.11,207330.005,0.6541,0.9734,1.06,15.2821,17.1349,2.1016,5.4663,5.9243,0.5275,0.8792,482725.6868,92962.1281,62467.1281,16470600.4336,3171867.8108,37.32,30.54,1.01
601995,中金公司,证券,北京,20201102,601995.SH,20221024,34.91,35.49,33.8,33.93,34.72,-0.79,-2.2753,74442.65,257721.735,0.8008,1.1917,1.42,15.197,17.0395,2.0899,5.4359,5.8913,0.5305,0.8842,482725.6868,92962.1281,62467.1281,16378882.5531,3154205.0064,38.19,31.25,1.01
601995,中金公司,证券,北京,20201102,601995.SH,20221021,35.68,35.88,34.72,34.72,34.82,-0.1,-0.2872,70076.57,246708.217,0.7538,1.1218,1.3,15.5508,17.4362,2.1385,5.5624,6.0285,0.5184,0.8641,482725.6868,92962.1281,62467.1281,16760235.8457,3227645.0876,38.3,31.34,1.01
601995,中金公司,证券,北京,20201102,601995.SH,20221020,34.38,35.36,34.32,34.82,34.52,0.3,0.8691,55959.9,194942.526,0.602,0.8958,1.01,15.5956,17.4864,2.1447,5.5785,6.0459,0.5169,0.8616,482725.6868,92962.1281,62467.1281,16808508.4144,3236941.3004,37.97,31.07,1.01
601995,中金公司,证券,北京,20201102,601995.SH,20221019,35.0,35.4,34.51,34.52,34.94,-0.42,-1.2021,41121.68,143414.566,0.4423,0.6583,0.67,15.4612,17.3358,2.1262,5.5304,5.9938,0.5214,0.8691,482725.6868,92962.1281,62467.1281,16663690.7083,3209052.662,38.43,31.45,1.01
601995,中金公司,证券,北京,20201102,601995.SH,20221018,35.22,35.42,34.9,34.94,35.15,-0.21,-0.5974,45557.15,159809.578,0.4901,0.7293,0.67,15.6494,17.5467,2.1521,5.5977,6.0667,0.5152,0.8586,482725.6868,92962.1281,62467.1281,16866435.4968,3248096.7558,38.67,31.64,1.01
601995,中金公司,证券,北京,20201102,601995.SH,20221017,34.5,35.29,34.38,35.15,34.89,0.26,0.7452,48637.79,170217.47,0.5232,0.7786,0.73,15.7434,17.6521,2.165,5.6313,6.1032,0.5121,0.8535,482725.6868,92962.1281,62467.1281,16967807.891,3267618.8027,38.38,31.4,1.01
601995,中金公司,证券,北京,20201102,601995.SH,20221014,34.53,35.2,34.28,34.89,34.14,0.75,2.1968,78433.46,272803.785,0.8437,1.2556,1.28,15.627,17.5216,2.149,5.5897,6.058,0.5159,0.8598,482725.6868,92962.1281,62467.1281,16842299.2125,3243448.6494,37.55,30.73,1.01
601995,中金公司,证券,北京,20201102,601995.SH,20221013,33.94,34.46,33.75,34.14,34.04,0.1,0.2938,64487.97,220041.78,0.6937,1.0324,1.0,15.291,17.1449,2.1028,5.4695,5.9278,0.5272,0.8787,482725.6868,92962.1281,62467.1281,16480254.9474,3173727.0533,37.44,30.64,1.01
601995,中金公司,证券,北京,20201102,601995.SH,20221012,33.44,34.08,33.16,34.04,33.44,0.6,1.7943,68718.15,231172.076,0.7392,1.1001,1.16,15.2463,17.0947,2.0966,5.4535,5.9104,0.5288,0.8813,482725.6868,92962.1281,62467.1281,16431982.3787,3164430.8405,36.78,30.1,1.01
601995,中金公司,证券,北京,20201102,601995.SH,20221011,34.17,34.21,33.01,33.44,34.06,-0.62,-1.8203,81742.98,274324.679,0.8793,1.3086,1.56,14.9775,16.7934,2.0597,5.3574,5.8063,0.5383,0.8971,482725.6868,92962.1281,62467.1281,16142346.9666,3108653.5637,37.47,30.65,1.01
601995,中金公司,证券,北京,20201102,601995.SH,20221010,34.5,34.68,34.0,34.06,34.41,-0.35,-1.0171,38506.95,132148.403,0.4142,0.6164,0.71,15.2552,17.1047,2.0979,5.4567,5.9139,0.5285,0.8808,482725.6868,92962.1281,62467.1281,16441636.8924,3166290.0831,37.85,30.97,1.01
601995,中金公司,证券,北京,20201102,601995.SH,20220930,34.75,35.09,34.4,34.41,34.74,-0.33,-0.9499,52865.31,183495.954,0.5687,0.8463,1.01,15.412,17.2805,2.1194,5.5128,5.9747,0.5231,0.8718,482725.6868,92962.1281,62467.1281,16610590.8828,3198826.8279,38.21,31.27,1.01
601995,中金公司,证券,北京,20201102,601995.SH,20220929,35.88,36.05,34.6,34.74,35.83,-1.09,-3.0421,79120.92,277938.697,0.8511,1.2666,1.79,15.5598,17.4462,2.1398,5.5657,6.032,0.5181,0.8636,482725.6868,92962.1281,62467.1281,16769890.3594,3229504.3302,39.41,32.25,1.01
601995,中金公司,证券,北京,20201102,601995.SH,20220928,36.0,36.5,35.7,35.83,36.15,-0.32,-0.8852,43953.8,158700.192,0.4728,0.7036,0.96,16.048,17.9936,2.2069,5.7403,6.2212,0.5024,0.8373,482725.6868,92962.1281,62467.1281,17296061.358,3330833.0498,39.77,32.54,1.01
601995,中金公司,证券,北京,20201102,601995.SH,20220927,35.65,36.2,35.65,36.15,35.67,0.48,1.3457,46945.21,168777.169,0.505,0.7515,1.09,16.1913,18.1543,2.2266,5.7915,6.2768,0.4979,0.8299,482725.6868,92962.1281,62467.1281,17450533.5778,3360580.9308,39.24,32.1,1.01
601995,中金公司,证券,北京,20201102,601995.SH,20220926,36.1,36.45,35.62,35.67,36.34,-0.67,-1.8437,48036.16,172951.193,0.5167,0.769,1.16,15.9763,17.9133,2.197,5.7146,6.1935,0.5046,0.841,482725.6868,92962.1281,62467.1281,17218825.2482,3315959.1093,39.97,32.71,1.01
601995,中金公司,证券,北京,20201102,601995.SH,20220923,36.5,36.8,35.91,36.34,36.48,-0.14,-0.3838,44233.02,161094.813,0.4758,0.7081,0.84,16.2764,18.2497,2.2383,5.822,6.3098,0.4953,0.8255,482725.6868,92962.1281,62467.1281,17542251.4583,3378243.7352,40.13,32.83,1.01
601995,中金公司,证券,北京,20201102,601995.SH,20220922,36.49,36.8,36.4,36.48,36.65,-0.17,-0.4638,37868.19,138539.256,0.4074,0.6062,0.56,16.3391,18.3201,2.2469,5.8444,6.3341,0.4934,0.8224,482725.6868,92962.1281,62467.1281,17609833.0545,3391258.4331,40.32,32.99,1.01
601995,中金公司,证券,北京,20201102,601995.SH,20220921,37.01,37.08,36.4,36.65,37.3,-0.65,-1.7426,52236.94,191820.023,0.5619,0.8362,0.51,16.4153,18.4054,2.2574,5.8716,6.3636,0.4911,0.8186,482725.6868,92962.1281,62467.1281,17691896.4212,3407061.9949,41.03,33.57,1.01
601995,中金公司,证券,北京,20201102,601995.SH,20220920,37.54,37.66,37.12,37.3,37.31,-0.01,-0.0268,33455.13,125007.719,0.3599,0.5356,0.3,16.7064,18.7319,2.2974,5.9758,6.4765,0.4826,0.8043,482725.6868,92962.1281,62467.1281,18005668.1176,3467487.3781,41.04,33.58,1.01
601995,中金公司,证券,北京,20201102,601995.SH,20220919,37.61,37.68,37.12,37.31,37.45,-0.14,-0.3738,39967.27,149334.091,0.4299,0.6398,0.35,16.7109,18.7369,2.298,5.9774,6.4782,0.4824,0.8041,482725.6868,92962.1281,62467.1281,18010495.3745,3468416.9994,41.2,33.71,1.01
601995,中金公司,证券,北京,20201102,601995.SH,20220916,38.55,38.78,37.32,37.45,38.8,-1.35,-3.4794,100581.83,378808.081,1.082,1.6102,0.97,16.7736,18.8072,2.3067,5.9998,6.5025,0.4806,0.8011,482725.6868,92962.1281,62467.1281,18078076.9707,3481431.6973,42.68,34.92,1.01
601995,中金公司,证券,北京,20201102,601995.SH,20220915,38.9,39.38,38.71,38.8,39.0,-0.2,-0.5128,109650.07,427104.103,1.1795,1.7553,1.15,17.3782,19.4851,2.3898,6.2161,6.7369,0.4639,0.7732,482725.6868,92962.1281,62467.1281,18729756.6478,3606930.5703,42.9,35.1,1.01
601995,中金公司,证券,北京,20201102,601995.SH,20220914,38.74,40.39,38.74,39.0,42.95,-3.95,-9.1967,231534.36,911386.428,2.4906,3.7065,3.59,17.4678,19.5856,2.4021,6.2481,6.7717,0.4615,0.7692,482725.6868,92962.1281,62467.1281,18826301.7852,3625522.9959,47.25,38.66,1.01
601995,中金公司,证券,北京,20201102,601995.SH,20220913,42.92,43.55,42.72,42.95,42.7,0.25,0.5855,75114.7,324276.034,0.808,1.2025,1.27,19.237,21.5693,2.6454,6.881,7.4575,0.4191,0.6985,482725.6868,92962.1281,62467.1281,20733068.2481,3992723.4019,46.97,38.43,1.01
601995,中金公司,证券,北京,20201102,601995.SH,20220909,42.12,42.94,42.11,42.7,42.18,0.52,1.2328,59440.7,253426.845,0.6394,0.9516,1.05,19.125,21.4437,2.63,6.8409,7.4141,0.4215,0.7026,482725.6868,92962.1281,62467.1281,20612386.8264,3969482.8699,46.4,37.96,1.01
601995,中金公司,证券,北京,20201102,601995.SH,20220908,42.74,42.94,42.12,42.18,42.73,-0.55,-1.2872,42023.39,178408.158,0.452,0.6727,0.74,18.8921,21.1826,2.598,6.7576,7.3238,0.4267,0.7112,482725.6868,92962.1281,62467.1281,20361369.4692,3921142.5633,47.0,38.46,1.01
601995,中金公司,证券,北京,20201102,601995.SH,20220907,42.38,43.12,42.34,42.73,42.56,0.17,0.3994,68926.8,294448.564,0.7415,1.1034,1.22,19.1384,21.4588,2.6319,6.8457,7.4193,0.4212,0.7021,482725.6868,92962.1281,62467.1281,20626868.597,3972271.7337,46.82,38.3,1.01
601995,中金公司,证券,北京,20201102,601995.SH,20220906,41.94,42.8,41.93,42.56,41.74,0.82,1.9645,77256.4,327669.644,0.8311,1.2368,1.59,19.0623,21.3734,2.6214,6.8185,7.3898,0.4229,0.7049,482725.6868,92962.1281,62467.1281,20544805.2302,3956468.1719,45.91,37.57,1.01
601995,中金公司,证券,北京,20201102,601995.SH,20220905,41.2,41.83,41.02,41.74,41.55,0.19,0.4573,48452.9,200763.422,0.5212,0.7757,1.06,18.695,20.9616,2.5709,6.6871,7.2474,0.4312,0.7187,482725.6868,92962.1281,62467.1281,20148970.167,3880239.2269,45.71,37.4,1.01
601995,中金公司,证券,北京,20201102,601995.SH,20220902,41.25,42.08,41.21,41.55,41.17,0.38,0.923,46588.78,193514.733,0.5012,0.7458,1.05,18.6099,20.8662,2.5592,6.6567,7.2144,0.4332,0.722,482725.6868,92962.1281,62467.1281,20057252.2865,3862576.4226,45.29,37.05,1.01
601995,中金公司,证券,北京,20201102,601995.SH,20220901,41.57,42.08,41.15,41.17,41.7,-0.53,-1.271,41578.11,172919.463,0.4473,0.6656,0.86,18.4397,20.6753,2.5358,6.5958,7.1484,0.4372,0.7287,482725.6868,92962.1281,62467.1281,19873816.5256,3827250.8139,45.87,37.53,1.01
601995,中金公司,证券,北京,20201102,601995.SH,20220831,41.02,42.33,41.02,41.7,41.51,0.19,0.4577,68786.65,287417.44,0.7399,1.1012,1.33,18.6771,20.9415,2.6548,6.6807,7.2405,0.4317,0.7194,482725.6868,92962.1281,62467.1281,20129661.1396,3876520.7418,45.66,37.36,1.01
601995,中金公司,证券,北京,20201102,601995.SH,20220830,41.7,41.97,41.08,41.51,41.69,-0.18,-0.4318,37759.14,156575.649,0.4062,0.6045,0.65,18.592,18.9712,2.6427,6.6503,6.8461,0.4336,0.7227,482725.6868,92962.1281,62467.1281,20037943.2591,3858857.9374,45.86,37.52,1.01
601995,中金公司,证券,北京,20201102,601995.SH,20220829,41.6,41.9,41.47,41.69,41.81,-0.12,-0.287,34440.07,143435.943,0.3705,0.5513,0.58,18.6726,19.0535,2.6542,6.6791,6.8758,0.4318,0.7196,482725.6868,92962.1281,62467.1281,20124833.8827,3875591.1205,45.99,37.63,1.01
601995,中金公司,证券,北京,20201102,601995.SH,20220826,42.2,42.43,41.71,41.81,42.19,-0.38,-0.9007,40273.15,169280.227,0.4332,0.6447,0.67,18.7264,19.1083,2.6618,6.6983,6.8956,0.4305,0.7175,482725.6868,92962.1281,62467.1281,20182760.9651,3886746.5759,46.41,37.97,1.01
601995,中金公司,证券,北京,20201102,601995.SH,20220825,42.14,42.58,41.4,42.19,41.77,0.42,1.0055,60988.34,256013.68,0.6561,0.9763,1.05,18.8966,19.282,2.686,6.7592,6.9583,0.4266,0.7111,482725.6868,92962.1281,62467.1281,20366196.7261,3922072.1845,45.95,37.59,1.01
601995,中金公司,证券,北京,20201102,601995.SH,20220824,42.7,43.78,41.68,41.77,42.7,-0.93,-2.178,84487.27,360304.858,0.9088,1.3525,1.45,18.7085,19.0901,2.6593,6.6919,6.889,0.4309,0.7182,482725.6868,92962.1281,62467.1281,20163451.9376,3883028.0907,46.97,38.43,1.01
601995,中金公司,证券,北京,20201102,601995.SH,20220823,42.21,43.78,42.03,42.7,42.23,0.47,1.113,68517.57,293338.703,0.737,1.0969,1.25,19.125,19.5151,2.7185,6.8409,7.0424,0.4215,0.7026,482725.6868,92962.1281,62467.1281,20612386.8264,3969482.8699,46.45,38.01,1.01
601995,中金公司,证券,北京,20201102,601995.SH,20220822,42.4,42.7,42.09,42.23,42.49,-0.26,-0.6119,41177.99,174196.656,0.443,0.6592,0.66,18.9145,19.3003,2.6885,6.7656,6.9649,0.4262,0.7104,482725.6868,92962.1281,62467.1281,20385505.7536,3925790.6697,46.74,38.24,1.01
601995,中金公司,证券,北京,20201102,601995.SH,20220819,43.15,43.3,42.48,42.49,42.95,-0.46,-1.071,43891.96,187866.662,0.4721,0.7026,0.62,19.031,19.4191,2.7051,6.8073,7.0078,0.4236,0.706,482725.6868,92962.1281,62467.1281,20511014.4321,3949960.823,47.25,38.66,1.01
601995,中金公司,证券,北京,20201102,601995.SH,20220818,43.7,43.88,43.21,43.25,43.92,-0.67,-1.5255,52631.58,228726.956,0.5662,0.8425,0.55,19.3714,19.7665,2.7019,6.929,7.1331,0.4162,,482725.6868,92962.1281,62467.1281,20877885.9541,4020612.0403,48.31,39.53,1.003
601995,中金公司,证券,北京,20201102,601995.SH,20220817,43.5,44.39,43.1,43.92,43.4,0.52,1.1982,84365.66,369899.903,0.9075,1.3506,0.96,19.6714,20.0727,2.7437,7.0364,7.2436,0.4098,,482725.6868,92962.1281,62467.1281,21201312.1643,4082896.6662,47.74,39.06,1.003
601995,中金公司,证券,北京,20201102,601995.SH,20220816,43.65,43.93,43.31,43.4,43.56,-0.16,-0.3673,52542.22,228865.804,0.5652,0.8411,0.58,19.4385,19.835,2.7113,6.9531,7.1578,0.4147,,482725.6868,92962.1281,62467.1281,20950294.8071,4034556.3595,47.92,39.2,1.003
601995,中金公司,证券,北京,20201102,601995.SH,20220815,43.18,44.0,42.8,43.56,43.39,0.17,0.3918,76563.37,332144.457,0.8236,1.2257,0.92,19.5102,19.9081,2.7212,6.9787,7.1842,0.4132,,482725.6868,92962.1281,62467.1281,21027530.917,4049430.3,47.73,39.05,1.003
601995,中金公司,证券,北京,20201102,601995.SH,20220812,42.96,43.66,42.89,43.39,43.48,-0.09,-0.207,88491.82,383678.345,0.9519,1.4166,1.12,19.4341,19.8304,2.7106,6.9515,7.1562,0.4148,,482725.6868,92962.1281,62467.1281,20945467.5503,4033626.7383,47.83,39.13,1.003
601995,中金公司,证券,北京,20201102,601995.SH,20220811,41.19,43.6,41.15,43.48,41.04,2.44,5.9454,177178.34,755862.241,1.9059,2.8363,3.22,19.4744,19.8716,2.7162,6.9659,7.171,0.414,,482725.6868,92962.1281,62467.1281,20988912.8621,4041993.3298,45.14,36.94,1.003
601995,中金公司,证券,北京,20201102,601995.SH,20220810,41.42,41.82,41.03,41.04,41.46,-0.42,-1.013,42959.96,177534.412,0.4621,0.6877,0.76,18.3815,18.7564,2.5638,6.575,6.7686,0.4386,,482725.6868,92962.1281,62467.1281,19811062.1863,3815165.7372,45.61,37.31,1.003
601995,中金公司,证券,北京,20201102,601995.SH,20220809,42.03,42.37,41.25,41.46,42.22,-0.76,-1.8001,67538.47,281206.701,0.7265,1.0812,1.06,18.5696,18.9484,2.5901,6.6423,6.8379,0.4342,,482725.6868,92962.1281,62467.1281,20013806.9747,3854209.831,46.44,38.0,1.003
601995,中金公司,证券,北京,20201102,601995.SH,20220808,42.0,42.45,41.76,42.22,42.22,0.0,0.0,40277.57,170039.174,0.4333,0.6448,0.6,18.91,19.2957,2.6375,6.764,6.9632,0.4263,,482725.6868,92962.1281,62467.1281,20380678.4967,3924861.0484,46.44,38.0,1.003
601995,中金公司,证券,北京,20201102,601995.SH,20220805,41.68,42.5,41.41,42.22,41.68,0.54,1.2956,66692.58,279884.945,0.7174,1.0676,1.03,18.91,19.2957,2.6375,6.764,6.9632,0.4263,,482725.6868,92962.1281,62467.1281,20380678.4967,3924861.0484,45.85,37.51,1.003
601995,中金公司,证券,北京,20201102,601995.SH,20220804,41.2,42.0,41.2,41.68,40.83,0.85,2.0818,57458.97,238804.613,0.6181,0.9198,0.84,18.6682,19.0489,2.6038,6.6775,6.8742,0.4319,,482725.6868,92962.1281,62467.1281,20120006.6258,3874661.4992,44.91,36.75,1.003
601995,中金公司,证券,北京,20201102,601995.SH,20220803,41.2,41.89,40.83,40.83,41.2,-0.37,-0.8981,51855.04,213947.873,0.5578,0.8301,0.76,18.2875,18.6605,2.5507,6.5413,6.734,0.4409,,482725.6868,92962.1281,62467.1281,19709689.792,3795643.6903,45.32,37.08,1.003
601995,中金公司,证券,北京,20201102,601995.SH,20220802,41.03,42.52,40.26,41.2,41.69,-0.49,-1.1753,102869.84,428088.698,1.1066,1.6468,1.82,18.4532,18.8296,2.5738,6.6006,6.795,0.4369,,482725.6868,92962.1281,62467.1281,19888298.2962,3830039.6777,45.86,37.52,1.003
601995,中金公司,证券,北京,20201102,601995.SH,20220801,42.0,42.2,41.31,41.69,42.41,-0.72,-1.6977,55449.39,231570.787,0.5965,0.8877,1.02,18.6726,19.0535,2.6044,6.6791,6.8758,0.4318,,482725.6868,92962.1281,62467.1281,20124833.8827,3875591.1205,46.65,38.17,1.003
601995,中金公司,证券,北京,20201102,601995.SH,20220729,43.29,43.7,42.39,42.41,43.42,-1.01,-2.3261,55607.5,238808.05,0.5982,0.8902,0.98,18.9951,19.3826,2.6494,6.7945,6.9946,0.4244,,482725.6868,92962.1281,62467.1281,20472396.3772,3942523.8527,47.76,39.08,1.003
601995,中金公司,证券,北京,20201102,601995.SH,20220728,42.8,43.93,42.7,43.42,42.52,0.9,2.1167,77471.72,336615.555,0.8334,1.2402,1.36,19.4475,19.8442,2.7125,6.9563,7.1611,0.4146,,482725.6868,92962.1281,62467.1281,20959949.3209,4036415.6021,46.77,38.27,1.003
601995,中金公司,证券,北京,20201102,601995.SH,20220727,43.2,43.2,42.33,42.52,43.24,-0.72,-1.6651,51734.42,220928.818,0.5565,0.8282,0.84,19.0444,19.4328,2.6563,6.8121,7.0127,0.4233,,482725.6868,92962.1281,62467.1281,20525496.2027,3952749.6868,47.56,38.92,1.003
601995,中金公司,证券,北京,20201102,601995.SH,20220726,43.3,43.7,43.19,43.24,43.39,-0.15,-0.3457,42227.83,182986.815,0.4542,0.676,0.5,19.3669,19.7619,2.7013,6.9274,7.1315,0.4163,,482725.6868,92962.1281,62467.1281,20873058.6972,4019682.419,47.73,39.05,1.003
601995,中金公司,证券,北京,20201102,601995.SH,20220725,43.61,43.8,43.13,43.39,43.64,-0.25,-0.5729,45348.11,196676.235,0.4878,0.726,0.53,19.4341,19.8304,2.7106,6.9515,7.1562,0.4148,,482725.6868,92962.1281,62467.1281,20945467.5503,4033626.7383,48.0,39.28,1.003
601995,中金公司,证券,北京,20201102,601995.SH,20220722,43.42,44.25,43.18,43.64,43.43,0.21,0.4835,67126.37,293468.831,0.7221,1.0746,0.77,19.546,19.9447,2.7262,6.9915,7.1974,0.4125,,482725.6868,92962.1281,62467.1281,21066148.972,4056867.2703,47.77,39.09,1.003
601995,中金公司,证券,北京,20201102,601995.SH,20220721,43.16,44.25,43.1,43.43,43.64,-0.21,-0.4812,77510.56,339180.04,0.8338,1.2408,0.95,19.452,19.8487,2.7131,6.9579,7.1628,0.4145,,482725.6868,92962.1281,62467.1281,20964776.5777,4037345.2234,48.0,39.28,1.003
601995,中金公司,证券,北京,20201102,601995.SH,20220720,43.99,44.19,43.36,43.64,44.29,-0.65,-1.4676,77563.41,338595.103,0.8344,1.2417,0.97,19.546,19.9447,2.7262,6.9915,7.1974,0.4125,,482725.6868,92962.1281,62467.1281,21066148.972,4056867.2703,48.72,39.86,1.003
601995,中金公司,证券,北京,20201102,601995.SH,20220719,42.31,45.28,42.05,44.29,42.3,1.99,4.7045,151976.18,666302.785,1.6348,2.4329,2.33,19.8372,20.2418,2.7669,7.0956,7.3046,0.4064,,482725.6868,92962.1281,62467.1281,21379920.6684,4117292.6535,46.53,38.07,1.003
601995,中金公司,证券,北京,20201102,601995.SH,20220718,41.88,42.65,41.8,42.3,41.76,0.54,1.2931,54200.99,229068.706,0.583,0.8677,0.77,18.9459,19.3323,2.6425,6.7768,6.9764,0.4255,,482725.6868,92962.1281,62467.1281,20419296.5516,3932298.0186,45.94,37.58,1.003
601995,中金公司,证券,北京,20201102,601995.SH,20220715,43.3,43.4,41.71,41.76,43.11,-1.35,-3.1315,73570.19,313228.182,0.7914,1.1777,1.0,18.704,19.0855,2.6088,6.6903,6.8874,0.431,,482725.6868,92962.1281,62467.1281,20158624.6808,3882098.4695,47.42,38.8,1.003
601995,中金公司,证券,北京,20201102,601995.SH,20220714,43.3,43.3,42.6,43.11,43.41,-0.3,-0.6911,48810.19,209887.834,0.5251,0.7814,0.62,19.3086,19.7025,2.6931,6.9066,7.11,0.4175,0.4175,482725.6868,92962.1281,62467.1281,20810304.3579,4007597.3424,47.75,39.07,1.003
601995,中金公司,证券,北京,20201102,601995.SH,20220713,42.78,43.41,42.49,43.41,42.78,0.63,1.4727,71402.19,307077.651,0.7681,1.143,0.81,19.443,19.8396,2.7119,6.9547,7.1595,0.4147,0.4147,482725.6868,92962.1281,62467.1281,20955122.064,4035485.9808,47.06,38.5,1.003
601995,中金公司,证券,北京,20201102,601995.SH,20220712,42.7,43.39,42.3,42.78,42.44,0.34,0.8011,78237.51,334980.122,0.8416,1.2525,0.76,19.1608,19.5517,2.6725,6.8537,7.0556,0.4208,0.4208,482725.6868,92962.1281,62467.1281,20651004.8813,3976919.8401,46.68,38.2,1.003
601995,中金公司,证券,北京,20201102,601995.SH,20220711,43.71,43.71,42.26,42.44,43.73,-1.29,-2.9499,78022.75,333475.875,0.8393,1.249,0.71,19.0086,19.3963,2.6513,6.7993,6.9995,0.4241,0.4241,482725.6868,92962.1281,62467.1281,20486878.1478,3945312.7166,48.1,39.36,1.003
601995,中金公司,证券,北京,20201102,601995.SH,20220708,44.2,44.4,43.64,43.73,44.3,-0.57,-1.2867,89556.18,393692.077,0.9634,1.4337,0.81,19.5863,19.9858,2.7319,7.0059,7.2123,0.4116,0.4116,482725.6868,92962.1281,62467.1281,21109594.2838,4065233.8618,48.73,39.87,1.003
601995,中金公司,证券,北京,20201102,601995.SH,20220707,43.68,44.3,43.4,44.3,43.9,0.4,0.9112,78647.33,344615.526,0.846,1.259,0.66,19.8416,20.2463,2.7675,7.0972,7.3063,0.4063,0.4063,482725.6868,92962.1281,62467.1281,21384747.9252,4118222.2748,48.29,39.51,1.003
601995,中金公司,证券,北京,20201102,601995.SH,20220706,44.04,44.38,43.5,43.9,44.6,-0.7,-1.5695,114389.34,501992.256,1.2305,1.8312,0.88,19.6625,20.0635,2.7425,7.0332,7.2403,0.41,0.41,482725.6868,92962.1281,62467.1281,21191657.6505,4081037.4236,49.06,40.14,1.003
601995,中金公司,证券,北京,20201102,601995.SH,20220705,44.5,45.78,43.8,44.6,44.05,0.55,1.2486,153960.81,688859.208,1.6562,2.4647,1.06,19.976,20.3835,2.7862,7.1453,7.3558,0.4036,0.4036,482725.6868,92962.1281,62467.1281,21529565.6313,4146110.9133,48.46,39.65,1.003
601995,中金公司,证券,北京,20201102,601995.SH,20220704,43.38,44.2,42.97,44.05,43.56,0.49,1.1249,113834.12,497907.544,1.2245,1.8223,0.58,19.7297,20.1321,2.7519,7.0572,7.265,0.4086,0.4086,482725.6868,92962.1281,62467.1281,21264066.5035,4094981.7428,47.92,39.2,1.003
601995,中金公司,证券,北京,20201102,601995.SH,20220701,44.4,44.82,43.46,43.56,44.49,-0.93,-2.0904,90194.87,395567.912,0.9702,1.4439,0.41,19.5102,19.9081,2.7212,6.9787,7.1842,0.4132,0.4132,482725.6868,92962.1281,62467.1281,21027530.917,4049430.3,48.94,40.04,1.003
601995,中金公司,证券,北京,20201102,601995.SH,20220630,43.95,45.1,43.95,44.49,43.81,0.68,1.5522,123912.59,553754.63,1.3329,1.9836,0.52,19.9267,20.3332,2.7793,7.1277,7.3376,0.4046,0.4046,482725.6868,92962.1281,62467.1281,21476465.8057,4135885.0792,48.19,39.43,1.003
601995,中金公司,证券,北京,20201102,601995.SH,20220629,45.08,45.66,43.65,43.81,45.41,-1.6,-3.5235,167405.5,748389.568,1.8008,2.6799,0.74,19.6222,20.0224,2.7369,7.0187,7.2255,0.4109,0.4109,482725.6868,92962.1281,62467.1281,21148212.3387,4072670.8321,49.95,40.87,1.003
601995,中金公司,证券,北京,20201102,601995.SH,20220628,46.01,46.39,44.6,45.41,46.77,-1.36,-2.9078,229030.33,1036624.208,2.4637,3.8622,1.12,20.3388,20.7536,2.8368,7.2751,7.4893,0.3964,0.3964,482725.6868,92962.1281,59300.6281,21920573.4376,4221410.237,51.45,42.09,1.003
601995,中金公司,证券,北京,20201102,601995.SH,20220627,44.8,47.72,44.3,46.77,44.2,2.57,5.8145,377482.43,1751401.085,4.0606,6.3656,2.49,20.9479,21.3752,2.9218,7.493,7.7136,0.3849,0.3849,482725.6868,92962.1281,59300.6281,22577080.3716,4347838.7312,48.62,39.78,1.003
601995,中金公司,证券,北京,20201102,601995.SH,20220624,43.1,44.44,42.56,44.2,43.04,1.16,2.6952,213849.58,935164.91,2.3004,3.6062,1.46,19.7968,20.2006,2.7612,7.0812,7.2898,0.4072,0.4072,482725.6868,92962.1281,59300.6281,21336475.3566,4108926.062,47.34,38.74,1.003
601995,中金公司,证券,北京,20201102,601995.SH,20220623,41.06,43.59,41.0,43.04,41.25,1.79,4.3394,203831.87,868334.129,2.1926,3.8378,1.26,19.2773,19.6705,2.6888,6.8954,7.0985,0.4182,0.4182,482725.6868,92962.1281,53112.1281,20776513.5599,4001089.9934,45.38,37.13,1.003
601995,中金公司,证券,北京,20201102,601995.SH,20220622,41.7,42.5,41.25,41.25,41.62,-0.37,-0.889,112730.63,471964.626,1.2127,2.1225,0.47,18.4756,18.8524,2.5769,6.6086,6.8033,0.4364,0.4364,482725.6868,92962.1281,53112.1281,19912434.5805,3834687.7841,45.78,37.46,1.003
601995,中金公司,证券,北京,20201102,601995.SH,20220621,42.22,42.48,41.31,41.62,42.23,-0.61,-1.4445,112167.48,469072.16,1.2066,2.1119,0.41,18.6413,19.0215,2.6001,6.6679,6.8643,0.4325,0.4325,482725.6868,92962.1281,53112.1281,20091043.0846,3869083.7715,46.45,38.01,1.003
601995,中金公司,证券,北京,20201102,601995.SH,20220620,41.92,42.9,41.85,42.23,42.39,-0.16,-0.3774,116328.3,492357.593,1.2514,2.1902,0.41,18.9145,19.3003,2.6382,6.7656,6.9649,0.4262,0.4262,482725.6868,92962.1281,53112.1281,20385505.7536,3925790.6697,46.63,38.15,1.003
601995,中金公司,证券,北京,20201102,601995.SH,20220617,41.6,43.14,41.6,42.39,41.62,0.77,1.8501,185344.47,785308.462,1.9938,3.4897,0.59,18.9862,19.3734,2.6482,6.7912,6.9913,0.4246,0.4246,482725.6868,92962.1281,53112.1281,20462741.8635,3940664.6102,45.78,37.46,1.003
601995,中金公司,证券,北京,20201102,601995.SH,20220616,43.6,43.66,41.6,41.62,43.97,-2.35,-5.3446,279785.84,1194451.204,3.0097,5.2678,0.93,18.6413,19.0215,2.6001,6.6679,6.8643,0.4325,0.4325,482725.6868,92962.1281,53112.1281,20091043.0846,3869083.7715,48.37,39.57,1.003
601995,中金公司,证券,北京,20201102,601995.SH,20220615,43.53,46.6,43.03,43.97,43.7,0.27,0.6178,494093.3,2213217.092,5.315,9.3028,2.12,19.6938,20.0955,2.7469,7.0444,7.2519,0.4094,0.4094,482725.6868,92962.1281,53112.1281,21225448.4486,4087544.7726,48.07,39.33,1.003
601995,中金公司,证券,北京,20201102,601995.SH,20220614,39.88,44.89,39.31,43.7,41.62,2.08,4.9976,306260.72,1261348.862,3.2945,5.7663,1.5,19.5729,19.9721,2.73,7.0011,7.2073,0.4119,0.4119,482725.6868,92962.1281,53112.1281,21095112.5132,4062444.998,45.78,37.46,1.003
601995,中金公司,证券,北京,20201102,601995.SH,20220613,41.3,42.41,41.2,41.62,42.32,-0.7,-1.6541,166732.69,695294.222,1.7936,3.1393,0.82,18.6413,19.0215,2.6001,6.6679,6.8643,0.4325,0.4325,482725.6868,92962.1281,53112.1281,20091043.0846,3869083.7715,46.55,38.09,1.003
601995,中金公司,证券,北京,20201102,601995.SH,20220610,39.99,42.83,39.86,42.32,40.71,1.61,3.9548,335331.33,1393460.277,3.6072,6.3136,2.1,18.9548,19.3414,2.6438,6.78,6.9797,0.4253,0.4253,482725.6868,92962.1281,53112.1281,20428951.0654,3934157.2612,44.78,36.64,1.003
601995,中金公司,证券,北京,20201102,601995.SH,20220609,40.3,41.44,40.1,40.71,40.3,0.41,1.0174,196708.93,801526.797,2.116,3.7037,1.4,18.2337,18.6056,2.5432,6.5221,6.7142,0.4422,0.4422,482725.6868,92962.1281,53112.1281,19651762.7096,3784488.235,44.33,36.27,1.003
601995,中金公司,证券,北京,20201102,601995.SH,20220608,39.5,40.76,39.36,40.3,39.55,0.75,1.8963,158885.56,637039.287,1.7091,2.9915,1.08,18.0501,18.4182,2.5176,6.4564,6.6466,0.4467,0.4467,482725.6868,92962.1281,53112.1281,19453845.178,3746373.7624,43.51,35.6,1.003
601995,中金公司,证券,北京,20201102,601995.SH,20220607,39.15,40.5,39.01,39.55,39.25,0.3,0.7643,166104.61,662475.302,1.7868,3.1274,1.28,17.7141,18.0755,2.4707,6.3363,6.5229,0.4551,0.4551,482725.6868,92962.1281,53112.1281,19091800.9129,3676652.1664,43.18,35.33,1.003
601995,中金公司,证券,北京,20201102,601995.SH,20220606,38.12,39.5,38.04,39.25,38.66,0.59,1.5261,153639.52,596972.024,1.6527,2.8927,1.32,17.5798,17.9384,2.452,6.2882,6.4734,0.4586,0.4586,482725.6868,92962.1281,53112.1281,18946983.2069,3648763.5279,42.53,34.79,1.003
601995,中金公司,证券,北京,20201102,601995.SH,20220602,38.08,38.95,37.9,38.66,38.08,0.58,1.5231,122566.18,472522.793,1.3185,2.3077,1.06,17.3155,17.6687,2.4151,6.1937,6.3761,0.4656,0.4656,482725.6868,92962.1281,53112.1281,18662175.0517,3593915.8723,41.89,34.27,1.003
601995,中金公司,证券,北京,20201102,601995.SH,20220601,38.15,38.46,37.85,38.08,38.5,-0.42,-1.0909,100689.28,383562.616,1.0831,1.8958,0.94,17.0557,17.4036,2.3789,6.1007,6.2804,0.4727,0.4727,482725.6868,92962.1281,53112.1281,18382194.1533,3539997.838,42.35,34.65,1.003
601995,中金公司,证券,北京,20201102,601995.SH,20220531,37.21,38.5,37.01,38.5,37.15,1.35,3.6339,193437.94,734745.691,2.0808,3.6421,2.21,17.2439,17.5956,2.4051,6.168,6.3497,0.4675,0.4675,482725.6868,92962.1281,53112.1281,18584938.9418,3579041.9319,40.87,33.44,1.003
601995,中金公司,证券,北京,20201102,601995.SH,20220530,37.0,37.6,36.9,37.15,36.99,0.16,0.4325,79668.17,296478.916,0.857,1.5,0.91,16.6392,16.9786,2.3208,5.9518,6.127,0.4845,0.4845,482725.6868,92962.1281,53112.1281,17933259.2646,3453543.0589,40.69,33.29,1.003
601995,中金公司,证券,北京,20201102,601995.SH,20220527,37.71,37.75,36.85,36.99,37.37,-0.38,-1.0169,87320.6,325571.436,0.9393,1.6441,0.92,16.5675,16.9055,2.3108,5.9261,6.1007,0.4866,0.4866,482725.6868,92962.1281,53112.1281,17856023.1547,3438669.1184,41.11,33.63,1.003
601995,中金公司,证券,北京,20201102,601995.SH,20220526,36.62,37.87,36.0,37.37,36.58,0.79,2.1597,115756.55,429931.046,1.2452,2.1795,1.33,16.7377,17.0791,2.3345,5.987,6.1633,0.4817,0.4817,482725.6868,92962.1281,53112.1281,18039458.9157,3473994.7271,40.24,32.92,1.003
601995,中金公司,证券,北京,20201102,601995.SH,20220525,36.26,36.61,36.23,36.58,36.27,0.31,0.8547,58343.41,212560.068,0.6276,1.0985,0.63,16.3839,16.7181,2.2852,5.8604,6.033,0.4921,0.4921,482725.6868,92962.1281,53112.1281,17658105.6231,3400554.6459,39.9,32.64,1.003
601995,中金公司,证券,北京,20201102,601995.SH,20220524,37.53,37.8,36.25,36.27,37.6,-1.33,-3.5372,97042.75,358896.277,1.0439,1.8271,1.1,16.2451,16.5764,2.2658,5.8108,5.9819,0.4963,0.4963,482725.6868,92962.1281,53112.1281,17508460.6602,3371736.3862,41.36,33.84,1.003
601995,中金公司,证券,北京,20201102,601995.SH,20220523,37.35,37.69,37.09,37.6,37.49,0.11,0.2934,80954.99,302908.463,0.8708,1.5242,0.94,16.8408,17.1843,2.3489,6.0238,6.2013,0.4787,0.4787,482725.6868,92962.1281,53112.1281,18150485.8237,3495376.0166,41.24,33.74,1.003
601995,中金公司,证券,北京,20201102,601995.SH,20220520,37.12,37.7,37.01,37.49,37.05,0.44,1.1876,123654.66,462650.68,1.3302,2.3282,1.63,16.7915,17.134,2.342,6.0062,6.1831,0.4801,0.4801,482725.6868,92962.1281,53112.1281,18097385.9981,3485150.1825,40.76,33.35,1.003
601995,中金公司,证券,北京,20201102,601995.SH,20220519,36.61,37.07,36.42,37.05,37.29,-0.24,-0.6436,74527.67,273620.704,0.8017,1.4032,0.98,16.5944,16.9329,2.3146,5.9357,6.1106,0.4858,0.4858,482725.6868,92962.1281,53112.1281,17884986.6959,3444246.8461,41.02,33.56,1.003
601995,中金公司,证券,北京,20201102,601995.SH,20220518,37.37,37.63,37.15,37.29,37.16,0.13,0.3498,87941.49,329085.907,0.946,1.6558,1.04,16.7019,17.0426,2.3296,5.9742,6.1501,0.4827,0.4827,482725.6868,92962.1281,53112.1281,18000840.8608,3466557.7568,40.88,33.44,1.003
601995,中金公司,证券,北京,20201102,601995.SH,20220517,36.9,37.39,36.56,37.16,37.03,0.13,0.3511,72048.46,266779.263,0.775,1.3565,0.82,16.6437,16.9832,2.3214,5.9534,6.1287,0.4844,0.4844,482725.6868,92962.1281,53112.1281,17938086.5215,3454472.6802,40.73,33.33,1.003
601995,中金公司,证券,北京,20201102,601995.SH,20220516,37.45,37.58,36.76,37.03,36.98,0.05,0.1352,72009.26,267252.071,0.7746,1.3558,0.87,16.5855,16.9237,2.3133,5.9325,6.1073,0.4861,0.4861,482725.6868,92962.1281,53112.1281,17875332.1822,3442387.6035,40.68,33.28,1.003
601995,中金公司,证券,北京,20201102,601995.SH,20220513,37.01,37.38,36.68,36.98,36.94,0.04,0.1083,72831.81,269507.219,0.7835,1.3713,0.87,16.5631,16.9009,2.3102,5.9245,6.099,0.4867,0.4867,482725.6868,92962.1281,53112.1281,17851195.8979,3437739.4971,40.63,33.25,1.003
601995,中金公司,证券,北京,20201102,601995.SH,20220512,36.3,37.5,36.05,36.94,36.75,0.19,0.517,76985.9,283183.173,0.8281,1.4495,0.83,16.5451,16.8826,2.3077,5.9181,6.0924,0.4873,0.4873,482725.6868,92962.1281,53112.1281,17831886.8704,3434021.012,40.43,33.08,1.003
601995,中金公司,证券,北京,20201102,601995.SH,20220511,36.58,37.6,36.41,36.75,36.58,0.17,0.4647,127759.03,472881.51,1.3743,2.4055,1.26,16.46,16.7958,2.2958,5.8877,6.0611,0.4898,0.4898,482725.6868,92962.1281,53112.1281,17740168.9899,3416358.2077,40.24,32.92,1.003
601995,中金公司,证券,北京,20201102,601995.SH,20220510,35.72,36.92,35.6,36.58,36.03,0.55,1.5265,91231.18,332205.826,0.9814,1.7177,0.88,16.3839,16.7181,2.2852,5.8604,6.033,0.4921,0.4921,482725.6868,92962.1281,53112.1281,17658105.6231,3400554.6459,39.63,32.43,1.003
601995,中金公司,证券,北京,20201102,601995.SH,20220509,35.8,36.29,35.68,36.03,35.92,0.11,0.3062,45588.62,164302.775,0.4904,0.8583,0.38,16.1376,16.4667,2.2508,5.7723,5.9423,0.4996,0.4996,482725.6868,92962.1281,53112.1281,17392606.4954,3349425.4754,39.51,32.33,1.003
601995,中金公司,证券,北京,20201102,601995.SH,20220506,36.12,36.38,35.8,35.92,36.79,-0.87,-2.3648,78878.75,284769.231,0.8485,1.4851,0.6,16.0883,16.4164,2.244,5.7547,5.9242,0.5011,0.5011,482725.6868,92962.1281,53112.1281,17339506.6699,3339199.6414,40.47,33.11,1.003
601995,中金公司,证券,北京,20201102,601995.SH,20220505,36.45,36.91,36.01,36.79,37.48,-0.69,-1.841,121744.48,444210.783,1.3096,2.2922,0.92,16.478,16.8141,2.2983,5.8941,6.0677,0.4893,0.4893,482725.6868,92962.1281,53112.1281,17759478.0174,3420076.6928,41.23,33.73,1.003
601995,中金公司,证券,北京,20201102,601995.SH,20220429,36.76,37.75,36.28,37.48,35.7,1.78,4.986,170030.44,629380.866,1.829,3.2013,1.5,16.787,16.787,2.383,6.0046,6.0046,0.4803,0.4803,482725.6868,92962.1281,53112.1281,18092558.7413,3484220.5612,39.27,32.13,1.003
601995,中金公司,证券,北京,20201102,601995.SH,20220428,36.44,36.69,35.4,35.7,36.79,-1.09,-2.9628,102730.67,369538.99,1.1051,1.9342,0.89,15.9898,15.9898,2.2699,5.7195,5.7195,0.5042,0.5042,482725.6868,92962.1281,53112.1281,17233307.0188,3318747.9732,40.47,33.11,1.003
601995,中金公司,证券,北京,20201102,601995.SH,20220427,35.88,36.95,35.15,36.79,36.33,0.46,1.2662,131749.12,477188.357,1.4172,2.4806,1.27,16.478,16.478,2.3392,5.8941,5.8941,0.4893,0.4893,482725.6868,92962.1281,53112.1281,17759478.0174,3420076.6928,39.96,32.7,1.003
601995,中金公司,证券,北京,20201102,601995.SH,20220426,37.8,38.06,35.99,36.33,37.4,-1.07,-2.861,134121.89,495843.938,1.4428,2.5253,1.44,16.2719,16.2719,2.3099,5.8204,5.8204,0.4955,0.4955,482725.6868,92962.1281,53112.1281,17537424.2014,3377314.1139,41.14,33.66,1.003
601995,中金公司,证券,北京,20201102,601995.SH,20220425,37.37,39.0,37.0,37.4,38.47,-1.07,-2.7814,120715.07,460590.656,1.2985,2.2728,1.27,16.7512,16.7512,2.378,5.9918,5.9918,0.4813,0.4813,482725.6868,92962.1281,53112.1281,18053940.6863,3476783.5909,42.32,34.62,1.003
601995,中金公司,证券,北京,20201102,601995.SH,20220422,38.55,38.98,38.28,38.47,38.6,-0.13,-0.3368,78616.24,304247.782,0.8457,1.4802,0.77,17.2304,17.2304,2.446,6.1632,6.1632,0.4679,0.4679,482725.6868,92962.1281,53112.1281,18570457.1712,3576253.068,42.46,34.74,1.003
601995,中金公司,证券,北京,20201102,601995.SH,20220421,38.68,39.58,38.32,38.6,38.99,-0.39,-1.0003,112216.0,436819.539,1.2071,2.1128,1.03,17.2887,17.2887,2.4543,6.1841,6.1841,0.4663,0.4663,482725.6868,92962.1281,53112.1281,18633211.5105,3588338.1447,42.89,35.09,1.003
601995,中金公司,证券,北京,20201102,601995.SH,20220420,39.54,39.95,38.9,38.99,39.54,-0.55,-1.391,72513.91,285520.411,0.78,1.3653,0.57,17.4633,17.4633,2.4791,6.2465,6.2465,0.4617,0.4617,482725.6868,92962.1281,53112.1281,18821474.5283,3624593.3746,43.49,35.59,1.003
601995,中金公司,证券,北京,20201102,601995.SH,20220419,39.9,40.2,39.25,39.54,39.99,-0.45,-1.1253,81888.63,324414.145,0.8809,1.5418,0.57,17.7097,17.7097,2.514,6.3347,6.3347,0.4552,0.4552,482725.6868,92962.1281,53112.1281,19086973.6561,3675722.5451,43.99,35.99,1.003
601995,中金公司,证券,北京,20201102,601995.SH,20220418,40.56,40.77,39.17,39.99,41.73,-1.74,-4.1697,129740.95,517781.646,1.3956,2.4428,0.94,17.9112,17.9112,2.5426,6.4067,6.4067,0.4501,0.4501,482725.6868,92962.1281,53112.1281,19304200.2151,3717555.5027,45.9,37.56,1.003
601995,中金公司,证券,北京,20201102,601995.SH,20220415,41.81,42.6,41.5,41.73,42.2,-0.47,-1.1137,116570.07,489987.839,1.254,2.1948,0.87,18.6906,18.6906,2.6533,6.6855,6.6855,0.4313,0.4313,482725.6868,92962.1281,53112.1281,20144142.9102,3879309.6056,46.42,37.98,1.003
601995,中金公司,证券,北京,20201102,601995.SH,20220414,42.3,42.58,41.63,42.2,41.87,0.33,0.7882,144746.76,610632.09,1.5571,2.7253,1.16,18.9011,18.9011,2.6831,6.7608,6.7608,0.4265,0.4265,482725.6868,92962.1281,53112.1281,20371023.983,3923001.8058,46.06,37.68,1.003
601995,中金公司,证券,北京,20201102,601995.SH,20220413,41.52,42.59,41.37,41.87,41.93,-0.06,-0.1431,157620.28,663626.416,1.6955,2.9677,1.37,18.7533,18.7533,2.6622,6.7079,6.7079,0.4299,0.4299,482725.6868,92962.1281,53112.1281,20211724.5063,3892324.3035,46.12,37.74,1.003
601995,中金公司,证券,北京,20201102,601995.SH,20220412,39.74,42.3,39.74,41.93,39.91,2.02,5.0614,175716.16,727920.256,1.8902,3.3084,1.59,18.7801,18.7801,2.666,6.7176,6.7176,0.4293,0.4293,482725.6868,92962.1281,53112.1281,20240688.0475,3897902.0312,43.9,35.92,1.003
601995,中金公司,证券,北京,20201102,601995.SH,20220411,41.12,41.21,39.6,39.91,41.26,-1.35,-3.2719,98729.63,395958.786,1.062,1.8589,0.86,17.8754,17.8754,2.5375,6.3939,6.3939,0.451,0.451,482725.6868,92962.1281,53112.1281,19265582.1602,3710118.5325,45.39,37.13,1.003
601995,中金公司,证券,北京,20201102,601995.SH,20220408,41.05,41.68,40.64,41.26,41.01,0.25,0.6096,92784.19,381813.079,0.9981,1.7469,0.7,18.48,18.48,2.6234,6.6102,6.6102,0.4363,0.4363,482725.6868,92962.1281,53112.1281,19917261.8374,3835617.4054,45.11,36.91,1.003
601995,中金公司,证券,北京,20201102,601995.SH,20220407,42.0,42.29,40.99,41.01,41.9,-0.89,-2.1241,100486.15,418424.216,1.0809,1.892,0.78,18.3681,18.3681,2.6075,6.5702,6.5702,0.4389,0.4389,482725.6868,92962.1281,53112.1281,19796580.4157,3812376.8734,46.09,37.71,1.003
601995,中金公司,证券,北京,20201102,601995.SH,20220406,42.0,42.6,41.55,41.9,42.25,-0.35,-0.8284,108231.44,454274.193,1.1643,2.0378,0.81,18.7667,18.7667,2.6641,6.7127,6.7127,0.4296,0.4296,482725.6868,92962.1281,53112.1281,20226206.2769,3895113.1674,46.48,38.03,1.003
601995,中金公司,证券,北京,20201102,601995.SH,20220401,41.4,42.6,41.33,42.25,41.61,0.64,1.5381,153471.95,647159.951,1.6509,2.8896,1.25,18.9235,18.9235,2.6863,6.7688,6.7688,0.426,0.426,482725.6868,92962.1281,53112.1281,20395160.2673,3927649.9122,45.77,37.45,1.003
601995,中金公司,证券,北京,20201102,601995.SH,20220331,41.57,42.14,41.41,41.61,41.97,-0.36,-0.8578,117216.86,489477.069,1.2609,2.207,1.0,18.6368,18.6368,2.6456,6.6663,6.6663,0.4326,0.4326,482725.6868,92962.1281,53112.1281,20086215.8277,3868154.1502,46.17,37.77,1.003
601995,中金公司,证券,北京,20201102,601995.SH,20220330,40.53,41.98,40.53,41.97,40.18,1.79,4.455,183999.15,762271.989,1.9793,3.4644,1.88,28.1098,20.7369,2.7822,8.5631,7.0977,0.4289,0.4289,482725.6868,92962.1281,53112.1281,20259997.075,3901620.5164,44.2,36.16,1.003
601995,中金公司,证券,北京,20201102,601995.SH,20220329,40.96,41.28,40.04,40.18,40.93,-0.75,-1.8324,77563.63,314577.691,0.8344,1.4604,0.75,26.9109,19.8525,2.6635,8.1979,6.795,0.448,0.448,482725.6868,92962.1281,53112.1281,19395918.0956,3735218.3071,45.02,36.84,1.003
601995,中金公司,证券,北京,20201102,601995.SH,20220328,39.69,41.67,39.51,40.93,40.11,0.82,2.0444,137007.21,561591.419,1.4738,2.5796,1.35,27.4132,20.223,2.7132,8.351,6.9218,0.4398,0.4398,482725.6868,92962.1281,53112.1281,19757962.3607,3804939.9031,44.12,36.1,1.003
601995,中金公司,证券,北京,20201102,601995.SH,20220325,41.01,41.3,40.08,40.11,41.11,-1.0,-2.4325,97341.1,395785.264,1.0471,1.8327,0.86,26.864,19.8179,2.6589,8.1836,6.7831,0.4488,0.4488,482725.6868,92962.1281,53112.1281,19362127.2975,3728710.9581,45.22,37.0,1.003
601995,中金公司,证券,北京,20201102,601995.SH,20220324,41.51,41.67,40.91,41.11,41.72,-0.61,-1.4621,89667.63,369772.364,0.9646,1.6883,0.58,27.5338,20.312,2.7251,8.3877,6.9522,0.4378,0.4378,482725.6868,92962.1281,53112.1281,19844852.9843,3821673.0862,45.89,37.55,1.003
601995,中金公司,证券,北京,20201102,601995.SH,20220323,41.7,42.13,41.62,41.72,41.78,-0.06,-0.1436,86684.03,362749.198,0.9325,1.6321,0.41,27.9423,20.6134,2.7656,8.5121,7.0554,0.4314,0.4314,482725.6868,92962.1281,53112.1281,20139315.6533,3878379.9843,45.96,37.6,1.003
601995,中金公司,证券,北京,20201102,601995.SH,20220322,42.17,42.55,41.68,41.78,42.18,-0.4,-0.9483,105930.83,446159.486,1.1395,1.9945,0.41,27.9825,20.643,2.7696,8.5244,7.0655,0.4308,0.4308,482725.6868,92962.1281,53112.1281,20168279.1945,3883957.712,46.4,37.96,1.003
601995,中金公司,证券,北京,20201102,601995.SH,20220321,42.33,42.5,41.72,42.18,42.8,-0.62,-1.4486,126292.76,531661.895,1.3585,2.3779,0.46,28.2504,20.8407,2.7961,8.606,7.1332,0.4267,0.4267,482725.6868,92962.1281,53112.1281,20361369.4692,3921142.5633,47.08,38.52,1.003
601995,中金公司,证券,北京,20201102,601995.SH,20220318,42.3,43.27,42.16,42.8,42.71,0.09,0.2107,155702.81,664611.111,1.6749,2.9316,0.51,28.6657,21.147,2.8372,8.7325,7.238,0.4206,0.4206,482725.6868,92962.1281,53112.1281,20660659.395,3978779.0827,46.98,38.44,1.003
601995,中金公司,证券,北京,20201102,601995.SH,20220317,44.37,44.37,42.23,42.71,44.04,-1.33,-3.02,293943.42,1264656.576,3.162,5.5344,1.1,28.6054,21.1025,2.8312,8.7141,7.2228,0.4214,0.4214,482725.6868,92962.1281,53112.1281,20617214.0832,3970412.4912,48.44,39.64,1.003
601995,中金公司,证券,北京,20201102,601995.SH,20220316,41.2,45.0,40.5,44.04,41.11,2.93,7.1272,371843.66,1596969.043,3.9999,7.0011,1.7,29.4962,21.7597,2.9194,8.9855,7.4477,0.4087,0.4087,482725.6868,92962.1281,53112.1281,21259239.2467,4094052.1215,45.22,37.0,1.003
601995,中金公司,证券,北京,20201102,601995.SH,20220315,39.95,42.28,39.8,41.11,40.54,0.57,1.406,347754.27,1441314.026,3.7408,6.5475,2.02,27.5338,20.312,2.7251,8.3877,6.9522,0.4378,0.4378,482725.6868,92962.1281,53112.1281,19844852.9843,3821673.0862,44.59,36.49,1.003
601995,中金公司,证券,北京,20201102,601995.SH,20220314,39.72,41.27,39.58,40.54,40.96,-0.42,-1.0254,206844.22,837083.54,2.225,3.8945,1.23,27.152,20.0304,2.6874,8.2714,6.8558,0.444,0.444,482725.6868,92962.1281,53112.1281,19569699.3429,3768684.6732,45.06,36.86,1.003
601995,中金公司,证券,北京,20201102,601995.SH,20220311,36.98,41.33,36.76,40.96,37.57,3.39,9.0232,304254.89,1205914.712,3.2729,5.7285,2.51,27.4333,20.2379,2.7152,8.3571,6.9269,0.4395,0.4395,482725.6868,92962.1281,53112.1281,19772444.1313,3807728.767,41.33,33.81,1.003
601995,中金公司,证券,北京,20201102,601995.SH,20220310,38.5,38.69,37.5,37.57,37.85,-0.28,-0.7398,101944.96,387650.386,1.9194,1.9194,0.91,25.1628,18.5629,2.4905,7.6654,6.3536,0.4791,0.4791,482725.6868,53112.1281,53112.1281,18136004.0531,1995422.6527,41.64,34.07,1.003
601995,中金公司,证券,北京,20201102,601995.SH,20220309,39.0,39.18,36.01,37.85,38.76,-0.91,-2.3478,133207.22,502287.795,2.508,2.508,1.38,25.3504,18.7013,2.509,7.7225,6.4009,0.4756,0.4756,482725.6868,53112.1281,53112.1281,18271167.2454,2010294.0486,42.64,34.88,1.003
601995,中金公司,证券,北京,20201102,601995.SH,20220308,39.38,39.83,38.71,38.76,39.45,-0.69,-1.749,114640.86,450338.72,2.1585,2.1585,1.3,25.9599,19.1509,2.5694,7.9082,6.5548,0.4644,0.4644,482725.6868,53112.1281,53112.1281,18710447.6204,2058626.0852,43.4,35.51,1.003
601995,中金公司,证券,北京,20201102,601995.SH,20220307,42.14,42.14,39.27,39.45,42.28,-2.83,-6.6935,188327.8,758542.244,3.5459,3.5459,2.96,26.422,19.4918,2.6151,8.049,6.6715,0.4563,0.4563,482725.6868,53112.1281,53112.1281,19043528.3443,2095273.4535,46.51,38.05,1.003
601995,中金公司,证券,北京,20201102,601995.SH,20220304,42.0,42.4,41.68,42.28,42.32,-0.04,-0.0945,68898.98,289839.647,1.2972,1.2972,1.08,28.3174,20.8901,2.8027,8.6264,7.1501,0.4257,0.4257,482725.6868,53112.1281,53112.1281,20409642.0379,2245580.7761,46.55,38.09,1.003
601995,中金公司,证券,北京,20201102,601995.SH,20220303,42.8,42.89,42.23,42.32,42.59,-0.27,-0.634,53549.91,227634.221,1.0082,1.0082,0.67,28.3442,20.9098,2.8054,8.6346,7.1569,0.4253,0.4253,482725.6868,53112.1281,53112.1281,20428951.0654,2247705.2612,46.85,38.33,1.003
601995,中金公司,证券,北京,20201102,601995.SH,20220302,42.37,42.73,42.3,42.59,42.76,-0.17,-0.3976,56469.15,240123.002,1.0632,1.0632,0.68,28.525,21.0432,2.8233,8.6896,7.2025,0.4226,0.4226,482725.6868,53112.1281,53112.1281,20559287.0008,2262045.5358,47.04,38.48,1.003
601995,中金公司,证券,北京,20201102,601995.SH,20220301,42.46,42.84,42.3,42.76,42.34,0.42,0.992,72564.16,308990.001,1.3662,1.3662,0.82,28.6389,21.1272,2.8345,8.7243,7.2313,0.421,0.421,482725.6868,53112.1281,53112.1281,20641350.3676,2271074.5976,46.57,38.11,1.003
601995,中金公司,证券,北京,20201102,601995.SH,20220228,42.33,42.5,41.73,42.34,42.37,-0.03,-0.0708,66669.25,281026.692,1.2553,1.2553,0.71,28.3576,20.9197,2.8067,8.6386,7.1602,0.4251,0.4251,482725.6868,53112.1281,53112.1281,20438605.5791,2248767.5038,46.61,38.13,1.003
601995,中金公司,证券,北京,20201102,601995.SH,20220225,42.7,42.95,42.27,42.37,42.42,-0.05,-0.1179,70213.32,298936.2,1.322,1.322,0.78,28.3777,20.9345,2.8087,8.6448,7.1653,0.4248,0.4248,482725.6868,53112.1281,53112.1281,20453087.3497,2250360.8676,46.66,38.18,1.003
601995,中金公司,证券,北京,20201102,601995.SH,20220224,43.6,43.77,41.83,42.42,43.9,-1.48,-3.3713,133964.8,571678.437,2.5223,2.5223,1.8,28.4112,20.9592,2.812,8.655,7.1738,0.4243,0.4243,482725.6868,53112.1281,53112.1281,20477223.6341,2253016.474,48.29,39.51,1.003
601995,中金公司,证券,北京,20201102,601995.SH,20220223,43.39,44.1,43.24,43.9,43.33,0.57,1.3155,71549.79,312378.475,1.3471,1.3471,0.97,29.4024,21.6905,2.9101,8.9569,7.4241,0.41,0.41,482725.6868,53112.1281,53112.1281,21191657.6505,2331622.4236,47.66,39.0,1.003
601995,中金公司,证券,北京,20201102,601995.SH,20220222,43.9,44.18,43.06,43.33,44.32,-0.99,-2.2338,97886.0,425698.02,1.843,1.843,1.41,29.0207,21.4089,2.8723,8.8406,7.3277,0.4154,0.4154,482725.6868,53112.1281,53112.1281,20916504.009,2301348.5106,48.75,39.89,1.003
601995,中金公司,证券,北京,20201102,601995.SH,20220221,43.58,44.6,43.52,44.32,43.46,0.86,1.9788,95590.97,421704.804,1.7998,1.7998,1.3,29.6837,21.898,2.9379,9.0426,7.4951,0.4061,0.4061,482725.6868,53112.1281,53112.1281,21394402.439,2353929.5174,47.81,39.11,1.003
601995,中金公司,证券,北京,20201102,601995.SH,20220218,43.18,43.75,43.04,43.46,43.32,0.14,0.3232,50155.23,217299.326,0.9443,0.9443,0.61,29.1077,21.4731,2.8809,8.8672,7.3497,0.4142,0.4142,482725.6868,53112.1281,53112.1281,20979258.3483,2308253.0872,47.65,38.99,1.003
601995,中金公司,证券,北京,20201102,601995.SH,20220217,43.6,43.95,43.3,43.32,43.8,-0.48,-1.0959,57859.45,252158.63,1.0894,1.0894,0.7,29.014,21.4039,2.8716,8.8386,7.326,0.4155,0.4155,482725.6868,53112.1281,53112.1281,20911676.7522,2300817.3893,48.18,39.42,1.003
601995,中金公司,证券,北京,20201102,601995.SH,20220216,43.55,43.8,43.41,43.8,43.38,0.42,0.9682,68856.21,300545.607,1.2964,1.2964,0.8,29.3354,21.6411,2.9035,8.9365,7.4072,0.411,0.411,482725.6868,53112.1281,53112.1281,21143385.0818,2326311.2108,47.72,39.04,1.003
601995,中金公司,证券,北京,20201102,601995.SH,20220215,43.54,43.63,43.03,43.38,43.43,-0.05,-0.1151,73588.96,318278.147,1.3855,1.3855,0.83,29.0541,21.4336,2.8756,8.8508,7.3361,0.4149,0.4149,482725.6868,53112.1281,53112.1281,20940640.2934,2304004.117,47.77,39.09,1.003
601995,中金公司,证券,北京,20201102,601995.SH,20220214,44.77,44.77,42.88,43.43,45.06,-1.63,-3.6174,118601.24,518018.042,2.233,2.233,1.49,29.0876,21.4583,2.8789,8.861,7.3446,0.4145,0.4145,482725.6868,53112.1281,53112.1281,20964776.5777,2306659.7234,49.57,40.55,1.003
601995,中金公司,证券,北京,20201102,601995.SH,20220211,45.3,46.06,45.0,45.06,45.34,-0.28,-0.6176,92090.1,417849.235,1.7339,1.7339,1.17,30.1793,22.2636,2.987,9.1936,7.6202,0.3995,0.3995,482725.6868,53112.1281,53112.1281,21751619.4472,2393232.4922,49.87,40.81,1.003
601995,中金公司,证券,北京,20201102,601995.SH,20220210,45.2,45.36,44.88,45.34,45.26,0.08,0.1768,62705.65,283305.424,1.1806,1.1806,0.73,30.3669,22.402,3.0056,9.2507,7.6676,0.397,0.397,482725.6868,53112.1281,53112.1281,21886782.6395,2408103.8881,49.79,40.73,1.003
601995,中金公司,证券,北京,20201102,601995.SH,20220209,44.7,45.54,44.53,45.26,44.96,0.3,0.6673,83476.18,376913.011,1.5717,1.5717,0.95,30.3133,22.3624,3.0002,9.2344,7.6541,0.3977,0.3977,482725.6868,53112.1281,53112.1281,21848164.5846,2403854.9178,49.46,40.46,1.003
601995,中金公司,证券,北京,20201102,601995.SH,20220208,43.96,44.98,43.81,44.96,43.97,0.99,2.2515,86301.71,383914.168,1.6249,1.6249,0.95,30.1124,22.2142,2.9804,9.1732,7.6033,0.4004,0.4004,482725.6868,53112.1281,53112.1281,21703346.8785,2387921.2794,48.37,39.57,1.003
601995,中金公司,证券,北京,20201102,601995.SH,20220207,44.0,44.15,43.5,43.97,43.45,0.52,1.1968,74405.32,326156.623,1.4009,1.4009,0.84,29.4493,21.7251,2.9147,8.9712,7.4359,0.4094,0.4094,482725.6868,53112.1281,53112.1281,21225448.4486,2335340.2726,47.8,39.11,1.003
601995,中金公司,证券,北京,20201102,601995.SH,20220128,44.66,45.1,43.35,43.45,44.28,-0.83,-1.8744,85767.45,379639.382,1.6148,1.6148,0.95,29.101,21.4681,2.8803,8.8651,7.348,0.4143,0.4143,482725.6868,53112.1281,53112.1281,20974431.0915,2307721.9659,48.71,39.85,1.003
601995,中金公司,证券,北京,20201102,601995.SH,20220127,45.94,46.0,44.2,44.28,46.17,-1.89,-4.0936,99902.39,451791.663,1.881,1.881,0.94,29.6569,21.8782,2.9353,9.0345,7.4883,0.4065,0.4065,482725.6868,53112.1281,53112.1281,21375093.4115,2351805.0323,50.79,41.55,1.003
601995,中金公司,证券,北京,20201102,601995.SH,20220126,45.8,46.82,45.4,46.17,46.02,0.15,0.3259,92604.2,427373.609,1.7436,1.7436,0.88,30.9228,22.8121,3.0606,9.4201,7.8079,0.3899,0.3899,482725.6868,53112.1281,53112.1281,22287444.9596,2452186.9544,50.62,41.42,1.003
601995,中金公司,证券,北京,20201102,601995.SH,20220125,46.95,47.33,45.96,46.02,47.05,-1.03,-2.1892,101992.38,476783.943,1.9203,1.9203,0.88,30.8223,22.738,3.0506,9.3895,7.7826,0.3911,0.3911,482725.6868,53112.1281,53112.1281,22215036.1065,2444220.1352,51.76,42.35,1.003
601995,中金公司,证券,北京,20201102,601995.SH,20220124,46.97,47.36,46.9,47.05,47.16,-0.11,-0.2332,61104.78,287626.444,1.1505,1.1505,0.5,31.5122,23.2469,3.1189,9.5996,7.9568,0.3826,0.3826,482725.6868,53112.1281,53112.1281,22712243.5639,2498925.6271,51.88,42.44,1.003
601995,中金公司,证券,北京,20201102,601995.SH,20220121,47.59,47.8,46.93,47.16,47.89,-0.73,-1.5243,94286.37,444822.095,1.7752,1.7752,0.78,31.5858,23.3012,3.1262,9.6221,7.9754,0.3817,0.3817,482725.6868,53112.1281,53112.1281,22765343.3895,2504767.9612,52.68,43.1,1.003
601995,中金公司,证券,北京,20201102,601995.SH,20220120,46.83,48.49,46.72,47.89,46.96,0.93,1.9804,180302.7,862002.655,3.3948,3.3948,1.72,32.0748,23.6619,3.1746,9.771,8.0988,0.3759,0.3759,482725.6868,53112.1281,53112.1281,23117733.1409,2543539.8147,51.66,42.26,1.003
601995,中金公司,证券,北京,20201102,601995.SH,20220119,46.78,47.33,46.5,46.96,46.87,0.09,0.192,91370.24,429306.031,1.7203,1.7203,0.91,31.4519,23.2024,3.1129,9.5813,7.9415,0.3833,0.3833,482725.6868,53112.1281,53112.1281,22668798.2521,2494145.5356,51.56,42.18,1.003
601995,中金公司,证券,北京,20201102,601995.SH,20220118,47.11,47.62,46.5,46.87,47.2,-0.33,-0.6992,149497.54,703913.072,2.8148,2.8148,1.74,31.3916,23.1579,3.107,9.5629,7.9263,0.384,0.384,482725.6868,53112.1281,53112.1281,22625352.9403,2489365.444,51.92,42.48,1.003
601995,中金公司,证券,北京,20201102,601995.SH,20220117,47.3,47.56,46.79,47.2,47.37,-0.17,-0.3589,92134.65,434609.432,1.7347,1.7347,1.11,31.6126,23.321,3.1289,9.6302,7.9821,0.3814,0.3814,482725.6868,53112.1281,53112.1281,22784652.417,2506892.4463,52.11,42.63,1.003
601995,中金公司,证券,北京,20201102,601995.SH,20220114,47.64,48.1,47.32,47.37,48.21,-0.84,-1.7424,88038.19,418569.895,1.6576,1.6576,1.03,31.7265,23.405,3.1401,9.6649,8.0109,0.38,0.38,482725.6868,53112.1281,53112.1281,22866715.7837,2515921.5081,53.03,43.39,1.003
601995,中金公司,证券,北京,20201102,601995.SH,20220113,48.38,48.76,48.1,48.21,48.15,0.06,0.1246,103792.25,502736.114,1.9542,1.9542,1.07,32.2891,23.82,3.1958,9.8363,8.1529,0.3734,0.3734,482725.6868,53112.1281,53112.1281,23272205.3606,2560535.6957,52.97,43.34,1.003
601995,中金公司,证券,北京,20201102,601995.SH,20220112,48.01,48.29,47.8,48.15,47.97,0.18,0.3752,69659.57,334787.547,1.3116,1.3116,0.64,32.2489,23.7904,3.1918,9.8241,8.1428,0.3738,0.3738,482725.6868,53112.1281,53112.1281,23243241.8194,2557348.968,52.77,43.17,1.003
601995,中金公司,证券,北京,20201102,601995.SH,20220111,47.8,48.5,47.67,47.97,47.88,0.09,0.188,75579.76,363824.679,1.423,1.423,0.68,32.1283,23.7014,3.1799,9.7873,8.1124,0.3752,0.3752,482725.6868,53112.1281,53112.1281,23156351.1958,2547788.785,52.67,43.09,1.003
601995,中金公司,证券,北京,20201102,601995.SH,20220110,47.57,48.02,47.3,47.88,47.32,0.56,1.1834,78415.51,374355.552,1.4764,1.4764,0.69,32.0681,23.657,3.1739,9.769,8.0971,0.3759,0.3759,482725.6868,53112.1281,53112.1281,23112905.884,2543008.6934,52.05,42.59,1.003
601995,中金公司,证券,北京,20201102,601995.SH,20220107,47.79,47.99,47.21,47.32,47.57,-0.25,-0.5255,99124.13,472202.861,1.8663,1.8663,0.83,31.693,23.3803,3.1368,9.6547,8.0024,0.3804,0.3804,482725.6868,53112.1281,53112.1281,22842579.4994,2513265.9017,52.33,42.81,1.003
601995,中金公司,证券,北京,20201102,601995.SH,20220106,48.57,48.66,47.21,47.57,48.86,-1.29,-2.6402,163602.18,780410.472,3.0803,3.0803,1.48,31.8604,23.5038,3.1534,9.7057,8.0447,0.3784,0.3784,482725.6868,53112.1281,53112.1281,22963260.9211,2526543.9337,53.75,43.97,1.003
601995,中金公司,证券,北京,20201102,601995.SH,20220105,49.1,49.7,48.7,48.86,49.1,-0.24,-0.4888,126439.09,621128.353,2.3806,2.3806,1.2,32.7244,24.1412,3.2389,9.9689,8.2629,0.3684,0.3684,482725.6868,53112.1281,53112.1281,23585977.057,2595058.579,54.01,44.19,1.003
601995,中金公司,证券,北京,20201102,601995.SH,20220104,49.21,49.28,48.51,49.1,49.03,0.07,0.1428,91205.25,445891.143,1.7172,1.7172,0.88,32.8852,24.2597,3.2548,10.0179,8.3035,0.3666,0.3666,482725.6868,53112.1281,53112.1281,23701831.2219,2607805.4897,53.93,44.13,1.003
601995,中金公司,证券,北京,20201102,601995.SH,20211231,49.1,49.39,48.92,49.03,49.08,-0.05,-0.1019,86731.09,425543.367,1.633,1.633,0.8,32.8383,24.2252,3.2502,10.0036,8.2916,,0.3671,482725.6868,53112.1281,53112.1281,23668040.4238,2604087.6407,53.99,44.17,1.003
601995,中金公司,证券,北京,20201102,601995.SH,20211230,48.11,49.42,48.03,49.08,48.51,0.57,1.175,127273.83,622736.442,2.3963,2.3963,1.28,32.8718,24.2499,3.2535,10.0138,8.3001,,0.3667,482725.6868,53112.1281,53112.1281,23692176.7081,2606743.2471,53.36,43.66,1.003
601995,中金公司,证券,北京,20201102,601995.SH,20211229,49.7,49.72,48.48,48.51,49.75,-1.24,-2.4925,119939.96,587497.634,2.2582,2.2582,1.31,32.49,23.9682,3.2157,9.8975,8.2037,,0.3711,482725.6868,53112.1281,53112.1281,23417023.0667,2576469.3341,54.73,44.78,1.003
601995,中金公司,证券,北京,20201102,601995.SH,20211228,49.5,49.87,49.01,49.75,49.19,0.56,1.1384,100880.52,498016.935,1.8994,1.8994,1.09,33.3205,24.5809,3.2979,10.1505,8.4134,,0.3618,482725.6868,53112.1281,53112.1281,24015602.9183,2642328.373,54.11,44.27,1.003
601995,中金公司,证券,北京,20201102,601995.SH,20211227,49.67,49.77,49.09,49.19,49.56,-0.37,-0.7466,84891.41,419222.663,1.5983,1.5983,0.87,32.9455,24.3042,3.2608,10.0362,8.3187,,0.3659,482725.6868,53112.1281,53112.1281,23745276.5337,2612585.5812,54.52,44.6,1.003
601995,中金公司,证券,北京,20201102,601995.SH,20211224,50.25,50.62,49.52,49.56,50.3,-0.74,-1.4712,106208.53,530455.038,1.9997,1.9997,1.02,33.1933,24.487,3.2853,10.1117,8.3812,,0.3632,482725.6868,53112.1281,53112.1281,23923885.0378,2632237.0686,55.33,45.27,1.003
601995,中金公司,证券,北京,20201102,601995.SH,20211223,50.83,51.1,50.16,50.3,50.73,-0.43,-0.8476,86998.66,438993.021,1.638,1.638,0.79,33.6889,24.8527,3.3343,10.2627,8.5064,,0.3579,482725.6868,53112.1281,53112.1281,24281102.046,2671540.0434,55.8,45.66,1.003
601995,中金公司,证券,北京,20201102,601995.SH,20211222,51.11,51.25,50.5,50.73,51.06,-0.33,-0.6463,77641.04,394146.604,1.4618,1.4618,0.63,33.9769,25.0651,3.3629,10.3505,8.5791,,0.3548,482725.6868,53112.1281,53112.1281,24488674.0914,2694378.2585,56.17,45.95,1.003
601995,中金公司,证券,北京,20201102,601995.SH,20211221,50.5,51.29,50.07,51.06,50.44,0.62,1.2292,105155.97,533772.238,1.9799,1.9799,0.78,34.1979,25.2282,3.3847,10.4178,8.6349,,0.3525,482725.6868,53112.1281,53112.1281,24647973.568,2711905.2608,55.48,45.4,1.003
601995,中金公司,证券,北京,20201102,601995.SH,20211220,51.01,52.1,50.4,50.44,51.53,-1.09,-2.1153,112894.95,577743.101,2.1256,2.1256,0.62,33.7826,24.9218,3.3436,10.2913,8.5301,,0.3569,482725.6868,53112.1281,53112.1281,24348683.6422,2678975.7414,56.68,46.38,1.003
601995,中金公司,证券,北京,20201102,601995.SH,20211217,52.79,52.87,51.45,51.53,52.59,-1.06,-2.0156,136728.61,711271.113,2.5743,2.5743,0.71,34.5127,25.4604,3.4159,10.5137,8.7144,,0.3493,482725.6868,53112.1281,53112.1281,24874854.6408,2736867.961,57.85,47.33,1.003
601995,中金公司,证券,北京,20201102,601995.SH,20211216,52.75,53.13,52.01,52.59,52.73,-0.14,-0.2655,120378.79,631226.418,2.2665,2.2665,0.51,35.2226,25.9841,3.4861,10.7299,8.8937,,0.3423,482725.6868,53112.1281,53112.1281,25386543.8688,2793166.8168,58.0,47.46,1.003
601995,中金公司,证券,北京,20201102,601995.SH,20211215,52.78,53.85,52.6,52.73,52.69,0.04,0.0759,144739.36,768518.681,2.7252,2.7252,0.61,35.3164,26.0533,3.4954,10.7585,8.9173,,0.3414,482725.6868,53112.1281,53112.1281,25454125.465,2800602.5147,57.96,47.42,1.003
601995,中金公司,证券,北京,20201102,601995.SH,20211214,52.07,53.22,52.07,52.69,52.7,-0.01,-0.019,163122.63,858337.168,3.0713,3.0713,0.69,35.2896,26.0335,3.4928,10.7503,8.9106,,0.3416,482725.6868,53112.1281,53112.1281,25434816.4375,2798478.0296,57.97,47.43,1.003
601995,中金公司,证券,北京,20201102,601995.SH,20211213,52.96,55.08,52.5,52.7,51.77,0.93,1.7964,351511.84,1884328.73,6.6183,6.6183,1.55,35.2963,26.0385,3.4934,10.7524,8.9123,,0.3416,482725.6868,53112.1281,53112.1281,25439643.6944,2799009.1509,56.95,46.59,1.003
601995,中金公司,证券,北京,20201102,601995.SH,20211210,51.55,52.29,51.39,51.77,52.32,-0.55,-1.0512,180200.04,932745.772,3.3928,3.3928,0.79,34.6734,25.579,3.4318,10.5626,8.755,,0.3477,482725.6868,53112.1281,53112.1281,24990708.8056,2749614.8717,57.55,47.09,1.003
601995,中金公司,证券,北京,20201102,601995.SH,20211209,50.67,53.1,50.26,52.32,50.71,1.61,3.1749,339064.15,1763833.436,6.3839,6.3839,1.68,35.0418,25.8507,3.4683,10.6749,8.848,,0.344,482725.6868,53112.1281,53112.1281,25256207.9334,2778826.5422,55.78,45.64,1.003
601995,中金公司,证券,北京,20201102,601995.SH,20211208,50.45,50.75,49.67,50.71,49.97,0.74,1.4809,159855.41,804777.43,3.0098,3.0098,0.73,33.9635,25.0552,3.3615,10.3464,8.5757,,0.355,482725.6868,53112.1281,53112.1281,24479019.5776,2693316.016,54.97,44.97,1.003
601995,中金公司,证券,北京,20201102,601995.SH,20211207,50.65,50.8,49.31,49.97,49.88,0.09,0.1804,158191.28,791359.874,2.9784,2.9784,0.76,33.4679,24.6896,3.3125,10.1954,8.4506,,0.3602,482725.6868,53112.1281,53112.1281,24121802.5694,2654013.0412,54.87,44.89,1.003
601995,中金公司,证券,北京,20201102,601995.SH,20211206,50.68,51.97,49.88,49.88,49.9,-0.02,-0.0401,297384.92,1517581.138,5.5992,5.5992,1.77,33.4076,24.6451,3.3065,10.177,8.4354,,0.3609,482725.6868,53112.1281,53112.1281,24078357.2576,2649232.9496,54.89,44.91,1.003
601995,中金公司,证券,北京,20201102,601995.SH,20211203,49.75,50.97,49.47,49.9,49.75,0.15,0.3015,187367.45,937673.151,3.5278,3.5278,1.24,33.421,24.655,3.3078,10.1811,8.4387,,0.3607,482725.6868,53112.1281,53112.1281,24088011.7713,2650295.1922,54.73,44.78,1.003
601995,中金公司,证券,北京,20201102,601995.SH,20211202,49.0,50.0,48.89,49.75,49.25,0.5,1.0152,203580.85,1008998.115,3.833,3.833,1.46,33.3205,24.5809,3.2979,10.1505,8.4134,,0.3618,482725.6868,53112.1281,53112.1281,24015602.9183,2642328.373,54.18,44.33,1.003
601995,中金公司,证券,北京,20201102,601995.SH,20211201,47.6,50.0,47.6,49.25,47.6,1.65,3.4664,243517.81,1198124.774,4.585,4.585,1.7,32.9856,24.3339,3.2647,10.0485,8.3288,,0.3655,482725.6868,53112.1281,53112.1281,23774240.0749,2615772.3089,52.36,42.84,1.003
601995,中金公司,证券,北京,20201102,601995.SH,20211130,48.31,48.6,47.6,47.6,47.77,-0.17,-0.3559,106313.11,511224.226,2.0017,2.0017,0.69,31.8805,23.5186,3.1554,9.7118,8.0498,,0.3782,482725.6868,53112.1281,53112.1281,22977742.6917,2528137.2976,52.55,42.99,1.003
601995,中金公司,证券,北京,20201102,601995.SH,20211129,47.88,48.2,47.7,47.77,48.61,-0.84,-1.728,99441.76,476485.059,1.8723,1.8723,0.6,31.9944,23.6026,3.1666,9.7465,8.0785,,0.3768,482725.6868,53112.1281,53112.1281,23059806.0584,2537166.3593,53.47,43.75,1.003
601995,中金公司,证券,北京,20201102,601995.SH,20211126,49.0,49.29,48.47,48.61,49.05,-0.44,-0.897,104169.15,508530.679,1.9613,1.9613,0.57,32.557,24.0176,3.2223,9.9179,8.2206,,0.3703,482725.6868,53112.1281,53112.1281,23465295.6353,2581780.5469,53.96,44.15,1.003
601995,中金公司,证券,北京,20201102,601995.SH,20211125,49.55,49.98,48.98,49.05,49.8,-0.75,-1.506,143187.04,704953.501,2.6959,2.6959,0.83,32.8517,24.235,3.2515,10.0077,8.295,,0.367,482725.6868,53112.1281,53112.1281,23677694.9375,2605149.8833,54.78,44.82,1.003
601995,中金公司,证券,北京,20201102,601995.SH,20211124,48.6,50.85,48.15,49.8,48.6,1.2,2.4691,261849.16,1297704.357,4.9301,4.9301,1.93,33.354,24.6056,3.3012,10.1607,8.4218,,0.3614,482725.6868,53112.1281,53112.1281,24039739.2026,2644983.9794,53.46,43.74,1.003
601995,中金公司,证券,北京,20201102,601995.SH,20211123,48.36,49.39,48.19,48.6,48.53,0.07,0.1442,162137.81,793072.102,3.0527,3.0527,1.28,32.5503,24.0127,3.2217,9.9159,8.2189,,0.3704,482725.6868,53112.1281,53112.1281,23460468.3785,2581249.4257,53.38,43.68,1.003
601995,中金公司,证券,北京,20201102,601995.SH,20211122,48.09,48.82,47.78,48.53,48.22,0.31,0.6429,158982.63,769843.214,2.9933,2.9933,1.27,32.5034,23.9781,3.217,9.9016,8.2071,,0.3709,482725.6868,53112.1281,53112.1281,23426677.5804,2577531.5767,53.04,43.4,1.003
601995,中金公司,证券,北京,20201102,601995.SH,20211119,46.95,48.5,46.86,48.22,47.0,1.22,2.5957,189835.19,907793.981,3.5742,3.5742,1.62,32.2958,23.825,3.1965,9.8383,8.1546,,0.3733,482725.6868,53112.1281,53112.1281,23277032.6175,2561066.817,51.7,42.3,1.003
601995,中金公司,证券,北京,20201102,601995.SH,20211118,47.51,47.56,46.76,47.0,47.5,-0.5,-1.0526,94225.42,443924.94,1.7741,1.7741,0.64,31.4787,23.2222,3.1156,9.5894,7.9483,,0.383,482725.6868,53112.1281,53112.1281,22688107.2796,2496270.0207,52.25,42.75,1.003
601995,中金公司,证券,北京,20201102,601995.SH,20211117,47.39,47.83,47.3,47.5,47.5,0.0,0.0,72970.64,347027.292,1.3739,1.3739,0.45,31.8136,23.4692,3.1487,9.6914,8.0329,,0.3789,482725.6868,53112.1281,53112.1281,22929470.123,2522826.0848,52.25,42.75,1.003
601995,中金公司,证券,北京,20201102,601995.SH,20211116,47.8,48.45,47.28,47.5,47.98,-0.48,-1.0004,118579.23,566473.572,2.2326,2.2326,0.74,31.8136,23.4692,3.1487,9.6914,8.0329,,0.3789,482725.6868,53112.1281,53112.1281,22929470.123,2522826.0848,52.78,43.18,1.003
601995,中金公司,证券,北京,20201102,601995.SH,20211115,49.06,49.25,47.77,47.98,48.93,-0.95,-1.9415,148968.83,717779.586,2.8048,2.8048,0.83,32.135,23.7064,3.1806,9.7894,8.114,,0.3752,482725.6868,53112.1281,53112.1281,23161178.4527,2548319.9062,53.82,44.04,1.003
601995,中金公司,证券,北京,20201102,601995.SH,20211112,49.0,49.27,48.46,48.93,49.23,-0.3,-0.6094,150107.97,731713.107,2.8262,2.8262,0.83,32.7713,24.1758,3.2435,9.9832,8.2747,,0.3679,482725.6868,53112.1281,53112.1281,23619767.8551,2598776.4279,54.15,44.31,1.003
601995,中金公司,证券,北京,20201102,601995.SH,20211111,48.01,49.54,47.9,49.23,48.17,1.06,2.2005,248706.51,1219348.049,4.6827,4.6827,1.62,32.9722,24.324,3.2634,10.0444,8.3254,,0.3656,482725.6868,53112.1281,53112.1281,23764585.5612,2614710.0664,52.99,43.35,1.003
601995,中金公司,证券,北京,20201102,601995.SH,20211110,47.84,48.56,47.75,48.17,47.98,0.19,0.396,137637.18,661719.402,2.5914,2.5914,0.92,32.2623,23.8002,3.1932,9.8281,8.1462,,0.3737,482725.6868,53112.1281,53112.1281,23252896.3332,2558411.2106,52.78,43.18,1.003
601995,中金公司,证券,北京,20201102,601995.SH,20211109,47.85,48.03,47.18,47.98,48.0,-0.02,-0.0417,117749.7,561599.817,2.217,2.217,0.75,32.135,23.7064,3.1806,9.7894,8.114,,0.3752,482725.6868,53112.1281,53112.1281,23161178.4527,2548319.9062,52.8,43.2,1.003
601995,中金公司,证券,北京,20201102,601995.SH,20211108,45.31,49.66,45.27,48.0,46.17,1.83,3.9636,239817.96,1144089.028,4.5153,4.5153,1.82,32.1484,23.7163,3.1819,9.7934,8.1174,,0.375,482725.6868,53112.1281,53112.1281,23170832.9664,2549382.1488,50.79,41.55,1.003
601995,中金公司,证券,北京,20201102,601995.SH,20211105,47.15,47.57,46.01,46.17,47.46,-1.29,-2.7181,161431.44,757208.248,3.0394,3.0394,1.27,30.9228,22.8121,3.0606,9.4201,7.8079,,0.3899,482725.6868,53112.1281,53112.1281,22287444.9596,2452186.9544,52.21,42.71,1.003
601995,中金公司,证券,北京,20201102,601995.SH,20211104,47.9,48.11,47.1,47.46,47.57,-0.11,-0.2312,109477.82,520545.236,2.0613,2.0613,0.87,31.7868,23.4494,3.1461,9.6833,8.0261,,0.3793,482725.6868,53112.1281,53112.1281,22910161.0955,2520701.5996,52.33,42.81,1.003
601995,中金公司,证券,北京,20201102,601995.SH,20211103,47.9,48.48,46.92,47.57,48.0,-0.43,-0.8958,121152.07,575312.359,2.2811,2.2811,0.79,31.8604,23.5038,3.1534,9.7057,8.0447,,0.3784,482725.6868,53112.1281,53112.1281,22963260.9211,2526543.9337,52.8,43.2,1.003
601995,中金公司,证券,北京,20201102,601995.SH,20211102,47.54,49.2,47.51,48.0,47.97,0.03,0.0625,151499.08,731985.712,2.8524,2.8524,1.01,32.1484,23.7163,3.1819,9.7934,8.1174,,0.375,482725.6868,53112.1281,53112.1281,23170832.9664,2549382.1488,52.77,43.17,1.003
601995,中金公司,证券,北京,20201102,601995.SH,20211101,48.0,48.64,47.69,47.97,48.16,-0.19,-0.3945,116012.8,559250.308,3.614,3.614,0.75,32.1283,23.7014,3.1799,9.7873,8.1124,,0.3752,482725.6868,32101.23,32101.23,23156351.1958,1539896.0031,52.98,43.34,1.003
601995,中金公司,证券,北京,20201102,601995.SH,20211029,47.45,49.18,47.2,48.16,47.64,0.52,1.0915,136643.75,660998.494,4.2567,4.2567,0.95,32.2556,23.7953,3.1925,9.8261,8.1445,,0.3738,482725.6868,32101.23,32101.23,23248069.0763,1545995.2368,52.4,42.88,1.003
601995,中金公司,证券,北京,20201102,601995.SH,20211028,47.0,48.18,46.71,47.64,47.49,0.15,0.3159,103922.4,496059.759,3.2373,3.2373,0.7,31.9073,25.0986,3.2714,9.72,8.3238,,0.3778,482725.6868,32101.23,32101.23,22997051.7192,1529302.5972,52.24,42.74,1.003
601995,中金公司,证券,北京,20201102,601995.SH,20211027,50.6,50.6,46.88,47.49,51.03,-3.54,-6.9371,261351.22,1260118.102,8.1415,8.1415,2.42,31.8069,25.0195,3.2611,9.6894,8.2976,,0.379,482725.6868,32101.23,32101.23,22924642.8661,1524487.4127,56.13,45.93,1.003
601995,中金公司,证券,北京,20201102,601995.SH,20211026,52.05,52.36,51.0,51.03,52.39,-1.36,-2.5959,135243.12,696842.782,4.213,4.213,1.37,34.1778,26.8845,3.5042,10.4117,8.9161,,0.3527,482725.6868,32101.23,32101.23,24633491.7974,1638125.7669,57.63,47.15,1.003
601995,中金公司,证券,北京,20201102,601995.SH,20211025,52.13,52.45,50.95,52.39,52.01,0.38,0.7306,135714.78,702792.692,4.2277,4.2277,1.61,35.0887,27.601,3.5976,10.6891,9.1537,,0.3436,482725.6868,32101.23,32101.23,25289998.7315,1681783.4397,57.21,46.81,1.003
601995,中金公司,证券,北京,20201102,601995.SH,20211022,51.85,52.36,51.68,52.01,51.9,0.11,0.2119,85515.85,444136.202,2.6639,2.6639,1.04,34.8342,27.4008,3.5715,10.6116,9.0873,,0.3461,482725.6868,32101.23,32101.23,25106562.9705,1669584.9723,57.09,46.71,1.003
601995,中金公司,证券,北京,20201102,601995.SH,20211021,52.52,52.87,51.67,51.9,52.7,-0.8,-1.518,122323.45,637862.018,3.8106,3.8106,1.63,34.7605,27.3429,3.5639,10.5892,9.0681,,0.3468,482725.6868,32101.23,32101.23,25053463.1449,1666053.837,57.97,47.43,1.003
601995,中金公司,证券,北京,20201102,601995.SH,20211020,52.75,53.15,52.6,52.7,52.99,-0.29,-0.5473,62050.21,327687.8,1.933,1.933,0.74,35.2963,27.7644,3.6188,10.7524,9.2079,,0.3416,482725.6868,32101.23,32101.23,25439643.6944,1691734.821,58.29,47.69,1.003
601995,中金公司,证券,北京,20201102,601995.SH,20211019,52.48,53.5,52.29,52.99,52.49,0.5,0.9526,86763.47,459596.409,2.7028,2.7028,0.79,35.4905,27.9171,3.6388,10.8116,9.2586,,0.3397,482725.6868,32101.23,32101.23,25579634.1435,1701044.1777,57.74,47.24,1.003
601995,中金公司,证券,北京,20201102,601995.SH,20211018,52.46,52.77,51.84,52.49,52.37,0.12,0.2291,65081.73,340333.075,2.0274,2.0274,0.56,35.1557,27.6537,3.6044,10.7095,9.1712,,0.3429,482725.6868,32101.23,32101.23,25338271.3001,1684993.5627,57.61,47.13,1.003
601995,中金公司,证券,北京,20201102,601995.SH,20211015,52.0,52.73,51.7,52.37,52.22,0.15,0.2872,75205.81,392964.776,2.3428,2.3428,0.59,35.0753,27.5905,3.5962,10.6851,9.1502,,0.3437,482725.6868,32101.23,32101.23,25280344.2177,1681141.4151,57.44,47.0,1.003
601995,中金公司,证券,北京,20201102,601995.SH,20211014,52.31,52.84,51.66,52.22,52.45,-0.23,-0.4385,86944.32,453502.79,2.7084,2.7084,0.63,34.9748,27.5115,3.5859,10.6545,9.124,,0.3447,482725.6868,32101.23,32101.23,25207935.3647,1676326.2306,57.7,47.21,1.003
601995,中金公司,证券,北京,20201102,601995.SH,20211013,52.1,53.36,52.1,52.45,52.49,-0.04,-0.0762,105905.66,557553.583,3.2991,3.2991,0.69,35.1289,27.6327,3.6017,10.7014,9.1642,,0.3432,482725.6868,32101.23,32101.23,25318962.2727,1683709.5135,57.74,47.24,1.003
601995,中金公司,证券,北京,20201102,601995.SH,20211012,55.28,55.49,52.0,52.49,55.67,-3.18,-5.7122,213600.58,1136497.715,6.654,6.654,1.29,35.1557,27.6537,3.6044,10.7095,9.1712,,0.3429,482725.6868,32101.23,32101.23,25338271.3001,1684993.5627,61.24,50.1,1.003
601995,中金公司,证券,北京,20201102,601995.SH,20211011,55.61,56.57,55.31,55.67,56.15,-0.48,-0.8549,104506.67,584835.601,3.2555,3.2555,0.57,37.2855,29.3291,3.8228,11.3584,9.7268,,0.3233,482725.6868,32101.23,32101.23,26873338.9842,1787075.4741,61.77,50.54,1.003
601995,中金公司,证券,北京,20201102,601995.SH,20211008,57.5,57.66,56.0,56.15,57.22,-1.07,-1.87,130316.21,740232.236,4.0595,4.0595,0.73,37.607,29.582,3.8557,11.4563,9.8107,,0.3206,482725.6868,32101.23,32101.23,27105047.3138,1802484.0645,62.94,51.5,1.003
601995,中金公司,证券,北京,20201102,601995.SH,20210930,57.99,58.07,56.7,57.22,58.0,-0.78,-1.3448,140471.73,803980.937,4.3759,4.3759,0.8,38.3236,30.1457,3.9292,11.6746,9.9976,,0.3146,482725.6868,32101.23,32101.23,27621563.7987,1836832.3806,63.8,52.2,1.003
601995,中金公司,证券,北京,20201102,601995.SH,20210929,57.0,58.06,56.01,58.0,57.7,0.3,0.5199,181843.56,1040254.489,5.6647,5.6647,1.11,38.846,30.5566,3.9828,11.8337,10.1339,,0.3103,482725.6868,32101.23,32101.23,27998089.8344,1861871.34,63.47,51.93,1.003
601995,中金公司,证券,北京,20201102,601995.SH,20210928,54.5,57.96,54.5,57.7,54.65,3.05,5.581,273536.11,1551436.054,8.521,8.521,2.01,38.6451,30.3986,3.9622,11.7725,10.0815,,0.312,482725.6868,32101.23,32101.23,27853272.1284,1852240.971,60.12,49.19,1.003
601995,中金公司,证券,北京,20201102,601995.SH,20210927,55.8,57.5,54.5,54.65,56.43,-1.78,-3.1544,185886.73,1041829.317,5.7906,5.7906,1.44,36.6023,28.7917,3.7527,11.1502,9.5486,,0.3294,482725.6868,32101.23,32101.23,26380958.7836,1754332.2195,62.07,50.79,1.003
601995,中金公司,证券,北京,20201102,601995.SH,20210924,56.29,56.78,55.8,56.43,56.56,-0.13,-0.2298,112727.05,634548.138,3.5116,3.5116,0.81,37.7945,29.7295,3.875,11.5134,9.8596,,0.319,482725.6868,32101.23,32101.23,27240210.5061,1811472.4089,62.22,50.9,1.003
601995,中金公司,证券,北京,20201102,601995.SH,20210923,56.99,57.4,56.06,56.56,56.61,-0.05,-0.0883,128012.46,725276.64,3.9878,3.9878,0.77,37.8816,29.798,3.8839,11.5399,9.8823,,0.3182,482725.6868,32101.23,32101.23,27302964.8454,1815645.5688,62.27,50.95,1.003
601995,中金公司,证券,北京,20201102,601995.SH,20210922,56.0,57.21,55.87,56.61,56.81,-0.2,-0.3521,120073.44,678579.881,3.7405,3.7405,0.55,37.9151,29.8243,3.8873,11.5501,9.8911,,0.318,482725.6868,32101.23,32101.23,27327101.1297,1817250.6303,62.49,51.13,1.003
601995,中金公司,证券,北京,20201102,601995.SH,20210917,56.2,57.11,55.8,56.81,56.04,0.77,1.374,132801.3,750306.058,4.137,4.137,0.54,38.049,29.9297,3.9011,11.591,9.926,,0.3168,482725.6868,32101.23,32101.23,27423646.2671,1823670.8763,61.64,50.44,1.003
601995,中金公司,证券,北京,20201102,601995.SH,20210916,57.0,57.55,55.61,56.04,56.76,-0.72,-1.2685,151223.17,853829.109,4.7108,4.7108,0.6,37.5333,29.524,3.8482,11.4339,9.7915,,0.3212,482725.6868,32101.23,32101.23,27051947.4883,1798952.9292,62.44,51.08,1.003
601995,中金公司,证券,北京,20201102,601995.SH,20210915,57.11,58.09,56.47,56.76,57.71,-0.95,-1.6462,160282.32,914975.334,4.993,4.993,0.59,38.0155,29.9033,3.8976,11.5808,9.9173,,0.3171,482725.6868,32101.23,32101.23,27399509.9828,1822065.8148,63.48,51.94,1.003
601995,中金公司,证券,北京,20201102,601995.SH,20210914,60.7,60.88,57.5,57.71,60.05,-2.34,-3.8968,265147.39,1557110.565,8.2597,8.2597,0.94,38.6518,30.4038,3.9629,11.7746,10.0833,,0.3119,482725.6868,32101.23,32101.23,27858099.3852,1852561.9833,66.06,54.05,1.003
601995,中金公司,证券,北京,20201102,601995.SH,20210913,57.58,61.3,57.51,60.05,58.01,2.04,3.5166,376509.96,2253964.34,11.7288,11.7288,1.34,40.219,31.6366,4.1236,12.252,10.4921,,0.2998,482725.6868,32101.23,32101.23,28987677.4923,1927678.8615,63.81,52.21,1.003
601995,中金公司,证券,北京,20201102,601995.SH,20210910,57.87,59.78,57.36,58.01,57.3,0.71,1.2391,267522.64,1566260.889,8.3337,8.3337,0.82,38.8527,30.5619,3.9835,11.8358,10.1357,,0.3103,482725.6868,32101.23,32101.23,28002917.0913,1862192.3523,63.03,51.57,1.003
601995,中金公司,证券,北京,20201102,601995.SH,20210909,57.5,58.25,57.06,57.3,58.3,-1.0,-1.7153,188250.95,1081868.684,5.8643,5.8643,0.53,38.3772,30.1878,3.9347,11.6909,10.0116,,0.3141,482725.6868,32101.23,32101.23,27660181.8536,1839400.479,64.13,52.47,1.003
601995,中金公司,证券,北京,20201102,601995.SH,20210908,59.0,60.66,58.14,58.3,59.38,-1.08,-1.8188,271661.91,1607684.261,8.4627,8.4627,0.68,39.047,30.7147,4.0034,11.895,10.1863,,0.3087,482725.6868,32101.23,32101.23,28142907.5404,1871501.709,65.32,53.44,1.003
601995,中金公司,证券,北京,20201102,601995.SH,20210907,58.58,59.95,57.6,59.38,59.0,0.38,0.6441,312498.91,1832982.635,9.7348,9.7348,0.79,39.7703,31.2836,4.0775,12.1153,10.3751,,0.3031,482725.6868,32101.23,32101.23,28664251.2822,1906171.0374,64.9,53.1,1.003
601995,中金公司,证券,北京,20201102,601995.SH,20210906,57.26,60.44,57.26,59.0,57.25,1.75,3.0568,365103.87,2162241.278,11.3735,11.3735,1.02,39.5158,31.0834,4.0515,12.0378,10.3087,,0.3051,482725.6868,32101.23,32101.23,28480815.5212,1893972.57,62.98,51.53,1.003
601995,中金公司,证券,北京,20201102,601995.SH,20210903,58.0,60.99,57.0,57.25,56.16,1.09,1.9409,503400.83,2954288.946,15.6817,15.6817,1.8,38.3437,30.1615,3.9313,11.6807,10.0029,,0.3144,482725.6868,32101.23,32101.23,27636045.5693,1837795.4175,61.78,50.54,1.003
601995,中金公司,证券,北京,20201102,601995.SH,20210902,55.45,57.0,55.1,56.16,55.9,0.26,0.4651,320174.04,1797754.608,9.9739,9.9739,1.33,37.6137,29.5872,3.8564,11.4583,9.8124,,0.3205,482725.6868,32101.23,32101.23,27109874.5707,1802805.0768,61.49,50.31,1.003
601995,中金公司,证券,北京,20201102,601995.SH,20210901,53.68,58.05,52.64,55.9,54.02,1.88,3.4802,486121.91,2710714.179,15.1434,15.1434,2.77,37.4395,29.4502,3.8386,11.4053,9.767,,0.322,482725.6868,32101.23,32101.23,26984365.8921,1794458.757,59.42,48.62,1.003
601995,中金公司,证券,北京,20201102,601995.SH,20210831,51.85,54.91,51.85,54.02,52.01,2.01,3.8646,311043.77,1664724.737,9.6895,9.6895,1.9,36.1804,28.4598,3.7095,11.0217,9.4385,,0.3332,482725.6868,32101.23,32101.23,26076841.6009,1734108.4446,57.21,46.81,1.003
601995,中金公司,证券,北京,20201102,601995.SH,20210830,52.5,52.8,51.51,52.01,51.41,0.6,1.1671,164993.55,860231.335,5.1398,5.1398,0.99,34.8342,27.4008,3.5715,10.6116,9.0873,,0.3461,482725.6868,32101.23,32101.23,25106562.9705,1669584.9723,56.55,46.27,1.003
601995,中金公司,证券,北京,20201102,601995.SH,20210827,51.4,52.22,51.26,51.41,51.87,-0.46,-0.8868,118253.41,610766.349,3.6838,3.6838,0.63,34.4323,31.7908,3.6658,10.4892,9.9979,,0.3501,482725.6868,32101.23,32101.23,24816927.5584,1650324.2343,57.06,46.68,1.003
601995,中金公司,证券,北京,20201102,601995.SH,20210826,52.02,52.57,51.8,51.87,52.25,-0.38,-0.7273,127252.91,663608.256,3.9641,3.9641,0.54,34.7404,32.0753,3.6986,10.583,10.0874,,0.347,482725.6868,32101.23,32101.23,25038981.3743,1665090.8001,57.48,47.03,1.003
601995,中金公司,证券,北京,20201102,601995.SH,20210825,52.8,52.96,52.0,52.25,53.26,-1.01,-1.8964,156008.22,816765.958,4.8599,4.8599,0.5,34.9949,32.3102,3.7257,10.6606,10.1613,,0.3445,482725.6868,32101.23,32101.23,25222417.1353,1677289.2675,58.59,47.93,1.003
601995,中金公司,证券,北京,20201102,601995.SH,20210824,52.8,54.23,52.1,53.26,53.27,-0.01,-0.0188,250272.81,1326690.451,7.7964,7.7964,0.82,35.6714,32.9348,3.7977,10.8666,10.3577,,0.338,482725.6868,32101.23,32101.23,25709970.079,1709711.5098,58.6,47.94,1.003
601995,中金公司,证券,北京,20201102,601995.SH,20210823,53.36,53.89,52.58,53.27,53.09,0.18,0.339,185368.07,986036.369,5.7745,5.7745,0.63,35.6781,32.941,3.7984,10.8687,10.3596,,0.3379,482725.6868,32101.23,32101.23,25714797.3358,1710032.5221,58.4,47.78,1.003
601995,中金公司,证券,北京,20201102,601995.SH,20210820,53.2,54.29,52.2,53.09,53.9,-0.81,-1.5028,217046.0,1155677.969,6.7613,6.7613,0.79,35.5575,32.8297,3.7856,10.832,10.3246,,0.339,482725.6868,32101.23,32101.23,25627906.7122,1704254.3007,59.29,48.51,1.003
601995,中金公司,证券,北京,20201102,601995.SH,20210819,56.56,56.99,53.51,53.9,57.0,-3.1,-5.4386,378800.58,2083140.033,11.8002,11.8002,1.63,36.1,33.3306,3.8433,10.9972,10.4822,,0.334,482725.6868,32101.23,32101.23,26018914.5185,1730256.297,62.7,51.3,1.003
601995,中金公司,证券,北京,20201102,601995.SH,20210818,51.88,57.26,51.2,57.0,52.07,4.93,9.468,513210.67,2813379.878,15.9873,15.9873,3.17,38.1763,35.2475,4.0644,11.6297,11.085,,0.3158,482725.6868,32101.23,32101.23,27515364.1476,1829770.11,57.28,46.86,1.003
601995,中金公司,证券,北京,20201102,601995.SH,20210817,52.59,54.96,52.05,52.07,52.77,-0.7,-1.3265,230329.79,1232867.766,7.1751,7.1751,1.42,34.8744,32.1989,3.7128,10.6239,10.1263,,0.3457,482725.6868,32101.23,32101.23,25135526.5117,1671511.0461,58.05,47.49,1.003
601995,中金公司,证券,北京,20201102,601995.SH,20210816,53.24,54.21,52.71,52.77,53.2,-0.43,-0.8083,136823.95,731607.01,4.2623,4.2623,0.79,35.3432,32.6318,3.7627,10.7667,10.2624,,0.3411,482725.6868,32101.23,32101.23,25473434.4924,1693981.9071,58.52,47.88,1.003
601995,中金公司,证券,北京,20201102,601995.SH,20210813,53.39,54.4,52.76,53.2,53.6,-0.4,-0.7463,113664.58,607393.894,3.5408,3.5408,0.64,35.6312,32.8977,3.7934,10.8544,10.346,,0.3383,482725.6868,32101.23,32101.23,25681006.5378,1707785.436,58.96,48.24,1.003
601995,中金公司,证券,北京,20201102,601995.SH,20210812,54.7,55.06,53.3,53.6,54.87,-1.27,-2.3146,166369.58,896257.112,5.1827,5.1827,0.9,35.8991,33.145,3.8219,10.936,10.4238,,0.3358,482725.6868,32101.23,32101.23,25874096.8125,1720625.928,60.36,49.38,1.003
601995,中金公司,证券,北京,20201102,601995.SH,20210811,55.62,56.1,54.48,54.87,55.55,-0.68,-1.2241,162376.51,895431.468,5.0583,5.0583,0.86,36.7497,33.9304,3.9125,11.1951,10.6708,,0.328,482725.6868,32101.23,32101.23,26487158.4347,1761394.4901,61.11,50.0,1.003
601995,中金公司,证券,北京,20201102,601995.SH,20210810,53.55,55.58,53.3,55.55,53.98,1.57,2.9085,229691.9,1257645.728,7.1552,7.1552,1.17,37.2051,34.3509,3.961,11.3339,10.803,,0.324,482725.6868,32101.23,32101.23,26815411.9017,1783223.3265,59.38,48.58,1.003
601995,中金公司,证券,北京,20201102,601995.SH,20210809,52.8,55.16,52.6,53.98,52.97,1.01,1.9067,197641.28,1072138.011,6.1568,6.1568,0.88,36.1536,33.38,3.849,11.0135,10.4977,,0.3335,482725.6868,32101.23,32101.23,26057532.5735,1732824.3954,58.27,47.67,1.003
601995,中金公司,证券,北京,20201102,601995.SH,20210806,52.6,53.8,52.6,52.97,52.85,0.12,0.2271,130124.19,691265.19,4.0536,4.0536,0.55,35.4771,32.7555,3.777,10.8075,10.3013,,0.3398,482725.6868,32101.23,32101.23,25569979.6298,1700402.1531,58.14,47.57,1.003
601995,中金公司,证券,北京,20201102,601995.SH,20210805,54.63,55.22,52.48,52.85,54.88,-2.03,-3.699,200650.23,1075856.32,6.2505,6.2505,0.83,35.3968,32.6813,3.7684,10.783,10.278,,0.3406,482725.6868,32101.23,32101.23,25512052.5474,1696550.0055,60.37,49.39,1.003
601995,中金公司,证券,北京,20201102,601995.SH,20210804,54.67,55.41,54.11,54.88,55.17,-0.29,-0.5256,183032.21,1000578.106,5.7017,5.7017,0.7,36.7564,33.9366,3.9132,11.1972,10.6727,,0.328,482725.6868,32101.23,32101.23,26491985.6916,1761715.5024,60.69,49.65,1.003
601995,中金公司,证券,北京,20201102,601995.SH,20210803,54.1,56.85,53.89,55.17,54.74,0.43,0.7855,272143.24,1505070.657,8.4777,8.4777,0.94,36.9506,34.1159,3.9339,11.2563,10.7291,,0.3263,482725.6868,32101.23,32101.23,26631976.1408,1771024.8591,60.21,49.27,1.003
601995,中金公司,证券,北京,20201102,601995.SH,20210802,50.8,55.41,49.45,54.74,51.73,3.01,5.8187,330679.1,1767888.659,10.3011,10.3011,1.03,36.6626,33.85,3.9032,11.1686,10.6455,,0.3288,482725.6868,32101.23,32101.23,26424404.0954,1757221.3302,56.9,46.56,1.003
601995,中金公司,证券,北京,20201102,601995.SH,20210730,53.06,53.16,51.51,51.73,53.71,-1.98,-3.6865,196684.72,1023924.355,6.127,6.127,0.5,34.6466,31.9887,3.6886,10.5545,10.0602,,0.348,482725.6868,32101.23,32101.23,24971399.7782,1660596.6279,59.08,48.34,1.003
601995,中金公司,证券,北京,20201102,601995.SH,20210729,53.1,54.54,52.26,53.71,52.09,1.62,3.11,233276.39,1241694.175,7.2669,7.2669,0.54,35.9728,33.2131,3.8298,10.9585,10.4452,,0.3351,482725.6868,32101.23,32101.23,25927196.638,1724157.0633,57.3,46.88,1.003
601995,中金公司,证券,北京,20201102,601995.SH,20210728,53.8,54.62,51.0,52.09,54.31,-2.22,-4.0876,279472.74,1480968.96,8.706,8.706,0.65,34.8878,32.2113,3.7142,10.6279,10.1302,,0.3456,482725.6868,32101.23,32101.23,25145181.0254,1672153.0707,59.74,48.88,1.003
601995,中金公司,证券,北京,20201102,601995.SH,20210727,56.71,57.5,54.11,54.31,56.93,-2.62,-4.6021,402011.91,2225794.375,12.5233,12.5233,1.07,36.3746,33.5841,3.8725,11.0809,10.5619,,0.3314,482725.6868,32101.23,32101.23,26216832.0501,1743417.8013,62.62,51.24,1.003
601995,中金公司,证券,北京,20201102,601995.SH,20210726,61.4,62.5,56.1,56.93,61.69,-4.76,-7.716,494896.73,2944388.817,15.4168,15.4168,1.58,38.1294,35.2042,3.7038,11.6154,11.0714,,0.3162,482725.6868,32101.23,32101.23,27481573.3495,1827523.0239,67.86,55.52,1.003
601995,中金公司,证券,北京,20201102,601995.SH,20210723,60.0,64.37,59.01,61.69,60.36,1.33,2.2034,568702.2,3528439.175,17.7159,17.7159,2.19,41.3174,38.1477,4.0134,12.5866,11.9971,,0.2918,482725.6868,32101.23,32101.23,29779347.6187,1980324.8787,66.4,54.32,1.003
601995,中金公司,证券,北京,20201102,601995.SH,20210722,58.05,61.36,57.75,60.36,58.05,2.31,3.9793,408044.14,2448597.278,12.7112,12.7112,1.95,40.4267,37.3253,3.9269,12.3153,11.7385,,0.2982,482725.6868,32101.23,32101.23,29137322.4552,1937630.2428,63.86,52.25,1.003
601995,中金公司,证券,北京,20201102,601995.SH,20210721,56.33,58.64,56.31,58.05,56.33,1.72,3.0534,264868.76,1531357.223,8.251,8.251,1.29,38.8795,35.8968,3.7766,11.844,11.2892,,0.3101,482725.6868,32101.23,32101.23,28022226.1187,1863476.4015,61.96,50.7,1.003
601995,中金公司,证券,北京,20201102,601995.SH,20210720,56.22,57.24,55.72,56.33,56.98,-0.65,-1.1408,148003.28,834167.222,4.6105,4.6105,0.72,37.7275,34.8332,3.6647,11.493,10.9547,,0.3195,482725.6868,32101.23,32101.23,27191937.9374,1808262.2859,62.68,51.28,1.003
601995,中金公司,证券,北京,20201102,601995.SH,20210719,57.81,58.14,56.58,56.98,58.48,-1.5,-2.565,175899.73,1003897.489,5.4795,5.4795,0.75,38.1629,35.2352,3.707,11.6256,11.0811,,0.3159,482725.6868,32101.23,32101.23,27505709.6339,1829128.0854,64.33,52.63,1.003
601995,中金公司,证券,北京,20201102,601995.SH,20210716,56.95,59.79,56.95,58.48,57.05,1.43,2.5066,300480.2,1755964.808,9.3604,9.3604,1.37,39.1675,36.1627,3.8046,11.9317,11.3729,,0.3078,482725.6868,32101.23,32101.23,28229798.1641,1877279.9304,62.76,51.35,1.003
601995,中金公司,证券,北京,20201102,601995.SH,20210715,56.5,57.68,56.2,57.05,56.62,0.43,0.7594,159471.15,910426.516,4.9678,4.9678,0.69,38.2098,35.2784,3.7116,11.6399,11.0948,,0.3155,482725.6868,32101.23,32101.23,27539500.4319,1831375.1715,62.28,50.96,1.003
601995,中金公司,证券,北京,20201102,601995.SH,20210714,57.33,59.88,56.64,56.8,57.9,-1.1,-1.8998,245689.65,1426581.159,7.6536,7.6536,1.05,38.0423,35.1239,3.9988,11.5889,11.0461,,,482725.6868,32101.23,32101.23,27418819.0102,1823349.864,63.69,52.11,1.0
601995,中金公司,证券,北京,20201102,601995.SH,20210713,58.0,58.8,57.15,57.9,58.14,-0.24,-0.4128,152466.75,881517.067,4.7496,4.7496,0.65,38.7791,35.8041,4.0762,11.8133,11.2601,,,482725.6868,32101.23,32101.23,27949817.2657,1858661.217,63.95,52.33,1.0
601995,中金公司,证券,北京,20201102,601995.SH,20210712,59.0,59.25,56.76,58.14,57.88,0.26,0.4492,310250.09,1811126.723,9.6647,9.6647,1.49,38.9398,35.9525,4.0931,11.8623,11.3067,,,482725.6868,32101.23,32101.23,28065671.4306,1866365.5122,63.67,52.09,1.0
601995,中金公司,证券,北京,20201102,601995.SH,20210709,56.02,58.55,56.02,57.88,56.77,1.11,1.9553,232729.8,1342436.133,7.2499,7.2499,1.02,38.7657,35.7917,4.0748,11.8093,11.2562,,,482725.6868,32101.23,32101.23,27940162.752,1858019.1924,62.45,51.09,1.0
601995,中金公司,证券,北京,20201102,601995.SH,20210708,56.7,58.1,56.44,56.77,56.74,0.03,0.0529,207456.5,1187535.508,6.4626,6.4626,0.81,38.0222,35.1053,3.9967,11.5828,11.0403,,,482725.6868,32101.23,32101.23,27404337.2396,1822386.8271,62.41,51.07,1.0
601995,中金公司,证券,北京,20201102,601995.SH,20210707,54.44,57.39,54.42,56.74,55.18,1.56,2.8271,263934.52,1490694.456,8.2219,8.2219,1.05,38.0021,35.0867,3.9945,11.5767,11.0345,,,482725.6868,32101.23,32101.23,27389855.469,1821423.7902,60.7,49.66,1.0
601995,中金公司,证券,北京,20201102,601995.SH,20210706,54.77,55.31,54.21,55.18,54.85,0.33,0.6016,159550.45,873454.14,4.9702,4.9702,0.61,36.9573,34.1221,3.8847,11.2584,10.7311,,,482725.6868,32101.23,32101.23,26636803.3976,1771345.8714,60.34,49.37,1.0
601995,中金公司,证券,北京,20201102,601995.SH,20210705,53.86,55.55,53.5,54.85,54.33,0.52,0.9571,179755.77,981324.806,5.5997,5.5997,0.62,36.7363,33.918,3.8615,11.1911,10.6669,,,482725.6868,32101.23,32101.23,26477503.921,1760752.4655,59.76,48.9,1.0
601995,中金公司,证券,北京,20201102,601995.SH,20210702,56.9,56.9,54.2,54.33,57.93,-3.6,-6.2144,325302.67,1796354.27,10.1337,10.1337,0.97,36.388,33.5965,3.8249,11.085,10.5658,,,482725.6868,32101.23,32101.23,26226486.5638,1744059.8259,63.72,52.14,1.0
601995,中金公司,证券,北京,20201102,601995.SH,20210701,62.58,62.98,57.58,57.93,61.5,-3.57,-5.8049,349490.04,2101305.236,10.8871,10.8871,1.12,38.7991,35.8226,4.0783,11.8195,11.2659,,,482725.6868,32101.23,32101.23,27964299.0363,1859624.2539,67.65,55.35,1.0
601995,中金公司,证券,北京,20201102,601995.SH,20210630,60.87,61.91,59.7,61.5,60.83,0.67,1.1014,241011.28,1465672.208,7.5079,7.5079,0.73,41.1902,38.0302,4.3297,12.5479,11.9602,,,482725.6868,32101.23,32101.23,29687629.7382,1974225.645,66.91,54.75,1.0
601995,中金公司,证券,北京,20201102,601995.SH,20210629,61.1,62.39,60.5,60.83,61.53,-0.7,-1.1377,212544.19,1300717.213,6.6211,6.6211,0.62,40.7414,37.6159,4.2825,12.4112,11.8299,,,482725.6868,32101.23,32101.23,29364203.528,1952717.8209,67.68,55.38,1.0
601995,中金公司,证券,北京,20201102,601995.SH,20210628,62.4,62.4,60.5,61.53,62.99,-1.46,-2.3178,321314.78,1977749.363,10.0094,10.0094,0.92,41.2103,38.0488,4.3318,12.554,11.966,,,482725.6868,32101.23,32101.23,29702111.5088,1975188.6819,69.29,56.69,1.0
601995,中金公司,证券,北京,20201102,601995.SH,20210625,59.8,64.01,58.69,62.99,59.41,3.58,6.0259,553549.1,3430371.394,17.2439,17.2439,1.66,42.1881,38.9516,4.4346,12.8519,12.2499,,,482725.6868,32101.23,32101.23,30406891.0115,2022056.4777,65.35,53.47,1.0
601995,中金公司,证券,北京,20201102,601995.SH,20210624,59.54,60.84,58.69,59.41,59.93,-0.52,-0.8677,225551.32,1348468.225,7.0263,7.0263,0.66,39.7904,36.7378,4.1825,12.1214,11.5537,,,482725.6868,32101.23,32101.23,28678733.0528,1907134.0743,65.92,53.94,1.0
601995,中金公司,证券,北京,20201102,601995.SH,20210623,61.01,61.6,59.34,59.93,61.61,-1.68,-2.7268,344325.11,2068269.184,10.7262,10.7262,1.04,40.1387,37.0594,4.2191,12.2275,11.6548,,,482725.6868,32101.23,32101.23,28929750.4099,1923826.7139,67.77,55.45,1.0
601995,中金公司,证券,北京,20201102,601995.SH,20210622,62.8,63.45,60.83,61.61,62.08,-0.47,-0.7571,266063.22,1644923.696,8.2883,8.2883,0.8,41.2639,38.0982,4.3374,12.5703,11.9816,,,482725.6868,32101.23,32101.23,29740729.5637,1977756.7803,68.29,55.87,1.0
601995,中金公司,证券,北京,20201102,601995.SH,20210621,62.95,64.6,61.22,62.08,62.9,-0.82,-1.3037,350646.67,2210058.905,10.9232,10.9232,1.01,41.5786,38.3889,4.3705,12.6662,12.073,,,482725.6868,32101.23,32101.23,29967610.6365,1992844.3584,69.19,56.61,1.0
601995,中金公司,证券,北京,20201102,601995.SH,20210618,59.6,65.45,59.59,62.9,60.34,2.56,4.2426,481636.68,3046063.503,15.0037,15.0037,1.54,42.1278,38.896,4.4282,12.8335,12.2324,,,482725.6868,32101.23,32101.23,30363445.6997,2019167.367,66.37,54.31,1.0
601995,中金公司,证券,北京,20201102,601995.SH,20210617,59.19,60.38,58.87,60.34,59.18,1.16,1.9601,263039.35,1572141.297,8.1941,8.1941,0.87,40.4133,37.3129,4.248,12.3112,11.7346,,,482725.6868,32101.23,32101.23,29127667.9415,1936988.2182,65.1,53.26,1.0
601995,中金公司,证券,北京,20201102,601995.SH,20210616,60.0,60.75,58.0,59.18,60.83,-1.65,-2.7125,287037.18,1700327.671,8.9416,8.9416,0.91,39.6363,36.5956,4.1663,12.0745,11.509,,,482725.6868,32101.23,32101.23,28567706.1448,1899750.7914,66.91,54.75,1.0
601995,中金公司,证券,北京,20201102,601995.SH,20210615,60.56,61.87,58.67,60.83,61.0,-0.17,-0.2787,284057.95,1721476.623,8.8488,8.8488,0.87,40.7414,37.6159,4.2825,12.4112,11.8299,,,482725.6868,32101.23,32101.23,29364203.528,1952717.8209,67.1,54.9,1.0
601995,中金公司,证券,北京,20201102,601995.SH,20210611,59.9,62.17,59.52,61.0,60.25,0.75,1.2448,421914.28,2576168.323,13.1432,13.1432,1.25,40.8553,37.721,4.2945,12.4458,11.8629,,,482725.6868,32101.23,32101.23,29446266.8948,1958175.03,66.28,54.23,1.0
601995,中金公司,证券,北京,20201102,601995.SH,20210610,59.38,61.35,58.55,60.25,59.3,0.95,1.602,307435.66,1841788.357,9.5771,9.5771,0.84,40.353,37.2573,4.2417,12.2928,11.7171,,,482725.6868,32101.23,32101.23,29084222.6297,1934099.1075,65.23,53.37,1.0
601995,中金公司,证券,北京,20201102,601995.SH,20210609,59.66,59.75,57.87,59.3,59.53,-0.23,-0.3864,218136.98,1282072.921,6.7953,6.7953,0.55,39.7167,36.6698,4.1748,12.099,11.5323,,,482725.6868,32101.23,32101.23,28625633.2272,1903602.939,65.48,53.58,1.0
601995,中金公司,证券,北京,20201102,601995.SH,20210608,60.5,62.18,59.1,59.53,60.6,-1.07,-1.7657,342491.0,2069140.135,10.6691,10.6691,0.84,39.8708,36.812,4.191,12.1459,11.5771,,,482725.6868,32101.23,32101.23,28736660.1352,1910986.2219,66.66,54.54,1.0
601995,中金公司,证券,北京,20201102,601995.SH,20210607,59.41,61.37,58.57,60.6,59.61,0.99,1.6608,341535.04,2057465.194,10.6393,10.6393,0.81,40.5874,37.4737,4.2663,12.3642,11.7851,,,482725.6868,32101.23,32101.23,29253176.6201,1945334.538,65.57,53.65,1.0
601995,中金公司,证券,北京,20201102,601995.SH,20210604,57.1,63.19,57.09,59.61,58.41,1.2,2.0544,481198.91,2876846.381,14.99,14.99,1.13,39.9243,36.8615,4.1966,12.1622,11.5926,,,482725.6868,32101.23,32101.23,28775278.1901,1913554.3203,64.25,52.57,1.0
601995,中金公司,证券,北京,20201102,601995.SH,20210603,56.92,60.66,56.91,58.41,56.92,1.49,2.6177,439707.6,2595399.736,13.6975,13.6975,1.0,39.1206,36.1194,4.1121,11.9174,11.3592,,,482725.6868,32101.23,32101.23,28196007.366,1875032.8443,62.61,51.23,1.0
601995,中金公司,证券,北京,20201102,601995.SH,20210602,59.95,60.4,56.6,56.92,59.93,-3.01,-5.0225,377221.76,2190839.304,11.751,11.751,0.71,38.1227,35.1981,4.0072,11.6134,11.0695,,,482725.6868,32101.23,32101.23,27476746.0927,1827202.0116,65.92,53.94,1.0
601995,中金公司,证券,北京,20201102,601995.SH,20210601,60.96,61.13,58.4,59.93,62.0,-2.07,-3.3387,389577.66,2328601.605,12.1359,12.1359,0.67,40.1387,37.0594,4.2191,12.2275,11.6548,,,482725.6868,32101.23,32101.23,28929750.4099,1923826.7139,68.2,55.8,1.0
601995,中金公司,证券,北京,20201102,601995.SH,20210531,59.67,62.57,58.56,62.0,59.5,2.5,4.2017,422508.81,2559789.555,13.1618,13.1618,0.72,41.5251,38.3394,4.3649,12.6499,12.0574,,,482725.6868,32101.23,32101.23,29928992.5816,1990276.26,65.45,53.55,1.0
601995,中金公司,证券,北京,20201102,601995.SH,20210528,59.13,61.5,58.61,59.5,60.0,-0.5,-0.8333,492190.8,2944294.778,15.3325,15.3325,0.89,39.8507,36.7935,4.1889,12.1398,11.5712,,,482725.6868,32101.23,32101.23,28722178.3646,1910023.185,66.0,54.0,1.0
601995,中金公司,证券,北京,20201102,601995.SH,20210527,58.91,60.78,57.7,60.0,59.77,0.23,0.3848,511621.83,3027622.211,15.9378,15.9378,0.94,40.1855,37.1027,4.2241,12.2418,11.6685,,,482725.6868,32101.23,32101.23,28963541.208,1926073.8,65.75,53.79,1.0
601995,中金公司,证券,北京,20201102,601995.SH,20210526,61.88,63.67,59.75,59.77,59.71,0.06,0.1005,825146.92,5090393.265,25.7045,25.7045,1.85,40.0315,36.9604,4.2079,12.1949,11.6237,,,482725.6868,32101.23,32101.23,28852514.3,1918690.5171,65.68,53.74,1.0
601995,中金公司,证券,北京,20201102,601995.SH,20210525,53.69,59.71,53.36,59.71,54.28,5.43,10.0037,634744.81,3643816.453,19.7732,19.7732,1.66,39.9913,36.9233,4.2036,12.1826,11.6121,,,482725.6868,32101.23,32101.23,28823550.7588,1916764.4433,59.71,48.85,1.0
601995,中金公司,证券,北京,20201102,601995.SH,20210524,50.8,55.99,50.8,54.28,51.16,3.12,6.0985,474018.03,2563779.139,14.7664,14.7664,1.16,36.3545,33.5655,3.8214,11.0748,10.5561,,,482725.6868,32101.23,32101.23,26202350.2795,1742454.7644,56.28,46.04,1.0
601995,中金公司,证券,北京,20201102,601995.SH,20210521,50.83,51.58,49.69,51.16,51.06,0.1,0.1958,308713.87,1565379.388,9.6169,9.6169,0.7,34.2649,31.6362,3.6017,10.4382,9.9493,,,482725.6868,32101.23,32101.23,24696246.1367,1642298.9268,56.17,45.95,1.0
601995,中金公司,证券,北京,20201102,601995.SH,20210520,48.65,52.48,48.62,51.06,48.81,2.25,4.6097,488792.15,2488880.531,15.2266,15.2266,1.32,34.1979,31.5744,3.5947,10.4178,9.9299,,,482725.6868,32101.23,32101.23,24647973.568,1639088.8038,53.69,43.93,1.0
601995,中金公司,证券,北京,20201102,601995.SH,20210519,48.0,49.99,47.8,48.81,48.16,0.65,1.3497,320304.83,1574164.481,9.978,9.978,0.95,32.6909,30.183,3.4363,9.9587,9.4923,,,482725.6868,32101.23,32101.23,23561840.7727,1566861.0363,52.98,43.34,1.0
601995,中金公司,证券,北京,20201102,601995.SH,20210518,47.75,49.28,47.2,48.16,48.58,-0.42,-0.8646,314898.83,1523448.802,9.8096,9.8096,0.99,32.2556,29.7811,3.3905,9.8261,9.3659,,,482725.6868,32101.23,32101.23,23248069.0763,1545995.2368,53.44,43.72,1.0
601995,中金公司,证券,北京,20201102,601995.SH,20210517,46.19,49.91,46.01,48.58,46.19,2.39,5.1743,611233.2,2921428.735,19.0408,19.0408,2.53,32.5369,30.0408,3.4201,9.9118,9.4476,,,482725.6868,32101.23,32101.23,23450813.8647,1559477.7534,50.81,41.57,1.0
601995,中金公司,证券,北京,20201102,601995.SH,20210514,42.15,46.19,42.1,46.19,41.99,4.2,10.0024,461907.96,2064548.515,14.3891,14.3891,1.91,30.9362,28.5629,3.2518,9.4242,8.9828,,,482725.6868,32101.23,32101.23,22297099.4733,1482755.8137,46.19,37.79,1.0
601995,中金公司,证券,北京,20201102,601995.SH,20210513,41.71,42.57,41.66,41.99,42.19,-0.2,-0.474,143665.72,605943.366,4.4754,4.4754,0.47,28.1232,25.9657,2.9561,8.5672,8.166,,,482725.6868,32101.23,32101.23,20269651.5887,1347930.6477,46.41,37.97,1.0
601995,中金公司,证券,北京,20201102,601995.SH,20210512,42.11,42.35,41.56,42.19,42.54,-0.35,-0.8228,147256.16,618297.724,4.5872,4.5872,0.47,28.2571,26.0894,2.9702,8.608,8.2049,,,482725.6868,32101.23,32101.23,20366196.7261,1354350.8937,46.79,38.29,1.0
601995,中金公司,证券,北京,20201102,601995.SH,20210511,41.6,42.87,41.57,42.54,41.92,0.62,1.479,219750.46,928828.132,6.8455,6.8455,0.69,28.4916,26.3058,2.9949,8.6794,8.2729,,,482725.6868,32101.23,32101.23,20535150.7165,1365586.3242,46.11,37.73,1.0
601995,中金公司,证券,北京,20201102,601995.SH,20210510,42.11,42.28,41.38,41.92,42.64,-0.72,-1.6886,237612.03,991800.576,7.402,7.402,0.83,28.0763,25.9224,2.9512,8.5529,8.1524,,,482725.6868,32101.23,32101.23,20235860.7907,1345683.5616,46.9,38.38,1.0
601995,中金公司,证券,北京,20201102,601995.SH,20210507,44.33,44.36,41.78,42.64,44.94,-2.3,-5.1179,460284.68,1968464.714,14.3385,14.3385,2.12,28.5585,26.3676,3.0019,8.6998,8.2924,,,482725.6868,32101.23,32101.23,20583423.2852,1368796.4472,49.43,40.45,1.0
601995,中金公司,证券,北京,20201102,601995.SH,20210506,48.04,48.51,44.94,44.94,49.93,-4.99,-9.994,478961.37,2190663.712,14.9203,14.9203,2.97,30.099,27.7899,3.1638,9.1691,8.7397,,,482725.6868,32101.23,32101.23,21693692.3648,1442629.2762,54.92,44.94,1.0
601995,中金公司,证券,北京,20201102,601995.SH,20210430,51.0,51.57,49.6,49.93,51.62,-1.69,-3.2739,176600.51,894550.497,6.7851,6.7851,1.13,33.4411,30.8756,3.5151,10.1872,9.7101,,,482725.6868,26027.8568,26027.8568,24102493.5419,1299570.89,56.78,46.46,1.0
601995,中金公司,证券,北京,20201102,601995.SH,20210429,48.8,51.81,48.7,51.62,49.23,2.39,4.8548,235365.14,1191738.211,9.0428,9.0428,1.64,34.573,34.573,3.7395,10.532,10.532,,,482725.6868,26027.8568,26027.8568,24918299.9526,1343557.968,54.15,44.31,1.0
601995,中金公司,证券,北京,20201102,601995.SH,20210428,49.0,49.58,48.57,49.23,49.13,0.1,0.2035,88274.24,432799.788,3.3915,3.3915,0.53,32.9722,32.9722,3.5664,10.0444,10.0444,,,482725.6868,26027.8568,26027.8568,23764585.5612,1281351.3903,54.04,44.22,1.0
601995,中金公司,证券,北京,20201102,601995.SH,20210427,49.93,50.08,48.48,49.13,49.64,-0.51,-1.0274,105713.04,519361.726,4.0615,4.0615,0.53,32.9053,32.9053,3.5591,10.024,10.024,,,482725.6868,26027.8568,26027.8568,23716312.9925,1278748.6046,54.6,44.68,1.0
601995,中金公司,证券,北京,20201102,601995.SH,20210426,52.28,52.7,49.6,49.64,52.54,-2.9,-5.5196,201348.46,1029367.69,7.7359,7.7359,1.01,33.2468,33.2468,3.5961,10.1281,10.1281,,,482725.6868,26027.8568,26027.8568,23962503.0928,1292022.8116,57.79,47.29,1.0
601995,中金公司,证券,北京,20201102,601995.SH,20210423,51.67,53.5,51.67,52.54,51.79,0.75,1.4482,151890.43,800044.075,5.8357,5.8357,0.83,35.1891,35.1891,3.8062,10.7197,10.7197,,,482725.6868,26027.8568,26027.8568,25362407.5845,1367503.5963,56.97,46.61,1.0
601995,中金公司,证券,北京,20201102,601995.SH,20210422,52.28,53.6,51.67,51.79,52.28,-0.49,-0.9373,168257.14,883395.847,6.4645,6.4645,1.03,34.6868,34.6868,3.7518,10.5667,10.5667,,,482725.6868,26027.8568,26027.8568,25000363.3194,1347982.7037,57.51,47.05,1.0
601995,中金公司,证券,北京,20201102,601995.SH,20210421,50.63,52.94,50.62,52.28,51.3,0.98,1.9103,202962.97,1059390.788,7.7979,7.7979,1.44,35.015,35.015,3.7873,10.6667,10.6667,,,482725.6868,26027.8568,26027.8568,25236898.9059,1360736.3535,56.43,46.17,1.0
601995,中金公司,证券,北京,20201102,601995.SH,20210420,49.75,54.5,49.71,51.3,50.01,1.29,2.5795,274597.75,1430502.164,10.5501,10.5501,2.7,34.3586,34.3586,3.7163,10.4667,10.4667,,,482725.6868,26027.8568,26027.8568,24763827.7328,1335229.0538,55.01,45.01,1.0
601995,中金公司,证券,北京,20201102,601995.SH,20210419,47.9,50.3,47.51,50.01,48.07,1.94,4.0358,199923.96,984803.769,7.6812,7.6812,2.35,33.4947,33.4947,3.6229,10.2035,10.2035,,,482725.6868,26027.8568,26027.8568,24141111.5969,1301653.1186,52.88,43.26,1.0
601995,中金公司,证券,北京,20201102,601995.SH,20210416,47.6,48.22,47.6,48.07,47.77,0.3,0.628,64743.65,310598.04,2.4875,2.4875,0.67,32.1953,32.1953,3.4824,9.8077,9.8077,,,482725.6868,26027.8568,26027.8568,23204623.7645,1251159.0764,52.55,42.99,1.0
601995,中金公司,证券,北京,20201102,601995.SH,20210415,48.23,48.29,47.61,47.77,48.48,-0.71,-1.4645,71733.89,343548.66,2.756,2.756,0.62,31.9944,31.9944,3.4606,9.7465,9.7465,,,482725.6868,26027.8568,26027.8568,23059806.0584,1243350.7193,53.33,43.63,1.0
601995,中金公司,证券,北京,20201102,601995.SH,20210414,47.9,48.88,47.86,48.48,48.11,0.37,0.7691,94273.7,456342.523,3.622,3.622,0.79,32.4699,32.4699,3.5121,9.8914,9.8914,,,482725.6868,26027.8568,26027.8568,23402541.2961,1261830.4977,52.92,43.3,1.0
601995,中金公司,证券,北京,20201102,601995.SH,20210413,47.88,48.45,47.65,48.11,47.96,0.15,0.3128,78218.07,376087.391,3.0052,3.0052,0.6,32.2221,32.2221,3.4852,9.8159,9.8159,,,482725.6868,26027.8568,26027.8568,23223932.7919,1252200.1906,52.76,43.16,1.0
601995,中金公司,证券,北京,20201102,601995.SH,20210412,49.41,49.84,47.89,47.96,50.11,-2.15,-4.2906,117123.24,571317.79,4.4999,4.4999,0.82,32.1216,32.1216,3.4744,9.7853,9.7853,,,482725.6868,26027.8568,26027.8568,23151523.9389,1248296.0121,55.12,45.1,1.0
601995,中金公司,证券,北京,20201102,601995.SH,20210409,50.75,51.26,50.08,50.11,51.43,-1.32,-2.5666,121988.67,615829.656,4.6869,4.6869,0.88,33.5616,33.5616,3.6301,10.224,10.224,,,482725.6868,26027.8568,26027.8568,24189384.1655,1304255.9042,56.57,46.29,1.0
601995,中金公司,证券,北京,20201102,601995.SH,20210408,50.4,52.01,50.01,51.43,50.74,0.69,1.3599,169698.08,871313.029,6.5199,6.5199,1.28,34.4457,34.4457,3.7258,10.4933,10.4933,,,482725.6868,26027.8568,26027.8568,24826582.0721,1338612.6752,55.81,45.67,1.0
601995,中金公司,证券,北京,20201102,601995.SH,20210407,51.16,51.75,50.42,50.74,51.3,-0.56,-1.0916,110450.18,561827.145,4.2435,4.2435,0.85,33.9836,33.9836,3.6758,10.3525,10.3525,,,482725.6868,26027.8568,26027.8568,24493501.3482,1320653.454,56.43,46.17,1.0
601995,中金公司,证券,北京,20201102,601995.SH,20210406,51.13,52.1,51.0,51.3,51.13,0.17,0.3325,132669.65,683131.85,5.0972,5.0972,1.06,34.3586,34.3586,3.7163,10.4667,10.4667,,,482725.6868,26027.8568,26027.8568,24763827.7328,1335229.0538,56.24,46.02,1.0
601995,中金公司,证券,北京,20201102,601995.SH,20210402,49.69,52.52,49.37,51.13,49.45,1.68,3.3974,183526.57,933424.837,7.0512,7.0512,1.62,34.2448,34.2448,3.704,10.4321,10.4321,,,482725.6868,26027.8568,26027.8568,24681764.3661,1330804.3182,54.4,44.51,1.0
601995,中金公司,证券,北京,20201102,601995.SH,20210401,49.09,49.66,48.83,49.45,49.0,0.45,0.9184,94805.32,467029.382,3.6425,3.6425,0.75,33.1196,33.1196,3.5823,10.0893,10.0893,,,482725.6868,26027.8568,26027.8568,23870785.2123,1287077.5188,53.9,44.1,1.0
601995,中金公司,证券,北京,20201102,601995.SH,20210331,50.6,50.8,48.81,49.0,51.07,-2.07,-4.0533,141726.64,699471.127,5.4452,5.4452,0.89,32.8182,32.8182,3.5497,9.9975,9.9975,,,482725.6868,26027.8568,26027.8568,23653558.6532,1275364.9832,56.18,45.96,1.0
601995,中金公司,证券,北京,20201102,601995.SH,20210330,50.71,51.5,50.71,51.07,50.99,0.08,0.1569,97326.29,497185.54,3.7393,3.7393,0.53,58.161,41.1519,3.8122,15.6473,11.5402,,,482725.6868,26027.8568,26027.8568,24652800.8249,1329242.6468,56.09,45.89,1.0
601995,中金公司,证券,北京,20201102,601995.SH,20210329,50.6,51.79,50.22,50.99,50.92,0.07,0.1375,106888.88,546153.296,4.1067,4.1067,0.52,58.0699,41.0875,3.8062,15.6228,11.5222,,,482725.6868,26027.8568,26027.8568,24614182.7699,1327160.4182,56.01,45.83,1.0
601995,中金公司,证券,北京,20201102,601995.SH,20210326,50.8,51.39,50.6,50.92,51.05,-0.13,-0.2547,126134.93,643191.608,4.8462,4.8462,0.62,57.9901,41.0311,3.801,15.6014,11.5063,,,482725.6868,26027.8568,26027.8568,24580391.9719,1325338.4683,56.16,45.95,1.0
601995,中金公司,证券,北京,20201102,601995.SH,20210325,51.0,52.58,50.9,51.05,52.36,-1.31,-2.5019,161055.4,830919.917,6.1878,6.1878,0.75,58.1382,41.1358,3.8107,15.6412,11.5357,,,482725.6868,26027.8568,26027.8568,24643146.3111,1328722.0896,57.6,47.12,1.0
601995,中金公司,证券,北京,20201102,601995.SH,20210324,49.75,54.87,49.75,52.36,50.67,1.69,3.3353,306620.93,1609601.097,11.7805,11.7805,1.76,59.6301,42.1914,3.9085,16.0426,11.8317,,,482725.6868,26027.8568,26027.8568,25275516.9608,1362818.582,55.74,45.6,1.0
601995,中金公司,证券,北京,20201102,601995.SH,20210323,50.46,51.48,49.15,50.67,50.46,0.21,0.4162,213979.26,1074653.289,8.2212,8.2212,1.4,57.7054,40.8296,3.7823,15.5248,11.4498,,,482725.6868,26027.8568,26027.8568,24459710.5502,1318831.5041,55.51,45.41,1.0
601995,中金公司,证券,北京,20201102,601995.SH,20210322,49.38,50.88,48.77,50.46,48.7,1.76,3.614,213646.91,1065736.877,8.2084,8.2084,1.53,57.4663,40.6604,3.7666,15.4604,11.4024,,,482725.6868,26027.8568,26027.8568,24358338.1559,1313365.6541,53.57,43.83,1.0
601995,中金公司,证券,北京,20201102,601995.SH,20210319,48.05,48.86,48.02,48.7,48.95,-0.25,-0.5107,129987.99,629622.35,4.9942,4.9942,0.83,55.4619,39.2422,3.6353,14.9212,11.0047,,,482725.6868,26027.8568,26027.8568,23508740.9472,1267556.6262,53.85,44.06,1.0
601995,中金公司,证券,北京,20201102,601995.SH,20210318,47.9,49.8,47.9,48.95,47.8,1.15,2.4059,206663.27,1013439.345,7.9401,7.9401,1.38,55.7466,39.4436,3.6539,14.9978,11.0612,,,482725.6868,26027.8568,26027.8568,23629422.3689,1274063.5904,52.58,43.02,1.0
601995,中金公司,证券,北京,20201102,601995.SH,20210317,47.24,48.21,47.21,47.8,47.62,0.18,0.378,107853.92,514357.652,4.1438,4.1438,0.69,54.4369,38.517,3.5681,14.6454,10.8013,,,482725.6868,26027.8568,26027.8568,23074287.829,1244131.555,52.38,42.86,1.0
601995,中金公司,证券,北京,20201102,601995.SH,20210316,47.43,48.22,47.12,47.62,47.1,0.52,1.104,106560.98,507277.065,4.0941,4.0941,0.59,54.2319,38.3719,3.5546,14.5903,10.7606,,,482725.6868,26027.8568,26027.8568,22987397.2054,1239446.5408,51.81,42.39,1.0
601995,中金公司,证券,北京,20201102,601995.SH,20210315,48.25,48.78,47.01,47.1,49.52,-2.42,-4.8869,148162.02,707242.577,5.6924,5.6924,0.77,53.6397,37.9529,3.5158,14.431,10.6431,,,482725.6868,26027.8568,26027.8568,22736379.8483,1225912.0553,54.47,44.57,1.0
601995,中金公司,证券,北京,20201102,601995.SH,20210312,49.09,50.62,48.02,49.52,49.15,0.37,0.7528,215235.69,1058479.66,8.2694,8.2694,1.2,56.3958,39.9029,3.6965,15.1724,11.19,,,482725.6868,26027.8568,26027.8568,23904576.0103,1288899.4687,54.07,44.24,1.0
601995,中金公司,证券,北京,20201102,601995.SH,20210311,47.81,49.91,47.79,49.15,48.04,1.11,2.3106,172471.14,842618.787,6.6264,6.6264,0.95,55.9744,39.6048,3.6689,15.0591,11.1064,,,482725.6868,26027.8568,26027.8568,23725967.5062,1279269.1617,52.84,43.24,1.0
601995,中金公司,证券,北京,20201102,601995.SH,20210310,48.69,49.04,47.97,48.04,47.99,0.05,0.1042,134111.22,649235.024,5.1526,5.1526,0.75,54.7103,38.7104,3.586,14.719,10.8555,,,482725.6868,26027.8568,26027.8568,23190141.9939,1250378.2407,52.79,43.19,1.0
601995,中金公司,证券,北京,20201102,601995.SH,20210309,51.0,51.18,47.9,47.99,51.28,-3.29,-6.4158,239112.03,1178678.571,9.1868,9.1868,1.57,54.6533,38.6701,3.5823,14.7037,10.8442,,,482725.6868,26027.8568,26027.8568,23166005.7095,1249076.8478,56.41,46.15,1.0
601995,中金公司,证券,北京,20201102,601995.SH,20210308,55.3,55.6,50.28,51.28,55.12,-3.84,-6.9666,199150.57,1059633.571,7.6514,7.6514,1.46,58.4001,41.3211,3.8278,15.7117,11.5877,,,482725.6868,26027.8568,26027.8568,24754173.2191,1334708.4967,60.63,49.61,1.0
601995,中金公司,证券,北京,20201102,601995.SH,20210305,53.19,55.8,53.01,55.12,54.4,0.72,1.3235,150448.46,824758.587,5.7803,5.7803,1.03,62.7733,44.4154,4.1145,16.8882,12.4554,,,482725.6868,26027.8568,26027.8568,26607839.8564,1434655.4668,59.84,48.96,1.0
601995,中金公司,证券,北京,20201102,601995.SH,20210304,57.0,57.1,53.88,54.4,57.64,-3.24,-5.6211,183985.4,1021799.644,7.0688,7.0688,1.36,61.9533,43.8352,4.0607,16.6676,12.2927,,,482725.6868,26027.8568,26027.8568,26260277.3619,1415915.4099,63.4,51.88,1.0
601995,中金公司,证券,北京,20201102,601995.SH,20210303,56.56,57.86,56.26,57.64,56.92,0.72,1.2649,116484.63,667304.891,4.4754,4.4754,0.84,65.6432,46.446,4.3026,17.6603,13.0248,,,482725.6868,26027.8568,26027.8568,27824308.5872,1500245.666,62.61,51.23,1.0
601995,中金公司,证券,北京,20201102,601995.SH,20210302,58.05,58.43,56.91,56.92,58.2,-1.28,-2.1993,113825.41,655932.59,4.3732,4.3732,0.8,64.8232,45.8658,4.2489,17.4397,12.8621,,,482725.6868,26027.8568,26027.8568,27476746.0927,1481505.6091,64.02,52.38,1.0
601995,中金公司,证券,北京,20201102,601995.SH,20210301,57.6,58.2,56.9,58.2,57.8,0.4,0.692,115904.59,666596.938,4.4531,4.4531,0.73,66.281,46.8972,4.3444,17.8319,13.1514,,,482725.6868,26027.8568,26027.8568,28094634.9718,1514821.2658,63.58,52.02,1.0
601995,中金公司,证券,北京,20201102,601995.SH,20210226,58.0,58.5,56.4,57.8,59.49,-1.69,-2.8408,198876.68,1144885.405,7.6409,7.6409,1.27,65.8254,46.5749,4.3145,17.7093,13.061,,,482725.6868,26027.8568,26027.8568,27901544.697,1504410.123,65.44,53.54,1.0
601995,中金公司,证券,北京,20201102,601995.SH,20210225,59.66,60.32,58.16,59.49,59.29,0.2,0.3373,133398.67,791158.207,5.1252,5.1252,0.79,67.7501,47.9367,4.4407,18.2271,13.4429,,,482725.6868,26027.8568,26027.8568,28717351.1077,1548397.201,65.22,53.36,1.0
601995,中金公司,证券,北京,20201102,601995.SH,20210224,59.4,60.8,58.8,59.29,59.65,-0.36,-0.6035,134749.44,805734.728,5.1771,5.1771,0.74,67.5223,47.7755,4.4258,18.1659,13.3977,,,482725.6868,26027.8568,26027.8568,28620805.9704,1543191.6297,65.62,53.69,1.0
601995,中金公司,证券,北京,20201102,601995.SH,20210223,58.95,60.5,58.66,59.65,60.05,-0.4,-0.6661,131971.0,786683.387,5.0704,5.0704,0.65,67.9323,48.0656,4.4526,18.2762,13.479,,,482725.6868,26027.8568,26027.8568,28794587.2176,1552561.6581,66.06,54.05,1.0
601995,中金公司,证券,北京,20201102,601995.SH,20210222,62.25,62.99,60.0,60.05,62.19,-2.14,-3.4411,189574.09,1166912.858,7.2835,7.2835,0.85,68.3878,48.388,4.4825,18.3987,13.5694,,,482725.6868,26027.8568,26027.8568,28987677.4923,1562972.8008,68.41,55.97,1.0
601995,中金公司,证券,北京,20201102,601995.SH,20210219,62.3,62.3,60.0,62.19,62.78,-0.59,-0.9398,192802.24,1180162.549,7.4075,7.4075,0.82,70.825,50.1124,4.6422,19.0544,14.053,,,482725.6868,26027.8568,26027.8568,30020710.4621,1618672.4144,69.06,56.5,1.0
601995,中金公司,证券,北京,20201102,601995.SH,20210218,63.58,64.2,62.56,62.78,62.57,0.21,0.3356,196646.96,1243175.715,7.5552,7.5552,0.78,71.4969,50.5878,4.6863,19.2352,14.1863,,,482725.6868,26027.8568,26027.8568,30305518.6173,1634028.8499,68.83,56.31,1.0
601995,中金公司,证券,北京,20201102,601995.SH,20210210,62.7,63.68,62.11,62.57,63.13,-0.56,-0.8871,196830.78,1235499.037,7.5623,7.5623,0.8,71.2577,50.4186,4.6706,19.1708,14.1389,,,482725.6868,26027.8568,26027.8568,30204146.2231,1628563.0,69.44,56.82,1.0
601995,中金公司,证券,北京,20201102,601995.SH,20210209,62.66,64.76,62.08,63.13,63.12,0.01,0.0158,247112.43,1569763.482,9.4942,9.4942,1.05,71.8955,50.8698,4.7124,19.3424,14.2654,,,482725.6868,26027.8568,26027.8568,30474472.6077,1643138.5998,69.43,56.81,1.0
601995,中金公司,证券,北京,20201102,601995.SH,20210208,60.5,63.88,59.5,63.12,60.5,2.62,4.3306,284522.1,1766607.933,10.9314,10.9314,1.38,71.8841,50.8617,4.7117,19.3393,14.2632,,,482725.6868,26027.8568,26027.8568,30469645.3508,1642878.3212,66.55,54.45,1.0
601995,中金公司,证券,北京,20201102,601995.SH,20210205,59.0,62.27,58.71,60.5,59.68,0.82,1.374,252463.44,1535870.911,9.6997,9.6997,1.26,68.9003,48.7506,4.5161,18.5366,13.6711,,,482725.6868,26027.8568,26027.8568,29204904.0514,1574685.3364,65.65,53.71,1.0
601995,中金公司,证券,北京,20201102,601995.SH,20210204,59.0,60.49,56.22,59.68,59.62,0.06,0.1006,276947.72,1611090.008,10.6404,10.6404,1.52,67.9664,48.0898,4.4549,18.2853,13.4858,,,482725.6868,26027.8568,26027.8568,28809068.9882,1553342.4938,65.58,53.66,1.0
601995,中金公司,证券,北京,20201102,601995.SH,20210203,61.01,61.41,59.59,59.62,61.57,-1.95,-3.1671,167017.77,1009858.143,6.4169,6.4169,0.93,67.8981,48.0415,4.4504,18.267,13.4723,,,482725.6868,26027.8568,26027.8568,28780105.447,1551780.8224,67.73,55.41,1.0
601995,中金公司,证券,北京,20201102,601995.SH,20210202,61.26,61.66,59.5,61.57,60.92,0.65,1.067,195404.9,1184223.682,7.5075,7.5075,1.0,70.1189,49.6128,4.596,18.8644,13.9129,,,482725.6868,26027.8568,26027.8568,29721420.5363,1602535.1432,67.01,54.83,1.0
601995,中金公司,证券,北京,20201102,601995.SH,20210201,61.96,62.16,60.6,60.92,61.01,-0.09,-0.1475,141756.62,868705.374,5.4463,5.4463,0.68,69.3786,49.089,4.5474,18.6653,13.766,,,482725.6868,26027.8568,26027.8568,29407648.8399,1585617.0363,67.11,54.91,1.0
601995,中金公司,证券,北京,20201102,601995.SH,20210129,64.7,64.79,60.35,61.01,64.05,-3.04,-4.7463,221718.79,1376170.776,8.5185,8.5185,1.0,69.4811,49.1615,4.5542,18.6928,13.7864,,,482725.6868,26027.8568,26027.8568,29451094.1517,1587959.5434,70.46,57.65,1.0
601995,中金公司,证券,北京,20201102,601995.SH,20210128,63.51,65.64,62.05,64.05,64.5,-0.45,-0.6977,185488.5,1187453.934,7.1265,7.1265,0.74,72.9432,51.6111,4.7811,19.6243,14.4733,,,482725.6868,26027.8568,26027.8568,30918580.2395,1667084.228,70.95,58.05,1.0
601995,中金公司,证券,北京,20201102,601995.SH,20210127,64.72,65.27,64.0,64.5,64.53,-0.03,-0.0465,150172.89,970283.354,5.7697,5.7697,0.56,73.4557,51.9737,4.8147,19.7621,14.575,,,482725.6868,26027.8568,26027.8568,31135806.7986,1678796.7636,70.98,58.08,1.0
601995,中金公司,证券,北京,20201102,601995.SH,20210126,67.4,67.52,64.49,64.53,68.0,-3.47,-5.1029,278935.36,1826846.382,10.7168,10.7168,1.01,73.4899,51.9979,4.8169,19.7713,14.5818,,,482725.6868,26027.8568,26027.8568,31150288.5692,1679577.5993,74.8,61.2,1.0
601995,中金公司,证券,北京,20201102,601995.SH,20210125,68.2,69.45,67.39,68.0,68.75,-0.75,-1.0909,212906.86,1453694.283,8.18,8.18,0.77,77.4417,54.794,5.0759,20.8345,15.3659,,,482725.6868,26027.8568,26027.8568,32825346.7024,1769894.2624,75.63,61.88,1.0
601995,中金公司,证券,北京,20201102,601995.SH,20210122,70.49,70.49,68.01,68.75,71.15,-2.4,-3.3732,277957.38,1920686.932,10.6792,10.6792,1.06,78.2958,55.3984,5.1319,21.0643,15.5354,,,482725.6868,26027.8568,26027.8568,33187390.9675,1789415.155,78.27,64.04,1.0
601995,中金公司,证券,北京,20201102,601995.SH,20210121,70.58,72.36,69.6,71.15,69.49,1.66,2.3888,336825.26,2397669.168,12.941,12.941,1.34,81.029,57.3323,5.3111,21.7996,16.0777,,,482725.6868,26027.8568,26027.8568,34345932.6158,1851882.0113,76.44,62.54,1.0
601995,中金公司,证券,北京,20201102,601995.SH,20210120,69.15,70.98,68.8,69.49,69.68,-0.19,-0.2727,224151.36,1564603.814,8.612,8.612,0.78,79.1385,55.9947,5.1872,21.291,15.7026,,,482725.6868,26027.8568,26027.8568,33544607.9757,1808675.769,76.65,62.71,1.0
601995,中金公司,证券,北京,20201102,601995.SH,20210119,67.8,71.35,67.1,69.68,68.05,1.63,2.3953,330194.34,2307137.171,12.6862,12.6862,1.01,79.3549,56.1478,5.2013,21.3492,15.7455,,,482725.6868,26027.8568,26027.8568,33636325.8562,1813621.0618,74.86,61.25,1.0
601995,中金公司,证券,北京,20201102,601995.SH,20210118,67.45,69.87,66.8,68.05,68.05,0.0,0.0,210378.9,1440264.773,8.0828,8.0828,0.59,77.4986,54.8343,5.0797,20.8498,15.3772,,,482725.6868,26027.8568,26027.8568,32849482.9867,1771195.6552,74.86,61.25,1.0
601995,中金公司,证券,北京,20201102,601995.SH,20210115,67.52,69.5,67.52,68.05,67.49,0.56,0.8298,213069.1,1456782.935,8.1862,8.1862,0.59,77.4986,54.8343,5.0797,20.8498,15.3772,,,482725.6868,26027.8568,26027.8568,32849482.9867,1771195.6552,74.24,60.74,1.0
601995,中金公司,证券,北京,20201102,601995.SH,20210114,70.01,70.19,67.48,67.49,70.27,-2.78,-3.9562,279643.17,1907950.311,10.744,10.744,0.73,76.8608,54.3831,5.0379,20.6783,15.2506,,,482725.6868,26027.8568,26027.8568,32579156.6021,1756620.0554,77.3,63.24,1.0
601995,中金公司,证券,北京,20201102,601995.SH,20210113,72.8,73.9,70.0,70.27,73.61,-3.34,-4.5374,398480.31,2859913.433,15.3098,15.3098,1.06,80.0268,56.6232,5.2454,21.53,15.8788,,,482725.6868,26027.8568,26027.8568,33921134.0114,1828977.4973,80.97,66.25,1.0
601995,中金公司,证券,北京,20201102,601995.SH,20210112,67.4,74.58,67.35,73.61,68.01,5.6,8.2341,530305.73,3764225.384,20.3745,20.3745,1.41,83.8306,59.3145,5.4947,22.5534,16.6336,,,482725.6868,26027.8568,26027.8568,35533437.8053,1915910.539,74.81,61.21,1.0
601995,中金公司,证券,北京,20201102,601995.SH,20210111,71.18,71.78,67.71,68.01,71.18,-3.17,-4.4535,350330.53,2423514.684,13.4598,13.4598,0.85,77.4531,54.8021,5.0767,20.8376,15.3681,,,482725.6868,26027.8568,26027.8568,32830173.9593,1770154.541,78.3,64.06,1.0
601995,中金公司,证券,北京,20201102,601995.SH,20210108,72.4,73.3,71.17,71.18,72.95,-1.77,-2.4263,260533.12,1875955.423,10.0098,10.0098,0.55,81.0632,57.3564,5.3133,21.8088,16.0845,,,482725.6868,26027.8568,26027.8568,34360414.3864,1852662.847,80.25,65.66,1.0
601995,中金公司,证券,北京,20201102,601995.SH,20210107,71.8,73.29,70.7,72.95,72.31,0.64,0.8851,370588.63,2662672.874,14.2382,14.2382,0.76,83.079,58.7827,5.4454,22.3511,16.4844,,,482725.6868,26027.8568,26027.8568,35214838.8521,1898732.1536,79.54,65.08,1.0
601995,中金公司,证券,北京,20201102,601995.SH,20210106,72.78,74.25,71.52,72.31,72.8,-0.49,-0.6731,361190.61,2638883.841,13.8771,13.8771,0.72,82.3501,58.267,5.3977,22.1551,16.3398,,,482725.6868,26027.8568,26027.8568,34905894.4125,1882074.3252,80.08,65.52,1.0
601995,中金公司,证券,北京,20201102,601995.SH,20210105,73.9,75.93,71.03,72.8,74.85,-2.05,-2.7388,534899.02,3914934.64,20.551,20.551,1.15,82.9081,58.6618,5.4342,22.3052,16.4505,,,482725.6868,26027.8568,26027.8568,35142429.999,1894827.975,82.34,67.37,1.0
601995,中金公司,证券,北京,20201102,601995.SH,20210104,76.7,77.69,72.9,74.85,75.27,-0.42,-0.558,535313.86,4007216.078,20.567,20.567,1.24,85.2428,60.3137,5.5873,22.9333,16.9138,,,482725.6868,26027.8568,26027.8568,36132017.657,1948185.0815,82.8,67.74,1.0
601995,中金公司,证券,北京,20201102,601995.SH,20201231,71.02,76.76,70.3,75.27,70.2,5.07,7.2222,547703.72,4052986.764,21.043,21.043,1.38,85.7211,60.6521,5.6186,23.062,17.0087,,,482725.6868,26027.8568,26027.8568,36334762.4454,1959116.7813,77.22,63.18,1.0
601995,中金公司,证券,北京,20201102,601995.SH,20201230,67.2,70.58,65.66,70.2,68.14,2.06,3.0232,472021.37,3237877.876,18.1352,18.1352,1.21,79.9471,56.5668,5.2402,21.5086,15.863,,,482725.6868,26027.8568,26027.8568,33887343.2134,1827155.5474,74.95,61.33,1.0
601995,中金公司,证券,北京,20201102,601995.SH,20201229,67.99,70.97,67.51,68.14,67.43,0.71,1.0529,434501.15,2995624.365,16.6937,16.6937,1.08,77.6011,54.9068,5.0864,20.8774,15.3975,,,482725.6868,26027.8568,26027.8568,32892928.2986,1773538.1624,74.17,60.69,1.0
601995,中金公司,证券,北京,20201102,601995.SH,20201228,66.15,68.37,65.56,67.43,66.57,0.86,1.2919,337214.25,2259168.957,12.9559,12.9559,0.82,76.7925,54.3347,5.0334,20.6599,15.2371,,,482725.6868,26027.8568,26027.8568,32550193.0609,1755058.384,73.23,59.91,1.0
601995,中金公司,证券,北京,20201102,601995.SH,20201225,65.1,67.59,63.85,66.57,65.5,1.07,1.6336,373527.05,2464124.182,14.351,14.351,0.92,75.8131,53.6417,4.9692,20.3964,15.0427,,,482725.6868,26027.8568,26027.8568,32135048.9703,1732674.4272,72.05,58.95,1.0
601995,中金公司,证券,北京,20201102,601995.SH,20201224,65.78,67.76,65.08,65.5,65.83,-0.33,-0.5013,361354.4,2397277.24,13.8834,13.8834,0.8,74.5945,52.7795,4.8893,20.0685,14.801,,,482725.6868,26027.8568,26027.8568,31618532.4854,1704824.6204,72.41,59.25,1.0
601995,中金公司,证券,北京,20201102,601995.SH,20201223,63.8,66.93,63.48,65.83,63.4,2.43,3.8328,446039.55,2911637.928,17.137,17.137,1.08,74.9704,53.0454,4.9139,20.1696,14.8755,,,482725.6868,26027.8568,26027.8568,31777831.962,1713413.8131,69.74,57.06,1.0
601995,中金公司,证券,北京,20201102,601995.SH,20201222,64.4,68.0,63.3,63.4,64.95,-1.55,-2.3865,489977.23,3220691.239,18.8251,18.8251,1.3,72.203,51.0874,4.7326,19.4251,14.3264,,,482725.6868,26027.8568,26027.8568,30604808.5431,1650166.1211,71.45,58.46,1.0
601995,中金公司,证券,北京,20201102,601995.SH,20201221,62.99,65.98,62.32,64.95,63.35,1.6,2.5257,380116.22,2431946.165,14.6042,14.6042,1.08,73.9682,52.3363,4.8483,19.9,14.6767,,,482725.6868,26027.8568,26027.8568,31353033.3577,1690509.2992,69.69,57.02,1.0
601995,中金公司,证券,北京,20201102,601995.SH,20201218,63.89,64.78,63.12,63.35,64.95,-1.6,-2.4634,349740.47,2232748.805,13.4372,13.4372,1.07,72.146,51.0471,4.7288,19.4098,14.3151,,,482725.6868,26027.8568,26027.8568,30580672.2588,1648864.7283,71.45,58.46,1.0
601995,中金公司,证券,北京,20201102,601995.SH,20201217,59.81,65.68,59.75,64.95,60.01,4.94,8.232,591637.04,3755026.734,22.7309,22.7309,2.23,73.9682,52.3363,4.8483,19.9,14.6767,,,482725.6868,26027.8568,26027.8568,31353033.3577,1690509.2992,66.01,54.01,1.0
601995,中金公司,证券,北京,20201102,601995.SH,20201216,61.2,61.39,59.75,60.01,61.5,-1.49,-2.4228,246208.09,1490455.342,9.4594,9.4594,0.84,68.3423,48.3557,4.4795,18.3865,13.5604,,,482725.6868,26027.8568,26027.8568,28968368.4649,1561931.6866,67.65,55.35,1.0
601995,中金公司,证券,北京,20201102,601995.SH,20201215,59.0,62.28,58.5,61.5,59.45,2.05,3.4483,321062.26,1935275.191,12.3353,12.3353,1.17,70.0391,49.5564,4.5907,18.843,13.8971,,,482725.6868,26027.8568,26027.8568,29687629.7382,1600713.1932,65.4,53.51,1.0
601995,中金公司,证券,北京,20201102,601995.SH,20201214,60.03,60.29,58.13,59.45,60.49,-1.04,-1.7193,257278.32,1522460.984,9.8847,9.8847,0.95,67.7045,47.9045,4.4377,18.2149,13.4338,,,482725.6868,26027.8568,26027.8568,28698042.0803,1547356.0868,66.54,54.44,1.0
601995,中金公司,证券,北京,20201102,601995.SH,20201211,60.55,60.7,59.76,60.49,60.2,0.29,0.4817,215046.46,1294879.274,8.2622,8.2622,0.7,68.8889,48.7425,4.5153,18.5335,13.6689,,,482725.6868,26027.8568,26027.8568,29200076.7945,1574425.0578,66.22,54.18,1.0
601995,中金公司,证券,北京,20201102,601995.SH,20201210,59.67,61.38,59.13,60.2,60.65,-0.45,-0.742,284697.02,1720869.977,10.9382,10.9382,0.85,68.5586,48.5088,4.4937,18.4447,13.6033,,,482725.6868,26027.8568,26027.8568,29060086.3454,1566876.9794,66.72,54.59,1.0
601995,中金公司,证券,北京,20201102,601995.SH,20201209,63.76,64.16,59.56,60.65,63.75,-3.1,-4.8627,379085.43,2358165.649,14.5646,14.5646,0.98,69.0711,48.8714,4.5273,18.5825,13.705,,,482725.6868,26027.8568,26027.8568,29277312.9044,1578589.5149,70.13,57.38,1.0
601995,中金公司,证券,北京,20201102,601995.SH,20201208,62.9,64.5,62.9,63.75,63.45,0.3,0.4728,233953.73,1492972.121,8.9886,8.9886,0.47,72.6016,51.3694,4.7587,19.5324,14.4055,,,482725.6868,26027.8568,26027.8568,30773762.5335,1659275.871,69.8,57.11,1.0
601995,中金公司,证券,北京,20201102,601995.SH,20201207,63.12,64.5,63.12,63.45,63.7,-0.25,-0.3925,242127.22,1544590.507,9.3026,9.3026,0.38,72.2599,51.1277,4.7363,19.4404,14.3377,,,482725.6868,26027.8568,26027.8568,30628944.8275,1651467.514,70.07,57.33,1.0
601995,中金公司,证券,北京,20201102,601995.SH,20201204,64.86,65.2,62.86,63.7,65.98,-2.28,-3.4556,387653.32,2480211.243,14.8938,14.8938,0.57,72.5446,51.3291,4.755,19.517,14.3942,,,482725.6868,26027.8568,26027.8568,30749626.2492,1657974.4782,72.58,59.38,1.0
601995,中金公司,证券,北京,20201102,601995.SH,20201203,67.0,67.97,65.65,65.98,68.0,-2.02,-2.9706,424720.76,2828490.565,16.3179,16.3179,0.62,75.1412,53.1663,4.9251,20.2156,14.9094,,,482725.6868,26027.8568,26027.8568,31850240.8151,1717317.9917,74.8,61.2,1.0
601995,中金公司,证券,北京,20201102,601995.SH,20201202,67.01,71.0,66.51,68.0,68.02,-0.02,-0.0294,651809.46,4448606.307,25.0428,25.0428,1.0,77.4417,54.794,5.0759,20.8345,15.3659,,,482725.6868,26027.8568,26027.8568,32825346.7024,1769894.2624,74.82,61.22,1.0
601995,中金公司,证券,北京,20201102,601995.SH,20201201,63.9,71.4,63.3,68.02,65.19,2.83,4.3412,770506.4,5106028.203,29.6031,29.6031,1.25,77.4644,54.8101,5.0774,20.8406,15.3704,,,482725.6868,26027.8568,26027.8568,32835001.2161,1770414.8195,71.71,58.67,1.0
601995,中金公司,证券,北京,20201102,601995.SH,20201130,63.88,69.25,62.96,65.19,62.95,2.24,3.5584,983326.2,6562023.097,37.7798,37.7798,1.66,74.2415,52.5297,4.8662,19.9736,14.7309,,,482725.6868,26027.8568,26027.8568,31468887.5225,1696755.9848,69.25,56.66,1.0
601995,中金公司,证券,北京,20201102,601995.SH,20201127,61.49,62.96,59.5,62.95,62.2,0.75,1.2058,541340.12,3333701.416,20.7985,20.7985,0.93,71.6905,50.7248,4.699,19.2872,14.2247,,,482725.6868,26027.8568,26027.8568,30387581.9841,1638453.5856,68.42,55.98,1.0
601995,中金公司,证券,北京,20201102,601995.SH,20201126,59.56,62.79,59.18,62.2,60.18,2.02,3.3566,492693.04,3014637.572,18.9295,18.9295,0.81,70.8363,50.1204,4.643,19.0575,14.0553,,,482725.6868,26027.8568,26027.8568,30025537.719,1618932.693,66.2,54.16,1.0
601995,中金公司,证券,北京,20201102,601995.SH,20201125,63.1,63.78,60.18,60.18,62.75,-2.57,-4.0956,463832.79,2852453.028,17.8206,17.8206,0.72,68.5359,48.4927,4.4922,18.4385,13.5988,,,482725.6868,26027.8568,26027.8568,29050431.8316,1566356.4222,69.03,56.48,1.0
601995,中金公司,证券,北京,20201102,601995.SH,20201124,61.18,63.08,60.8,62.75,62.0,0.75,1.2097,609199.48,3779559.287,23.4057,23.4057,0.94,71.4627,50.5636,4.684,19.226,14.1795,,,482725.6868,26027.8568,26027.8568,30291036.8467,1633248.0142,68.2,55.8,1.0
601995,中金公司,证券,北京,20201102,601995.SH,20201123,58.3,64.2,57.7,62.0,58.36,3.64,6.2371,857731.15,5285942.618,32.9544,32.9544,1.37,70.6086,49.9593,4.6281,18.9962,14.0101,,,482725.6868,26027.8568,26027.8568,29928992.5816,1613727.1216,64.2,52.52,1.0
601995,中金公司,证券,北京,20201102,601995.SH,20201120,56.55,59.31,55.68,58.36,57.13,1.23,2.153,488220.59,2801798.986,18.7576,18.7576,0.74,66.4632,47.0262,4.3563,17.8809,13.1875,,,482725.6868,26027.8568,26027.8568,28171871.0816,1518985.7228,62.84,51.42,1.0
601995,中金公司,证券,北京,20201102,601995.SH,20201119,58.8,59.0,55.55,57.13,60.0,-2.87,-4.7833,631038.03,3612339.637,24.2447,24.2447,0.94,65.0624,46.035,4.2645,17.5041,12.9096,,,482725.6868,26027.8568,26027.8568,27578118.4869,1486971.459,66.0,54.0,1.0
601995,中金公司,证券,北京,20201102,601995.SH,20201118,58.58,61.5,58.58,60.0,58.93,1.07,1.8157,620280.5,3733895.312,23.8314,23.8314,0.84,68.3309,48.3477,4.4788,18.3834,13.5581,,,482725.6868,26027.8568,26027.8568,28963541.208,1561671.408,64.82,53.04,1.0
601995,中金公司,证券,北京,20201102,601995.SH,20201117,59.33,61.57,58.38,58.93,60.38,-1.45,-2.4015,650703.5,3876629.854,25.0003,25.0003,0.82,67.1123,47.4855,4.3989,18.0556,13.3163,,,482725.6868,26027.8568,26027.8568,28447024.7231,1533821.6012,66.42,54.34,1.0
601995,中金公司,证券,北京,20201102,601995.SH,20201116,56.8,60.6,55.71,60.38,57.2,3.18,5.5594,737014.91,4300081.663,28.3164,28.3164,0.96,68.7636,48.6539,4.5071,18.4998,13.644,,,482725.6868,26027.8568,26027.8568,29146976.969,1571561.9936,62.92,51.48,1.0
601995,中金公司,证券,北京,20201102,601995.SH,20201113,55.01,59.5,54.54,57.2,56.22,0.98,1.7432,671538.13,3858627.467,25.8007,25.8007,0.84,65.1421,46.0914,4.2698,17.5255,12.9254,,,482725.6868,26027.8568,26027.8568,27611909.285,1488793.409,61.84,50.6,1.0
601995,中金公司,证券,北京,20201102,601995.SH,20201112,58.17,58.17,54.88,56.22,59.6,-3.38,-5.6711,669921.74,3764698.506,25.7386,25.7386,0.77,64.026,45.3018,4.1966,17.2252,12.704,,,482725.6868,26027.8568,26027.8568,27138838.1119,1463286.1093,65.56,53.64,1.0
601995,中金公司,证券,北京,20201102,601995.SH,20201111,58.8,61.19,55.16,59.6,60.11,-0.51,-0.8484,954390.44,5587111.363,36.668,36.668,1.07,67.8753,48.0253,4.4489,18.2608,13.4677,,,482725.6868,26027.8568,26027.8568,28770450.9333,1551260.2653,66.12,54.1,1.0
601995,中金公司,证券,北京,20201102,601995.SH,20201110,59.0,62.82,58.5,60.11,57.11,3.0,5.253,940856.65,5699568.912,36.1481,36.1481,1.06,68.4562,48.4363,4.487,18.4171,13.583,,,482725.6868,26027.8568,26027.8568,29016641.0335,1564534.4722,62.82,51.4,1.0
601995,中金公司,证券,北京,20201102,601995.SH,20201109,54.0,57.11,51.36,57.11,51.92,5.19,9.9961,601691.96,3253930.566,23.1172,23.1172,0.59,65.0396,46.0189,4.263,17.4979,12.9051,,,482725.6868,26027.8568,26027.8568,27568463.9731,1486450.9018,57.11,46.73,1.0
601995,中金公司,证券,北京,20201102,601995.SH,20201106,48.15,51.92,47.38,51.92,47.2,4.72,10.0,816657.56,4084182.394,31.3763,31.3763,,59.129,41.8368,3.8756,15.9078,11.7323,,,482725.6868,26027.8568,26027.8568,25063117.6587,1351366.3251,51.92,42.48,1.0
601995,中金公司,证券,北京,20201102,601995.SH,20201105,44.37,48.18,43.02,47.2,44.3,2.9,6.5463,1037434.58,4663809.428,39.8586,39.8586,,53.7536,38.0335,3.5233,14.4616,10.6657,,,482725.6868,26027.8568,26027.8568,22784652.417,1228514.841,48.73,39.87,1.0
601995,中金公司,证券,北京,20201102,601995.SH,20201104,41.55,45.38,40.66,44.3,41.47,2.83,6.8242,1075063.08,4640883.073,41.3043,41.3043,,50.451,35.6967,3.3068,13.5731,10.0104,,,482725.6868,26027.8568,26027.8568,21384747.9252,1153034.0562,45.62,37.32,1.0
601995,中金公司,证券,北京,20201102,601995.SH,20201103,38.41,41.47,38.41,41.47,37.7,3.77,10.0,889290.9,3591100.466,34.1669,34.1669,,47.228,33.4163,3.0956,12.706,9.3709,,,482725.6868,26027.8568,26027.8568,20018634.2316,1079375.2215,41.47,33.93,1.0
601995,中金公司,证券,北京,20201102,601995.SH,20201102,34.54,41.44,34.54,37.7,28.78,8.92,30.9937,1282299.18,4932696.572,49.2664,49.2664,,42.9346,30.3784,2.8142,11.5509,8.519,,,482725.6868,26027.8568,26027.8568,18198758.3924,981250.2014,,,1.0
