code,name,industry,region,list_date,ts_code,trade_date,open,high,low,close,pre_close,change,pct_change,volume,amount,turnover_rate,turnover_rate_free,volume_ratio,pe,pe_ttm,pb,ps,ps_ttm,dividend_yield,dividend_yield_ttm,total_share,float_share,free_share,total_mv,circ_mv,limit_up,limit_down,adj_factor
688528,秦川物联,电器仪表,四川,20200701,688528.SH,20250908,11.19,11.46,11.1,11.42,11.08,0.34,3.0686,20063.31,22639.76,1.1942,4.1919,0.83,,,3.9591,5.9857,7.4101,,,16800.0,16800.0,4786.2051,191856.0,191856.0,13.3,8.86,1.017
688528,秦川物联,电器仪表,四川,20200701,688528.SH,20250905,10.9,11.08,10.71,11.08,10.85,0.23,2.1198,20996.67,22917.332,1.2498,4.3869,0.81,,,3.8412,5.8075,7.1894,,,16800.0,16800.0,4786.2051,186144.0,186144.0,13.02,8.68,1.017
688528,秦川物联,电器仪表,四川,20200701,688528.SH,20250904,10.71,11.17,10.69,10.85,10.71,0.14,1.3072,29133.44,31879.49,1.7341,6.087,1.03,,,3.7615,5.687,7.0402,,,16800.0,16800.0,4786.2051,182280.0,182280.0,12.85,8.57,1.017
688528,秦川物联,电器仪表,四川,20200701,688528.SH,20250903,11.17,11.24,10.71,10.71,11.06,-0.35,-3.1646,17723.0,19291.815,1.0549,3.7029,0.53,,,3.7129,5.6136,6.9494,,,16800.0,16800.0,4786.2051,179928.0,179928.0,13.27,8.85,1.017
688528,秦川物联,电器仪表,四川,20200701,688528.SH,20250902,10.95,11.13,10.58,11.06,10.95,0.11,1.0046,27546.87,29916.811,1.6397,5.7555,0.82,,,3.8343,5.797,7.1765,,,16800.0,16800.0,4786.2051,185808.0,185808.0,13.14,8.76,1.017
688528,秦川物联,电器仪表,四川,20200701,688528.SH,20250901,10.9,11.22,10.71,10.95,10.83,0.12,1.108,24989.37,27547.99,1.4875,5.2211,0.76,,,3.7961,5.7394,7.1051,,,16800.0,16800.0,4786.2051,183960.0,183960.0,13.0,8.66,1.017
688528,秦川物联,电器仪表,四川,20200701,688528.SH,20250829,11.06,11.14,10.75,10.83,11.12,-0.29,-2.6079,30832.64,33586.227,1.8353,6.442,0.97,,,3.7545,5.6765,7.0272,,,16800.0,16800.0,4786.2051,181944.0,181944.0,13.34,8.9,1.017
688528,秦川物联,电器仪表,四川,20200701,688528.SH,20250828,11.23,11.51,10.62,11.12,11.24,-0.12,-1.0676,39750.72,43796.548,2.3661,8.3053,1.41,,,3.8551,5.8285,7.2154,,,16800.0,16800.0,4786.2051,186816.0,186816.0,13.49,8.99,1.017
688528,秦川物联,电器仪表,四川,20200701,688528.SH,20250827,12.0,12.01,11.23,11.24,12.0,-0.76,-6.3333,45594.65,52937.439,2.714,9.5263,1.98,,,3.6623,5.8914,6.8581,,,16800.0,16800.0,4786.2051,188832.0,188832.0,14.4,9.6,1.017
688528,秦川物联,电器仪表,四川,20200701,688528.SH,20250826,11.72,12.12,11.59,12.0,11.73,0.27,2.3018,26230.43,31304.86,1.5613,5.4804,1.1,,,3.9099,6.2897,7.3219,,,16800.0,16800.0,4786.2051,201600.0,201600.0,14.08,9.38,1.017
688528,秦川物联,电器仪表,四川,20200701,688528.SH,20250825,11.83,11.98,11.68,11.73,11.83,-0.1,-0.8453,22206.79,26252.296,1.3218,4.6397,0.87,,,3.8219,6.1482,7.1571,,,16800.0,16800.0,4786.2051,197064.0,197064.0,14.2,9.46,1.017
688528,秦川物联,电器仪表,四川,20200701,688528.SH,20250822,11.79,11.83,11.59,11.83,11.71,0.12,1.0248,25469.01,29842.115,1.516,5.3213,1.04,,,3.8545,6.2006,7.2181,,,16800.0,16800.0,4786.2051,198744.0,198744.0,14.05,9.37,1.017
688528,秦川物联,电器仪表,四川,20200701,688528.SH,20250821,11.83,11.88,11.61,11.71,11.8,-0.09,-0.7627,21371.13,25052.044,1.2721,4.4652,0.82,,,3.8154,6.1377,7.1449,,,16800.0,16800.0,4786.2051,196728.0,196728.0,14.16,9.44,1.017
688528,秦川物联,电器仪表,四川,20200701,688528.SH,20250820,11.75,11.8,11.57,11.8,11.8,0.0,0.0,19873.65,23174.255,1.183,4.1523,0.71,,,3.8447,6.1849,7.1998,,,16800.0,16800.0,4786.2051,198240.0,198240.0,14.16,9.44,1.017
688528,秦川物联,电器仪表,四川,20200701,688528.SH,20250819,11.63,11.85,11.51,11.8,11.63,0.17,1.4617,30507.67,35656.663,1.8159,6.3741,1.06,,,3.8447,6.1849,7.1998,,,16800.0,16800.0,4786.2051,198240.0,198240.0,13.96,9.3,1.017
688528,秦川物联,电器仪表,四川,20200701,688528.SH,20250818,11.68,11.85,11.6,11.63,11.67,-0.04,-0.3428,30541.85,35811.724,1.818,6.3812,1.01,,,3.7893,6.0958,7.0961,,,16800.0,16800.0,4786.2051,195384.0,195384.0,14.0,9.34,1.017
688528,秦川物联,电器仪表,四川,20200701,688528.SH,20250815,11.67,11.85,11.63,11.67,11.66,0.01,0.0858,20155.28,23622.992,1.1997,4.2111,0.51,,,3.8024,6.1168,7.1205,,,16800.0,16800.0,4786.2051,196056.0,196056.0,13.99,9.33,1.017
688528,秦川物联,电器仪表,四川,20200701,688528.SH,20250814,12.21,12.21,11.61,11.66,11.98,-0.32,-2.6711,29929.81,35511.196,1.7815,6.2533,0.72,,,3.7991,6.1115,7.1144,,,16800.0,16800.0,4786.2051,195888.0,195888.0,14.38,9.58,1.017
688528,秦川物联,电器仪表,四川,20200701,688528.SH,20250813,12.13,12.34,11.92,11.98,12.14,-0.16,-1.318,28665.23,34528.191,1.7063,6.1866,0.69,,,3.9034,6.2793,7.3096,,,16800.0,16800.0,4633.4011,201264.0,201264.0,14.57,9.71,1.017
688528,秦川物联,电器仪表,四川,20200701,688528.SH,20250812,12.24,12.33,12.06,12.14,12.2,-0.06,-0.4918,34990.41,42517.305,2.0828,7.5518,0.87,,,3.9555,6.3631,7.4073,,,16800.0,16800.0,4633.4011,203952.0,203952.0,14.64,9.76,1.017
688528,秦川物联,电器仪表,四川,20200701,688528.SH,20250811,12.38,12.39,12.1,12.2,12.37,-0.17,-1.3743,37193.13,45277.389,2.2139,8.0272,0.96,,,3.975,6.3946,7.4439,,,16800.0,16800.0,4633.4011,204960.0,204960.0,14.84,9.9,1.017
688528,秦川物联,电器仪表,四川,20200701,688528.SH,20250808,11.88,12.68,11.78,12.37,11.85,0.52,4.3882,68536.72,84064.604,4.0796,14.7919,2.24,,,4.0304,6.4837,7.5476,,,16800.0,16800.0,4633.4011,207816.0,207816.0,14.22,9.48,1.017
688528,秦川物联,电器仪表,四川,20200701,688528.SH,20250807,11.82,12.1,11.78,11.85,11.78,0.07,0.5942,38057.62,45252.485,2.2653,6.7217,1.36,,,3.861,6.2111,7.2303,,,16800.0,16800.0,5661.896,199080.0,199080.0,14.14,9.42,1.017
688528,秦川物联,电器仪表,四川,20200701,688528.SH,20250806,11.75,11.85,11.63,11.78,11.7,0.08,0.6838,28234.3,33149.775,1.6806,4.9867,1.04,,,3.8382,6.1744,7.1876,,,16800.0,16800.0,5661.896,197904.0,197904.0,14.04,9.36,1.017
688528,秦川物联,电器仪表,四川,20200701,688528.SH,20250805,11.48,11.73,11.46,11.7,11.49,0.21,1.8277,28041.73,32503.236,1.6692,4.9527,1.08,,,3.8121,6.1325,7.1388,,,16800.0,16800.0,5661.896,196560.0,196560.0,13.79,9.19,1.017
688528,秦川物联,电器仪表,四川,20200701,688528.SH,20250804,11.35,11.49,11.12,11.49,11.28,0.21,1.8617,31200.93,35495.344,1.8572,5.5107,1.29,,,3.7437,6.0224,7.0107,,,16800.0,16800.0,5661.896,193032.0,193032.0,13.54,9.02,1.017
688528,秦川物联,电器仪表,四川,20200701,688528.SH,20250801,11.11,11.3,11.05,11.28,11.17,0.11,0.9848,27365.82,30662.476,1.6289,4.8333,1.18,,,3.6753,5.9124,6.8825,,,16800.0,16800.0,5661.896,189504.0,189504.0,13.4,8.94,1.017
688528,秦川物联,电器仪表,四川,20200701,688528.SH,20250731,11.11,11.39,11.1,11.17,11.22,-0.05,-0.4456,24861.56,27878.594,1.4799,4.391,1.11,,,3.6394,5.8547,6.8154,,,16800.0,16800.0,5661.896,187656.0,187656.0,13.46,8.98,1.017
688528,秦川物联,电器仪表,四川,20200701,688528.SH,20250730,11.27,11.28,11.1,11.22,11.23,-0.01,-0.089,23669.79,26501.394,1.4089,4.1805,1.02,,,3.6557,5.8809,6.8459,,,16800.0,16800.0,5661.896,188496.0,188496.0,13.48,8.98,1.017
688528,秦川物联,电器仪表,四川,20200701,688528.SH,20250729,11.33,11.38,11.13,11.23,11.38,-0.15,-1.3181,23162.93,25983.189,1.3787,4.091,0.93,,,3.659,5.8861,6.852,,,16800.0,16800.0,5661.896,188664.0,188664.0,13.66,9.1,1.017
688528,秦川物联,电器仪表,四川,20200701,688528.SH,20250728,11.31,11.48,11.22,11.38,11.26,0.12,1.0657,22324.41,25309.111,1.3288,3.9429,0.77,,,3.7079,5.9648,6.9436,,,16800.0,16800.0,5661.896,191184.0,191184.0,13.51,9.01,1.017
688528,秦川物联,电器仪表,四川,20200701,688528.SH,20250725,11.28,11.33,11.09,11.26,11.22,0.04,0.3565,21482.58,24028.96,1.2787,3.7942,0.67,,,3.6688,5.9019,6.8703,,,16800.0,16800.0,5661.896,189168.0,189168.0,13.46,8.98,1.017
688528,秦川物联,电器仪表,四川,20200701,688528.SH,20250724,11.17,11.3,11.11,11.22,11.14,0.08,0.7181,21604.0,24249.444,1.286,3.8157,0.59,,,3.6557,5.8809,6.8459,,,16800.0,16800.0,5661.896,188496.0,188496.0,13.37,8.91,1.017
688528,秦川物联,电器仪表,四川,20200701,688528.SH,20250723,11.22,11.25,11.05,11.14,11.25,-0.11,-0.9778,27818.61,30960.724,1.6559,4.9133,0.66,,,3.6297,5.839,6.7971,,,16800.0,16800.0,5661.896,187152.0,187152.0,13.5,9.0,1.017
688528,秦川物联,电器仪表,四川,20200701,688528.SH,20250722,11.28,11.4,11.14,11.25,11.22,0.03,0.2674,31580.82,35423.163,1.8798,5.5778,0.62,,,3.6655,5.8966,6.8642,,,16800.0,16800.0,5661.896,189000.0,189000.0,13.46,8.98,1.017
688528,秦川物联,电器仪表,四川,20200701,688528.SH,20250721,11.05,11.39,11.05,11.22,11.1,0.12,1.0811,42166.01,47548.669,2.5099,7.4473,0.7,,,3.6557,5.8809,6.8459,,,16800.0,16800.0,5661.896,188496.0,188496.0,13.32,8.88,1.017
688528,秦川物联,电器仪表,四川,20200701,688528.SH,20250718,10.99,11.18,10.96,11.1,10.91,0.19,1.7415,36046.24,39849.815,2.1456,6.3665,0.43,,,3.6166,5.818,6.7727,,,16800.0,16800.0,5661.896,186480.0,186480.0,13.09,8.73,1.017
688528,秦川物联,电器仪表,四川,20200701,688528.SH,20250717,10.9,11.11,10.84,10.91,11.01,-0.1,-0.9083,44535.24,48751.052,2.6509,7.8658,0.4,,,3.5547,5.7184,6.6568,,,16800.0,16800.0,5661.896,183288.0,183288.0,13.21,8.81,1.017
688528,秦川物联,电器仪表,四川,20200701,688528.SH,20250716,10.95,11.31,10.88,11.01,10.87,0.14,1.2879,57990.82,64482.277,3.4518,10.2423,0.48,,,3.5873,5.7708,6.7178,,,16800.0,16800.0,5661.896,184968.0,184968.0,13.04,8.7,1.017
688528,秦川物联,电器仪表,四川,20200701,688528.SH,20250715,11.32,11.32,10.76,10.87,11.31,-0.44,-3.8904,75020.26,82192.497,4.4655,13.25,0.7,,,3.5417,5.6975,6.6324,,,16800.0,16800.0,5661.896,182616.0,182616.0,13.57,9.05,1.017
688528,秦川物联,电器仪表,四川,20200701,688528.SH,20250714,11.11,11.58,11.01,11.31,11.22,0.09,0.8021,85609.95,96932.119,5.0958,15.1204,0.92,,,3.6851,5.9281,6.9008,,,16800.0,16800.0,5661.896,190008.0,190008.0,13.46,8.98,1.017
688528,秦川物联,电器仪表,四川,20200701,688528.SH,20250711,12.38,12.5,11.06,11.22,12.63,-1.41,-11.1639,152317.19,173851.525,9.0665,26.9022,2.38,,,3.6557,5.8809,6.8459,,,16800.0,16800.0,5661.896,188496.0,188496.0,15.16,10.1,1.017
688528,秦川物联,电器仪表,四川,20200701,688528.SH,20250710,13.29,13.6,12.25,12.63,12.55,0.08,0.6375,181283.48,234509.759,10.7907,32.0182,6.22,,,4.1152,6.62,7.7062,,,16800.0,16800.0,5661.896,212184.0,212184.0,15.06,10.04,1.017
688528,秦川物联,电器仪表,四川,20200701,688528.SH,20250709,10.5,12.55,10.37,12.55,10.46,2.09,19.9809,109462.0,130571.917,6.5156,19.3331,11.95,,,4.0891,6.578,7.6574,,,16800.0,16800.0,5661.896,210840.0,210840.0,12.55,8.37,1.017
688528,秦川物联,电器仪表,四川,20200701,688528.SH,20250708,10.23,10.46,10.18,10.46,10.23,0.23,2.2483,9764.15,10099.844,0.5812,1.7245,1.0,,,3.4081,5.4826,6.3822,,,16800.0,16800.0,5661.896,175728.0,175728.0,12.28,8.18,1.017
688528,秦川物联,电器仪表,四川,20200701,688528.SH,20250707,10.21,10.28,9.96,10.23,10.16,0.07,0.689,9930.56,10102.034,0.5911,1.7539,0.96,,,3.3332,5.362,6.2419,,,16800.0,16800.0,5661.896,171864.0,171864.0,12.19,8.13,1.017
688528,秦川物联,电器仪表,四川,20200701,688528.SH,20250704,10.44,10.44,10.12,10.16,10.35,-0.19,-1.8357,9278.86,9469.528,0.5523,1.6388,0.92,,,3.3104,5.3253,6.1992,,,16800.0,16800.0,5661.896,170688.0,170688.0,12.42,8.28,1.017
688528,秦川物联,电器仪表,四川,20200701,688528.SH,20250703,10.33,10.4,10.23,10.35,10.33,0.02,0.1936,7183.38,7423.109,0.4276,1.2687,0.68,,,3.3723,5.4249,6.3151,,,16800.0,16800.0,5661.896,173880.0,173880.0,12.4,8.26,1.017
688528,秦川物联,电器仪表,四川,20200701,688528.SH,20250702,10.42,10.45,10.22,10.33,10.37,-0.04,-0.3857,9634.01,9930.125,0.5735,1.7016,0.87,,,3.3658,5.4144,6.3029,,,16800.0,16800.0,5661.896,173544.0,173544.0,12.44,8.3,1.017
688528,秦川物联,电器仪表,四川,20200701,688528.SH,20250701,10.38,10.47,10.28,10.37,10.36,0.01,0.0965,12853.72,13327.842,0.7651,2.2702,1.11,,,3.3788,5.4354,6.3273,,,16800.0,16800.0,5661.896,174216.0,174216.0,12.43,8.29,1.017
688528,秦川物联,电器仪表,四川,20200701,688528.SH,20250630,10.2,10.37,10.11,10.36,10.11,0.25,2.4728,12708.72,13057.63,0.7565,2.2446,1.11,,,3.3755,5.4301,6.3212,,,16800.0,16800.0,5661.896,174048.0,174048.0,12.13,8.09,1.017
688528,秦川物联,电器仪表,四川,20200701,688528.SH,20250627,10.1,10.19,9.99,10.11,10.04,0.07,0.6972,8249.24,8346.787,0.491,1.457,0.72,,,3.2941,5.2991,6.1687,,,16800.0,16800.0,5661.896,169848.0,169848.0,12.05,8.03,1.017
688528,秦川物联,电器仪表,四川,20200701,688528.SH,20250626,10.1,10.14,9.95,10.04,10.12,-0.08,-0.7905,9730.26,9776.044,0.5792,1.7186,0.77,,,3.2713,5.2624,6.1259,,,16800.0,16800.0,5661.896,168672.0,168672.0,12.14,8.1,1.017
688528,秦川物联,电器仪表,四川,20200701,688528.SH,20250625,10.19,10.22,10.02,10.12,10.14,-0.02,-0.1972,11681.49,11791.439,0.6953,2.0632,0.92,,,3.2973,5.3043,6.1748,,,16800.0,16800.0,5661.896,170016.0,170016.0,12.17,8.11,1.017
688528,秦川物联,电器仪表,四川,20200701,688528.SH,20250624,9.85,10.16,9.8,10.14,9.8,0.34,3.4694,15694.25,15736.922,0.9342,2.7719,1.35,,,3.3039,5.3148,6.187,,,16800.0,16800.0,5661.896,170352.0,170352.0,11.76,7.84,1.017
688528,秦川物联,电器仪表,四川,20200701,688528.SH,20250623,9.55,9.8,9.33,9.8,9.52,0.28,2.9412,11642.74,11272.507,0.693,2.0563,0.91,,,3.1931,5.1366,5.9795,,,16800.0,16800.0,5661.896,164640.0,164640.0,11.42,7.62,1.017
688528,秦川物联,电器仪表,四川,20200701,688528.SH,20250620,9.54,9.72,9.46,9.52,9.57,-0.05,-0.5225,8617.96,8259.779,0.513,1.5221,0.69,,,3.1018,4.9899,5.8087,,,16800.0,16800.0,5661.896,159936.0,159936.0,11.48,7.66,1.017
688528,秦川物联,电器仪表,四川,20200701,688528.SH,20250619,9.87,9.95,9.48,9.57,9.83,-0.26,-2.645,15216.43,14720.555,0.9057,2.6875,1.42,,,3.1181,5.0161,5.8392,,,16800.0,16800.0,5661.896,160776.0,160776.0,11.8,7.86,1.017
688528,秦川物联,电器仪表,四川,20200701,688528.SH,20250618,9.83,9.88,9.71,9.83,9.82,0.01,0.1018,12153.69,11894.578,0.7234,2.1466,1.26,,,3.2028,5.1523,5.9978,,,16800.0,16800.0,5661.896,165144.0,165144.0,11.78,7.86,1.017
688528,秦川物联,电器仪表,四川,20200701,688528.SH,20250617,9.8,9.91,9.73,9.82,9.79,0.03,0.3064,10445.92,10244.213,0.6218,1.845,1.08,,,3.1996,5.1471,5.9917,,,16800.0,16800.0,5661.896,164976.0,164976.0,11.75,7.83,1.017
688528,秦川物联,电器仪表,四川,20200701,688528.SH,20250616,9.68,10.04,9.61,9.79,9.62,0.17,1.7672,17571.38,17337.777,1.0459,3.1034,2.26,,,3.1898,5.1314,5.9734,,,16800.0,16800.0,5661.896,164472.0,164472.0,11.54,7.7,1.017
688528,秦川物联,电器仪表,四川,20200701,688528.SH,20250613,9.81,9.81,9.56,9.62,9.76,-0.14,-1.4344,7218.66,6956.517,0.4297,1.275,0.86,,,3.1344,5.0423,5.8697,,,16800.0,16800.0,5661.896,161616.0,161616.0,11.71,7.81,1.017
688528,秦川物联,电器仪表,四川,20200701,688528.SH,20250612,9.71,9.77,9.65,9.76,9.75,0.01,0.1026,6179.13,6001.014,0.3678,1.0914,0.73,,,3.18,5.1157,5.9551,,,16800.0,16800.0,5661.896,163968.0,163968.0,11.7,7.8,1.017
688528,秦川物联,电器仪表,四川,20200701,688528.SH,20250611,9.72,9.82,9.71,9.75,9.68,0.07,0.7231,6978.04,6820.493,0.4154,1.2325,0.77,,,3.1768,5.1104,5.949,,,16800.0,16800.0,5661.896,163800.0,163800.0,11.62,7.74,1.017
688528,秦川物联,电器仪表,四川,20200701,688528.SH,20250610,9.85,9.86,9.58,9.68,9.79,-0.11,-1.1236,10351.32,10056.008,0.6162,1.8282,1.15,,,3.154,5.0737,5.9063,,,16800.0,16800.0,5661.896,162624.0,162624.0,11.75,7.83,1.017
688528,秦川物联,电器仪表,四川,20200701,688528.SH,20250609,9.77,9.82,9.64,9.79,9.75,0.04,0.4103,8137.11,7932.52,0.4844,1.4372,0.95,,,3.1898,5.1314,5.9734,,,16800.0,16800.0,5661.896,164472.0,164472.0,11.7,7.8,1.017
688528,秦川物联,电器仪表,四川,20200701,688528.SH,20250606,9.61,9.78,9.47,9.75,9.59,0.16,1.6684,10482.31,10121.119,0.6239,1.8514,1.16,,,3.1768,5.1104,5.949,,,16800.0,16800.0,5661.896,163800.0,163800.0,11.51,7.67,1.017
688528,秦川物联,电器仪表,四川,20200701,688528.SH,20250605,9.55,9.62,9.45,9.59,9.51,0.08,0.8412,6155.77,5874.813,0.3664,1.0872,0.63,,,3.1246,5.0266,5.8514,,,16800.0,16800.0,5661.896,161112.0,161112.0,11.41,7.61,1.017
688528,秦川物联,电器仪表,四川,20200701,688528.SH,20250604,9.72,9.72,9.48,9.51,9.64,-0.13,-1.3485,9940.66,9514.521,0.5917,1.7557,1.09,,,3.0986,4.9846,5.8026,,,16800.0,16800.0,5661.896,159768.0,159768.0,11.57,7.71,1.017
688528,秦川物联,电器仪表,四川,20200701,688528.SH,20250603,9.65,9.77,9.55,9.64,9.59,0.05,0.5214,10262.15,9918.66,0.6108,1.8125,1.17,,,3.1409,5.0528,5.8819,,,16800.0,16800.0,5661.896,161952.0,161952.0,11.51,7.67,1.017
688528,秦川物联,电器仪表,四川,20200701,688528.SH,20250530,9.72,9.72,9.43,9.59,9.69,-0.1,-1.032,6184.74,5892.532,0.3681,1.0923,0.63,,,3.1246,5.0266,5.8514,,,16800.0,16800.0,5661.896,161112.0,161112.0,11.63,7.75,1.017
688528,秦川物联,电器仪表,四川,20200701,688528.SH,20250529,9.38,9.72,9.38,9.69,9.39,0.3,3.1949,12464.23,12005.18,0.7419,2.2014,1.26,,,3.1572,5.079,5.9124,,,16800.0,16800.0,5661.896,162792.0,162792.0,11.27,7.51,1.017
688528,秦川物联,电器仪表,四川,20200701,688528.SH,20250528,9.43,9.63,9.35,9.39,9.53,-0.14,-1.469,10230.53,9657.553,0.609,1.8069,1.05,,,3.0595,4.9217,5.7293,,,16800.0,16800.0,5661.896,157752.0,157752.0,11.44,7.62,1.017
688528,秦川物联,电器仪表,四川,20200701,688528.SH,20250527,9.57,9.58,9.43,9.53,9.57,-0.04,-0.418,6361.3,6037.319,0.3786,1.1235,0.62,,,3.1051,4.9951,5.8148,,,16800.0,16800.0,5661.896,160104.0,160104.0,11.48,7.66,1.017
688528,秦川物联,电器仪表,四川,20200701,688528.SH,20250526,9.43,9.58,9.39,9.57,9.43,0.14,1.4846,8722.79,8286.376,0.5192,1.5406,0.84,,,3.1181,5.0161,5.8392,,,16800.0,16800.0,5661.896,160776.0,160776.0,11.32,7.54,1.017
688528,秦川物联,电器仪表,四川,20200701,688528.SH,20250523,9.44,9.65,9.35,9.43,9.51,-0.08,-0.8412,10968.21,10432.611,0.6529,1.9372,1.04,,,3.0725,4.9427,5.7538,,,16800.0,16800.0,5661.896,158424.0,158424.0,11.41,7.61,1.017
688528,秦川物联,电器仪表,四川,20200701,688528.SH,20250522,9.55,9.82,9.43,9.51,9.63,-0.12,-1.2461,13166.05,12624.328,0.7837,2.3254,1.37,,,3.0986,4.9846,5.8026,,,16800.0,16800.0,5661.896,159768.0,159768.0,11.56,7.7,1.017
688528,秦川物联,电器仪表,四川,20200701,688528.SH,20250521,9.86,9.86,9.51,9.63,9.85,-0.22,-2.2335,9506.41,9135.872,0.5659,1.679,0.93,,,3.1377,5.0475,5.8758,,,16800.0,16800.0,5661.896,161784.0,161784.0,11.82,7.88,1.017
688528,秦川物联,电器仪表,四川,20200701,688528.SH,20250520,9.64,9.86,9.54,9.85,9.67,0.18,1.8614,9050.0,8791.971,0.5387,1.5984,0.88,,,3.2094,5.1628,6.01,,,16800.0,16800.0,5661.896,165480.0,165480.0,11.6,7.74,1.017
688528,秦川物联,电器仪表,四川,20200701,688528.SH,20250519,9.64,9.7,9.41,9.67,9.5,0.17,1.7895,9214.36,8838.129,0.5485,1.6274,0.8,,,3.1507,5.0685,5.9002,,,16800.0,16800.0,5661.896,162456.0,162456.0,11.4,7.6,1.017
688528,秦川物联,电器仪表,四川,20200701,688528.SH,20250516,9.44,9.62,9.37,9.5,9.39,0.11,1.1715,11650.09,11128.755,0.6935,2.0576,1.0,,,3.0953,4.9794,5.7965,,,16800.0,16800.0,5661.896,159600.0,159600.0,11.27,7.51,1.017
688528,秦川物联,电器仪表,四川,20200701,688528.SH,20250515,9.44,9.53,9.28,9.39,9.43,-0.04,-0.4242,8634.18,8126.767,0.5139,1.525,0.73,,,3.0595,4.9217,5.7293,,,16800.0,16800.0,5661.896,157752.0,157752.0,11.32,7.54,1.017
688528,秦川物联,电器仪表,四川,20200701,688528.SH,20250514,9.68,9.68,9.4,9.43,9.6,-0.17,-1.7708,12511.35,11860.0,0.7447,2.2097,1.09,,,3.0725,4.9427,5.7538,,,16800.0,16800.0,5661.896,158424.0,158424.0,11.52,7.68,1.017
688528,秦川物联,电器仪表,四川,20200701,688528.SH,20250513,9.83,9.83,9.57,9.6,9.74,-0.14,-1.4374,9179.83,8848.355,0.5464,1.6213,0.74,,,3.1279,5.0318,5.8575,,,16800.0,16800.0,5661.896,161280.0,161280.0,11.69,7.79,1.017
688528,秦川物联,电器仪表,四川,20200701,688528.SH,20250512,9.6,9.79,9.43,9.74,9.43,0.31,3.2874,15793.53,15253.657,0.9401,2.7894,1.4,,,3.1735,5.1052,5.9429,,,16800.0,16800.0,5661.896,163632.0,163632.0,11.32,7.54,1.017
688528,秦川物联,电器仪表,四川,20200701,688528.SH,20250509,9.6,9.6,9.42,9.43,9.58,-0.15,-1.5658,11945.3,11329.517,0.711,2.1098,1.07,,,3.0725,4.9427,5.7538,,,16800.0,16800.0,5661.896,158424.0,158424.0,11.5,7.66,1.017
688528,秦川物联,电器仪表,四川,20200701,688528.SH,20250508,9.44,9.59,9.31,9.58,9.37,0.21,2.2412,9948.33,9473.236,0.5922,1.7571,0.88,,,3.1214,5.0213,5.8453,,,16800.0,16800.0,5661.896,160944.0,160944.0,11.24,7.5,1.017
688528,秦川物联,电器仪表,四川,20200701,688528.SH,20250507,9.38,9.52,9.3,9.37,9.27,0.1,1.0787,10744.69,10139.119,0.6396,1.8977,0.96,,,3.053,4.9112,5.7171,,,16800.0,16800.0,5661.896,157416.0,157416.0,11.12,7.42,1.017
688528,秦川物联,电器仪表,四川,20200701,688528.SH,20250506,9.08,9.35,9.0,9.27,9.05,0.22,2.4309,13841.91,12771.523,0.8239,2.4447,1.32,,,3.0204,4.8588,5.6561,,,16800.0,16800.0,5661.896,155736.0,155736.0,10.86,7.24,1.017
688528,秦川物联,电器仪表,四川,20200701,688528.SH,20250430,8.81,9.1,8.81,9.05,8.83,0.22,2.4915,10035.44,9037.378,0.5973,1.7725,0.95,,,2.9487,4.7435,5.5219,,,16800.0,16800.0,5661.896,152040.0,152040.0,10.6,7.06,1.017
688528,秦川物联,电器仪表,四川,20200701,688528.SH,20250429,8.51,8.83,8.51,8.83,8.58,0.25,2.9138,11378.21,9979.856,0.6773,1.7024,1.14,,,2.877,4.6282,5.3877,,,16800.0,16800.0,6683.4719,148344.0,148344.0,10.3,6.86,1.017
688528,秦川物联,电器仪表,四川,20200701,688528.SH,20250428,8.86,8.86,8.54,8.58,8.75,-0.17,-1.9429,10321.42,8887.147,0.6144,1.5443,1.13,,,2.6392,4.4079,4.4972,,,16800.0,16800.0,6683.4719,144144.0,144144.0,10.5,7.0,1.017
688528,秦川物联,电器仪表,四川,20200701,688528.SH,20250425,8.66,8.92,8.5,8.75,8.69,0.06,0.6904,10304.04,8974.582,0.6133,1.5417,1.2,,,2.6915,4.4952,4.5863,,,16800.0,16800.0,6683.4719,147000.0,147000.0,10.43,6.95,1.017
688528,秦川物联,电器仪表,四川,20200701,688528.SH,20250424,8.76,8.83,8.53,8.69,8.75,-0.06,-0.6857,10464.36,9083.715,0.6229,1.5657,1.26,,,2.673,4.4644,4.5548,,,16800.0,16800.0,6683.4719,145992.0,145992.0,10.5,7.0,1.017
688528,秦川物联,电器仪表,四川,20200701,688528.SH,20250423,8.8,8.8,8.62,8.75,8.54,0.21,2.459,10520.26,9145.222,0.6262,1.5741,1.28,,,2.6915,4.4952,4.5863,,,16800.0,16800.0,6683.4719,147000.0,147000.0,10.25,6.83,1.017
688528,秦川物联,电器仪表,四川,20200701,688528.SH,20250422,8.68,8.68,8.42,8.54,8.51,0.03,0.3525,8425.47,7172.275,0.5015,1.2606,1.02,,,2.6269,4.3873,4.4762,,,16800.0,16800.0,6683.4719,143472.0,143472.0,10.21,6.81,1.017
688528,秦川物联,电器仪表,四川,20200701,688528.SH,20250421,8.56,8.64,8.41,8.51,8.58,-0.07,-0.8159,6010.93,5137.626,0.3578,0.8994,0.7,,,2.6176,4.3719,4.4605,,,16800.0,16800.0,6683.4719,142968.0,142968.0,10.3,6.86,1.017
688528,秦川物联,电器仪表,四川,20200701,688528.SH,20250418,8.52,8.6,8.3,8.58,8.51,0.07,0.8226,7385.13,6243.326,0.4396,1.105,0.84,,,2.6392,4.4079,4.4972,,,16800.0,16800.0,6683.4719,144144.0,144144.0,10.21,6.81,1.017
688528,秦川物联,电器仪表,四川,20200701,688528.SH,20250417,8.27,8.58,8.22,8.51,8.28,0.23,2.7778,9117.99,7747.448,0.5427,1.3643,0.99,,,2.6176,4.3719,4.4605,,,16800.0,16800.0,6683.4719,142968.0,142968.0,9.94,6.62,1.017
688528,秦川物联,电器仪表,四川,20200701,688528.SH,20250416,8.53,8.6,8.1,8.28,8.53,-0.25,-2.9308,10047.7,8334.626,0.5981,1.5034,1.06,,,2.5469,4.2538,4.3399,,,16800.0,16800.0,6683.4719,139104.0,139104.0,10.24,6.82,1.017
688528,秦川物联,电器仪表,四川,20200701,688528.SH,20250415,8.5,8.62,8.36,8.53,8.51,0.02,0.235,8872.02,7527.108,0.5281,1.3275,0.89,,,2.6238,4.3822,4.471,,,16800.0,16800.0,6683.4719,143304.0,143304.0,10.21,6.81,1.017
688528,秦川物联,电器仪表,四川,20200701,688528.SH,20250414,8.62,8.74,8.51,8.51,8.5,0.01,0.1176,7559.91,6516.127,0.45,1.1311,0.64,,,2.6176,4.3719,4.4605,,,16800.0,16800.0,6683.4719,142968.0,142968.0,10.2,6.8,1.017
688528,秦川物联,电器仪表,四川,20200701,688528.SH,20250411,8.38,8.58,8.28,8.5,8.4,0.1,1.1905,8176.52,6936.085,0.4867,1.2234,0.7,,,2.6146,4.3668,4.4552,,,16800.0,16800.0,6683.4719,142800.0,142800.0,10.08,6.72,1.017
688528,秦川物联,电器仪表,四川,20200701,688528.SH,20250410,8.45,8.56,8.28,8.4,8.18,0.22,2.6895,11269.7,9538.461,0.6708,1.6862,1.06,,,2.5838,4.3154,4.4028,,,16800.0,16800.0,6683.4719,141120.0,141120.0,9.82,6.54,1.017
688528,秦川物联,电器仪表,四川,20200701,688528.SH,20250409,7.84,8.26,7.31,8.18,7.97,0.21,2.6349,11690.37,9160.384,0.6959,1.7491,1.13,,,2.5161,4.2024,4.2875,,,16800.0,16800.0,6683.4719,137424.0,137424.0,9.56,6.38,1.017
688528,秦川物联,电器仪表,四川,20200701,688528.SH,20250408,7.8,8.2,7.67,7.97,7.56,0.41,5.4233,11316.92,8976.435,0.6736,1.6933,1.08,,,2.4515,4.0945,4.1774,,,16800.0,16800.0,6683.4719,133896.0,133896.0,9.07,6.05,1.017
688528,秦川物联,电器仪表,四川,20200701,688528.SH,20250407,8.68,8.68,7.5,7.56,9.05,-1.49,-16.4641,16890.24,13651.563,1.0054,2.5272,1.84,,,2.3254,3.8839,3.9625,,,16800.0,16800.0,6683.4719,127008.0,127008.0,10.86,7.24,1.017
688528,秦川物联,电器仪表,四川,20200701,688528.SH,20250403,9.11,9.25,8.95,9.05,9.16,-0.11,-1.2009,7077.49,6411.258,0.4213,1.059,0.76,,,2.7837,4.6493,4.7435,,,16800.0,16800.0,6683.4719,152040.0,152040.0,10.99,7.33,1.017
688528,秦川物联,电器仪表,四川,20200701,688528.SH,20250402,9.21,9.28,9.03,9.16,9.11,0.05,0.5488,6374.49,5853.478,0.3794,0.9538,0.61,,,2.8176,4.7059,4.8012,,,16800.0,16800.0,6683.4719,153888.0,153888.0,10.93,7.29,1.017
688528,秦川物联,电器仪表,四川,20200701,688528.SH,20250401,8.93,9.22,8.9,9.11,8.94,0.17,1.9016,10025.07,9178.069,0.5967,1.5,0.96,,,2.8022,4.6802,4.775,,,16800.0,16800.0,6683.4719,153048.0,153048.0,10.73,7.15,1.017
688528,秦川物联,电器仪表,四川,20200701,688528.SH,20250331,8.78,8.99,8.68,8.94,8.9,0.04,0.4494,12093.39,10676.187,0.7198,1.8094,1.02,,,2.7499,4.5928,4.6859,,,16800.0,16800.0,6683.4719,150192.0,150192.0,10.68,7.12,1.017
688528,秦川物联,电器仪表,四川,20200701,688528.SH,20250328,9.08,9.22,8.85,8.9,9.07,-0.17,-1.8743,10235.68,9167.091,0.6093,1.5315,0.81,,,2.7376,4.5723,4.6649,,,16800.0,16800.0,6683.4719,149520.0,149520.0,10.88,7.26,1.017
688528,秦川物联,电器仪表,四川,20200701,688528.SH,20250327,9.23,9.24,8.91,9.07,9.23,-0.16,-1.7335,8021.61,7284.478,0.4775,1.2002,0.57,,,2.7899,4.6596,4.754,,,16800.0,16800.0,6683.4719,152376.0,152376.0,11.08,7.38,1.017
688528,秦川物联,电器仪表,四川,20200701,688528.SH,20250326,8.95,9.32,8.86,9.23,9.03,0.2,2.2148,12124.89,11184.989,0.7217,1.8142,0.89,,,2.8391,4.7418,4.8379,,,16800.0,16800.0,6683.4719,155064.0,155064.0,10.84,7.22,1.017
688528,秦川物联,电器仪表,四川,20200701,688528.SH,20250325,9.01,9.11,8.86,9.03,9.11,-0.08,-0.8782,9619.86,8647.252,0.5726,1.6991,0.69,,,2.7776,4.6391,4.733,,,16800.0,16800.0,5661.896,151704.0,151704.0,10.93,7.29,1.017
688528,秦川物联,电器仪表,四川,20200701,688528.SH,20250324,9.42,9.46,8.82,9.11,9.42,-0.31,-3.2909,19184.5,17493.616,1.1419,3.3884,1.6,,,2.8022,4.6802,4.775,,,16800.0,16800.0,5661.896,153048.0,153048.0,11.3,7.54,1.017
688528,秦川物联,电器仪表,四川,20200701,688528.SH,20250321,9.66,9.67,9.4,9.42,9.69,-0.27,-2.7864,13952.65,13241.27,0.8305,2.4643,1.12,,,2.8975,4.8394,4.9374,,,16800.0,16800.0,5661.896,158256.0,158256.0,11.63,7.75,1.017
688528,秦川物联,电器仪表,四川,20200701,688528.SH,20250320,9.71,9.85,9.53,9.69,9.67,0.02,0.2068,15097.05,14616.314,0.8986,2.6664,1.25,,,2.9806,4.9781,5.079,,,16800.0,16800.0,5661.896,162792.0,162792.0,11.6,7.74,1.017
688528,秦川物联,电器仪表,四川,20200701,688528.SH,20250319,9.82,9.83,9.61,9.67,9.8,-0.13,-1.3265,10159.78,9836.935,0.6047,1.7944,0.8,,,2.9744,4.9679,5.0685,,,16800.0,16800.0,5661.896,162456.0,162456.0,11.76,7.84,1.017
688528,秦川物联,电器仪表,四川,20200701,688528.SH,20250318,9.78,9.87,9.72,9.8,9.72,0.08,0.823,11152.79,10943.711,0.6639,1.9698,0.88,,,3.0144,5.0346,5.1366,,,16800.0,16800.0,5661.896,164640.0,164640.0,11.66,7.78,1.017
688528,秦川物联,电器仪表,四川,20200701,688528.SH,20250317,9.85,9.97,9.68,9.72,9.8,-0.08,-0.8163,9623.58,9405.501,0.5728,1.6997,0.64,,,2.9898,4.9935,5.0947,,,16800.0,16800.0,5661.896,163296.0,163296.0,11.76,7.84,1.017
688528,秦川物联,电器仪表,四川,20200701,688528.SH,20250314,9.63,9.82,9.43,9.8,9.58,0.22,2.2965,16195.41,15645.766,0.964,2.8604,0.87,,,3.0144,5.0346,5.1366,,,16800.0,16800.0,5661.896,164640.0,164640.0,11.5,7.66,1.017
688528,秦川物联,电器仪表,四川,20200701,688528.SH,20250313,9.73,9.78,9.41,9.58,9.7,-0.12,-1.2371,13184.17,12580.947,0.7848,2.3286,0.65,,,2.9468,4.9216,5.0213,,,16800.0,16800.0,5661.896,160944.0,160944.0,11.64,7.76,1.017
688528,秦川物联,电器仪表,四川,20200701,688528.SH,20250312,9.82,9.87,9.68,9.7,9.83,-0.13,-1.3225,13107.06,12788.265,0.7802,2.315,0.66,,,2.9837,4.9833,5.0842,,,16800.0,16800.0,5661.896,162960.0,162960.0,11.8,7.86,1.017
688528,秦川物联,电器仪表,四川,20200701,688528.SH,20250311,9.67,9.84,9.59,9.83,9.81,0.02,0.2039,11520.75,11207.853,0.6858,2.0348,0.59,,,3.0237,5.0501,5.1523,,,16800.0,16800.0,5661.896,165144.0,165144.0,11.77,7.85,1.017
688528,秦川物联,电器仪表,四川,20200701,688528.SH,20250310,9.79,9.97,9.75,9.81,9.9,-0.09,-0.9091,20949.66,20591.226,1.247,3.7001,1.17,,,3.0175,5.0398,5.1419,,,16800.0,16800.0,5661.896,164808.0,164808.0,11.88,7.92,1.017
688528,秦川物联,电器仪表,四川,20200701,688528.SH,20250307,9.83,10.0,9.57,9.9,9.83,0.07,0.7121,34246.23,33474.375,2.0385,6.0485,2.58,,,3.0452,5.086,5.189,,,16800.0,16800.0,5661.896,166320.0,166320.0,11.8,7.86,1.017
688528,秦川物联,电器仪表,四川,20200701,688528.SH,20250306,9.48,9.83,9.36,9.83,9.44,0.39,4.1314,21659.57,20917.363,1.2893,3.8255,1.95,,,3.0237,5.0501,5.1523,,,16800.0,16800.0,5661.896,165144.0,165144.0,11.33,7.55,1.017
688528,秦川物联,电器仪表,四川,20200701,688528.SH,20250305,9.29,9.58,9.29,9.44,9.54,-0.1,-1.0482,11602.84,10912.688,0.6906,2.0493,1.04,,,2.9037,4.8497,4.9479,,,16800.0,16800.0,5661.896,158592.0,158592.0,11.45,7.63,1.017
688528,秦川物联,电器仪表,四川,20200701,688528.SH,20250304,9.25,9.55,9.23,9.54,9.3,0.24,2.5806,9094.07,8578.933,0.5413,1.6062,0.78,,,2.9345,4.9011,5.0003,,,16800.0,16800.0,5661.896,160272.0,160272.0,11.16,7.44,1.017
688528,秦川物联,电器仪表,四川,20200701,688528.SH,20250303,9.24,9.65,9.24,9.3,9.29,0.01,0.1076,13050.24,12307.4,0.7768,2.3049,1.08,,,2.8606,4.7778,4.8745,,,16800.0,16800.0,5661.896,156240.0,156240.0,11.15,7.43,1.017
688528,秦川物联,电器仪表,四川,20200701,688528.SH,20250228,9.61,9.65,9.27,9.29,9.62,-0.33,-3.4304,10844.0,10169.083,0.6455,1.9153,0.87,,,2.8576,4.7726,4.8693,,,16800.0,16800.0,5661.896,156072.0,156072.0,11.54,7.7,1.017
688528,秦川物联,电器仪表,四川,20200701,688528.SH,20250227,9.63,9.75,9.4,9.62,9.65,-0.03,-0.3109,10814.29,10314.833,0.6437,1.91,0.87,,,2.8415,4.9422,4.4174,,,16800.0,16800.0,5661.896,161616.0,161616.0,11.58,7.72,1.017
688528,秦川物联,电器仪表,四川,20200701,688528.SH,20250226,9.6,9.82,9.5,9.65,9.55,0.1,1.0471,11749.22,11340.059,0.6994,2.0751,0.96,,,2.8503,4.9576,4.4312,,,16800.0,16800.0,5661.896,162120.0,162120.0,11.46,7.64,1.017
688528,秦川物联,电器仪表,四川,20200701,688528.SH,20250225,9.54,9.56,9.4,9.55,9.49,0.06,0.6322,11481.44,10876.803,0.6834,2.0278,0.96,,,2.8208,4.9062,4.3853,,,16800.0,16800.0,5661.896,160440.0,160440.0,11.39,7.59,1.017
688528,秦川物联,电器仪表,四川,20200701,688528.SH,20250224,9.54,9.64,9.27,9.49,9.48,0.01,0.1055,15386.18,14595.57,0.9158,2.7175,1.33,,,2.8031,4.8754,4.3577,,,16800.0,16800.0,5661.896,159432.0,159432.0,11.38,7.58,1.017
688528,秦川物联,电器仪表,四川,20200701,688528.SH,20250221,9.46,9.51,9.29,9.48,9.46,0.02,0.2114,12853.38,12109.803,0.7651,2.2702,1.18,,,2.8001,4.8702,4.3532,,,16800.0,16800.0,5661.896,159264.0,159264.0,11.35,7.57,1.017
688528,秦川物联,电器仪表,四川,20200701,688528.SH,20250220,9.28,9.51,9.28,9.46,9.31,0.15,1.6112,10537.02,9920.285,0.6272,1.861,0.97,,,2.7942,4.86,4.344,,,16800.0,16800.0,5661.896,158928.0,158928.0,11.17,7.45,1.017
688528,秦川物联,电器仪表,四川,20200701,688528.SH,20250219,9.02,9.32,9.01,9.31,9.02,0.29,3.2151,10774.0,9966.66,0.6413,1.9029,1.02,,,2.7499,4.7829,4.2751,,,16800.0,16800.0,5661.896,156408.0,156408.0,10.82,7.22,1.017
688528,秦川物联,电器仪表,四川,20200701,688528.SH,20250218,9.39,9.45,8.94,9.02,9.36,-0.34,-3.6325,10472.87,9580.575,0.6234,1.8497,0.98,,,2.6643,4.6339,4.1419,,,16800.0,16800.0,5661.896,151536.0,151536.0,11.23,7.49,1.017
688528,秦川物联,电器仪表,四川,20200701,688528.SH,20250217,9.12,9.43,9.12,9.36,9.07,0.29,3.1974,13009.44,12139.471,0.7744,2.2977,1.18,,,2.7647,4.8086,4.298,,,16800.0,16800.0,5661.896,157248.0,157248.0,10.88,7.26,1.017
688528,秦川物联,电器仪表,四川,20200701,688528.SH,20250214,9.08,9.27,9.0,9.07,9.11,-0.04,-0.4391,9742.78,8923.666,0.5799,1.7208,0.85,,,2.679,4.6596,4.1649,,,16800.0,16800.0,5661.896,152376.0,152376.0,10.93,7.29,1.017
688528,秦川物联,电器仪表,四川,20200701,688528.SH,20250213,9.26,9.4,9.08,9.11,9.32,-0.21,-2.2532,10211.43,9381.514,0.6078,1.8035,0.87,,,2.6908,4.6802,4.1832,,,16800.0,16800.0,5661.896,153048.0,153048.0,11.18,7.46,1.017
688528,秦川物联,电器仪表,四川,20200701,688528.SH,20250212,9.25,9.41,9.2,9.32,9.25,0.07,0.7568,9405.66,8738.298,0.5599,1.6612,0.77,,,2.7529,4.788,4.2797,,,16800.0,16800.0,5661.896,156576.0,156576.0,11.1,7.4,1.017
688528,秦川物联,电器仪表,四川,20200701,688528.SH,20250211,9.43,9.44,9.19,9.25,9.38,-0.13,-1.3859,11034.39,10220.389,0.6568,1.9489,0.86,,,2.7322,4.7521,4.2475,,,16800.0,16800.0,5661.896,155400.0,155400.0,11.26,7.5,1.017
688528,秦川物联,电器仪表,四川,20200701,688528.SH,20250210,9.08,9.43,9.08,9.38,9.07,0.31,3.4179,14930.76,13818.729,0.8887,2.6371,1.2,,,2.7706,4.8189,4.3072,,,16800.0,16800.0,5661.896,157584.0,157584.0,10.88,7.26,1.017
688528,秦川物联,电器仪表,四川,20200701,688528.SH,20250207,9.18,9.32,8.98,9.07,9.11,-0.04,-0.4391,11947.29,10940.672,0.7111,2.1101,0.91,,,2.679,4.6596,4.1649,,,16800.0,16800.0,5661.896,152376.0,152376.0,10.93,7.29,1.017
688528,秦川物联,电器仪表,四川,20200701,688528.SH,20250206,9.02,9.19,8.9,9.11,9.01,0.1,1.1099,11271.27,10236.593,0.6709,1.9907,0.76,,,2.6908,4.6802,4.1832,,,16800.0,16800.0,5661.896,153048.0,153048.0,10.81,7.21,1.017
688528,秦川物联,电器仪表,四川,20200701,688528.SH,20250205,8.84,9.07,8.77,9.01,8.76,0.25,2.8539,12087.09,10845.385,0.7195,2.1348,0.78,,,2.6613,4.6288,4.1373,,,16800.0,16800.0,5661.896,151368.0,151368.0,10.51,7.01,1.017
688528,秦川物联,电器仪表,四川,20200701,688528.SH,20250127,8.83,9.04,8.7,8.76,8.86,-0.1,-1.1287,13822.13,12257.02,0.8227,2.4413,0.89,,,2.5875,4.5004,4.0225,,,16800.0,16800.0,5661.896,147168.0,147168.0,10.63,7.09,1.017
688528,秦川物联,电器仪表,四川,20200701,688528.SH,20250124,8.68,8.9,8.58,8.86,8.68,0.18,2.0737,12950.61,11292.671,0.7709,2.2873,0.9,,,2.617,4.5517,4.0685,,,16800.0,16800.0,5661.896,148848.0,148848.0,10.42,6.94,1.017
688528,秦川物联,电器仪表,四川,20200701,688528.SH,20250123,8.83,8.95,8.64,8.68,8.82,-0.14,-1.5873,15500.3,13618.647,0.9226,2.7377,1.09,,,2.5638,4.4593,3.9858,,,16800.0,16800.0,5661.896,145824.0,145824.0,10.58,7.06,1.017
688528,秦川物联,电器仪表,四川,20200701,688528.SH,20250122,8.94,8.95,8.7,8.82,8.98,-0.16,-1.7817,19677.91,17314.481,1.1713,3.4755,1.67,,,2.6052,4.5312,4.0501,,,16800.0,16800.0,5661.896,148176.0,148176.0,10.78,7.18,1.017
688528,秦川物联,电器仪表,四川,20200701,688528.SH,20250121,8.89,9.03,8.69,8.98,8.85,0.13,1.4689,15441.73,13687.856,0.9192,2.7273,1.28,,,2.6524,4.6134,4.1236,,,16800.0,16800.0,5661.896,150864.0,150864.0,10.62,7.08,1.017
688528,秦川物联,电器仪表,四川,20200701,688528.SH,20250120,8.54,8.9,8.5,8.85,8.6,0.25,2.907,13767.42,12055.962,0.8195,2.4316,1.26,,,2.614,4.5466,4.0639,,,16800.0,16800.0,5661.896,148680.0,148680.0,10.32,6.88,1.017
688528,秦川物联,电器仪表,四川,20200701,688528.SH,20250117,8.64,8.7,8.42,8.6,8.6,0.0,0.0,7799.78,6669.346,0.4643,1.3776,0.69,,,2.5402,4.4182,3.9491,,,16800.0,16800.0,5661.896,144480.0,144480.0,10.32,6.88,1.017
688528,秦川物联,电器仪表,四川,20200701,688528.SH,20250116,8.68,8.99,8.55,8.6,8.67,-0.07,-0.8074,14174.89,12366.932,0.8437,2.5036,1.41,,,2.5402,4.4182,3.9491,,,16800.0,16800.0,5661.896,144480.0,144480.0,10.4,6.94,1.017
688528,秦川物联,电器仪表,四川,20200701,688528.SH,20250115,8.69,8.74,8.51,8.67,8.67,0.0,0.0,7684.04,6617.613,0.4574,1.3571,0.67,,,2.5609,4.4541,3.9812,,,16800.0,16800.0,5661.896,145656.0,145656.0,10.4,6.94,1.017
688528,秦川物联,电器仪表,四川,20200701,688528.SH,20250114,8.18,8.73,8.18,8.67,8.1,0.57,7.037,16738.34,14298.649,0.9963,2.9563,1.69,,,2.5609,4.4541,3.9812,,,16800.0,16800.0,5661.896,145656.0,145656.0,9.72,6.48,1.017
688528,秦川物联,电器仪表,四川,20200701,688528.SH,20250113,8.0,8.22,7.69,8.1,8.06,0.04,0.4963,8302.43,6618.269,0.4942,1.4664,0.77,,,2.3925,4.1613,3.7195,,,16800.0,16800.0,5661.896,136080.0,136080.0,9.67,6.45,1.017
688528,秦川物联,电器仪表,四川,20200701,688528.SH,20250110,8.35,8.47,8.05,8.06,8.3,-0.24,-2.8916,9270.34,7660.217,0.5518,1.6373,0.8,,,2.3807,4.1407,3.7011,,,16800.0,16800.0,5661.896,135408.0,135408.0,9.96,6.64,1.017
688528,秦川物联,电器仪表,四川,20200701,688528.SH,20250109,8.44,8.48,8.27,8.3,8.48,-0.18,-2.1226,8337.0,6972.809,0.4963,1.4725,0.65,,,2.4516,4.264,3.8113,,,16800.0,16800.0,5661.896,139440.0,139440.0,10.18,6.78,1.017
688528,秦川物联,电器仪表,四川,20200701,688528.SH,20250108,8.38,8.59,8.0,8.48,8.4,0.08,0.9524,14477.52,12034.581,0.8618,2.557,1.2,,,2.5048,4.3565,3.894,,,16800.0,16800.0,5661.896,142464.0,142464.0,10.08,6.72,1.017
688528,秦川物联,电器仪表,四川,20200701,688528.SH,20250107,8.18,8.42,8.13,8.4,8.17,0.23,2.8152,9203.38,7652.753,0.5478,1.6255,0.71,,,2.4811,4.3154,3.8572,,,16800.0,16800.0,5661.896,141120.0,141120.0,9.8,6.54,1.017
688528,秦川物联,电器仪表,四川,20200701,688528.SH,20250106,8.08,8.34,7.73,8.17,8.12,0.05,0.6158,12927.76,10514.044,0.7695,2.2833,1.02,,,2.4132,4.1972,3.7516,,,16800.0,16800.0,5661.896,137256.0,137256.0,9.74,6.5,1.017
688528,秦川物联,电器仪表,四川,20200701,688528.SH,20250103,8.53,8.62,8.1,8.12,8.58,-0.46,-5.3613,12719.09,10597.903,0.7571,2.2464,0.99,,,2.3984,4.1716,3.7286,,,16800.0,16800.0,5661.896,136416.0,136416.0,10.3,6.86,1.017
688528,秦川物联,电器仪表,四川,20200701,688528.SH,20250102,8.74,9.03,8.43,8.58,8.75,-0.17,-1.9429,14593.3,12762.778,0.8686,2.5775,1.09,,,2.5343,4.4079,3.9399,,,16800.0,16800.0,5661.896,144144.0,144144.0,10.5,7.0,1.017
688528,秦川物联,电器仪表,四川,20200701,688528.SH,20241231,9.08,9.08,8.65,8.75,8.95,-0.2,-2.2346,11088.15,9797.532,0.66,1.9584,0.71,,,2.5845,4.4952,4.0179,,,16800.0,16800.0,5661.896,147000.0,147000.0,10.74,7.16,1.017
688528,秦川物联,电器仪表,四川,20200701,688528.SH,20241230,8.94,9.0,8.52,8.95,8.95,0.0,0.0,13901.05,12304.596,0.8274,2.4552,0.74,,,2.6436,4.598,4.1098,,,16800.0,16800.0,5661.896,150360.0,150360.0,10.74,7.16,1.017
688528,秦川物联,电器仪表,四川,20200701,688528.SH,20241227,8.93,9.09,8.83,8.95,8.93,0.02,0.224,11125.01,9973.047,0.6622,1.9649,0.53,,,2.6436,4.598,4.1098,,,16800.0,16800.0,5661.896,150360.0,150360.0,10.72,7.14,1.017
688528,秦川物联,电器仪表,四川,20200701,688528.SH,20241226,8.64,9.05,8.64,8.93,8.61,0.32,3.7166,13792.83,12271.075,0.821,2.4361,0.62,,,2.6377,4.5877,4.1006,,,16800.0,16800.0,5661.896,150024.0,150024.0,10.33,6.89,1.017
688528,秦川物联,电器仪表,四川,20200701,688528.SH,20241225,8.94,8.97,8.51,8.61,8.94,-0.33,-3.6913,17199.02,14910.168,1.0238,3.0377,0.7,,,2.5432,4.4233,3.9537,,,16800.0,16800.0,5661.896,144648.0,144648.0,10.73,7.15,1.017
688528,秦川物联,电器仪表,四川,20200701,688528.SH,20241224,8.74,8.97,8.74,8.94,8.75,0.19,2.1714,21860.58,19413.887,1.3012,3.861,0.7,,,2.6406,4.5928,4.1052,,,16800.0,16800.0,5661.896,150192.0,150192.0,10.5,7.0,1.017
688528,秦川物联,电器仪表,四川,20200701,688528.SH,20241223,9.35,9.35,8.71,8.75,9.31,-0.56,-6.015,29885.86,26603.784,1.7789,5.2784,1.06,,,2.5845,4.4952,4.0179,,,16800.0,16800.0,5661.896,147000.0,147000.0,11.17,7.45,1.017
688528,秦川物联,电器仪表,四川,20200701,688528.SH,20241220,9.19,9.35,9.0,9.31,9.16,0.15,1.6376,23032.67,21204.063,1.371,4.068,0.86,,,2.7499,4.7829,4.2751,,,16800.0,16800.0,5661.896,156408.0,156408.0,10.99,7.33,1.017
688528,秦川物联,电器仪表,四川,20200701,688528.SH,20241219,9.07,9.16,8.92,9.16,9.06,0.1,1.1038,20145.41,18210.825,1.1991,3.5581,0.79,,,2.7056,4.7059,4.2062,,,16800.0,16800.0,5661.896,153888.0,153888.0,10.87,7.25,1.017
688528,秦川物联,电器仪表,四川,20200701,688528.SH,20241218,9.1,9.28,8.85,9.06,9.1,-0.04,-0.4396,27917.85,25417.221,1.6618,4.9308,1.24,,,2.6761,4.6545,4.1603,,,16800.0,16800.0,5661.896,152208.0,152208.0,10.92,7.28,1.017
688528,秦川物联,电器仪表,四川,20200701,688528.SH,20241217,10.0,10.24,9.09,9.1,10.66,-1.56,-14.6341,55288.28,52098.354,3.291,9.765,3.49,,,2.6879,4.675,4.1787,,,16800.0,16800.0,5661.896,152880.0,152880.0,12.79,8.53,1.017
688528,秦川物联,电器仪表,四川,20200701,688528.SH,20241216,10.74,10.9,10.56,10.66,10.74,-0.08,-0.7449,15013.68,16077.707,0.8937,2.6517,0.88,,,3.1487,5.4765,4.895,,,16800.0,16800.0,5661.896,179088.0,179088.0,12.89,8.59,1.017
688528,秦川物联,电器仪表,四川,20200701,688528.SH,20241213,11.11,11.15,10.74,10.74,11.11,-0.37,-3.3303,15696.25,17064.865,0.9343,2.7723,0.96,,,3.1723,5.5176,4.9317,,,16800.0,16800.0,5661.896,180432.0,180432.0,13.33,8.89,1.017
688528,秦川物联,电器仪表,四川,20200701,688528.SH,20241212,11.11,11.22,10.93,11.11,11.07,0.04,0.3613,13414.51,14852.132,0.7985,2.3693,0.85,,,3.2816,5.7076,5.1016,,,16800.0,16800.0,5661.896,186648.0,186648.0,13.28,8.86,1.017
688528,秦川物联,电器仪表,四川,20200701,688528.SH,20241211,10.88,11.16,10.83,11.07,10.92,0.15,1.3736,13000.41,14326.362,0.7738,2.2961,0.83,,,3.2698,5.6871,5.0833,,,16800.0,16800.0,5661.896,185976.0,185976.0,13.1,8.74,1.017
688528,秦川物联,电器仪表,四川,20200701,688528.SH,20241210,11.3,11.36,10.92,10.92,10.93,-0.01,-0.0915,22022.36,24516.745,1.3109,3.8896,1.56,,,3.2255,5.61,5.0144,,,16800.0,16800.0,5661.896,183456.0,183456.0,13.12,8.74,1.017
688528,秦川物联,电器仪表,四川,20200701,688528.SH,20241209,11.03,11.22,10.75,10.93,10.86,0.07,0.6446,20841.56,22953.186,1.2406,3.681,1.65,,,3.2284,5.6152,5.019,,,16800.0,16800.0,5661.896,183624.0,183624.0,13.03,8.69,1.017
688528,秦川物联,电器仪表,四川,20200701,688528.SH,20241206,10.79,11.0,10.77,10.86,10.83,0.03,0.277,12187.33,13278.706,0.7254,2.1525,0.96,,,3.2077,5.5792,4.9868,,,16800.0,16800.0,5661.896,182448.0,182448.0,13.0,8.66,1.017
688528,秦川物联,电器仪表,四川,20200701,688528.SH,20241205,10.59,11.06,10.58,10.83,10.67,0.16,1.4995,10776.36,11715.309,0.6415,1.9033,0.84,,,3.1989,5.5638,4.9731,,,16800.0,16800.0,5661.896,181944.0,181944.0,12.8,8.54,1.017
688528,秦川物联,电器仪表,四川,20200701,688528.SH,20241204,10.81,10.97,10.6,10.67,10.91,-0.24,-2.1998,12885.49,13896.806,0.767,2.2758,0.98,,,3.1516,5.4816,4.8996,,,16800.0,16800.0,5661.896,179256.0,179256.0,13.09,8.73,1.017
688528,秦川物联,电器仪表,四川,20200701,688528.SH,20241203,10.86,11.08,10.78,10.91,10.8,0.11,1.0185,13715.44,14939.367,0.8164,2.4224,1.06,,,3.2225,5.6049,5.0098,,,16800.0,16800.0,5661.896,183288.0,183288.0,12.96,8.64,1.017
688528,秦川物联,电器仪表,四川,20200701,688528.SH,20241202,10.7,10.83,10.67,10.8,10.7,0.1,0.9346,13651.96,14704.564,0.8126,2.4112,1.04,,,3.19,5.5484,4.9593,,,16800.0,16800.0,5661.896,181440.0,181440.0,12.84,8.56,1.017
688528,秦川物联,电器仪表,四川,20200701,688528.SH,20241129,10.56,10.8,10.44,10.7,10.6,0.1,0.9434,12363.95,13174.721,0.7359,2.1837,0.87,,,3.1605,5.497,4.9134,,,16800.0,16800.0,5661.896,179760.0,179760.0,12.72,8.48,1.017
688528,秦川物联,电器仪表,四川,20200701,688528.SH,20241128,10.55,10.8,10.55,10.6,10.51,0.09,0.8563,11808.7,12569.413,0.7029,2.0856,0.82,,,3.131,5.4456,4.8674,,,16800.0,16800.0,5661.896,178080.0,178080.0,12.61,8.41,1.017
688528,秦川物联,电器仪表,四川,20200701,688528.SH,20241127,10.52,10.54,10.01,10.51,10.48,0.03,0.2863,14348.08,14731.458,0.8541,2.5341,1.03,,,3.1044,5.3994,4.8261,,,16800.0,16800.0,5661.896,176568.0,176568.0,12.58,8.38,1.017
688528,秦川物联,电器仪表,四川,20200701,688528.SH,20241126,10.57,10.81,10.42,10.48,10.67,-0.19,-1.7807,12503.98,13263.082,0.7443,2.2084,0.86,,,3.0955,5.384,4.8123,,,16800.0,16800.0,5661.896,176064.0,176064.0,12.8,8.54,1.017
688528,秦川物联,电器仪表,四川,20200701,688528.SH,20241125,10.31,10.67,10.31,10.67,10.25,0.42,4.0976,14919.68,15657.1,0.8881,2.6351,0.94,,,3.1516,5.4816,4.8996,,,16800.0,16800.0,5661.896,179256.0,179256.0,12.3,8.2,1.017
688528,秦川物联,电器仪表,四川,20200701,688528.SH,20241122,10.91,10.97,10.25,10.25,10.87,-0.62,-5.7038,17091.16,18125.164,1.0173,3.0186,1.07,,,3.0276,5.2658,4.7067,,,16800.0,16800.0,5661.896,172200.0,172200.0,13.04,8.7,1.017
688528,秦川物联,电器仪表,四川,20200701,688528.SH,20241121,10.88,10.98,10.73,10.87,10.84,0.03,0.2768,12804.82,13900.268,0.7622,2.2616,0.73,,,3.2107,5.5843,4.9914,,,16800.0,16800.0,5661.896,182616.0,182616.0,13.01,8.67,1.017
688528,秦川物联,电器仪表,四川,20200701,688528.SH,20241120,10.76,10.93,10.73,10.84,10.75,0.09,0.8372,12307.58,13339.417,0.7326,2.1738,0.6,,,3.2018,5.5689,4.9777,,,16800.0,16800.0,5661.896,182112.0,182112.0,12.9,8.6,1.017
688528,秦川物联,电器仪表,四川,20200701,688528.SH,20241119,10.41,10.78,10.37,10.75,10.48,0.27,2.5763,15959.24,16868.86,0.95,2.8187,0.55,,,3.1753,5.5227,4.9363,,,16800.0,16800.0,5661.896,180600.0,180600.0,12.58,8.38,1.017
688528,秦川物联,电器仪表,四川,20200701,688528.SH,20241118,10.87,10.99,10.32,10.48,10.75,-0.27,-2.5116,20826.57,22044.975,1.2397,3.6784,0.57,,,3.0955,5.384,4.8123,,,16800.0,16800.0,5661.896,176064.0,176064.0,12.9,8.6,1.017
688528,秦川物联,电器仪表,四川,20200701,688528.SH,20241115,11.22,11.37,10.71,10.75,11.23,-0.48,-4.2743,18207.6,20124.627,1.0838,3.2158,0.44,,,3.1753,5.5227,4.9363,,,16800.0,16800.0,5661.896,180600.0,180600.0,13.48,8.98,1.017
688528,秦川物联,电器仪表,四川,20200701,688528.SH,20241114,11.77,11.8,11.12,11.23,11.68,-0.45,-3.8527,19945.0,22717.185,1.1872,3.5227,0.48,,,3.317,5.7693,5.1567,,,16800.0,16800.0,5661.896,188664.0,188664.0,14.02,9.34,1.017
688528,秦川物联,电器仪表,四川,20200701,688528.SH,20241113,11.66,11.99,11.43,11.68,11.75,-0.07,-0.5957,27017.64,31526.6,1.6082,4.7718,0.63,,,3.45,6.0005,5.3634,,,16800.0,16800.0,5661.896,196224.0,196224.0,14.1,9.4,1.017
688528,秦川物联,电器仪表,四川,20200701,688528.SH,20241112,12.8,12.8,11.58,11.75,12.55,-0.8,-6.3745,59222.41,70379.254,3.5251,10.4598,1.62,,,3.4706,6.0364,5.3955,,,16800.0,16800.0,5661.896,197400.0,197400.0,15.06,10.04,1.017
688528,秦川物联,电器仪表,四川,20200701,688528.SH,20241111,11.54,12.82,11.48,12.55,11.54,1.01,8.7522,57380.27,69567.904,3.4155,10.1345,1.97,,,3.7069,6.4474,5.7629,,,16800.0,16800.0,5661.896,210840.0,210840.0,13.85,9.23,1.017
688528,秦川物联,电器仪表,四川,20200701,688528.SH,20241108,11.25,11.94,11.12,11.54,11.05,0.49,4.4344,42439.14,48734.905,2.5261,7.4956,1.41,,,3.4086,5.9285,5.2991,,,16800.0,16800.0,5661.896,193872.0,193872.0,13.26,8.84,1.017
688528,秦川物联,电器仪表,四川,20200701,688528.SH,20241107,10.82,11.1,10.78,11.05,10.9,0.15,1.3761,23271.56,25573.405,1.3852,4.1102,0.68,,,3.2639,5.6768,5.0741,,,16800.0,16800.0,5661.896,185640.0,185640.0,13.08,8.72,1.017
688528,秦川物联,电器仪表,四川,20200701,688528.SH,20241106,11.13,11.25,10.75,10.9,11.02,-0.12,-1.0889,30464.23,33386.719,1.8133,5.3806,0.73,,,3.2196,5.5998,5.0052,,,16800.0,16800.0,5661.896,183120.0,183120.0,13.22,8.82,1.017
688528,秦川物联,电器仪表,四川,20200701,688528.SH,20241105,10.63,11.08,10.63,11.02,10.77,0.25,2.3213,29282.61,31887.797,1.743,5.1719,0.59,,,3.255,5.6614,5.0603,,,16800.0,16800.0,5661.896,185136.0,185136.0,12.92,8.62,1.017
688528,秦川物联,电器仪表,四川,20200701,688528.SH,20241104,10.72,10.82,10.5,10.77,10.72,0.05,0.4664,20421.25,21828.697,1.2156,3.6068,0.34,,,3.1812,5.533,4.9455,,,16800.0,16800.0,5661.896,180936.0,180936.0,12.86,8.58,1.017
688528,秦川物联,电器仪表,四川,20200701,688528.SH,20241101,11.59,11.99,10.69,10.72,11.59,-0.87,-7.5065,46660.18,52221.936,2.7774,8.2411,0.77,,,3.1664,5.5073,4.9226,,,16800.0,16800.0,5661.896,180096.0,180096.0,13.91,9.27,1.017
688528,秦川物联,电器仪表,四川,20200701,688528.SH,20241031,11.96,11.96,11.51,11.59,11.91,-0.32,-2.6868,43588.24,50907.878,2.5945,7.6985,0.7,,,3.4234,5.9542,5.322,,,16800.0,16800.0,5661.896,194712.0,194712.0,14.29,9.53,1.017
688528,秦川物联,电器仪表,四川,20200701,688528.SH,20241030,11.9,12.12,11.16,11.91,11.95,-0.04,-0.3347,68247.54,79542.781,4.0624,12.0538,1.12,,,3.5179,6.1186,5.469,,,16800.0,16800.0,5661.896,200088.0,200088.0,14.34,9.56,1.017
688528,秦川物联,电器仪表,四川,20200701,688528.SH,20241029,12.77,12.8,11.87,11.95,12.93,-0.98,-7.5793,68185.92,83058.539,4.0587,12.0429,1.24,,,3.5297,6.1392,5.4874,,,16800.0,16800.0,5661.896,200760.0,200760.0,15.52,10.34,1.017
688528,秦川物联,电器仪表,四川,20200701,688528.SH,20241028,12.6,12.97,12.23,12.93,11.97,0.96,8.0201,73391.56,92337.322,4.3685,13.2809,1.42,,,3.6752,6.6426,5.6705,,,16800.0,16800.0,5526.096,217224.0,217224.0,14.36,9.58,1.017
688528,秦川物联,电器仪表,四川,20200701,688528.SH,20241025,11.46,12.0,11.35,11.97,11.5,0.47,4.087,47819.7,56373.763,2.8464,8.6534,0.88,,,3.4024,6.1495,5.2495,,,16800.0,16800.0,5526.096,201096.0,201096.0,13.8,9.2,1.017
688528,秦川物联,电器仪表,四川,20200701,688528.SH,20241024,11.99,12.46,11.26,11.5,11.68,-0.18,-1.5411,55217.59,64725.179,3.2868,9.9922,0.96,,,3.2688,5.908,5.0434,,,16800.0,16800.0,5526.096,193200.0,193200.0,14.02,9.34,1.017
688528,秦川物联,电器仪表,四川,20200701,688528.SH,20241023,11.22,12.25,11.18,11.68,11.27,0.41,3.638,59729.1,70014.867,3.5553,10.8086,1.01,,,3.3199,6.0005,5.1223,,,16800.0,16800.0,5526.096,196224.0,196224.0,13.52,9.02,1.017
688528,秦川物联,电器仪表,四川,20200701,688528.SH,20241022,11.55,11.61,11.15,11.27,11.48,-0.21,-1.8293,38522.75,43681.946,2.293,6.9711,0.63,,,3.2034,5.7898,4.9425,,,16800.0,16800.0,5526.096,189336.0,189336.0,13.78,9.18,1.017
688528,秦川物联,电器仪表,四川,20200701,688528.SH,20241021,11.37,11.86,11.25,11.48,11.36,0.12,1.0563,56834.94,65518.87,3.383,10.2848,0.98,,,3.2631,5.8977,5.0346,,,16800.0,16800.0,5526.096,192864.0,192864.0,13.63,9.09,1.017
688528,秦川物联,电器仪表,四川,20200701,688528.SH,20241018,10.95,11.58,10.8,11.36,10.97,0.39,3.5552,61219.84,69146.809,3.644,11.0783,1.19,,,3.229,5.8361,4.982,,,16800.0,16800.0,5526.096,190848.0,190848.0,13.16,8.78,1.017
688528,秦川物联,电器仪表,四川,20200701,688528.SH,20241017,11.98,12.26,10.81,10.97,11.6,-0.63,-5.431,72508.89,83470.69,4.316,13.1212,1.69,,,3.1181,5.6357,4.8109,,,16800.0,16800.0,5526.096,184296.0,184296.0,13.92,9.28,1.017
688528,秦川物联,电器仪表,四川,20200701,688528.SH,20241016,10.54,11.77,10.5,11.6,10.58,1.02,9.6408,65989.45,74282.053,3.9279,11.9414,1.54,,,3.2972,5.9594,5.0872,,,16800.0,16800.0,5526.096,194880.0,194880.0,12.7,8.46,1.017
688528,秦川物联,电器仪表,四川,20200701,688528.SH,20241015,10.49,11.29,10.3,10.58,10.5,0.08,0.7619,49377.01,53155.409,2.9391,8.9352,0.92,,,3.0073,5.4354,4.6399,,,16800.0,16800.0,5526.096,177744.0,177744.0,12.6,8.4,1.017
688528,秦川物联,电器仪表,四川,20200701,688528.SH,20241014,10.49,10.56,9.81,10.5,10.09,0.41,4.0634,41483.09,42764.907,2.4692,7.5068,0.64,,,2.9845,5.3943,4.6048,,,16800.0,16800.0,5526.096,176400.0,176400.0,12.11,8.07,1.017
688528,秦川物联,电器仪表,四川,20200701,688528.SH,20241011,9.82,10.1,9.52,10.09,9.82,0.27,2.7495,26862.98,26355.368,1.599,4.8611,0.35,,,2.868,5.1836,4.425,,,16800.0,16800.0,5526.096,169512.0,169512.0,11.78,7.86,1.017
688528,秦川物联,电器仪表,四川,20200701,688528.SH,20241010,10.08,10.4,9.8,9.82,10.01,-0.19,-1.8981,30296.89,30486.661,1.8034,5.4825,0.42,,,2.7912,5.0449,4.3066,,,16800.0,16800.0,5526.096,164976.0,164976.0,12.01,8.01,1.017
688528,秦川物联,电器仪表,四川,20200701,688528.SH,20241009,11.8,11.83,10.0,10.01,12.45,-2.44,-19.5984,66152.92,71819.584,3.9377,11.971,1.09,,,2.8453,5.1425,4.3899,,,16800.0,16800.0,5526.096,168168.0,168168.0,14.94,9.96,1.017
688528,秦川物联,电器仪表,四川,20200701,688528.SH,20241008,13.56,13.99,11.93,12.45,11.77,0.68,5.7774,104386.14,133456.734,6.2135,18.8897,2.52,,,3.5388,6.3961,5.46,,,16800.0,16800.0,5526.096,209160.0,209160.0,14.12,9.42,1.017
688528,秦川物联,电器仪表,四川,20200701,688528.SH,20240930,10.2,12.42,10.1,11.77,10.41,1.36,13.0644,98753.61,108611.168,5.8782,17.8704,4.33,,,3.3455,6.0467,5.1618,,,16800.0,16800.0,5526.096,197736.0,197736.0,12.49,8.33,1.017
688528,秦川物联,电器仪表,四川,20200701,688528.SH,20240927,10.45,10.45,9.51,10.41,8.71,1.7,19.5178,81247.72,82036.029,4.8362,14.7026,10.96,,,2.9589,5.348,4.5653,,,16800.0,16800.0,5526.096,174888.0,174888.0,10.45,6.97,1.017
688528,秦川物联,电器仪表,四川,20200701,688528.SH,20240926,8.71,8.71,8.71,8.71,7.26,1.45,19.9725,11278.39,9823.478,0.6713,2.0409,1.66,,,2.4757,4.4747,3.8198,,,16800.0,16800.0,5526.096,146328.0,146328.0,8.71,5.81,1.017
688528,秦川物联,电器仪表,四川,20200701,688528.SH,20240925,7.26,7.36,7.19,7.26,7.19,0.07,0.9736,7830.18,5692.2,0.4661,1.4169,1.22,,,2.0636,3.7297,3.1839,,,16800.0,16800.0,5526.096,121968.0,121968.0,8.63,5.75,1.017
688528,秦川物联,电器仪表,四川,20200701,688528.SH,20240924,6.96,7.19,6.9,7.19,6.93,0.26,3.7518,8275.72,5872.719,0.4926,1.4976,1.46,,,2.0437,3.6938,3.1532,,,16800.0,16800.0,5526.096,120792.0,120792.0,8.32,5.54,1.017
688528,秦川物联,电器仪表,四川,20200701,688528.SH,20240923,6.77,6.97,6.66,6.93,6.75,0.18,2.6667,5291.19,3650.303,0.315,0.9575,0.92,,,1.9698,3.5602,3.0392,,,16800.0,16800.0,5526.096,116424.0,116424.0,8.1,5.4,1.017
688528,秦川物联,电器仪表,四川,20200701,688528.SH,20240920,6.8,6.8,6.7,6.75,6.76,-0.01,-0.1479,4401.39,2968.706,0.262,0.7965,0.75,,,1.9186,3.4677,2.9602,,,16800.0,16800.0,5526.096,113400.0,113400.0,8.11,5.41,1.017
688528,秦川物联,电器仪表,四川,20200701,688528.SH,20240919,6.46,6.78,6.43,6.76,6.46,0.3,4.644,8263.37,5488.226,0.4919,1.4953,1.51,,,1.9215,3.4729,2.9646,,,16800.0,16800.0,5526.096,113568.0,113568.0,7.75,5.17,1.017
688528,秦川物联,电器仪表,四川,20200701,688528.SH,20240918,6.51,6.51,6.32,6.46,6.51,-0.05,-0.768,5921.09,3796.493,0.3524,1.0715,1.1,,,1.8362,3.3188,2.8331,,,16800.0,16800.0,5526.096,108528.0,108528.0,7.81,5.21,1.017
688528,秦川物联,电器仪表,四川,20200701,688528.SH,20240913,6.66,6.67,6.48,6.51,6.66,-0.15,-2.2523,4370.46,2882.354,0.2601,0.7909,0.7,,,1.8504,3.3444,2.855,,,16800.0,16800.0,5526.096,109368.0,109368.0,7.99,5.33,1.017
688528,秦川物联,电器仪表,四川,20200701,688528.SH,20240912,6.66,6.79,6.64,6.66,6.56,0.1,1.5244,5862.91,3929.486,0.349,1.0609,0.91,,,1.893,3.4215,2.9208,,,16800.0,16800.0,5526.096,111888.0,111888.0,7.87,5.25,1.017
688528,秦川物联,电器仪表,四川,20200701,688528.SH,20240911,6.52,6.62,6.48,6.56,6.57,-0.01,-0.1522,4766.2,3124.548,0.2837,0.8625,0.66,,,1.8646,3.3701,2.8769,,,16800.0,16800.0,5526.096,110208.0,110208.0,7.88,5.26,1.017
688528,秦川物联,电器仪表,四川,20200701,688528.SH,20240910,6.47,6.6,6.37,6.57,6.48,0.09,1.3889,6444.42,4186.222,0.3836,1.1662,0.89,,,1.8675,3.3753,2.8813,,,16800.0,16800.0,5526.096,110376.0,110376.0,7.78,5.18,1.017
688528,秦川物联,电器仪表,四川,20200701,688528.SH,20240909,6.45,6.54,6.31,6.48,6.41,0.07,1.092,5520.67,3569.126,0.3286,0.999,0.74,,,1.8419,3.329,2.8418,,,16800.0,16800.0,5526.096,108864.0,108864.0,7.69,5.13,1.017
688528,秦川物联,电器仪表,四川,20200701,688528.SH,20240906,6.65,6.65,6.34,6.41,6.62,-0.21,-3.1722,8508.61,5518.6,0.5065,1.5397,1.21,,,1.822,3.2931,2.8111,,,16800.0,16800.0,5526.096,107688.0,107688.0,7.94,5.3,1.017
688528,秦川物联,电器仪表,四川,20200701,688528.SH,20240905,6.58,6.68,6.55,6.62,6.55,0.07,1.0687,7073.47,4693.238,0.421,1.28,1.04,,,1.8817,3.401,2.9032,,,16800.0,16800.0,5526.096,111216.0,111216.0,7.86,5.24,1.017
688528,秦川物联,电器仪表,四川,20200701,688528.SH,20240904,6.67,6.76,6.53,6.55,6.74,-0.19,-2.819,8832.94,5859.906,0.5258,1.5984,1.42,,,1.8618,3.365,2.8725,,,16800.0,16800.0,5526.096,110040.0,110040.0,8.09,5.39,1.017
688528,秦川物联,电器仪表,四川,20200701,688528.SH,20240903,6.77,6.86,6.7,6.74,6.74,0.0,0.0,6270.86,4251.328,0.3733,1.1348,1.08,,,1.9158,3.4626,2.9558,,,16800.0,16800.0,5526.096,113232.0,113232.0,8.09,5.39,1.017
688528,秦川物联,电器仪表,四川,20200701,688528.SH,20240902,6.95,6.95,6.72,6.74,6.89,-0.15,-2.1771,6844.7,4676.272,0.4074,1.2386,1.27,,,1.9158,3.4626,2.9558,,,16800.0,16800.0,5526.096,113232.0,113232.0,8.27,5.51,1.017
688528,秦川物联,电器仪表,四川,20200701,688528.SH,20240830,6.8,6.97,6.74,6.89,6.77,0.12,1.7725,6139.14,4230.903,0.3654,1.1109,1.19,,,1.9584,3.5397,3.0216,,,16800.0,16800.0,5526.096,115752.0,115752.0,8.12,5.42,1.017
688528,秦川物联,电器仪表,四川,20200701,688528.SH,20240829,6.86,6.86,6.62,6.77,6.8,-0.03,-0.4412,5803.95,3900.065,0.3455,1.0503,1.25,,,1.9243,3.478,2.969,,,16800.0,16800.0,5526.096,113736.0,113736.0,8.16,5.44,1.017
688528,秦川物联,电器仪表,四川,20200701,688528.SH,20240828,6.77,6.94,6.63,6.8,6.8,0.0,0.0,6117.03,4149.419,0.3641,1.1069,1.5,,,1.9328,3.4934,2.9822,,,16800.0,16800.0,5526.096,114240.0,114240.0,8.16,5.44,1.017
688528,秦川物联,电器仪表,四川,20200701,688528.SH,20240827,6.88,6.92,6.75,6.8,6.92,-0.12,-1.7341,4144.08,2818.073,0.2467,0.7499,0.89,,,1.8059,3.4934,3.0209,,,16800.0,16800.0,5526.096,114240.0,114240.0,8.3,5.54,1.017
688528,秦川物联,电器仪表,四川,20200701,688528.SH,20240826,6.88,6.99,6.77,6.92,6.82,0.1,1.4663,4812.19,3326.999,0.2864,0.8708,1.05,,,1.8377,3.5551,3.0742,,,16800.0,16800.0,5526.096,116256.0,116256.0,8.18,5.46,1.017
688528,秦川物联,电器仪表,四川,20200701,688528.SH,20240823,6.98,6.98,6.78,6.82,6.97,-0.15,-2.1521,4924.85,3370.644,0.2931,0.8912,1.08,,,1.8112,3.5037,3.0297,,,16800.0,16800.0,5526.096,114576.0,114576.0,8.36,5.58,1.017
688528,秦川物联,电器仪表,四川,20200701,688528.SH,20240822,7.08,7.08,6.86,6.97,7.05,-0.08,-1.1348,3243.98,2263.395,0.1931,0.587,0.64,,,1.851,3.5808,3.0964,,,16800.0,16800.0,5526.096,117096.0,117096.0,8.46,5.64,1.017
688528,秦川物联,电器仪表,四川,20200701,688528.SH,20240821,7.0,7.09,6.95,7.05,7.05,0.0,0.0,3255.78,2291.161,0.1938,0.5892,0.63,,,1.8723,3.6219,3.1319,,,16800.0,16800.0,5526.096,118440.0,118440.0,8.46,5.64,1.017
688528,秦川物联,电器仪表,四川,20200701,688528.SH,20240820,7.18,7.2,6.99,7.05,7.17,-0.12,-1.6736,7050.78,4973.039,0.4197,1.2759,1.37,,,1.8723,3.6219,3.1319,,,16800.0,16800.0,5526.096,118440.0,118440.0,8.6,5.74,1.017
688528,秦川物联,电器仪表,四川,20200701,688528.SH,20240819,7.18,7.24,7.08,7.17,7.21,-0.04,-0.5548,4353.87,3121.615,0.2592,0.7879,0.83,,,1.9041,3.6835,3.1852,,,16800.0,16800.0,5526.096,120456.0,120456.0,8.65,5.77,1.017
688528,秦川物联,电器仪表,四川,20200701,688528.SH,20240816,7.25,7.31,7.19,7.21,7.25,-0.04,-0.5517,4899.81,3551.976,0.2917,0.8867,0.92,,,1.9148,3.7041,3.203,,,16800.0,16800.0,5526.096,121128.0,121128.0,8.7,5.8,1.017
688528,秦川物联,电器仪表,四川,20200701,688528.SH,20240815,7.28,7.32,7.05,7.25,7.21,0.04,0.5548,5748.07,4134.091,0.3421,1.0402,1.14,,,1.9254,3.7246,3.2208,,,16800.0,16800.0,5526.096,121800.0,121800.0,8.65,5.77,1.017
688528,秦川物联,电器仪表,四川,20200701,688528.SH,20240814,7.23,7.33,7.17,7.21,7.24,-0.03,-0.4144,3940.18,2852.346,0.2345,0.713,0.74,,,1.9148,3.7041,3.203,,,16800.0,16800.0,5526.096,121128.0,121128.0,8.69,5.79,1.017
688528,秦川物联,电器仪表,四川,20200701,688528.SH,20240813,7.05,7.24,7.01,7.24,7.06,0.18,2.5496,6874.07,4905.545,0.4092,1.2439,1.31,,,1.9227,3.7195,3.2163,,,16800.0,16800.0,5526.096,121632.0,121632.0,8.47,5.65,1.017
688528,秦川物联,电器仪表,四川,20200701,688528.SH,20240812,7.1,7.16,7.04,7.06,7.14,-0.08,-1.1204,4752.14,3366.8,0.2829,0.8599,0.82,,,1.8749,3.627,3.1364,,,16800.0,16800.0,5526.096,118608.0,118608.0,8.57,5.71,1.017
688528,秦川物联,电器仪表,四川,20200701,688528.SH,20240809,7.29,7.38,7.11,7.14,7.26,-0.12,-1.6529,5178.33,3722.421,0.3082,0.9371,0.93,,,1.8962,3.6681,3.1719,,,16800.0,16800.0,5526.096,119952.0,119952.0,8.71,5.81,1.017
688528,秦川物联,电器仪表,四川,20200701,688528.SH,20240808,7.28,7.3,7.1,7.26,7.27,-0.01,-0.1376,4441.19,3199.232,0.2644,0.8037,0.79,,,1.928,3.7297,3.2252,,,16800.0,16800.0,5526.096,121968.0,121968.0,8.72,5.82,1.017
688528,秦川物联,电器仪表,四川,20200701,688528.SH,20240807,7.21,7.37,7.18,7.27,7.26,0.01,0.1377,5299.45,3852.765,0.3154,0.959,0.93,,,1.9307,3.7349,3.2297,,,16800.0,16800.0,5526.096,122136.0,122136.0,8.71,5.81,1.017
688528,秦川物联,电器仪表,四川,20200701,688528.SH,20240806,7.09,7.27,7.08,7.26,7.03,0.23,3.2717,6556.41,4719.808,0.3903,1.1864,1.3,,,1.928,3.7297,3.2252,,,16800.0,16800.0,5526.096,121968.0,121968.0,8.44,5.62,1.017
688528,秦川物联,电器仪表,四川,20200701,688528.SH,20240805,7.38,7.38,7.02,7.03,7.31,-0.28,-3.8304,7329.67,5273.43,0.4363,1.3264,1.57,,,1.867,3.6116,3.123,,,16800.0,16800.0,5526.096,118104.0,118104.0,8.77,5.85,1.017
688528,秦川物联,电器仪表,四川,20200701,688528.SH,20240802,7.44,7.44,7.28,7.31,7.44,-0.13,-1.7473,4101.44,3020.7,0.2441,0.7422,0.87,,,1.9413,3.7554,3.2474,,,16800.0,16800.0,5526.096,122808.0,122808.0,8.93,5.95,1.017
688528,秦川物联,电器仪表,四川,20200701,688528.SH,20240801,7.36,7.5,7.28,7.44,7.36,0.08,1.087,4766.4,3541.572,0.2837,0.8625,1.0,,,1.9758,3.8222,3.3052,,,16800.0,16800.0,5526.096,124992.0,124992.0,8.83,5.89,1.017
688528,秦川物联,电器仪表,四川,20200701,688528.SH,20240731,7.29,7.37,7.13,7.36,7.22,0.14,1.9391,5724.14,4166.898,0.3407,1.0358,1.12,,,1.9546,3.7811,3.2696,,,16800.0,16800.0,5526.096,123648.0,123648.0,8.66,5.78,1.017
688528,秦川物联,电器仪表,四川,20200701,688528.SH,20240730,7.18,7.29,7.1,7.22,7.19,0.03,0.4172,3325.14,2390.673,0.1979,0.6017,0.63,,,1.9174,3.7092,3.2074,,,16800.0,16800.0,5526.096,121296.0,121296.0,8.63,5.75,1.017
688528,秦川物联,电器仪表,四川,20200701,688528.SH,20240729,7.14,7.25,7.08,7.19,7.19,0.0,0.0,5469.37,3929.25,0.3256,0.9897,1.09,,,1.9095,3.6938,3.1941,,,16800.0,16800.0,5526.096,120792.0,120792.0,8.63,5.75,1.017
688528,秦川物联,电器仪表,四川,20200701,688528.SH,20240726,7.08,7.22,7.06,7.19,7.08,0.11,1.5537,4272.66,3063.027,0.2543,0.7732,0.8,,,1.9095,3.6938,3.1941,,,16800.0,16800.0,5526.096,120792.0,120792.0,8.5,5.66,1.017
688528,秦川物联,电器仪表,四川,20200701,688528.SH,20240725,7.01,7.22,6.88,7.08,7.01,0.07,0.9986,5120.42,3596.221,0.3048,0.9266,0.91,,,1.8802,3.6373,3.1453,,,16800.0,16800.0,5526.096,118944.0,118944.0,8.41,5.61,1.017
688528,秦川物联,电器仪表,四川,20200701,688528.SH,20240724,7.11,7.18,7.0,7.01,7.11,-0.1,-1.4065,7359.11,5204.216,0.438,1.3317,1.51,,,1.8616,3.6013,3.1142,,,16800.0,16800.0,5526.096,117768.0,117768.0,8.53,5.69,1.017
688528,秦川物联,电器仪表,四川,20200701,688528.SH,20240723,7.24,7.34,7.11,7.11,7.24,-0.13,-1.7956,4338.24,3143.954,0.2582,0.785,0.86,,,1.8882,3.6527,3.1586,,,16800.0,16800.0,5526.096,119448.0,119448.0,8.69,5.79,1.017
688528,秦川物联,电器仪表,四川,20200701,688528.SH,20240722,7.09,7.28,7.09,7.24,7.14,0.1,1.4006,4093.12,2951.993,0.2436,0.7407,0.8,,,1.9227,3.7195,3.2163,,,16800.0,16800.0,5526.096,121632.0,121632.0,8.57,5.71,1.017
688528,秦川物联,电器仪表,四川,20200701,688528.SH,20240719,6.98,7.22,6.94,7.14,6.95,0.19,2.7338,5844.05,4138.094,0.3479,1.0575,1.2,,,1.8962,3.6681,3.1719,,,16800.0,16800.0,5526.096,119952.0,119952.0,8.34,5.56,1.017
688528,秦川物联,电器仪表,四川,20200701,688528.SH,20240718,7.05,7.09,6.83,6.95,7.1,-0.15,-2.1127,6409.01,4441.153,0.3815,1.1598,1.3,,,1.8457,3.5705,3.0875,,,16800.0,16800.0,5526.096,116760.0,116760.0,8.52,5.68,1.017
688528,秦川物联,电器仪表,四川,20200701,688528.SH,20240717,7.26,7.29,7.07,7.1,7.26,-0.16,-2.2039,3708.41,2643.388,0.2207,0.6711,0.72,,,1.8856,3.6475,3.1541,,,16800.0,16800.0,5526.096,119280.0,119280.0,8.71,5.81,1.017
688528,秦川物联,电器仪表,四川,20200701,688528.SH,20240716,7.2,7.34,7.15,7.26,7.26,0.0,0.0,5158.37,3735.907,0.307,0.9335,0.98,,,1.928,3.7297,3.2252,,,16800.0,16800.0,5526.096,121968.0,121968.0,8.71,5.81,1.017
688528,秦川物联,电器仪表,四川,20200701,688528.SH,20240715,7.44,7.48,7.21,7.26,7.46,-0.2,-2.681,4457.42,3245.862,0.2653,0.8066,0.82,,,1.928,3.7297,3.2252,,,16800.0,16800.0,5526.096,121968.0,121968.0,8.95,5.97,1.017
688528,秦川物联,电器仪表,四川,20200701,688528.SH,20240712,7.47,7.63,7.38,7.46,7.47,-0.01,-0.1339,4697.95,3536.114,0.2796,0.8501,0.87,,,1.9812,3.8325,3.3141,,,16800.0,16800.0,5526.096,125328.0,125328.0,8.96,5.98,1.017
688528,秦川物联,电器仪表,四川,20200701,688528.SH,20240711,7.22,7.49,7.22,7.47,7.22,0.25,3.4626,6674.54,4936.217,0.3973,1.2078,1.3,,,1.9838,3.8376,3.3185,,,16800.0,16800.0,5526.096,125496.0,125496.0,8.66,5.78,1.017
688528,秦川物联,电器仪表,四川,20200701,688528.SH,20240710,7.36,7.38,7.15,7.22,7.35,-0.13,-1.7687,4928.19,3575.137,0.2933,0.8918,0.87,,,1.9174,3.7092,3.2074,,,16800.0,16800.0,5526.096,121296.0,121296.0,8.82,5.88,1.017
688528,秦川物联,电器仪表,四川,20200701,688528.SH,20240709,7.2,7.35,7.05,7.35,7.22,0.13,1.8006,5638.53,4063.375,0.3356,1.0203,1.01,,,1.9519,3.776,3.2652,,,16800.0,16800.0,5526.096,123480.0,123480.0,8.66,5.78,1.017
688528,秦川物联,电器仪表,四川,20200701,688528.SH,20240708,7.5,7.5,7.17,7.22,7.5,-0.28,-3.7333,5247.8,3815.342,0.3124,0.9496,0.86,,,1.9174,3.7092,3.2074,,,16800.0,16800.0,5526.096,121296.0,121296.0,9.0,6.0,1.017
688528,秦川物联,电器仪表,四川,20200701,688528.SH,20240705,7.4,7.57,7.29,7.5,7.43,0.07,0.9421,4467.55,3324.82,0.2659,0.8084,0.64,,,1.9918,3.853,3.3318,,,16800.0,16800.0,5526.096,126000.0,126000.0,8.92,5.94,1.017
688528,秦川物联,电器仪表,四川,20200701,688528.SH,20240704,7.63,7.73,7.37,7.43,7.64,-0.21,-2.7487,5393.09,4055.238,0.321,0.9759,0.73,,,1.9732,3.8171,3.3007,,,16800.0,16800.0,5526.096,124824.0,124824.0,9.17,6.11,1.017
688528,秦川物联,电器仪表,四川,20200701,688528.SH,20240703,7.7,7.87,7.61,7.64,7.77,-0.13,-1.6731,7612.15,5871.188,0.4531,1.3775,1.06,,,2.029,3.925,3.394,,,16800.0,16800.0,5526.096,128352.0,128352.0,9.32,6.22,1.017
688528,秦川物联,电器仪表,四川,20200701,688528.SH,20240702,7.8,7.87,7.7,7.77,7.77,0.0,0.0,5100.24,3972.695,0.3036,0.9229,0.69,,,2.0635,3.9918,3.4518,,,16800.0,16800.0,5526.096,130536.0,130536.0,9.32,6.22,1.017
688528,秦川物联,电器仪表,四川,20200701,688528.SH,20240701,7.99,8.05,7.67,7.77,7.99,-0.22,-2.7534,7921.03,6172.456,0.4715,1.4334,1.11,,,2.0635,3.9918,3.4518,,,16800.0,16800.0,5526.096,130536.0,130536.0,9.59,6.39,1.017
688528,秦川物联,电器仪表,四川,20200701,688528.SH,20240628,7.91,8.19,7.9,7.99,7.95,0.04,0.5031,8800.05,7099.261,0.5238,1.5925,1.29,,,2.1219,4.1048,3.5495,,,16800.0,16800.0,5526.096,134232.0,134232.0,9.54,6.36,1.017
688528,秦川物联,电器仪表,四川,20200701,688528.SH,20240627,8.18,8.34,7.92,7.95,8.19,-0.24,-2.9304,7732.39,6308.628,0.4603,1.3993,0.94,,,2.1113,4.0842,3.5317,,,16800.0,16800.0,5526.096,133560.0,133560.0,9.83,6.55,1.017
688528,秦川物联,电器仪表,四川,20200701,688528.SH,20240626,7.83,8.21,7.7,8.19,7.85,0.34,4.3312,6232.81,4969.824,0.371,1.1279,0.77,,,2.175,4.2075,3.6384,,,16800.0,16800.0,5526.096,137592.0,137592.0,9.42,6.28,1.017
688528,秦川物联,电器仪表,四川,20200701,688528.SH,20240625,7.73,7.99,7.7,7.85,7.76,0.09,1.1598,6451.71,5069.465,0.384,1.1675,0.77,,,2.0847,4.0329,3.4873,,,16800.0,16800.0,5526.096,131880.0,131880.0,9.31,6.21,1.017
688528,秦川物联,电器仪表,四川,20200701,688528.SH,20240624,8.03,8.05,7.75,7.76,8.03,-0.27,-3.3624,6423.63,5057.347,0.3824,1.1624,0.79,,,2.0608,3.9866,3.4473,,,16800.0,16800.0,5526.096,130368.0,130368.0,9.64,6.42,1.017
688528,秦川物联,电器仪表,四川,20200701,688528.SH,20240621,8.2,8.23,7.93,8.03,8.28,-0.25,-3.0193,7162.7,5763.291,0.4264,1.2962,0.9,,,2.1325,4.1253,3.5673,,,16800.0,16800.0,5526.096,134904.0,134904.0,9.94,6.62,1.017
688528,秦川物联,电器仪表,四川,20200701,688528.SH,20240620,8.03,8.41,7.98,8.28,8.1,0.18,2.2222,14706.09,12128.26,0.8754,2.6612,1.98,,,2.1989,4.2538,3.6783,,,16800.0,16800.0,5526.096,139104.0,139104.0,9.72,6.48,1.017
688528,秦川物联,电器仪表,四川,20200701,688528.SH,20240619,8.17,8.3,8.03,8.1,8.13,-0.03,-0.369,5567.87,4525.038,0.3314,1.0076,0.72,,,2.1511,4.1613,3.5984,,,16800.0,16800.0,5526.096,136080.0,136080.0,9.76,6.5,1.017
688528,秦川物联,电器仪表,四川,20200701,688528.SH,20240618,7.88,8.37,7.79,8.13,7.88,0.25,3.1726,7920.11,6414.11,0.4714,1.4332,1.03,,,2.1591,4.1767,3.6117,,,16800.0,16800.0,5526.096,136584.0,136584.0,9.46,6.3,1.017
688528,秦川物联,电器仪表,四川,20200701,688528.SH,20240617,7.88,7.98,7.8,7.88,8.0,-0.12,-1.5,5370.29,4224.432,0.3197,0.9718,0.64,,,2.0927,4.0483,3.5006,,,16800.0,16800.0,5526.096,132384.0,132384.0,9.6,6.4,1.017
688528,秦川物联,电器仪表,四川,20200701,688528.SH,20240614,7.97,8.02,7.8,8.0,8.0,0.0,0.0,6259.11,4963.812,0.3726,1.1326,0.67,,,2.1246,4.1099,3.554,,,16800.0,16800.0,5526.096,134400.0,134400.0,9.6,6.4,1.017
688528,秦川物联,电器仪表,四川,20200701,688528.SH,20240613,7.83,8.14,7.67,8.0,7.83,0.17,2.1711,11927.48,9438.843,0.71,2.1584,1.39,,,2.1246,4.1099,3.554,,,16800.0,16800.0,5526.096,134400.0,134400.0,9.4,6.26,1.017
688528,秦川物联,电器仪表,四川,20200701,688528.SH,20240612,7.81,7.95,7.74,7.83,7.78,0.05,0.6427,7047.73,5536.177,0.4195,1.2754,0.66,,,2.0794,4.0226,3.4784,,,16800.0,16800.0,5526.096,131544.0,131544.0,9.34,6.22,1.017
688528,秦川物联,电器仪表,四川,20200701,688528.SH,20240611,7.65,7.8,7.32,7.78,7.62,0.16,2.0997,7941.52,6016.473,0.4727,1.4371,0.6,,,2.0661,3.9969,3.4562,,,16800.0,16800.0,5526.096,130704.0,130704.0,9.14,6.1,1.017
688528,秦川物联,电器仪表,四川,20200701,688528.SH,20240607,7.28,7.74,7.28,7.62,7.29,0.33,4.5267,8649.48,6540.305,0.5149,1.5652,0.66,,,2.0236,3.9147,3.3851,,,16800.0,16800.0,5526.096,128016.0,128016.0,8.75,5.83,1.017
688528,秦川物联,电器仪表,四川,20200701,688528.SH,20240606,7.77,7.93,7.17,7.29,7.79,-0.5,-6.4185,11120.25,8295.407,0.6619,2.0123,0.93,,,1.936,3.7452,3.2385,,,16800.0,16800.0,5526.096,122472.0,122472.0,9.35,6.23,1.017
688528,秦川物联,电器仪表,四川,20200701,688528.SH,20240605,7.98,8.04,7.68,7.79,8.03,-0.24,-2.9888,8048.82,6298.571,0.4791,1.4565,0.71,,,2.0688,4.002,3.4607,,,16800.0,16800.0,5526.096,130872.0,130872.0,9.64,6.42,1.017
688528,秦川物联,电器仪表,四川,20200701,688528.SH,20240604,7.99,8.06,7.61,8.03,7.97,0.06,0.7528,17231.46,13474.81,1.0257,3.1182,1.9,,,2.1325,4.1253,3.5673,,,16800.0,16800.0,5526.096,134904.0,134904.0,9.56,6.38,1.017
688528,秦川物联,电器仪表,四川,20200701,688528.SH,20240603,8.54,8.59,7.89,7.97,8.57,-0.6,-7.0012,21681.37,17612.742,1.2906,3.9235,3.34,,,2.1166,4.0945,3.5406,,,16800.0,16800.0,5526.096,133896.0,133896.0,10.28,6.86,1.017
688528,秦川物联,电器仪表,四川,20200701,688528.SH,20240531,8.38,8.66,8.31,8.57,8.36,0.21,2.512,7605.56,6496.819,0.4527,1.3763,1.08,,,2.2759,4.4027,3.8072,,,16800.0,16800.0,5526.096,143976.0,143976.0,10.03,6.69,1.017
688528,秦川物联,电器仪表,四川,20200701,688528.SH,20240530,8.52,8.55,8.31,8.36,8.57,-0.21,-2.4504,5009.44,4222.638,0.2982,0.9065,0.68,,,2.2202,4.2949,3.7139,,,16800.0,16800.0,5526.096,140448.0,140448.0,10.28,6.86,1.017
688528,秦川物联,电器仪表,四川,20200701,688528.SH,20240529,8.34,8.68,8.34,8.57,8.41,0.16,1.9025,5045.07,4316.247,0.3003,0.913,0.68,,,2.2759,4.4027,3.8072,,,16800.0,16800.0,5526.096,143976.0,143976.0,10.09,6.73,1.017
688528,秦川物联,电器仪表,四川,20200701,688528.SH,20240528,8.44,8.6,8.36,8.41,8.45,-0.04,-0.4734,6061.15,5131.771,0.3608,1.0968,0.85,,,2.2334,4.3205,3.7361,,,16800.0,16800.0,5526.096,141288.0,141288.0,10.14,6.76,1.017
688528,秦川物联,电器仪表,四川,20200701,688528.SH,20240527,8.57,8.77,8.33,8.45,8.66,-0.21,-2.4249,8696.93,7360.763,0.5177,1.5738,1.3,,,2.2441,4.3411,3.7539,,,16800.0,16800.0,5526.096,141960.0,141960.0,10.39,6.93,1.017
688528,秦川物联,电器仪表,四川,20200701,688528.SH,20240524,8.45,8.82,8.3,8.66,8.49,0.17,2.0024,10324.02,8876.407,0.6145,1.8682,1.72,,,2.2998,4.449,3.8472,,,16800.0,16800.0,5526.096,145488.0,145488.0,10.19,6.79,1.017
688528,秦川物联,电器仪表,四川,20200701,688528.SH,20240523,8.68,8.82,8.42,8.49,8.68,-0.19,-2.1889,6620.39,5689.55,0.3941,1.198,1.19,,,2.2547,4.3616,3.7716,,,16800.0,16800.0,5526.096,142632.0,142632.0,10.42,6.94,1.017
688528,秦川物联,电器仪表,四川,20200701,688528.SH,20240522,8.7,8.89,8.58,8.68,8.73,-0.05,-0.5727,5595.66,4866.067,0.3331,1.0126,0.9,,,2.3052,4.4593,3.856,,,16800.0,16800.0,5526.096,145824.0,145824.0,10.48,6.98,1.017
688528,秦川物联,电器仪表,四川,20200701,688528.SH,20240521,8.68,8.8,8.5,8.73,8.74,-0.01,-0.1144,4380.23,3797.291,0.2607,0.7926,0.64,,,2.3184,4.4849,3.8783,,,16800.0,16800.0,5526.096,146664.0,146664.0,10.49,6.99,1.017
688528,秦川物联,电器仪表,四川,20200701,688528.SH,20240520,8.56,8.84,8.53,8.74,8.6,0.14,1.6279,6643.18,5796.618,0.3954,1.2021,0.93,,,2.3211,4.4901,3.8827,,,16800.0,16800.0,5526.096,146832.0,146832.0,10.32,6.88,1.017
688528,秦川物联,电器仪表,四川,20200701,688528.SH,20240517,8.46,8.61,8.39,8.6,8.47,0.13,1.5348,6729.5,5754.324,0.4006,1.2178,0.89,,,2.2839,4.4182,3.8205,,,16800.0,16800.0,5526.096,144480.0,144480.0,10.16,6.78,1.017
688528,秦川物联,电器仪表,四川,20200701,688528.SH,20240516,8.33,8.61,8.33,8.47,8.37,0.1,1.1947,4379.05,3722.426,0.2607,0.7924,0.52,,,2.2494,4.3514,3.7628,,,16800.0,16800.0,5526.096,142296.0,142296.0,10.04,6.7,1.017
688528,秦川物联,电器仪表,四川,20200701,688528.SH,20240515,8.44,8.75,8.3,8.37,8.44,-0.07,-0.8294,9122.79,7746.547,0.543,1.6509,1.1,,,2.2228,4.3,3.7183,,,16800.0,16800.0,5526.096,140616.0,140616.0,10.13,6.75,1.017
688528,秦川物联,电器仪表,四川,20200701,688528.SH,20240514,8.38,8.76,8.36,8.44,8.39,0.05,0.5959,7495.6,6388.273,0.4462,1.3564,0.86,,,2.2414,4.336,3.7494,,,16800.0,16800.0,5526.096,141792.0,141792.0,10.07,6.71,1.017
688528,秦川物联,电器仪表,四川,20200701,688528.SH,20240513,8.46,8.51,8.21,8.39,8.46,-0.07,-0.8274,8026.77,6722.133,0.4778,1.4525,0.75,,,2.2281,4.3103,3.7272,,,16800.0,16800.0,5526.096,140952.0,140952.0,10.15,6.77,1.017
688528,秦川物联,电器仪表,四川,20200701,688528.SH,20240510,8.77,8.96,8.45,8.46,8.79,-0.33,-3.7543,8855.97,7634.978,0.5271,1.6026,0.83,,,2.2467,4.3462,3.7583,,,16800.0,16800.0,5526.096,142128.0,142128.0,10.55,7.03,1.017
688528,秦川物联,电器仪表,四川,20200701,688528.SH,20240509,8.63,8.92,8.63,8.79,8.66,0.13,1.5012,8473.72,7488.436,0.5044,1.5334,0.7,,,2.3344,4.5158,3.9049,,,16800.0,16800.0,5526.096,147672.0,147672.0,10.39,6.93,1.017
688528,秦川物联,电器仪表,四川,20200701,688528.SH,20240508,9.0,9.03,8.57,8.66,8.95,-0.29,-3.2402,8691.15,7544.416,0.5173,1.5727,0.69,,,2.2998,4.449,3.8472,,,16800.0,16800.0,5526.096,145488.0,145488.0,10.74,7.16,1.017
688528,秦川物联,电器仪表,四川,20200701,688528.SH,20240507,8.74,9.08,8.7,8.95,8.74,0.21,2.4027,9735.43,8686.752,0.5795,1.7617,0.82,,,2.3769,4.598,3.976,,,16800.0,16800.0,5526.096,150360.0,150360.0,10.49,6.99,1.017
688528,秦川物联,电器仪表,四川,20200701,688528.SH,20240506,8.25,8.87,8.25,8.74,8.2,0.54,6.5854,17667.8,15291.404,1.0517,3.1972,1.78,,,2.3211,4.4901,3.8827,,,16800.0,16800.0,5526.096,146832.0,146832.0,9.84,6.56,1.017
688528,秦川物联,电器仪表,四川,20200701,688528.SH,20240430,8.2,8.47,8.11,8.2,8.27,-0.07,-0.8464,8972.03,7394.414,0.534,1.6236,0.91,,,2.1777,4.2127,3.6428,,,16800.0,16800.0,5526.096,137760.0,137760.0,9.92,6.62,1.017
688528,秦川物联,电器仪表,四川,20200701,688528.SH,20240429,7.7,8.34,7.7,8.27,7.7,0.57,7.4026,15189.96,12230.073,0.9042,2.7488,1.92,,,2.1963,4.2486,3.6739,,,16800.0,16800.0,5526.096,138936.0,138936.0,9.24,6.16,1.017
688528,秦川物联,电器仪表,四川,20200701,688528.SH,20240426,7.92,7.99,7.62,7.7,7.62,0.08,1.0499,11279.16,8734.032,0.6714,2.0411,1.49,,,2.0449,3.9558,3.4207,,,16800.0,16800.0,5526.096,129360.0,129360.0,9.14,6.1,1.017
688528,秦川物联,电器仪表,四川,20200701,688528.SH,20240425,7.65,7.74,7.52,7.62,7.61,0.01,0.1314,6313.3,4835.991,0.3758,1.1425,0.62,933.6282,,1.8493,3.4796,3.9147,,,16800.0,16800.0,5526.096,128016.0,128016.0,9.13,6.09,1.017
688528,秦川物联,电器仪表,四川,20200701,688528.SH,20240424,7.33,7.71,7.33,7.61,7.31,0.3,4.104,7958.78,6023.287,0.4737,1.4402,0.63,932.403,,1.8469,3.4751,3.9096,,,16800.0,16800.0,5526.096,127848.0,127848.0,8.77,5.85,1.017
688528,秦川物联,电器仪表,四川,20200701,688528.SH,20240423,7.08,7.43,6.95,7.31,7.03,0.28,3.9829,8654.59,6292.949,0.5152,1.5661,0.54,895.646,,1.7741,3.3381,3.7554,,,16800.0,16800.0,5526.096,122808.0,122808.0,8.44,5.62,1.017
688528,秦川物联,电器仪表,四川,20200701,688528.SH,20240422,7.1,7.2,6.85,7.03,7.19,-0.16,-2.2253,5273.92,3715.781,0.3139,0.9544,0.28,861.3394,,1.7061,3.2102,3.6116,,,16800.0,16800.0,5526.096,118104.0,118104.0,8.63,5.75,1.017
688528,秦川物联,电器仪表,四川,20200701,688528.SH,20240419,7.4,7.41,7.1,7.19,7.47,-0.28,-3.7483,9729.54,7020.407,0.5791,1.7607,0.53,880.9432,,1.7449,3.2833,3.6938,,,16800.0,16800.0,5526.096,120792.0,120792.0,8.96,5.98,1.017
688528,秦川物联,电器仪表,四川,20200701,688528.SH,20240418,7.23,7.7,6.9,7.47,7.25,0.22,3.0345,19405.04,14188.632,1.1551,3.5115,1.23,915.2497,,1.8129,3.4111,3.8376,,,16800.0,16800.0,5526.096,125496.0,125496.0,8.7,5.8,1.017
688528,秦川物联,电器仪表,四川,20200701,688528.SH,20240417,6.38,7.38,6.36,7.25,6.35,0.9,14.1732,19953.46,14193.413,1.1877,3.6108,1.47,888.2946,,1.7595,3.3107,3.7246,,,16800.0,16800.0,5526.096,121800.0,121800.0,7.62,5.08,1.017
688528,秦川物联,电器仪表,四川,20200701,688528.SH,20240416,7.3,7.3,6.34,6.35,7.44,-1.09,-14.6505,25434.09,16767.814,1.5139,4.6025,2.62,778.0235,,1.5411,2.8997,3.2622,,,16800.0,16800.0,5526.096,106680.0,106680.0,8.93,5.95,1.017
688528,秦川物联,电器仪表,四川,20200701,688528.SH,20240415,7.94,8.02,7.27,7.44,7.98,-0.54,-6.7669,18645.55,14015.917,1.1099,3.3741,2.06,911.574,,1.8056,3.3974,3.8222,,,16800.0,16800.0,5526.096,124992.0,124992.0,9.58,6.38,1.017
688528,秦川物联,电器仪表,四川,20200701,688528.SH,20240412,8.06,8.2,7.98,7.98,8.13,-0.15,-1.845,8699.01,7027.185,0.5178,1.5742,0.95,977.7366,,1.9367,3.644,4.0996,,,16800.0,16800.0,5526.096,134064.0,134064.0,9.76,6.5,1.017
688528,秦川物联,电器仪表,四川,20200701,688528.SH,20240411,7.98,8.32,7.89,8.13,8.02,0.11,1.3716,6129.84,4995.622,0.3649,1.1093,0.6,996.1151,,1.9731,3.7125,4.1767,,,16800.0,16800.0,5526.096,136584.0,136584.0,9.62,6.42,1.017
688528,秦川物联,电器仪表,四川,20200701,688528.SH,20240410,8.17,8.18,7.93,8.02,8.17,-0.15,-1.836,8868.24,7106.768,0.5279,1.6048,0.79,982.6376,,1.9464,3.6623,4.1202,,,16800.0,16800.0,5526.096,134736.0,134736.0,9.8,6.54,1.017
688528,秦川物联,电器仪表,四川,20200701,688528.SH,20240409,7.83,8.19,7.8,8.17,7.93,0.24,3.0265,6174.3,4998.275,0.3675,1.1173,0.43,1001.0161,,1.9828,3.7308,4.1972,,,16800.0,16800.0,5526.096,137256.0,137256.0,9.52,6.34,1.017
688528,秦川物联,电器仪表,四川,20200701,688528.SH,20240408,8.2,8.25,7.9,7.93,8.27,-0.34,-4.1112,15361.34,12298.505,0.9144,2.7798,0.96,971.6105,,1.9245,3.6212,4.074,,,16800.0,16800.0,5526.096,133224.0,133224.0,9.92,6.62,1.017
688528,秦川物联,电器仪表,四川,20200701,688528.SH,20240403,8.33,8.43,8.18,8.27,8.39,-0.12,-1.4303,9105.48,7519.197,0.542,1.6477,0.52,1013.2684,,2.007,3.7765,4.2486,,,16800.0,16800.0,5526.096,138936.0,138936.0,10.07,6.71,1.017
688528,秦川物联,电器仪表,四川,20200701,688528.SH,20240402,8.36,8.52,8.3,8.39,8.39,0.0,0.0,11427.34,9630.367,0.6802,2.0679,0.61,1027.9712,,2.0362,3.8312,4.3103,,,16800.0,16800.0,5526.096,140952.0,140952.0,10.07,6.71,1.017
688528,秦川物联,电器仪表,四川,20200701,688528.SH,20240401,8.05,8.47,8.03,8.39,8.09,0.3,3.7083,14330.01,11893.402,0.853,2.5932,0.76,1027.9712,,2.0362,3.8312,4.3103,,,16800.0,16800.0,5526.096,140952.0,140952.0,9.71,6.47,1.017
688528,秦川物联,电器仪表,四川,20200701,688528.SH,20240329,8.33,8.33,7.97,8.09,8.29,-0.2,-2.4125,20892.7,16920.059,1.2436,3.7807,1.23,991.2142,,1.9634,3.6943,4.1561,,,16800.0,16800.0,5526.096,135912.0,135912.0,9.95,6.63,1.017
688528,秦川物联,电器仪表,四川,20200701,688528.SH,20240328,7.82,8.43,7.75,8.29,7.88,0.41,5.203,24293.67,19785.928,1.4461,4.3962,1.63,1015.7189,,2.0119,3.7856,4.2589,,,16800.0,16800.0,5526.096,139272.0,139272.0,9.46,6.3,1.017
688528,秦川物联,电器仪表,四川,20200701,688528.SH,20240327,8.02,8.08,7.82,7.88,8.02,-0.14,-1.7456,16593.21,13162.427,0.9877,3.0027,1.2,965.4843,,1.9124,3.5984,4.0483,,,16800.0,16800.0,5526.096,132384.0,132384.0,9.62,6.42,1.017
688528,秦川物联,电器仪表,四川,20200701,688528.SH,20240326,8.02,8.24,7.91,8.02,8.05,-0.03,-0.3727,17583.89,14131.529,1.0467,3.182,1.25,982.6376,,1.9464,3.6623,4.1202,,,16800.0,16800.0,5526.096,134736.0,134736.0,9.66,6.44,1.017
688528,秦川物联,电器仪表,四川,20200701,688528.SH,20240325,8.17,8.42,8.02,8.05,8.12,-0.07,-0.8621,14605.42,11958.494,0.8694,2.643,0.93,986.3133,,1.9536,3.676,4.1356,,,16800.0,16800.0,5526.096,135240.0,135240.0,9.74,6.5,1.017
688528,秦川物联,电器仪表,四川,20200701,688528.SH,20240322,8.38,8.5,8.08,8.12,8.39,-0.27,-3.2181,11979.05,9855.743,0.713,2.1677,0.78,994.8899,,1.9706,3.708,4.1716,,,16800.0,16800.0,5526.096,136416.0,136416.0,10.07,6.71,1.017
688528,秦川物联,电器仪表,四川,20200701,688528.SH,20240321,8.38,8.67,8.19,8.39,8.41,-0.02,-0.2378,13648.79,11407.248,0.8124,2.4699,0.91,1027.9712,,2.0362,3.8312,4.3103,,,16800.0,16800.0,5526.096,140952.0,140952.0,10.09,6.73,1.017
688528,秦川物联,电器仪表,四川,20200701,688528.SH,20240320,8.26,8.44,8.26,8.41,8.23,0.18,2.1871,11426.71,9550.44,0.6802,2.0678,0.75,1030.4217,,2.041,3.8404,4.3205,,,16800.0,16800.0,5526.096,141288.0,141288.0,9.88,6.58,1.017
688528,秦川物联,电器仪表,四川,20200701,688528.SH,20240319,8.48,8.54,8.18,8.23,8.54,-0.31,-3.63,18938.2,15806.542,1.1273,3.427,1.35,1008.3675,,1.9973,3.7582,4.2281,,,16800.0,16800.0,5526.096,138264.0,138264.0,10.25,6.83,1.017
688528,秦川物联,电器仪表,四川,20200701,688528.SH,20240318,8.23,8.71,8.1,8.54,8.13,0.41,5.0431,22460.77,18829.732,1.337,4.0645,1.96,1046.3497,,2.0726,3.8997,4.3873,,,16800.0,16800.0,5526.096,143472.0,143472.0,9.76,6.5,1.017
688528,秦川物联,电器仪表,四川,20200701,688528.SH,20240315,8.0,8.13,7.85,8.13,7.94,0.19,2.3929,9855.83,7941.167,0.5867,1.7835,0.88,996.1151,,1.9731,3.7125,4.1767,,,16800.0,16800.0,5526.096,136584.0,136584.0,9.53,6.35,1.017
688528,秦川物联,电器仪表,四川,20200701,688528.SH,20240314,7.9,7.98,7.77,7.94,7.91,0.03,0.3793,12500.28,9875.027,0.7441,2.262,1.11,972.8357,,1.927,3.6258,4.0791,,,16800.0,16800.0,5526.096,133392.0,133392.0,9.49,6.33,1.017
688528,秦川物联,电器仪表,四川,20200701,688528.SH,20240313,7.95,7.99,7.8,7.91,7.89,0.02,0.2535,12273.9,9686.676,0.7306,2.2211,1.05,969.16,,1.9197,3.6121,4.0637,,,16800.0,16800.0,5526.096,132888.0,132888.0,9.47,6.31,1.017
688528,秦川物联,电器仪表,四川,20200701,688528.SH,20240312,8.07,8.07,7.71,7.89,7.72,0.17,2.2021,13159.74,10339.062,0.7833,2.3814,1.03,966.7095,,1.9148,3.6029,4.0534,,,16800.0,16800.0,5526.096,132552.0,132552.0,9.26,6.18,1.017
688528,秦川物联,电器仪表,四川,20200701,688528.SH,20240311,7.6,7.74,7.56,7.72,7.55,0.17,2.2517,9575.68,7348.804,0.57,1.7328,0.65,945.8805,,1.8736,3.5253,3.9661,,,16800.0,16800.0,5526.096,129696.0,129696.0,9.06,6.04,1.017
688528,秦川物联,电器仪表,四川,20200701,688528.SH,20240308,7.44,7.59,7.38,7.55,7.43,0.12,1.6151,8780.09,6579.811,0.5226,1.5888,0.48,925.0516,,1.8323,3.4477,3.8787,,,16800.0,16800.0,5526.096,126840.0,126840.0,8.92,5.94,1.017
688528,秦川物联,电器仪表,四川,20200701,688528.SH,20240307,7.53,7.76,7.43,7.43,7.51,-0.08,-1.0652,12514.28,9467.046,0.7449,2.2646,0.57,910.3488,,1.8032,3.3929,3.8171,,,16800.0,16800.0,5526.096,124824.0,124824.0,9.01,6.01,1.017
688528,秦川物联,电器仪表,四川,20200701,688528.SH,20240306,7.48,7.55,7.28,7.51,7.41,0.1,1.3495,14195.08,10560.538,0.8449,2.5687,0.47,920.1506,,1.8226,3.4294,3.8582,,,16800.0,16800.0,5526.096,126168.0,126168.0,8.89,5.93,1.017
688528,秦川物联,电器仪表,四川,20200701,688528.SH,20240305,7.44,7.61,7.31,7.41,7.48,-0.07,-0.9358,19070.49,14216.382,1.1351,3.451,0.63,907.8983,,1.7983,3.3837,3.8068,,,16800.0,16800.0,5526.096,124488.0,124488.0,8.98,5.98,1.017
688528,秦川物联,电器仪表,四川,20200701,688528.SH,20240304,7.63,7.74,7.3,7.48,7.63,-0.15,-1.9659,19099.79,14258.8,1.1369,3.4563,0.58,916.4749,,1.8153,3.4157,3.8428,,,16800.0,16800.0,5526.096,125664.0,125664.0,9.16,6.1,1.017
688528,秦川物联,电器仪表,四川,20200701,688528.SH,20240301,7.44,7.79,7.44,7.63,7.35,0.28,3.8095,27008.53,20602.168,1.6077,4.8875,0.84,934.8534,,1.8517,3.4842,3.9198,,,16800.0,16800.0,5526.096,128184.0,128184.0,8.82,5.88,1.017
688528,秦川物联,电器仪表,四川,20200701,688528.SH,20240229,7.11,7.56,6.7,7.35,7.0,0.35,5.0,30463.75,22047.046,1.8133,5.5127,0.93,900.5469,,1.7838,3.3563,3.776,,,16800.0,16800.0,5526.096,123480.0,123480.0,8.4,5.6,1.017
688528,秦川物联,电器仪表,四川,20200701,688528.SH,20240228,8.04,8.26,7.0,7.0,7.96,-0.96,-12.0603,55734.48,41991.736,3.3175,10.0857,2.12,857.6637,,1.6988,3.1965,3.5962,,,16800.0,16800.0,5526.096,117600.0,117600.0,9.55,6.37,1.017
688528,秦川物联,电器仪表,四川,20200701,688528.SH,20240227,7.77,8.06,7.57,7.96,7.65,0.31,4.0523,19539.57,15293.557,1.1631,3.5359,0.73,975.2862,,1.9318,3.6349,4.0894,,,16800.0,16800.0,5526.096,133728.0,133728.0,9.18,6.12,1.017
688528,秦川物联,电器仪表,四川,20200701,688528.SH,20240226,7.4,7.94,7.35,7.65,7.37,0.28,3.7992,31660.0,24116.339,1.8845,5.7292,1.17,937.3039,,1.8566,3.4933,3.9301,,,16800.0,16800.0,5526.096,128520.0,128520.0,8.84,5.9,1.017
688528,秦川物联,电器仪表,四川,20200701,688528.SH,20240223,7.05,7.37,7.05,7.37,7.07,0.3,4.2433,24320.2,17517.91,1.4476,4.609,0.76,902.9974,,1.755,3.3655,3.6688,,,16800.0,16800.0,5276.6329,123816.0,123816.0,8.48,5.66,1.017
688528,秦川物联,电器仪表,四川,20200701,688528.SH,20240222,6.81,7.16,6.63,7.07,6.49,0.58,8.9368,32430.96,22653.053,1.9304,6.1461,0.96,866.2403,,1.6836,3.2285,3.5195,,,16800.0,16800.0,5276.6329,118776.0,118776.0,7.79,5.19,1.017
688528,秦川物联,电器仪表,四川,20200701,688528.SH,20240221,6.3,6.83,6.17,6.49,6.32,0.17,2.6899,23777.36,15485.984,1.4153,4.5062,0.62,795.1768,,1.5455,2.9636,3.2307,,,16800.0,16800.0,5276.6329,109032.0,109032.0,7.58,5.06,1.017
688528,秦川物联,电器仪表,四川,20200701,688528.SH,20240220,6.14,6.45,5.96,6.32,6.11,0.21,3.437,21637.45,13557.019,1.2879,4.1006,0.49,774.3478,,1.505,2.886,3.1461,,,16800.0,16800.0,5276.6329,106176.0,106176.0,7.33,4.89,1.017
688528,秦川物联,电器仪表,四川,20200701,688528.SH,20240219,5.79,6.16,5.75,6.11,5.74,0.37,6.446,32577.46,19581.361,1.9391,6.1739,0.78,748.6179,,1.455,2.7901,3.0416,,,16800.0,16800.0,5276.6329,102648.0,102648.0,6.89,4.59,1.017
688528,秦川物联,电器仪表,四川,20200701,688528.SH,20240208,5.09,5.78,4.81,5.74,5.1,0.64,12.549,49134.55,25665.244,2.9247,9.3117,1.36,703.2842,,1.3669,2.6211,2.8574,,,16800.0,16800.0,5276.6329,96432.0,96432.0,6.12,4.08,1.017
688528,秦川物联,电器仪表,四川,20200701,688528.SH,20240207,5.75,5.76,4.95,5.1,5.73,-0.63,-10.9948,42159.53,21662.049,2.5095,7.9899,1.28,624.8693,,1.2145,2.3289,2.5388,,,16800.0,16800.0,5276.6329,85680.0,85680.0,6.88,4.58,1.017
688528,秦川物联,电器仪表,四川,20200701,688528.SH,20240206,5.79,5.92,5.09,5.73,5.86,-0.13,-2.2184,45958.23,24702.524,2.7356,8.7098,1.62,702.059,,1.3645,2.6166,2.8524,,,16800.0,16800.0,5276.6329,96264.0,96264.0,7.03,4.69,1.017
688528,秦川物联,电器仪表,四川,20200701,688528.SH,20240205,7.15,7.18,5.84,5.86,7.3,-1.44,-19.726,51589.44,31681.249,3.0708,9.777,2.35,717.987,,1.3954,2.6759,2.9171,,,16800.0,16800.0,5276.6329,98448.0,98448.0,8.76,5.84,1.017
688528,秦川物联,电器仪表,四川,20200701,688528.SH,20240202,7.76,8.1,7.0,7.3,7.78,-0.48,-6.1697,19687.49,14886.882,1.1719,3.7311,0.95,894.4207,,1.7383,3.3335,3.6339,,,16800.0,16800.0,5276.6329,122640.0,122640.0,9.34,6.22,1.017
688528,秦川物联,电器仪表,四川,20200701,688528.SH,20240201,7.85,7.92,7.57,7.78,7.91,-0.13,-1.6435,21224.45,16452.604,1.2634,4.0223,1.04,953.2319,,1.8527,3.5527,3.8729,,,16800.0,16800.0,5276.6329,130704.0,130704.0,9.49,6.33,1.017
688528,秦川物联,电器仪表,四川,20200701,688528.SH,20240131,8.73,8.82,7.86,7.91,8.69,-0.78,-8.9758,26479.29,21834.42,1.5761,5.0182,1.44,969.16,,1.8836,3.6121,3.9376,,,16800.0,16800.0,5276.6329,132888.0,132888.0,10.43,6.95,1.017
688528,秦川物联,电器仪表,四川,20200701,688528.SH,20240130,9.21,9.34,8.68,8.69,9.26,-0.57,-6.1555,22710.0,20410.1,1.3518,4.3039,1.26,1064.7282,,2.0693,3.9682,4.3259,,,16800.0,16800.0,5276.6329,145992.0,145992.0,11.11,7.41,1.017
688528,秦川物联,电器仪表,四川,20200701,688528.SH,20240129,9.78,9.93,9.26,9.26,9.73,-0.47,-4.8304,19676.07,18653.541,1.1712,3.7289,1.13,1134.5666,,2.2051,4.2285,4.6096,,,16800.0,16800.0,5276.6329,155568.0,155568.0,11.68,7.78,1.017
688528,秦川物联,电器仪表,四川,20200701,688528.SH,20240126,9.99,10.18,9.62,9.73,9.9,-0.17,-1.7172,13764.2,13612.527,0.8193,2.6085,0.82,1192.1526,,2.317,4.4432,4.8436,,,16800.0,16800.0,5276.6329,163464.0,163464.0,11.88,7.92,1.017
688528,秦川物联,电器仪表,四川,20200701,688528.SH,20240125,9.18,9.95,9.09,9.9,9.12,0.78,8.5526,19341.99,18656.704,1.1513,3.6656,1.16,1212.9815,,2.3575,4.5208,4.9282,,,16800.0,16800.0,5276.6329,166320.0,166320.0,10.94,7.3,1.017
688528,秦川物联,电器仪表,四川,20200701,688528.SH,20240124,8.98,9.25,8.7,9.12,8.94,0.18,2.0134,16457.9,14822.432,0.9796,3.119,1.07,1117.4133,,2.1717,4.1646,4.5399,,,16800.0,16800.0,5276.6329,153216.0,153216.0,10.73,7.15,1.017
688528,秦川物联,电器仪表,四川,20200701,688528.SH,20240123,9.27,9.27,8.85,8.94,9.28,-0.34,-3.6638,20838.88,18645.51,1.2404,3.9493,1.47,1095.3591,,2.1289,4.0824,4.4503,,,16800.0,16800.0,5276.6329,150192.0,150192.0,11.14,7.42,1.017
688528,秦川物联,电器仪表,四川,20200701,688528.SH,20240122,10.02,10.15,9.14,9.28,10.05,-0.77,-7.6617,16500.12,15814.577,0.9822,3.127,1.25,1137.017,,2.2098,4.2377,4.6196,,,16800.0,16800.0,5276.6329,155904.0,155904.0,12.06,8.04,1.017
688528,秦川物联,电器仪表,四川,20200701,688528.SH,20240119,10.14,10.23,9.99,10.05,10.14,-0.09,-0.8876,10930.24,11014.281,0.6506,2.0714,0.84,1231.36,,2.3932,4.5893,5.0029,,,16800.0,16800.0,5276.6329,168840.0,168840.0,12.17,8.11,1.017
688528,秦川物联,电器仪表,四川,20200701,688528.SH,20240118,10.63,10.72,9.91,10.14,10.63,-0.49,-4.6096,18703.28,19030.342,1.1133,3.5445,1.68,1242.3871,,2.4146,4.6304,5.0477,,,16800.0,16800.0,5276.6329,170352.0,170352.0,12.76,8.5,1.017
688528,秦川物联,电器仪表,四川,20200701,688528.SH,20240117,10.94,11.0,10.63,10.63,10.93,-0.3,-2.7447,9720.26,10502.145,0.5786,1.8421,0.86,1302.4236,,2.5313,4.8541,5.2916,,,16800.0,16800.0,5276.6329,178584.0,178584.0,13.12,8.74,1.017
688528,秦川物联,电器仪表,四川,20200701,688528.SH,20240116,10.92,11.1,10.76,10.93,10.91,0.02,0.1833,14840.15,16183.958,0.8833,2.8124,1.4,1339.1806,,2.6028,4.9911,5.441,,,16800.0,16800.0,5276.6329,183624.0,183624.0,13.09,8.73,1.017
688528,秦川物联,电器仪表,四川,20200701,688528.SH,20240115,10.96,11.07,10.84,10.91,11.0,-0.09,-0.8182,11976.89,13103.833,0.7129,2.2698,1.23,1336.7301,,2.598,4.982,5.431,,,16800.0,16800.0,5276.6329,183288.0,183288.0,13.2,8.8,1.017
688528,秦川物联,电器仪表,四川,20200701,688528.SH,20240112,11.07,11.23,10.96,11.0,11.07,-0.07,-0.6323,9691.64,10760.695,0.5769,1.8367,0.95,1347.7573,,2.6194,5.0231,5.4758,,,16800.0,16800.0,5276.6329,184800.0,184800.0,13.28,8.86,1.017
688528,秦川物联,电器仪表,四川,20200701,688528.SH,20240111,10.97,11.13,10.91,11.07,10.98,0.09,0.8197,9468.47,10437.185,0.5636,1.7944,0.93,1356.3339,,2.6361,5.0551,5.5107,,,16800.0,16800.0,5276.6329,185976.0,185976.0,13.18,8.78,1.017
688528,秦川物联,电器仪表,四川,20200701,688528.SH,20240110,11.11,11.23,10.86,10.98,11.11,-0.13,-1.1701,10488.0,11586.341,0.6243,1.9876,0.93,1345.3068,,2.6147,5.014,5.4659,,,16800.0,16800.0,5276.6329,184464.0,184464.0,13.33,8.89,1.017
688528,秦川物联,电器仪表,四川,20200701,688528.SH,20240109,11.01,11.24,10.99,11.11,11.0,0.11,1.0,11296.56,12553.432,0.6724,2.1409,0.84,1361.2348,,2.6456,5.0733,5.5306,,,16800.0,16800.0,5276.6329,186648.0,186648.0,13.2,8.8,1.017
688528,秦川物联,电器仪表,四川,20200701,688528.SH,20240108,11.2,11.28,11.0,11.0,11.2,-0.2,-1.7857,7918.0,8786.521,0.4713,1.5006,0.53,1347.7573,,2.6194,5.0231,5.4758,,,16800.0,16800.0,5276.6329,184800.0,184800.0,13.44,8.96,1.017
688528,秦川物联,电器仪表,四川,20200701,688528.SH,20240105,11.34,11.47,11.15,11.2,11.33,-0.13,-1.1474,11617.71,13080.066,0.6915,2.2017,0.8,1372.2619,,2.6671,5.1144,5.5754,,,16800.0,16800.0,5276.6329,188160.0,188160.0,13.6,9.06,1.017
688528,秦川物联,电器仪表,四川,20200701,688528.SH,20240104,11.35,11.4,11.24,11.33,11.38,-0.05,-0.4394,9804.1,11090.991,0.5836,1.858,0.68,1388.19,,2.698,5.1738,5.6401,,,16800.0,16800.0,5276.6329,190344.0,190344.0,13.66,9.1,1.017
688528,秦川物联,电器仪表,四川,20200701,688528.SH,20240103,11.33,11.38,11.2,11.38,11.33,0.05,0.4413,16054.79,18155.45,0.9556,3.0426,1.22,1394.3161,,2.7099,5.1966,5.665,,,16800.0,16800.0,5276.6329,191184.0,191184.0,13.6,9.06,1.017
688528,秦川物联,电器仪表,四川,20200701,688528.SH,20240102,11.26,11.36,11.19,11.33,11.05,0.28,2.5339,21974.1,24838.299,1.308,4.1644,2.04,1388.19,,2.698,5.1738,5.6401,,,16800.0,16800.0,5276.6329,190344.0,190344.0,13.26,8.84,1.017
688528,秦川物联,电器仪表,四川,20200701,688528.SH,20231229,10.82,11.1,10.68,11.05,10.72,0.33,3.0784,14569.97,15993.112,2.18,2.7612,1.41,1353.8834,,2.6313,5.0459,5.5007,,,16800.0,6683.4719,5276.6329,185640.0,73852.3645,12.86,8.58,1.017
688528,秦川物联,电器仪表,四川,20200701,688528.SH,20231228,10.51,10.8,10.35,10.72,10.52,0.2,1.9011,9814.34,10433.912,1.4684,1.86,0.87,1313.4507,,2.5528,4.8952,5.3364,,,16800.0,6683.4719,5276.6329,180096.0,71646.8188,12.62,8.42,1.017
688528,秦川物联,电器仪表,四川,20200701,688528.SH,20231227,10.48,10.62,10.34,10.52,10.42,0.1,0.9597,9423.39,9883.075,1.41,1.7859,0.79,1288.946,,2.5051,4.8039,5.2369,,,16800.0,6683.4719,5276.6329,176736.0,70310.1244,12.5,8.34,1.017
688528,秦川物联,电器仪表,四川,20200701,688528.SH,20231226,10.62,10.68,10.38,10.42,10.62,-0.2,-1.8832,9956.9,10440.617,1.4898,1.887,0.84,1276.6937,,2.4813,4.7582,5.1871,,,16800.0,6683.4719,5276.6329,175056.0,69641.7772,12.74,8.5,1.017
688528,秦川物联,电器仪表,四川,20200701,688528.SH,20231225,10.8,10.82,10.44,10.62,10.64,-0.02,-0.188,10031.55,10618.58,1.5009,1.9011,0.89,1301.1984,,2.5289,4.8496,5.2866,,,16800.0,6683.4719,5276.6329,178416.0,70978.4716,12.77,8.51,1.017
688528,秦川物联,电器仪表,四川,20200701,688528.SH,20231222,10.92,10.99,10.61,10.64,10.92,-0.28,-2.5641,12300.84,13263.339,1.8405,2.3312,1.21,1303.6488,,2.5337,4.8587,5.2966,,,16800.0,6683.4719,5276.6329,178752.0,71112.141,13.1,8.74,1.017
688528,秦川物联,电器仪表,四川,20200701,688528.SH,20231221,11.0,11.0,10.54,10.92,10.99,-0.07,-0.6369,14747.98,15885.007,2.2066,2.795,1.77,1337.9554,,2.6004,4.9866,5.436,,,16800.0,6683.4719,5276.6329,183456.0,72983.5131,13.19,8.79,1.017
688528,秦川物联,电器仪表,四川,20200701,688528.SH,20231220,10.96,11.2,10.92,10.99,10.88,0.11,1.011,12372.19,13718.86,1.8512,2.3447,1.66,1346.532,,2.617,5.0185,5.4708,,,16800.0,6683.4719,5276.6329,184632.0,73451.3562,13.06,8.7,1.017
688528,秦川物联,电器仪表,四川,20200701,688528.SH,20231219,10.69,10.97,10.63,10.88,10.74,0.14,1.3035,9565.98,10339.102,1.4313,1.8129,1.31,1333.0544,,2.5909,4.9683,5.4161,,,16800.0,6683.4719,5276.6329,182784.0,72716.1743,12.89,8.59,1.017
688528,秦川物联,电器仪表,四川,20200701,688528.SH,20231218,10.7,10.78,10.63,10.74,10.75,-0.01,-0.093,7209.09,7714.217,1.0786,1.3662,0.8,1315.9012,,2.5575,4.9044,5.3464,,,16800.0,6683.4719,5276.6329,180432.0,71780.4882,12.9,8.6,1.017
688528,秦川物联,电器仪表,四川,20200701,688528.SH,20231215,10.8,10.87,10.71,10.75,10.76,-0.01,-0.0929,6905.42,7428.059,1.0332,1.3087,0.69,1317.1264,,2.5599,4.9089,5.3514,,,16800.0,6683.4719,5276.6329,180600.0,71847.3229,12.91,8.61,1.017
688528,秦川物联,电器仪表,四川,20200701,688528.SH,20231214,10.89,10.93,10.73,10.76,10.84,-0.08,-0.738,5520.29,5971.57,0.826,1.0462,0.52,1318.3516,,2.5623,4.9135,5.3563,,,16800.0,6683.4719,5276.6329,180768.0,71914.1576,13.01,8.67,1.017
688528,秦川物联,电器仪表,四川,20200701,688528.SH,20231213,10.89,11.05,10.71,10.84,10.8,0.04,0.3704,8164.44,8877.546,1.2216,1.5473,0.8,1328.1535,,2.5813,4.95,5.3962,,,16800.0,6683.4719,5276.6329,182112.0,72448.8354,12.96,8.64,1.017
688528,秦川物联,电器仪表,四川,20200701,688528.SH,20231212,10.96,11.0,10.67,10.8,10.89,-0.09,-0.8264,8686.15,9349.286,1.2996,1.6462,0.87,1323.2526,,2.5718,4.9318,5.3763,,,16800.0,6683.4719,5276.6329,181440.0,72181.4965,13.07,8.71,1.017
688528,秦川物联,电器仪表,四川,20200701,688528.SH,20231211,10.88,11.18,10.71,10.89,10.9,-0.01,-0.0917,16014.98,17441.839,2.3962,3.0351,1.75,1334.2797,,2.5932,4.9729,5.4211,,,16800.0,6683.4719,5276.6329,182952.0,72783.009,13.08,8.72,1.017
688528,秦川物联,电器仪表,四川,20200701,688528.SH,20231208,11.0,11.19,10.88,10.9,11.0,-0.1,-0.9091,11579.02,12691.67,1.7325,2.1944,1.26,1335.5049,,2.5956,4.9774,5.426,,,16800.0,6683.4719,5276.6329,183120.0,72849.8437,13.2,8.8,1.017
688528,秦川物联,电器仪表,四川,20200701,688528.SH,20231207,11.15,11.24,10.92,11.0,11.16,-0.16,-1.4337,8177.32,9028.652,1.2235,1.5497,0.89,1347.7573,,2.6194,5.0231,5.4758,,,16800.0,6683.4719,5276.6329,184800.0,73518.1909,13.39,8.93,1.017
688528,秦川物联,电器仪表,四川,20200701,688528.SH,20231206,11.03,11.27,11.0,11.16,11.04,0.12,1.087,6831.96,7631.738,1.0222,1.2948,0.68,1367.361,,2.6575,5.0962,5.5555,,,16800.0,6683.4719,5276.6329,187488.0,74587.5464,13.25,8.83,1.017
688528,秦川物联,电器仪表,四川,20200701,688528.SH,20231205,11.18,11.25,11.03,11.04,11.13,-0.09,-0.8086,7063.78,7833.753,1.0569,1.3387,0.65,1352.6582,,2.629,5.0414,5.4957,,,16800.0,6683.4719,5276.6329,185472.0,73785.5298,13.36,8.9,1.017
688528,秦川物联,电器仪表,四川,20200701,688528.SH,20231204,11.14,11.35,11.11,11.13,11.13,0.0,0.0,12233.07,13674.01,1.8303,2.3183,1.16,1363.6853,,2.6504,5.0825,5.5405,,,16800.0,6683.4719,5276.6329,186984.0,74387.0422,13.36,8.9,1.017
688528,秦川物联,电器仪表,四川,20200701,688528.SH,20231201,11.33,11.34,11.07,11.13,11.3,-0.17,-1.5044,11502.59,12855.106,1.7211,2.1799,1.23,1363.6853,,2.6504,5.0825,5.5405,,,16800.0,6683.4719,5276.6329,186984.0,74387.0422,13.56,9.04,1.017
688528,秦川物联,电器仪表,四川,20200701,688528.SH,20231130,11.22,11.4,11.17,11.3,11.33,-0.03,-0.2648,8211.99,9241.886,1.2287,1.5563,0.89,1384.5143,,2.6909,5.1601,5.6252,,,16800.0,6683.4719,5276.6329,189840.0,75523.2325,13.6,9.06,1.017
688528,秦川物联,电器仪表,四川,20200701,688528.SH,20231129,11.33,11.45,11.2,11.33,11.29,0.04,0.3543,11080.67,12579.84,1.6579,2.1,1.25,1388.19,,2.698,5.1738,5.6401,,,16800.0,6683.4719,5276.6329,190344.0,75723.7366,13.55,9.03,1.017
688528,秦川物联,电器仪表,四川,20200701,688528.SH,20231128,11.14,11.31,11.02,11.29,11.12,0.17,1.5288,11037.08,12408.889,1.6514,2.0917,1.42,1383.289,,2.6885,5.1555,5.6202,,,16800.0,6683.4719,5276.6329,189672.0,75456.3978,13.34,8.9,1.017
688528,秦川物联,电器仪表,四川,20200701,688528.SH,20231127,10.95,11.22,10.91,11.12,10.92,0.2,1.8315,10928.39,12101.812,1.6351,2.0711,1.53,1362.4601,,2.648,5.0779,5.5355,,,16800.0,6683.4719,5276.6329,186816.0,74320.2075,13.1,8.74,1.017
688528,秦川物联,电器仪表,四川,20200701,688528.SH,20231124,11.11,11.14,10.87,10.92,11.07,-0.15,-1.355,5464.09,5974.912,0.8176,1.0355,0.76,1337.9554,,2.6004,4.9866,5.436,,,16800.0,6683.4719,5276.6329,183456.0,72983.5131,13.28,8.86,1.017
688528,秦川物联,电器仪表,四川,20200701,688528.SH,20231123,10.9,11.1,10.9,11.07,10.94,0.13,1.1883,7744.63,8530.542,1.1588,1.4677,1.05,1356.3339,,2.6361,5.0551,5.5107,,,16800.0,6683.4719,5276.6329,185976.0,73986.0339,13.13,8.75,1.017
688528,秦川物联,电器仪表,四川,20200701,688528.SH,20231122,11.18,11.18,10.9,10.94,11.13,-0.19,-1.7071,9096.96,10030.556,1.3611,1.724,1.31,1340.4058,,2.6051,4.9957,5.4459,,,16800.0,6683.4719,5276.6329,183792.0,73117.1826,13.36,8.9,1.017
688528,秦川物联,电器仪表,四川,20200701,688528.SH,20231121,11.21,11.27,10.95,11.13,11.24,-0.11,-0.9786,5610.77,6251.084,0.8395,1.0633,0.71,1363.6853,,2.6504,5.0825,5.5405,,,16800.0,6683.4719,5276.6329,186984.0,74387.0422,13.49,8.99,1.017
688528,秦川物联,电器仪表,四川,20200701,688528.SH,20231120,11.05,11.25,11.03,11.24,11.08,0.16,1.444,7853.39,8762.917,1.175,1.4883,0.92,1377.1629,,2.6766,5.1327,5.5953,,,16800.0,6683.4719,5276.6329,188832.0,75122.2242,13.3,8.86,1.017
688528,秦川物联,电器仪表,四川,20200701,688528.SH,20231117,11.11,11.17,11.0,11.08,11.06,0.02,0.1808,5691.15,6320.179,0.8515,1.0786,0.63,1357.5591,,2.6385,5.0596,5.5156,,,16800.0,6683.4719,5276.6329,186144.0,74052.8687,13.27,8.85,1.017
688528,秦川物联,电器仪表,四川,20200701,688528.SH,20231116,10.98,11.14,10.98,11.06,11.03,0.03,0.272,8798.81,9737.358,1.3165,1.6675,1.08,1355.1087,,2.6337,5.0505,5.5057,,,16800.0,6683.4719,5276.6329,185808.0,73919.1992,13.24,8.82,1.017
688528,秦川物联,电器仪表,四川,20200701,688528.SH,20231115,11.11,11.15,10.95,11.03,11.07,-0.04,-0.3613,6864.31,7573.496,1.0271,1.3009,0.83,1351.433,,2.6266,5.0368,5.4907,,,16800.0,6683.4719,5276.6329,185304.0,73718.6951,13.28,8.86,1.017
688528,秦川物联,电器仪表,四川,20200701,688528.SH,20231114,11.05,11.18,10.91,11.07,11.06,0.01,0.0904,10531.34,11620.616,1.5757,1.9958,1.35,1356.3339,,2.6361,5.0551,5.5107,,,16800.0,6683.4719,5276.6329,185976.0,73986.0339,13.27,8.85,1.017
688528,秦川物联,电器仪表,四川,20200701,688528.SH,20231113,10.9,11.07,10.85,11.06,10.82,0.24,2.2181,10766.48,11854.805,1.6109,2.0404,1.61,1355.1087,,2.6337,5.0505,5.5057,,,16800.0,6683.4719,5276.6329,185808.0,73919.1992,12.98,8.66,1.017
688528,秦川物联,电器仪表,四川,20200701,688528.SH,20231110,10.73,10.88,10.63,10.82,10.78,0.04,0.3711,8097.98,8765.865,1.2116,1.5347,1.29,1325.703,,2.5766,4.9409,5.3862,,,16800.0,6683.4719,5276.6329,181776.0,72315.166,12.94,8.62,1.017
688528,秦川物联,电器仪表,四川,20200701,688528.SH,20231109,10.8,10.92,10.7,10.78,10.84,-0.06,-0.5535,4627.63,5004.967,0.6924,0.877,0.71,1320.8021,,2.567,4.9226,5.3663,,,16800.0,6683.4719,5276.6329,181104.0,72047.8271,13.01,8.67,1.017
688528,秦川物联,电器仪表,四川,20200701,688528.SH,20231108,10.85,10.9,10.74,10.84,10.82,0.02,0.1848,7570.59,8194.97,1.1327,1.4347,1.15,1328.1535,,2.5813,4.95,5.3962,,,16800.0,6683.4719,5276.6329,182112.0,72448.8354,12.98,8.66,1.017
688528,秦川物联,电器仪表,四川,20200701,688528.SH,20231107,10.71,10.87,10.66,10.82,10.77,0.05,0.4643,7903.02,8539.565,1.1825,1.4977,1.27,1325.703,,2.5766,4.9409,5.3862,,,16800.0,6683.4719,5276.6329,181776.0,72315.166,12.92,8.62,1.017
688528,秦川物联,电器仪表,四川,20200701,688528.SH,20231106,10.77,10.87,10.7,10.77,10.67,0.1,0.9372,5268.2,5674.417,0.7882,0.9984,0.74,1319.5769,,2.5647,4.9181,5.3613,,,16800.0,6683.4719,5276.6329,180936.0,71980.9924,12.8,8.54,1.017
688528,秦川物联,电器仪表,四川,20200701,688528.SH,20231103,10.68,10.81,10.6,10.67,10.62,0.05,0.4708,6083.42,6534.724,0.9102,1.1529,0.84,1307.3245,,2.5408,4.8724,5.3115,,,16800.0,6683.4719,5276.6329,179256.0,71312.6452,12.74,8.5,1.017
688528,秦川物联,电器仪表,四川,20200701,688528.SH,20231102,10.68,10.72,10.52,10.62,10.66,-0.04,-0.3752,5648.99,6010.178,0.8452,1.0706,0.83,1301.1984,,2.5289,4.8496,5.2866,,,16800.0,6683.4719,5276.6329,178416.0,70978.4716,12.79,8.53,1.017
688528,秦川物联,电器仪表,四川,20200701,688528.SH,20231101,10.51,10.69,10.34,10.66,10.45,0.21,2.0096,8062.96,8562.252,1.2064,1.5281,1.33,1306.0993,,2.5385,4.8678,5.3066,,,16800.0,6683.4719,5276.6329,179088.0,71245.8105,12.54,8.36,1.017
688528,秦川物联,电器仪表,四川,20200701,688528.SH,20231031,10.48,10.52,10.32,10.45,10.48,-0.03,-0.2863,5953.68,6197.752,0.8908,1.1283,0.97,1280.3694,,2.4885,4.7719,5.202,,,16800.0,6683.4719,5276.6329,175560.0,69842.2814,12.58,8.38,1.017
688528,秦川物联,电器仪表,四川,20200701,688528.SH,20231030,10.3,10.54,10.18,10.48,10.18,0.3,2.947,9698.56,10091.566,1.4511,1.838,1.74,1284.0451,,2.4956,4.7856,5.217,,,16800.0,6683.4719,5276.6329,176064.0,70042.7855,12.22,8.14,1.017
688528,秦川物联,电器仪表,四川,20200701,688528.SH,20231027,10.11,10.21,10.0,10.18,10.11,0.07,0.6924,6665.51,6754.656,0.9973,1.2836,1.23,1247.2881,,2.4242,4.6486,5.0676,,,16800.0,6683.4719,5192.7,171024.0,68037.7439,12.13,8.09,1.017
688528,秦川物联,电器仪表,四川,20200701,688528.SH,20231026,10.22,10.24,10.03,10.11,10.25,-0.14,-1.3659,3720.65,3764.162,0.5567,0.7165,0.66,1238.7114,,2.3743,4.6167,4.8918,,,16800.0,6683.4719,5192.7,169848.0,67569.9009,12.3,8.2,1.017
688528,秦川物联,电器仪表,四川,20200701,688528.SH,20231025,10.17,10.38,10.15,10.25,10.12,0.13,1.2846,4383.0,4501.832,0.6558,0.8441,0.73,1255.8647,,2.4072,4.6806,4.9596,,,16800.0,6683.4719,5192.7,172200.0,68505.587,12.14,8.1,1.017
688528,秦川物联,电器仪表,四川,20200701,688528.SH,20231024,9.82,10.14,9.72,10.12,9.77,0.35,3.5824,6092.51,6097.292,0.9116,1.1733,1.08,1239.9367,,2.3766,4.6212,4.8967,,,16800.0,6683.4719,5192.7,170016.0,67636.7356,11.72,7.82,1.017
688528,秦川物联,电器仪表,四川,20200701,688528.SH,20231023,10.02,10.02,9.7,9.77,9.98,-0.21,-2.1042,6934.65,6838.074,1.0376,1.3355,1.27,1197.0535,,2.2944,4.4614,4.7273,,,16800.0,6683.4719,5192.7,164136.0,65297.5205,11.98,7.98,1.017
688528,秦川物联,电器仪表,四川,20200701,688528.SH,20231020,10.19,10.3,9.94,9.98,10.2,-0.22,-2.1569,6040.41,6087.25,0.9038,1.1633,1.11,1222.7834,,2.3437,4.5573,4.8289,,,16800.0,6683.4719,5192.7,167664.0,66701.0496,12.24,8.16,1.017
688528,秦川物联,电器仪表,四川,20200701,688528.SH,20231019,10.19,10.43,10.1,10.2,10.17,0.03,0.295,4592.72,4723.358,0.6872,0.8845,0.71,1249.7385,,2.3954,4.6578,4.9354,,,16800.0,6683.4719,5192.7,171360.0,68171.4134,12.2,8.14,1.017
688528,秦川物联,电器仪表,四川,20200701,688528.SH,20231018,10.44,10.44,10.08,10.17,10.41,-0.24,-2.3055,6322.73,6442.656,0.946,1.2176,0.95,1246.0628,,2.3884,4.6441,4.9208,,,16800.0,6683.4719,5192.7,170856.0,67970.9092,12.49,8.33,1.017
688528,秦川物联,电器仪表,四川,20200701,688528.SH,20231017,10.44,10.51,10.35,10.41,10.46,-0.05,-0.478,4193.72,4370.724,0.6275,0.8076,0.59,1275.4685,,2.4447,4.7537,5.037,,,16800.0,6683.4719,5192.7,174888.0,69574.9425,12.55,8.37,1.017
688528,秦川物联,电器仪表,四川,20200701,688528.SH,20231016,10.55,10.66,10.38,10.46,10.56,-0.1,-0.947,6203.02,6470.83,0.9281,1.1946,0.82,1281.5946,,2.4565,4.7765,5.0612,,,16800.0,6683.4719,5192.7,175728.0,69909.1161,12.67,8.45,1.017
688528,秦川物联,电器仪表,四川,20200701,688528.SH,20231013,10.66,10.66,10.45,10.56,10.7,-0.14,-1.3084,5925.58,6239.546,0.8866,1.1411,0.67,1293.847,,2.48,4.8222,5.1096,,,16800.0,6683.4719,5192.7,177408.0,70577.4633,12.84,8.56,1.017
688528,秦川物联,电器仪表,四川,20200701,688528.SH,20231012,10.54,10.75,10.41,10.7,10.55,0.15,1.4218,9860.09,10432.281,1.4753,1.8988,1.24,1311.0002,,2.5128,4.8861,5.1773,,,16800.0,6683.4719,5192.7,179760.0,71513.1493,12.66,8.44,1.017
688528,秦川物联,电器仪表,四川,20200701,688528.SH,20231011,10.65,10.68,10.45,10.55,10.59,-0.04,-0.3777,7182.39,7585.344,1.0746,1.3832,0.9,1292.6217,,2.4776,4.8176,5.1047,,,16800.0,6683.4719,5192.7,177240.0,70510.6285,12.71,8.47,1.017
688528,秦川物联,电器仪表,四川,20200701,688528.SH,20231010,10.61,10.84,10.52,10.59,10.7,-0.11,-1.028,6215.26,6598.978,0.9299,1.1969,0.77,1297.5227,,2.487,4.8359,5.1241,,,16800.0,6683.4719,5192.7,177912.0,70777.9674,12.84,8.56,1.017
688528,秦川物联,电器仪表,四川,20200701,688528.SH,20231009,11.04,11.04,10.6,10.7,10.85,-0.15,-1.3825,8783.3,9464.072,1.3142,1.6915,1.11,1311.0002,,2.5128,4.8861,5.1773,,,16800.0,6683.4719,5192.7,179760.0,71513.1493,13.02,8.68,1.017
688528,秦川物联,电器仪表,四川,20200701,688528.SH,20230928,10.61,10.97,10.58,10.85,10.58,0.27,2.552,12138.74,13167.835,1.8162,2.3377,1.86,1329.3787,,2.5481,4.9546,5.2499,,,16800.0,6683.4719,5192.7,182280.0,72515.6701,12.7,8.46,1.017
688528,秦川物联,电器仪表,四川,20200701,688528.SH,20230927,10.7,10.77,10.55,10.58,10.74,-0.16,-1.4898,5597.02,5955.883,0.8374,1.0779,0.9,1296.2974,,2.4847,4.8313,5.1192,,,16800.0,6683.4719,5192.7,177744.0,70711.1327,12.89,8.59,1.017
688528,秦川物联,电器仪表,四川,20200701,688528.SH,20230926,10.67,10.8,10.55,10.74,10.69,0.05,0.4677,6974.64,7492.875,1.0436,1.3432,1.2,1315.9012,,2.5222,4.9044,5.1966,,,16800.0,6683.4719,5192.7,180432.0,71780.4882,12.83,8.55,1.017
688528,秦川物联,电器仪表,四川,20200701,688528.SH,20230925,10.66,11.0,10.62,10.69,10.62,0.07,0.6591,6951.66,7466.871,1.0401,1.3387,1.23,1309.775,,2.5105,4.8815,5.1725,,,16800.0,6683.4719,5192.7,179592.0,71446.3146,12.74,8.5,1.017
688528,秦川物联,电器仪表,四川,20200701,688528.SH,20230922,10.36,10.66,10.29,10.62,10.34,0.28,2.7079,7942.57,8330.071,1.1884,1.5296,1.56,1301.1984,,2.494,4.8496,5.1386,,,16800.0,6683.4719,5192.7,178416.0,70978.4716,12.41,8.27,1.017
688528,秦川物联,电器仪表,四川,20200701,688528.SH,20230921,10.38,10.47,10.26,10.34,10.43,-0.09,-0.8629,5079.13,5257.813,0.76,0.9781,0.94,1266.8918,,2.4283,4.7217,5.0031,,,16800.0,6683.4719,5192.7,173712.0,69107.0994,12.52,8.34,1.017
688528,秦川物联,电器仪表,四川,20200701,688528.SH,20230920,10.4,10.6,10.4,10.43,10.42,0.01,0.096,4312.16,4528.57,0.6452,0.8304,0.73,1277.9189,,2.4494,4.7628,5.0467,,,16800.0,6683.4719,5192.7,175224.0,69708.6119,12.5,8.34,1.017
688528,秦川物联,电器仪表,四川,20200701,688528.SH,20230919,10.6,10.63,10.42,10.42,10.61,-0.19,-1.7908,4816.49,5047.074,0.7207,0.9276,0.75,1276.6937,,2.4471,4.7582,5.0418,,,16800.0,6683.4719,5192.7,175056.0,69641.7772,12.73,8.49,1.017
688528,秦川物联,电器仪表,四川,20200701,688528.SH,20230918,10.47,10.78,10.41,10.61,10.47,0.14,1.3372,6217.1,6604.288,0.9302,1.1973,0.95,1299.9731,,2.4917,4.845,5.1337,,,16800.0,6683.4719,5192.7,178248.0,70911.6369,12.56,8.38,1.017
688528,秦川物联,电器仪表,四川,20200701,688528.SH,20230915,10.62,10.66,10.44,10.47,10.57,-0.1,-0.9461,5061.28,5324.755,0.7573,0.9747,0.77,1282.8199,,2.4588,4.7811,5.066,,,16800.0,6683.4719,5192.7,175896.0,69975.9508,12.68,8.46,1.017
688528,秦川物联,电器仪表,四川,20200701,688528.SH,20230914,10.58,10.75,10.45,10.57,10.67,-0.1,-0.9372,6646.83,7043.413,0.9945,1.28,1.0,1295.0722,,2.4823,4.8267,5.1144,,,16800.0,6683.4719,5192.7,177576.0,70644.298,12.8,8.54,1.017
688528,秦川物联,电器仪表,四川,20200701,688528.SH,20230913,10.78,10.81,10.58,10.67,10.81,-0.14,-1.2951,6831.79,7282.437,1.0222,1.3157,1.07,1307.3245,,2.5058,4.8724,5.1628,,,16800.0,6683.4719,5192.7,179256.0,71312.6452,12.97,8.65,1.017
688528,秦川物联,电器仪表,四川,20200701,688528.SH,20230912,10.77,10.83,10.62,10.81,10.76,0.05,0.4647,7371.93,7912.339,1.103,1.4197,1.18,1324.4778,,2.5387,4.9363,5.2305,,,16800.0,6683.4719,5192.7,181608.0,72248.3312,12.91,8.61,1.017
688528,秦川物联,电器仪表,四川,20200701,688528.SH,20230911,10.72,10.82,10.65,10.76,10.71,0.05,0.4669,6787.79,7302.979,1.0156,1.3072,1.05,1318.3516,,2.5269,4.9135,5.2063,,,16800.0,6683.4719,5192.7,180768.0,71914.1576,12.85,8.57,1.017
688528,秦川物联,电器仪表,四川,20200701,688528.SH,20230908,10.66,10.79,10.63,10.71,10.67,0.04,0.3749,5275.8,5657.468,0.7894,1.016,0.8,1312.2255,,2.5152,4.8907,5.1821,,,16800.0,6683.4719,5192.7,179928.0,71579.984,12.8,8.54,1.017
688528,秦川物联,电器仪表,四川,20200701,688528.SH,20230907,10.8,10.82,10.64,10.67,10.77,-0.1,-0.9285,6911.5,7413.612,1.0341,1.331,0.94,1307.3245,,2.5058,4.8724,5.1628,,,16800.0,6683.4719,5192.7,179256.0,71312.6452,12.92,8.62,1.017
688528,秦川物联,电器仪表,四川,20200701,688528.SH,20230906,10.77,10.85,10.7,10.77,10.75,0.02,0.186,5680.9,6128.131,0.85,1.094,0.65,1319.5769,,2.5293,4.9181,5.2112,,,16800.0,6683.4719,5192.7,180936.0,71980.9924,12.9,8.6,1.017
688528,秦川物联,电器仪表,四川,20200701,688528.SH,20230905,10.68,10.8,10.68,10.75,10.68,0.07,0.6554,6699.61,7196.994,1.0024,1.2902,0.68,1317.1264,,2.5246,4.9089,5.2015,,,16800.0,6683.4719,5192.7,180600.0,71847.3229,12.82,8.54,1.017
688528,秦川物联,电器仪表,四川,20200701,688528.SH,20230904,10.78,10.78,10.6,10.68,10.68,0.0,0.0,7648.7,8168.862,1.1444,1.473,0.72,1308.5498,,2.5081,4.877,5.1676,,,16800.0,6683.4719,5192.7,179424.0,71379.4799,12.82,8.54,1.017
688528,秦川物联,电器仪表,四川,20200701,688528.SH,20230901,10.72,10.82,10.62,10.68,10.74,-0.06,-0.5587,6017.34,6435.055,0.9003,1.1588,0.56,1308.5498,,2.5081,4.877,5.1676,,,16800.0,6683.4719,5192.7,179424.0,71379.4799,12.89,8.59,1.017
688528,秦川物联,电器仪表,四川,20200701,688528.SH,20230831,10.72,10.78,10.64,10.74,10.64,0.1,0.9398,10645.04,11413.14,1.5927,2.05,1.08,1315.9012,,2.5222,4.9044,5.1966,,,16800.0,6683.4719,5192.7,180432.0,71780.4882,12.77,8.51,1.017
688528,秦川物联,电器仪表,四川,20200701,688528.SH,20230830,10.48,10.72,10.33,10.64,10.41,0.23,2.2094,12542.62,13345.335,1.8767,2.4154,1.49,1303.6488,,2.4987,4.8587,5.1483,,,16800.0,6683.4719,5192.7,178752.0,71112.141,12.49,8.33,1.017
688528,秦川物联,电器仪表,四川,20200701,688528.SH,20230829,9.72,10.45,9.72,10.41,9.81,0.6,6.1162,12417.59,12747.638,1.858,2.3914,1.61,1275.4685,,2.4447,4.7537,5.037,,,16800.0,6683.4719,5192.7,174888.0,69574.9425,11.77,7.85,1.017
688528,秦川物联,电器仪表,四川,20200701,688528.SH,20230828,10.12,10.17,9.74,9.81,9.63,0.18,1.8692,11244.58,11254.69,1.6824,2.1655,1.43,1201.9544,,2.3038,4.4797,4.7467,,,16800.0,6683.4719,5192.7,164808.0,65564.8593,11.56,7.7,1.017
688528,秦川物联,电器仪表,四川,20200701,688528.SH,20230825,9.74,9.85,9.6,9.63,9.84,-0.21,-2.1341,7225.21,7003.172,1.0811,1.3914,0.69,1179.9002,,2.2615,4.3975,4.6596,,,16800.0,6683.4719,5192.7,161784.0,64361.8344,11.81,7.87,1.017
688528,秦川物联,电器仪表,四川,20200701,688528.SH,20230824,9.94,10.01,9.67,9.84,9.96,-0.12,-1.2048,5803.83,5709.724,0.8684,1.1177,0.44,1205.6301,,2.3109,4.4934,4.7612,,,16800.0,6683.4719,5192.7,165312.0,65765.3635,11.95,7.97,1.017
688528,秦川物联,电器仪表,四川,20200701,688528.SH,20230823,10.1,10.15,9.87,9.96,10.1,-0.14,-1.3861,5536.63,5547.809,0.8284,1.0662,0.35,1220.3329,,2.339,4.5482,4.8192,,,16800.0,6683.4719,5192.7,167328.0,66567.3801,12.12,8.08,1.017
688528,秦川物联,电器仪表,四川,20200701,688528.SH,20230822,10.28,10.39,9.95,10.1,10.32,-0.22,-2.1318,8790.33,8925.957,1.3152,1.6928,0.58,1237.4862,,2.3719,4.6121,4.887,,,16800.0,6683.4719,5192.7,169680.0,67503.0662,12.38,8.26,1.017
688528,秦川物联,电器仪表,四川,20200701,688528.SH,20230821,10.28,10.48,10.18,10.32,10.33,-0.01,-0.0968,11953.27,12360.981,1.7885,2.3019,0.89,1264.4414,,2.4236,4.7126,4.9934,,,16800.0,6683.4719,5192.7,173376.0,68973.43,12.4,8.26,1.017
688528,秦川物联,电器仪表,四川,20200701,688528.SH,20230818,10.21,10.6,10.08,10.33,10.08,0.25,2.4802,20650.58,21437.547,3.0898,3.9768,1.92,1265.6666,,2.4259,4.7171,4.9983,,,16800.0,6683.4719,5192.7,173544.0,69040.2647,12.1,8.06,1.017
688528,秦川物联,电器仪表,四川,20200701,688528.SH,20230817,9.6,10.1,9.48,10.08,9.61,0.47,4.8907,18680.34,18379.296,2.795,3.5974,2.07,1235.0357,,2.3672,4.603,4.8773,,,16800.0,6683.4719,5192.7,169344.0,67369.3968,11.53,7.69,1.017
688528,秦川物联,电器仪表,四川,20200701,688528.SH,20230816,10.0,10.01,9.51,9.61,10.19,-0.58,-5.6919,19783.35,19229.489,2.96,3.8098,3.13,1177.4497,,2.2569,4.3884,4.6499,,,16800.0,6683.4719,5192.7,161448.0,64228.165,12.23,8.15,1.017
688528,秦川物联,电器仪表,四川,20200701,688528.SH,20230815,10.12,10.2,10.06,10.19,10.15,0.04,0.3941,4177.2,4235.534,0.625,0.8044,0.6,1248.5133,,2.3289,4.6532,4.6935,,,16800.0,6683.4719,5192.7,171192.0,68104.5787,12.18,8.12,1.017
688528,秦川物联,电器仪表,四川,20200701,688528.SH,20230814,10.1,10.31,10.0,10.15,10.13,0.02,0.1974,4169.94,4206.388,0.6239,0.803,0.55,1243.6124,,2.3198,4.6349,4.6751,,,16800.0,6683.4719,5192.7,170520.0,67837.2398,12.16,8.1,1.017
688528,秦川物联,电器仪表,四川,20200701,688528.SH,20230811,10.4,10.4,10.12,10.13,10.29,-0.16,-1.5549,7102.19,7287.6,1.0626,1.3677,0.93,1241.1619,,2.3152,4.6258,4.6659,,,16800.0,6683.4719,5192.7,170184.0,67703.5703,12.35,8.23,1.017
688528,秦川物联,电器仪表,四川,20200701,688528.SH,20230810,10.06,10.57,10.06,10.29,10.09,0.2,1.9822,9883.56,10232.38,1.4788,1.9034,1.35,1260.7656,,2.3518,4.6989,4.7396,,,16800.0,6683.4719,5192.7,172872.0,68772.9259,12.11,8.07,1.017
688528,秦川物联,电器仪表,四川,20200701,688528.SH,20230809,10.15,10.22,10.06,10.09,10.2,-0.11,-1.0784,6277.17,6362.276,0.9392,1.2088,0.93,1236.261,,2.3061,4.6075,4.6475,,,16800.0,6683.4719,5192.7,169512.0,67436.2315,12.24,8.16,1.017
688528,秦川物联,电器仪表,四川,20200701,688528.SH,20230808,10.39,10.43,10.12,10.2,10.26,-0.06,-0.5848,7255.9,7447.198,1.0856,1.3973,1.15,1249.7385,,2.3312,4.6578,4.6981,,,16800.0,6683.4719,5192.7,171360.0,68171.4134,12.31,8.21,1.017
688528,秦川物联,电器仪表,四川,20200701,688528.SH,20230807,10.35,10.35,10.12,10.26,10.25,0.01,0.0976,7487.6,7666.226,1.1203,1.4419,1.09,1257.0899,,2.3449,4.6852,4.7258,,,16800.0,6683.4719,5192.7,172368.0,68572.4217,12.3,8.2,1.017
688528,秦川物联,电器仪表,四川,20200701,688528.SH,20230804,10.39,10.49,10.21,10.25,10.39,-0.14,-1.3474,7320.69,7559.95,1.0953,1.4098,1.06,1255.8647,,2.3427,4.6806,4.7212,,,16800.0,6683.4719,5192.7,172200.0,68505.587,12.47,8.31,1.017
688528,秦川物联,电器仪表,四川,20200701,688528.SH,20230803,10.63,10.7,10.36,10.39,10.7,-0.31,-2.8972,8388.85,8788.109,1.2552,1.6155,1.29,1273.018,,2.3746,4.7445,4.7856,,,16800.0,6683.4719,5192.7,174552.0,69441.273,12.84,8.56,1.017
688528,秦川物联,电器仪表,四川,20200701,688528.SH,20230802,10.72,10.83,10.65,10.7,10.77,-0.07,-0.65,3153.11,3373.401,0.4718,0.6072,0.44,1311.0002,,2.4455,4.8861,4.9284,,,16800.0,6683.4719,5192.7,179760.0,71513.1493,12.92,8.62,1.017
688528,秦川物联,电器仪表,四川,20200701,688528.SH,20230801,10.84,10.87,10.68,10.77,10.76,0.01,0.0929,5226.74,5618.449,0.782,1.0066,0.72,1319.5769,,2.4615,4.9181,4.9607,,,16800.0,6683.4719,5192.7,180936.0,71980.9924,12.91,8.61,1.017
688528,秦川物联,电器仪表,四川,20200701,688528.SH,20230731,10.95,10.95,10.69,10.76,10.71,0.05,0.4669,10134.46,10928.85,1.5163,1.9517,1.49,1318.3516,,2.4592,4.9135,4.9561,,,16800.0,6683.4719,5192.7,180768.0,71914.1576,12.85,8.57,1.017
688528,秦川物联,电器仪表,四川,20200701,688528.SH,20230728,10.55,10.76,10.42,10.71,10.58,0.13,1.2287,7559.42,8033.063,1.1311,1.4558,1.15,1312.2255,,2.4478,4.8907,4.933,,,16800.0,6683.4719,5192.7,179928.0,71579.984,12.7,8.46,1.017
688528,秦川物联,电器仪表,四川,20200701,688528.SH,20230727,10.7,10.77,10.52,10.58,10.71,-0.13,-1.2138,6462.49,6851.537,0.9669,1.2445,0.97,1296.2974,,2.4181,4.8313,4.8731,,,16800.0,6683.4719,5192.7,177744.0,70711.1327,12.85,8.57,1.017
688528,秦川物联,电器仪表,四川,20200701,688528.SH,20230726,10.68,10.78,10.52,10.71,10.63,0.08,0.7526,6079.59,6495.432,0.9096,1.1708,0.95,1312.2255,,2.4478,4.8907,4.933,,,16800.0,6683.4719,5192.7,179928.0,71579.984,12.76,8.5,1.017
688528,秦川物联,电器仪表,四川,20200701,688528.SH,20230725,10.52,10.68,10.43,10.63,10.49,0.14,1.3346,6179.57,6538.46,0.9246,1.19,0.96,1302.4236,,2.4295,4.8541,4.8962,,,16800.0,6683.4719,5192.7,178584.0,71045.3063,12.59,8.39,1.017
688528,秦川物联,电器仪表,四川,20200701,688528.SH,20230724,10.43,10.58,10.33,10.49,10.42,0.07,0.6718,7670.05,8013.5,1.1476,1.4771,1.35,1285.2703,,2.3975,4.7902,4.8317,,,16800.0,6683.4719,5192.7,176232.0,70109.6202,12.5,8.34,1.017
688528,秦川物联,电器仪表,四川,20200701,688528.SH,20230721,10.51,10.53,10.34,10.42,10.51,-0.09,-0.8563,6446.04,6730.368,0.9645,1.2414,1.07,1276.6937,,2.3815,4.7582,4.7995,,,16800.0,6683.4719,5192.7,175056.0,69641.7772,12.61,8.41,1.017
688528,秦川物联,电器仪表,四川,20200701,688528.SH,20230720,10.79,10.79,10.46,10.51,10.78,-0.27,-2.5046,7065.17,7473.333,1.0571,1.3606,1.21,1287.7208,,2.4021,4.7993,4.8409,,,16800.0,6683.4719,5192.7,176568.0,70243.2897,12.94,8.62,1.017
688528,秦川物联,电器仪表,四川,20200701,688528.SH,20230719,10.75,10.85,10.67,10.78,10.81,-0.03,-0.2775,4602.81,4956.228,0.6887,0.8864,0.76,1320.8021,,2.4638,4.9226,4.9653,,,16800.0,6683.4719,5192.7,181104.0,72047.8271,12.97,8.65,1.017
688528,秦川物联,电器仪表,四川,20200701,688528.SH,20230718,10.62,10.82,10.51,10.81,10.65,0.16,1.5023,6535.91,7023.568,0.9779,1.2587,1.16,1324.4778,,2.4706,4.9363,4.9791,,,16800.0,6683.4719,5192.7,181608.0,72248.3312,12.78,8.52,1.017
688528,秦川物联,电器仪表,四川,20200701,688528.SH,20230717,10.71,10.72,10.55,10.65,10.62,0.03,0.2825,3723.27,3955.076,0.5571,0.717,0.62,1304.8741,,2.4341,4.8633,4.9054,,,16800.0,6683.4719,5192.7,178920.0,71178.9757,12.74,8.5,1.017
688528,秦川物联,电器仪表,四川,20200701,688528.SH,20230714,10.75,10.78,10.51,10.62,10.7,-0.08,-0.7477,8135.65,8681.276,1.2173,1.5667,1.42,1301.1984,,2.4272,4.8496,4.8916,,,16800.0,6683.4719,5192.7,178416.0,70978.4716,12.84,8.56,1.017
688528,秦川物联,电器仪表,四川,20200701,688528.SH,20230713,10.75,10.79,10.58,10.7,10.69,0.01,0.0935,6152.04,6557.239,0.9205,1.1847,0.97,1311.0002,,2.4455,4.8861,4.9284,,,16800.0,6683.4719,5192.7,179760.0,71513.1493,12.83,8.55,1.017
688528,秦川物联,电器仪表,四川,20200701,688528.SH,20230712,10.77,10.95,10.65,10.69,10.87,-0.18,-1.6559,5776.36,6260.241,0.8643,1.1124,0.85,1309.775,,2.4432,4.8815,4.9238,,,16800.0,6683.4719,5192.7,179592.0,71446.3146,13.04,8.7,1.017
688528,秦川物联,电器仪表,四川,20200701,688528.SH,20230711,10.7,10.96,10.61,10.87,10.66,0.21,1.97,4411.62,4770.296,0.6601,0.8496,0.6,1331.8292,,2.4844,4.9637,5.0067,,,16800.0,6683.4719,5192.7,182616.0,72649.3396,12.79,8.53,1.017
688528,秦川物联,电器仪表,四川,20200701,688528.SH,20230710,10.99,10.99,10.6,10.66,10.8,-0.14,-1.2963,5527.55,5914.831,0.827,1.0645,0.67,1306.0993,,2.4364,4.8678,4.91,,,16800.0,6683.4719,5192.7,179088.0,71245.8105,12.96,8.64,1.017
688528,秦川物联,电器仪表,四川,20200701,688528.SH,20230707,11.06,11.06,10.71,10.8,10.97,-0.17,-1.5497,6866.69,7440.612,1.0274,1.3224,0.78,1323.2526,,2.4684,4.9318,4.9745,,,16800.0,6683.4719,5192.7,181440.0,72181.4965,13.16,8.78,1.017
688528,秦川物联,电器仪表,四川,20200701,688528.SH,20230706,10.88,11.09,10.71,10.97,10.89,0.08,0.7346,9221.65,10136.694,1.3798,1.7759,1.04,1344.0816,,2.5072,5.0094,5.0528,,,16800.0,6683.4719,5192.7,184296.0,73317.6867,13.07,8.71,1.017
688528,秦川物联,电器仪表,四川,20200701,688528.SH,20230705,10.88,10.94,10.73,10.89,10.83,0.06,0.554,7826.11,8515.012,1.171,1.5071,0.85,1334.2797,,2.4889,4.9729,5.0159,,,16800.0,6683.4719,5192.7,182952.0,72783.009,13.0,8.66,1.017
688528,秦川物联,电器仪表,四川,20200701,688528.SH,20230704,10.82,10.89,10.67,10.83,10.77,0.06,0.5571,7092.19,7656.231,1.0612,1.3658,0.79,1326.9283,,2.4752,4.9455,4.9883,,,16800.0,6683.4719,5192.7,181944.0,72382.0007,12.92,8.62,1.017
688528,秦川物联,电器仪表,四川,20200701,688528.SH,20230703,10.88,10.97,10.71,10.77,10.71,0.06,0.5602,10501.71,11347.851,1.5713,2.0224,1.22,1319.5769,,2.4615,4.9181,4.9607,,,16800.0,6683.4719,5192.7,180936.0,71980.9924,12.85,8.57,1.017
688528,秦川物联,电器仪表,四川,20200701,688528.SH,20230630,10.73,10.86,10.53,10.71,10.63,0.08,0.7526,9140.01,9824.45,1.7602,1.7602,1.07,1312.2255,,2.4478,4.8907,4.933,,,16800.0,5192.7,5192.7,179928.0,55613.817,12.76,8.5,1.017
688528,秦川物联,电器仪表,四川,20200701,688528.SH,20230629,10.4,10.65,10.34,10.63,10.32,0.31,3.0039,9846.82,10411.821,1.8963,1.8963,1.18,1302.4236,,2.4295,4.8541,4.8962,,,16800.0,5192.7,5192.7,178584.0,55198.401,12.38,8.26,1.017
688528,秦川物联,电器仪表,四川,20200701,688528.SH,20230628,10.11,10.4,9.95,10.32,10.25,0.07,0.6829,9329.6,9514.72,1.7967,1.7967,1.16,1264.4414,,2.3587,4.7126,4.7534,,,16800.0,5192.7,5192.7,173376.0,53588.664,12.3,8.2,1.017
688528,秦川物联,电器仪表,四川,20200701,688528.SH,20230627,9.99,10.32,9.99,10.25,10.04,0.21,2.0916,6298.07,6422.492,1.2129,1.2129,0.79,1255.8647,,2.3427,4.6806,4.7212,,,16800.0,5192.7,5192.7,172200.0,53225.175,12.05,8.03,1.017
688528,秦川物联,电器仪表,四川,20200701,688528.SH,20230626,10.45,10.49,10.0,10.04,10.27,-0.23,-2.2395,8471.0,8651.06,1.6313,1.6313,1.04,1230.1348,,2.2947,4.5847,4.6244,,,16800.0,5192.7,5192.7,168672.0,52134.708,12.32,8.22,1.017
688528,秦川物联,电器仪表,四川,20200701,688528.SH,20230621,10.54,10.55,10.25,10.27,10.55,-0.28,-2.654,8785.17,9084.86,1.6918,1.6918,1.18,1258.3152,,2.3472,4.6897,4.7304,,,16800.0,5192.7,5192.7,172536.0,53329.029,12.66,8.44,1.017
688528,秦川物联,电器仪表,四川,20200701,688528.SH,20230620,10.58,10.6,10.3,10.55,10.58,-0.03,-0.2836,8811.23,9204.596,1.6968,1.6968,1.26,1292.6217,,2.4112,4.8176,4.8593,,,16800.0,5192.7,5192.7,177240.0,54782.985,12.7,8.46,1.017
688528,秦川物联,电器仪表,四川,20200701,688528.SH,20230619,10.46,10.64,10.35,10.58,10.38,0.2,1.9268,7768.2,8204.723,1.496,1.496,1.04,1296.2974,,2.4181,4.8313,4.8731,,,16800.0,5192.7,5192.7,177744.0,54938.766,12.46,8.3,1.017
688528,秦川物联,电器仪表,四川,20200701,688528.SH,20230616,10.47,10.58,10.35,10.38,10.47,-0.09,-0.8596,6139.98,6424.115,1.1824,1.1824,0.89,1271.7928,,2.3724,4.74,4.781,,,16800.0,5192.7,5192.7,174384.0,53900.226,12.56,8.38,1.017
688528,秦川物联,电器仪表,四川,20200701,688528.SH,20230615,10.59,10.66,10.4,10.47,10.61,-0.14,-1.3195,9374.14,9845.49,1.8053,1.8053,1.53,1282.8199,,2.3929,4.7811,4.8225,,,16800.0,5192.7,5192.7,175896.0,54367.569,12.73,8.49,1.017
688528,秦川物联,电器仪表,四川,20200701,688528.SH,20230614,10.8,10.82,10.56,10.61,10.8,-0.19,-1.7593,5199.91,5526.176,1.0014,1.0014,0.76,1299.9731,,2.4249,4.845,4.887,,,16800.0,5192.7,5192.7,178248.0,55094.547,12.96,8.64,1.017
688528,秦川物联,电器仪表,四川,20200701,688528.SH,20230613,10.88,10.96,10.71,10.8,10.81,-0.01,-0.0925,6443.43,6969.851,1.2409,1.2409,0.91,1323.2526,,2.4684,4.9318,4.9745,,,16800.0,5192.7,5192.7,181440.0,56081.16,12.97,8.65,1.017
688528,秦川物联,电器仪表,四川,20200701,688528.SH,20230612,10.98,11.0,10.76,10.81,10.98,-0.17,-1.5483,10149.8,10979.616,1.9546,1.9546,1.69,1324.4778,,2.4706,4.9363,4.9791,,,16800.0,5192.7,5192.7,181608.0,56133.087,13.18,8.78,1.017
688528,秦川物联,电器仪表,四川,20200701,688528.SH,20230609,11.0,11.13,10.96,10.98,11.1,-0.12,-1.0811,3147.36,3469.928,0.6061,0.6061,0.49,1345.3068,,2.5095,5.014,5.0574,,,16800.0,5192.7,5192.7,184464.0,57015.846,13.32,8.88,1.017
688528,秦川物联,电器仪表,四川,20200701,688528.SH,20230608,11.25,11.25,10.97,11.1,11.25,-0.15,-1.3333,5616.68,6230.631,1.0816,1.0816,0.85,1360.0096,,2.5369,5.0688,5.1127,,,16800.0,5192.7,5192.7,186480.0,57638.97,13.5,9.0,1.017
688528,秦川物联,电器仪表,四川,20200701,688528.SH,20230607,11.0,11.39,11.0,11.25,11.01,0.24,2.1798,8911.29,10034.483,1.7161,1.7161,1.39,1378.3881,,2.5712,5.1373,5.1818,,,16800.0,5192.7,5192.7,189000.0,58417.875,13.21,8.81,1.017
688528,秦川物联,电器仪表,四川,20200701,688528.SH,20230606,11.2,11.29,11.01,11.01,11.2,-0.19,-1.6964,7480.56,8332.589,1.4406,1.4406,1.12,1348.9825,,2.5164,5.0277,5.0712,,,16800.0,5192.7,5192.7,184968.0,57171.627,13.44,8.96,1.017
688528,秦川物联,电器仪表,四川,20200701,688528.SH,20230605,11.16,11.27,11.11,11.2,11.19,0.01,0.0894,4902.83,5489.298,0.9442,0.9442,0.68,1372.2619,,2.5598,5.1144,5.1587,,,16800.0,5192.7,5192.7,188160.0,58158.24,13.43,8.95,1.017
688528,秦川物联,电器仪表,四川,20200701,688528.SH,20230602,11.15,11.32,11.11,11.19,11.15,0.04,0.3587,5207.78,5832.518,1.0029,1.0029,0.65,1371.0367,,2.5575,5.1099,5.1541,,,16800.0,5192.7,5192.7,187992.0,58106.313,13.38,8.92,1.017
688528,秦川物联,电器仪表,四川,20200701,688528.SH,20230601,11.0,11.28,10.98,11.15,11.11,0.04,0.36,6585.41,7368.127,1.2682,1.2682,0.79,1366.1358,,2.5483,5.0916,5.1357,,,16800.0,5192.7,5192.7,187320.0,57898.605,13.33,8.89,1.017
688528,秦川物联,电器仪表,四川,20200701,688528.SH,20230531,11.08,11.32,11.02,11.11,11.08,0.03,0.2708,7910.59,8851.105,1.5234,1.5234,0.87,1361.2348,,2.5392,5.0733,5.1173,,,16800.0,5192.7,5192.7,186648.0,57690.897,13.3,8.86,1.0169
688528,秦川物联,电器仪表,四川,20200701,688528.SH,20230530,10.95,11.24,10.91,11.08,10.88,0.2,1.8382,8762.1,9734.652,1.6874,1.6874,0.9,1357.5591,,2.5323,5.0596,5.1034,,,16800.0,5192.7,5192.7,186144.0,57535.116,13.06,8.7,1.0169
688528,秦川物联,电器仪表,四川,20200701,688528.SH,20230529,11.01,11.21,10.85,10.88,11.18,-0.3,-2.6834,7631.36,8388.772,1.4696,1.4696,0.54,1333.0544,,2.4866,4.9683,5.0113,,,16800.0,5192.7,5192.7,182784.0,56496.576,13.42,8.94,1.0169
688528,秦川物联,电器仪表,四川,20200701,688528.SH,20230526,10.99,11.19,10.88,11.18,10.95,0.23,2.1005,9024.21,9987.6,1.7379,1.7379,0.64,1369.8115,,2.5552,5.1053,5.1495,,,16800.0,5192.7,5192.7,187824.0,58054.386,13.14,8.76,1.0169
688528,秦川物联,电器仪表,四川,20200701,688528.SH,20230525,10.91,11.08,10.81,10.95,11.01,-0.06,-0.545,8299.08,9078.878,1.5982,1.5982,0.57,1341.6311,,2.5026,5.0003,5.0436,,,16800.0,5192.7,5192.7,183960.0,56860.065,13.21,8.81,1.0169
688528,秦川物联,电器仪表,四川,20200701,688528.SH,20230524,10.83,11.12,10.8,11.01,10.84,0.17,1.5683,11869.41,13050.931,2.2858,2.2858,0.88,1348.9825,,2.5164,5.0277,5.0712,,,16800.0,5192.7,5192.7,184968.0,57171.627,13.01,8.67,1.0169
688528,秦川物联,电器仪表,四川,20200701,688528.SH,20230523,10.99,11.12,10.83,10.84,10.99,-0.15,-1.3649,11817.22,12945.269,2.2757,2.2757,0.92,1328.1535,,2.4775,4.95,4.9929,,,16800.0,5192.7,5192.7,182112.0,56288.868,13.19,8.79,1.0169
688528,秦川物联,电器仪表,四川,20200701,688528.SH,20230522,10.23,11.16,10.16,10.99,10.21,0.78,7.6396,30060.96,32543.392,5.7891,5.7891,3.46,1346.532,,2.5118,5.0185,5.062,,,16800.0,5192.7,5192.7,184632.0,57067.773,12.25,8.17,1.0169
688528,秦川物联,电器仪表,四川,20200701,688528.SH,20230519,10.1,10.3,10.05,10.21,10.09,0.12,1.1893,8443.12,8634.803,1.626,1.626,1.08,1250.9638,,2.3335,4.6623,4.7027,,,16800.0,5192.7,5192.7,171528.0,53017.467,12.11,8.07,1.0169
688528,秦川物联,电器仪表,四川,20200701,688528.SH,20230518,9.94,10.17,9.88,10.09,9.89,0.2,2.0222,10148.13,10187.841,1.9543,1.9543,1.53,1236.261,,2.3061,4.6075,4.6475,,,16800.0,5192.7,5192.7,169512.0,52394.343,11.87,7.91,1.0169
688528,秦川物联,电器仪表,四川,20200701,688528.SH,20230517,9.74,9.89,9.66,9.89,9.64,0.25,2.5934,7280.22,7158.012,1.402,1.402,1.22,1211.7563,,2.2604,4.5162,4.5553,,,16800.0,5192.7,5192.7,166152.0,51355.803,11.57,7.71,1.0169
688528,秦川物联,电器仪表,四川,20200701,688528.SH,20230516,9.7,9.87,9.62,9.64,9.67,-0.03,-0.3102,8385.34,8173.198,1.6148,1.6148,1.56,1181.1254,,2.2032,4.4021,4.4402,,,16800.0,5192.7,5192.7,161952.0,50057.628,11.6,7.74,1.0169
688528,秦川物联,电器仪表,四川,20200701,688528.SH,20230515,9.55,9.68,9.45,9.67,9.38,0.29,3.0917,9127.83,8757.319,1.7578,1.7578,1.96,1184.8011,,2.2101,4.4158,4.454,,,16800.0,5192.7,5192.7,162456.0,50213.409,11.26,7.5,1.0169
688528,秦川物联,电器仪表,四川,20200701,688528.SH,20230512,9.61,9.71,9.38,9.38,9.61,-0.23,-2.3933,4142.23,3935.183,0.7977,0.7977,0.86,1149.2694,,2.1438,4.2833,4.3204,,,16800.0,5192.7,5192.7,157584.0,48707.526,11.53,7.69,1.0169
688528,秦川物联,电器仪表,四川,20200701,688528.SH,20230511,9.64,9.68,9.44,9.61,9.53,0.08,0.8395,4145.72,3973.467,0.7984,0.7984,0.76,1177.4497,,2.1964,4.3884,4.4264,,,16800.0,5192.7,5192.7,161448.0,49901.847,11.44,7.62,1.0169
688528,秦川物联,电器仪表,四川,20200701,688528.SH,20230510,9.43,9.57,9.39,9.53,9.36,0.17,1.8162,3938.86,3736.148,0.7585,0.7585,0.57,1167.6479,,2.1781,4.3518,4.3895,,,16800.0,5192.7,5192.7,160104.0,49486.431,11.23,7.49,1.0169
688528,秦川物联,电器仪表,四川,20200701,688528.SH,20230509,9.55,9.59,9.35,9.36,9.59,-0.23,-2.3983,5502.41,5199.624,1.0596,1.0596,0.77,1146.8189,,2.1392,4.2742,4.3112,,,16800.0,5192.7,5192.7,157248.0,48603.672,11.51,7.67,1.0169
688528,秦川物联,电器仪表,四川,20200701,688528.SH,20230508,9.65,9.85,9.53,9.59,9.53,0.06,0.6296,5513.41,5310.045,1.0618,1.0618,0.74,1174.9993,,2.1918,4.3792,4.4172,,,16800.0,5192.7,5192.7,161112.0,49797.993,11.44,7.62,1.0169
688528,秦川物联,电器仪表,四川,20200701,688528.SH,20230505,9.71,9.71,9.48,9.53,9.68,-0.15,-1.5496,5076.11,4838.579,0.9775,0.9775,0.62,1167.6479,,2.1781,4.3518,4.3895,,,16800.0,5192.7,5192.7,160104.0,49486.431,11.62,7.74,1.0169
688528,秦川物联,电器仪表,四川,20200701,688528.SH,20230504,9.56,9.68,9.48,9.68,9.54,0.14,1.4675,7207.03,6938.179,1.3879,1.3879,0.77,1186.0264,,2.2124,4.4203,4.4586,,,16800.0,5192.7,5192.7,162624.0,50265.336,11.45,7.63,1.0169
688528,秦川物联,电器仪表,四川,20200701,688528.SH,20230428,9.19,9.6,9.11,9.54,9.16,0.38,4.1485,11078.52,10432.633,2.1335,2.1335,1.0,1168.8731,,2.1804,4.3564,4.3941,,,16800.0,5192.7,5192.7,160272.0,49538.358,10.99,7.33,1.0169
688528,秦川物联,电器仪表,四川,20200701,688528.SH,20230427,9.19,9.25,9.1,9.16,9.19,-0.03,-0.3264,6936.6,6351.194,1.3358,1.3358,0.65,1122.3142,,2.0935,4.1829,4.2191,,,16800.0,5192.7,5192.7,153888.0,47565.132,11.03,7.35,1.0169
688528,秦川物联,电器仪表,四川,20200701,688528.SH,20230426,9.1,9.34,9.0,9.19,9.1,0.09,0.989,6769.22,6248.484,1.3036,1.3036,0.65,1125.9899,,2.1004,4.1966,4.2329,,,16800.0,5192.7,5192.7,154392.0,47720.913,10.92,7.28,1.0169
688528,秦川物联,电器仪表,四川,20200701,688528.SH,20230425,9.32,9.43,9.03,9.1,9.4,-0.3,-3.1915,9114.62,8369.554,1.7553,1.7553,0.89,1114.9628,,2.0798,4.1555,4.1915,,,16800.0,5192.7,5192.7,152880.0,47253.57,11.28,7.52,1.0169
688528,秦川物联,电器仪表,四川,20200701,688528.SH,20230424,9.79,9.82,9.33,9.4,9.89,-0.49,-4.9545,12854.28,12220.256,2.4755,2.4755,1.31,1151.7198,,2.1484,4.2925,4.3296,,,16800.0,5192.7,5192.7,157920.0,48811.38,11.87,7.91,1.0169
688528,秦川物联,电器仪表,四川,20200701,688528.SH,20230421,10.81,10.99,9.89,9.89,11.02,-1.13,-10.2541,19525.73,20050.131,3.7602,3.7602,2.53,1211.7563,,2.2604,4.5162,4.5553,,,16800.0,5192.7,5192.7,166152.0,51355.803,13.22,8.82,1.0169
688528,秦川物联,电器仪表,四川,20200701,688528.SH,20230420,11.21,11.22,10.95,11.02,11.18,-0.16,-1.4311,5482.31,6043.432,1.0558,1.0558,0.74,1350.2077,1350.2077,2.4687,5.0322,5.0322,,,16800.0,5192.7,5192.7,185136.0,57223.554,13.42,8.94,1.0169
688528,秦川物联,电器仪表,四川,20200701,688528.SH,20230419,11.37,11.49,11.18,11.18,11.37,-0.19,-1.6711,5273.67,5950.712,1.0156,1.0156,0.74,1369.8115,1369.8115,2.5045,5.1053,5.1053,,,16800.0,5192.7,5192.7,187824.0,58054.386,13.64,9.1,1.0169
688528,秦川物联,电器仪表,四川,20200701,688528.SH,20230418,11.55,11.6,11.36,11.37,11.63,-0.26,-2.2356,7964.76,9115.239,1.5338,1.5338,1.25,1393.0909,1393.0909,2.5471,5.192,5.192,,,16800.0,5192.7,5192.7,191016.0,59040.999,13.96,9.3,1.0169
688528,秦川物联,电器仪表,四川,20200701,688528.SH,20230417,11.49,11.73,11.48,11.63,11.49,0.14,1.2185,10976.84,12751.007,2.1139,2.1139,1.96,1424.947,1424.947,2.6053,5.3108,5.3108,,,16800.0,5192.7,5192.7,195384.0,60391.101,13.79,9.19,1.0169
688528,秦川物联,电器仪表,四川,20200701,688528.SH,20230414,11.34,11.52,11.27,11.49,11.27,0.22,1.9521,8881.04,10142.564,1.7103,1.7103,1.82,1407.7937,1407.7937,2.574,5.2468,5.2468,,,16800.0,5192.7,5192.7,193032.0,59664.123,13.52,9.02,1.0169
688528,秦川物联,电器仪表,四川,20200701,688528.SH,20230413,11.29,11.38,11.25,11.27,11.3,-0.03,-0.2655,3916.29,4424.695,0.7542,0.7542,0.74,1380.8386,1380.8386,2.5247,5.1464,5.1464,,,16800.0,5192.7,5192.7,189336.0,58521.729,13.56,9.04,1.0169
688528,秦川物联,电器仪表,四川,20200701,688528.SH,20230412,11.11,11.3,11.11,11.3,11.15,0.15,1.3453,3900.32,4376.114,0.7511,0.7511,0.63,1384.5143,1384.5143,2.5314,5.1601,5.1601,,,16800.0,5192.7,5192.7,189840.0,58677.51,13.38,8.92,1.0169
688528,秦川物联,电器仪表,四川,20200701,688528.SH,20230411,11.24,11.32,11.07,11.15,11.26,-0.11,-0.9769,4071.31,4539.227,0.784,0.784,0.56,1366.1358,1366.1358,2.4978,5.0916,5.0916,,,16800.0,5192.7,5192.7,187320.0,57898.605,13.51,9.01,1.0169
688528,秦川物联,电器仪表,四川,20200701,688528.SH,20230410,11.24,11.35,11.2,11.26,11.29,-0.03,-0.2657,7186.54,8110.834,1.384,1.384,0.83,1379.6133,1379.6133,2.5225,5.1418,5.1418,,,16800.0,5192.7,5192.7,189168.0,58469.802,13.55,9.03,1.0169
688528,秦川物联,电器仪表,四川,20200701,688528.SH,20230407,11.11,11.29,11.08,11.29,11.08,0.21,1.8953,5334.09,5973.519,1.0272,1.0272,0.56,1383.289,1383.289,2.5292,5.1555,5.1555,,,16800.0,5192.7,5192.7,189672.0,58625.583,13.3,8.86,1.0169
688528,秦川物联,电器仪表,四川,20200701,688528.SH,20230406,11.15,11.17,10.94,11.08,11.2,-0.12,-1.0714,6083.4,6730.268,1.1715,1.1715,0.58,1357.5591,1357.5591,2.4821,5.0596,5.0596,,,16800.0,5192.7,5192.7,186144.0,57535.116,13.44,8.96,1.0169
688528,秦川物联,电器仪表,四川,20200701,688528.SH,20230404,11.11,11.47,11.11,11.2,11.28,-0.08,-0.7092,8062.57,9067.636,1.5527,1.5527,0.57,1372.2619,1372.2619,2.509,5.1144,5.1144,,,16800.0,5192.7,5192.7,188160.0,58158.24,13.54,9.02,1.0169
688528,秦川物联,电器仪表,四川,20200701,688528.SH,20230403,11.05,11.28,11.05,11.28,11.11,0.17,1.5302,9515.04,10660.725,1.8324,1.8324,0.68,1382.0638,1382.0638,2.5269,5.151,5.151,,,16800.0,5192.7,5192.7,189504.0,58573.656,13.33,8.89,1.0169
688528,秦川物联,电器仪表,四川,20200701,688528.SH,20230331,11.28,11.28,11.05,11.11,11.09,0.02,0.1803,14182.1,15796.597,2.7312,2.7312,1.13,1361.2348,1361.2348,2.4889,5.0733,5.0733,,,16800.0,5192.7,5192.7,186648.0,57690.897,13.31,8.87,1.0169
688528,秦川物联,电器仪表,四川,20200701,688528.SH,20230330,11.18,11.28,11.07,11.09,11.19,-0.1,-0.8937,10183.56,11335.527,1.9611,1.9611,0.92,63.7983,1358.7844,2.4844,6.0951,5.0642,,,16800.0,5192.7,5192.7,186312.0,57587.043,13.43,8.95,1.0169
688528,秦川物联,电器仪表,四川,20200701,688528.SH,20230329,11.55,11.58,11.18,11.19,11.4,-0.21,-1.8421,10622.2,11987.854,2.0456,2.0456,1.1,64.3735,1371.0367,2.5068,6.15,5.1099,,,16800.0,5192.7,5192.7,187992.0,58106.313,13.68,9.12,1.0169
688528,秦川物联,电器仪表,四川,20200701,688528.SH,20230328,11.16,11.69,11.16,11.4,11.27,0.13,1.1535,26091.34,29962.436,5.0246,5.0246,5.18,65.5816,1396.7666,2.5538,6.2654,5.2057,,,16800.0,5192.7,5192.7,191520.0,59196.78,13.52,9.02,1.0169
688528,秦川物联,电器仪表,四川,20200701,688528.SH,20230327,11.37,11.61,11.18,11.27,11.42,-0.15,-1.3135,9252.59,10497.361,1.7818,1.7818,2.1,64.8337,1380.8386,2.5247,6.194,5.1464,,,16800.0,5192.7,5192.7,189336.0,58521.729,13.7,9.14,1.0169
688528,秦川物联,电器仪表,四川,20200701,688528.SH,20230324,11.24,11.47,11.18,11.42,11.16,0.26,2.3297,6546.33,7424.895,1.2607,1.2607,1.55,65.6967,1399.2171,2.5583,6.2764,5.2149,,,16800.0,5192.7,5192.7,191856.0,59300.634,13.39,8.93,1.0169
688528,秦川物联,电器仪表,四川,20200701,688528.SH,20230323,11.11,11.25,11.11,11.16,11.18,-0.02,-0.1789,2700.82,3017.922,0.5201,0.5201,0.58,64.2009,1367.361,2.5001,6.1335,5.0962,,,16800.0,5192.7,5192.7,187488.0,57950.532,13.42,8.94,1.0169
688528,秦川物联,电器仪表,四川,20200701,688528.SH,20230322,11.1,11.18,11.09,11.18,11.08,0.1,0.9025,3707.78,4131.928,0.714,0.714,0.84,64.316,1369.8115,2.5045,6.1445,5.1053,,,16800.0,5192.7,5192.7,187824.0,58054.386,13.3,8.86,1.0169
688528,秦川物联,电器仪表,四川,20200701,688528.SH,20230321,10.88,11.08,10.85,11.08,10.9,0.18,1.6514,2986.9,3278.693,0.5752,0.5752,0.63,63.7407,1357.5591,2.4821,6.0896,5.0596,,,16800.0,5192.7,5192.7,186144.0,57535.116,13.08,8.72,1.0169
688528,秦川物联,电器仪表,四川,20200701,688528.SH,20230320,10.72,10.96,10.7,10.9,10.75,0.15,1.3953,6036.29,6544.508,1.1625,1.1625,1.38,62.7052,1335.5049,2.4418,5.9906,4.9774,,,16800.0,5192.7,5192.7,183120.0,56600.43,12.9,8.6,1.0169
688528,秦川物联,电器仪表,四川,20200701,688528.SH,20230317,10.77,10.88,10.61,10.75,10.68,0.07,0.6554,5716.82,6161.558,1.1009,1.1009,1.44,61.8423,1317.1264,2.4082,5.9082,4.9089,,,16800.0,5192.7,5192.7,180600.0,55821.525,12.82,8.54,1.0169
688528,秦川物联,电器仪表,四川,20200701,688528.SH,20230316,10.85,10.98,10.63,10.68,10.95,-0.27,-2.4658,4647.85,5013.263,0.8951,0.8951,1.04,61.4396,1308.5498,2.3925,5.8697,4.877,,,16800.0,5192.7,5192.7,179424.0,55458.036,13.14,8.76,1.0169
688528,秦川物联,电器仪表,四川,20200701,688528.SH,20230315,11.02,11.03,10.87,10.95,10.94,0.01,0.0914,2609.84,2859.642,0.5026,0.5026,0.55,62.9929,1341.6311,2.453,6.0181,5.0003,,,16800.0,5192.7,5192.7,183960.0,56860.065,13.13,8.75,1.0169
688528,秦川物联,电器仪表,四川,20200701,688528.SH,20230314,11.08,11.08,10.8,10.94,11.06,-0.12,-1.085,4539.94,4955.829,0.8743,0.8743,0.85,62.9353,1340.4058,2.4508,6.0126,4.9957,,,16800.0,5192.7,5192.7,183792.0,56808.138,13.27,8.85,1.0169
688528,秦川物联,电器仪表,四川,20200701,688528.SH,20230313,11.3,11.37,11.01,11.06,11.13,-0.07,-0.6289,4384.17,4885.85,0.8443,0.8443,0.82,63.6257,1355.1087,2.4777,6.0786,5.0505,,,16800.0,5192.7,5192.7,185808.0,57431.262,13.36,8.9,1.0169
688528,秦川物联,电器仪表,四川,20200701,688528.SH,20230310,11.26,11.45,11.12,11.13,11.41,-0.28,-2.454,3676.9,4136.652,0.7081,0.7081,0.6,64.0284,1363.6853,2.4933,6.117,5.0825,,,16800.0,5192.7,5192.7,186984.0,57794.751,13.69,9.13,1.0169
688528,秦川物联,电器仪表,四川,20200701,688528.SH,20230309,11.14,11.42,11.14,11.41,11.25,0.16,1.4222,7100.87,8062.565,1.3675,1.3675,0.99,65.6391,1397.9918,2.5561,6.2709,5.2103,,,16800.0,5192.7,5192.7,191688.0,59248.707,13.5,9.0,1.0169
688528,秦川物联,电器仪表,四川,20200701,688528.SH,20230308,11.0,11.25,10.83,11.25,10.98,0.27,2.459,3915.72,4375.831,0.7541,0.7541,0.51,64.7187,1378.3881,2.5202,6.183,5.1373,,,16800.0,5192.7,5192.7,189000.0,58417.875,13.18,8.78,1.0169
688528,秦川物联,电器仪表,四川,20200701,688528.SH,20230307,11.3,11.39,10.98,10.98,11.3,-0.32,-2.8319,7615.91,8472.572,1.4667,1.4667,1.08,63.1654,1345.3068,2.4597,6.0346,5.014,,,16800.0,5192.7,5192.7,184464.0,57015.846,13.56,9.04,1.0169
688528,秦川物联,电器仪表,四川,20200701,688528.SH,20230306,11.39,11.4,11.25,11.3,11.25,0.05,0.4444,4372.77,4952.153,0.8421,0.8421,0.56,65.0063,1384.5143,2.5314,6.2105,5.1601,,,16800.0,5192.7,5192.7,189840.0,58677.51,13.5,9.0,1.0169
688528,秦川物联,电器仪表,四川,20200701,688528.SH,20230303,11.44,11.55,11.19,11.25,11.38,-0.13,-1.1424,7858.33,8875.572,1.5133,1.5133,0.89,64.7187,1378.3881,2.5202,6.183,5.1373,,,16800.0,5192.7,5192.7,189000.0,58417.875,13.66,9.1,1.0169
688528,秦川物联,电器仪表,四川,20200701,688528.SH,20230302,11.31,11.7,11.31,11.38,11.23,0.15,1.3357,12098.18,13904.668,2.3298,2.3298,1.09,65.4666,1394.3161,2.5493,6.2544,5.1966,,,16800.0,5192.7,5192.7,191184.0,59092.926,13.48,8.98,1.0169
688528,秦川物联,电器仪表,四川,20200701,688528.SH,20230301,11.04,11.27,11.04,11.23,11.16,0.07,0.6272,6258.82,6987.069,1.2053,1.2053,0.44,64.6036,1375.9376,2.5157,6.172,5.1281,,,16800.0,5192.7,5192.7,188664.0,58314.021,13.39,8.93,1.0169
688528,秦川物联,电器仪表,四川,20200701,688528.SH,20230228,11.11,11.32,11.06,11.16,11.09,0.07,0.6312,4628.44,5167.944,0.8913,0.8913,0.34,64.2009,1367.361,2.5001,6.1335,5.0962,,,16800.0,5192.7,5192.7,187488.0,57950.532,13.31,8.87,1.0169
688528,秦川物联,电器仪表,四川,20200701,688528.SH,20230227,11.47,11.59,11.08,11.09,11.36,-0.27,-2.3768,8196.58,9240.183,1.5785,1.5785,0.64,63.7983,1358.7844,2.4844,6.0951,5.0642,,,16800.0,5192.7,5192.7,186312.0,57587.043,13.63,9.09,1.0169
688528,秦川物联,电器仪表,四川,20200701,688528.SH,20230224,11.71,11.77,11.35,11.36,11.65,-0.29,-2.4893,12924.43,14849.592,2.489,2.489,1.14,65.3515,1391.8657,2.5449,6.2434,5.1875,,,16800.0,5192.7,5192.7,190848.0,58989.072,13.98,9.32,1.0169
688528,秦川物联,电器仪表,四川,20200701,688528.SH,20230223,11.68,11.9,11.43,11.65,11.54,0.11,0.9532,23708.43,27693.7,4.5657,4.5657,2.77,67.0198,1427.3975,2.6098,6.4028,5.3199,,,16800.0,5192.7,5192.7,195720.0,60494.955,13.85,9.23,1.0169
688528,秦川物联,电器仪表,四川,20200701,688528.SH,20230222,11.07,11.93,11.0,11.54,11.13,0.41,3.6837,21817.52,25139.011,4.2016,4.2016,4.28,66.387,1413.9199,2.5852,6.3424,5.2697,,,16800.0,5192.7,5192.7,193872.0,59923.758,13.36,8.9,1.0169
688528,秦川物联,电器仪表,四川,20200701,688528.SH,20230221,11.21,11.21,11.04,11.13,11.07,0.06,0.542,2283.82,2537.984,0.4398,0.4398,0.41,64.0284,1363.6853,2.4933,6.117,5.0825,,,16800.0,5192.7,5192.7,186984.0,57794.751,13.28,8.86,1.0169
688528,秦川物联,电器仪表,四川,20200701,688528.SH,20230220,11.11,11.22,11.03,11.07,11.06,0.01,0.0904,3217.6,3570.372,0.6196,0.6196,0.45,63.6832,1356.3339,2.4799,6.0841,5.0551,,,16800.0,5192.7,5192.7,185976.0,57483.189,13.27,8.85,1.0169
688528,秦川物联,电器仪表,四川,20200701,688528.SH,20230217,11.1,11.35,11.02,11.06,11.12,-0.06,-0.5396,5606.58,6264.623,1.0797,1.0797,0.78,63.6257,1355.1087,2.4777,6.0786,5.0505,,,16800.0,5192.7,5192.7,185808.0,57431.262,13.34,8.9,1.0169
688528,秦川物联,电器仪表,四川,20200701,688528.SH,20230216,11.33,11.41,11.01,11.12,11.38,-0.26,-2.2847,9938.95,11179.687,1.914,1.914,1.36,63.9708,1362.4601,2.4911,6.1115,5.0779,,,16800.0,5192.7,5192.7,186816.0,57742.824,13.66,9.1,1.0169
688528,秦川物联,电器仪表,四川,20200701,688528.SH,20230215,11.37,11.39,11.27,11.38,11.35,0.03,0.2643,4428.74,5018.19,0.8529,0.8529,0.63,65.4666,397.8877,2.5645,6.2544,5.7618,,,16800.0,5192.7,5192.7,191184.0,59092.926,13.62,9.08,1.0169
688528,秦川物联,电器仪表,四川,20200701,688528.SH,20230214,11.47,11.47,11.28,11.35,11.36,-0.01,-0.088,4585.56,5194.717,0.8831,0.8831,0.58,65.294,396.8388,2.5577,6.238,5.7466,,,16800.0,5192.7,5192.7,190680.0,58937.145,13.63,9.09,1.0169
688528,秦川物联,电器仪表,四川,20200701,688528.SH,20230213,11.26,11.55,11.22,11.36,11.19,0.17,1.5192,10936.33,12455.908,2.1061,2.1061,1.69,65.3515,397.1884,2.56,6.2434,5.7517,,,16800.0,5192.7,5192.7,190848.0,58989.072,13.43,8.95,1.0169
688528,秦川物联,电器仪表,四川,20200701,688528.SH,20230210,11.29,11.37,11.1,11.19,11.25,-0.06,-0.5333,6137.46,6886.048,1.1819,1.1819,0.9,64.3735,391.2446,2.5217,6.15,5.6656,,,16800.0,5192.7,5192.7,187992.0,58106.313,13.5,9.0,1.0169
688528,秦川物联,电器仪表,四川,20200701,688528.SH,20230209,10.98,11.35,10.98,11.25,11.02,0.23,2.0871,10585.92,11878.79,2.0386,2.0386,1.87,64.7187,393.3424,2.5352,6.183,5.696,,,16800.0,5192.7,5192.7,189000.0,58417.875,13.22,8.82,1.0169
688528,秦川物联,电器仪表,四川,20200701,688528.SH,20230208,11.0,11.11,10.98,11.02,11.04,-0.02,-0.1812,2904.99,3200.43,0.5594,0.5594,0.43,63.3956,385.3007,2.4834,6.0566,5.5795,,,16800.0,5192.7,5192.7,185136.0,57223.554,13.25,8.83,1.0169
688528,秦川物联,电器仪表,四川,20200701,688528.SH,20230207,10.92,11.14,10.81,11.04,10.92,0.12,1.0989,8787.29,9708.092,1.6922,1.6922,1.35,63.5106,386.0,2.4879,6.0676,5.5897,,,16800.0,5192.7,5192.7,185472.0,57327.408,13.1,8.74,1.0169
688528,秦川物联,电器仪表,四川,20200701,688528.SH,20230206,10.88,10.99,10.85,10.92,10.95,-0.03,-0.274,4012.45,4383.879,0.7727,0.7727,0.57,62.8203,381.8044,2.4608,6.0016,5.5289,,,16800.0,5192.7,5192.7,183456.0,56704.284,13.14,8.76,1.0169
688528,秦川物联,电器仪表,四川,20200701,688528.SH,20230203,10.82,11.06,10.82,10.95,10.85,0.1,0.9217,7881.38,8628.02,1.5178,1.5178,1.28,62.9929,382.8533,2.4676,6.0181,5.5441,,,16800.0,5192.7,5192.7,183960.0,56860.065,13.02,8.68,1.0169
688528,秦川物联,电器仪表,四川,20200701,688528.SH,20230202,10.98,10.98,10.85,10.85,10.98,-0.13,-1.184,4782.0,5215.704,0.9209,0.9209,0.83,62.4176,379.3569,2.4451,5.9632,5.4935,,,16800.0,5192.7,5192.7,182280.0,56340.795,13.18,8.78,1.0169
688528,秦川物联,电器仪表,四川,20200701,688528.SH,20230201,10.94,10.98,10.84,10.98,10.94,0.04,0.3656,8625.41,9413.611,1.6611,1.6611,1.8,63.1654,383.9022,2.4744,6.0346,5.5593,,,16800.0,5192.7,5192.7,184464.0,57015.846,13.13,8.75,1.0169
688528,秦川物联,电器仪表,四川,20200701,688528.SH,20230131,10.88,10.96,10.75,10.94,10.9,0.04,0.367,7362.2,8014.463,1.4178,1.4178,1.97,62.9353,382.5036,2.4653,6.0126,5.539,,,16800.0,5192.7,5192.7,183792.0,56808.138,13.08,8.72,1.0169
688528,秦川物联,电器仪表,四川,20200701,688528.SH,20230130,10.81,10.92,10.6,10.9,10.78,0.12,1.1132,6386.32,6902.046,1.2299,1.2299,2.02,62.7052,381.1051,2.4563,5.9906,5.5188,,,16800.0,5192.7,5192.7,183120.0,56600.43,12.94,8.62,1.0169
688528,秦川物联,电器仪表,四川,20200701,688528.SH,20230120,10.74,10.78,10.63,10.78,10.69,0.09,0.8419,3599.63,3859.597,0.6932,0.6932,1.14,62.0149,376.9094,2.4293,5.9247,5.458,,,16800.0,5192.7,5192.7,181104.0,55977.306,12.83,8.55,1.0169
688528,秦川物联,电器仪表,四川,20200701,688528.SH,20230119,10.71,10.71,10.6,10.69,10.68,0.01,0.0936,2888.44,3082.451,0.5563,0.5563,0.92,61.4971,373.7627,2.409,5.8752,5.4125,,,16800.0,5192.7,5192.7,179592.0,55509.963,12.82,8.54,1.0169
688528,秦川物联,电器仪表,四川,20200701,688528.SH,20230118,10.75,10.75,10.58,10.68,10.69,-0.01,-0.0935,3739.82,3970.051,0.7202,0.7202,1.08,61.4396,373.4131,2.4067,5.8697,5.4074,,,16800.0,5192.7,5192.7,179424.0,55458.036,12.83,8.55,1.0169
688528,秦川物联,电器仪表,四川,20200701,688528.SH,20230117,10.66,10.71,10.54,10.69,10.63,0.06,0.5644,2097.72,2230.415,0.404,0.404,0.55,61.4971,373.7627,2.409,5.8752,5.4125,,,16800.0,5192.7,5192.7,179592.0,55509.963,12.76,8.5,1.0169
688528,秦川物联,电器仪表,四川,20200701,688528.SH,20230116,10.63,10.75,10.55,10.63,10.63,0.0,0.0,3464.81,3684.905,0.6672,0.6672,0.96,61.152,371.6649,2.3955,5.8422,5.3821,,,16800.0,5192.7,5192.7,178584.0,55198.401,12.76,8.5,1.0169
688528,秦川物联,电器仪表,四川,20200701,688528.SH,20230113,10.61,10.7,10.51,10.63,10.68,-0.05,-0.4682,3531.02,3736.174,0.68,0.68,1.05,61.152,371.6649,2.3955,5.8422,5.3821,,,16800.0,5192.7,5192.7,178584.0,55198.401,12.82,8.54,1.0169
688528,秦川物联,电器仪表,四川,20200701,688528.SH,20230112,10.6,10.69,10.53,10.68,10.67,0.01,0.0937,2872.23,3042.617,0.5531,0.5531,0.92,61.4396,373.4131,2.4067,5.8697,5.4074,,,16800.0,5192.7,5192.7,179424.0,55458.036,12.8,8.54,1.0169
688528,秦川物联,电器仪表,四川,20200701,688528.SH,20230111,10.55,10.82,10.55,10.67,10.58,0.09,0.8507,5373.84,5738.513,1.0349,1.0349,1.83,61.3821,373.0634,2.4045,5.8642,5.4023,,,16800.0,5192.7,5192.7,179256.0,55406.109,12.7,8.46,1.0169
688528,秦川物联,电器仪表,四川,20200701,688528.SH,20230110,10.55,10.66,10.45,10.58,10.6,-0.02,-0.1887,3728.45,3943.794,0.718,0.718,1.27,60.8643,369.9167,2.3842,5.8148,5.3568,,,16800.0,5192.7,5192.7,177744.0,54938.766,12.72,8.48,1.0169
688528,秦川物联,电器仪表,四川,20200701,688528.SH,20230109,10.5,10.65,10.48,10.6,10.5,0.1,0.9524,2491.77,2638.3,0.4799,0.4799,0.9,60.9794,370.616,2.3887,5.8258,5.3669,,,16800.0,5192.7,5192.7,178080.0,55042.62,12.6,8.4,1.0169
688528,秦川物联,电器仪表,四川,20200701,688528.SH,20230106,10.51,10.55,10.4,10.5,10.53,-0.03,-0.2849,2284.44,2393.924,0.4399,0.4399,0.83,60.4041,367.1196,2.3662,5.7708,5.3163,,,16800.0,5192.7,5192.7,176400.0,54523.35,12.64,8.42,1.0169
688528,秦川物联,电器仪表,四川,20200701,688528.SH,20230105,10.66,10.66,10.41,10.53,10.57,-0.04,-0.3784,1793.09,1883.453,0.3453,0.3453,0.58,60.5767,368.1685,2.3729,5.7873,5.3315,,,16800.0,5192.7,5192.7,176904.0,54679.131,12.68,8.46,1.0169
688528,秦川物联,电器仪表,四川,20200701,688528.SH,20230104,10.38,10.68,10.33,10.57,10.43,0.14,1.3423,4351.46,4600.465,0.838,0.838,1.72,60.8068,369.5671,2.382,5.8093,5.3517,,,16800.0,5192.7,5192.7,177576.0,54886.839,12.52,8.34,1.0169
688528,秦川物联,电器仪表,四川,20200701,688528.SH,20230103,10.24,10.47,10.17,10.43,10.19,0.24,2.3553,3793.98,3938.753,0.7306,0.7306,1.61,60.0014,364.6721,2.3504,5.7323,5.2808,,,16800.0,5192.7,5192.7,175224.0,54159.861,12.23,8.15,1.0169
688528,秦川物联,电器仪表,四川,20200701,688528.SH,20221230,9.99,10.2,9.99,10.19,9.95,0.24,2.4121,1649.34,1670.236,0.3176,0.3176,0.63,58.6208,356.2808,2.2963,5.6004,5.1593,,,16800.0,5192.7,5192.7,171192.0,52913.613,11.94,7.96,1.0169
688528,秦川物联,电器仪表,四川,20200701,688528.SH,20221229,10.11,10.2,9.95,9.95,10.17,-0.22,-2.1632,2243.58,2257.848,0.4321,0.4321,0.9,57.2401,347.8895,2.2422,5.4685,5.0378,,,16800.0,5192.7,5192.7,167160.0,51667.365,12.2,8.14,1.0169
688528,秦川物联,电器仪表,四川,20200701,688528.SH,20221228,10.22,10.36,10.12,10.17,10.23,-0.06,-0.5865,3498.56,3567.577,0.6737,0.6737,1.66,58.5057,355.5815,2.2918,5.5894,5.1492,,,16800.0,5192.7,5192.7,170856.0,52809.759,12.28,8.18,1.0169
688528,秦川物联,电器仪表,四川,20200701,688528.SH,20221227,10.33,10.44,10.16,10.23,10.33,-0.1,-0.9681,1433.6,1468.763,0.2761,0.2761,0.66,58.8509,357.6794,2.3053,5.6224,5.1796,,,16800.0,5192.7,5192.7,171864.0,53121.321,12.4,8.26,1.0169
688528,秦川物联,电器仪表,四川,20200701,688528.SH,20221226,10.11,10.56,10.09,10.33,10.11,0.22,2.1761,2989.83,3107.107,0.5758,0.5758,1.28,59.4261,361.1757,2.3279,5.6774,5.2302,,,16800.0,5192.7,5192.7,173544.0,53640.591,12.13,8.09,1.0169
688528,秦川物联,电器仪表,四川,20200701,688528.SH,20221223,10.43,10.43,10.11,10.11,10.35,-0.24,-2.3188,2940.17,3010.122,0.5662,0.5662,1.31,58.1605,353.4837,2.2783,5.5564,5.1188,,,16800.0,5192.7,5192.7,169848.0,52498.197,12.42,8.28,1.0169
688528,秦川物联,电器仪表,四川,20200701,688528.SH,20221222,10.39,10.58,10.34,10.35,10.47,-0.12,-1.1461,1583.57,1652.808,0.305,0.305,0.53,59.5412,361.875,2.3324,5.6884,5.2403,,,16800.0,5192.7,5192.7,173880.0,53744.445,12.56,8.38,1.0169
688528,秦川物联,电器仪表,四川,20200701,688528.SH,20221221,10.44,10.47,10.3,10.47,10.42,0.05,0.4798,1615.65,1679.038,0.3111,0.3111,0.5,60.2315,366.0707,2.3594,5.7543,5.3011,,,16800.0,5192.7,5192.7,175896.0,54367.569,12.5,8.34,1.0169
688528,秦川物联,电器仪表,四川,20200701,688528.SH,20221220,10.22,10.5,10.22,10.42,10.33,0.09,0.8712,1656.05,1720.538,0.3189,0.3189,0.49,59.9439,364.3225,2.3482,5.7268,5.2758,,,16800.0,5192.7,5192.7,175056.0,54107.934,12.4,8.26,1.0169
688528,秦川物联,电器仪表,四川,20200701,688528.SH,20221219,10.75,10.75,10.26,10.33,10.6,-0.27,-2.5472,3914.69,4075.013,0.7539,0.7539,1.32,59.4261,361.1757,2.3279,5.6774,5.2302,,,16800.0,5192.7,5192.7,173544.0,53640.591,12.72,8.48,1.0169
688528,秦川物联,电器仪表,四川,20200701,688528.SH,20221216,10.57,10.71,10.57,10.6,10.7,-0.1,-0.9346,2486.52,2648.446,0.4788,0.4788,0.78,60.9794,370.616,2.3887,5.8258,5.3669,,,16800.0,5192.7,5192.7,178080.0,55042.62,12.84,8.56,1.0169
688528,秦川物联,电器仪表,四川,20200701,688528.SH,20221215,10.44,10.77,10.44,10.7,10.51,0.19,1.8078,5319.78,5669.318,1.0245,1.0245,1.89,61.5547,374.1123,2.4113,5.8807,5.4175,,,16800.0,5192.7,5192.7,179760.0,55561.89,12.61,8.41,1.0169
688528,秦川物联,电器仪表,四川,20200701,688528.SH,20221214,10.44,10.52,10.4,10.51,10.44,0.07,0.6705,2634.33,2756.29,0.5073,0.5073,0.85,60.4616,367.4692,2.3684,5.7763,5.3213,,,16800.0,5192.7,5192.7,176568.0,54575.277,12.53,8.35,1.0169
688528,秦川物联,电器仪表,四川,20200701,688528.SH,20221213,10.44,10.66,10.41,10.44,10.46,-0.02,-0.1912,2664.06,2788.062,0.513,0.513,0.88,60.0589,365.0218,2.3527,5.7378,5.2859,,,16800.0,5192.7,5192.7,175392.0,54211.788,12.55,8.37,1.0169
688528,秦川物联,电器仪表,四川,20200701,688528.SH,20221212,10.44,10.59,10.42,10.46,10.55,-0.09,-0.8531,1705.64,1790.585,0.3285,0.3285,0.5,60.174,365.721,2.3572,5.7488,5.296,,,16800.0,5192.7,5192.7,175728.0,54315.642,12.66,8.44,1.0169
688528,秦川物联,电器仪表,四川,20200701,688528.SH,20221209,10.49,10.64,10.4,10.55,10.52,0.03,0.2852,3582.57,3767.647,0.6899,0.6899,1.07,60.6918,368.8678,2.3775,5.7983,5.3416,,,16800.0,5192.7,5192.7,177240.0,54782.985,12.62,8.42,1.0169
688528,秦川物联,电器仪表,四川,20200701,688528.SH,20221208,10.55,10.66,10.4,10.52,10.51,0.01,0.0951,3487.6,3663.08,0.6716,0.6716,0.95,60.5192,367.8189,2.3707,5.7818,5.3264,,,16800.0,5192.7,5192.7,176736.0,54627.204,12.61,8.41,1.0169
688528,秦川物联,电器仪表,四川,20200701,688528.SH,20221207,10.65,10.69,10.48,10.51,10.63,-0.12,-1.1289,4034.79,4262.777,0.777,0.777,1.19,60.4616,367.4692,2.3684,5.7763,5.3213,,,16800.0,5192.7,5192.7,176568.0,54575.277,12.76,8.5,1.0169
688528,秦川物联,电器仪表,四川,20200701,688528.SH,20221206,10.67,10.77,10.62,10.63,10.71,-0.08,-0.747,2342.4,2495.35,0.4511,0.4511,0.48,61.152,371.6649,2.3955,5.8422,5.3821,,,16800.0,5192.7,5192.7,178584.0,55198.401,12.85,8.57,1.0169
688528,秦川物联,电器仪表,四川,20200701,688528.SH,20221205,10.6,10.76,10.6,10.71,10.69,0.02,0.1871,3661.52,3918.616,0.7051,0.7051,0.65,61.6122,374.462,2.4135,5.8862,5.4226,,,16800.0,5192.7,5192.7,179928.0,55613.817,12.83,8.55,1.0169
688528,秦川物联,电器仪表,四川,20200701,688528.SH,20221202,10.63,10.77,10.58,10.69,10.6,0.09,0.8491,3287.46,3519.573,0.6331,0.6331,0.58,61.4971,373.7627,2.409,5.8752,5.4125,,,16800.0,5192.7,5192.7,179592.0,55509.963,12.72,8.48,1.0169
688528,秦川物联,电器仪表,四川,20200701,688528.SH,20221201,10.84,10.84,10.6,10.6,10.79,-0.19,-1.7609,5089.2,5448.497,0.9801,0.9801,1.0,60.9794,370.616,2.3887,5.8258,5.3669,,,16800.0,5192.7,5192.7,178080.0,55042.62,12.95,8.63,1.0169
688528,秦川物联,电器仪表,四川,20200701,688528.SH,20221130,10.8,10.9,10.69,10.79,10.79,0.0,0.0,2593.8,2789.015,0.4995,0.4995,0.46,62.0724,377.2591,2.4315,5.9302,5.4631,,,16800.0,5192.7,5192.7,181272.0,56029.233,12.95,8.63,1.0169
688528,秦川物联,电器仪表,四川,20200701,688528.SH,20221129,10.41,10.89,10.41,10.79,10.47,0.32,3.0564,9865.25,10629.631,1.8998,1.8998,2.29,62.0724,377.2591,2.4315,5.9302,5.4631,,,16800.0,5192.7,5192.7,181272.0,56029.233,12.56,8.38,1.0169
688528,秦川物联,电器仪表,四川,20200701,688528.SH,20221128,10.31,10.85,10.28,10.47,10.4,0.07,0.6731,7273.96,7672.348,1.4008,1.4008,1.87,60.2315,366.0707,2.3594,5.7543,5.3011,,,16800.0,5192.7,5192.7,175896.0,54367.569,12.48,8.32,1.0169
688528,秦川物联,电器仪表,四川,20200701,688528.SH,20221125,10.6,10.64,10.38,10.4,10.53,-0.13,-1.2346,3592.04,3772.517,0.6917,0.6917,0.94,59.8288,363.6232,2.3436,5.7158,5.2656,,,16800.0,5192.7,5192.7,174720.0,54004.08,12.64,8.42,1.0169
688528,秦川物联,电器仪表,四川,20200701,688528.SH,20221124,10.52,10.61,10.41,10.53,10.44,0.09,0.8621,2021.49,2131.642,0.3893,0.3893,0.51,60.5767,368.1685,2.3729,5.7873,5.3315,,,16800.0,5192.7,5192.7,176904.0,54679.131,12.53,8.35,1.0169
688528,秦川物联,电器仪表,四川,20200701,688528.SH,20221123,10.6,10.7,10.31,10.44,10.58,-0.14,-1.3233,5522.5,5751.808,1.0635,1.0635,1.59,60.0589,365.0218,2.3527,5.7378,5.2859,,,16800.0,5192.7,5192.7,175392.0,54211.788,12.7,8.46,1.0169
688528,秦川物联,电器仪表,四川,20200701,688528.SH,20221122,10.66,10.81,10.52,10.58,10.76,-0.18,-1.6729,3087.69,3292.705,0.5946,0.5946,0.92,60.8643,369.9167,2.3842,5.8148,5.3568,,,16800.0,5192.7,5192.7,177744.0,54938.766,12.91,8.61,1.0169
688528,秦川物联,电器仪表,四川,20200701,688528.SH,20221121,10.66,10.77,10.47,10.76,10.64,0.12,1.1278,5180.33,5516.943,0.9976,0.9976,1.69,61.8998,376.2102,2.4248,5.9137,5.4479,,,16800.0,5192.7,5192.7,180768.0,55873.452,12.77,8.51,1.0169
688528,秦川物联,电器仪表,四川,20200701,688528.SH,20221118,10.59,10.75,10.55,10.64,10.66,-0.02,-0.1876,3330.17,3556.403,0.6413,0.6413,1.07,61.2095,372.0145,2.3977,5.8477,5.3871,,,16800.0,5192.7,5192.7,178752.0,55250.328,12.79,8.53,1.0169
688528,秦川物联,电器仪表,四川,20200701,688528.SH,20221117,10.55,10.66,10.52,10.66,10.61,0.05,0.4713,2566.49,2718.27,0.4942,0.4942,0.68,61.3246,372.7138,2.4022,5.8587,5.3973,,,16800.0,5192.7,5192.7,179088.0,55354.182,12.73,8.49,1.0169
688528,秦川物联,电器仪表,四川,20200701,688528.SH,20221116,10.73,10.75,10.56,10.61,10.63,-0.02,-0.1881,3238.21,3438.413,0.6236,0.6236,0.76,61.0369,370.9656,2.391,5.8312,5.372,,,16800.0,5192.7,5192.7,178248.0,55094.547,12.76,8.5,1.0169
688528,秦川物联,电器仪表,四川,20200701,688528.SH,20221115,10.59,10.65,10.49,10.63,10.51,0.12,1.1418,2526.23,2679.749,0.4865,0.4865,0.53,61.152,371.6649,2.3955,5.8422,5.3821,,,16800.0,5192.7,5192.7,178584.0,55198.401,12.61,8.41,1.0169
688528,秦川物联,电器仪表,四川,20200701,688528.SH,20221114,10.43,10.63,10.4,10.51,10.39,0.12,1.155,3677.47,3873.709,0.7082,0.7082,0.78,60.4616,367.4692,2.3684,5.7763,5.3213,,,16800.0,5192.7,5192.7,176568.0,54575.277,12.47,8.31,1.0169
688528,秦川物联,电器仪表,四川,20200701,688528.SH,20221111,10.39,10.68,10.38,10.39,10.31,0.08,0.7759,3487.5,3658.681,0.6716,0.6716,0.73,59.7713,363.2736,2.3414,5.7103,5.2606,,,16800.0,5192.7,5192.7,174552.0,53952.153,12.37,8.25,1.0169
688528,秦川物联,电器仪表,四川,20200701,688528.SH,20221110,10.84,10.95,10.28,10.31,10.52,-0.21,-1.9962,5922.52,6222.633,1.1405,1.1405,1.22,59.3111,360.4765,2.3234,5.6664,5.2201,,,16800.0,5192.7,5192.7,173208.0,53536.737,12.62,8.42,1.0169
688528,秦川物联,电器仪表,四川,20200701,688528.SH,20221109,10.33,10.64,10.33,10.52,10.41,0.11,1.0567,5733.47,6042.594,1.1041,1.1041,1.26,60.5192,367.8189,2.3707,5.7818,5.3264,,,16800.0,5192.7,5192.7,176736.0,54627.204,12.49,8.33,1.0169
688528,秦川物联,电器仪表,四川,20200701,688528.SH,20221108,10.21,10.44,10.2,10.41,10.36,0.05,0.4826,5052.46,5212.02,0.973,0.973,1.14,59.8864,363.9728,2.3459,5.7213,5.2707,,,16800.0,5192.7,5192.7,174888.0,54056.007,12.43,8.29,1.0169
688528,秦川物联,电器仪表,四川,20200701,688528.SH,20221107,10.19,10.43,10.19,10.36,10.29,0.07,0.6803,3430.7,3542.141,0.6607,0.6607,0.77,59.5987,362.2247,2.3346,5.6938,5.2454,,,16800.0,5192.7,5192.7,174048.0,53796.372,12.35,8.23,1.0169
688528,秦川物联,电器仪表,四川,20200701,688528.SH,20221104,10.3,10.42,10.28,10.29,10.3,-0.01,-0.0971,3590.29,3710.492,0.6914,0.6914,0.81,59.196,359.7772,2.3189,5.6554,5.2099,,,16800.0,5192.7,5192.7,172872.0,53432.883,12.36,8.24,1.0169
688528,秦川物联,电器仪表,四川,20200701,688528.SH,20221103,10.21,10.38,10.08,10.3,10.15,0.15,1.4778,6539.76,6704.266,1.2594,1.2594,1.82,59.2536,360.1268,2.3211,5.6609,5.215,,,16800.0,5192.7,5192.7,173040.0,53484.81,12.18,8.12,1.0169
688528,秦川物联,电器仪表,四川,20200701,688528.SH,20221102,10.12,10.23,10.09,10.15,10.07,0.08,0.7944,4173.87,4238.685,0.8038,0.8038,1.29,58.3906,354.8823,2.2873,5.5784,5.1391,,,16800.0,5192.7,5192.7,170520.0,52705.905,12.08,8.06,1.0169
688528,秦川物联,电器仪表,四川,20200701,688528.SH,20221101,9.86,10.12,9.86,10.07,9.86,0.21,2.1298,4333.99,4353.013,0.8346,0.8346,1.58,57.9304,352.0852,2.2693,5.5345,5.0985,,,16800.0,5192.7,5192.7,169176.0,52290.489,11.83,7.89,1.0169
688528,秦川物联,电器仪表,四川,20200701,688528.SH,20221031,9.6,9.97,9.59,9.86,9.5,0.36,3.7895,3562.06,3508.174,0.686,0.686,1.38,56.7223,344.7428,2.222,5.419,4.9922,,,16800.0,5192.7,5192.7,165648.0,51200.022,11.4,7.6,1.0169
688528,秦川物联,电器仪表,四川,20200701,688528.SH,20221028,9.88,9.88,9.49,9.5,9.83,-0.33,-3.3571,3420.57,3301.103,0.6587,0.6587,1.4,54.6513,258.2427,2.1498,5.2212,5.2096,,,16800.0,5192.7,5192.7,159600.0,49330.65,11.8,7.86,1.0169
688528,秦川物联,电器仪表,四川,20200701,688528.SH,20221027,9.9,9.99,9.83,9.83,9.83,0.0,0.0,2470.08,2450.405,0.4757,0.4757,1.07,56.5498,267.2132,2.2244,5.4026,5.3906,,,16800.0,5192.7,5192.7,165144.0,51044.241,11.8,7.86,1.0169
688528,秦川物联,电器仪表,四川,20200701,688528.SH,20221026,9.6,9.87,9.6,9.83,9.66,0.17,1.7598,2405.24,2353.95,0.4632,0.4632,1.13,56.5498,267.2132,2.2244,5.4026,5.3906,,,16800.0,5192.7,5192.7,165144.0,51044.241,11.59,7.73,1.0169
688528,秦川物联,电器仪表,四川,20200701,688528.SH,20221025,9.68,9.8,9.59,9.66,9.68,-0.02,-0.2066,1827.28,1769.945,0.3519,0.3519,0.88,55.5718,262.592,2.186,5.3091,5.2974,,,16800.0,5192.7,5192.7,162288.0,50161.482,11.62,7.74,1.0169
688528,秦川物联,电器仪表,四川,20200701,688528.SH,20221024,9.93,9.96,9.63,9.68,9.84,-0.16,-1.626,2766.38,2710.195,0.5327,0.5327,1.25,55.6868,263.1357,2.1905,5.3201,5.3084,,,16800.0,5192.7,5192.7,162624.0,50265.336,11.81,7.87,1.0169
688528,秦川物联,电器仪表,四川,20200701,688528.SH,20221021,9.85,9.89,9.75,9.84,9.75,0.09,0.9231,2751.73,2709.247,0.5299,0.5299,1.37,56.6073,267.485,2.2267,5.4081,5.3961,,,16800.0,5192.7,5192.7,165312.0,51096.168,11.7,7.8,1.0169
688528,秦川物联,电器仪表,四川,20200701,688528.SH,20221020,9.7,9.86,9.66,9.75,9.72,0.03,0.3086,1772.8,1729.721,0.3414,0.3414,0.76,56.0895,265.0385,2.2063,5.3586,5.3467,,,16800.0,5192.7,5192.7,163800.0,50628.825,11.66,7.78,1.0169
688528,秦川物联,电器仪表,四川,20200701,688528.SH,20221019,9.79,9.82,9.68,9.72,9.78,-0.06,-0.6135,1478.85,1440.472,0.2848,0.2848,0.6,55.917,264.223,2.1995,5.3421,5.3303,,,16800.0,5192.7,5192.7,163296.0,50473.044,11.74,7.82,1.0169
688528,秦川物联,电器仪表,四川,20200701,688528.SH,20221018,9.81,9.88,9.71,9.78,9.84,-0.06,-0.6098,1619.76,1584.229,0.3119,0.3119,0.69,56.2621,265.854,2.2131,5.3751,5.3632,,,16800.0,5192.7,5192.7,164304.0,50784.606,11.81,7.87,1.0169
688528,秦川物联,电器仪表,四川,20200701,688528.SH,20221017,9.64,9.9,9.63,9.84,9.58,0.26,2.714,3436.36,3360.702,0.6618,0.6618,1.61,56.6073,267.485,2.2267,5.4081,5.3961,,,16800.0,5192.7,5192.7,165312.0,51096.168,11.5,7.66,1.0169
688528,秦川物联,电器仪表,四川,20200701,688528.SH,20221014,9.55,9.64,9.46,9.58,9.46,0.12,1.2685,1748.64,1674.396,0.3367,0.3367,0.8,55.1116,260.4173,2.1679,5.2652,5.2535,,,16800.0,5192.7,5192.7,160944.0,49746.066,11.35,7.57,1.0169
688528,秦川物联,电器仪表,四川,20200701,688528.SH,20221013,9.29,9.65,9.29,9.46,9.24,0.22,2.381,3380.62,3199.505,0.651,0.651,1.87,54.4212,257.1553,2.1407,5.1992,5.1877,,,16800.0,5192.7,5192.7,158928.0,49122.942,11.09,7.39,1.0169
688528,秦川物联,电器仪表,四川,20200701,688528.SH,20221012,9.0,9.26,8.99,9.24,9.06,0.18,1.9868,2113.26,1923.902,0.407,0.407,1.17,53.1556,251.175,2.0909,5.0783,5.0671,,,16800.0,5192.7,5192.7,155232.0,47980.548,10.87,7.25,1.0169
688528,秦川物联,电器仪表,四川,20200701,688528.SH,20221011,9.07,9.08,8.91,9.06,9.15,-0.09,-0.9836,1073.26,968.881,0.2067,0.2067,0.56,52.1201,246.282,2.0502,4.9794,4.9684,,,16800.0,5192.7,5192.7,152208.0,47045.862,10.98,7.32,1.0169
688528,秦川物联,电器仪表,四川,20200701,688528.SH,20221010,9.22,9.33,9.04,9.15,9.22,-0.07,-0.7592,2366.64,2163.294,0.4558,0.4558,1.28,52.6379,248.7285,2.0706,5.0288,5.0177,,,16800.0,5192.7,5192.7,153720.0,47513.205,11.06,7.38,1.0169
688528,秦川物联,电器仪表,四川,20200701,688528.SH,20220930,9.2,9.31,9.12,9.22,9.2,0.02,0.2174,1969.52,1808.393,0.3793,0.3793,1.01,53.0406,250.6313,2.0864,5.0673,5.0561,,,16800.0,5192.7,5192.7,154896.0,47876.694,11.04,7.36,1.0169
688528,秦川物联,电器仪表,四川,20200701,688528.SH,20220929,9.3,9.39,9.1,9.2,9.3,-0.1,-1.0753,1540.6,1421.285,0.2967,0.2967,0.76,52.9255,250.0876,2.0819,5.0563,5.0451,,,16800.0,5192.7,5192.7,154560.0,47772.84,11.16,7.44,1.0169
688528,秦川物联,电器仪表,四川,20200701,688528.SH,20220928,9.38,9.52,9.3,9.3,9.38,-0.08,-0.8529,2119.02,1990.619,0.4081,0.4081,1.05,53.5008,252.806,2.1045,5.1113,5.1,,,16800.0,5192.7,5192.7,156240.0,48292.11,11.26,7.5,1.0169
688528,秦川物联,电器仪表,四川,20200701,688528.SH,20220927,9.1,9.38,9.1,9.38,9.15,0.23,2.5137,1606.4,1487.423,0.3094,0.3094,0.8,53.961,254.9807,2.1226,5.1552,5.1438,,,16800.0,5192.7,5192.7,157584.0,48707.526,10.98,7.32,1.0169
688528,秦川物联,电器仪表,四川,20200701,688528.SH,20220926,9.33,9.37,9.13,9.15,9.5,-0.35,-3.6842,2015.55,1862.502,0.3882,0.3882,0.92,52.6379,248.7285,2.0706,5.0288,5.0177,,,16800.0,5192.7,5192.7,153720.0,47513.205,11.4,7.6,1.0169
688528,秦川物联,电器仪表,四川,20200701,688528.SH,20220923,9.68,9.72,9.4,9.5,9.65,-0.15,-1.5544,2432.47,2320.996,0.4684,0.4684,0.99,54.6513,258.2427,2.1498,5.2212,5.2096,,,16800.0,5192.7,5192.7,159600.0,49330.65,11.58,7.72,1.0169
688528,秦川物联,电器仪表,四川,20200701,688528.SH,20220922,9.59,9.81,9.52,9.65,9.67,-0.02,-0.2068,1970.99,1911.907,0.3796,0.3796,0.64,55.5143,262.3202,2.1837,5.3036,5.2919,,,16800.0,5192.7,5192.7,162120.0,50109.555,11.6,7.74,1.0169
688528,秦川物联,电器仪表,四川,20200701,688528.SH,20220921,9.64,9.74,9.48,9.67,9.61,0.06,0.6243,2037.19,1953.062,0.3923,0.3923,0.61,55.6293,262.8639,2.1882,5.3146,5.3029,,,16800.0,5192.7,5192.7,162456.0,50213.409,11.53,7.69,1.0169
688528,秦川物联,电器仪表,四川,20200701,688528.SH,20220920,9.54,9.63,9.49,9.61,9.48,0.13,1.3713,1641.61,1569.596,0.3161,0.3161,0.47,55.2841,261.2329,2.1747,5.2816,5.27,,,16800.0,5192.7,5192.7,161448.0,49901.847,11.38,7.58,1.0169
688528,秦川物联,电器仪表,四川,20200701,688528.SH,20220919,9.66,9.66,9.43,9.48,9.63,-0.15,-1.5576,2869.27,2732.309,0.5526,0.5526,0.85,54.5363,257.699,2.1452,5.2102,5.1987,,,16800.0,5192.7,5192.7,159264.0,49226.796,11.56,7.7,1.0169
688528,秦川物联,电器仪表,四川,20200701,688528.SH,20220916,10.0,10.0,9.63,9.63,10.15,-0.52,-5.1232,3761.81,3702.264,0.7244,0.7244,1.27,55.3992,261.7765,2.1792,5.2926,5.2809,,,16800.0,5192.7,5192.7,161784.0,50005.701,12.18,8.12,1.0169
688528,秦川物联,电器仪表,四川,20200701,688528.SH,20220915,10.24,10.26,9.91,10.15,10.34,-0.19,-1.8375,5063.94,5109.496,0.9752,0.9752,2.13,58.3906,275.9119,2.2969,5.5784,5.5661,,,16800.0,5192.7,5192.7,170520.0,52705.905,12.41,8.27,1.0169
688528,秦川物联,电器仪表,四川,20200701,688528.SH,20220914,10.21,10.39,10.12,10.34,10.3,0.04,0.3883,3329.54,3403.858,0.6412,0.6412,1.58,59.4837,281.0768,2.3398,5.6829,5.6703,,,16800.0,5192.7,5192.7,173712.0,53692.518,12.36,8.24,1.0169
688528,秦川物联,电器仪表,四川,20200701,688528.SH,20220913,10.34,10.38,10.23,10.3,10.26,0.04,0.3899,2503.26,2579.642,0.4821,0.4821,1.21,59.2536,279.9894,2.3308,5.6609,5.6484,,,16800.0,5192.7,5192.7,173040.0,53484.81,12.31,8.21,1.0169
688528,秦川物联,电器仪表,四川,20200701,688528.SH,20220909,10.23,10.28,10.15,10.26,10.28,-0.02,-0.1946,2266.64,2316.999,0.4365,0.4365,1.18,59.0234,278.9021,2.3217,5.6389,5.6264,,,16800.0,5192.7,5192.7,172368.0,53277.102,12.34,8.22,1.0169
688528,秦川物联,电器仪表,四川,20200701,688528.SH,20220908,10.33,10.38,10.23,10.28,10.32,-0.04,-0.3876,1663.71,1710.45,0.3204,0.3204,0.79,59.1385,279.4458,2.3263,5.6499,5.6374,,,16800.0,5192.7,5192.7,172704.0,53380.956,12.38,8.26,1.0169
688528,秦川物联,电器仪表,四川,20200701,688528.SH,20220907,10.33,10.38,10.24,10.32,10.33,-0.01,-0.0968,2137.01,2207.161,0.4115,0.4115,0.89,59.3686,280.5331,2.3353,5.6719,5.6593,,,16800.0,5192.7,5192.7,173376.0,53588.664,12.4,8.26,1.0169
688528,秦川物联,电器仪表,四川,20200701,688528.SH,20220906,10.23,10.38,10.2,10.33,10.34,-0.01,-0.0967,1962.12,2020.287,0.3779,0.3779,0.8,59.4261,280.8049,2.3376,5.6774,5.6648,,,16800.0,5192.7,5192.7,173544.0,53640.591,12.41,8.27,1.0169
688528,秦川物联,电器仪表,四川,20200701,688528.SH,20220905,10.38,10.46,10.21,10.34,10.23,0.11,1.0753,2286.46,2361.492,0.4403,0.4403,0.94,59.4837,281.0768,2.3398,5.6829,5.6703,,,16800.0,5192.7,5192.7,173712.0,53692.518,12.28,8.18,1.0169
688528,秦川物联,电器仪表,四川,20200701,688528.SH,20220902,10.08,10.24,10.08,10.23,10.11,0.12,1.1869,1547.4,1575.213,0.298,0.298,0.57,58.8509,278.0866,2.315,5.6224,5.61,,,16800.0,5192.7,5192.7,171864.0,53121.321,12.13,8.09,1.0169
688528,秦川物联,电器仪表,四川,20200701,688528.SH,20220901,10.2,10.3,10.06,10.11,10.17,-0.06,-0.59,2645.92,2685.964,0.5095,0.5095,0.88,58.1605,274.8246,2.2878,5.5564,5.5442,,,16800.0,5192.7,5192.7,169848.0,52498.197,12.2,8.14,1.0169
688528,秦川物联,电器仪表,四川,20200701,688528.SH,20220831,10.3,10.42,10.17,10.17,10.44,-0.27,-2.5862,3597.14,3692.328,0.6927,0.6927,1.03,58.5057,276.4556,2.3014,5.5894,5.5771,,,16800.0,5192.7,5192.7,170856.0,52809.759,12.53,8.35,1.0169
688528,秦川物联,电器仪表,四川,20200701,688528.SH,20220830,10.44,10.49,10.31,10.44,10.43,0.01,0.0959,2215.11,2306.72,0.4266,0.4266,0.59,60.0589,283.7951,2.3625,5.7378,5.7251,,,16800.0,5192.7,5192.7,175392.0,54211.788,12.52,8.34,1.0169
688528,秦川物联,电器仪表,四川,20200701,688528.SH,20220829,10.3,10.48,10.13,10.43,10.36,0.07,0.6757,2179.05,2253.87,0.4196,0.4196,0.57,60.0014,283.5233,2.3602,5.7323,5.7196,,,16800.0,5192.7,5192.7,175224.0,54159.861,12.43,8.29,1.0169
688528,秦川物联,电器仪表,四川,20200701,688528.SH,20220826,10.46,10.63,10.33,10.36,10.46,-0.1,-0.956,2931.03,3068.002,0.5645,0.5645,0.73,59.5987,281.6204,2.3444,5.6938,5.6813,,,16800.0,5192.7,5192.7,174048.0,53796.372,12.55,8.37,1.0169
688528,秦川物联,电器仪表,四川,20200701,688528.SH,20220825,10.6,10.66,10.4,10.46,10.67,-0.21,-1.9681,4107.72,4313.973,0.7911,0.7911,1.02,60.174,284.3388,2.367,5.7488,5.7361,,,16800.0,5192.7,5192.7,175728.0,54315.642,12.8,8.54,1.0169
688528,秦川物联,电器仪表,四川,20200701,688528.SH,20220824,10.86,10.99,10.61,10.67,10.86,-0.19,-1.7495,6085.74,6538.772,1.172,1.172,1.76,61.3821,290.0473,2.4145,5.8642,5.8513,,,16800.0,5192.7,5192.7,179256.0,55406.109,13.03,8.69,1.0169
688528,秦川物联,电器仪表,四川,20200701,688528.SH,20220823,10.96,10.98,10.81,10.86,10.91,-0.05,-0.4583,3353.77,3648.319,0.6459,0.6459,0.97,62.4751,295.2122,2.4575,5.9686,5.9554,,,16800.0,5192.7,5192.7,182448.0,56392.722,13.09,8.73,1.0169
688528,秦川物联,电器仪表,四川,20200701,688528.SH,20220822,11.0,11.07,10.9,10.91,11.02,-0.11,-0.9982,2705.54,2963.574,0.521,0.521,0.63,62.7628,296.5713,2.4688,5.9961,5.9829,,,16800.0,5192.7,5192.7,183288.0,56652.357,13.22,8.82,1.0169
688528,秦川物联,电器仪表,四川,20200701,688528.SH,20220819,11.22,11.29,11.01,11.02,11.19,-0.17,-1.5192,3827.21,4247.601,0.737,0.737,0.85,63.3956,299.5615,2.4937,6.0566,6.0432,,,16800.0,5192.7,5192.7,185136.0,57223.554,13.43,8.95,1.0169
688528,秦川物联,电器仪表,四川,20200701,688528.SH,20220818,11.11,11.25,11.05,11.19,11.16,0.03,0.2688,4088.69,4571.63,0.7874,0.7874,0.78,64.3735,304.1827,2.5322,6.15,6.1364,,,16800.0,5192.7,5192.7,187992.0,58106.313,13.39,8.93,1.0169
688528,秦川物联,电器仪表,四川,20200701,688528.SH,20220817,11.11,11.21,11.04,11.16,11.09,0.07,0.6312,3295.47,3661.555,0.6346,0.6346,0.56,64.2009,303.3672,2.5254,6.1335,6.12,,,16800.0,5192.7,5192.7,187488.0,57950.532,13.31,8.87,1.0169
688528,秦川物联,电器仪表,四川,20200701,688528.SH,20220816,11.11,11.2,10.97,11.09,11.09,0.0,0.0,3445.7,3823.687,0.6636,0.6636,0.48,63.7983,301.4643,2.5096,6.0951,6.0816,,,16800.0,5192.7,5192.7,186312.0,57587.043,13.31,8.87,1.0169
688528,秦川物联,电器仪表,四川,20200701,688528.SH,20220815,11.11,11.29,10.95,11.09,11.06,0.03,0.2712,6660.09,7347.353,1.2826,1.2826,0.93,63.7983,301.4643,2.5096,6.0951,6.0816,,,16800.0,5192.7,5192.7,186312.0,57587.043,13.27,8.85,1.0169
688528,秦川物联,电器仪表,四川,20200701,688528.SH,20220812,11.33,11.38,11.06,11.06,11.31,-0.25,-2.2104,5148.43,5763.37,0.9915,0.9915,0.72,63.6257,300.6488,2.5028,6.0786,6.0651,,,16800.0,5192.7,5192.7,185808.0,57431.262,13.57,9.05,1.0169
688528,秦川物联,电器仪表,四川,20200701,688528.SH,20220811,11.18,11.38,11.11,11.31,11.15,0.16,1.435,7512.87,8494.465,1.4468,1.4468,1.17,65.0639,307.4447,2.5593,6.216,6.2022,,,16800.0,5192.7,5192.7,190008.0,58729.437,13.38,8.92,1.0169
688528,秦川物联,电器仪表,四川,20200701,688528.SH,20220810,11.21,11.21,11.0,11.15,11.18,-0.03,-0.2683,6521.25,7239.917,1.2558,1.2558,1.09,64.1434,303.0953,2.5231,6.128,6.1145,,,16800.0,5192.7,5192.7,187320.0,57898.605,13.42,8.94,1.0169
688528,秦川物联,电器仪表,四川,20200701,688528.SH,20220809,10.77,11.25,10.77,11.18,10.88,0.3,2.7574,10012.01,11139.776,1.9281,1.9281,1.8,64.316,303.9109,2.5299,6.1445,6.1309,,,16800.0,5192.7,5192.7,187824.0,58054.386,13.06,8.7,1.0169
688528,秦川物联,电器仪表,四川,20200701,688528.SH,20220808,10.66,10.93,10.51,10.88,10.7,0.18,1.6822,6517.55,7052.456,1.2551,1.2551,1.3,62.5902,295.7558,2.462,5.9796,5.9664,,,16800.0,5192.7,5192.7,182784.0,56496.576,12.84,8.56,1.0169
688528,秦川物联,电器仪表,四川,20200701,688528.SH,20220805,10.54,10.73,10.46,10.7,10.47,0.23,2.1968,5315.21,5638.355,1.0236,1.0236,1.15,61.5547,290.8628,2.4213,5.8807,5.8677,,,16800.0,5192.7,5192.7,179760.0,55561.89,12.56,8.38,1.0169
688528,秦川物联,电器仪表,四川,20200701,688528.SH,20220804,10.24,10.47,10.2,10.47,10.24,0.23,2.2461,3870.36,3996.578,0.7453,0.7453,0.81,60.2315,86.0287,2.3748,5.7543,5.7415,,,16800.0,5192.7,5192.7,175896.0,54367.569,12.29,8.19,1.0169
688528,秦川物联,电器仪表,四川,20200701,688528.SH,20220803,10.44,10.59,10.23,10.24,10.4,-0.16,-1.5385,4224.27,4408.292,0.8135,0.8135,0.95,58.9084,84.1388,2.3227,5.6279,5.6154,,,16800.0,5192.7,5192.7,172032.0,53173.248,12.48,8.32,1.0169
688528,秦川物联,电器仪表,四川,20200701,688528.SH,20220802,10.68,10.76,10.26,10.4,10.68,-0.28,-2.6217,7917.63,8267.527,1.5248,1.5248,2.29,59.8288,85.4535,2.359,5.7158,5.7031,,,16800.0,5192.7,5192.7,174720.0,54004.08,12.82,8.54,1.0169
688528,秦川物联,电器仪表,四川,20200701,688528.SH,20220801,10.79,10.79,10.63,10.68,10.72,-0.04,-0.3731,3715.88,3984.473,0.7156,0.7156,1.0,61.4396,87.7542,2.4225,5.8697,5.8567,,,16800.0,5192.7,5192.7,179424.0,55458.036,12.86,8.58,1.0169
688528,秦川物联,电器仪表,四川,20200701,688528.SH,20220729,10.73,10.73,10.62,10.72,10.65,0.07,0.6573,3361.74,3592.148,0.6474,0.6474,0.9,61.6697,88.0828,2.4315,5.8917,5.8786,,,16800.0,5192.7,5192.7,180096.0,55665.744,12.78,8.52,1.0169
688528,秦川物联,电器仪表,四川,20200701,688528.SH,20220728,10.63,10.73,10.49,10.65,10.57,0.08,0.7569,4599.1,4905.992,0.8857,0.8857,1.28,61.267,87.5077,2.4157,5.8532,5.8402,,,16800.0,5192.7,5192.7,178920.0,55302.255,12.68,8.46,1.0169
688528,秦川物联,电器仪表,四川,20200701,688528.SH,20220727,10.54,10.6,10.44,10.57,10.5,0.07,0.6667,2640.79,2779.484,0.5086,0.5086,0.77,60.8068,86.8503,2.3975,5.8093,5.7963,,,16800.0,5192.7,5192.7,177576.0,54886.839,12.6,8.4,1.0169
688528,秦川物联,电器仪表,四川,20200701,688528.SH,20220726,10.46,10.5,10.34,10.5,10.46,0.04,0.3824,2973.96,3104.891,0.5727,0.5727,0.96,60.4041,86.2752,2.3816,5.7708,5.758,,,16800.0,5192.7,5192.7,176400.0,54523.35,12.55,8.37,1.0169
688528,秦川物联,电器仪表,四川,20200701,688528.SH,20220725,10.34,10.58,10.34,10.46,10.34,0.12,1.1605,4943.34,5183.596,0.952,0.952,1.73,60.174,85.9465,2.3726,5.7488,5.736,,,16800.0,5192.7,5192.7,175728.0,54315.642,12.41,8.27,1.0169
688528,秦川物联,电器仪表,四川,20200701,688528.SH,20220722,10.41,10.42,10.22,10.34,10.31,0.03,0.291,3544.18,3656.693,0.6825,0.6825,1.34,59.4837,84.9605,2.3453,5.6829,5.6702,,,16800.0,5192.7,5192.7,173712.0,53692.518,12.37,8.25,1.0169
688528,秦川物联,电器仪表,四川,20200701,688528.SH,20220721,10.38,10.48,10.35,10.37,10.34,0.03,0.2901,3929.56,4089.204,0.7567,0.7567,1.74,59.6563,85.207,2.3206,5.6993,5.6867,,,16800.0,5192.7,5192.7,174216.0,53848.299,12.41,8.27,1.011
688528,秦川物联,电器仪表,四川,20200701,688528.SH,20220720,10.25,10.38,10.25,10.34,10.31,0.03,0.291,1648.84,1705.291,0.3175,0.3175,0.71,59.4837,84.9605,2.3139,5.6829,5.6702,,,16800.0,5192.7,5192.7,173712.0,53692.518,12.37,8.25,1.011
688528,秦川物联,电器仪表,四川,20200701,688528.SH,20220719,10.33,10.38,10.2,10.31,10.28,0.03,0.2918,1487.65,1527.935,0.2865,0.2865,0.6,59.3111,84.714,2.3071,5.6664,5.6538,,,16800.0,5192.7,5192.7,173208.0,53536.737,12.34,8.22,1.011
688528,秦川物联,电器仪表,四川,20200701,688528.SH,20220718,10.03,10.33,10.02,10.28,9.9,0.38,3.8384,3668.01,3759.082,0.7064,0.7064,1.63,59.1385,84.4675,2.3004,5.6499,5.6373,,,16800.0,5192.7,5192.7,172704.0,53380.956,11.88,7.92,1.011
688528,秦川物联,电器仪表,四川,20200701,688528.SH,20220715,10.16,10.21,9.9,9.9,10.19,-0.29,-2.8459,2536.82,2533.551,0.4885,0.4885,1.06,56.9525,81.3452,2.2154,5.441,5.4289,,,16800.0,5192.7,5192.7,166320.0,51407.73,12.23,8.15,1.011
688528,秦川物联,电器仪表,四川,20200701,688528.SH,20220714,10.14,10.2,10.07,10.19,10.12,0.07,0.6917,1971.06,2000.42,0.3796,0.3796,0.86,58.6208,83.728,2.2803,5.6004,5.588,,,16800.0,5192.7,5192.7,171192.0,52913.613,12.14,8.1,1.011
688528,秦川物联,电器仪表,四川,20200701,688528.SH,20220713,10.0,10.12,9.9,10.12,9.95,0.17,1.7085,1922.46,1925.263,0.3702,0.3702,0.78,58.2181,83.1528,2.2646,5.5619,5.5496,,,16800.0,5192.7,5192.7,170016.0,52550.124,11.94,7.96,1.011
688528,秦川物联,电器仪表,四川,20200701,688528.SH,20220712,10.15,10.15,9.94,9.95,10.07,-0.12,-1.1917,2254.82,2261.775,0.4342,0.4342,0.84,57.2401,81.756,2.2266,5.4685,5.4563,,,16800.0,5192.7,5192.7,167160.0,51667.365,12.08,8.06,1.011
688528,秦川物联,电器仪表,四川,20200701,688528.SH,20220711,10.32,10.32,10.02,10.07,10.26,-0.19,-1.8519,2565.83,2585.173,0.4941,0.4941,0.87,57.9304,82.742,2.2534,5.5345,5.5221,,,16800.0,5192.7,5192.7,169176.0,52290.489,12.31,8.21,1.011
688528,秦川物联,电器仪表,四川,20200701,688528.SH,20220708,10.22,10.42,10.2,10.26,10.24,0.02,0.1953,3262.9,3365.619,0.6284,0.6284,1.02,59.0234,84.3032,2.2959,5.6389,5.6263,,,16800.0,5192.7,5192.7,172368.0,53277.102,12.29,8.19,1.011
688528,秦川物联,电器仪表,四川,20200701,688528.SH,20220707,10.26,10.35,10.21,10.24,10.29,-0.05,-0.4859,1494.84,1536.114,0.2879,0.2879,0.42,58.9084,84.1388,2.2915,5.6279,5.6154,,,16800.0,5192.7,5192.7,172032.0,53173.248,12.35,8.23,1.011
688528,秦川物联,电器仪表,四川,20200701,688528.SH,20220706,10.28,10.38,10.18,10.29,10.29,0.0,0.0,2784.03,2853.764,0.5361,0.5361,0.69,59.196,84.5497,2.3027,5.6554,5.6428,,,16800.0,5192.7,5192.7,172872.0,53432.883,12.35,8.23,1.011
688528,秦川物联,电器仪表,四川,20200701,688528.SH,20220705,10.42,10.42,10.21,10.29,10.41,-0.12,-1.1527,3282.14,3371.175,0.6321,0.6321,0.82,59.196,84.5497,2.3027,5.6554,5.6428,,,16800.0,5192.7,5192.7,172872.0,53432.883,12.49,8.33,1.011
688528,秦川物联,电器仪表,四川,20200701,688528.SH,20220704,10.42,10.49,10.32,10.41,10.36,0.05,0.4826,3973.9,4134.218,0.7653,0.7653,1.03,59.8864,85.5357,2.3295,5.7213,5.7086,,,16800.0,5192.7,5192.7,174888.0,54056.007,12.43,8.29,1.011
688528,秦川物联,电器仪表,四川,20200701,688528.SH,20220701,10.57,10.63,10.3,10.36,10.43,-0.07,-0.6711,4516.06,4687.781,0.8697,0.8697,1.09,59.5987,85.1248,2.3183,5.6938,5.6812,,,16800.0,5192.7,5192.7,174048.0,53796.372,12.52,8.34,1.011
688528,秦川物联,电器仪表,四川,20200701,688528.SH,20220630,10.33,10.58,10.33,10.43,10.39,0.04,0.385,3139.79,3283.957,0.6301,0.6301,0.73,60.0014,85.7,2.334,5.7323,5.7196,,,16800.0,4982.7,4982.7,175224.0,51969.561,12.47,8.31,1.011
688528,秦川物联,电器仪表,四川,20200701,688528.SH,20220629,10.69,10.77,10.38,10.39,10.72,-0.33,-3.0784,5199.23,5470.7,1.0435,1.0435,1.34,59.7713,85.3713,2.325,5.7103,5.6976,,,16800.0,4982.7,4982.7,174552.0,51770.253,12.86,8.58,1.011
688528,秦川物联,电器仪表,四川,20200701,688528.SH,20220628,10.66,10.82,10.65,10.72,10.63,0.09,0.8467,3261.45,3502.485,0.6546,0.6546,0.79,61.6697,88.0828,2.3989,5.8917,5.8786,,,16800.0,4982.7,4982.7,180096.0,53414.544,12.76,8.5,1.011
688528,秦川物联,电器仪表,四川,20200701,688528.SH,20220627,10.7,10.73,10.6,10.63,10.67,-0.04,-0.3749,3131.51,3343.697,0.6285,0.6285,0.74,61.152,87.3433,2.3787,5.8422,5.8292,,,16800.0,4982.7,4982.7,178584.0,52966.101,12.8,8.54,1.011
688528,秦川物联,电器仪表,四川,20200701,688528.SH,20220624,10.44,10.68,10.44,10.67,10.47,0.2,1.9102,6075.13,6447.368,1.2192,1.2192,1.53,61.3821,87.672,2.3877,5.8642,5.8512,,,16800.0,4982.7,4982.7,179256.0,53165.409,12.56,8.38,1.011
688528,秦川物联,电器仪表,四川,20200701,688528.SH,20220623,10.4,10.48,10.3,10.47,10.41,0.06,0.5764,3921.87,4077.895,0.7871,0.7871,1.02,60.2315,86.0287,2.3429,5.7543,5.7415,,,16800.0,4982.7,4982.7,175896.0,52168.869,12.49,8.33,1.011
688528,秦川物联,电器仪表,四川,20200701,688528.SH,20220622,10.66,10.66,10.4,10.41,10.61,-0.2,-1.885,2974.17,3118.381,0.5969,0.5969,0.74,59.8864,85.5357,2.3295,5.7213,5.7086,,,16800.0,4982.7,4982.7,174888.0,51869.907,12.73,8.49,1.011
688528,秦川物联,电器仪表,四川,20200701,688528.SH,20220621,10.54,10.7,10.44,10.61,10.5,0.11,1.0476,4533.22,4812.074,0.9098,0.9098,1.03,61.0369,87.179,2.3743,5.8312,5.8183,,,16800.0,4982.7,4982.7,178248.0,52866.447,12.6,8.4,1.011
688528,秦川物联,电器仪表,四川,20200701,688528.SH,20220620,10.33,10.52,10.31,10.5,10.32,0.18,1.7442,3682.23,3850.514,0.739,0.739,0.77,60.4041,86.2752,2.3497,5.7708,5.758,,,16800.0,4982.7,4982.7,176400.0,52318.35,12.38,8.26,1.011
688528,秦川物联,电器仪表,四川,20200701,688528.SH,20220617,10.3,10.38,10.2,10.32,10.38,-0.06,-0.578,4701.26,4840.731,0.9435,0.9435,1.03,59.3686,84.7962,2.3094,5.6719,5.6592,,,16800.0,4982.7,4982.7,173376.0,51421.464,12.46,8.3,1.011
688528,秦川物联,电器仪表,四川,20200701,688528.SH,20220616,10.41,10.44,10.3,10.38,10.38,0.0,0.0,3315.7,3441.056,0.6654,0.6654,0.68,59.7138,85.2892,2.3228,5.7048,5.6921,,,16800.0,4982.7,4982.7,174384.0,51720.426,12.46,8.3,1.011
688528,秦川物联,电器仪表,四川,20200701,688528.SH,20220615,10.3,10.46,10.24,10.38,10.34,0.04,0.3868,3961.65,4102.93,0.7951,0.7951,0.73,59.7138,85.2892,2.3228,5.7048,5.6921,,,16800.0,4982.7,4982.7,174384.0,51720.426,12.41,8.27,1.011
688528,秦川物联,电器仪表,四川,20200701,688528.SH,20220614,10.33,10.63,10.17,10.34,10.33,0.01,0.0968,6269.41,6513.585,1.2582,1.2582,1.09,59.4837,84.9605,2.3139,5.6829,5.6702,,,16800.0,4982.7,4982.7,173712.0,51521.118,12.4,8.26,1.011
688528,秦川物联,电器仪表,四川,20200701,688528.SH,20220613,10.44,10.6,10.31,10.33,10.5,-0.17,-1.619,5556.53,5780.129,1.1152,1.1152,0.74,59.4261,84.8783,2.3116,5.6774,5.6647,,,16800.0,4982.7,4982.7,173544.0,51471.291,12.6,8.4,1.011
688528,秦川物联,电器仪表,四川,20200701,688528.SH,20220610,10.44,10.65,10.3,10.5,10.41,0.09,0.8646,3793.88,3988.51,0.7614,0.7614,0.37,60.4041,86.2752,2.3497,5.7708,5.758,,,16800.0,4982.7,4982.7,176400.0,52318.35,12.49,8.33,1.011
688528,秦川物联,电器仪表,四川,20200701,688528.SH,20220609,10.55,10.63,10.39,10.41,10.59,-0.18,-1.6997,4832.33,5065.173,0.9698,0.9698,0.46,59.8864,85.5357,2.3295,5.7213,5.7086,,,16800.0,4982.7,4982.7,174888.0,51869.907,12.71,8.47,1.011
688528,秦川物联,电器仪表,四川,20200701,688528.SH,20220608,10.67,10.83,10.41,10.59,10.68,-0.09,-0.8427,6747.59,7144.668,1.3542,1.3542,0.65,60.9219,87.0147,2.3698,5.8203,5.8073,,,16800.0,4982.7,4982.7,177912.0,52766.793,12.82,8.54,1.011
688528,秦川物联,电器仪表,四川,20200701,688528.SH,20220607,10.97,11.0,10.6,10.68,10.92,-0.24,-2.1978,7777.97,8355.51,1.561,1.561,0.84,61.4396,87.7542,2.3899,5.8697,5.8567,,,16800.0,4982.7,4982.7,179424.0,53215.236,13.1,8.74,1.011
688528,秦川物联,电器仪表,四川,20200701,688528.SH,20220606,10.66,11.08,10.62,10.92,10.77,0.15,1.3928,14167.82,15485.319,2.8434,2.8434,1.99,62.8203,89.7262,2.4436,6.0016,5.9883,,,16800.0,4982.7,4982.7,183456.0,54411.084,12.92,8.62,1.011
688528,秦川物联,电器仪表,四川,20200701,688528.SH,20220602,10.28,10.87,10.14,10.77,10.25,0.52,5.0732,17873.68,18905.27,3.5871,3.5871,4.08,61.9574,88.4937,2.4101,5.9192,5.906,,,16800.0,4982.7,4982.7,180936.0,53663.679,12.3,8.2,1.011
688528,秦川物联,电器仪表,四川,20200701,688528.SH,20220601,10.13,10.32,10.08,10.25,10.11,0.14,1.3848,6489.73,6636.757,1.3025,1.3025,1.22,58.9659,84.221,2.2937,5.6334,5.6209,,,16800.0,4982.7,4982.7,172200.0,51072.675,12.13,8.09,1.011
688528,秦川物联,电器仪表,四川,20200701,688528.SH,20220531,9.98,10.13,9.89,10.11,9.95,0.16,1.608,5699.86,5728.049,1.1439,1.1439,0.98,58.1605,83.0707,2.2624,5.5564,5.5441,,,16800.0,4982.7,4982.7,169848.0,50375.097,11.94,7.96,1.011
688528,秦川物联,电器仪表,四川,20200701,688528.SH,20220530,9.94,9.95,9.8,9.95,9.95,0.0,0.0,2297.6,2268.743,0.4611,0.4611,0.38,57.2401,81.756,2.2266,5.4685,5.4563,,,16800.0,4982.7,4982.7,167160.0,49577.865,11.94,7.96,1.011
688528,秦川物联,电器仪表,四川,20200701,688528.SH,20220527,9.98,9.99,9.83,9.95,9.96,-0.01,-0.1004,3245.81,3218.208,0.6514,0.6514,0.49,57.2401,81.756,2.2266,5.4685,5.4563,,,16800.0,4982.7,4982.7,167160.0,49577.865,11.95,7.97,1.011
688528,秦川物联,电器仪表,四川,20200701,688528.SH,20220526,10.05,10.05,9.81,9.96,9.98,-0.02,-0.2004,4159.85,4120.149,0.8349,0.8349,0.65,57.2976,81.8382,2.2288,5.474,5.4618,,,16800.0,4982.7,4982.7,167328.0,49627.692,11.98,7.98,1.011
688528,秦川物联,电器仪表,四川,20200701,688528.SH,20220525,9.6,10.03,9.47,9.98,9.69,0.29,2.9928,11143.69,10960.502,2.2365,2.2365,2.31,57.4127,82.0025,2.2333,5.485,5.4728,,,16800.0,4982.7,4982.7,167664.0,49727.346,11.63,7.75,1.011
688528,秦川物联,电器仪表,四川,20200701,688528.SH,20220524,9.83,10.14,9.49,9.69,9.82,-0.13,-1.3238,8306.01,8151.418,1.667,1.667,2.31,55.7444,79.6197,2.1684,5.3256,5.3138,,,16800.0,4982.7,4982.7,162792.0,48282.363,11.78,7.86,1.011
688528,秦川物联,电器仪表,四川,20200701,688528.SH,20220523,9.83,9.86,9.73,9.82,9.79,0.03,0.3064,3702.58,3633.373,0.7431,0.7431,1.05,56.4922,80.6878,2.1975,5.3971,5.3851,,,16800.0,4982.7,4982.7,164976.0,48930.114,11.75,7.83,1.011
688528,秦川物联,电器仪表,四川,20200701,688528.SH,20220520,9.6,9.83,9.6,9.79,9.58,0.21,2.1921,5824.3,5663.878,1.1689,1.1689,2.0,56.3196,80.4413,2.1908,5.3806,5.3686,,,16800.0,4982.7,4982.7,164472.0,48780.633,11.5,7.66,1.011
688528,秦川物联,电器仪表,四川,20200701,688528.SH,20220519,9.43,9.58,9.36,9.58,9.5,0.08,0.8421,3231.67,3070.259,0.6486,0.6486,1.12,55.1116,78.7158,2.1438,5.2652,5.2534,,,16800.0,4982.7,4982.7,160944.0,47734.266,11.4,7.6,1.011
688528,秦川物联,电器仪表,四川,20200701,688528.SH,20220518,9.47,9.6,9.35,9.5,9.41,0.09,0.9564,3075.62,2920.864,0.6173,0.6173,1.0,54.6513,78.0585,2.1259,5.2212,5.2096,,,16800.0,4982.7,4982.7,159600.0,47335.65,11.29,7.53,1.011
688528,秦川物联,电器仪表,四川,20200701,688528.SH,20220517,9.47,9.48,9.3,9.41,9.47,-0.06,-0.6336,2167.71,2031.912,0.435,0.435,0.69,54.1336,77.319,2.1057,5.1717,5.1602,,,16800.0,4982.7,4982.7,158088.0,46887.207,11.36,7.58,1.011
688528,秦川物联,电器仪表,四川,20200701,688528.SH,20220516,9.43,9.59,9.41,9.47,9.41,0.06,0.6376,3352.29,3174.519,0.6728,0.6728,1.0,54.4788,77.812,2.1192,5.2047,5.1931,,,16800.0,4982.7,4982.7,159096.0,47186.169,11.29,7.53,1.011
688528,秦川物联,电器仪表,四川,20200701,688528.SH,20220513,9.48,9.49,9.3,9.41,9.4,0.01,0.1064,2729.02,2557.222,0.5477,0.5477,0.79,54.1336,77.319,2.1057,5.1717,5.1602,,,16800.0,4982.7,4982.7,158088.0,46887.207,11.28,7.52,1.011
688528,秦川物联,电器仪表,四川,20200701,688528.SH,20220512,9.32,9.56,9.26,9.4,9.32,0.08,0.8584,3116.22,2929.968,0.6254,0.6254,0.79,54.0761,77.2368,2.1035,5.1662,5.1547,,,16800.0,4982.7,4982.7,157920.0,46837.38,11.18,7.46,1.011
688528,秦川物联,电器仪表,四川,20200701,688528.SH,20220511,9.38,9.55,9.32,9.32,9.37,-0.05,-0.5336,4065.5,3851.316,0.8159,0.8159,0.64,53.6158,76.5795,2.0856,5.1223,5.1109,,,16800.0,4982.7,4982.7,156576.0,46438.764,11.24,7.5,1.011
688528,秦川物联,电器仪表,四川,20200701,688528.SH,20220510,9.2,9.39,9.2,9.37,9.35,0.02,0.2139,2555.74,2387.27,0.5129,0.5129,0.29,53.9035,76.9903,2.0968,5.1497,5.1383,,,16800.0,4982.7,4982.7,157416.0,46687.899,11.22,7.48,1.011
688528,秦川物联,电器仪表,四川,20200701,688528.SH,20220509,9.17,9.42,9.1,9.35,9.2,0.15,1.6304,4257.56,3968.758,0.8545,0.8545,0.49,53.7884,76.826,2.0923,5.1388,5.1273,,,16800.0,4982.7,4982.7,157080.0,46588.245,11.04,7.36,1.011
688528,秦川物联,电器仪表,四川,20200701,688528.SH,20220506,8.99,9.35,8.99,9.2,9.44,-0.24,-2.5424,3252.51,2988.657,0.6528,0.6528,0.37,52.9255,75.5935,2.0587,5.0563,5.0451,,,16800.0,4982.7,4982.7,154560.0,45840.84,11.33,7.55,1.011
688528,秦川物联,电器仪表,四川,20200701,688528.SH,20220505,9.57,9.58,9.31,9.44,9.58,-0.14,-1.4614,5652.83,5346.628,1.1345,1.1345,0.64,54.3062,77.5655,2.1125,5.1882,5.1767,,,16800.0,4982.7,4982.7,158592.0,47036.688,11.5,7.66,1.011
688528,秦川物联,电器仪表,四川,20200701,688528.SH,20220429,9.52,9.68,9.17,9.58,9.7,-0.12,-1.2371,15798.39,14819.761,3.1706,3.1706,2.48,55.1116,78.7158,2.1438,5.2652,5.2534,,,16800.0,4982.7,4982.7,160944.0,47734.266,11.64,7.76,1.011
688528,秦川物联,电器仪表,四川,20200701,688528.SH,20220428,9.37,9.72,8.8,9.7,9.43,0.27,2.8632,15349.94,14105.837,3.0806,3.0806,3.32,55.8019,79.7018,2.1706,5.3311,5.3192,,,16800.0,4982.7,4982.7,162960.0,48332.19,11.32,7.54,1.011
688528,秦川物联,电器仪表,四川,20200701,688528.SH,20220427,9.2,9.44,9.02,9.43,9.39,0.04,0.426,3589.11,3314.238,0.7203,0.7203,0.8,34.3224,54.2486,2.0882,5.2444,5.1827,,,16800.0,4982.7,4982.7,158424.0,46986.861,11.27,7.51,1.011
688528,秦川物联,电器仪表,四川,20200701,688528.SH,20220426,9.74,9.8,9.39,9.39,9.73,-0.34,-3.4943,3877.21,3728.286,0.7781,0.7781,0.94,34.1768,54.0185,2.0794,5.2221,5.1607,,,16800.0,4982.7,4982.7,157752.0,46787.553,11.68,7.78,1.011
688528,秦川物联,电器仪表,四川,20200701,688528.SH,20220425,10.34,10.34,9.73,9.73,10.51,-0.78,-7.4215,5707.64,5746.279,1.1455,1.1455,1.66,35.4143,55.9745,2.1547,5.4112,5.3476,,,16800.0,4982.7,4982.7,163464.0,48481.671,12.61,8.41,1.011
688528,秦川物联,电器仪表,四川,20200701,688528.SH,20220422,10.67,10.67,10.35,10.51,10.68,-0.17,-1.5918,3346.05,3500.759,0.6715,0.6715,0.9,38.2533,60.4616,2.3274,5.845,5.7763,,,16800.0,4982.7,4982.7,176568.0,52368.177,12.82,8.54,1.011
688528,秦川物联,电器仪表,四川,20200701,688528.SH,20220421,10.77,11.02,10.66,10.68,10.76,-0.08,-0.7435,6588.61,7158.178,1.3223,1.3223,2.51,38.8721,61.4396,2.3651,5.9395,5.8697,,,16800.0,4982.7,4982.7,179424.0,53215.236,12.91,8.61,1.011
688528,秦川物联,电器仪表,四川,20200701,688528.SH,20220420,10.64,10.84,10.64,10.76,10.6,0.16,1.5094,2976.38,3204.525,0.5973,0.5973,1.26,39.1632,61.8998,2.3828,5.984,5.9137,,,16800.0,4982.7,4982.7,180768.0,53613.852,12.72,8.48,1.011
688528,秦川物联,电器仪表,四川,20200701,688528.SH,20220419,10.68,10.75,10.55,10.6,10.67,-0.07,-0.656,2065.86,2193.979,0.4146,0.4146,0.77,38.5809,60.9794,2.3473,5.895,5.8258,,,16800.0,4982.7,4982.7,178080.0,52816.62,12.8,8.54,1.011
688528,秦川物联,电器仪表,四川,20200701,688528.SH,20220418,10.63,10.67,10.4,10.67,10.63,0.04,0.3763,2163.44,2280.201,0.4342,0.4342,0.6,38.8357,61.3821,2.3628,5.934,5.8642,,,16800.0,4982.7,4982.7,179256.0,53165.409,12.76,8.5,1.011
688528,秦川物联,电器仪表,四川,20200701,688528.SH,20220415,10.88,10.94,10.58,10.63,10.94,-0.31,-2.8336,4814.7,5150.871,0.9663,0.9663,1.43,38.6901,61.152,2.354,5.9117,5.8422,,,16800.0,4982.7,4982.7,178584.0,52966.101,13.13,8.75,1.011
688528,秦川物联,电器仪表,四川,20200701,688528.SH,20220414,10.88,10.98,10.87,10.94,10.85,0.09,0.8295,1127.26,1230.934,0.2262,0.2262,0.29,39.8184,62.9353,2.4226,6.0841,6.0126,,,16800.0,4982.7,4982.7,183792.0,54510.738,13.02,8.68,1.011
688528,秦川物联,电器仪表,四川,20200701,688528.SH,20220413,10.94,11.04,10.82,10.85,10.97,-0.12,-1.0939,1662.82,1819.207,0.3337,0.3337,0.41,39.4908,62.4176,2.4027,6.0341,5.9632,,,16800.0,4982.7,4982.7,182280.0,54062.295,13.16,8.78,1.011
688528,秦川物联,电器仪表,四川,20200701,688528.SH,20220412,10.73,11.03,10.66,10.97,10.73,0.24,2.2367,3643.73,3952.162,0.7313,0.7313,0.99,39.9276,63.1079,2.4293,6.1008,6.0291,,,16800.0,4982.7,4982.7,184296.0,54660.219,12.88,8.58,1.011
688528,秦川物联,电器仪表,四川,20200701,688528.SH,20220411,11.11,11.2,10.66,10.73,11.14,-0.41,-3.6804,6753.3,7322.232,1.3553,1.3553,2.41,39.0541,61.7273,2.3761,5.9673,5.8972,,,16800.0,4982.7,4982.7,180264.0,53464.371,13.37,8.91,1.011
688528,秦川物联,电器仪表,四川,20200701,688528.SH,20220408,11.31,11.31,11.11,11.14,11.21,-0.07,-0.6244,3636.83,4069.832,0.7299,0.7299,1.46,40.5463,64.0859,2.4669,6.1953,6.1225,,,16800.0,4982.7,4982.7,187152.0,55507.278,13.45,8.97,1.011
688528,秦川物联,电器仪表,四川,20200701,688528.SH,20220407,11.47,11.47,11.2,11.21,11.46,-0.25,-2.1815,4062.17,4595.83,0.8153,0.8153,1.92,40.8011,64.4886,2.4824,6.2343,6.161,,,16800.0,4982.7,4982.7,188328.0,55856.067,13.75,9.17,1.011
688528,秦川物联,电器仪表,四川,20200701,688528.SH,20220406,11.55,11.61,11.36,11.46,11.4,0.06,0.5263,1989.0,2281.369,0.3992,0.3992,0.83,41.711,65.9268,2.5378,6.3733,6.2984,,,16800.0,4982.7,4982.7,192528.0,57101.742,13.68,9.12,1.011
688528,秦川物联,电器仪表,四川,20200701,688528.SH,20220401,11.32,11.52,11.32,11.4,11.42,-0.02,-0.1751,1924.92,2198.161,0.3863,0.3863,0.76,41.4927,65.5816,2.5245,6.3399,6.2654,,,16800.0,4982.7,4982.7,191520.0,56802.78,13.7,9.14,1.011
688528,秦川物联,电器仪表,四川,20200701,688528.SH,20220331,11.31,11.52,11.31,11.42,11.39,0.03,0.2634,2391.2,2736.511,0.4799,0.4799,0.79,41.5655,65.6967,2.5289,6.3511,6.2764,,,16800.0,4982.7,4982.7,191856.0,56902.434,13.67,9.11,1.011
688528,秦川物联,电器仪表,四川,20200701,688528.SH,20220330,11.34,11.43,11.33,11.39,11.34,0.05,0.4409,2071.88,2356.803,0.4158,0.4158,0.69,41.4563,65.5241,2.5223,6.3344,6.2599,,,16800.0,4982.7,4982.7,191352.0,56752.953,13.61,9.07,1.011
688528,秦川物联,电器仪表,四川,20200701,688528.SH,20220329,11.38,11.47,11.3,11.34,11.37,-0.03,-0.2639,2212.06,2508.961,0.4439,0.4439,0.67,41.2743,65.2364,2.5112,6.3066,6.2325,,,16800.0,4982.7,4982.7,190512.0,56503.818,13.64,9.1,1.011
688528,秦川物联,电器仪表,四川,20200701,688528.SH,20220328,11.4,11.49,11.31,11.37,11.42,-0.05,-0.4378,3421.65,3889.107,0.6867,0.6867,0.97,41.3835,65.409,2.5179,6.3233,6.2489,,,16800.0,4982.7,4982.7,191016.0,56653.299,13.7,9.14,1.011
688528,秦川物联,电器仪表,四川,20200701,688528.SH,20220325,11.44,11.6,11.42,11.42,11.42,0.0,0.0,2627.7,3022.415,0.5274,0.5274,0.73,41.5655,65.6967,2.5289,6.3511,6.2764,,,16800.0,4982.7,4982.7,191856.0,56902.434,13.7,9.14,1.011
688528,秦川物联,电器仪表,四川,20200701,688528.SH,20220324,11.77,11.77,11.41,11.42,11.79,-0.37,-3.1383,4749.33,5459.799,0.9532,0.9532,1.48,41.5655,65.6967,2.5289,6.3511,6.2764,,,16800.0,4982.7,4982.7,191856.0,56902.434,14.15,9.43,1.011
688528,秦川物联,电器仪表,四川,20200701,688528.SH,20220323,11.77,11.84,11.69,11.79,11.77,0.02,0.1699,2098.32,2467.416,0.4211,0.4211,0.6,42.9121,67.8252,2.6109,6.5568,6.4798,,,16800.0,4982.7,4982.7,198072.0,58746.033,14.12,9.42,1.011
688528,秦川物联,电器仪表,四川,20200701,688528.SH,20220322,11.77,11.88,11.63,11.77,11.82,-0.05,-0.423,3622.75,4259.87,0.7271,0.7271,0.96,42.8393,67.7101,2.6064,6.5457,6.4688,,,16800.0,4982.7,4982.7,197736.0,58646.379,14.18,9.46,1.011
688528,秦川物联,电器仪表,四川,20200701,688528.SH,20220321,11.65,11.9,11.63,11.82,11.65,0.17,1.4592,4552.1,5368.66,0.9136,0.9136,1.29,43.0213,67.9978,2.6175,6.5735,6.4963,,,16800.0,4982.7,4982.7,198576.0,58895.514,13.98,9.32,1.011
688528,秦川物联,电器仪表,四川,20200701,688528.SH,20220318,11.5,11.73,11.47,11.65,11.57,0.08,0.6914,3049.87,3546.885,0.6121,0.6121,0.86,42.4026,67.0198,2.5799,6.479,6.4028,,,16800.0,4982.7,4982.7,195720.0,58048.455,13.88,9.26,1.011
688528,秦川物联,电器仪表,四川,20200701,688528.SH,20220317,11.5,11.74,11.48,11.57,11.48,0.09,0.784,2766.62,3217.612,0.5552,0.5552,0.74,42.1114,66.5596,2.5621,6.4345,6.3589,,,16800.0,4982.7,4982.7,194376.0,57649.839,13.78,9.18,1.011
688528,秦川物联,电器仪表,四川,20200701,688528.SH,20220316,11.33,11.55,11.2,11.48,11.31,0.17,1.5031,3368.46,3823.138,0.676,0.676,0.8,41.7838,66.0418,2.5422,6.3844,6.3094,,,16800.0,4982.7,4982.7,192864.0,57201.396,13.57,9.05,1.011
688528,秦川物联,电器仪表,四川,20200701,688528.SH,20220315,11.83,11.91,11.31,11.31,11.82,-0.51,-4.3147,5035.34,5815.373,1.0106,1.0106,1.11,41.1651,65.0639,2.5046,6.2899,6.216,,,16800.0,4982.7,4982.7,190008.0,56354.337,14.18,9.46,1.011
688528,秦川物联,电器仪表,四川,20200701,688528.SH,20220314,11.95,12.03,11.8,11.82,11.96,-0.14,-1.1706,3401.85,4044.904,0.6827,0.6827,0.73,43.0213,67.9978,2.6175,6.5735,6.4963,,,16800.0,4982.7,4982.7,198576.0,58895.514,14.35,9.57,1.011
688528,秦川物联,电器仪表,四川,20200701,688528.SH,20220311,11.7,12.08,11.46,11.96,11.73,0.23,1.9608,3173.4,3713.397,0.6369,0.6369,0.7,43.5309,68.8032,2.6485,6.6514,6.5732,,,16800.0,4982.7,4982.7,200928.0,59593.092,14.08,9.38,1.011
688528,秦川物联,电器仪表,四川,20200701,688528.SH,20220310,11.73,11.94,11.72,11.73,11.6,0.13,1.1207,3642.64,4315.092,0.7311,0.7311,0.82,42.6938,67.48,2.5976,6.5235,6.4468,,,16800.0,4982.7,4982.7,197064.0,58447.071,13.92,9.28,1.011
688528,秦川物联,电器仪表,四川,20200701,688528.SH,20220309,11.83,11.88,11.37,11.6,11.84,-0.24,-2.027,5759.97,6711.971,1.156,1.156,1.53,42.2206,66.7322,2.5688,6.4512,6.3754,,,16800.0,4982.7,4982.7,194880.0,57799.32,14.21,9.47,1.011
688528,秦川物联,电器仪表,四川,20200701,688528.SH,20220308,12.1,12.13,11.81,11.84,12.15,-0.31,-2.5514,6677.85,7993.994,1.3402,1.3402,2.1,43.0941,68.1128,2.6219,6.5846,6.5073,,,16800.0,4982.7,4982.7,198912.0,58995.168,14.58,9.72,1.011
688528,秦川物联,电器仪表,四川,20200701,688528.SH,20220307,12.2,12.28,12.11,12.15,12.29,-0.14,-1.1391,4120.2,5022.082,0.8269,0.8269,1.33,44.2224,69.8962,2.6906,6.757,6.6776,,,16800.0,4982.7,4982.7,204120.0,60539.805,14.75,9.83,1.011
688528,秦川物联,电器仪表,四川,20200701,688528.SH,20220304,12.33,12.41,12.24,12.29,12.39,-0.1,-0.8071,2545.74,3134.123,0.5109,0.5109,0.76,44.732,70.7016,2.7216,6.8349,6.7546,,,16800.0,4982.7,4982.7,206472.0,61237.383,14.87,9.91,1.011
688528,秦川物联,电器仪表,四川,20200701,688528.SH,20220303,12.48,12.48,12.32,12.39,12.44,-0.05,-0.4019,3125.71,3877.557,0.6273,0.6273,0.79,45.096,71.2769,2.7437,6.8905,6.8095,,,16800.0,4982.7,4982.7,208152.0,61735.653,14.93,9.95,1.011
688528,秦川物联,电器仪表,四川,20200701,688528.SH,20220302,12.31,12.47,12.31,12.44,12.39,0.05,0.4036,2303.93,2861.547,0.4624,0.4624,0.53,45.278,71.5645,2.7548,6.9183,6.837,,,16800.0,4982.7,4982.7,208992.0,61984.788,14.87,9.91,1.011
688528,秦川物联,电器仪表,四川,20200701,688528.SH,20220301,12.28,12.39,12.25,12.39,12.26,0.13,1.0604,3767.33,4645.354,0.7561,0.7561,0.78,45.096,71.2769,2.7437,6.8905,6.8095,,,16800.0,4982.7,4982.7,208152.0,61735.653,14.71,9.81,1.011
688528,秦川物联,电器仪表,四川,20200701,688528.SH,20220228,12.38,12.48,12.16,12.26,12.36,-0.1,-0.8091,3760.06,4603.43,0.7546,0.7546,0.76,44.6228,70.529,2.7149,6.8182,6.7381,,,16800.0,4982.7,4982.7,205968.0,61087.902,14.83,9.89,1.011
688528,秦川物联,电器仪表,四川,20200701,688528.SH,20220225,12.48,12.61,12.34,12.36,12.43,-0.07,-0.5632,3897.58,4862.087,0.7822,0.7822,0.84,44.9868,71.1043,2.7371,6.8738,6.793,,,16800.0,4982.7,4982.7,207648.0,61586.172,14.92,9.94,1.011
688528,秦川物联,电器仪表,四川,20200701,688528.SH,20220224,12.63,12.74,12.3,12.43,12.68,-0.25,-1.9716,5984.66,7477.098,1.2011,1.2011,1.27,45.2416,62.7859,2.7814,6.9128,6.5516,,,16800.0,4982.7,4982.7,208824.0,61934.961,15.22,10.14,1.011
688528,秦川物联,电器仪表,四川,20200701,688528.SH,20220223,12.57,12.7,12.54,12.68,12.58,0.1,0.7949,4434.76,5601.912,0.89,0.89,0.89,46.1515,64.0487,2.8374,7.0518,6.6834,,,16800.0,4982.7,4982.7,213024.0,63180.636,15.1,10.06,1.011
688528,秦川物联,电器仪表,四川,20200701,688528.SH,20220222,12.46,12.71,12.46,12.58,12.58,0.0,0.0,5982.34,7531.724,1.2006,1.2006,1.33,45.7875,63.5436,2.815,6.9962,6.6306,,,16800.0,4982.7,4982.7,211344.0,62682.366,15.1,10.06,1.011
688528,秦川物联,电器仪表,四川,20200701,688528.SH,20220221,12.44,12.58,12.37,12.58,12.43,0.15,1.2068,4469.95,5595.185,0.8971,0.8971,1.08,45.7875,63.5436,2.815,6.9962,6.6306,,,16800.0,4982.7,4982.7,211344.0,62682.366,14.92,9.94,1.011
688528,秦川物联,电器仪表,四川,20200701,688528.SH,20220218,12.48,12.48,12.31,12.43,12.41,0.02,0.1612,2424.89,3002.702,0.4867,0.4867,0.58,45.2416,62.7859,2.7814,6.9128,6.5516,,,16800.0,4982.7,4982.7,208824.0,61934.961,14.89,9.93,1.011
688528,秦川物联,电器仪表,四川,20200701,688528.SH,20220217,12.63,12.74,12.38,12.41,12.64,-0.23,-1.8196,6309.54,7919.183,1.2663,1.2663,1.78,45.1688,62.6849,2.777,6.9016,6.541,,,16800.0,4982.7,4982.7,208488.0,61835.307,15.17,10.11,1.011
688528,秦川物联,电器仪表,四川,20200701,688528.SH,20220216,12.43,12.75,12.38,12.64,12.34,0.3,2.4311,5737.92,7221.9,1.1516,1.1516,1.92,46.0059,63.8466,2.8284,7.0295,6.6623,,,16800.0,4982.7,4982.7,212352.0,62981.328,14.81,9.87,1.011
688528,秦川物联,电器仪表,四川,20200701,688528.SH,20220215,12.28,12.43,12.2,12.34,12.27,0.07,0.5705,3489.41,4297.361,0.7003,0.7003,1.15,44.914,62.3313,2.7613,6.8627,6.5041,,,16800.0,4982.7,4982.7,207312.0,61486.518,14.72,9.82,1.011
688528,秦川物联,电器仪表,四川,20200701,688528.SH,20220214,12.38,12.47,12.23,12.27,12.37,-0.1,-0.8084,2751.01,3381.074,0.5521,0.5521,0.84,44.6592,61.9777,2.7456,6.8238,6.4673,,,16800.0,4982.7,4982.7,206136.0,61137.729,14.84,9.9,1.011
688528,秦川物联,电器仪表,四川,20200701,688528.SH,20220211,12.52,12.63,12.31,12.37,12.62,-0.25,-1.981,2727.42,3391.819,0.5474,0.5474,0.8,45.0232,62.4828,2.768,6.8794,6.52,,,16800.0,4982.7,4982.7,207816.0,61635.999,15.14,10.1,1.011
688528,秦川物联,电器仪表,四川,20200701,688528.SH,20220210,12.6,12.66,12.49,12.62,12.6,0.02,0.1587,3033.25,3805.133,0.6088,0.6088,0.8,45.9331,63.7456,2.8239,7.0184,6.6517,,,16800.0,4982.7,4982.7,212016.0,62881.674,15.12,10.08,1.011
688528,秦川物联,电器仪表,四川,20200701,688528.SH,20220209,12.55,12.68,12.54,12.6,12.55,0.05,0.3984,2911.03,3666.915,0.5842,0.5842,0.79,45.8603,63.6446,2.8195,7.0073,6.6412,,,16800.0,4982.7,4982.7,211680.0,62782.02,15.06,10.04,1.011
688528,秦川物联,电器仪表,四川,20200701,688528.SH,20220208,12.38,12.56,12.32,12.55,12.39,0.16,1.2914,3804.45,4752.543,0.7635,0.7635,0.79,45.6783,63.392,2.8083,6.9795,6.6148,,,16800.0,4982.7,4982.7,210840.0,62532.885,14.87,9.91,1.011
688528,秦川物联,电器仪表,四川,20200701,688528.SH,20220207,12.26,12.5,12.25,12.39,12.16,0.23,1.8914,3955.05,4898.884,0.7938,0.7938,0.79,45.096,62.5838,2.7725,6.8905,6.5305,,,16800.0,4982.7,4982.7,208152.0,61735.653,14.59,9.73,1.011
688528,秦川物联,电器仪表,四川,20200701,688528.SH,20220128,12.11,12.27,12.02,12.16,12.11,0.05,0.4129,3340.33,4055.447,0.6704,0.6704,0.66,44.2588,61.4221,2.721,6.7626,6.4093,,,16800.0,4982.7,4982.7,204288.0,60589.632,14.53,9.69,1.011
688528,秦川物联,电器仪表,四川,20200701,688528.SH,20220127,12.37,12.37,12.1,12.11,12.36,-0.25,-2.0227,4920.76,5983.782,0.9876,0.9876,0.82,44.0768,61.1695,2.7098,6.7348,6.3829,,,16800.0,4982.7,4982.7,203448.0,60340.497,14.83,9.89,1.011
688528,秦川物联,电器仪表,四川,20200701,688528.SH,20220126,12.21,12.44,12.21,12.36,12.27,0.09,0.7335,2379.97,2930.677,0.4776,0.4776,0.37,44.9868,62.4323,2.7658,6.8738,6.5147,,,16800.0,4982.7,4982.7,207648.0,61586.172,14.72,9.82,1.011
688528,秦川物联,电器仪表,四川,20200701,688528.SH,20220125,12.83,12.88,12.21,12.27,12.85,-0.58,-4.5136,9368.47,11659.091,1.8802,1.8802,1.66,44.6592,61.9777,2.7456,6.8238,6.4673,,,16800.0,4982.7,4982.7,206136.0,61137.729,15.42,10.28,1.011
688528,秦川物联,电器仪表,四川,20200701,688528.SH,20220124,12.77,12.91,12.67,12.85,12.84,0.01,0.0779,5073.33,6504.45,1.0182,1.0182,0.85,46.7702,64.9074,2.8754,7.1463,6.773,,,16800.0,4982.7,4982.7,215880.0,64027.695,15.41,10.27,1.011
688528,秦川物联,电器仪表,四川,20200701,688528.SH,20220121,12.86,13.02,12.76,12.84,12.88,-0.04,-0.3106,3465.47,4456.006,0.6955,0.6955,0.55,46.7338,64.8569,2.8732,7.1408,6.7677,,,16800.0,4982.7,4982.7,215712.0,63977.868,15.46,10.3,1.011
688528,秦川物联,电器仪表,四川,20200701,688528.SH,20220120,13.32,13.32,12.73,12.88,13.25,-0.37,-2.7925,9787.03,12745.019,1.9642,1.9642,1.84,46.8794,65.0589,2.8821,7.163,6.7888,,,16800.0,4982.7,4982.7,216384.0,64177.176,15.9,10.6,1.011
688528,秦川物联,电器仪表,四川,20200701,688528.SH,20220119,13.2,13.34,13.16,13.25,13.2,0.05,0.3788,4755.18,6289.748,0.9543,0.9543,0.8,48.2261,66.9278,2.9649,7.3688,6.9838,,,16800.0,4982.7,4982.7,222600.0,66020.775,15.84,10.56,1.011
688528,秦川物联,电器仪表,四川,20200701,688528.SH,20220118,13.48,13.49,13.18,13.2,13.47,-0.27,-2.0045,5053.07,6710.91,1.0141,1.0141,0.9,48.0441,66.6753,2.9537,7.341,6.9574,,,16800.0,4982.7,4982.7,221760.0,65771.64,16.16,10.78,1.011
688528,秦川物联,电器仪表,四川,20200701,688528.SH,20220117,13.36,13.5,13.25,13.47,13.22,0.25,1.8911,6774.6,9064.004,1.3596,1.3596,1.24,49.0268,68.0391,3.0141,7.4911,7.0997,,,16800.0,4982.7,4982.7,226296.0,67116.969,15.86,10.58,1.011
688528,秦川物联,电器仪表,四川,20200701,688528.SH,20220114,13.4,13.45,13.2,13.22,13.4,-0.18,-1.3433,4869.81,6486.074,0.9773,0.9773,0.91,48.1169,66.7763,2.9582,7.3521,6.968,,,16800.0,4982.7,4982.7,222096.0,65871.294,16.08,10.72,1.011
688528,秦川物联,电器仪表,四川,20200701,688528.SH,20220113,13.42,13.5,13.28,13.4,13.47,-0.07,-0.5197,5145.88,6889.836,1.0327,1.0327,0.95,48.7721,67.6855,2.9985,7.4522,7.0628,,,16800.0,4982.7,4982.7,225120.0,66768.18,16.16,10.78,1.011
688528,秦川物联,电器仪表,四川,20200701,688528.SH,20220112,13.23,13.54,13.23,13.47,13.24,0.23,1.7372,8022.56,10766.924,1.6101,1.6101,1.59,49.0268,68.0391,3.0141,7.4911,7.0997,,,16800.0,4982.7,4982.7,226296.0,67116.969,15.89,10.59,1.011
688528,秦川物联,电器仪表,四川,20200701,688528.SH,20220111,13.3,13.38,13.18,13.24,13.3,-0.06,-0.4511,3238.45,4293.233,0.6499,0.6499,0.54,48.1897,66.8773,2.9627,7.3632,6.9785,,,16800.0,4982.7,4982.7,222432.0,65970.948,15.96,10.64,1.011
688528,秦川物联,电器仪表,四川,20200701,688528.SH,20220110,13.14,13.35,13.07,13.3,13.16,0.14,1.0638,5991.96,7932.423,1.2026,1.2026,1.03,48.4081,67.1804,2.9761,7.3966,7.0101,,,16800.0,4982.7,4982.7,223440.0,66269.91,15.79,10.53,1.011
688528,秦川物联,电器仪表,四川,20200701,688528.SH,20220107,13.28,13.37,13.13,13.16,13.27,-0.11,-0.8289,4321.42,5716.386,0.8673,0.8673,0.76,47.8985,66.4732,2.9448,7.3187,6.9364,,,16800.0,4982.7,4982.7,221088.0,65572.332,15.92,10.62,1.011
688528,秦川物联,电器仪表,四川,20200701,688528.SH,20220106,13.18,13.39,13.1,13.27,13.18,0.09,0.6829,5607.49,7444.419,1.1254,1.1254,1.09,48.2989,67.0289,2.9694,7.3799,6.9943,,,16800.0,4982.7,4982.7,222936.0,66120.429,15.82,10.54,1.011
688528,秦川物联,电器仪表,四川,20200701,688528.SH,20220105,13.29,13.43,13.13,13.18,13.28,-0.1,-0.753,6047.87,7996.651,1.2138,1.2138,1.23,47.9713,66.5743,2.9493,7.3299,6.9469,,,16800.0,4982.7,4982.7,221424.0,65671.986,15.94,10.62,1.011
688528,秦川物联,电器仪表,四川,20200701,688528.SH,20220104,13.13,13.29,13.08,13.28,13.1,0.18,1.374,8184.5,10824.493,1.6426,1.6426,2.18,48.3353,67.0794,2.9716,7.3855,6.9996,,,16800.0,4982.7,4982.7,223104.0,66170.256,15.72,10.48,1.011
688528,秦川物联,电器仪表,四川,20200701,688528.SH,20211231,13.06,13.13,12.98,13.1,13.0,0.1,0.7692,5053.26,6608.439,1.0142,1.0142,1.27,47.6802,66.1702,2.9314,7.2854,6.9047,,,16800.0,4982.7,4982.7,220080.0,65273.37,15.6,10.4,1.011
688528,秦川物联,电器仪表,四川,20200701,688528.SH,20211230,12.83,13.07,12.83,13.0,12.85,0.15,1.1673,3436.06,4453.516,0.6896,0.6896,0.8,47.3162,65.665,2.909,7.2298,6.852,,,16800.0,4982.7,4982.7,218400.0,64775.1,15.42,10.28,1.011
688528,秦川物联,电器仪表,四川,20200701,688528.SH,20211229,12.86,12.98,12.85,12.85,12.96,-0.11,-0.8488,2916.89,3762.954,0.5854,0.5854,0.57,46.7702,64.9074,2.8754,7.1463,6.773,,,16800.0,4982.7,4982.7,215880.0,64027.695,15.55,10.37,1.011
688528,秦川物联,电器仪表,四川,20200701,688528.SH,20211228,12.63,13.08,12.63,12.96,12.8,0.16,1.25,4972.22,6434.311,0.9979,0.9979,0.97,47.1706,65.463,2.9,7.2075,6.8309,,,16800.0,4982.7,4982.7,217728.0,64575.792,15.36,10.24,1.011
688528,秦川物联,电器仪表,四川,20200701,688528.SH,20211227,12.68,12.89,12.62,12.8,12.68,0.12,0.9464,2351.69,3004.113,0.472,0.472,0.43,46.5882,64.6548,2.8642,7.1185,6.7466,,,16800.0,4982.7,4982.7,215040.0,63778.56,15.22,10.14,1.011
688528,秦川物联,电器仪表,四川,20200701,688528.SH,20211224,12.85,12.88,12.62,12.68,12.89,-0.21,-1.6292,6252.27,7961.122,1.2548,1.2548,1.24,46.1515,64.0487,2.8374,7.0518,6.6834,,,16800.0,4982.7,4982.7,213024.0,63180.636,15.47,10.31,1.011
688528,秦川物联,电器仪表,四川,20200701,688528.SH,20211223,13.18,13.18,12.88,12.89,13.16,-0.27,-2.0517,4989.86,6476.048,1.0014,1.0014,0.99,46.9158,65.1094,2.8844,7.1686,6.794,,,16800.0,4982.7,4982.7,216552.0,64227.003,15.79,10.53,1.011
688528,秦川物联,电器仪表,四川,20200701,688528.SH,20211222,13.13,13.2,13.04,13.16,13.12,0.04,0.3049,6831.07,8969.748,1.371,1.371,1.51,47.8985,66.4732,2.9448,7.3187,6.9364,,,16800.0,4982.7,4982.7,221088.0,65572.332,15.74,10.5,1.011
688528,秦川物联,电器仪表,四川,20200701,688528.SH,20211221,12.88,13.15,12.84,13.12,12.9,0.22,1.7054,5163.13,6737.949,1.0362,1.0362,1.32,47.753,66.2712,2.9358,7.2965,6.9153,,,16800.0,4982.7,4982.7,220416.0,65373.024,15.48,10.32,1.011
688528,秦川物联,电器仪表,四川,20200701,688528.SH,20211220,13.03,13.15,12.89,12.9,13.01,-0.11,-0.8455,3966.92,5170.41,0.7961,0.7961,1.04,46.9522,65.1599,2.8866,7.1741,6.7993,,,16800.0,4982.7,4982.7,216720.0,64276.83,15.61,10.41,1.011
688528,秦川物联,电器仪表,四川,20200701,688528.SH,20211217,13.21,13.21,13.01,13.01,13.18,-0.17,-1.2898,4239.28,5537.386,0.8508,0.8508,1.27,47.3526,65.7156,2.9112,7.2353,6.8573,,,16800.0,4982.7,4982.7,218568.0,64824.927,15.82,10.54,1.011
688528,秦川物联,电器仪表,四川,20200701,688528.SH,20211216,13.05,13.2,13.0,13.18,13.05,0.13,0.9962,5070.5,6664.745,1.0176,1.0176,1.71,47.9713,66.5743,2.9493,7.3299,6.9469,,,16800.0,4982.7,4982.7,221424.0,65671.986,15.66,10.44,1.011
688528,秦川物联,电器仪表,四川,20200701,688528.SH,20211215,12.93,13.13,12.93,13.05,12.93,0.12,0.9281,4200.56,5483.489,0.843,0.843,1.62,47.4982,65.9176,2.9202,7.2576,6.8784,,,16800.0,4982.7,4982.7,219240.0,65024.235,15.52,10.34,1.011
688528,秦川物联,电器仪表,四川,20200701,688528.SH,20211214,12.86,13.03,12.83,12.93,12.86,0.07,0.5443,2131.16,2755.345,0.4277,0.4277,0.78,47.0614,65.3115,2.8933,7.1908,6.8151,,,16800.0,4982.7,4982.7,217224.0,64426.311,15.43,10.29,1.011
688528,秦川物联,电器仪表,四川,20200701,688528.SH,20211213,12.83,12.97,12.81,12.86,12.83,0.03,0.2338,3339.91,4310.272,0.6703,0.6703,1.05,46.8066,64.9579,2.8777,7.1519,6.7782,,,16800.0,4982.7,4982.7,216048.0,64077.522,15.4,10.26,1.011
688528,秦川物联,电器仪表,四川,20200701,688528.SH,20211210,12.88,12.9,12.74,12.83,12.86,-0.03,-0.2333,1961.75,2519.064,0.3937,0.3937,0.59,46.6974,64.8063,2.8709,7.1352,6.7624,,,16800.0,4982.7,4982.7,215544.0,63928.041,15.43,10.29,1.011
688528,秦川物联,电器仪表,四川,20200701,688528.SH,20211209,12.88,12.91,12.73,12.86,12.79,0.07,0.5473,3154.28,4053.652,0.633,0.633,0.95,46.8066,64.9579,2.8777,7.1519,6.7782,,,16800.0,4982.7,4982.7,216048.0,64077.522,15.35,10.23,1.011
688528,秦川物联,电器仪表,四川,20200701,688528.SH,20211208,12.73,12.9,12.73,12.79,12.71,0.08,0.6294,2344.22,3002.646,0.4705,0.4705,0.58,46.5518,64.6043,2.862,7.113,6.7413,,,16800.0,4982.7,4982.7,214872.0,63728.733,15.25,10.17,1.011
688528,秦川物联,电器仪表,四川,20200701,688528.SH,20211207,12.8,12.83,12.6,12.71,12.75,-0.04,-0.3137,2847.74,3617.248,0.5715,0.5715,0.7,46.2607,64.2002,2.8441,7.0685,6.6992,,,16800.0,4982.7,4982.7,213528.0,63330.117,15.3,10.2,1.011
688528,秦川物联,电器仪表,四川,20200701,688528.SH,20211206,13.1,13.15,12.73,12.75,13.15,-0.4,-3.0418,5671.68,7316.418,1.1383,1.1383,1.57,46.4063,64.4023,2.853,7.0907,6.7202,,,16800.0,4982.7,4982.7,214200.0,63529.425,15.78,10.52,1.011
688528,秦川物联,电器仪表,四川,20200701,688528.SH,20211203,13.06,13.19,13.06,13.15,13.08,0.07,0.5352,2506.89,3296.061,0.5031,0.5031,0.65,47.8621,66.4227,2.9425,7.3132,6.9311,,,16800.0,4982.7,4982.7,220920.0,65522.505,15.7,10.46,1.011
688528,秦川物联,电器仪表,四川,20200701,688528.SH,20211202,13.28,13.28,13.06,13.08,13.23,-0.15,-1.1338,3197.42,4204.136,0.6417,0.6417,0.77,47.6074,66.0691,2.9269,7.2742,6.8942,,,16800.0,4982.7,4982.7,219744.0,65173.716,15.88,10.58,1.011
688528,秦川物联,电器仪表,四川,20200701,688528.SH,20211201,13.02,13.32,12.93,13.23,13.07,0.16,1.2242,6043.2,7987.493,1.2128,1.2128,1.57,48.1533,66.8268,2.9604,7.3577,6.9732,,,16800.0,4982.7,4982.7,222264.0,65921.121,15.68,10.46,1.011
688528,秦川物联,电器仪表,四川,20200701,688528.SH,20211130,12.95,13.18,12.92,13.07,12.94,0.13,1.0046,2880.87,3765.803,0.5782,0.5782,0.66,47.571,66.0186,2.9246,7.2687,6.8889,,,16800.0,4982.7,4982.7,219576.0,65123.889,15.53,10.35,1.011
688528,秦川物联,电器仪表,四川,20200701,688528.SH,20211129,12.98,13.05,12.87,12.94,13.1,-0.16,-1.2214,3387.56,4388.65,0.6799,0.6799,0.78,47.0978,65.362,2.8956,7.1964,6.8204,,,16800.0,4982.7,4982.7,217392.0,64476.138,15.72,10.48,1.011
688528,秦川物联,电器仪表,四川,20200701,688528.SH,20211126,13.09,13.13,12.92,13.1,13.13,-0.03,-0.2285,3716.73,4847.809,0.7459,0.7459,0.83,47.6802,66.1702,2.9314,7.2854,6.9047,,,16800.0,4982.7,4982.7,220080.0,65273.37,15.76,10.5,1.011
688528,秦川物联,电器仪表,四川,20200701,688528.SH,20211125,13.2,13.22,13.02,13.13,13.15,-0.02,-0.1521,4743.7,6234.156,0.952,0.952,1.11,47.7893,66.3217,2.9381,7.3021,6.9205,,,16800.0,4982.7,4982.7,220584.0,65422.851,15.78,10.52,1.011
688528,秦川物联,电器仪表,四川,20200701,688528.SH,20211124,13.03,13.17,12.95,13.15,13.01,0.14,1.0761,4565.93,5971.719,0.9164,0.9164,1.09,47.8621,66.4227,2.9425,7.3132,6.9311,,,16800.0,4982.7,4982.7,220920.0,65522.505,15.61,10.41,1.011
688528,秦川物联,电器仪表,四川,20200701,688528.SH,20211123,12.87,13.09,12.85,13.01,12.87,0.14,1.0878,5298.09,6883.37,1.0633,1.0633,1.34,47.3526,65.7156,2.9112,7.2353,6.8573,,,16800.0,4982.7,4982.7,218568.0,64824.927,15.44,10.3,1.011
688528,秦川物联,电器仪表,四川,20200701,688528.SH,20211122,12.88,12.91,12.69,12.87,12.86,0.01,0.0778,3500.22,4488.799,0.7025,0.7025,0.76,46.843,65.0084,2.8799,7.1575,6.7835,,,16800.0,4982.7,4982.7,216216.0,64127.349,15.43,10.29,1.011
688528,秦川物联,电器仪表,四川,20200701,688528.SH,20211119,12.63,12.89,12.6,12.86,12.63,0.23,1.8211,4157.81,5314.648,0.8344,0.8344,0.94,46.8066,64.9579,2.8777,7.1519,6.7782,,,16800.0,4982.7,4982.7,216048.0,64077.522,15.16,10.1,1.011
688528,秦川物联,电器仪表,四川,20200701,688528.SH,20211118,12.83,12.97,12.61,12.63,12.9,-0.27,-2.093,3923.42,5015.599,0.7874,0.7874,0.87,45.9695,63.7961,2.8262,7.024,6.657,,,16800.0,4982.7,4982.7,212184.0,62931.501,15.48,10.32,1.011
688528,秦川物联,电器仪表,四川,20200701,688528.SH,20211117,12.73,12.94,12.73,12.9,12.7,0.2,1.5748,4158.1,5334.803,0.8345,0.8345,0.88,46.9522,65.1599,2.8866,7.1741,6.7993,,,16800.0,4982.7,4982.7,216720.0,64276.83,15.24,10.16,1.011
688528,秦川物联,电器仪表,四川,20200701,688528.SH,20211116,12.87,12.95,12.63,12.7,12.81,-0.11,-0.8587,3990.68,5080.726,0.8009,0.8009,0.9,46.2243,64.1497,2.8418,7.0629,6.6939,,,16800.0,4982.7,4982.7,213360.0,63280.29,15.37,10.25,1.011
688528,秦川物联,电器仪表,四川,20200701,688528.SH,20211115,12.54,12.88,12.54,12.81,12.54,0.27,2.1531,6750.1,8608.644,1.3547,1.3547,1.74,46.6246,64.7053,2.8665,7.1241,6.7519,,,16800.0,4982.7,4982.7,215208.0,63828.387,15.05,10.03,1.011
688528,秦川物联,电器仪表,四川,20200701,688528.SH,20211112,12.48,12.57,12.38,12.54,12.44,0.1,0.8039,3409.14,4260.185,0.6842,0.6842,0.9,45.6419,63.3415,2.806,6.9739,6.6096,,,16800.0,4982.7,4982.7,210672.0,62483.058,14.93,9.95,1.011
688528,秦川物联,电器仪表,四川,20200701,688528.SH,20211111,12.37,12.58,12.35,12.44,12.35,0.09,0.7287,4219.04,5249.265,0.8467,0.8467,1.24,45.278,62.8364,2.7837,6.9183,6.5569,,,16800.0,4982.7,4982.7,208992.0,61984.788,14.82,9.88,1.011
688528,秦川物联,电器仪表,四川,20200701,688528.SH,20211110,12.36,12.44,12.19,12.35,12.36,-0.01,-0.0809,5154.93,6334.452,1.0346,1.0346,1.8,44.9504,62.3818,2.7635,6.8683,6.5094,,,16800.0,4982.7,4982.7,207480.0,61536.345,14.83,9.89,1.011
688528,秦川物联,电器仪表,四川,20200701,688528.SH,20211109,12.3,12.42,12.22,12.36,12.32,0.04,0.3247,2735.06,3378.689,0.5489,0.5489,0.96,44.9868,62.4323,2.7658,6.8738,6.5147,,,16800.0,4982.7,4982.7,207648.0,61586.172,14.78,9.86,1.011
688528,秦川物联,电器仪表,四川,20200701,688528.SH,20211108,12.21,12.45,12.09,12.32,12.17,0.15,1.2325,3909.0,4812.314,0.7845,0.7845,1.5,44.8412,62.2303,2.7568,6.8516,6.4936,,,16800.0,4982.7,4982.7,206976.0,61386.864,14.6,9.74,1.011
688528,秦川物联,电器仪表,四川,20200701,688528.SH,20211105,12.23,12.28,12.13,12.17,12.15,0.02,0.1646,3026.34,3690.351,0.6074,0.6074,1.1,44.2952,61.4726,2.7233,6.7682,6.4145,,,16800.0,4982.7,4982.7,204456.0,60639.459,14.58,9.72,1.011
688528,秦川物联,电器仪表,四川,20200701,688528.SH,20211104,12.13,12.28,12.11,12.15,12.1,0.05,0.4132,2210.79,2691.467,0.4437,0.4437,0.74,44.2224,61.3716,2.7188,6.757,6.404,,,16800.0,4982.7,4982.7,204120.0,60539.805,14.52,9.68,1.011
688528,秦川物联,电器仪表,四川,20200701,688528.SH,20211103,11.95,12.2,11.95,12.1,12.04,0.06,0.4983,2470.18,2982.83,0.4958,0.4958,0.59,44.0405,61.119,2.7076,6.7292,6.3776,,,16800.0,4982.7,4982.7,203280.0,60290.67,14.45,9.63,1.011
688528,秦川物联,电器仪表,四川,20200701,688528.SH,20211102,12.2,12.3,11.99,12.04,12.2,-0.16,-1.3115,2646.86,3202.278,0.5312,0.5312,0.57,43.8221,60.8159,2.6942,6.6959,6.346,,,16800.0,4982.7,4982.7,202272.0,59991.708,14.64,9.76,1.011
688528,秦川物联,电器仪表,四川,20200701,688528.SH,20211101,12.21,12.22,12.0,12.2,12.18,0.02,0.1642,2657.23,3234.545,0.5333,0.5333,0.54,44.4044,61.6241,2.73,6.7848,6.4304,,,16800.0,4982.7,4982.7,204960.0,60788.94,14.62,9.74,1.011
688528,秦川物联,电器仪表,四川,20200701,688528.SH,20211029,12.03,12.18,11.94,12.18,12.03,0.15,1.2469,3742.06,4535.943,0.751,0.751,0.73,44.3316,61.5231,2.7255,6.7737,6.4198,,,16800.0,4982.7,4982.7,204624.0,60689.286,14.44,9.62,1.011
688528,秦川物联,电器仪表,四川,20200701,688528.SH,20211028,12.01,12.25,11.96,12.03,12.18,-0.15,-1.2315,3476.93,4190.01,0.6978,0.6978,0.64,43.7857,56.6368,2.7081,6.6903,6.3103,,,16800.0,4982.7,4982.7,202104.0,59941.881,14.62,9.74,1.011
688528,秦川物联,电器仪表,四川,20200701,688528.SH,20211027,12.8,12.8,12.1,12.18,12.8,-0.62,-4.8438,8512.78,10452.529,1.7085,1.7085,2.02,44.3316,57.343,2.7418,6.7737,6.389,,,16800.0,4982.7,4982.7,204624.0,60689.286,15.36,10.24,1.011
688528,秦川物联,电器仪表,四川,20200701,688528.SH,20211026,12.8,12.97,12.76,12.8,12.92,-0.12,-0.9288,4843.47,6214.918,0.9721,0.9721,1.31,46.5882,60.262,2.8814,7.1185,6.7142,,,16800.0,4982.7,4982.7,215040.0,63778.56,15.5,10.34,1.011
688528,秦川物联,电器仪表,四川,20200701,688528.SH,20211025,13.05,13.05,12.86,12.92,13.05,-0.13,-0.9962,4115.08,5319.675,0.8259,0.8259,1.15,47.025,60.8269,2.9084,7.1853,6.7772,,,16800.0,4982.7,4982.7,217056.0,64376.484,15.66,10.44,1.011
688528,秦川物联,电器仪表,四川,20200701,688528.SH,20211022,13.04,13.19,13.04,13.05,13.17,-0.12,-0.9112,4559.14,5970.975,0.915,0.915,1.44,47.4982,61.439,2.9377,7.2576,6.8454,,,16800.0,4982.7,4982.7,219240.0,65024.235,15.8,10.54,1.011
688528,秦川物联,电器仪表,四川,20200701,688528.SH,20211021,13.1,13.36,13.03,13.17,13.16,0.01,0.076,4946.56,6536.28,0.9927,0.9927,1.71,47.9349,62.0039,2.9647,7.3243,6.9083,,,16800.0,4982.7,4982.7,221256.0,65622.159,15.79,10.53,1.011
688528,秦川物联,电器仪表,四川,20200701,688528.SH,20211020,13.18,13.2,13.07,13.16,13.21,-0.05,-0.3785,2638.5,3463.494,0.5295,0.5295,0.88,47.8985,61.9569,2.9624,7.3187,6.9031,,,16800.0,4982.7,4982.7,221088.0,65572.332,15.85,10.57,1.011
688528,秦川物联,电器仪表,四川,20200701,688528.SH,20211019,13.18,13.24,13.15,13.21,13.18,0.03,0.2276,2176.85,2874.294,0.4369,0.4369,0.64,48.0805,62.1922,2.9737,7.3465,6.9293,,,16800.0,4982.7,4982.7,221928.0,65821.467,15.82,10.54,1.011
688528,秦川物联,电器仪表,四川,20200701,688528.SH,20211018,13.36,13.36,13.11,13.18,13.36,-0.18,-1.3473,3539.84,4659.147,0.7104,0.7104,1.08,47.9713,62.051,2.9669,7.3299,6.9136,,,16800.0,4982.7,4982.7,221424.0,65671.986,16.03,10.69,1.011
688528,秦川物联,电器仪表,四川,20200701,688528.SH,20211015,13.51,13.51,13.31,13.36,13.47,-0.11,-0.8166,2507.47,3352.883,0.5032,0.5032,0.74,48.6265,62.8984,3.0074,7.43,7.008,,,16800.0,4982.7,4982.7,224448.0,66568.872,16.16,10.78,1.011
688528,秦川物联,电器仪表,四川,20200701,688528.SH,20211014,13.38,13.48,13.13,13.47,13.38,0.09,0.6726,3597.79,4795.714,0.7221,0.7221,1.0,49.0268,63.4163,3.0322,7.4911,7.0657,,,16800.0,4982.7,4982.7,226296.0,67116.969,16.06,10.7,1.011
688528,秦川物联,电器仪表,四川,20200701,688528.SH,20211013,13.18,13.52,13.18,13.38,13.17,0.21,1.5945,3107.62,4153.44,0.6237,0.6237,0.72,48.6993,62.9926,3.0119,7.4411,7.0185,,,16800.0,4982.7,4982.7,224784.0,66668.526,15.8,10.54,1.011
688528,秦川物联,电器仪表,四川,20200701,688528.SH,20211012,13.54,13.54,13.06,13.17,13.48,-0.31,-2.2997,4339.57,5734.152,0.8709,0.8709,0.91,47.9349,62.0039,2.9647,7.3243,6.9083,,,16800.0,4982.7,4982.7,221256.0,65622.159,16.18,10.78,1.011
688528,秦川物联,电器仪表,四川,20200701,688528.SH,20211011,13.54,13.56,13.46,13.48,13.5,-0.02,-0.1481,2823.86,3812.238,0.5667,0.5667,0.47,49.0632,63.4634,3.0345,7.4967,7.0709,,,16800.0,4982.7,4982.7,226464.0,67166.796,16.2,10.8,1.011
688528,秦川物联,电器仪表,四川,20200701,688528.SH,20211008,13.43,13.58,13.36,13.5,13.34,0.16,1.1994,3051.75,4121.378,0.6125,0.6125,0.49,49.136,63.5576,3.039,7.5078,7.0814,,,16800.0,4982.7,4982.7,226800.0,67266.45,16.01,10.67,1.011
688528,秦川物联,电器仪表,四川,20200701,688528.SH,20210930,13.27,13.4,13.11,13.34,13.21,0.13,0.9841,4600.16,6121.362,0.9232,0.9232,0.75,48.5537,62.8043,3.0029,7.4188,6.9975,,,16800.0,4982.7,4982.7,224112.0,66469.218,15.85,10.57,1.011
688528,秦川物联,电器仪表,四川,20200701,688528.SH,20210929,13.54,13.66,13.2,13.21,13.53,-0.32,-2.3651,6680.49,8881.824,1.3407,1.3407,1.17,48.0805,62.1922,2.9737,7.3465,6.9293,,,16800.0,4982.7,4982.7,221928.0,65821.467,16.24,10.82,1.011
688528,秦川物联,电器仪表,四川,20200701,688528.SH,20210928,13.6,13.68,13.46,13.53,13.58,-0.05,-0.3682,6782.18,9204.517,1.3611,1.3611,1.21,49.2452,63.6988,3.0457,7.5245,7.0972,,,16800.0,4982.7,4982.7,227304.0,67415.931,16.3,10.86,1.011
688528,秦川物联,电器仪表,四川,20200701,688528.SH,20210927,13.91,14.02,13.53,13.58,13.91,-0.33,-2.3724,8739.14,11966.007,1.7539,1.7539,1.59,49.4272,63.9342,3.057,7.5523,7.1234,,,16800.0,4982.7,4982.7,228144.0,67665.066,16.69,11.13,1.011
688528,秦川物联,电器仪表,四川,20200701,688528.SH,20210924,14.27,14.39,13.9,13.91,14.19,-0.28,-1.9732,4555.21,6427.103,0.9142,0.9142,0.75,50.6283,65.4878,3.1313,7.7358,7.2965,,,16800.0,4982.7,4982.7,233688.0,69309.357,17.03,11.35,1.011
688528,秦川物联,电器仪表,四川,20200701,688528.SH,20210923,13.97,14.27,13.97,14.19,13.98,0.21,1.5021,3711.1,5247.503,0.7448,0.7448,0.5,51.6474,66.8061,3.1943,7.8916,7.4434,,,16800.0,4982.7,4982.7,238392.0,70704.513,16.78,11.18,1.011
688528,秦川物联,电器仪表,四川,20200701,688528.SH,20210922,14.01,14.15,13.96,13.98,14.15,-0.17,-1.2014,4855.16,6813.402,0.9744,0.9744,0.52,50.8831,65.8174,3.147,7.7748,7.3332,,,16800.0,4982.7,4982.7,234864.0,69658.146,16.98,11.32,1.011
688528,秦川物联,电器仪表,四川,20200701,688528.SH,20210917,14.18,14.28,14.02,14.15,14.15,0.0,0.0,6205.8,8759.339,1.2455,1.2455,0.66,51.5019,66.6177,3.1853,7.8693,7.4224,,,16800.0,4982.7,4982.7,237720.0,70505.205,16.98,11.32,1.011
688528,秦川物联,电器仪表,四川,20200701,688528.SH,20210916,14.44,14.78,14.14,14.15,14.45,-0.3,-2.0761,8236.98,11914.541,1.6531,1.6531,0.88,51.5019,66.6177,3.1853,7.8693,7.4224,,,16800.0,4982.7,4982.7,237720.0,70505.205,17.34,11.56,1.011
688528,秦川物联,电器仪表,四川,20200701,688528.SH,20210915,14.34,14.74,14.34,14.45,14.44,0.01,0.0693,7307.29,10582.112,1.4665,1.4665,0.7,52.5938,68.0301,3.2528,8.0362,7.5797,,,16800.0,4982.7,4982.7,242760.0,72000.015,17.33,11.55,1.011
688528,秦川物联,电器仪表,四川,20200701,688528.SH,20210914,14.72,14.84,14.31,14.44,14.72,-0.28,-1.9022,10268.46,15022.312,2.0608,2.0608,1.02,52.5574,67.983,3.2506,8.0306,7.5745,,,16800.0,4982.7,4982.7,242592.0,71950.188,17.66,11.78,1.011
688528,秦川物联,电器仪表,四川,20200701,688528.SH,20210913,14.33,15.0,14.15,14.72,14.31,0.41,2.8651,14607.34,21379.59,2.9316,2.9316,1.67,53.5765,69.3013,3.3136,8.1863,7.7214,,,16800.0,4982.7,4982.7,247296.0,73345.344,17.17,11.45,1.011
688528,秦川物联,电器仪表,四川,20200701,688528.SH,20210910,14.35,14.43,14.16,14.31,14.4,-0.09,-0.625,6905.21,9860.196,1.3858,1.3858,0.73,52.0842,67.371,3.2213,7.9583,7.5063,,,16800.0,4982.7,4982.7,240408.0,71302.437,17.28,11.52,1.011
688528,秦川物联,电器仪表,四川,20200701,688528.SH,20210909,14.49,14.6,14.33,14.4,14.51,-0.11,-0.7581,7900.09,11390.509,1.5855,1.5855,0.88,52.4118,67.7947,3.2416,8.0083,7.5535,,,16800.0,4982.7,4982.7,241920.0,71750.88,17.41,11.61,1.011
688528,秦川物联,电器仪表,四川,20200701,688528.SH,20210908,14.23,14.51,14.22,14.51,14.21,0.3,2.1112,12484.73,17981.093,2.5056,2.5056,1.68,52.8121,68.3126,3.2663,8.0695,7.6112,,,16800.0,4982.7,4982.7,243768.0,72298.977,17.05,11.37,1.011
688528,秦川物联,电器仪表,四川,20200701,688528.SH,20210907,14.2,14.4,14.17,14.21,14.2,0.01,0.0704,8433.94,12020.815,1.6926,1.6926,1.23,51.7202,66.9002,3.1988,7.9027,7.4538,,,16800.0,4982.7,4982.7,238728.0,70804.167,17.04,11.36,1.011
688528,秦川物联,电器仪表,四川,20200701,688528.SH,20210906,13.92,14.25,13.92,14.2,13.97,0.23,1.6464,7964.94,11266.885,1.5985,1.5985,1.26,51.6838,66.8531,3.1965,7.8971,7.4486,,,16800.0,4982.7,4982.7,238560.0,70754.34,16.76,11.18,1.011
688528,秦川物联,电器仪表,四川,20200701,688528.SH,20210903,13.99,14.29,13.96,13.97,14.0,-0.03,-0.2143,10580.96,14929.526,2.1235,2.1235,1.92,50.8467,65.7703,3.1448,7.7692,7.328,,,16800.0,4982.7,4982.7,234696.0,69608.319,16.8,11.2,1.011
688528,秦川物联,电器仪表,四川,20200701,688528.SH,20210902,13.68,14.0,13.68,14.0,13.72,0.28,2.0408,5301.11,7349.766,1.0639,1.0639,0.88,50.9559,65.9115,3.1515,7.7859,7.3437,,,16800.0,4982.7,4982.7,235200.0,69757.8,16.46,10.98,1.011
688528,秦川物联,电器仪表,四川,20200701,688528.SH,20210901,13.58,13.78,13.48,13.72,13.65,0.07,0.5128,4939.33,6744.257,0.9913,0.9913,0.7,49.9368,64.5933,3.0885,7.6302,7.1968,,,16800.0,4982.7,4982.7,230496.0,68362.644,16.38,10.92,1.011
688528,秦川物联,电器仪表,四川,20200701,688528.SH,20210831,13.76,13.76,13.46,13.65,13.73,-0.08,-0.5827,5548.64,7541.136,1.1136,1.1136,0.69,49.682,64.2638,3.0727,7.5912,7.1601,,,16800.0,4982.7,4982.7,229320.0,68013.855,16.48,10.98,1.011
688528,秦川物联,电器仪表,四川,20200701,688528.SH,20210830,13.77,13.92,13.73,13.73,13.81,-0.08,-0.5793,5343.33,7373.601,1.0724,1.0724,0.58,49.9732,64.6404,3.0907,7.6357,7.2021,,,16800.0,4982.7,4982.7,230664.0,68412.471,16.57,11.05,1.011
688528,秦川物联,电器仪表,四川,20200701,688528.SH,20210827,13.98,14.06,13.74,13.81,13.98,-0.17,-1.216,6475.58,8961.602,1.2996,1.2996,0.71,50.2644,65.017,3.1087,7.6802,7.244,,,16800.0,4982.7,4982.7,232008.0,68811.087,16.78,11.18,1.011
688528,秦川物联,电器仪表,四川,20200701,688528.SH,20210826,14.29,14.29,13.95,13.98,14.28,-0.3,-2.1008,7956.27,11214.268,1.5968,1.5968,0.98,50.8831,65.8174,3.147,7.7748,7.3332,,,16800.0,4982.7,4982.7,234864.0,69658.146,17.14,11.42,1.011
688528,秦川物联,电器仪表,四川,20200701,688528.SH,20210825,13.98,14.28,13.93,14.28,14.05,0.23,1.637,10148.29,14398.6,2.0367,2.0367,1.52,51.975,67.2298,3.2145,7.9416,7.4906,,,16800.0,4982.7,4982.7,239904.0,71152.956,16.86,11.24,1.011
688528,秦川物联,电器仪表,四川,20200701,688528.SH,20210824,14.17,14.28,13.98,14.05,14.1,-0.05,-0.3546,10404.38,14692.344,2.0881,2.0881,1.79,51.1379,57.1538,3.2321,7.8137,7.5493,,,16800.0,4982.7,4982.7,236040.0,70006.935,16.92,11.28,1.011
688528,秦川物联,电器仪表,四川,20200701,688528.SH,20210823,13.69,14.12,13.65,14.1,13.68,0.42,3.0702,11268.19,15783.348,2.2615,2.2615,2.47,51.3199,57.3572,3.2436,7.8415,7.5761,,,16800.0,4982.7,4982.7,236880.0,70256.07,16.42,10.94,1.011
688528,秦川物联,电器仪表,四川,20200701,688528.SH,20210820,13.62,13.78,13.39,13.68,13.6,0.08,0.5882,5985.5,8085.225,1.2013,1.2013,1.32,49.7912,55.6487,3.147,7.6079,7.3505,,,16800.0,4982.7,4982.7,229824.0,68163.336,16.32,10.88,1.011
688528,秦川物联,电器仪表,四川,20200701,688528.SH,20210819,13.65,13.75,13.55,13.6,13.65,-0.05,-0.3663,2956.91,4026.708,0.5934,0.5934,0.51,49.5,55.3232,3.1286,7.5634,7.3075,,,16800.0,4982.7,4982.7,228480.0,67764.72,16.38,10.92,1.011
688528,秦川物联,电器仪表,四川,20200701,688528.SH,20210818,13.52,13.68,13.52,13.65,13.56,0.09,0.6637,2844.98,3872.248,0.571,0.571,0.45,49.682,55.5266,3.1401,7.5912,7.3344,,,16800.0,4982.7,4982.7,229320.0,68013.855,16.27,10.85,1.011
688528,秦川物联,电器仪表,四川,20200701,688528.SH,20210817,13.88,13.96,13.5,13.56,13.88,-0.32,-2.3055,6086.05,8334.139,1.2214,1.2214,0.98,49.3544,55.1605,3.1194,7.5412,7.286,,,16800.0,4982.7,4982.7,227808.0,67565.412,16.66,11.1,1.011
688528,秦川物联,电器仪表,四川,20200701,688528.SH,20210816,13.86,14.1,13.8,13.88,13.86,0.02,0.1443,4927.69,6872.86,0.989,0.989,0.73,50.5191,56.4623,3.193,7.7192,7.4579,,,16800.0,4982.7,4982.7,233184.0,69159.876,16.63,11.09,1.011
688528,秦川物联,电器仪表,四川,20200701,688528.SH,20210813,13.97,14.03,13.83,13.86,13.99,-0.13,-0.9292,5838.48,8131.121,1.1718,1.1718,0.97,50.4463,56.3809,3.1884,7.708,7.4472,,,16800.0,4982.7,4982.7,232848.0,69060.222,16.79,11.19,1.011
688528,秦川物联,电器仪表,四川,20200701,688528.SH,20210812,13.93,14.25,13.91,13.99,13.9,0.09,0.6475,9097.54,12814.185,1.8258,1.8258,1.87,50.9195,56.9097,3.2183,7.7803,7.517,,,16800.0,4982.7,4982.7,235032.0,69707.973,16.68,11.12,1.011
688528,秦川物联,电器仪表,四川,20200701,688528.SH,20210811,13.88,13.96,13.76,13.9,13.86,0.04,0.2886,5373.88,7466.043,1.0785,1.0785,1.26,50.5919,56.5436,3.1976,7.7303,7.4687,,,16800.0,4982.7,4982.7,233520.0,69259.53,16.63,11.09,1.011
688528,秦川物联,电器仪表,四川,20200701,688528.SH,20210810,13.9,13.98,13.77,13.86,13.88,-0.02,-0.1441,5692.2,7900.513,1.1424,1.1424,1.39,50.4463,56.3809,3.1884,7.708,7.4472,,,16800.0,4982.7,4982.7,232848.0,69060.222,16.66,11.1,1.011
688528,秦川物联,电器仪表,四川,20200701,688528.SH,20210809,13.56,13.99,13.55,13.88,13.5,0.38,2.8148,7755.14,10710.557,1.5564,1.5564,2.44,50.5191,56.4623,3.193,7.7192,7.4579,,,16800.0,4982.7,4982.7,233184.0,69159.876,16.2,10.8,1.011
688528,秦川物联,电器仪表,四川,20200701,688528.SH,20210806,13.46,13.5,13.32,13.5,13.46,0.04,0.2972,2313.7,3100.886,0.4643,0.4643,0.67,49.136,54.9165,3.1056,7.5078,7.2538,,,16800.0,4982.7,4982.7,226800.0,67266.45,16.15,10.77,1.011
688528,秦川物联,电器仪表,四川,20200701,688528.SH,20210805,13.62,13.66,13.46,13.46,13.66,-0.2,-1.4641,3132.16,4241.245,0.6286,0.6286,0.89,48.9905,54.7537,3.0964,7.4856,7.2323,,,16800.0,4982.7,4982.7,226128.0,67067.142,16.39,10.93,1.011
688528,秦川物联,电器仪表,四川,20200701,688528.SH,20210804,13.68,13.79,13.58,13.66,13.66,0.0,0.0,2379.25,3249.48,0.4775,0.4775,0.56,49.7184,55.5673,3.1424,7.5968,7.3397,,,16800.0,4982.7,4982.7,229488.0,68063.682,16.39,10.93,1.011
688528,秦川物联,电器仪表,四川,20200701,688528.SH,20210803,13.46,13.86,13.46,13.66,13.48,0.18,1.3353,4925.45,6739.966,0.9885,0.9885,1.2,49.7184,55.5673,3.1424,7.5968,7.3397,,,16800.0,4982.7,4982.7,229488.0,68063.682,16.18,10.78,1.011
688528,秦川物联,电器仪表,四川,20200701,688528.SH,20210802,13.14,13.52,13.14,13.48,13.22,0.26,1.9667,3130.4,4195.793,0.6283,0.6283,0.73,49.0632,54.8351,3.101,7.4967,7.243,,,16800.0,4982.7,4982.7,226464.0,67166.796,15.86,10.58,1.011
688528,秦川物联,电器仪表,四川,20200701,688528.SH,20210730,13.07,13.24,12.92,13.22,13.0,0.22,1.6923,3591.55,4703.559,0.7208,0.7208,0.86,48.1169,53.7774,3.0412,7.3521,7.1033,,,16800.0,4982.7,4982.7,222096.0,65871.294,15.6,10.4,1.011
688528,秦川物联,电器仪表,四川,20200701,688528.SH,20210729,12.84,13.0,12.84,13.0,12.76,0.24,1.8809,3499.87,4530.813,0.7024,0.7024,0.86,47.3162,52.8825,2.9905,7.2298,6.9851,,,16800.0,4982.7,4982.7,218400.0,64775.1,15.31,10.21,1.011
688528,秦川物联,电器仪表,四川,20200701,688528.SH,20210728,13.37,13.37,12.74,12.76,13.26,-0.5,-3.7707,6263.39,8071.278,1.257,1.257,1.78,46.4427,51.9062,2.9353,7.0963,6.8561,,,16800.0,4982.7,4982.7,214368.0,63579.252,15.91,10.61,1.011
688528,秦川物联,电器仪表,四川,20200701,688528.SH,20210727,13.18,13.45,13.0,13.26,13.23,0.03,0.2268,4100.43,5430.364,0.8229,0.8229,1.33,48.2625,53.9402,3.0504,7.3744,7.1248,,,16800.0,4982.7,4982.7,222768.0,66070.602,15.88,10.58,1.011
688528,秦川物联,电器仪表,四川,20200701,688528.SH,20210726,13.52,13.6,13.04,13.23,13.52,-0.29,-2.145,4101.3,5454.072,0.8231,0.8231,1.54,48.1533,53.8181,3.0435,7.3577,7.1087,,,16800.0,4982.7,4982.7,222264.0,65921.121,16.22,10.82,1.011
688528,秦川物联,电器仪表,四川,20200701,688528.SH,20210723,13.45,13.56,13.45,13.52,13.54,-0.02,-0.1477,2829.83,3823.473,0.5679,0.5679,1.11,49.2088,54.9978,3.1102,7.5189,7.2645,,,16800.0,4982.7,4982.7,227136.0,67366.104,16.25,10.83,1.011
688528,秦川物联,电器仪表,四川,20200701,688528.SH,20210722,13.57,13.59,13.45,13.54,13.52,0.02,0.1479,3131.23,4232.13,0.6284,0.6284,0.9,49.2816,55.0792,3.1148,7.5301,7.2753,,,16800.0,4982.7,4982.7,227472.0,67465.758,16.22,10.82,1.011
688528,秦川物联,电器仪表,四川,20200701,688528.SH,20210721,13.39,13.6,13.39,13.52,13.39,0.13,0.9709,3385.97,4579.102,0.6795,0.6795,0.85,49.2088,54.9978,3.1102,7.5189,7.2645,,,16800.0,4982.7,4982.7,227136.0,67366.104,16.07,10.71,1.011
688528,秦川物联,电器仪表,四川,20200701,688528.SH,20210720,13.66,13.66,13.35,13.39,13.5,-0.11,-0.8148,2022.15,2714.628,0.4058,0.4058,0.43,48.7357,54.469,3.0803,7.4466,7.1947,,,16800.0,4982.7,4982.7,224952.0,66718.353,16.2,10.8,1.011
688528,秦川物联,电器仪表,四川,20200701,688528.SH,20210719,13.65,13.79,13.5,13.65,13.75,-0.1,-0.7273,1986.79,2703.063,0.3987,0.3987,0.33,49.682,55.5266,3.0353,7.5912,7.3344,,,16800.0,4982.7,4982.7,229320.0,68013.855,16.5,11.0,1.0
688528,秦川物联,电器仪表,四川,20200701,688528.SH,20210716,13.6,13.83,13.6,13.75,13.68,0.07,0.5117,2179.69,2995.211,0.4375,0.4375,0.35,50.046,55.9334,3.0576,7.6469,7.3881,,,16800.0,4982.7,4982.7,231000.0,68512.125,16.42,10.94,1.0
688528,秦川物联,电器仪表,四川,20200701,688528.SH,20210715,14.08,14.09,13.53,13.68,14.11,-0.43,-3.0475,7855.28,10786.999,1.5765,1.5765,1.43,49.7912,55.6487,3.042,7.6079,7.3505,,,16800.0,4982.7,4982.7,229824.0,68163.336,16.93,11.29,1.0
688528,秦川物联,电器仪表,四川,20200701,688528.SH,20210714,13.96,14.18,13.94,14.11,14.01,0.1,0.7138,5881.35,8278.287,1.1804,1.1804,1.12,51.3563,57.3979,3.1376,7.8471,7.5815,,,16800.0,4982.7,4982.7,237048.0,70305.897,16.81,11.21,1.0
688528,秦川物联,电器仪表,四川,20200701,688528.SH,20210713,14.07,14.07,13.89,14.01,13.96,0.05,0.3582,5427.48,7592.876,1.0893,1.0893,1.1,50.9923,56.9911,3.1154,7.7915,7.5278,,,16800.0,4982.7,4982.7,235368.0,69807.627,16.75,11.17,1.0
688528,秦川物联,电器仪表,四川,20200701,688528.SH,20210712,13.68,14.06,13.68,13.96,13.68,0.28,2.0468,8566.29,11900.937,1.7192,1.7192,2.08,50.8103,56.7877,3.1043,7.7636,7.5009,,,16800.0,4982.7,4982.7,234528.0,69558.492,16.42,10.94,1.0
688528,秦川物联,电器仪表,四川,20200701,688528.SH,20210709,13.68,13.75,13.64,13.68,13.7,-0.02,-0.146,3529.97,4828.482,0.7084,0.7084,0.75,49.7912,55.6487,3.042,7.6079,7.3505,,,16800.0,4982.7,4982.7,229824.0,68163.336,16.44,10.96,1.0
688528,秦川物联,电器仪表,四川,20200701,688528.SH,20210708,13.78,13.81,13.64,13.7,13.75,-0.05,-0.3636,4114.09,5628.806,0.8257,0.8257,0.86,49.864,55.73,3.0465,7.6191,7.3612,,,16800.0,4982.7,4982.7,230160.0,68262.99,16.5,11.0,1.0
688528,秦川物联,电器仪表,四川,20200701,688528.SH,20210707,13.68,13.78,13.6,13.75,13.7,0.05,0.365,4586.07,6269.547,0.9204,0.9204,0.95,50.046,55.9334,3.0576,7.6469,7.3881,,,16800.0,4982.7,4982.7,231000.0,68512.125,16.44,10.96,1.0
688528,秦川物联,电器仪表,四川,20200701,688528.SH,20210706,13.83,13.85,13.62,13.7,13.81,-0.11,-0.7965,3981.55,5466.905,0.7991,0.7991,0.73,49.864,55.73,3.0465,7.6191,7.3612,,,16800.0,4982.7,4982.7,230160.0,68262.99,16.57,11.05,1.0
688528,秦川物联,电器仪表,四川,20200701,688528.SH,20210705,13.68,13.88,13.55,13.81,13.65,0.16,1.1722,4393.13,6053.614,0.8817,0.8817,0.81,50.2644,56.1775,3.0709,7.6802,7.4203,,,16800.0,4982.7,4982.7,232008.0,68811.087,16.38,10.92,1.0
688528,秦川物联,电器仪表,四川,20200701,688528.SH,20210702,13.45,13.67,13.41,13.65,13.45,0.2,1.487,6373.28,8660.663,1.2791,1.2791,1.06,49.682,55.5266,3.0353,7.5912,7.3344,,,16800.0,4982.7,4982.7,229320.0,68013.855,16.14,10.76,1.0
688528,秦川物联,电器仪表,四川,20200701,688528.SH,20210701,13.35,13.62,13.31,13.45,13.45,0.0,0.0,4483.93,6051.751,0.8999,0.8999,0.66,48.9541,54.7131,2.9909,7.48,7.2269,,,16800.0,4982.7,4982.7,225960.0,67017.315,16.14,10.76,1.0
688528,秦川物联,电器仪表,四川,20200701,688528.SH,20210630,13.35,13.58,13.3,13.45,13.39,0.06,0.4481,4883.26,6581.585,1.2239,1.2239,0.7,48.9541,54.7131,2.9909,7.48,7.2269,,,16800.0,3990.0,3990.0,225960.0,53665.5,16.07,10.71,1.0
688528,秦川物联,电器仪表,四川,20200701,688528.SH,20210629,13.72,13.81,13.35,13.39,13.76,-0.37,-2.689,7144.52,9689.937,1.7906,1.7906,0.87,48.7357,54.469,2.9775,7.4466,7.1947,,,16800.0,3990.0,3990.0,224952.0,53426.1,16.51,11.01,1.0
688528,秦川物联,电器仪表,四川,20200701,688528.SH,20210628,13.61,13.91,13.61,13.76,13.78,-0.02,-0.1451,4231.75,5837.52,1.0606,1.0606,0.4,50.0824,55.9741,3.0598,7.6524,7.3935,,,16800.0,3990.0,3990.0,231168.0,54902.4,16.54,11.02,1.0
688528,秦川物联,电器仪表,四川,20200701,688528.SH,20210625,14.13,14.13,13.74,13.78,14.11,-0.33,-2.3388,9417.12,13029.561,2.3602,2.3602,0.92,50.1552,56.0555,3.0642,7.6635,7.4042,,,16800.0,3990.0,3990.0,231504.0,54982.2,16.93,11.29,1.0
688528,秦川物联,电器仪表,四川,20200701,688528.SH,20210624,14.23,14.28,13.99,14.11,14.15,-0.04,-0.2827,8500.88,12000.133,2.1305,2.1305,0.74,51.3563,57.3979,3.1376,7.8471,7.5815,,,16800.0,3990.0,3990.0,237048.0,56298.9,16.98,11.32,1.0
688528,秦川物联,电器仪表,四川,20200701,688528.SH,20210623,14.27,14.33,14.07,14.15,14.22,-0.07,-0.4923,5663.79,8009.902,1.4195,1.4195,0.32,51.5019,57.5606,3.1465,7.8693,7.603,,,16800.0,3990.0,3990.0,237720.0,56458.5,17.06,11.38,1.0
688528,秦川物联,电器仪表,四川,20200701,688528.SH,20210622,14.25,14.44,14.04,14.22,14.26,-0.04,-0.2805,13162.86,18723.398,3.299,3.299,0.52,51.7566,57.8453,3.1621,7.9082,7.6406,,,16800.0,3990.0,3990.0,238896.0,56737.8,17.11,11.41,1.0
688528,秦川物联,电器仪表,四川,20200701,688528.SH,20210621,13.89,14.34,13.65,14.26,13.8,0.46,3.3333,15694.96,22179.599,3.9336,3.9336,0.65,51.9022,58.008,3.171,7.9305,7.6621,,,16800.0,3990.0,3990.0,239568.0,56897.4,16.56,11.04,1.0
688528,秦川物联,电器仪表,四川,20200701,688528.SH,20210618,13.93,13.94,13.63,13.8,13.68,0.12,0.8772,8336.32,11508.425,2.0893,2.0893,0.33,50.228,56.1368,3.0687,7.6747,7.415,,,16800.0,3990.0,3990.0,231840.0,55062.0,16.42,10.94,1.0
688528,秦川物联,电器仪表,四川,20200701,688528.SH,20210617,13.8,14.06,13.48,13.68,13.8,-0.12,-0.8696,14733.33,20181.115,3.6926,3.6926,0.6,49.7912,55.6487,3.042,7.6079,7.3505,,,16800.0,3990.0,3990.0,229824.0,54583.2,16.56,11.04,1.0
688528,秦川物联,电器仪表,四川,20200701,688528.SH,20210616,14.22,14.49,13.72,13.8,15.0,-1.2,-8.0,37232.25,52302.072,9.3314,9.3314,1.84,50.228,56.1368,3.0687,7.6747,7.415,,,16800.0,3990.0,3990.0,231840.0,55062.0,18.0,12.0,1.0
688528,秦川物联,电器仪表,四川,20200701,688528.SH,20210615,15.92,16.58,14.77,15.0,14.06,0.94,6.6856,50785.42,79561.464,12.7282,12.7282,4.62,54.5956,61.0183,3.3355,8.342,8.0597,,,16800.0,3990.0,3990.0,252000.0,59850.0,16.87,11.25,1.0
688528,秦川物联,电器仪表,四川,20200701,688528.SH,20210611,14.35,14.49,14.02,14.06,14.39,-0.33,-2.2933,9462.05,13458.995,2.3714,2.3714,0.92,51.1743,57.1945,3.1265,7.8193,7.5547,,,16800.0,3990.0,3990.0,236208.0,56099.4,17.27,11.51,1.0
688528,秦川物联,电器仪表,四川,20200701,688528.SH,20210610,14.08,14.6,13.98,14.39,13.89,0.5,3.5997,14269.27,20446.43,3.5763,3.5763,1.53,52.3754,58.5369,3.1999,8.0028,7.732,,,16800.0,3990.0,3990.0,241752.0,57416.1,16.67,11.11,1.0
688528,秦川物联,电器仪表,四川,20200701,688528.SH,20210609,14.23,14.29,13.85,13.89,14.23,-0.34,-2.3893,10704.18,14990.497,2.6828,2.6828,1.1,50.5555,56.5029,3.0887,7.7247,7.4633,,,16800.0,3990.0,3990.0,233352.0,55421.1,17.08,11.38,1.0
688528,秦川物联,电器仪表,四川,20200701,688528.SH,20210608,14.0,15.1,13.83,14.23,13.97,0.26,1.8611,15757.49,22729.131,3.9492,3.9492,1.98,51.793,57.886,3.1643,7.9138,7.646,,,16800.0,3990.0,3990.0,239064.0,56777.7,16.76,11.18,1.0
688528,秦川物联,电器仪表,四川,20200701,688528.SH,20210607,13.83,14.03,13.8,13.97,13.92,0.05,0.3592,4816.68,6706.595,1.2072,1.2072,0.61,50.8467,56.8284,3.1065,7.7692,7.5063,,,16800.0,3990.0,3990.0,234696.0,55740.3,16.7,11.14,1.0
688528,秦川物联,电器仪表,四川,20200701,688528.SH,20210604,13.9,14.12,13.8,13.92,13.93,-0.01,-0.0718,5899.82,8235.733,1.4787,1.4787,0.75,50.6647,56.625,3.0954,7.7414,7.4794,,,16800.0,3990.0,3990.0,233856.0,55540.8,16.72,11.14,1.0
688528,秦川物联,电器仪表,四川,20200701,688528.SH,20210603,13.9,14.33,13.79,13.93,13.96,-0.03,-0.2149,9373.12,13178.035,2.3492,2.3492,1.2,50.7011,56.6656,3.0976,7.747,7.4848,,,16800.0,3990.0,3990.0,234024.0,55580.7,16.75,11.17,1.0
688528,秦川物联,电器仪表,四川,20200701,688528.SH,20210602,13.74,14.41,13.65,13.96,13.74,0.22,1.6012,12798.86,17997.554,3.2077,3.2077,1.99,50.8103,56.7877,3.1043,7.7636,7.5009,,,16800.0,3990.0,3990.0,234528.0,55700.4,16.49,10.99,1.0
688528,秦川物联,电器仪表,四川,20200701,688528.SH,20210601,13.51,13.83,13.5,13.74,13.48,0.26,1.9288,6856.91,9387.042,1.7185,1.7185,1.2,50.0096,55.8927,3.0553,7.6413,7.3827,,,16800.0,3990.0,3990.0,230832.0,54822.6,16.18,10.78,1.0
688528,秦川物联,电器仪表,四川,20200701,688528.SH,20210531,13.28,13.55,13.25,13.48,13.29,0.19,1.4296,4601.36,6192.994,1.1532,1.1532,0.77,49.0632,54.8351,2.9975,7.4967,7.243,,,16800.0,3990.0,3990.0,226464.0,53785.2,15.95,10.63,1.0
688528,秦川物联,电器仪表,四川,20200701,688528.SH,20210528,13.48,13.6,13.22,13.29,13.55,-0.26,-1.9188,5909.2,7892.472,1.481,1.481,1.05,48.3717,54.0622,2.9553,7.391,7.1409,,,16800.0,3990.0,3990.0,223272.0,53027.1,16.26,10.84,1.0
688528,秦川物联,电器仪表,四川,20200701,688528.SH,20210527,13.18,13.65,13.13,13.55,13.19,0.36,2.7293,8735.91,11748.522,2.1895,2.1895,1.92,49.318,55.1198,3.0131,7.5356,7.2806,,,16800.0,3990.0,3990.0,227640.0,54064.5,15.83,10.55,1.0
688528,秦川物联,电器仪表,四川,20200701,688528.SH,20210526,12.92,13.31,12.92,13.19,12.89,0.3,2.3274,6001.56,7908.686,1.5042,1.5042,1.47,48.0077,53.6554,2.933,7.3354,7.0872,,,16800.0,3990.0,3990.0,221592.0,52628.1,15.47,10.31,1.0
688528,秦川物联,电器仪表,四川,20200701,688528.SH,20210525,12.78,12.95,12.78,12.89,12.82,0.07,0.546,3357.19,4317.074,0.8414,0.8414,0.84,46.9158,52.435,2.8663,7.1686,6.926,,,16800.0,3990.0,3990.0,216552.0,51431.1,15.38,10.26,1.0
688528,秦川物联,电器仪表,四川,20200701,688528.SH,20210524,12.85,12.93,12.72,12.82,12.9,-0.08,-0.6202,5696.37,7291.313,1.4277,1.4277,1.56,46.661,52.1503,2.8508,7.1297,6.8884,,,16800.0,3990.0,3990.0,215376.0,51151.8,15.48,10.32,1.0
688528,秦川物联,电器仪表,四川,20200701,688528.SH,20210521,13.1,13.18,12.83,12.9,13.08,-0.18,-1.3761,4335.28,5652.469,1.0865,1.0865,1.2,46.9522,52.4757,2.8686,7.1741,6.9314,,,16800.0,3990.0,3990.0,216720.0,51471.0,15.7,10.46,1.0
688528,秦川物联,电器仪表,四川,20200701,688528.SH,20210520,13.2,13.27,13.08,13.08,13.24,-0.16,-1.2085,3391.25,4464.557,0.8499,0.8499,0.86,47.6074,53.2079,2.9086,7.2742,7.0281,,,16800.0,3990.0,3990.0,219744.0,52189.2,15.89,10.59,1.0
688528,秦川物联,电器仪表,四川,20200701,688528.SH,20210519,13.34,13.47,13.21,13.24,13.44,-0.2,-1.4881,3581.56,4761.733,0.8976,0.8976,0.96,48.1897,53.8588,2.9442,7.3632,7.1141,,,16800.0,3990.0,3990.0,222432.0,52827.6,16.13,10.75,1.0
688528,秦川物联,电器仪表,四川,20200701,688528.SH,20210518,13.16,13.44,13.16,13.44,13.18,0.26,1.9727,2932.58,3915.326,0.735,0.735,0.75,48.9177,54.6724,2.9886,7.4745,7.2215,,,16800.0,3990.0,3990.0,225792.0,53625.6,15.82,10.54,1.0
688528,秦川物联,电器仪表,四川,20200701,688528.SH,20210517,13.33,13.37,13.18,13.18,13.36,-0.18,-1.3473,4011.38,5307.327,1.0054,1.0054,0.98,47.9713,53.6147,2.9308,7.3299,7.0818,,,16800.0,3990.0,3990.0,221424.0,52588.2,16.03,10.69,1.0
688528,秦川物联,电器仪表,四川,20200701,688528.SH,20210514,13.2,13.48,13.15,13.36,13.24,0.12,0.9063,4102.63,5474.719,1.0282,1.0282,1.03,48.6265,54.3469,2.9708,7.43,7.1785,,,16800.0,3990.0,3990.0,224448.0,53306.4,15.89,10.59,1.0
688528,秦川物联,电器仪表,四川,20200701,688528.SH,20210513,13.31,13.48,13.18,13.24,13.34,-0.1,-0.7496,5109.05,6807.452,1.2805,1.2805,1.52,48.1897,53.8588,2.9442,7.3632,7.1141,,,16800.0,3990.0,3990.0,222432.0,52827.6,16.01,10.67,1.0
688528,秦川物联,电器仪表,四川,20200701,688528.SH,20210512,13.19,13.39,13.18,13.34,13.27,0.07,0.5275,2557.94,3399.723,0.6411,0.6411,0.59,48.5537,54.2656,2.9664,7.4188,7.1678,,,16800.0,3990.0,3990.0,224112.0,53226.6,15.92,10.62,1.0
688528,秦川物联,电器仪表,四川,20200701,688528.SH,20210511,13.15,13.27,13.01,13.27,13.15,0.12,0.9125,3838.38,5041.333,0.962,0.962,0.82,48.2989,53.9808,2.9508,7.3799,7.1302,,,16800.0,3990.0,3990.0,222936.0,52947.3,15.78,10.52,1.0
688528,秦川物联,电器仪表,四川,20200701,688528.SH,20210510,13.14,13.44,13.01,13.15,13.22,-0.07,-0.5295,4868.14,6423.075,1.2201,1.2201,0.94,47.8621,53.4927,2.9241,7.3132,7.0657,,,16800.0,3990.0,3990.0,220920.0,52468.5,15.86,10.58,1.0
688528,秦川物联,电器仪表,四川,20200701,688528.SH,20210507,13.33,13.35,13.2,13.22,13.38,-0.16,-1.1958,3454.02,4584.954,0.8657,0.8657,0.62,48.1169,53.7774,2.9397,7.3521,7.1033,,,16800.0,3990.0,3990.0,222096.0,52747.8,16.06,10.7,1.0
688528,秦川物联,电器仪表,四川,20200701,688528.SH,20210506,13.29,13.39,13.29,13.38,13.34,0.04,0.2999,2045.82,2730.956,0.5127,0.5127,0.29,48.6993,54.4283,2.9753,7.4411,7.1893,,,16800.0,3990.0,3990.0,224784.0,53386.2,16.01,10.67,1.0
688528,秦川物联,电器仪表,四川,20200701,688528.SH,20210430,13.68,13.68,13.24,13.34,13.68,-0.34,-2.4854,7488.99,10009.166,1.8769,1.8769,1.06,48.5537,54.2656,2.9664,7.4188,7.1678,,,16800.0,3990.0,3990.0,224112.0,53226.6,16.42,10.94,1.0
688528,秦川物联,电器仪表,四川,20200701,688528.SH,20210429,13.97,13.98,13.68,13.68,13.91,-0.23,-1.6535,5410.5,7493.547,1.356,1.356,0.74,49.7912,55.6487,3.042,7.6079,7.3505,,,16800.0,3990.0,3990.0,229824.0,54583.2,16.69,11.13,1.0
688528,秦川物联,电器仪表,四川,20200701,688528.SH,20210428,13.88,14.2,13.86,13.91,14.57,-0.66,-4.5299,7564.44,10593.487,1.8958,1.8958,0.96,50.6283,56.5843,3.0931,7.7358,7.4741,,,16800.0,3990.0,3990.0,233688.0,55500.9,17.48,11.66,1.0
688528,秦川物联,电器仪表,四川,20200701,688528.SH,20210427,14.86,14.88,14.41,14.57,14.77,-0.2,-1.3541,5210.76,7571.185,1.306,1.306,0.44,55.3423,53.1166,3.2439,9.9933,8.1028,,,16800.0,3990.0,3990.0,244776.0,58134.3,17.72,11.82,1.0
688528,秦川物联,电器仪表,四川,20200701,688528.SH,20210426,14.33,14.99,14.17,14.77,14.27,0.5,3.5039,10151.35,14945.83,2.5442,2.5442,0.85,56.102,53.8457,3.2885,10.1305,8.214,,,16800.0,3990.0,3990.0,248136.0,58932.3,17.12,11.42,1.0
688528,秦川物联,电器仪表,四川,20200701,688528.SH,20210423,14.66,14.66,14.26,14.27,14.62,-0.35,-2.394,7052.82,10145.071,1.7676,1.7676,0.6,54.2028,52.0229,3.1771,9.7875,7.936,,,16800.0,3990.0,3990.0,239736.0,56937.3,17.54,11.7,1.0
688528,秦川物联,电器仪表,四川,20200701,688528.SH,20210422,14.85,15.05,14.61,14.62,14.81,-0.19,-1.2829,6792.39,10042.739,1.7024,1.7024,0.62,55.5322,53.2989,3.2551,10.0276,8.1306,,,16800.0,3990.0,3990.0,245616.0,58333.8,17.77,11.85,1.0
688528,秦川物联,电器仪表,四川,20200701,688528.SH,20210421,15.0,15.08,14.7,14.81,15.07,-0.26,-1.7253,10269.75,15264.134,2.5739,2.5739,1.08,56.2539,53.9915,3.2974,10.1579,8.2363,,,16800.0,3990.0,3990.0,248808.0,59091.9,18.08,12.06,1.0
688528,秦川物联,电器仪表,四川,20200701,688528.SH,20210420,14.71,16.39,14.71,15.07,14.84,0.23,1.5499,25450.87,39276.569,6.3787,6.3787,5.06,57.2415,54.9394,3.3552,10.3362,8.3809,,,16800.0,3990.0,3990.0,253176.0,60129.3,17.81,11.87,1.0
688528,秦川物联,电器仪表,四川,20200701,688528.SH,20210419,14.58,14.94,14.48,14.84,14.46,0.38,2.6279,10386.95,15291.163,2.6032,2.6032,2.51,56.3679,54.1009,3.304,10.1785,8.253,,,16800.0,3990.0,3990.0,249312.0,59211.6,17.35,11.57,1.0
688528,秦川物联,电器仪表,四川,20200701,688528.SH,20210416,14.05,14.56,14.05,14.46,14.05,0.41,2.9181,5844.99,8402.994,1.4649,1.4649,1.61,54.9245,52.7156,3.2194,9.9178,8.0416,,,16800.0,3990.0,3990.0,242928.0,57695.4,16.86,11.24,1.0
688528,秦川物联,电器仪表,四川,20200701,688528.SH,20210415,14.14,14.17,14.0,14.05,14.18,-0.13,-0.9168,3218.38,4522.488,0.8066,0.8066,0.77,53.3671,51.2209,3.1282,9.6366,7.8136,,,16800.0,3990.0,3990.0,236040.0,56059.5,17.02,11.34,1.0
688528,秦川物联,电器仪表,四川,20200701,688528.SH,20210414,14.07,14.2,13.97,14.18,14.13,0.05,0.3539,2456.31,3467.277,0.6156,0.6156,0.55,53.8609,51.6948,3.1571,9.7258,7.8859,,,16800.0,3990.0,3990.0,238224.0,56578.2,16.96,11.3,1.0
688528,秦川物联,电器仪表,四川,20200701,688528.SH,20210413,14.08,14.32,14.0,14.13,14.08,0.05,0.3551,3240.74,4579.41,0.8122,0.8122,0.68,53.671,51.5125,3.146,9.6915,7.8581,,,16800.0,3990.0,3990.0,237384.0,56378.7,16.9,11.26,1.0
688528,秦川物联,电器仪表,四川,20200701,688528.SH,20210412,14.38,14.38,14.07,14.08,14.43,-0.35,-2.4255,5900.51,8338.229,1.4788,1.4788,1.26,53.4811,51.3302,3.1348,9.6572,7.8303,,,16800.0,3990.0,3990.0,236544.0,56179.2,17.32,11.54,1.0
688528,秦川物联,电器仪表,四川,20200701,688528.SH,20210409,14.39,14.46,14.29,14.43,14.39,0.04,0.278,3384.1,4861.174,0.8481,0.8481,0.73,54.8105,52.6062,3.2128,9.8973,8.0249,,,16800.0,3990.0,3990.0,242424.0,57575.7,17.27,11.51,1.0
688528,秦川物联,电器仪表,四川,20200701,688528.SH,20210408,14.46,14.58,14.38,14.39,14.46,-0.07,-0.4841,5898.01,8547.565,1.4782,1.4782,1.48,54.6586,52.4604,3.2039,9.8698,8.0027,,,16800.0,3990.0,3990.0,241752.0,57416.1,17.35,11.57,1.0
688528,秦川物联,电器仪表,四川,20200701,688528.SH,20210407,14.37,14.49,14.31,14.46,14.37,0.09,0.6263,3940.97,5676.178,0.9877,0.9877,1.02,54.9245,52.7156,3.2194,9.9178,8.0416,,,16800.0,3990.0,3990.0,242928.0,57695.4,17.24,11.5,1.0
688528,秦川物联,电器仪表,四川,20200701,688528.SH,20210406,14.28,14.45,14.21,14.37,14.28,0.09,0.6303,4787.65,6867.139,1.1999,1.1999,1.16,54.5826,52.3875,3.1994,9.8561,7.9916,,,16800.0,3990.0,3990.0,241416.0,57336.3,17.14,11.42,1.0
688528,秦川物联,电器仪表,四川,20200701,688528.SH,20210402,14.11,14.31,14.04,14.28,14.08,0.2,1.4205,5348.56,7614.898,1.3405,1.3405,1.33,54.2408,52.0594,3.1794,9.7944,7.9415,,,16800.0,3990.0,3990.0,239904.0,56977.2,16.9,11.26,1.0
688528,秦川物联,电器仪表,四川,20200701,688528.SH,20210401,14.0,14.17,13.97,14.08,14.05,0.03,0.2135,3115.0,4385.707,0.7807,0.7807,0.68,53.4811,51.3302,3.1348,9.6572,7.8303,,,16800.0,3990.0,3990.0,236544.0,56179.2,16.86,11.24,1.0
688528,秦川物联,电器仪表,四川,20200701,688528.SH,20210331,14.0,14.12,13.98,14.05,13.96,0.09,0.6447,2750.74,3862.994,0.6894,0.6894,0.59,53.3671,51.2209,3.1282,9.6366,7.8136,,,16800.0,3990.0,3990.0,236040.0,56059.5,16.75,11.17,1.0
688528,秦川物联,电器仪表,四川,20200701,688528.SH,20210330,14.14,14.14,13.87,13.96,14.12,-0.16,-1.1331,3313.12,4627.355,0.8304,0.8304,0.7,53.0253,50.8928,3.1081,9.5749,7.7636,,,16800.0,3990.0,3990.0,234528.0,55700.4,16.94,11.3,1.0
688528,秦川物联,电器仪表,四川,20200701,688528.SH,20210329,13.9,14.38,13.9,14.12,13.98,0.14,1.0014,6195.85,8758.692,1.5528,1.5528,1.33,53.633,51.4761,3.1437,9.6846,7.8525,,,16800.0,3990.0,3990.0,237216.0,56338.8,16.78,11.18,1.0
688528,秦川物联,电器仪表,四川,20200701,688528.SH,20210326,13.98,14.06,13.86,13.98,13.95,0.03,0.2151,4722.82,6599.932,1.1837,1.1837,1.02,53.1013,50.9657,3.1126,9.5886,7.7747,,,16800.0,3990.0,3990.0,234864.0,55780.2,16.74,11.16,1.0
688528,秦川物联,电器仪表,四川,20200701,688528.SH,20210325,14.21,14.21,13.92,13.95,14.23,-0.28,-1.9677,5816.61,8157.267,1.4578,1.4578,1.43,52.9873,50.8563,3.1059,9.568,7.758,,,16800.0,3990.0,3990.0,234360.0,55660.5,17.08,11.38,1.0
688528,秦川物联,电器仪表,四川,20200701,688528.SH,20210324,14.41,14.57,14.2,14.23,14.42,-0.19,-1.3176,3237.49,4634.027,0.8114,0.8114,0.8,54.0509,51.8771,3.1682,9.7601,7.9137,,,16800.0,3990.0,3990.0,239064.0,56777.7,17.3,11.54,1.0
688528,秦川物联,电器仪表,四川,20200701,688528.SH,20210323,14.69,14.76,14.42,14.42,14.69,-0.27,-1.838,3860.32,5611.997,0.9675,0.9675,0.98,54.7725,52.5698,3.2105,9.8904,8.0194,,,16800.0,3990.0,3990.0,242256.0,57535.8,17.63,11.75,1.0
688528,秦川物联,电器仪表,四川,20200701,688528.SH,20210322,14.56,14.81,14.5,14.69,14.49,0.2,1.3803,5624.75,8250.226,1.4097,1.4097,1.64,55.7981,53.5541,3.2706,10.0756,8.1695,,,16800.0,3990.0,3990.0,246792.0,58613.1,17.39,11.59,1.0
688528,秦川物联,电器仪表,四川,20200701,688528.SH,20210319,14.18,14.5,14.17,14.49,14.21,0.28,1.9704,4564.7,6566.74,1.144,1.144,1.38,55.0384,52.8249,3.2261,9.9384,8.0583,,,16800.0,3990.0,3990.0,243432.0,57815.1,17.05,11.37,1.0
688528,秦川物联,电器仪表,四川,20200701,688528.SH,20210318,14.24,14.38,14.21,14.21,14.25,-0.04,-0.2807,3051.13,4357.403,0.7647,0.7647,0.91,53.9749,51.8042,3.1638,9.7464,7.9026,,,16800.0,3990.0,3990.0,238728.0,56697.9,17.1,11.4,1.0
688528,秦川物联,电器仪表,四川,20200701,688528.SH,20210317,14.13,14.35,14.06,14.25,14.07,0.18,1.2793,3038.67,4318.159,0.7616,0.7616,0.8,54.1268,51.95,3.1727,9.7738,7.9248,,,16800.0,3990.0,3990.0,239400.0,56857.5,16.88,11.26,1.0
688528,秦川物联,电器仪表,四川,20200701,688528.SH,20210316,13.93,14.17,13.86,14.07,13.92,0.15,1.0776,3504.03,4928.855,0.8782,0.8782,0.78,53.4431,51.2938,3.1326,9.6503,7.8247,,,16800.0,3990.0,3990.0,236376.0,56139.3,16.7,11.14,1.0
688528,秦川物联,电器仪表,四川,20200701,688528.SH,20210315,14.13,14.16,13.92,13.92,14.1,-0.18,-1.2766,2958.07,4149.918,0.7414,0.7414,0.55,52.8734,50.7469,3.0992,9.5475,7.7413,,,16800.0,3990.0,3990.0,233856.0,55540.8,16.92,11.28,1.0
688528,秦川物联,电器仪表,四川,20200701,688528.SH,20210312,14.27,14.28,14.04,14.1,14.26,-0.16,-1.122,4005.78,5662.905,1.004,1.004,0.69,53.5571,51.4032,3.1393,9.6709,7.8414,,,16800.0,3990.0,3990.0,236880.0,56259.0,17.11,11.41,1.0
688528,秦川物联,电器仪表,四川,20200701,688528.SH,20210311,14.13,14.32,13.99,14.26,14.2,0.06,0.4225,3347.72,4755.851,0.839,0.839,0.53,54.1648,51.9865,3.1749,9.7807,7.9304,,,16800.0,3990.0,3990.0,239568.0,56897.4,17.04,11.36,1.0
688528,秦川物联,电器仪表,四川,20200701,688528.SH,20210310,14.54,14.63,14.13,14.2,14.54,-0.34,-2.3384,5231.11,7474.82,1.3111,1.3111,0.8,53.9369,51.7677,3.1615,9.7395,7.897,,,16800.0,3990.0,3990.0,238560.0,56658.0,17.45,11.63,1.0
688528,秦川物联,电器仪表,四川,20200701,688528.SH,20210309,14.96,14.96,14.43,14.54,14.96,-0.42,-2.8075,7033.11,10321.942,1.7627,1.7627,1.02,55.2283,53.0072,3.2372,9.9727,8.0861,,,16800.0,3990.0,3990.0,244272.0,58014.6,17.95,11.97,1.0
688528,秦川物联,电器仪表,四川,20200701,688528.SH,20210308,15.21,15.4,14.96,14.96,15.13,-0.17,-1.1236,7193.77,10898.386,1.8029,1.8029,1.1,56.8237,54.5384,3.3308,10.2608,8.3197,,,16800.0,3990.0,3990.0,251328.0,59690.4,18.16,12.1,1.0
688528,秦川物联,电器仪表,四川,20200701,688528.SH,20210305,14.8,15.25,14.71,15.13,14.85,0.28,1.8855,6397.8,9652.992,1.6035,1.6035,1.03,57.4694,55.1581,3.3686,10.3774,8.4142,,,16800.0,3990.0,3990.0,254184.0,60368.7,17.82,11.88,1.0
688528,秦川物联,电器仪表,四川,20200701,688528.SH,20210304,14.84,15.09,14.79,14.85,14.86,-0.01,-0.0673,5925.32,8856.679,1.485,1.485,1.04,56.4058,54.1374,3.3063,10.1853,8.2585,,,16800.0,3990.0,3990.0,249480.0,59251.5,17.83,11.89,1.0
688528,秦川物联,电器仪表,四川,20200701,688528.SH,20210303,14.85,14.9,14.66,14.86,14.79,0.07,0.4733,6078.23,8998.35,1.5234,1.5234,1.14,56.4438,54.1738,3.3085,10.1922,8.2641,,,16800.0,3990.0,3990.0,249648.0,59291.4,17.75,11.83,1.0
688528,秦川物联,电器仪表,四川,20200701,688528.SH,20210302,15.18,15.28,14.79,14.79,15.17,-0.38,-2.5049,9003.95,13480.505,2.2566,2.2566,2.06,56.1779,53.9186,3.2929,10.1442,8.2252,,,16800.0,3990.0,3990.0,248472.0,59012.1,18.2,12.14,1.0
688528,秦川物联,电器仪表,四川,20200701,688528.SH,20210301,14.78,15.23,14.78,15.17,14.87,0.3,2.0175,5310.83,8021.474,1.331,1.331,1.04,57.6213,55.304,3.3775,10.4048,8.4365,,,16800.0,3990.0,3990.0,254856.0,60528.3,17.84,11.9,1.0
688528,秦川物联,电器仪表,四川,20200701,688528.SH,20210226,14.61,14.98,14.55,14.87,14.67,0.2,1.3633,4721.78,7026.408,1.1834,1.1834,0.88,56.4818,54.2103,3.3107,10.199,8.2696,,,16800.0,3990.0,3990.0,249816.0,59331.3,17.6,11.74,1.0
688528,秦川物联,电器仪表,四川,20200701,688528.SH,20210225,14.71,14.95,14.61,14.67,14.75,-0.08,-0.5424,3470.4,5113.682,0.8698,0.8698,0.56,55.7221,53.4812,3.2662,10.0619,8.1584,,,16800.0,3990.0,3990.0,246456.0,58533.3,17.7,11.8,1.0
688528,秦川物联,电器仪表,四川,20200701,688528.SH,20210224,14.79,15.08,14.67,14.75,14.72,0.03,0.2038,4164.55,6188.06,1.0437,1.0437,0.66,56.026,53.7728,3.284,10.1167,8.2029,,,16800.0,3990.0,3990.0,247800.0,58852.5,17.66,11.78,1.0
688528,秦川物联,电器仪表,四川,20200701,688528.SH,20210223,14.92,14.92,14.59,14.72,14.92,-0.2,-1.3405,4174.39,6133.25,1.0462,1.0462,0.64,55.9121,53.6634,3.2773,10.0962,8.1862,,,16800.0,3990.0,3990.0,247296.0,58732.8,17.9,11.94,1.0
688528,秦川物联,电器仪表,四川,20200701,688528.SH,20210222,14.81,15.15,14.75,14.92,14.75,0.17,1.1525,8891.57,13353.449,2.2285,2.2285,1.6,56.6717,47.5913,3.3748,10.2333,8.4109,,,16800.0,3990.0,3990.0,250656.0,59530.8,17.7,11.8,1.0
688528,秦川物联,电器仪表,四川,20200701,688528.SH,20210219,14.43,14.78,14.22,14.75,14.43,0.32,2.2176,6222.98,9100.385,1.5596,1.5596,1.25,56.026,47.0491,3.3364,10.1167,8.315,,,16800.0,3990.0,3990.0,247800.0,58852.5,17.32,11.54,1.0
688528,秦川物联,电器仪表,四川,20200701,688528.SH,20210218,14.37,14.64,14.37,14.43,14.35,0.08,0.5575,7349.86,10633.364,1.8421,1.8421,1.58,54.8105,46.0284,3.264,9.8973,8.1347,,,16800.0,3990.0,3990.0,242424.0,57575.7,17.22,11.48,1.0
688528,秦川物联,电器仪表,四川,20200701,688528.SH,20210210,14.08,14.5,13.9,14.35,14.13,0.22,1.557,4739.47,6678.507,1.1878,1.1878,0.99,54.5067,45.7732,3.2459,9.8424,8.0896,,,16800.0,3990.0,3990.0,241080.0,57256.5,16.96,11.3,1.0
688528,秦川物联,电器仪表,四川,20200701,688528.SH,20210209,13.63,14.17,13.51,14.13,13.63,0.5,3.6684,5542.43,7649.552,1.3891,1.3891,1.26,53.671,45.0714,3.1961,9.6915,7.9655,,,16800.0,3990.0,3990.0,237384.0,56378.7,16.36,10.9,1.0
688528,秦川物联,电器仪表,四川,20200701,688528.SH,20210208,13.79,13.87,13.4,13.63,13.79,-0.16,-1.1603,3999.48,5416.392,1.0024,1.0024,0.9,51.7718,43.4765,3.083,9.3486,7.6837,,,16800.0,3990.0,3990.0,228984.0,54383.7,16.55,11.03,1.0
688528,秦川物联,电器仪表,四川,20200701,688528.SH,20210205,13.66,13.9,13.62,13.79,13.7,0.09,0.6569,3202.67,4413.349,0.8027,0.8027,0.65,52.3796,43.9869,3.1192,9.4583,7.7739,,,16800.0,3990.0,3990.0,231672.0,55022.1,16.44,10.96,1.0
688528,秦川物联,电器仪表,四川,20200701,688528.SH,20210204,14.21,14.26,13.51,13.7,14.2,-0.5,-3.5211,5730.44,7913.888,1.4362,1.4362,1.09,52.0377,43.6998,3.0989,9.3966,7.7231,,,16800.0,3990.0,3990.0,230160.0,54663.0,17.04,11.36,1.0
688528,秦川物联,电器仪表,四川,20200701,688528.SH,20210203,14.7,14.8,14.16,14.2,14.64,-0.44,-3.0055,5352.25,7671.369,1.3414,1.3414,1.03,53.9369,45.2947,3.212,9.7395,8.005,,,16800.0,3990.0,3990.0,238560.0,56658.0,17.57,11.71,1.0
688528,秦川物联,电器仪表,四川,20200701,688528.SH,20210202,14.49,14.84,14.49,14.64,14.63,0.01,0.0684,3646.8,5354.539,0.914,0.914,0.69,55.6082,46.6982,3.3115,10.0413,8.253,,,16800.0,3990.0,3990.0,245952.0,58413.6,17.56,11.7,1.0
688528,秦川物联,电器仪表,四川,20200701,688528.SH,20210201,14.31,14.65,14.23,14.63,14.23,0.4,2.811,4387.92,6343.501,1.0997,1.0997,0.82,55.5702,46.6663,3.3092,10.0344,8.2474,,,16800.0,3990.0,3990.0,245784.0,58373.7,17.08,11.38,1.0
688528,秦川物联,电器仪表,四川,20200701,688528.SH,20210129,14.71,14.77,14.22,14.23,14.79,-0.56,-3.7863,5678.85,8183.934,1.4233,1.4233,1.09,54.0509,45.3904,3.2188,9.7601,8.0219,,,16800.0,3990.0,3990.0,239064.0,56777.7,17.75,11.83,1.0
688528,秦川物联,电器仪表,四川,20200701,688528.SH,20210128,14.36,15.1,14.3,14.79,14.5,0.29,2.0,7234.44,10752.212,1.8131,1.8131,1.57,56.1779,47.1767,3.3454,10.1442,8.3376,,,16800.0,3990.0,3990.0,248472.0,59012.1,17.4,11.6,1.0
688528,秦川物联,电器仪表,四川,20200701,688528.SH,20210127,14.76,14.76,14.41,14.5,14.85,-0.35,-2.3569,4946.1,7191.087,1.2396,1.2396,1.12,55.0764,46.2516,3.2798,9.9453,8.1741,,,16800.0,3990.0,3990.0,243600.0,57855.0,17.82,11.88,1.0
688528,秦川物联,电器仪表,四川,20200701,688528.SH,20210126,14.64,15.06,14.64,14.85,14.69,0.16,1.0892,4120.4,6133.313,1.0327,1.0327,0.86,56.4058,47.3681,3.359,10.1853,8.3714,,,16800.0,3990.0,3990.0,249480.0,59251.5,17.63,11.75,1.0
688528,秦川物联,电器仪表,四川,20200701,688528.SH,20210125,14.96,14.96,14.52,14.69,14.96,-0.27,-1.8048,4919.38,7209.945,1.2329,1.2329,0.98,55.7981,46.8577,3.3228,10.0756,8.2812,,,16800.0,3990.0,3990.0,246792.0,58613.1,17.95,11.97,1.0
688528,秦川物联,电器仪表,四川,20200701,688528.SH,20210122,15.26,15.26,14.85,14.96,15.26,-0.3,-1.9659,4928.88,7378.836,1.2353,1.2353,0.9,56.8237,47.7189,3.3839,10.2608,8.4334,,,16800.0,3990.0,3990.0,251328.0,59690.4,18.31,12.21,1.0
688528,秦川物联,电器仪表,四川,20200701,688528.SH,20210121,15.25,15.38,15.15,15.26,15.32,-0.06,-0.3916,4192.96,6393.736,1.0509,1.0509,0.72,57.9632,48.6759,3.4517,10.4665,8.6026,,,16800.0,3990.0,3990.0,256368.0,60887.4,18.38,12.26,1.0
688528,秦川物联,电器仪表,四川,20200701,688528.SH,20210120,15.38,15.53,15.21,15.32,15.45,-0.13,-0.8414,3836.96,5866.124,0.9616,0.9616,0.61,58.1911,48.8672,3.4653,10.5077,8.6364,,,16800.0,3990.0,3990.0,257376.0,61126.8,18.54,12.36,1.0
688528,秦川物联,电器仪表,四川,20200701,688528.SH,20210119,15.17,15.66,15.17,15.45,15.22,0.23,1.5112,6109.53,9433.861,1.5312,1.5312,1.08,58.6849,49.2819,3.4947,10.5969,8.7097,,,16800.0,3990.0,3990.0,259560.0,61645.5,18.26,12.18,1.0
688528,秦川物联,电器仪表,四川,20200701,688528.SH,20210118,15.28,15.49,15.13,15.22,15.27,-0.05,-0.3274,5941.84,9103.171,1.4892,1.4892,1.01,57.8112,48.5483,3.4427,10.4391,8.58,,,16800.0,3990.0,3990.0,255696.0,60727.8,18.32,12.22,1.0
688528,秦川物联,电器仪表,四川,20200701,688528.SH,20210115,14.82,15.34,14.8,15.27,14.84,0.43,2.8976,7248.67,11017.462,1.8167,1.8167,1.3,58.0012,48.7078,3.454,10.4734,8.6082,,,16800.0,3990.0,3990.0,256536.0,60927.3,17.81,11.87,1.0
688528,秦川物联,电器仪表,四川,20200701,688528.SH,20210114,14.5,15.12,14.49,14.84,14.55,0.29,1.9931,5943.52,8827.994,1.4896,1.4896,0.85,56.3679,47.3362,3.3567,10.1785,8.3658,,,16800.0,3990.0,3990.0,249312.0,59211.6,17.46,11.64,1.0
688528,秦川物联,电器仪表,四川,20200701,688528.SH,20210113,14.98,14.98,14.48,14.55,14.98,-0.43,-2.8705,6092.99,8925.705,1.5271,1.5271,0.84,55.2663,46.4111,3.2911,9.9796,8.2023,,,16800.0,3990.0,3990.0,244440.0,58054.5,17.98,11.98,1.0
688528,秦川物联,电器仪表,四川,20200701,688528.SH,20210112,14.88,15.05,14.75,14.98,14.84,0.14,0.9434,3107.79,4641.523,0.7789,0.7789,0.37,56.8996,47.7827,3.3884,10.2745,8.4447,,,16800.0,3990.0,3990.0,251664.0,59770.2,17.81,11.87,1.0
688528,秦川物联,电器仪表,四川,20200701,688528.SH,20210111,15.07,15.27,14.6,14.84,15.06,-0.22,-1.4608,7011.82,10408.037,1.7573,1.7573,0.63,56.3679,47.3362,3.3567,10.1785,8.3658,,,16800.0,3990.0,3990.0,249312.0,59211.6,18.07,12.05,1.0
688528,秦川物联,电器仪表,四川,20200701,688528.SH,20210108,15.4,15.4,14.63,15.06,15.3,-0.24,-1.5686,5814.24,8765.192,1.4572,1.4572,0.53,57.2035,48.0379,3.4065,10.3294,8.4898,,,16800.0,3990.0,3990.0,253008.0,60089.4,18.36,12.24,1.0
688528,秦川物联,电器仪表,四川,20200701,688528.SH,20210107,16.28,16.28,15.1,15.3,16.26,-0.96,-5.9041,12881.35,20078.992,3.2284,3.2284,1.45,58.1151,48.8035,3.4608,10.494,8.6251,,,16800.0,3990.0,3990.0,257040.0,61047.0,19.51,13.01,1.0
688528,秦川物联,电器仪表,四川,20200701,688528.SH,20210106,16.68,16.82,16.12,16.26,16.68,-0.42,-2.518,7590.33,12447.858,1.9023,1.9023,0.96,61.7615,51.8656,3.6779,11.1524,9.1663,,,16800.0,3990.0,3990.0,273168.0,64877.4,20.02,13.34,1.0
688528,秦川物联,电器仪表,四川,20200701,688528.SH,20210105,16.95,16.98,16.53,16.68,17.04,-0.36,-2.1127,9016.9,15091.568,2.2599,2.2599,1.35,63.3569,53.2053,3.7729,11.4405,9.4031,,,16800.0,3990.0,3990.0,280224.0,66553.2,20.45,13.63,1.0
688528,秦川物联,电器仪表,四川,20200701,688528.SH,20210104,16.47,17.44,15.84,17.04,16.34,0.7,4.284,20135.61,33210.619,5.0465,5.0465,5.81,64.7243,54.3537,3.8544,11.6874,9.606,,,16800.0,3990.0,3990.0,286272.0,67989.6,19.61,13.07,1.0
688528,秦川物联,电器仪表,四川,20200701,688528.SH,20201231,16.36,16.47,16.24,16.34,16.26,0.08,0.492,4841.06,7928.86,1.2727,1.2727,1.14,62.0654,52.1208,3.696,11.2073,9.2114,,,16800.0,3803.6436,3803.6436,274512.0,62151.5364,19.51,13.01,1.0
688528,秦川物联,电器仪表,四川,20200701,688528.SH,20201230,16.28,16.42,16.25,16.26,16.25,0.01,0.0615,2785.99,4546.324,0.7325,0.7325,0.62,61.7615,51.8656,3.6779,11.1524,9.1663,,,16800.0,3803.6436,3803.6436,273168.0,61847.2449,19.5,13.0,1.0
688528,秦川物联,电器仪表,四川,20200701,688528.SH,20201229,16.1,16.29,16.07,16.25,16.1,0.15,0.9317,2804.72,4549.69,0.7374,0.7374,0.55,61.7236,51.8337,3.6757,11.1456,9.1606,,,16800.0,3803.6436,3803.6436,273000.0,61809.2085,19.32,12.88,1.0
688528,秦川物联,电器仪表,四川,20200701,688528.SH,20201228,16.42,16.42,16.0,16.1,16.24,-0.14,-0.8621,2716.63,4368.47,0.7142,0.7142,0.5,61.1538,51.3553,3.6418,11.0427,9.0761,,,16800.0,3803.6436,3803.6436,270480.0,61238.662,19.49,12.99,1.0
688528,秦川物联,电器仪表,四川,20200701,688528.SH,20201225,16.09,16.41,15.81,16.24,16.18,0.06,0.3708,4173.32,6737.921,1.0972,1.0972,0.76,61.6856,51.8018,3.6734,11.1387,9.155,,,16800.0,3803.6436,3803.6436,272832.0,61771.1721,19.42,12.94,1.0
688528,秦川物联,电器仪表,四川,20200701,688528.SH,20201224,16.87,16.87,16.17,16.18,16.9,-0.72,-4.2604,8707.56,14251.372,2.2893,2.2893,1.75,61.4577,51.6105,3.6598,11.0976,9.1212,,,16800.0,3803.6436,3803.6436,271824.0,61542.9534,20.28,13.52,1.0
688528,秦川物联,电器仪表,四川,20200701,688528.SH,20201223,16.91,17.09,16.82,16.9,17.03,-0.13,-0.7634,3903.89,6600.242,1.0264,1.0264,0.69,64.1925,53.9071,3.8227,11.5914,9.5271,,,16800.0,3803.6436,3803.6436,283920.0,64281.5768,20.44,13.62,1.0
688528,秦川物联,电器仪表,四川,20200701,688528.SH,20201222,17.35,17.45,16.95,17.03,17.43,-0.4,-2.2949,6175.09,10562.108,1.6235,1.6235,1.2,64.6863,54.3218,3.8521,11.6806,9.6004,,,16800.0,3803.6436,3803.6436,286104.0,64776.0505,20.92,13.94,1.0
688528,秦川物联,电器仪表,四川,20200701,688528.SH,20201221,17.33,17.49,17.14,17.43,17.24,0.19,1.1021,4275.78,7428.37,1.1241,1.1241,0.9,66.2056,55.5977,3.9426,11.9549,9.8258,,,16800.0,3803.6436,3803.6436,292824.0,66297.5079,20.69,13.79,1.0
688528,秦川物联,电器仪表,四川,20200701,688528.SH,20201218,17.59,17.63,17.18,17.24,17.59,-0.35,-1.9898,4297.75,7464.297,1.1299,1.1299,0.71,65.484,54.9916,3.8996,11.8246,9.7187,,,16800.0,3803.6436,3803.6436,289632.0,65574.8157,21.11,14.07,1.0
688528,秦川物联,电器仪表,四川,20200701,688528.SH,20201217,17.69,17.73,17.01,17.59,17.73,-0.14,-0.7896,6294.14,10968.26,1.6548,1.6548,1.15,66.8134,56.108,3.9788,12.0646,9.916,,,16800.0,3803.6436,3803.6436,295512.0,66906.0909,21.28,14.18,1.0
688528,秦川物联,电器仪表,四川,20200701,688528.SH,20201216,18.35,18.35,17.66,17.73,18.31,-0.58,-3.1677,7142.88,12793.249,1.8779,1.8779,1.27,67.3452,56.5546,4.0105,12.1607,9.995,,,16800.0,3803.6436,3803.6436,297864.0,67438.601,21.97,14.65,1.0
688528,秦川物联,电器仪表,四川,20200701,688528.SH,20201215,18.2,18.38,18.17,18.31,18.41,-0.1,-0.5432,3770.81,6884.81,0.9914,0.9914,0.67,69.5482,58.4047,4.1416,12.5585,10.3219,,,16800.0,3803.6436,3803.6436,307608.0,69644.7143,22.09,14.73,1.0
688528,秦川物联,电器仪表,四川,20200701,688528.SH,20201214,18.3,18.46,18.1,18.41,18.36,0.05,0.2723,2360.83,4324.547,0.6207,0.6207,0.38,69.9281,58.7236,4.1643,12.6271,10.3783,,,16800.0,3803.6436,3803.6436,309288.0,70025.0787,22.03,14.69,1.0
688528,秦川物联,电器仪表,四川,20200701,688528.SH,20201211,19.28,19.28,18.17,18.36,19.11,-0.75,-3.9246,10907.66,20206.273,2.8677,2.8677,2.3,69.7381,58.5641,4.153,12.5928,10.3501,,,16800.0,3803.6436,3803.6436,308448.0,69834.8965,22.93,15.29,1.0
688528,秦川物联,电器仪表,四川,20200701,688528.SH,20201210,19.22,19.37,19.04,19.11,19.14,-0.03,-0.1567,3236.76,6197.37,0.851,0.851,0.65,72.5869,60.9565,4.3226,13.1072,10.7729,,,16800.0,3803.6436,3803.6436,321048.0,72687.6292,22.97,15.31,1.0
688528,秦川物联,电器仪表,四川,20200701,688528.SH,20201209,19.58,19.7,19.08,19.14,19.53,-0.39,-1.9969,7885.37,15180.214,2.0731,2.0731,1.82,72.7009,61.0522,4.3294,13.1278,10.7898,,,16800.0,3803.6436,3803.6436,321552.0,72801.7385,23.44,15.62,1.0
688528,秦川物联,电器仪表,四川,20200701,688528.SH,20201208,19.88,19.97,19.53,19.53,19.81,-0.28,-1.4134,3925.03,7720.484,1.0319,1.0319,0.84,74.1822,62.2962,4.4176,13.3953,11.0097,,,16800.0,3803.6436,3803.6436,328104.0,74285.1595,23.77,15.85,1.0
688528,秦川物联,电器仪表,四川,20200701,688528.SH,20201207,20.14,20.2,19.71,19.81,20.14,-0.33,-1.6385,5018.17,9998.993,1.3193,1.3193,1.17,75.2458,63.1893,4.4809,13.5873,11.1675,,,16800.0,3803.6436,3803.6436,332808.0,75350.1797,24.17,16.11,1.0
688528,秦川物联,电器仪表,四川,20200701,688528.SH,20201204,20.16,20.24,20.0,20.14,20.23,-0.09,-0.4449,3632.33,7306.893,0.955,0.955,0.81,76.4992,64.2419,4.5556,13.8136,11.3536,,,16800.0,3803.6436,3803.6436,338352.0,76605.3821,24.28,16.18,1.0
688528,秦川物联,电器仪表,四川,20200701,688528.SH,20201203,20.28,20.33,20.17,20.23,20.3,-0.07,-0.3448,4251.26,8598.092,1.1177,1.1177,0.91,76.8411,64.529,4.5759,13.8754,11.4043,,,16800.0,3803.6436,3803.6436,339864.0,76947.71,24.36,16.24,1.0
688528,秦川物联,电器仪表,四川,20200701,688528.SH,20201202,20.41,20.41,20.15,20.3,20.3,0.0,0.0,4807.87,9751.34,1.264,1.264,1.05,77.107,64.7523,4.5918,13.9234,11.4438,,,16800.0,3803.6436,3803.6436,341040.0,77213.9651,24.36,16.24,1.0
688528,秦川物联,电器仪表,四川,20200701,688528.SH,20201201,19.98,20.47,19.98,20.3,19.98,0.32,1.6016,5792.69,11730.712,1.5229,1.5229,1.39,77.107,64.7523,4.5918,13.9234,11.4438,,,16800.0,3803.6436,3803.6436,341040.0,77213.9651,23.98,15.98,1.0
688528,秦川物联,电器仪表,四川,20200701,688528.SH,20201130,19.99,20.27,19.88,19.98,19.93,0.05,0.2509,3001.72,6026.685,0.7892,0.7892,0.64,75.8915,63.7316,4.5194,13.7039,11.2634,,,16800.0,3803.6436,3803.6436,335664.0,75996.7991,23.92,15.94,1.0
688528,秦川物联,电器仪表,四川,20200701,688528.SH,20201127,20.08,20.23,19.9,19.93,20.07,-0.14,-0.6976,4474.64,8942.13,1.1764,1.1764,1.02,75.7016,63.5721,4.5081,13.6696,11.2352,,,16800.0,3803.6436,3803.6436,334824.0,75806.6169,24.08,16.06,1.0
688528,秦川物联,电器仪表,四川,20200701,688528.SH,20201126,20.28,20.3,20.02,20.07,20.35,-0.28,-1.3759,5360.52,10784.174,1.4093,1.4093,1.24,76.2334,64.0186,4.5397,13.7656,11.3141,,,16800.0,3803.6436,3803.6436,337176.0,76339.1271,24.42,16.28,1.0
688528,秦川物联,电器仪表,四川,20200701,688528.SH,20201125,20.8,20.8,20.26,20.35,20.35,0.0,0.0,4182.23,8544.83,1.0995,1.0995,0.99,77.2969,64.9118,4.6031,13.9577,11.4719,,,16800.0,3803.6436,3803.6436,341880.0,77404.1473,24.42,16.28,1.0
688528,秦川物联,电器仪表,四川,20200701,688528.SH,20201124,20.48,20.59,20.35,20.35,20.46,-0.11,-0.5376,3769.38,7704.575,0.991,0.991,0.91,77.2969,64.9118,4.6031,13.9577,11.4719,,,16800.0,3803.6436,3803.6436,341880.0,77404.1473,24.55,16.37,1.0
688528,秦川物联,电器仪表,四川,20200701,688528.SH,20201123,20.68,20.7,20.45,20.46,20.68,-0.22,-1.0638,5537.21,11377.166,1.4558,1.4558,1.58,77.7147,65.2627,4.628,14.0331,11.534,,,16800.0,3803.6436,3803.6436,343728.0,77822.5481,24.82,16.54,1.0
688528,秦川物联,电器仪表,四川,20200701,688528.SH,20201120,20.58,20.75,20.58,20.68,20.7,-0.02,-0.0966,3192.93,6605.056,0.8394,0.8394,0.89,78.5504,65.9644,4.6777,14.184,11.658,,,16800.0,3803.6436,3803.6436,347424.0,78659.3496,24.84,16.56,1.0
688528,秦川物联,电器仪表,四川,20200701,688528.SH,20201119,20.56,20.82,20.4,20.7,20.49,0.21,1.0249,4916.06,10142.631,1.2925,1.2925,1.42,78.6263,66.0282,4.6823,14.1977,11.6693,,,16800.0,3803.6436,3803.6436,347760.0,78735.4225,24.59,16.39,1.0
688528,秦川物联,电器仪表,四川,20200701,688528.SH,20201118,20.46,20.55,20.31,20.49,20.47,0.02,0.0977,3784.02,7734.973,0.9948,0.9948,1.09,77.8287,65.3584,4.6348,14.0537,11.5509,,,16800.0,3803.6436,3803.6436,344232.0,77936.6574,24.56,16.38,1.0
688528,秦川物联,电器仪表,四川,20200701,688528.SH,20201117,20.5,20.61,20.3,20.47,20.55,-0.08,-0.3893,3262.33,6668.289,0.8577,0.8577,0.85,77.7527,65.2946,4.6302,14.04,11.5396,,,16800.0,3803.6436,3803.6436,343896.0,77860.5845,24.66,16.44,1.0
688528,秦川物联,电器仪表,四川,20200701,688528.SH,20201116,20.55,20.65,20.4,20.55,20.5,0.05,0.2439,2363.32,4857.36,0.6213,0.6213,0.46,78.0566,65.5497,4.6483,14.0949,11.5847,,,16800.0,3803.6436,3803.6436,345240.0,78164.876,24.6,16.4,1.0
688528,秦川物联,电器仪表,四川,20200701,688528.SH,20201113,20.44,20.52,20.25,20.5,20.44,0.06,0.2935,3709.93,7580.26,0.9754,0.9754,0.68,77.8667,65.3902,4.637,14.0606,11.5565,,,16800.0,3803.6436,3803.6436,344400.0,77974.6938,24.53,16.35,1.0
688528,秦川物联,电器仪表,四川,20200701,688528.SH,20201112,20.66,20.78,20.41,20.44,20.7,-0.26,-1.256,4169.69,8587.09,1.0962,1.0962,0.74,77.6388,65.1989,4.6234,14.0194,11.5227,,,16800.0,3803.6436,3803.6436,343392.0,77746.4752,24.84,16.56,1.0
688528,秦川物联,电器仪表,四川,20200701,688528.SH,20201111,20.91,20.91,20.61,20.7,20.73,-0.03,-0.1447,3854.63,7973.754,1.0134,1.0134,0.68,78.6263,66.0282,4.6823,14.1977,11.6693,,,16800.0,3803.6436,3803.6436,347760.0,78735.4225,24.88,16.58,1.0
688528,秦川物联,电器仪表,四川,20200701,688528.SH,20201110,20.86,20.98,20.65,20.73,20.86,-0.13,-0.6232,5190.85,10796.04,1.3647,1.3647,0.89,78.7403,66.1239,4.689,14.2183,11.6862,,,16800.0,3803.6436,3803.6436,348264.0,78849.5318,25.03,16.69,1.0
688528,秦川物联,电器仪表,四川,20200701,688528.SH,20201109,20.17,20.86,20.16,20.86,20.29,0.57,2.8093,8767.9,18132.719,2.3051,2.3051,1.6,79.2341,66.5386,4.7184,14.3075,11.7595,,,16800.0,3803.6436,3803.6436,350448.0,79344.0055,24.35,16.23,1.0
688528,秦川物联,电器仪表,四川,20200701,688528.SH,20201106,20.53,20.54,20.11,20.29,20.53,-0.24,-1.169,5149.49,10438.048,1.3538,1.3538,0.87,77.069,64.7204,4.5895,13.9165,11.4381,,,16800.0,3803.6436,3803.6436,340872.0,77175.9286,24.64,16.42,1.0
688528,秦川物联,电器仪表,四川,20200701,688528.SH,20201105,20.81,20.81,20.38,20.53,20.28,0.25,1.2327,5246.99,10752.95,1.3795,1.3795,0.88,77.9806,65.4859,4.6438,14.0811,11.5734,,,16800.0,3803.6436,3803.6436,344904.0,78088.8031,24.34,16.22,1.0
688528,秦川物联,电器仪表,四川,20200701,688528.SH,20201104,20.48,20.59,20.13,20.28,20.34,-0.06,-0.295,4063.32,8255.64,1.0683,1.0683,0.7,77.031,64.6885,4.5873,13.9097,11.4325,,,16800.0,3803.6436,3803.6436,340704.0,77137.8922,24.41,16.27,1.0
688528,秦川物联,电器仪表,四川,20200701,688528.SH,20201103,20.2,20.41,19.91,20.34,19.76,0.58,2.9352,5872.4,11910.0,1.5439,1.5439,1.12,77.2589,64.8799,4.6008,13.9508,11.4663,,,16800.0,3803.6436,3803.6436,341712.0,77366.1108,23.71,15.81,1.0
688528,秦川物联,电器仪表,四川,20200701,688528.SH,20201102,20.25,20.25,19.52,19.76,20.32,-0.56,-2.7559,7043.64,14006.22,1.8518,1.8518,1.61,75.0559,63.0298,4.4696,13.553,11.1393,,,16800.0,3803.6436,3803.6436,331968.0,75159.9975,24.38,16.26,1.0
688528,秦川物联,电器仪表,四川,20200701,688528.SH,20201030,20.76,21.06,20.26,20.32,20.96,-0.64,-3.0534,7339.35,15137.127,1.9296,1.9296,1.77,77.1829,64.8161,4.5963,13.9371,11.455,,,16800.0,3803.6436,3803.6436,341376.0,77290.038,25.15,16.77,1.0
688528,秦川物联,电器仪表,四川,20200701,688528.SH,20201029,21.01,21.18,20.75,20.96,21.13,-0.17,-0.8045,5462.53,11451.77,1.4361,1.4361,1.39,79.6139,64.1109,4.7855,14.3761,12.6326,,,16800.0,3803.6436,3803.6436,352128.0,79724.3699,25.36,16.9,1.0
688528,秦川物联,电器仪表,四川,20200701,688528.SH,20201028,21.28,21.4,20.92,21.13,21.3,-0.17,-0.7981,3512.85,7428.688,0.9235,0.9235,0.81,80.2596,64.6309,4.8243,14.4927,12.7351,,,16800.0,3803.6436,3803.6436,354984.0,80370.9893,25.56,17.04,1.0
688528,秦川物联,电器仪表,四川,20200701,688528.SH,20201027,21.05,21.38,21.05,21.3,21.24,0.06,0.2825,2865.71,6085.589,0.7534,0.7534,0.48,80.9054,65.1509,4.8631,14.6093,12.8375,,,16800.0,3803.6436,3803.6436,357840.0,81017.6087,25.49,16.99,1.0
688528,秦川物联,电器仪表,四川,20200701,688528.SH,20201026,21.28,21.34,21.06,21.24,21.27,-0.03,-0.141,2749.05,5828.99,0.7227,0.7227,0.45,80.6774,64.9674,4.8494,14.5681,12.8014,,,16800.0,3803.6436,3803.6436,356832.0,80789.3901,25.52,17.02,1.0
688528,秦川物联,电器仪表,四川,20200701,688528.SH,20201023,21.7,21.88,21.1,21.27,21.74,-0.47,-2.1619,6146.18,13181.888,1.6159,1.6159,1.07,80.7914,65.0592,4.8563,14.5887,12.8194,,,16800.0,3803.6436,3803.6436,357336.0,80903.4994,26.09,17.39,1.0
688528,秦川物联,电器仪表,四川,20200701,688528.SH,20201022,21.81,22.06,21.72,21.74,22.04,-0.3,-1.3612,4312.8,9418.049,1.1339,1.1339,0.75,82.5766,66.4968,4.9636,14.9111,13.1027,,,16800.0,3803.6436,3803.6436,365232.0,82691.2119,26.45,17.63,1.0
688528,秦川物联,电器仪表,四川,20200701,688528.SH,20201021,22.44,22.45,21.92,22.04,22.33,-0.29,-1.2987,5533.93,12198.186,1.4549,1.4549,0.97,83.7161,67.4144,5.0321,15.1168,13.2835,,,16800.0,3803.6436,3803.6436,370272.0,83832.3049,26.8,17.86,1.0
688528,秦川物联,电器仪表,四川,20200701,688528.SH,20201020,21.72,22.95,21.7,22.33,21.72,0.61,2.8085,11134.03,24855.002,2.9272,2.9272,2.24,84.8177,68.3014,5.0983,15.3157,13.4583,,,16800.0,3803.6436,3803.6436,375144.0,84935.3616,26.06,17.38,1.0
688528,秦川物联,电器仪表,四川,20200701,688528.SH,20201019,21.72,21.99,21.65,21.72,21.72,0.0,0.0,3197.35,6968.385,0.8406,0.8406,0.53,82.5007,66.4356,4.959,14.8973,13.0907,,,16800.0,3803.6436,3803.6436,364896.0,82615.139,26.06,17.38,1.0
688528,秦川物联,电器仪表,四川,20200701,688528.SH,20201016,21.7,21.99,21.57,21.72,21.63,0.09,0.4161,4583.35,9968.562,1.205,1.205,0.7,82.5007,66.4356,4.959,14.8973,13.0907,,,16800.0,3803.6436,3803.6436,364896.0,82615.139,25.96,17.3,1.0
688528,秦川物联,电器仪表,四川,20200701,688528.SH,20201015,21.98,22.1,21.6,21.63,21.85,-0.22,-1.0069,4167.11,9085.369,1.0956,1.0956,0.63,82.1588,66.1603,4.9385,14.8356,13.0364,,,16800.0,3803.6436,3803.6436,363384.0,82272.8111,26.22,17.48,1.0
688528,秦川物联,电器仪表,四川,20200701,688528.SH,20201014,22.22,22.28,21.84,21.85,22.21,-0.36,-1.6209,5452.95,12001.243,1.4336,1.4336,0.86,82.9945,66.8332,4.9887,14.9865,13.169,,,16800.0,3803.6436,3803.6436,367080.0,83109.6127,26.65,17.77,1.0
688528,秦川物联,电器仪表,四川,20200701,688528.SH,20201013,22.21,22.46,22.0,22.21,22.2,0.01,0.045,7451.36,16532.875,1.959,1.959,1.27,84.3619,67.9344,5.0709,15.2334,13.386,,,16800.0,3803.6436,3803.6436,373128.0,84478.9244,26.64,17.76,1.0
688528,秦川物联,电器仪表,四川,20200701,688528.SH,20201012,21.79,22.38,21.79,22.2,21.66,0.54,2.4931,8336.63,18450.072,2.1917,2.1917,1.59,84.3239,67.9038,5.0686,15.2266,13.38,,,16800.0,3803.6436,3803.6436,372960.0,84440.8879,25.99,17.33,1.0
688528,秦川物联,电器仪表,四川,20200701,688528.SH,20201009,21.15,21.76,21.15,21.66,21.01,0.65,3.0938,7160.23,15459.302,1.8825,1.8825,1.23,82.2728,66.2521,4.9453,14.8562,13.0545,,,16800.0,3803.6436,3803.6436,363888.0,82386.9204,25.21,16.81,1.0
688528,秦川物联,电器仪表,四川,20200701,688528.SH,20200930,21.32,21.42,20.97,21.01,21.25,-0.24,-1.1294,4782.18,10124.758,1.2573,1.2573,0.73,79.8038,64.2639,4.7969,14.4104,12.6627,,,16800.0,3803.6436,3803.6436,352968.0,79914.552,25.5,17.0,1.0
688528,秦川物联,电器仪表,四川,20200701,688528.SH,20200929,21.18,21.59,21.05,21.25,21.04,0.21,0.9981,3989.54,8520.533,1.0489,1.0489,0.55,80.7154,64.998,4.8517,14.575,12.8074,,,16800.0,3803.6436,3803.6436,357000.0,80827.4265,25.25,16.83,1.0
688528,秦川物联,电器仪表,四川,20200701,688528.SH,20200928,21.32,21.59,20.93,21.04,21.53,-0.49,-2.2759,5064.46,10722.619,1.3315,1.3315,0.66,79.9178,64.3556,4.8038,14.4309,12.6808,,,16800.0,3803.6436,3803.6436,353472.0,80028.6613,25.84,17.22,1.0
688528,秦川物联,电器仪表,四川,20200701,688528.SH,20200925,21.72,21.72,21.2,21.53,21.61,-0.08,-0.3702,5276.28,11348.709,1.3872,1.3872,0.56,81.779,65.8544,4.9156,14.767,12.9761,,,16800.0,3803.6436,3803.6436,361704.0,81892.4467,25.93,17.29,1.0
688528,秦川物联,电器仪表,四川,20200701,688528.SH,20200924,22.3,22.37,21.54,21.61,22.53,-0.92,-4.0834,9934.72,21813.951,2.6119,2.6119,0.8,82.0828,66.0991,4.9339,14.8219,13.0244,,,16800.0,3803.6436,3803.6436,363048.0,82196.7382,27.04,18.02,1.0
688528,秦川物联,电器仪表,四川,20200701,688528.SH,20200923,22.72,23.17,22.35,22.53,22.03,0.5,2.2696,8619.07,19489.722,2.266,2.266,0.72,85.5774,68.9132,5.144,15.4529,13.5788,,,16800.0,3803.6436,3803.6436,378504.0,85696.0903,26.44,17.62,1.0
688528,秦川物联,电器仪表,四川,20200701,688528.SH,20200922,22.48,22.54,22.0,22.03,22.65,-0.62,-2.7373,7403.68,16484.079,1.9465,1.9465,0.63,83.6782,67.3838,5.0298,15.11,13.2775,,,16800.0,3803.6436,3803.6436,370104.0,83794.2685,27.18,18.12,1.0
688528,秦川物联,电器仪表,四川,20200701,688528.SH,20200921,22.77,23.01,22.5,22.65,22.68,-0.03,-0.1323,7284.17,16509.6,1.9151,1.9151,0.59,86.0332,69.2802,5.1714,15.5352,13.6512,,,16800.0,3803.6436,3803.6436,380520.0,86152.5275,27.22,18.14,1.0
688528,秦川物联,电器仪表,四川,20200701,688528.SH,20200918,22.93,23.3,22.62,22.68,22.93,-0.25,-1.0903,13873.36,31727.012,3.6474,3.6474,1.2,86.1471,69.372,5.1782,15.5558,13.6693,,,16800.0,3803.6436,3803.6436,381024.0,86266.6368,27.52,18.34,1.0
688528,秦川物联,电器仪表,四川,20200701,688528.SH,20200917,21.5,23.29,21.5,22.93,21.6,1.33,6.1574,25083.76,56920.668,6.5947,6.5947,2.69,87.0967,70.1366,5.2353,15.7272,13.8199,,,16800.0,3803.6436,3803.6436,385224.0,87217.5477,25.92,17.28,1.0
688528,秦川物联,电器仪表,四川,20200701,688528.SH,20200916,21.72,21.98,21.51,21.6,21.71,-0.11,-0.5067,6018.98,13080.527,1.5824,1.5824,0.54,82.0449,66.0685,4.9316,14.815,13.0183,,,16800.0,3803.6436,3803.6436,362880.0,82158.7018,26.05,17.37,1.0
688528,秦川物联,电器仪表,四川,20200701,688528.SH,20200915,21.6,21.85,21.24,21.71,21.52,0.19,0.8829,6616.17,14268.83,1.7394,1.7394,0.56,82.4627,66.405,4.9567,14.8905,13.0846,,,16800.0,3803.6436,3803.6436,364728.0,82577.1026,25.82,17.22,1.0
688528,秦川物联,电器仪表,四川,20200701,688528.SH,20200914,21.37,22.12,21.37,21.52,21.26,0.26,1.223,9670.03,20950.273,2.5423,2.5423,0.76,81.741,65.8238,4.9134,14.7602,12.9701,,,16800.0,3803.6436,3803.6436,361536.0,81854.4103,25.51,17.01,1.0
688528,秦川物联,电器仪表,四川,20200701,688528.SH,20200911,20.7,21.5,20.48,21.26,20.69,0.57,2.755,10637.12,22395.978,2.7966,2.7966,0.83,80.7534,65.0286,4.854,14.5818,12.8134,,,16800.0,3803.6436,3803.6436,357168.0,80865.4629,24.83,16.55,1.0
688528,秦川物联,电器仪表,四川,20200701,688528.SH,20200910,22.08,22.22,20.34,20.69,21.91,-1.22,-5.5682,13765.25,29434.973,3.619,3.619,1.19,78.5883,63.2851,4.7239,14.1909,12.4699,,,16800.0,3803.6436,3803.6436,347592.0,78697.3861,26.29,17.53,1.0
688528,秦川物联,电器仪表,四川,20200701,688528.SH,20200909,23.07,23.07,21.91,21.91,23.15,-1.24,-5.3564,15452.71,34710.684,4.0626,4.0626,1.48,83.2224,67.0167,5.0024,15.0277,13.2052,,,16800.0,3803.6436,3803.6436,368088.0,83337.8313,27.78,18.52,1.0
688528,秦川物联,电器仪表,四川,20200701,688528.SH,20200908,23.68,23.68,23.07,23.15,23.55,-0.4,-1.6985,9930.62,23048.141,2.6108,2.6108,1.01,87.9323,70.8096,5.2855,15.8781,13.9525,,,16800.0,3803.6436,3803.6436,388920.0,88054.3493,28.26,18.84,1.0
688528,秦川物联,电器仪表,四川,20200701,688528.SH,20200907,23.95,24.05,23.44,23.55,23.99,-0.44,-1.8341,14058.33,33384.946,3.696,3.696,1.61,89.4517,72.0331,5.3768,16.1525,14.1936,,,16800.0,3803.6436,3803.6436,395640.0,89575.8068,28.79,19.19,1.0
688528,秦川物联,电器仪表,四川,20200701,688528.SH,20200904,24.01,24.07,23.81,23.99,24.28,-0.29,-1.1944,10609.96,25358.563,2.7894,2.7894,1.28,91.123,73.3789,5.4773,16.4543,14.4588,,,16800.0,3803.6436,3803.6436,403032.0,91249.41,29.14,19.42,1.0
688528,秦川物联,电器仪表,四川,20200701,688528.SH,20200903,24.31,24.48,24.22,24.28,24.41,-0.13,-0.5326,7604.46,18492.456,1.9993,1.9993,0.81,92.2245,74.2659,5.5435,16.6532,14.6336,,,16800.0,3803.6436,3803.6436,407904.0,92352.4666,29.29,19.53,1.0
688528,秦川物联,电器仪表,四川,20200701,688528.SH,20200902,24.98,24.98,24.39,24.41,24.85,-0.44,-1.7706,10074.17,24747.219,2.6486,2.6486,1.03,92.7183,74.6636,5.5732,16.7424,14.7119,,,16800.0,3803.6436,3803.6436,410088.0,92846.9403,29.82,19.88,1.0
688528,秦川物联,电器仪表,四川,20200701,688528.SH,20200901,24.68,24.85,24.63,24.85,24.69,0.16,0.648,6656.79,16494.171,1.7501,1.7501,0.63,94.3896,76.0094,5.6736,17.0441,14.9771,,,16800.0,3803.6436,3803.6436,417480.0,94520.5435,29.63,19.75,1.0
688528,秦川物联,电器仪表,四川,20200701,688528.SH,20200831,24.7,24.86,24.56,24.69,24.54,0.15,0.6112,8828.61,21845.052,2.3211,2.3211,0.8,93.7818,75.52,5.6371,16.9344,14.8807,,,16800.0,3803.6436,3803.6436,414792.0,93911.9605,29.45,19.63,1.0
688528,秦川物联,电器仪表,四川,20200701,688528.SH,20200828,24.69,24.79,24.38,24.54,24.7,-0.16,-0.6478,8345.04,20473.209,2.194,2.194,0.77,93.2121,75.0612,5.6029,16.8315,14.7903,,,16800.0,3803.6436,3803.6436,412272.0,93341.4139,29.64,19.76,1.0
688528,秦川物联,电器仪表,四川,20200701,688528.SH,20200827,24.68,24.91,24.07,24.7,24.7,0.0,0.0,13148.41,32204.452,3.4568,3.4568,1.31,93.8198,75.5506,5.6394,16.9413,14.8867,,,16800.0,3803.6436,3803.6436,414960.0,93949.9969,29.64,19.76,1.0
688528,秦川物联,电器仪表,四川,20200701,688528.SH,20200826,24.99,25.34,24.62,24.7,24.96,-0.26,-1.0417,12115.71,30278.699,3.1853,3.1853,1.16,93.8198,75.5506,5.6394,16.9413,14.8867,,,16800.0,3803.6436,3803.6436,414960.0,93949.9969,29.95,19.97,1.0
688528,秦川物联,电器仪表,四川,20200701,688528.SH,20200825,24.98,25.22,24.92,24.96,24.96,0.0,0.0,10262.37,25723.168,2.698,2.698,0.93,94.8074,76.3459,5.6988,17.1196,15.0434,,,16800.0,3803.6436,3803.6436,419328.0,94938.9443,29.95,19.97,1.0
688528,秦川物联,电器仪表,四川,20200701,688528.SH,20200824,24.78,25.09,24.49,24.96,24.79,0.17,0.6858,11038.65,27315.186,2.9021,2.9021,0.87,94.8074,76.3459,5.6988,17.1196,15.0434,,,16800.0,3803.6436,3803.6436,419328.0,94938.9443,29.75,19.83,1.0
688528,秦川物联,电器仪表,四川,20200701,688528.SH,20200821,24.96,25.14,24.71,24.79,24.77,0.02,0.0807,7470.66,18614.27,1.9641,1.9641,0.52,94.1617,75.8259,5.6599,17.003,14.941,,,16800.0,3803.6436,3803.6436,416472.0,94292.3248,29.72,19.82,1.0
688528,秦川物联,电器仪表,四川,20200701,688528.SH,20200820,24.96,25.17,24.64,24.77,24.8,-0.03,-0.121,9260.39,22992.341,2.4346,2.4346,0.54,94.0857,75.7647,5.6554,16.9893,14.9289,,,16800.0,3803.6436,3803.6436,416136.0,94216.252,29.76,19.84,1.0
688528,秦川物联,电器仪表,四川,20200701,688528.SH,20200819,25.4,25.42,24.71,24.8,25.44,-0.64,-2.5157,14199.27,35648.363,3.7331,3.7331,0.65,94.1997,75.8565,5.6622,17.0098,14.947,,,16800.0,3803.6436,3803.6436,416640.0,94330.3613,30.53,20.35,1.0
688528,秦川物联,电器仪表,四川,20200701,688528.SH,20200818,25.55,25.58,25.29,25.44,25.53,-0.09,-0.3525,13052.45,33159.635,3.4316,3.4316,0.61,96.6306,77.8141,5.8084,17.4488,15.3327,,,16800.0,3803.6436,3803.6436,427392.0,96764.6932,30.64,20.42,1.0
688528,秦川物联,电器仪表,四川,20200701,688528.SH,20200817,25.94,25.94,25.47,25.53,25.7,-0.17,-0.6615,19207.15,49195.732,5.0497,5.0497,0.96,96.9725,78.0893,5.8289,17.5105,15.387,,,16800.0,3803.6436,3803.6436,428904.0,97107.0211,30.84,20.56,1.0
688528,秦川物联,电器仪表,四川,20200701,688528.SH,20200814,25.47,25.75,25.12,25.7,25.47,0.23,0.903,15733.32,40115.399,4.1364,4.1364,0.79,97.6182,78.6093,5.8677,17.6271,15.4894,,,16800.0,3803.6436,3803.6436,431760.0,97753.6405,30.56,20.38,1.0
688528,秦川物联,电器仪表,四川,20200701,688528.SH,20200813,25.95,25.98,25.38,25.47,26.07,-0.6,-2.3015,23060.06,59268.473,6.0626,6.0626,1.22,96.7446,77.9058,5.8152,17.4694,15.3508,,,16800.0,3803.6436,3803.6436,427896.0,96878.8025,31.28,20.86,1.0
688528,秦川物联,电器仪表,四川,20200701,688528.SH,20200812,24.77,26.08,24.48,26.07,24.43,1.64,6.7131,37743.24,95720.179,9.9229,9.9229,2.57,99.0236,79.7411,5.9522,17.8809,15.7124,,,16800.0,3803.6436,3803.6436,437976.0,99160.9887,29.32,19.54,1.0
688528,秦川物联,电器仪表,四川,20200701,688528.SH,20200811,25.1,25.17,24.38,24.43,25.07,-0.64,-2.5529,11329.49,28056.978,2.9786,2.9786,0.68,92.7943,91.9154,5.7466,16.7561,16.5596,,,16800.0,3803.6436,3803.6436,410424.0,92923.0131,30.08,20.06,1.0
688528,秦川物联,电器仪表,四川,20200701,688528.SH,20200810,24.62,25.1,24.62,25.07,24.62,0.45,1.8278,12396.61,30956.246,3.2591,3.2591,0.67,95.2252,94.3233,5.8971,17.195,16.9935,,,16800.0,3803.6436,3803.6436,421176.0,95357.3451,29.54,19.7,1.0
688528,秦川物联,电器仪表,四川,20200701,688528.SH,20200807,25.1,25.27,24.37,24.62,25.19,-0.57,-2.2628,14437.47,35729.529,3.7957,3.7957,0.78,93.516,92.6302,5.7913,16.8864,16.6884,,,16800.0,3803.6436,3803.6436,413616.0,93645.7054,30.23,20.15,1.0
688528,秦川物联,电器仪表,四川,20200701,688528.SH,20200806,25.42,25.7,24.98,25.19,25.54,-0.35,-1.3704,18626.69,47068.879,4.8971,4.8971,1.05,95.681,94.7748,5.9254,17.2773,17.0748,,,16800.0,3803.6436,3803.6436,423192.0,95813.7823,30.65,20.43,1.0
688528,秦川物联,电器仪表,四川,20200701,688528.SH,20200805,25.86,26.02,25.0,25.54,25.85,-0.31,-1.1992,16503.35,42000.158,4.3388,4.3388,0.95,97.0105,96.0917,6.0077,17.5174,17.312,,,16800.0,3803.6436,3803.6436,429072.0,97145.0575,31.02,20.68,1.0
688528,秦川物联,电器仪表,四川,20200701,688528.SH,20200804,25.7,26.29,25.68,25.85,25.79,0.06,0.2326,21335.81,55282.285,5.6093,5.6093,1.42,98.1879,97.258,6.0806,17.73,17.5222,,,16800.0,3803.6436,3803.6436,434280.0,98324.1871,30.95,20.63,1.0
688528,秦川物联,电器仪表,四川,20200701,688528.SH,20200803,25.18,25.92,25.07,25.79,24.98,0.81,3.2426,21835.66,55924.425,5.7407,5.7407,1.59,97.96,97.0323,6.0665,17.6889,17.4815,,,16800.0,3803.6436,3803.6436,433272.0,98095.9684,29.98,19.98,1.0
688528,秦川物联,电器仪表,四川,20200701,688528.SH,20200731,24.85,25.16,24.5,24.98,24.96,0.02,0.0801,13834.8,34563.34,3.6372,3.6372,0.86,94.8834,93.9847,5.876,17.1333,16.9325,,,16800.0,3803.6436,3803.6436,419664.0,95015.0171,29.95,19.97,1.0
688528,秦川物联,电器仪表,四川,20200701,688528.SH,20200730,25.24,25.24,24.91,24.96,25.2,-0.24,-0.9524,15586.27,38967.133,4.0977,4.0977,0.86,94.8074,93.9095,5.8713,17.1196,16.9189,,,16800.0,3803.6436,3803.6436,419328.0,94938.9443,30.24,20.16,1.0
688528,秦川物联,电器仪表,四川,20200701,688528.SH,20200729,24.42,25.26,24.42,25.2,24.5,0.7,2.8571,14253.55,35567.344,3.7473,3.7473,0.74,95.719,94.8124,5.9277,17.2842,17.0816,,,16800.0,3803.6436,3803.6436,423360.0,95851.8187,29.4,19.6,1.0
688528,秦川物联,电器仪表,四川,20200701,688528.SH,20200728,24.5,24.78,24.4,24.5,24.36,0.14,0.5747,9362.13,22974.733,2.4614,2.4614,0.45,93.0601,92.1788,5.7631,16.8041,16.6071,,,16800.0,3803.6436,3803.6436,411600.0,93189.2682,29.23,19.49,1.0
688528,秦川物联,电器仪表,四川,20200701,688528.SH,20200727,25.15,25.27,24.15,24.36,24.94,-0.58,-2.3256,15489.61,37997.578,4.0723,4.0723,0.69,92.5284,91.652,5.7301,16.7081,16.5122,,,16800.0,3803.6436,3803.6436,409248.0,92656.7581,29.93,19.95,1.0
688528,秦川物联,电器仪表,四川,20200701,688528.SH,20200724,26.24,26.41,24.85,24.94,26.28,-1.34,-5.0989,26175.28,66954.841,6.8816,6.8816,1.18,94.7314,93.8342,5.8666,17.1059,16.9053,,,16800.0,3803.6436,3803.6436,418992.0,94862.8714,31.54,21.02,1.0
688528,秦川物联,电器仪表,四川,20200701,688528.SH,20200723,26.55,26.61,25.64,26.28,26.55,-0.27,-1.0169,25181.09,65691.283,6.6203,6.6203,0.91,99.8213,98.8758,6.1818,18.025,17.8136,,,16800.0,3803.6436,3803.6436,441504.0,99959.7538,31.86,21.24,1.0
688528,秦川物联,电器仪表,四川,20200701,688528.SH,20200722,26.72,26.8,26.45,26.55,26.8,-0.25,-0.9328,19512.34,51943.195,5.1299,5.1299,0.54,100.8468,99.8917,6.2453,18.2101,17.9967,,,16800.0,3803.6436,3803.6436,446040.0,100986.7376,32.16,21.44,1.0
688528,秦川物联,电器仪表,四川,20200701,688528.SH,20200721,26.82,27.15,26.57,26.8,26.66,0.14,0.5251,18445.39,49450.165,4.8494,4.8494,0.4,101.7964,100.8323,6.3041,18.3816,18.1661,,,16800.0,3803.6436,3803.6436,450240.0,101937.6485,31.99,21.33,1.0
688528,秦川物联,电器仪表,四川,20200701,688528.SH,20200720,26.63,26.83,25.99,26.66,26.3,0.36,1.3688,22629.1,59909.667,5.9493,5.9493,0.38,101.2646,100.3055,6.2712,18.2856,18.0712,,,16800.0,3803.6436,3803.6436,447888.0,101405.1384,31.56,21.04,1.0
688528,秦川物联,电器仪表,四川,20200701,688528.SH,20200717,26.55,26.94,25.8,26.3,26.5,-0.2,-0.7547,25405.27,67016.301,6.6792,6.6792,0.36,99.8972,98.9511,6.1865,18.0387,17.8272,,,16800.0,3803.6436,3803.6436,441840.0,100035.8267,31.8,21.2,1.0
688528,秦川物联,电器仪表,四川,20200701,688528.SH,20200716,28.55,28.79,26.4,26.5,28.7,-2.2,-7.6655,52555.62,144462.52,13.8172,13.8172,0.64,100.6569,99.7036,6.2335,18.1758,17.9628,,,16800.0,3803.6436,3803.6436,445200.0,100796.5554,34.44,22.96,1.0
688528,秦川物联,电器仪表,四川,20200701,688528.SH,20200715,30.45,30.59,28.55,28.7,30.3,-1.6,-5.2805,60918.62,179797.717,16.0159,16.0159,0.7,109.0133,107.9808,6.751,19.6848,19.454,,,16800.0,3803.6436,3803.6436,482160.0,109164.5713,36.36,24.24,1.0
688528,秦川物联,电器仪表,四川,20200701,688528.SH,20200714,30.64,30.89,29.8,30.3,30.78,-0.48,-1.5595,68598.51,208066.355,18.0349,18.0349,0.68,115.0907,114.0007,7.1274,20.7822,20.5386,,,16800.0,3803.6436,3803.6436,509040.0,115250.4011,36.94,24.62,1.0
688528,秦川物联,电器仪表,四川,20200701,688528.SH,20200713,30.11,30.94,29.78,30.78,30.21,0.57,1.8868,90268.79,275170.474,23.7322,23.7322,0.85,116.9139,115.8066,7.2403,21.1114,20.8639,,,16800.0,3803.6436,3803.6436,517104.0,117076.15,36.25,24.17,1.0
688528,秦川物联,电器仪表,四川,20200701,688528.SH,20200710,30.62,31.01,30.11,30.21,30.61,-0.4,-1.3068,78986.58,241074.009,20.766,20.766,0.67,114.7489,113.6621,7.1062,20.7205,20.4776,,,16800.0,3803.6436,3803.6436,507528.0,114908.0732,36.73,24.49,1.0
688528,秦川物联,电器仪表,四川,20200701,688528.SH,20200709,29.95,30.84,29.73,30.61,29.83,0.78,2.6148,111720.81,338860.756,29.372,29.372,0.84,116.2682,115.167,7.2003,20.9948,20.7487,,,16800.0,3803.6436,3803.6436,514248.0,116429.5306,35.8,23.86,1.0
688528,秦川物联,电器仪表,四川,20200701,688528.SH,20200708,30.0,30.0,29.46,29.83,30.24,-0.41,-1.3558,83548.11,248608.064,21.9653,21.9653,0.49,113.3055,112.2323,7.0168,20.4598,20.22,,,16800.0,3803.6436,3803.6436,501144.0,113462.6886,36.29,24.19,1.0
688528,秦川物联,电器仪表,四川,20200701,688528.SH,20200707,30.24,31.24,29.56,30.24,30.2,0.04,0.1325,142358.7,431853.646,37.4269,37.4269,,114.8628,113.7749,7.1133,20.741,20.4979,,,16800.0,3803.6436,3803.6436,508032.0,115022.1825,,,1.0
688528,秦川物联,电器仪表,四川,20200701,688528.SH,20200706,29.08,30.81,29.03,30.2,29.38,0.82,2.791,116179.12,348575.098,30.5442,30.5442,,114.7109,113.6244,7.1039,20.7136,20.4708,,,16800.0,3803.6436,3803.6436,507360.0,114870.0367,,,1.0
688528,秦川物联,电器仪表,四川,20200701,688528.SH,20200703,30.5,30.6,29.01,29.38,30.94,-1.56,-5.042,138446.83,411199.926,36.3985,36.3985,,111.5962,110.5393,6.911,20.1512,19.915,,,16800.0,3803.6436,3803.6436,493584.0,111751.049,,,1.0
688528,秦川物联,电器仪表,四川,20200701,688528.SH,20200702,31.67,32.32,30.7,30.94,32.45,-1.51,-4.6533,183197.87,571931.391,48.1638,48.1638,,117.5217,116.4086,7.2779,21.2212,20.9724,,,16800.0,3803.6436,3803.6436,519792.0,117684.733,,,1.0
688528,秦川物联,电器仪表,四川,20200701,688528.SH,20200701,31.16,34.0,31.0,32.45,11.33,21.12,186.4078,274965.47,877906.95,72.29,72.29,,123.2572,122.0898,7.6331,22.2568,21.9959,,,16800.0,3803.6436,3803.6436,545160.0,123428.2348,,,1.0
